#ndata= 165
#dataset= 1 ; 1 F2120-24_238
#desig= 213741-2123.9
#cra=   21.627944  21:37:40.6
#cdec= -21.398232 -21:23:53.6
#class= 0
#cmag_0=  9.948
#cmer_0=  0.055
#nskip_0= 0
#cmag_1=  9.942
#cmer_1=  0.051
#nskip_1= 1
#cmag_2=  9.944
#cmer_2=  0.045
#nskip_2= 8
#cmag_3=  9.949
#cmer_3=  0.049
#nskip_3= 1
#cmag_4=  9.950
#cmer_4=  0.045
#nskip_4= 5
#ra=   21.627944  21:37:40.6
#dec= -21.398232 -21:23:53.6
#     HJD      MAG_3  MAG_0  MAG_1  MAG_2  MAG_4    MER_3 MER_0 MER_1 MER_2 MER_4 GRADE FRAME
   1872.53687  9.976 10.006  9.968  9.971  9.980    0.028 0.064 0.030 0.026 0.031  A 641
   1876.51739  9.982 10.002  9.979  9.981  9.978    0.026 0.061 0.027 0.024 0.029  A 1275
   1997.90003 10.016  9.989  9.968  9.996 10.039    0.051 0.058 0.047 0.042 0.051  B 14161
   2032.84087  9.893  9.841  9.885  9.885  9.890    0.027 0.044 0.024 0.023 0.031  A 18325
   2053.84616  9.876  9.831  9.860  9.869  9.879    0.025 0.051 0.023 0.022 0.029  A 20113
   2054.87064  9.890  9.863  9.870  9.880  9.893    0.032 0.053 0.030 0.029 0.035  A 20349
   2056.82989  9.901  9.922  9.899  9.903  9.905    0.025 0.057 0.026 0.023 0.027  A 20781
   2058.84523  9.899  9.868  9.899  9.903  9.907    0.027 0.058 0.028 0.025 0.030  A 21238
   2064.82836  9.944  9.899  9.933  9.936  9.939    0.066 0.072 0.048 0.051 0.077  D 21628
   2087.76438  9.886  9.848  9.872  9.881  9.889    0.032 0.056 0.029 0.028 0.037  A 24317
   2088.75624  9.878  9.957  9.885  9.877  9.882    0.028 0.060 0.026 0.024 0.031  A 24541
   2104.72289  9.963  9.950  9.964  9.969  9.964    0.026 0.046 0.028 0.024 0.028  A 26045
   2105.71787  9.946  9.926  9.937  9.947  9.955    0.025 0.051 0.026 0.022 0.027  A 26264
   2106.72006  9.948  9.941  9.936  9.946  9.954    0.026 0.047 0.026 0.023 0.029  A 26469
   2114.73500  9.862  9.842  9.835  9.853  9.869    0.025 0.041 0.027 0.023 0.028  A 26702
   2116.68855  9.856  9.803  9.872  9.862  9.852    0.025 0.039 0.026 0.023 0.028  A 27107
   2117.68677  9.875  9.845  9.865  9.872  9.881    0.025 0.042 0.025 0.022 0.028  A 27326
   2128.66154  9.996  9.984  9.988  9.994  9.998    0.028 0.046 0.028 0.025 0.032  A 27948
   2129.66275  9.970  9.953  9.967  9.972  9.968    0.026 0.054 0.031 0.027 0.027  A 28163
   2130.66433  9.959  9.978  9.956  9.953  9.960    0.026 0.051 0.026 0.024 0.030  A 28380
   2131.65480  9.953  9.938  9.942  9.954  9.960    0.029 0.057 0.030 0.026 0.031  A 28575
   2132.66092  9.959  9.931  9.938  9.953  9.958    0.024 0.042 0.024 0.021 0.028  A 28792
   2133.65268  9.936  9.891  9.925  9.931  9.939    0.023 0.034 0.024 0.021 0.026  A 29002
   2134.65925  9.888  9.870  9.883  9.886  9.887    0.026 0.045 0.030 0.024 0.029  A 29221
   2135.65183  9.895  9.883  9.881  9.892  9.905    0.028 0.046 0.028 0.025 0.032  A 29432
   2136.64910  9.895  9.877  9.849  9.888  9.901    0.023 0.037 0.024 0.021 0.026  A 29643
   2141.64078  9.892  9.868  9.886  9.896  9.894    0.026 0.046 0.027 0.024 0.030  A 30397
   2143.63415  9.901  9.889  9.896  9.902  9.904    0.027 0.045 0.027 0.024 0.030  A 30798
   2144.62790  9.878  9.886  9.875  9.875  9.878    0.027 0.048 0.026 0.024 0.030  A 30998
   2145.62457  9.899  9.870  9.890  9.893  9.895    0.026 0.041 0.025 0.023 0.030  A 31205
   2439.78856  9.960  9.969  9.929  9.943  9.963    0.018 0.023 0.028 0.018 0.019  A 7907
   2440.78542  9.960  9.902  9.944  9.958  9.960    0.036 0.037 0.042 0.034 0.036  A 8123
   2442.78031  9.932  9.971  9.930  9.932  9.942    0.025 0.027 0.029 0.022 0.025  A 8547
   2443.78231  9.938  9.932  9.909  9.929  9.946    0.017 0.022 0.025 0.016 0.018  A 8735
   2444.77717  9.946  9.900  9.950  9.947  9.952    0.020 0.024 0.025 0.018 0.021  A 8938
   2445.76599  9.922  9.950  9.905  9.924  9.920    0.022 0.027 0.026 0.020 0.023  A 9150
   2446.77641  9.933  9.928  9.908  9.923  9.939    0.022 0.029 0.033 0.022 0.023  A 9316
   2464.75191  9.932  9.916  9.906  9.915  9.934    0.024 0.029 0.032 0.024 0.022  A 10888
   2465.72867  9.900  9.927  9.897  9.891  9.912    0.031 0.029 0.031 0.025 0.024  A 11098
   2466.72605 10.029  9.985 10.042 10.039 10.018    0.024 0.026 0.028 0.021 0.022  A 11315
   2467.72550  9.923  9.889  9.911  9.926  9.926    0.020 0.022 0.026 0.018 0.020  A 11534
   2468.74431  9.901  9.901  9.924  9.912  9.906    0.021 0.028 0.030 0.022 0.022  A 11758
   2470.68355  9.854  9.853  9.822  9.858  9.872    0.029 0.030 0.030 0.025 0.025  A 12014
   2473.71847  9.876  9.860  9.845  9.872  9.887    0.031 0.032 0.034 0.027 0.027  A 12718
   2482.74802  9.976  9.935  9.957  9.966  9.970    0.035 0.035 0.037 0.032 0.031  A 13202
   2486.68109  9.965  9.961  9.945  9.963  9.957    0.033 0.042 0.036 0.030 0.033  A 13340
   2487.70249  9.958  9.984  9.971  9.965  9.965    0.040 0.050 0.046 0.040 0.041  B 13508
   2489.63986  9.971  9.943  9.954  9.945  9.962    0.039 0.039 0.040 0.035 0.040  A 13847
   2490.69552  9.966  9.925  9.939  9.948  9.955    0.035 0.036 0.036 0.029 0.031  A 14089
   2493.66397  9.929  9.895  9.915  9.926  9.913    0.045 0.048 0.043 0.038 0.041  A 14483
   2494.66386  9.931  9.924  9.920  9.930  9.940    0.029 0.032 0.030 0.025 0.025  A 14673
   2497.66225  9.948  9.918  9.953  9.941  9.948    0.025 0.026 0.028 0.022 0.022  A 15234
   2498.65000  9.926  9.894  9.913  9.919  9.940    0.027 0.028 0.030 0.023 0.025  A 15440
   2499.65138  9.944  9.942  9.920  9.930  9.952    0.022 0.027 0.030 0.022 0.021  A 15651
   2501.64711  9.962  9.914  9.924  9.950  9.970    0.028 0.028 0.032 0.025 0.025  A 16012
   2502.65406  9.931  9.916  9.907  9.931  9.944    0.030 0.032 0.032 0.026 0.026  A 16226
   2510.66724  9.998 10.003 10.010 10.008  9.990    0.031 0.036 0.034 0.028 0.035  A 16987
   2519.56795  9.905  9.862  9.886  9.890  9.912    0.047 0.060 0.055 0.046 0.045  B 17972
   2520.62806  9.944  9.954  9.942  9.944  9.946    0.025 0.022 0.032 0.022 0.024  A 18196
   2521.63770  9.940  9.970  9.937  9.937  9.950    0.019 0.024 0.024 0.018 0.019  A 18396
   2523.77992  9.976  9.964  9.980  9.973  9.974    0.029 0.028 0.033 0.025 0.026  A 18541
   2526.57641  9.991  9.962  9.990  9.988  9.994    0.026 0.035 0.031 0.024 0.027  A 18815
   2543.53534  9.913  9.925  9.892  9.908  9.910    0.033 0.034 0.033 0.029 0.032  A 19870
   2545.66519  9.948  9.936  9.946  9.936  9.953    0.022 0.034 0.026 0.022 0.023  A 20183
   2551.58382  9.954 10.015  9.995  9.967  9.976    0.041 0.053 0.040 0.034 0.040  A 20936
   2552.64377  9.976  9.969  9.985  9.977  9.974    0.035 0.049 0.044 0.033 0.031  A 21147
   2564.52189  9.936  9.937  9.934  9.944  9.937    0.035 0.038 0.039 0.031 0.033  A 23043
   2565.58027  9.920  9.957  9.903  9.928  9.922    0.028 0.030 0.032 0.025 0.029  A 23246
   2566.59716  9.944 10.001  9.939  9.941  9.946    0.024 0.031 0.028 0.024 0.027  A 23432
   2568.62713 10.009 10.040 10.055 10.017  9.990    0.050 0.048 0.049 0.045 0.045  B 23597
   2578.60220  9.921  9.960  9.906  9.925  9.935    0.028 0.035 0.035 0.026 0.023  A 24931
   2579.60159  9.933  9.932  9.969  9.939  9.942    0.031 0.040 0.040 0.031 0.027  A 25094
   2764.84401  9.898  9.894  9.928  9.900  9.893    0.022 0.031 0.031 0.021 0.025  A 54336
   2832.79098 10.041 10.037 10.037 10.047 10.042    0.037 0.033 0.032 0.030 0.043  A 63020
   2838.71685  9.956  9.935  9.948  9.947  9.950    0.027 0.023 0.030 0.023 0.027  A 63932
   2845.79645  9.893  9.883  9.866  9.887  9.899    0.018 0.021 0.024 0.017 0.019  A 65285
   2853.65903 10.023 10.024 10.027 10.031 10.022    0.022 0.023 0.028 0.020 0.023  A 65670
   2854.86059 10.059 10.066 10.054 10.058 10.059    0.021 0.021 0.024 0.019 0.022  A 65974
   2858.67836 10.100 10.089 10.113 10.096 10.096    0.023 0.022 0.028 0.020 0.023  A 66338
   2859.79624 10.050 10.043 10.036 10.048 10.051    0.028 0.025 0.032 0.024 0.029  A 66606
   2865.76722 10.066  9.999 10.058 10.057 10.037    0.043 0.040 0.045 0.037 0.043  A 67466
   2867.65280 10.012 10.028  9.998 10.017 10.021    0.024 0.024 0.026 0.021 0.024  A 67767
   2872.75237 10.002 10.017 10.028 10.005 10.008    0.020 0.023 0.026 0.018 0.021  A 68207
   2875.75832 10.029  9.984 10.035 10.025 10.031    0.021 0.041 0.033 0.022 0.022  A 68601
   2877.71726 10.030 10.064 10.026 10.029 10.032    0.021 0.029 0.022 0.020 0.024  A 68980
   2883.59912  9.965  9.983  9.957  9.962  9.968    0.022 0.024 0.025 0.020 0.023  A 69609
   2884.76095  9.968  9.948  9.975  9.964  9.957    0.030 0.036 0.042 0.030 0.028  A 69869
   2892.73528  9.967  9.953  9.937  9.959  9.960    0.034 0.042 0.038 0.031 0.039  A 70716
   2894.63892  9.948  9.977  9.928  9.935  9.959    0.029 0.038 0.031 0.027 0.031  A 71077
   2895.75244  9.966  9.928  9.967  9.971  9.959    0.026 0.028 0.025 0.024 0.029  A 71318
   2897.75613  9.958  9.964  9.956  9.958  9.954    0.024 0.022 0.023 0.022 0.027  A 71719
   2899.71896  9.941  9.953  9.935  9.941  9.944    0.022 0.025 0.029 0.021 0.023  A 72066
   2902.69278  9.953  9.972  9.942  9.947  9.961    0.023 0.027 0.023 0.021 0.026  A 72535
   2905.57848  9.923  9.945  9.891  9.919  9.933    0.019 0.026 0.023 0.018 0.020  A 72954
   2907.74959  9.915  9.924  9.918  9.917  9.920    0.023 0.025 0.022 0.021 0.024  A 73280
   2909.69076  9.934  9.945  9.931  9.934  9.939    0.023 0.029 0.025 0.021 0.025  A 73616
   2911.65376  9.938  9.944  9.947  9.940  9.939    0.019 0.022 0.020 0.018 0.021  A 73921
   2913.63915  9.943  9.964  9.946  9.944  9.943    0.030 0.026 0.026 0.026 0.035  A 74267
   2922.64516  9.956  9.969  9.968  9.961  9.955    0.030 0.035 0.033 0.027 0.034  A 75272
   2924.65133  9.964  9.953  9.967  9.964  9.975    0.036 0.035 0.039 0.033 0.040  A 75651
   2929.65040  9.973  9.995  9.973  9.974  9.981    0.023 0.029 0.027 0.022 0.024  A 76364
   2931.65539  9.940  9.987  9.935  9.940  9.943    0.028 0.029 0.026 0.025 0.033  A 76727
   2933.64603  9.925  9.938  9.921  9.926  9.934    0.025 0.033 0.039 0.024 0.026  A 77078
   2935.64082  9.926  9.911  9.931  9.926  9.923    0.024 0.025 0.028 0.023 0.028  A 77435
   2937.64647  9.973  9.957  9.948  9.961  9.971    0.035 0.039 0.038 0.029 0.039  A 77708
   2940.64847  9.895  9.917  9.899  9.895  9.904    0.027 0.027 0.026 0.025 0.029  A 78007
   2946.52733  9.916  9.922  9.946  9.919  9.913    0.028 0.034 0.034 0.025 0.030  A 78793
   2948.59682  9.928  9.909  9.896  9.920  9.935    0.055 0.052 0.050 0.047 0.062  B 79123
   2950.63086  9.950  9.975  9.956  9.948  9.949    0.035 0.031 0.030 0.031 0.040  A 79442
   2953.54722 10.017 10.010 10.010 10.007 10.033    0.035 0.027 0.030 0.030 0.040  A 79797
   2955.56137 10.023 10.033 10.026 10.028 10.023    0.024 0.033 0.024 0.021 0.026  A 80058
   2957.56777 10.029 10.070 10.023 10.023 10.034    0.028 0.029 0.025 0.024 0.033  A 80349
   2959.56648  9.982  9.997 10.006  9.996  9.981    0.029 0.031 0.026 0.025 0.032  A 80640
   2961.56267  9.998 10.027  9.977  9.998 10.004    0.028 0.030 0.027 0.025 0.031  A 80893
   2963.57870  9.955  9.971  9.952  9.961  9.954    0.027 0.029 0.026 0.024 0.031  A 81178
   2965.58223  9.927  9.939  9.930  9.922  9.936    0.026 0.026 0.025 0.023 0.029  A 81470
   2974.53673  9.935  9.919  9.950  9.938  9.933    0.026 0.024 0.025 0.023 0.031  A 82544
   2976.56722  9.948  9.967  9.940  9.955  9.954    0.029 0.027 0.026 0.026 0.032  A 82825
   2980.54849  9.935  9.957  9.906  9.938  9.944    0.032 0.030 0.028 0.027 0.037  A 83345
   2983.53172  9.921  9.895  9.921  9.918  9.925    0.030 0.027 0.028 0.027 0.034  A 83738
   2986.52770  9.910  9.931  9.917  9.919  9.909    0.027 0.027 0.025 0.023 0.032  A 84131
   2993.52544  9.974 10.013  9.957  9.980  9.981    0.037 0.030 0.033 0.032 0.043  A 85013
   3100.89465  9.905  9.934  9.892  9.893  9.908    0.096 0.084 0.085 0.088 0.103  D 97360
   3104.89810  9.908  9.958  9.904  9.901  9.891    0.063 0.058 0.056 0.057 0.070  D 98001
   3115.88266  9.936  9.915  9.930  9.933  9.938    0.058 0.058 0.058 0.056 0.060  D 99744
   3144.88407  9.978  9.982  9.975  9.979  9.976    0.031 0.027 0.028 0.027 0.036  A 103355
   3157.89673  9.988  9.984 10.010  9.979  9.990    0.033 0.029 0.031 0.027 0.040  A 104314
   3160.84250  9.954  9.969  9.970  9.961  9.945    0.054 0.046 0.046 0.046 0.062  B 104761
   3166.77800  9.965  9.957  9.942  9.957  9.978    0.025 0.030 0.023 0.022 0.029  A 105454
   3172.81962 10.014 10.024  9.987 10.018 10.010    0.058 0.050 0.049 0.051 0.067  B 106335
   3176.80863 10.133 10.085 10.055 10.097 10.157    0.138 0.077 0.088 0.108 0.164  D 106824
   3179.78687  9.981  9.993  9.990  9.991  9.977    0.027 0.026 0.023 0.023 0.031  A 107252
   3182.82472 10.000  9.984  9.994  9.999 10.006    0.051 0.051 0.038 0.043 0.060  B 107569
   3185.77305  9.932  9.956  9.927  9.934  9.926    0.031 0.031 0.027 0.026 0.035  A 107978
   3187.81457  9.926  9.958  9.936  9.938  9.920    0.029 0.028 0.026 0.024 0.033  A 108335
   3193.92072  9.923  9.874  9.932  9.925  9.944    0.039 0.040 0.034 0.032 0.046  A 108985
   3274.57627  9.986  9.968 10.000  9.994  9.982    0.029 0.040 0.030 0.026 0.035  A 116311
   3279.55244  9.951  9.927  9.936  9.946  9.956    0.027 0.043 0.029 0.024 0.029  A 116943
   3510.83443  9.932  9.944  9.921  9.933  9.906    0.072 0.055 0.057 0.061 0.082  D 143549
   3562.91331  9.927  9.893  9.913  9.926  9.934    0.034 0.055 0.034 0.031 0.035  A 149990
   3569.78546  9.810  9.794  9.796  9.807  9.817    0.029 0.044 0.033 0.027 0.032  A 150621
   3582.88655  9.953  9.952  9.935  9.949  9.951    0.038 0.039 0.032 0.032 0.043  A 152733
   3592.65672  9.958 10.012  9.972  9.963  9.962    0.034 0.084 0.041 0.034 0.036  B 154369
   3619.73356  9.998  9.956  9.979  9.989  9.995    0.031 0.042 0.029 0.027 0.036  A 157459
   3622.57794 10.002  9.991  9.971  9.995 10.008    0.030 0.049 0.032 0.028 0.034  A 157885
   3625.65406 10.013 10.017 10.028 10.013 10.019    0.034 0.037 0.033 0.030 0.039  A 158173
   3630.60854  9.980 10.012  9.953  9.969 99.999    0.040 0.049 0.035 0.033 0.044  C 158778
   3632.61691  9.962  9.984  9.965  9.967  9.964    0.037 0.035 0.030 0.030 0.042  A 159090
   3634.65044  9.952  9.962  9.917  9.947  9.952    0.037 0.039 0.032 0.032 0.042  A 159377
   3642.65088  9.940  9.932  9.919  9.931  9.945    0.025 0.029 0.032 0.024 0.028  A 160320
   3644.68027  9.971  9.998  9.981  9.974  9.968    0.042 0.065 0.040 0.038 0.049  A 160622
   3652.61298  9.974  9.987  9.980  9.975  9.982    0.032 0.049 0.032 0.029 0.036  A 161595
   3657.54024  9.996  9.964  9.992  9.995 10.000    0.037 0.052 0.032 0.031 0.041  A 162286
   3659.60354  9.986  9.996  9.961  9.973  9.985    0.038 0.054 0.035 0.032 0.044  A 162620
   3665.68183  9.929  9.949  9.919  9.927  9.930    0.033 0.063 0.034 0.029 0.037  A 163519
   3674.59417 10.003 10.028  9.993  9.998 10.008    0.027 0.044 0.027 0.025 0.030  A 164677
   3676.61691  9.986  9.968  9.961  9.979  9.988    0.026 0.040 0.026 0.023 0.029  A 164969
   3701.55418  9.843  9.851  9.826  9.838  9.840    0.042 0.039 0.034 0.036 0.049  A 168148
   3704.54728  9.865  9.827  9.854  9.867  9.875    0.033 0.036 0.032 0.032 0.036  A 168539
   3707.53210  9.933  9.906  9.922  9.926  9.937    0.028 0.037 0.026 0.024 0.031  A 168946
   3712.54341 10.024  9.984 10.015 10.032 10.032    0.038 0.075 0.042 0.034 0.042  B 169373
   3717.52695 10.083 10.081 10.073 10.075 10.095    0.043 0.043 0.032 0.035 0.051  A 170048
   3721.52421  9.993  9.936  9.957  9.987 10.003    0.049 0.080 0.047 0.043 0.056  B 170539
   3857.90676  9.822  9.871  9.832  9.824  9.834    0.046 0.045 0.040 0.040 0.052  B 188437
   3898.77796  9.963  9.978  9.950  9.962  9.976    0.037 0.034 0.029 0.031 0.042  A 194398
#ndata= 319
#dataset= 2 ; 1 F2152-24_239
#desig= 213741-2123.9
#cra=   21.627944  21:37:40.6
#cdec= -21.398232 -21:23:53.6
#class= 0
#cmag_0=  9.937
#cmer_0=  0.053
#nskip_0= 0
#cmag_1=  9.937
#cmer_1=  0.050
#nskip_1= 1
#cmag_2=  9.936
#cmer_2=  0.048
#nskip_2= 2
#cmag_3=  9.938
#cmer_3=  0.048
#nskip_3= 2
#cmag_4=  9.940
#cmer_4=  0.047
#nskip_4= 0
#ra=   21.627944  21:37:40.6
#dec= -21.398232 -21:23:53.6
#     HJD      MAG_3  MAG_0  MAG_1  MAG_2  MAG_4    MER_3 MER_0 MER_1 MER_2 MER_4 GRADE FRAME
   1872.51355  9.967  9.934  9.969  9.964  9.969    0.030 0.077 0.035 0.029 0.033  B 631
   1875.52241  9.964  9.986  9.969  9.966  9.971    0.031 0.072 0.033 0.028 0.032  B 1116
   1995.91365 10.019 10.040 10.041 10.030 10.006    0.067 0.073 0.061 0.055 0.067  D 13766
   1997.91323 10.010  9.993 10.011 10.015 10.013    0.061 0.067 0.059 0.051 0.061  D 14167
   2009.89720  9.967  9.969  9.946  9.965  9.982    0.053 0.069 0.056 0.046 0.053  B 15485
   2011.90580  9.994  9.968  9.962  9.964 10.005    0.054 0.074 0.056 0.046 0.054  B 15692
   2025.87639  9.963  9.977  9.957  9.958  9.966    0.025 0.035 0.023 0.021 0.028  A 17297
   2030.90144  9.908  9.918  9.903  9.903  9.907    0.027 0.045 0.029 0.026 0.030  A 17918
   2032.86348  9.908  9.907  9.908  9.904  9.905    0.027 0.039 0.025 0.024 0.030  A 18335
   2039.86454  9.979 10.009  9.993  9.987  9.976    0.030 0.067 0.035 0.030 0.034  B 19334
   2052.85627  9.844  9.860  9.855  9.846  9.849    0.025 0.049 0.026 0.023 0.028  A 19912
   2053.86840  9.853  9.797  9.848  9.853  9.849    0.029 0.062 0.031 0.026 0.032  B 20123
   2054.92567  9.892  9.912  9.884  9.892  9.890    0.027 0.051 0.028 0.026 0.030  A 20373
   2055.86391  9.901  9.933  9.888  9.891  9.904    0.027 0.057 0.027 0.024 0.031  B 20567
   2056.90877  9.921  9.937  9.913  9.917  9.924    0.025 0.050 0.026 0.023 0.028  A 20814
   2061.84243  9.960 10.014  9.966  9.961  9.963    0.028 0.067 0.030 0.025 0.031  B 21455
   2064.89368  9.947  9.884  9.939  9.948  9.947    0.029 0.061 0.029 0.026 0.033  B 21657
   2067.75824  9.924  9.941  9.929  9.924  9.925    0.031 0.065 0.032 0.029 0.035  B 21901
   2068.75947  9.923  9.919  9.926  9.922  9.921    0.035 0.070 0.034 0.030 0.038  B 22127
   2080.75096  9.899  9.846  9.889  9.897  9.907    0.028 0.065 0.031 0.026 0.031  B 22947
   2081.85144  9.897  9.882  9.884  9.890  9.900    0.036 0.044 0.033 0.032 0.038  A 23215
   2083.74688  9.909  9.903  9.902  9.905  9.908    0.041 0.058 0.031 0.033 0.046  B 23639
   2085.84912  9.896  9.869  9.895  9.893  9.900    0.024 0.039 0.028 0.022 0.026  A 23909
   2086.83022  9.896  9.897  9.892  9.894  9.902    0.024 0.045 0.026 0.022 0.027  A 24123
   2087.80108  9.860  9.868  9.862  9.858  9.865    0.030 0.056 0.030 0.028 0.033  A 24333
   2088.77600  9.889  9.944  9.885  9.886  9.892    0.025 0.060 0.027 0.023 0.027  B 24550
   2093.70958  9.840  9.824  9.855  9.846  9.844    0.034 0.066 0.033 0.030 0.038  B 24742
   2094.71947  9.877  9.914  9.878  9.876  9.879    0.031 0.070 0.033 0.029 0.033  B 25035
   2095.70901  9.847  9.917  9.884  9.855  9.847    0.061 0.064 0.048 0.052 0.071  D 25255
   2096.69132  9.876  9.943  9.883  9.876  9.873    0.034 0.071 0.035 0.030 0.038  B 25473
   2103.78378  9.969  9.944  9.986  9.979  9.967    0.025 0.047 0.030 0.025 0.028  A 25872
   2104.74767  9.951  9.971  9.948  9.952  9.951    0.023 0.042 0.025 0.022 0.027  A 26056
   2105.73842  9.961  9.933  9.954  9.959  9.965    0.024 0.047 0.025 0.022 0.027  A 26272
   2106.74327  9.944  9.918  9.942  9.947  9.944    0.023 0.043 0.025 0.021 0.025  A 26477
   2114.74826  9.867  9.876  9.844  9.858  9.872    0.025 0.043 0.028 0.024 0.027  A 26708
   2115.72643  9.870  9.842  9.875  9.876  9.872    0.025 0.041 0.028 0.023 0.028  A 26902
   2116.71536  9.852  9.823  9.846  9.850  9.854    0.028 0.050 0.030 0.026 0.031  A 27119
   2117.70677  9.861  9.880  9.865  9.860  9.862    0.028 0.049 0.029 0.025 0.029  A 27335
   2128.73831  9.984  9.981  9.985  9.987  9.992    0.025 0.039 0.027 0.023 0.029  A 27982
   2129.68527  9.985  9.973  9.978  9.980  9.987    0.022 0.048 0.024 0.020 0.025  A 28173
   2130.68229  9.956  9.970  9.970  9.967  9.961    0.024 0.044 0.026 0.022 0.027  A 28388
   2131.67498  9.953  9.918  9.945  9.954  9.955    0.023 0.047 0.026 0.022 0.027  A 28584
   2132.68116  9.955  9.945  9.949  9.952  9.955    0.022 0.040 0.025 0.020 0.025  A 28801
   2133.67288  9.928  9.925  9.926  9.925  9.941    0.025 0.035 0.027 0.023 0.027  A 29011
   2134.67737  9.898  9.888  9.878  9.891  9.898    0.024 0.033 0.029 0.024 0.027  A 29227
   2135.66985  9.893  9.876  9.876  9.884  9.901    0.030 0.039 0.029 0.026 0.033  A 29440
   2136.67163  9.873  9.855  9.853  9.868  9.877    0.027 0.042 0.029 0.025 0.028  A 29653
   2140.65129  9.904  9.901  9.897  9.903  9.906    0.035 0.062 0.034 0.031 0.039  B 30188
   2141.65885  9.886  9.842  9.888  9.888  9.886    0.025 0.038 0.028 0.023 0.027  A 30405
   2143.65520  9.902  9.886  9.899  9.900  9.910    0.025 0.040 0.028 0.023 0.029  A 30806
   2144.64827  9.901  9.895  9.894  9.897  9.902    0.025 0.042 0.028 0.024 0.028  A 31007
   2145.64374  9.911  9.915  9.925  9.919  9.913    0.027 0.040 0.029 0.024 0.030  A 31212
   2443.81160  9.944  9.955  9.909  9.932  9.951    0.017 0.031 0.033 0.020 0.018  A 8748
   2445.78573  9.933  9.931  9.911  9.926  9.939    0.020 0.025 0.028 0.020 0.021  A 9159
   2446.79851  9.948  9.943  9.941  9.954  9.947    0.022 0.031 0.035 0.024 0.021  A 9326
   2460.69138  9.947  9.954  9.949  9.945  9.955    0.020 0.023 0.026 0.019 0.019  A 10225
   2464.75191  9.939  9.922  9.923  9.922  9.942    0.028 0.032 0.035 0.027 0.026  A 10888
   2465.74676  9.922  9.898  9.946  9.923  9.922    0.033 0.031 0.033 0.027 0.024  A 11105
   2466.74490  9.928  9.912  9.919  9.903  9.929    0.023 0.024 0.028 0.022 0.021  A 11323
   2467.74634  9.916  9.882  9.926  9.922  9.916    0.018 0.020 0.026 0.017 0.018  A 11543
   2468.74431  9.918  9.900  9.950  9.925  9.914    0.027 0.034 0.036 0.026 0.028  A 11758
   2470.70360  9.880  9.878  9.854  9.883  9.881    0.032 0.026 0.031 0.026 0.024  A 12023
   2471.78991  9.856  9.865  9.853  9.851  9.864    0.036 0.033 0.035 0.030 0.028  A 12540
   2473.71847  9.886  9.865  9.860  9.882  9.890    0.034 0.036 0.037 0.029 0.031  A 12718
   2486.69902  9.948  9.969  9.970  9.958  9.950    0.033 0.041 0.037 0.029 0.034  A 13348
   2487.70249  9.964  9.994  9.988  9.972  9.974    0.042 0.052 0.047 0.041 0.043  B 13508
   2489.66988  9.948  9.940  9.899  9.934  9.971    0.035 0.035 0.037 0.032 0.036  A 13860
   2490.69552  9.974  9.935  9.958  9.956  9.956    0.038 0.040 0.038 0.031 0.033  A 14089
   2493.68418  9.955  9.941  9.942  9.950  9.961    0.038 0.039 0.036 0.031 0.034  A 14492
   2495.68291  9.924  9.886  9.903  9.899  9.926    0.033 0.035 0.034 0.028 0.030  A 14819
   2498.66803  9.921  9.912  9.912  9.922  9.924    0.027 0.027 0.031 0.024 0.023  A 15448
   2499.66942  9.918  9.923  9.913  9.916  9.922    0.031 0.033 0.034 0.028 0.031  A 15659
   2500.64501  9.947  9.925  9.932  9.940  9.951    0.026 0.029 0.029 0.023 0.023  A 15862
   2501.67208  9.937  9.906  9.932  9.934  9.942    0.028 0.030 0.033 0.024 0.022  A 16022
   2502.67438  9.929  9.937  9.920  9.920  9.925    0.048 0.046 0.045 0.041 0.044  B 16235
   2510.69516 10.027  9.964  9.991 10.019 10.019    0.091 0.063 0.064 0.071 0.110  D 16999
   2512.60754  9.953  9.951  9.947  9.956  9.957    0.039 0.041 0.044 0.038 0.036  A 17242
   2520.71190  9.960  9.953  9.936  9.958  9.963    0.020 0.027 0.028 0.019 0.020  A 18231
   2524.65126  9.974  9.986  9.980  9.982  9.975    0.023 0.028 0.029 0.022 0.022  A 18655
   2529.61358  9.992  9.961  9.979  9.965  9.988    0.045 0.057 0.050 0.041 0.041  B 19065
   2539.71006  9.963  9.937  9.960  9.963  9.958    0.051 0.053 0.048 0.044 0.046  B 19551
   2543.56003  9.930  9.891  9.948  9.923  9.914    0.056 0.050 0.050 0.049 0.062  B 19880
   2545.66793  9.962  9.931  9.981  9.966  9.955    0.019 0.034 0.030 0.019 0.019  A 20184
   2551.58922  9.978  9.998  9.993  9.993  9.965    0.040 0.050 0.039 0.034 0.040  A 20938
   2552.64658  9.946  9.972  9.934  9.959  9.952    0.033 0.048 0.043 0.031 0.029  A 21148
   2553.71202  9.919  9.935  9.910  9.925  9.929    0.038 0.039 0.039 0.033 0.031  A 21355
   2554.71065  9.927  9.934  9.918  9.926  9.934    0.041 0.048 0.040 0.034 0.042  A 21539
   2559.50390  9.837  9.859  9.820  9.829  9.869    0.065 0.049 0.051 0.054 0.078  D 22170
   2560.54678  9.912  9.946  9.886  9.904  9.918    0.024 0.034 0.036 0.025 0.024  A 22367
   2565.54104  9.949  9.895  9.979  9.947  9.943    0.026 0.036 0.032 0.024 0.027  A 23229
   2566.56012 99.999 99.999 99.999 99.999 99.999    0.025 0.033 0.030 0.024 0.027  C 23416
   2568.58918 10.009  9.970 10.038 10.022  9.990    0.042 0.039 0.046 0.041 0.039  B 23581
   2622.55034  9.940  9.921  9.940  9.940  9.940    0.025 0.033 0.024 0.023 0.028  A 29931
   2627.54277  9.905  9.927  9.923  9.914  9.900    0.029 0.028 0.026 0.025 0.033  A 30532
   2730.90412  9.996  9.987 10.010 10.000  9.996    0.026 0.025 0.025 0.023 0.029  A 48384
   2734.90567  9.986  9.996  9.984  9.982  9.989    0.025 0.025 0.023 0.022 0.028  A 48936
   2737.90315  9.919  9.937  9.923  9.921  9.921    0.025 0.026 0.023 0.022 0.028  A 49535
   2740.90310  9.871  9.944  9.862  9.876  9.881    0.036 0.034 0.049 0.034 0.031  B 50060
   2743.89643  9.940  9.977  9.947  9.937  9.941    0.023 0.028 0.025 0.020 0.025  A 50656
   2756.86618  9.915  9.922  9.926  9.917  9.916    0.023 0.027 0.024 0.022 0.026  A 52752
   2759.90417  9.923  9.916  9.921  9.916  9.929    0.039 0.037 0.035 0.034 0.045  A 53335
   2765.82104  9.908  9.932  9.906  9.904  9.910    0.022 0.027 0.027 0.021 0.024  A 54398
   2770.86375 10.015 10.003 10.028 10.019 10.015    0.028 0.034 0.037 0.027 0.029  A 54953
   2776.81859  9.926  9.936  9.898  9.933  9.933    0.039 0.039 0.050 0.036 0.039  B 55383
   2784.81222  9.915  9.959  9.920  9.917  9.917    0.022 0.026 0.025 0.020 0.023  A 56208
   2786.85889  9.968  9.991  9.965  9.965  9.969    0.024 0.029 0.023 0.021 0.025  A 56661
   2790.87786  9.999  9.987 10.010  9.999  9.989    0.022 0.027 0.028 0.020 0.023  A 57429
   2804.75421  9.982 10.005  9.993  9.992  9.985    0.033 0.032 0.034 0.030 0.039  A 59094
   2810.87767  9.952  9.935  9.950  9.953  9.951    0.022 0.048 0.023 0.021 0.024  A 59830
   2812.77762  9.957  9.980  9.981  9.963  9.943    0.042 0.032 0.038 0.034 0.046  A 60242
   2815.90820  9.991 10.004 10.005  9.986  9.984    0.023 0.029 0.025 0.023 0.024  A 60867
   2819.82705  9.991  9.993  9.999  9.990  9.986    0.026 0.025 0.028 0.023 0.027  A 61371
   2821.85506  9.975  9.989  9.951  9.973  9.974    0.026 0.026 0.029 0.024 0.029  A 61824
   2829.78528 10.031  9.999 10.036 10.023 10.019    0.025 0.028 0.028 0.023 0.027  A 62348
   2831.73109 10.060 10.039 10.074 10.060 10.058    0.025 0.024 0.029 0.021 0.027  A 62768
   2832.81870 10.020 10.000 10.026 10.017 10.022    0.023 0.025 0.024 0.020 0.026  A 63027
   2838.75775  9.957  9.961  9.954  9.953  9.966    0.026 0.027 0.029 0.022 0.029  A 63949
   2840.80834  9.920  9.923  9.922  9.914  9.917    0.037 0.032 0.039 0.031 0.037  A 64403
   2845.81741  9.901  9.903  9.889  9.900  9.905    0.019 0.030 0.027 0.018 0.020  A 65294
   2853.65903 10.033 10.030 10.044 10.037 10.035    0.027 0.027 0.030 0.024 0.028  A 65670
   2854.86728 10.076 10.045 10.033 10.050 10.084    0.019 0.021 0.024 0.018 0.021  A 65977
   2858.70052 10.069 10.061 10.078 10.071 10.066    0.024 0.025 0.028 0.023 0.025  A 66346
   2859.82471 10.076 10.082 10.071 10.074 10.070    0.021 0.024 0.025 0.020 0.024  A 66617
   2865.77177 10.015 10.038 10.007 10.021 10.023    0.050 0.044 0.046 0.043 0.057  B 67468
   2867.66417 10.019 10.020 10.012 10.020 10.018    0.025 0.024 0.031 0.023 0.026  A 67772
   2872.76651 10.001 10.008 10.010 10.002  9.994    0.019 0.025 0.021 0.017 0.020  A 68213
   2875.77495 10.033 10.033 10.044 10.037 10.033    0.019 0.024 0.020 0.018 0.021  A 68608
   2877.72433 10.037 10.042 10.042 10.040 10.043    0.020 0.034 0.021 0.018 0.021  A 68983
   2879.82137 10.008 10.014 10.018 10.007 10.009    0.021 0.024 0.021 0.020 0.022  A 69328
   2883.62012  9.975  9.974  9.981  9.973  9.967    0.019 0.024 0.023 0.018 0.020  A 69618
   2886.63478  9.931  9.948  9.931  9.935  9.928    0.028 0.028 0.031 0.026 0.030  A 70234
   2892.74258  9.952  9.959  9.953  9.951  9.951    0.031 0.030 0.027 0.027 0.034  A 70719
   2894.63892  9.956  9.975  9.939  9.943  9.961    0.031 0.041 0.032 0.028 0.033  A 71077
   2895.76218  9.944  9.957  9.930  9.943  9.953    0.024 0.028 0.026 0.024 0.028  A 71322
   2897.77325  9.961  9.971  9.964  9.962  9.961    0.023 0.024 0.022 0.022 0.026  A 71726
   2899.72874  9.947  9.957  9.954  9.955  9.951    0.022 0.028 0.027 0.023 0.023  A 72070
   2902.70260  9.929  9.936  9.945  9.937  9.922    0.023 0.024 0.023 0.021 0.024  A 72539
   2905.58802  9.925  9.944  9.930  9.927  9.925    0.025 0.028 0.029 0.023 0.025  A 72958
   2907.75913  9.935  9.940  9.921  9.932  9.944    0.022 0.031 0.024 0.021 0.024  A 73284
   2909.70033  9.931  9.914  9.913  9.921  9.934    0.020 0.023 0.023 0.019 0.021  A 73620
   2911.66334  9.955  9.969  9.963  9.960  9.959    0.020 0.024 0.023 0.018 0.021  A 73925
   2913.64648  9.968  9.977  9.950  9.959  9.973    0.035 0.032 0.033 0.031 0.041  A 74270
   2922.64800  9.989 10.008  9.996  9.989  9.994    0.030 0.032 0.034 0.027 0.034  A 75273
   2924.65418  9.971  9.985  9.975  9.982  9.973    0.032 0.031 0.036 0.030 0.037  A 75652
   2927.64740 10.000  9.966 10.014  9.999  9.992    0.027 0.027 0.034 0.027 0.029  A 76006
   2929.65328  9.969  9.957 10.010  9.976  9.960    0.022 0.035 0.033 0.022 0.024  A 76365
   2931.65839  9.941  9.969  9.937  9.942  9.939    0.023 0.033 0.035 0.023 0.027  A 76728
   2933.64894  9.954  9.935  9.954  9.949  9.949    0.037 0.045 0.061 0.040 0.029  D 77079
   2935.64372  9.924  9.938  9.927  9.918  9.929    0.024 0.029 0.027 0.022 0.028  A 77436
   2937.64950  9.916  9.934  9.933  9.909  9.910    0.039 0.037 0.054 0.036 0.037  B 77709
   2940.65138  9.913  9.934  9.919  9.911  9.914    0.024 0.030 0.028 0.024 0.027  A 78008
   2947.53859  9.905  9.918  9.910  9.909  9.901    0.025 0.030 0.022 0.023 0.028  A 78966
   2949.61008 99.999 99.999 99.999 99.999 99.999    0.032 0.031 0.027 0.027 0.036  C 79272
   2951.63097  9.957  9.954  9.984  9.972  9.954    0.033 0.032 0.030 0.029 0.038  A 79560
   2953.63676  9.973 10.002 10.001  9.986  9.972    0.042 0.033 0.035 0.036 0.051  B 79832
   2955.64139 10.059 10.057 10.022 10.055 10.062    0.055 0.047 0.047 0.049 0.062  B 80090
   2957.63715 10.021 10.020 10.025 10.017 10.022    0.027 0.024 0.026 0.024 0.031  A 80377
   2964.55111  9.986  9.987  9.960  9.979  9.995    0.026 0.029 0.026 0.024 0.030  A 81310
   2966.56762 10.059 10.092 10.069 10.059 10.060    0.025 0.025 0.025 0.023 0.029  A 81603
   2968.57780  9.930  9.946  9.929  9.934  9.926    0.025 0.026 0.024 0.023 0.028  A 81882
   2974.53982  9.938  9.944  9.934  9.936  9.937    0.027 0.032 0.025 0.024 0.032  A 82545
   2976.57030  9.925  9.943  9.946  9.931  9.924    0.027 0.032 0.025 0.024 0.032  A 82826
   2982.54530  9.937  9.937  9.934  9.939  9.941    0.033 0.029 0.028 0.028 0.039  A 83617
   2984.55929  9.930  9.930  9.936  9.932  9.930    0.026 0.026 0.026 0.023 0.030  A 83878
   2986.56535  9.935  9.925  9.945  9.933  9.940    0.027 0.031 0.026 0.024 0.030  A 84145
   2990.54160  9.968  9.951  9.966  9.956  9.965    0.027 0.027 0.026 0.024 0.030  A 84610
   2993.53568  9.958  9.954  9.974  9.967  9.953    0.076 0.073 0.071 0.072 0.078  D 85017
   3112.90488  9.949  9.978  9.933  9.949  9.949    0.042 0.041 0.038 0.039 0.046  B 99250
   3116.89826  9.929  9.955  9.910  9.926  9.923    0.043 0.038 0.036 0.037 0.049  B 99907
   3124.87964  9.965  9.992  9.959  9.964  9.966    0.039 0.046 0.046 0.037 0.042  A 100635
   3127.89817  9.962  9.934  9.970  9.962  9.959    0.054 0.044 0.046 0.047 0.063  B 101120
   3131.89230  9.931  9.931  9.941  9.927  9.931    0.043 0.037 0.036 0.037 0.049  B 101740
   3146.85427  9.982  9.978  9.979  9.984  9.987    0.048 0.035 0.036 0.038 0.056  B 103595
   3154.80507  9.954  9.973  9.952  9.950  9.955    0.029 0.029 0.027 0.025 0.032  A 103999
   3158.82371  9.982  9.984  9.972  9.983  9.985    0.033 0.028 0.027 0.029 0.038  A 104468
   3166.80664  9.952  9.935  9.954  9.951  9.955    0.029 0.031 0.027 0.026 0.032  A 105465
   3169.83365  9.983  9.943  9.993  9.984  9.980    0.025 0.034 0.026 0.023 0.029  A 105997
   3177.81621 10.016  9.993  9.985 10.003 10.021    0.043 0.039 0.038 0.037 0.050  B 106958
   3180.79850  9.972  9.952  9.989  9.969  9.966    0.026 0.028 0.024 0.023 0.029  A 107396
   3183.79329  9.957  9.931  9.960  9.948  9.964    0.033 0.032 0.028 0.028 0.039  A 107705
   3186.78292  9.962  9.943  9.961  9.959  9.967    0.034 0.029 0.029 0.029 0.041  A 108141
   3193.92561  9.942  9.977  9.967  9.948  9.943    0.035 0.047 0.034 0.030 0.040  A 108987
   3266.62140  9.942  9.944  9.957  9.943  9.948    0.029 0.029 0.031 0.026 0.032  A 115178
   3268.61910  9.973  9.989  9.981  9.976  9.979    0.030 0.030 0.030 0.026 0.036  A 115486
   3275.60576  9.961  9.973  9.958  9.960  9.974    0.044 0.052 0.038 0.036 0.051  B 116452
   3277.64013  9.948  9.925  9.951  9.949  9.946    0.032 0.037 0.031 0.028 0.036  A 116707
   3279.67640  9.951  9.991  9.947  9.946  9.954    0.037 0.053 0.036 0.032 0.042  A 116981
   3290.58839  9.878  9.844  9.881  9.879  9.877    0.027 0.042 0.034 0.025 0.029  A 118122
   3294.61131  9.937  9.927  9.948  9.938  9.943    0.023 0.036 0.031 0.023 0.024  A 118372
   3357.53207  9.964  9.941  9.956  9.955  9.969    0.031 0.037 0.028 0.027 0.034  A 124559
   3467.90693  9.954  9.940  9.947  9.949  9.961    0.031 0.032 0.029 0.027 0.036  A 138016
   3473.89770 99.999 99.999 99.999 99.999 99.999    0.027 0.032 0.029 0.025 0.030  C 138968
   3477.89364  9.890  9.899  9.901  9.901  9.896    0.033 0.043 0.032 0.030 0.036  A 139633
   3481.87979  9.898  9.812  9.867  9.889  9.910    0.045 0.068 0.040 0.038 0.048  B 140258
   3497.90119  9.928  9.938  9.921  9.922  9.930    0.034 0.033 0.029 0.029 0.039  A 142008
   3501.90375  9.949  9.986  9.992  9.969  9.953    0.094 0.063 0.062 0.075 0.110  D 142537
   3506.92369  9.955  9.956  9.945  9.947  9.958    0.027 0.030 0.030 0.025 0.030  A 143239
   3510.86391  9.946  9.911  9.931  9.937  9.945    0.024 0.029 0.029 0.023 0.026  A 143559
   3520.92469  9.951  9.923  9.957  9.957  9.950    0.045 0.085 0.046 0.041 0.050  B 144768
   3523.86288  9.881  9.877  9.869  9.880  9.883    0.035 0.048 0.036 0.033 0.039  A 145264
   3526.84697  9.887  9.866  9.859  9.880  9.889    0.029 0.037 0.028 0.026 0.032  A 145751
   3529.84488  9.911  9.898  9.907  9.910  9.907    0.042 0.068 0.041 0.039 0.047  B 146262
   3539.77652  9.956  9.993  9.954  9.939  9.957    0.139 0.085 0.090 0.108 0.166  D 147079
   3542.81954  9.931  9.946  9.941  9.937  9.900    0.073 0.052 0.058 0.065 0.078  D 147473
   3544.84217  9.933  9.947  9.932  9.932  9.933    0.061 0.058 0.053 0.056 0.067  D 147768
   3549.85422 99.999  9.960  9.929 99.999 99.999    0.105 0.079 0.073 0.084 0.129  D 148169
   3552.79835  9.936  9.974  9.931  9.932  9.939    0.032 0.071 0.038 0.031 0.035  B 148520
   3555.77669  9.940  9.941  9.945  9.942  9.939    0.033 0.050 0.033 0.029 0.038  A 148971
   3562.74721  9.946  9.938  9.954  9.952  9.953    0.037 0.080 0.034 0.033 0.048  B 149943
   3564.78278  9.910  9.896  9.906  9.903  9.912    0.025 0.029 0.027 0.023 0.028  A 150293
   3569.82481  9.847  9.856  9.858  9.854  9.847    0.024 0.031 0.030 0.023 0.027  A 150635
   3575.77759  9.868  9.847  9.864  9.865  9.867    0.032 0.041 0.033 0.029 0.036  A 151521
   3577.80453  9.899  9.845  9.885  9.894  9.901    0.036 0.062 0.036 0.032 0.040  B 151860
   3581.92530 99.999  9.945  9.936 99.999 99.999    0.025 0.027 0.024 0.022 0.029  C 152547
   3584.71453  9.923  9.946  9.914  9.913  9.928    0.056 0.062 0.050 0.050 0.064  B 153037
   3586.74436  9.934  9.886  9.925  9.935  9.940    0.035 0.076 0.040 0.034 0.037  B 153391
   3589.67874  9.945  9.893  9.927  9.939  9.953    0.035 0.087 0.041 0.034 0.036  B 153857
   3591.78149  9.958 10.006  9.963  9.954  9.962    0.036 0.083 0.042 0.034 0.038  B 154232
   3595.68887  9.997  9.956  9.957  9.976 10.025    0.074 0.081 0.060 0.062 0.087  D 154844
   3597.71274  9.937  9.930  9.907  9.925  9.941    0.031 0.047 0.032 0.027 0.034  A 155153
   3617.67215  9.967  9.928  9.939  9.955  9.969    0.037 0.043 0.036 0.032 0.043  A 157145
   3619.74874  9.969  9.999  9.976  9.970  9.966    0.036 0.086 0.042 0.034 0.040  B 157464
   3622.59711 10.006  9.992  9.995  9.996 10.011    0.028 0.032 0.029 0.026 0.030  A 157891
   3625.66162  9.987 10.029 10.014 10.003  9.977    0.028 0.034 0.028 0.024 0.032  A 158175
   3630.62797 10.003  9.901  9.976  9.997 10.004    0.042 0.055 0.039 0.036 0.049  B 158785
   3632.63382  9.958  9.943  9.952  9.954  9.962    0.036 0.057 0.036 0.032 0.041  B 159096
   3634.66653  9.983  9.987  9.974  9.979 10.001    0.036 0.055 0.036 0.033 0.041  A 159383
   3637.67150  9.961  9.935  9.923  9.947  9.959    0.035 0.038 0.040 0.033 0.038  A 159720
   3639.72427  9.902  9.885  9.891  9.896  9.902    0.034 0.097 0.049 0.035 0.036  D 159966
   3642.66517  9.971  9.953  9.971  9.970  9.974    0.024 0.026 0.029 0.022 0.026  A 160325
   3644.70230  9.931  9.995  9.970  9.949  9.924    0.040 0.043 0.037 0.036 0.045  A 160629
   3650.66080  9.970 10.036  9.986  9.979  9.975    0.024 0.033 0.028 0.022 0.027  A 161319
   3652.62961  9.969 10.032  9.970  9.968  9.971    0.036 0.066 0.043 0.040 0.041  B 161601
   3657.70673  9.963  9.945  9.980  9.973  9.963    0.045 0.067 0.043 0.040 0.050  B 162342
   3660.54991  9.957 10.035  9.981  9.971  9.947    0.044 0.080 0.044 0.039 0.049  B 162752
   3664.59821  9.939 10.021  9.944  9.939  9.937    0.034 0.079 0.040 0.033 0.038  B 163343
   3666.65812  9.907  9.842  9.914  9.913  9.904    0.028 0.055 0.031 0.026 0.031  A 163660
   3670.54865  9.955  9.955  9.950  9.951  9.958    0.023 0.030 0.026 0.021 0.027  A 164083
   3672.60139  9.987  9.943  9.984  9.989  9.994    0.030 0.064 0.034 0.028 0.032  B 164387
   3675.55274  9.999 10.005  9.994 10.001  9.999    0.032 0.076 0.038 0.031 0.034  B 164804
   3678.54344  9.953  9.877  9.936  9.949  9.948    0.033 0.078 0.041 0.033 0.036  B 165202
   3699.55594  9.874  9.892  9.883  9.880  9.871    0.031 0.033 0.025 0.026 0.037  A 167876
   3702.54987  9.839  9.831  9.835  9.840  9.843    0.025 0.030 0.023 0.022 0.028  A 168275
   3705.54741  9.840  9.867  9.845  9.842  9.847    0.033 0.043 0.030 0.030 0.035  A 168677
   3712.54667 10.035  9.986 10.025 10.036 10.038    0.030 0.036 0.025 0.025 0.034  A 169374
   3714.56423 10.057 10.074 10.057 10.057 10.060    0.033 0.037 0.029 0.028 0.038  A 169666
   3718.53140 10.044  9.984 10.011 10.029 10.059    0.044 0.080 0.044 0.039 0.049  B 170165
   3721.54350 10.015  9.980 10.005 10.018 10.013    0.035 0.050 0.032 0.031 0.040  A 170546
   3725.53479  9.876  9.834  9.857  9.870  9.879    0.046 0.085 0.046 0.042 0.051  B 170967
   3728.53698  9.834  9.880  9.849  9.837  9.835    0.041 0.039 0.033 0.035 0.046  A 171378
   3834.90610  9.902  9.926  9.906  9.912  9.898    0.040 0.039 0.031 0.034 0.047  A 186037
   3850.88131  9.907  9.955  9.925  9.919  9.911    0.030 0.032 0.028 0.026 0.035  A 187338
   3853.90927  9.875  9.950  9.879  9.877  9.871    0.028 0.042 0.026 0.025 0.031  A 187882
   3861.91862  9.896  9.894  9.915  9.909  9.895    0.032 0.040 0.031 0.029 0.035  A 189112
   3865.86521  9.925  9.938  9.937  9.934  9.924    0.028 0.032 0.024 0.025 0.031  A 189780
   3868.89704  9.966  9.932  9.963  9.970  9.974    0.040 0.040 0.033 0.034 0.046  A 190283
   3871.86840  9.949  9.954  9.946  9.949  9.959    0.034 0.033 0.029 0.029 0.040  A 190819
   3877.85567  9.869  9.795  9.858  9.866  9.866    0.028 0.037 0.027 0.025 0.031  A 191563
   3882.85662  9.860  9.815  9.854  9.860  9.854    0.034 0.062 0.033 0.030 0.038  B 192166
   3887.86884  9.947  9.909  9.931  9.942  9.956    0.029 0.034 0.028 0.025 0.032  A 192738
   3893.83445  9.961  9.950  9.945  9.953  9.960    0.026 0.030 0.029 0.024 0.029  A 193775
   3899.82777  9.961  9.876  9.903  9.926  9.984    0.100 0.075 0.084 0.084 0.123  D 194576
   3903.87878  9.948  9.948  9.903  9.937  9.954    0.033 0.062 0.036 0.030 0.036  B 195304
   3906.81406  9.941  9.968  9.949  9.943 99.999    0.028 0.036 0.027 0.026 0.030  C 195852
   3909.81054  9.942  9.943  9.935  9.936  9.942    0.031 0.041 0.029 0.028 0.036  A 196433
   3913.85025  9.925  9.956  9.915  9.921  9.945    0.041 0.105 0.051 0.040 0.044  D 197008
   3981.60979  9.990 10.054 10.005  9.995  9.993    0.026 0.044 0.029 0.024 0.030  A 203334
   4250.90006  9.975  9.991  9.970  9.974  9.977    0.040 0.037 0.038 0.034 0.045  A 226736
   4255.82103 10.052  9.986 10.017 10.032 10.060    0.058 0.051 0.052 0.051 0.068  D 227137
   4268.79131  9.945  9.908  9.914  9.934  9.940    0.040 0.062 0.046 0.038 0.044  B 228035
   4277.81555  9.953  9.915  9.936  9.951  9.965    0.045 0.035 0.040 0.040 0.047  B 229060
   4281.87326  9.946  9.949  9.942  9.944  9.929    0.077 0.073 0.060 0.063 0.091  D 229398
   4286.83163  9.917  9.920  9.884  9.921  9.921    0.072 0.076 0.057 0.058 0.085  D 230236
   4296.87107  9.909  9.922  9.921  9.910  9.902    0.043 0.059 0.043 0.037 0.048  B 231649
   4299.73107  9.882  9.798  9.898  9.884  9.889    0.032 0.060 0.047 0.029 0.035  B 232149
   4301.75273  9.847  9.863  9.864  9.857  9.837    0.054 0.055 0.047 0.047 0.060  B 232508
   4303.75407  9.830  9.831  9.800  9.808  9.835    0.047 0.040 0.041 0.041 0.051  B 232806
   4305.74435  9.871  9.860  9.858  9.867  9.869    0.045 0.043 0.045 0.043 0.047  B 233170
   4307.71693  9.870  9.844  9.864  9.865  9.865    0.030 0.036 0.031 0.027 0.034  A 233505
   4314.70839  9.938  9.923  9.910  9.927  9.938    0.030 0.033 0.033 0.027 0.033  A 234401
   4316.81169  9.925  9.923  9.912  9.919  9.927    0.028 0.037 0.030 0.026 0.031  A 234702
   4319.74444  9.884  9.861  9.876  9.874  9.885    0.035 0.034 0.036 0.033 0.037  A 235019
   4330.67219  9.861  9.927  9.868  9.856  9.862    0.041 0.084 0.058 0.039 0.042  D 235326
   4332.67910  9.917  9.910  9.909  9.912  9.923    0.030 0.062 0.035 0.028 0.032  B 235692
   4334.67561  9.923  9.906  9.916  9.923  9.922    0.026 0.030 0.030 0.024 0.029  A 236048
   4341.68905  9.920  9.910  9.907  9.912  9.924    0.035 0.037 0.035 0.030 0.039  A 236942
   4343.69079  9.913  9.909  9.902  9.910  9.913    0.044 0.058 0.040 0.040 0.049  B 237296
   4345.69248  9.928  9.882  9.884  9.908  9.919    0.060 0.048 0.039 0.047 0.064  B 237622
   4347.69174  9.966  9.926  9.963  9.964  9.973    0.050 0.063 0.049 0.045 0.050  B 237974
   4349.68707  9.890  9.824  9.869  9.884  9.894    0.049 0.067 0.043 0.043 0.054  B 238308
   4351.70680  9.911  9.896  9.898  9.902  9.899    0.054 0.059 0.047 0.046 0.063  B 238620
   4354.63354  9.924  9.953  9.938  9.926  9.930    0.047 0.091 0.067 0.047 0.055  D 238996
   4356.66366  9.964  9.949  9.951  9.954  9.962    0.032 0.045 0.035 0.030 0.034  A 239354
   4358.73368  9.957  9.938  9.952  9.956  9.958    0.029 0.036 0.033 0.028 0.031  A 239661
   4361.56036  9.954  9.934  9.958  9.946  9.958    0.028 0.038 0.035 0.026 0.029  A 239999
   4363.60377  9.922  9.908  9.933  9.927  9.924    0.029 0.038 0.033 0.026 0.031  A 240326
   4368.60309  9.874  9.848  9.848  9.871  9.868    0.042 0.050 0.040 0.035 0.048  B 240973
   4372.62758  9.876  9.858  9.867  9.868  9.885    0.042 0.058 0.038 0.037 0.048  B 241628
   4375.62706  9.929  9.919  9.914  9.924  9.925    0.027 0.034 0.029 0.025 0.029  A 241955
   4377.66456  9.952  9.968  9.949  9.954  9.952    0.030 0.042 0.032 0.028 0.033  A 242270
   4379.69208  9.976  9.952  9.973  9.973  9.981    0.029 0.033 0.030 0.025 0.033  A 242591
   4381.71332  9.939  9.944  9.945  9.941  9.943    0.037 0.051 0.045 0.034 0.042  A 242899
   4384.56136  9.908  9.914  9.897  9.907  9.910    0.029 0.038 0.034 0.027 0.032  A 243302
   4386.59058  9.884  9.874  9.860  9.879  9.890    0.028 0.044 0.035 0.027 0.031  A 243634
   4388.57453  9.838  9.806  9.850  9.841  9.838    0.030 0.044 0.035 0.027 0.033  A 243942
   4400.64096  9.937  9.922  9.942  9.948  9.928    0.063 0.079 0.052 0.053 0.076  D 244973
   4403.65667  9.938  9.913  9.923  9.931  9.936    0.034 0.072 0.040 0.033 0.038  B 245267
   4407.65146  9.911  9.857  9.893  9.906  9.923    0.043 0.053 0.040 0.037 0.049  B 245584
   4409.66768  9.873  9.896  9.883  9.883  9.870    0.032 0.042 0.032 0.029 0.035  A 245872
   4413.59804  9.873  9.870  9.872  9.873  9.876    0.034 0.043 0.034 0.030 0.039  A 246236
   4423.58909  9.976  9.962  9.960  9.972  9.976    0.038 0.037 0.032 0.032 0.044  A 246729
   4427.60812  9.965  9.988  9.943  9.949  9.968    0.047 0.066 0.043 0.041 0.053  B 247047
   4430.58926  9.910  9.933  9.923  9.921  9.911    0.044 0.049 0.038 0.038 0.051  B 247396
   4433.56076  9.871  9.887  9.879  9.867  9.870    0.033 0.044 0.032 0.029 0.037  A 247768
   4435.59531  9.905  9.926  9.930  9.917  9.904    0.034 0.070 0.040 0.031 0.037  B 248020
   4438.57939  9.940  9.940  9.932  9.936  9.942    0.034 0.037 0.032 0.029 0.040  A 248386
   4441.55968  9.951  9.923  9.950  9.954  9.950    0.029 0.053 0.034 0.028 0.032  A 248754
   4444.56598  9.949  9.943  9.964  9.955  9.951    0.031 0.049 0.034 0.029 0.035  A 249061
   4457.53691  9.836  9.830  9.839  9.831  9.838    0.044 0.042 0.035 0.036 0.051  B 250533
#ndata= 27
#dataset= 3 ; 1 F2120-16_283
#desig= 213741-2123.9
#cra=   21.628006  21:37:40.8
#cdec= -21.398227 -21:23:53.6
#class= 0
#cmag_0=  9.893
#cmer_0=  0.052
#nskip_0= 0
#cmag_1=  9.932
#cmer_1=  0.041
#nskip_1= 0
#cmag_2=  9.944
#cmer_2=  0.038
#nskip_2= 0
#cmag_3=  9.958
#cmer_3=  0.039
#nskip_3= 0
#cmag_4=  9.946
#cmer_4=  0.039
#nskip_4= 0
#ra=   21.628006  21:37:40.8
#dec= -21.398227 -21:23:53.6
#     HJD      MAG_3  MAG_0  MAG_1  MAG_2  MAG_4    MER_3 MER_0 MER_1 MER_2 MER_4 GRADE FRAME
   2156.61650  9.979  9.902  9.943  9.960  9.964    0.046 0.055 0.041 0.038 0.052  A 31640
   2167.57318  9.977  9.941  9.956  9.963  9.965    0.032 0.057 0.035 0.029 0.035  A 32069
   2168.59900  9.981  9.965  9.956  9.967  9.971    0.030 0.052 0.032 0.026 0.032  A 32247
   2171.54929  9.995  9.918  9.960  9.976  9.983    0.039 0.053 0.036 0.033 0.043  A 32562
   2172.58169  9.956  9.936  9.936  9.949  9.949    0.028 0.045 0.031 0.026 0.030  A 32767
   2174.57621  9.924  9.926  9.915  9.915  9.899    0.050 0.058 0.043 0.043 0.057  B 33125
   2175.56271  9.921  9.828  9.889  9.903  9.903    0.040 0.056 0.041 0.036 0.045  A 33265
   2183.53076  9.930  9.890  9.898  9.915  9.908    0.033 0.051 0.038 0.031 0.035  A 33841
   2184.56135  9.941  9.901  9.909  9.924  9.934    0.034 0.047 0.036 0.031 0.038  A 34046
   2187.51492  9.944  9.919  9.925  9.934  9.928    0.030 0.052 0.034 0.028 0.032  A 34497
   2189.53137  9.978  9.879  9.962  9.970  9.969    0.030 0.037 0.036 0.027 0.029  A 34765
   2191.53393  9.996  9.980  9.979  9.983  9.979    0.032 0.055 0.035 0.029 0.035  A 35074
   2193.52838 10.002  9.897  9.972  9.985  9.992    0.029 0.040 0.032 0.026 0.032  A 35423
   2195.52023  9.974  9.904  9.954  9.957  9.969    0.030 0.049 0.034 0.029 0.033  A 35777
   2197.52744  9.945  9.860  9.914  9.926  9.938    0.030 0.052 0.037 0.030 0.032  A 36095
   2199.51938  9.896  9.802  9.874  9.883  9.875    0.028 0.047 0.032 0.026 0.032  A 36444
   2202.52956  9.860  9.771  9.818  9.842  9.856    0.037 0.056 0.039 0.034 0.039  A 36864
   2204.50358  9.881  9.807  9.843  9.866  9.871    0.030 0.049 0.034 0.028 0.032  A 37155
   2212.51270  9.963  9.903  9.917  9.948  9.949    0.035 0.048 0.038 0.032 0.035  A 37865
   2214.55122 10.005  9.859  9.975  9.990  9.993    0.036 0.054 0.040 0.033 0.038  A 38199
   2216.56965 10.018 10.004  9.995 10.002 10.007    0.034 0.047 0.038 0.031 0.035  A 38544
   2219.52162 10.022  9.940 10.016 10.017 10.012    0.036 0.048 0.039 0.032 0.036  A 38864
   2222.56587  9.986  9.885  9.966  9.976  9.974    0.037 0.053 0.044 0.035 0.035  A 39155
   2225.57644  9.949  9.868  9.959  9.940  9.931    0.035 0.066 0.050 0.037 0.035  A 39484
   2228.53762  9.894  9.840  9.847  9.881  9.889    0.038 0.049 0.041 0.033 0.036  A 39937
   2237.50983  9.946  9.860  9.935  9.934  9.933    0.042 0.053 0.045 0.038 0.041  A 41210
   2241.52554  9.983  9.919  9.945  9.966  9.971    0.040 0.062 0.053 0.040 0.039  B 41693
#ndata= 79
#dataset= 4 ; 1 F2152-16_284
#desig= 213741-2123.9
#cra=   21.627975  21:37:40.7
#cdec= -21.397795 -21:23:52.1
#class= 0
#cmag_0=  9.925
#cmer_0=  0.054
#nskip_0= 0
#cmag_1=  9.926
#cmer_1=  0.043
#nskip_1= 0
#cmag_2=  9.939
#cmer_2=  0.042
#nskip_2= 0
#cmag_3=  9.946
#cmer_3=  0.041
#nskip_3= 0
#cmag_4=  9.953
#cmer_4=  0.042
#nskip_4= 0
#ra=   21.627975  21:37:40.7
#dec= -21.397795 -21:23:52.1
#     HJD      MAG_3  MAG_0  MAG_1  MAG_2  MAG_4    MER_3 MER_0 MER_1 MER_2 MER_4 GRADE FRAME
   2040.83736  9.997  9.976  9.978  9.991 10.010    0.036 0.074 0.037 0.033 0.041  A 19547
   2156.63481  9.925  9.886  9.899  9.919  9.945    0.038 0.054 0.038 0.035 0.044  A 31646
   2167.59379 10.008 10.011  9.982  9.997 10.020    0.031 0.057 0.034 0.029 0.034  A 32078
   2168.61290 10.005 10.012  9.996  9.995 10.013    0.028 0.051 0.030 0.026 0.030  A 32253
   2169.63086  9.982  9.924  9.961  9.978  9.989    0.030 0.052 0.037 0.029 0.032  A 32414
   2171.59502  9.967  9.878  9.933  9.954  9.979    0.031 0.049 0.033 0.029 0.034  A 32582
   2172.59787  9.989  9.963  9.963  9.976  9.997    0.028 0.050 0.032 0.026 0.031  A 32774
   2173.59170  9.960 10.006  9.947  9.953  9.963    0.027 0.049 0.033 0.027 0.030  A 32958
   2174.59008  9.968  9.894  9.925  9.950  9.979    0.063 0.070 0.054 0.054 0.074  B 33131
   2175.57934  9.941  9.954  9.936  9.937  9.954    0.052 0.063 0.047 0.045 0.061  B 33271
   2177.55138  9.916  9.899  9.868  9.903  9.924    0.033 0.045 0.039 0.031 0.037  A 33389
   2178.56816  9.929  9.920  9.922  9.924  9.938    0.028 0.046 0.036 0.028 0.030  A 33570
   2183.58642  9.922  9.889  9.891  9.909  9.931    0.032 0.046 0.036 0.029 0.034  A 33865
   2184.58001  9.932  9.863  9.896  9.921  9.933    0.033 0.049 0.035 0.030 0.035  A 34054
   2185.57950  9.927  9.829  9.882  9.914  9.930    0.032 0.050 0.038 0.031 0.034  A 34240
   2189.54785  9.998 10.012  9.965  9.986 10.005    0.029 0.037 0.033 0.026 0.028  A 34772
   2191.56957 10.014 10.014 10.003 10.008 10.028    0.027 0.046 0.033 0.026 0.030  A 35084
   2193.54024  9.985  9.907  9.948  9.976  9.986    0.030 0.055 0.036 0.028 0.032  A 35428
   2195.52765  9.973  9.969  9.960  9.970  9.981    0.029 0.050 0.034 0.027 0.031  A 35780
   2199.52456  9.934  9.971  9.925  9.936  9.933    0.029 0.049 0.035 0.028 0.030  A 36446
   2201.55243  9.880  9.813  9.873  9.883  9.879    0.032 0.050 0.038 0.031 0.032  A 36706
   2245.52157  9.998  9.988  9.999  9.994 10.005    0.042 0.055 0.049 0.039 0.041  B 42288
   2250.51931 10.019  9.977  9.986 10.006 10.023    0.042 0.061 0.049 0.040 0.042  B 42805
   3459.90860  9.963  9.973  9.937  9.953  9.975    0.042 0.041 0.033 0.036 0.050  A 136813
   3471.91782  9.930  9.865  9.896  9.919  9.923    0.083 0.072 0.075 0.077 0.091  D 138659
   3479.90360  9.882  9.831  9.853  9.874  9.890    0.034 0.062 0.034 0.031 0.038  A 139943
   3483.89113  9.964  9.976  9.961  9.961  9.980    0.037 0.038 0.030 0.031 0.043  A 140580
   3489.92657 29.999 29.999 29.999 29.999 29.999    0.052 0.041 0.037 0.042 0.059  C 141054
   3497.90603  9.972  9.966  9.972  9.970  9.973    0.037 0.042 0.032 0.032 0.044  A 142010
   3509.90551  9.953  9.927  9.931  9.946  9.963    0.027 0.042 0.031 0.025 0.030  A 143509
   3512.84167  9.927  9.918  9.902  9.917  9.941    0.036 0.035 0.029 0.030 0.042  A 143928
   3517.84480 29.999 29.999 29.999 29.999 29.999    0.030 0.046 0.026 0.026 0.033  C 144413
   3564.80081  9.911  9.897  9.909  9.912  9.915    0.025 0.038 0.029 0.023 0.027  A 150300
   3824.90637  9.944  9.953  9.912  9.933  9.958    0.049 0.036 0.035 0.040 0.059  B 184325
   3828.91204  9.965  9.936  9.932  9.945  9.979    0.041 0.041 0.032 0.033 0.046  A 185005
   3832.91335  9.926  9.938  9.916  9.919  9.931    0.039 0.053 0.036 0.034 0.045  A 185694
   3836.90954  9.939  9.913  9.920  9.930  9.942    0.042 0.041 0.034 0.035 0.050  A 186373
   3850.90098  9.947  9.917  9.917  9.933  9.958    0.029 0.038 0.029 0.028 0.033  A 187345
   3856.88542 29.999 29.999 29.999 29.999 29.999    0.056 0.055 0.046 0.049 0.065  C 188318
   3860.87233 10.021 10.052 10.032 10.025 10.025    0.033 0.033 0.028 0.028 0.038  A 188909
   3863.88522 29.999 29.999 29.999 29.999 29.999    0.027 0.038 0.026 0.024 0.030  C 189435
   3872.85683  9.937  9.889  9.927  9.944  9.933    0.036 0.039 0.029 0.030 0.041  A 191006
   3877.86296 29.999 29.999 29.999 29.999 29.999    0.029 0.035 0.029 0.027 0.031  C 191566
   3882.87155  9.890  9.821  9.849  9.869  9.898    0.036 0.053 0.034 0.033 0.040  A 192171
   3886.91441  9.922  9.945  9.920  9.921  9.922    0.031 0.055 0.033 0.029 0.035  A 192565
   3889.86436  9.961  9.964  9.949  9.955  9.966    0.029 0.042 0.032 0.026 0.032  A 193064
   3892.82365  9.973  9.937  9.957  9.974  9.978    0.033 0.039 0.035 0.030 0.040  A 193586
   3903.87618  9.960  9.901  9.937  9.953  9.977    0.032 0.048 0.032 0.029 0.037  A 195303
   3906.81972 29.999 29.999 29.999 29.999 29.999    0.049 0.086 0.050 0.047 0.050  C 195854
   4192.91364  9.972  9.939  9.963  9.975  9.967    0.089 0.061 0.070 0.077 0.099  D 220659
   4227.92348 10.006  9.955  9.977  9.995 10.018    0.035 0.044 0.038 0.032 0.040  A 223256
   4233.87001  9.934  9.935  9.904  9.926  9.931    0.072 0.056 0.056 0.059 0.086  D 224298
   4246.87602  9.991  9.982  9.974  9.982  9.993    0.049 0.053 0.048 0.046 0.052  B 226299
   4250.90548 10.000  9.975  9.981  9.999 10.004    0.035 0.036 0.035 0.031 0.040  A 226738
   4255.82817 29.999 29.999 29.999 29.999 29.999    0.056 0.056 0.045 0.048 0.062  C 227140
   4274.86327  9.971  9.953  9.938  9.958  9.975    0.059 0.058 0.055 0.052 0.067  B 228767
   4277.82773  9.930  9.902  9.910  9.920  9.939    0.028 0.035 0.032 0.026 0.031  A 229064
   4281.83455 29.999 29.999 29.999 29.999 29.999    0.055 0.048 0.041 0.045 0.065  C 229385
   4286.82906  9.941  9.939  9.925  9.933  9.944    0.071 0.067 0.055 0.058 0.083  D 230235
   4290.80851  9.933  9.915  9.890  9.916  9.944    0.037 0.048 0.043 0.036 0.036  A 230556
   4292.82256  9.916  9.866  9.878  9.904  9.920    0.054 0.052 0.051 0.051 0.056  B 230937
   4297.74849  9.898  9.922  9.915  9.901  9.901    0.052 0.049 0.043 0.045 0.061  B 231783
   4299.78418 29.999 29.999 29.999 29.999 29.999    0.032 0.044 0.033 0.029 0.036  C 232168
   4301.75594 29.999 29.999 29.999 29.999 29.999    0.036 0.051 0.036 0.031 0.041  C 232509
   4303.75915  9.833  9.772  9.818  9.831  9.850    0.044 0.056 0.048 0.042 0.048  B 232808
   4305.74922 29.999 29.999 29.999 29.999 29.999    0.028 0.044 0.035 0.027 0.031  C 233172
   4307.72264  9.858  9.831  9.842  9.841  9.869    0.032 0.058 0.049 0.030 0.034  B 233507
   4314.75167 29.999 29.999 29.999 29.999 29.999    0.055 0.051 0.053 0.051 0.059  C 234415
   4317.68863 29.999 29.999 29.999 29.999 29.999    0.043 0.046 0.040 0.037 0.050  C 234849
   4329.71115  9.885  9.938  9.848  9.870  9.883    0.037 0.051 0.043 0.034 0.040  A 235162
   4331.70373  9.905  9.830  9.865  9.894  9.910    0.037 0.055 0.042 0.035 0.040  A 235518
   4356.66142 29.999 29.999 29.999 29.999 29.999    0.031 0.038 0.032 0.027 0.035  C 239353
   4358.70405 29.999 29.999 29.999 29.999 29.999    0.032 0.036 0.034 0.030 0.033  C 239652
   4368.73670  9.889  9.848  9.875  9.887  9.886    0.050 0.046 0.045 0.043 0.056  B 241017
   4375.71858  9.960  9.932  9.915  9.944  9.955    0.040 0.046 0.037 0.035 0.047  A 241985
   4561.90920  9.941  9.904  9.909  9.931  9.953    0.035 0.038 0.034 0.031 0.039  A 263783
   4565.91542  9.933  9.895  9.927  9.933  9.933    0.035 0.037 0.034 0.030 0.039  A 264453
   4569.91782  9.890  9.897  9.879  9.886  9.893    0.037 0.038 0.035 0.032 0.041  A 265084
   4573.90238  9.925  9.942  9.905  9.909  9.940    0.031 0.037 0.030 0.027 0.034  A 265769
