#ndata= 2
#dataset= 1 ; 1 F2200-64_058
#desig= 215022-5424.0
#cra=   21.839358  21:50:21.7
#cdec= -54.399341 -54:23:57.6
#class= 0
#cmag_0=  9.372
#cmer_0=  0.082
#nskip_0= 0
#cmag_1=  9.366
#cmer_1=  0.109
#nskip_1= 0
#cmag_2=  9.395
#cmer_2=  0.100
#nskip_2= 0
#cmag_3=  9.381
#cmer_3=  0.095
#nskip_3= 0
#cmag_4=  9.383
#cmer_4=  0.100
#nskip_4= 0
#ra=   21.839358  21:50:21.7
#dec= -54.399341 -54:23:57.6
#     HJD      MAG_3  MAG_0  MAG_1  MAG_2  MAG_4    MER_3 MER_0 MER_1 MER_2 MER_4 GRADE FRAME
   2122.69282  9.448  9.429  9.442  9.466  9.453    0.041 0.073 0.045 0.040 0.045  A 27462
   2140.65597  9.315  9.316  9.290  9.325  9.313    0.041 0.064 0.039 0.037 0.045  A 30191
#ndata= 1
#dataset= 2 ; 1 F2048-56_086
#desig= 215022-5424.0
#cra=   21.839316  21:50:21.5
#cdec= -54.399665 -54:23:58.8
#class= 0
#cmag_0=  9.224
#cmer_0=  0.000
#nskip_0= 0
#cmag_1=  9.183
#cmer_1=  0.000
#nskip_1= 0
#cmag_2=  9.222
#cmer_2=  0.000
#nskip_2= 0
#cmag_3=  9.227
#cmer_3=  0.000
#nskip_3= 0
#cmag_4=  9.222
#cmer_4=  0.000
#nskip_4= 0
#ra=   21.839316  21:50:21.5
#dec= -54.399665 -54:23:58.8
#     HJD      MAG_3  MAG_0  MAG_1  MAG_2  MAG_4    MER_3 MER_0 MER_1 MER_2 MER_4 GRADE FRAME
   2500.62548  9.227  9.225  9.184  9.222  9.223    0.041 0.046 0.047 0.038 0.041  A 15854
#ndata= 443
#dataset= 3 ; 1 F2136-56_087
#desig= 215023-5423.8
#cra=   21.839711  21:50:23.0
#cdec= -54.396486 -54:23:47.3
#class= 0
#cmag_0=  9.355
#cmer_0=  0.000
#nskip_0= 0
#cmag_1=  9.390
#cmer_1=  0.000
#nskip_1= 0
#cmag_2=  9.386
#cmer_2=  0.000
#nskip_2= 0
#cmag_3=  9.379
#cmer_3=  0.000
#nskip_3= 0
#cmag_4=  9.339
#cmer_4=  0.000
#nskip_4= 0
#ra=   21.839711  21:50:23.0
#dec= -54.396486 -54:23:47.3
#     HJD      MAG_3  MAG_0  MAG_1  MAG_2  MAG_4    MER_3 MER_0 MER_1 MER_2 MER_4 GRADE FRAME
   1994.90422 29.999 29.999 29.999 29.999 29.999    0.054 0.063 0.054 0.046 0.050  C 13561
   1996.90269 29.999 29.999 29.999 29.999 29.999    0.050 0.058 0.047 0.041 0.048  C 13955
   2000.89779  9.380  9.356  9.391  9.387  9.339    0.051 0.056 0.050 0.043 0.049  B 14760
   2007.87618 29.999 29.999 29.999 29.999 29.999    0.066 0.084 0.069 0.058 0.067  D 15065
   2008.89233 29.999 29.999 29.999 29.999 29.999    0.059 0.067 0.058 0.050 0.058  C 15282
#dataset= 3 ; 2 F2136-56_087
#desig= 215022-5424.0
#cra=   21.839309  21:50:21.5
#cdec= -54.399790 -54:23:59.2
#class= 0
#cmag_0=  9.346
#cmer_0=  0.048
#nskip_0= 9
#cmag_1=  9.344
#cmer_1=  0.051
#nskip_1= 2
#cmag_2=  9.340
#cmer_2=  0.045
#nskip_2= 4
#cmag_3=  9.340
#cmer_3=  0.046
#nskip_3= 4
#cmag_4=  9.342
#cmer_4=  0.043
#nskip_4= 5
#ra=   21.839309  21:50:21.5
#dec= -54.399790 -54:23:59.2
#     HJD      MAG_3  MAG_0  MAG_1  MAG_2  MAG_4    MER_3 MER_0 MER_1 MER_2 MER_4 GRADE FRAME
   1874.51370  9.328  9.346  9.343  9.335  9.330    0.029 0.069 0.034 0.028 0.032  A 955
   1877.53608  9.312  9.268  9.318  9.314  9.316    0.030 0.061 0.030 0.026 0.033  A 1444
   1886.52470  9.317  9.304  9.330  9.319  9.321    0.030 0.047 0.029 0.027 0.033  A 2536
   1908.52511  9.319  9.332  9.304  9.323  9.328    0.039 0.058 0.039 0.035 0.044  A 4427
   1998.89490 29.999 29.999 29.999 29.999 29.999    0.052 0.056 0.048 0.042 0.050  C 14359
   2016.85228 29.999 29.999 29.999 29.999 29.999    0.058 0.072 0.057 0.048 0.058  C 16054
   2017.92345 29.999 29.999 29.999 29.999 29.999    0.062 0.080 0.065 0.053 0.063  D 16116
   2025.83417  9.502  9.511  9.496  9.500  9.506    0.025 0.039 0.027 0.023 0.027  A 17278
   2026.90939  9.449  9.421  9.443  9.449  9.456    0.034 0.063 0.035 0.031 0.036  A 17527
   2030.86825  9.315  9.288  9.302  9.313  9.320    0.026 0.038 0.025 0.023 0.030  A 17903
   2032.82781  9.307  9.345  9.313  9.307  9.311    0.024 0.037 0.025 0.022 0.027  A 18319
   2033.87747  9.322  9.265  9.307  9.320  9.325    0.024 0.039 0.023 0.022 0.028  A 18552
   2039.82718  9.452  9.448  9.455  9.452  9.459    0.037 0.073 0.036 0.033 0.039  B 19317
   2054.85005  9.425  9.407  9.405  9.416  9.431    0.028 0.052 0.030 0.026 0.030  A 20340
   2055.84894  9.314  9.284  9.309  9.310  9.324    0.029 0.061 0.029 0.027 0.033  A 20560
   2056.82563  9.328  9.412  9.339  9.328  9.331    0.028 0.065 0.031 0.027 0.031  A 20779
   2057.82921  9.358  9.440  9.362  9.353  9.360    0.029 0.056 0.031 0.026 0.031  A 21007
   2058.84312  9.324  9.346  9.324  9.320  9.330    0.030 0.065 0.031 0.028 0.032  A 21237
   2064.83065  9.320  9.268  9.310  9.322  9.328    0.079 0.082 0.058 0.064 0.092  D 21629
   2067.71755  9.333  9.399  9.346  9.338  9.340    0.036 0.067 0.037 0.034 0.040  A 21883
   2068.72019  9.352  9.461  9.368  9.354  9.365    0.035 0.063 0.033 0.031 0.038  A 22110
   2069.72140  9.342  9.426  9.355  9.340  9.341    0.032 0.060 0.031 0.029 0.036  A 22334
   2080.72175  9.439  9.387  9.436  9.435  9.441    0.026 0.061 0.029 0.025 0.029  A 22934
   2081.84035  9.500  9.506  9.493  9.491  9.506    0.029 0.055 0.033 0.028 0.032  A 23210
   2082.78435  9.324  9.315  9.314  9.318  9.330    0.033 0.072 0.036 0.031 0.035  B 23410
   2085.72886  9.326  9.366  9.326  9.323  9.326    0.030 0.059 0.030 0.027 0.033  A 23857
   2086.81897  9.310  9.323  9.285  9.309  9.313    0.029 0.062 0.031 0.027 0.031  A 24118
   2087.76858  9.324  9.321  9.327  9.324  9.321    0.033 0.068 0.032 0.029 0.038  A 24319
   2088.76015  9.329  9.368  9.328  9.327  9.332    0.029 0.070 0.034 0.028 0.032  B 24543
   2093.68215  9.464  9.514  9.473  9.463  9.467    0.029 0.057 0.027 0.025 0.032  A 24730
   2094.68902  9.455  9.549  9.467  9.451  9.463    0.039 0.077 0.041 0.037 0.041  B 25022
   2096.67505  9.335  9.321  9.329  9.333  9.335    0.033 0.063 0.032 0.028 0.037  A 25466
   2103.74861  9.314  9.360  9.323  9.318  9.318    0.029 0.057 0.033 0.028 0.032  A 25858
   2104.72423  9.336  9.355  9.320  9.331  9.339    0.028 0.050 0.029 0.026 0.031  A 26046
   2105.71919  9.320  9.284  9.314  9.319  9.323    0.028 0.054 0.030 0.026 0.030  A 26265
   2106.72136  9.338  9.357  9.337  9.340  9.338    0.026 0.051 0.028 0.024 0.028  A 26470
   2114.74065  9.314  9.324  9.328  9.314  9.319    0.026 0.051 0.030 0.025 0.034  A 26705
   2115.71876  9.317  9.346  9.299  9.311  9.321    0.025 0.045 0.031 0.025 0.029  A 26899
   2116.68967  9.315  9.309  9.314  9.310  9.319    0.026 0.045 0.029 0.024 0.029  A 27108
   2117.68336  9.320  9.337  9.325  9.317  9.323    0.029 0.055 0.032 0.027 0.032  A 27325
   2124.62481  9.310  9.287  9.310  9.312  9.318    0.074 0.074 0.056 0.060 0.087  D 27645
   2128.66249  9.323  9.347  9.334  9.328  9.327    0.027 0.052 0.030 0.025 0.030  A 27949
   2129.66817  9.320  9.353  9.330  9.321  9.324    0.030 0.060 0.034 0.029 0.032  A 28166
   2130.66525  9.325  9.339  9.330  9.323  9.328    0.030 0.055 0.032 0.027 0.032  A 28381
   2131.65572  9.324  9.317  9.324  9.322  9.329    0.027 0.059 0.029 0.025 0.030  A 28576
   2132.66855  9.333  9.339  9.334  9.327  9.338    0.028 0.057 0.031 0.027 0.032  A 28796
   2133.66028  9.326  9.315  9.334  9.328  9.330    0.029 0.046 0.031 0.027 0.031  A 29006
   2134.66460  9.386  9.426  9.383  9.384  9.389    0.031 0.045 0.032 0.028 0.033  A 29224
   2135.65271  9.518  9.539  9.512  9.514  9.520    0.030 0.050 0.030 0.027 0.035  A 29433
   2136.65669  9.362  9.359  9.386  9.370  9.365    0.027 0.044 0.030 0.025 0.030  A 29647
   2140.63405 29.999 29.999 29.999 29.999 29.999    0.043 0.069 0.043 0.039 0.048  C 30181
   2141.64609  9.313  9.323  9.308  9.310  9.314    0.028 0.050 0.031 0.026 0.030  A 30400
   2143.64168  9.300  9.280  9.290  9.288  9.304    0.028 0.056 0.031 0.027 0.031  A 30802
   2144.63541  9.337  9.386  9.333  9.331  9.343    0.028 0.060 0.035 0.029 0.032  A 31002
   2145.62985  9.310  9.290  9.310  9.309  9.316    0.029 0.048 0.032 0.028 0.032  A 31208
   2151.61506  9.343  9.364  9.332  9.342  9.338    0.052 0.081 0.050 0.046 0.056  B 31376
   2168.60181  9.305  9.301  9.307  9.312  9.307    0.030 0.053 0.035 0.028 0.033  A 32249
   2169.63336  9.314  9.293  9.324  9.325  9.322    0.029 0.047 0.034 0.027 0.031  A 32416
   2171.57474  9.304  9.334  9.312  9.313  9.314    0.034 0.050 0.036 0.030 0.039  A 32574
   2172.58456  9.322  9.344  9.321  9.325  9.324    0.030 0.051 0.035 0.028 0.033  A 32769
   2175.56332  9.389  9.485  9.426  9.398  9.372    0.061 0.062 0.054 0.054 0.071  B 33266
   2178.53046  9.320  9.305  9.343  9.327  9.317    0.032 0.045 0.037 0.032 0.034  A 33556
   2179.55473  9.314  9.322  9.290  9.308  9.320    0.036 0.043 0.043 0.034 0.035  A 33670
   2183.55208  9.314  9.316  9.304  9.324  9.321    0.033 0.048 0.040 0.032 0.036  A 33851
   2185.56563  9.298  9.322  9.315  9.312  9.295    0.032 0.048 0.036 0.030 0.036  A 34235
   2189.53453  9.506  9.514  9.518  9.511  9.501    0.030 0.045 0.037 0.028 0.032  A 34767
   2193.53141  9.337  9.353  9.335  9.335  9.339    0.031 0.047 0.037 0.029 0.034  A 35425
   2195.52332  9.345  9.347  9.349  9.331  9.344    0.031 0.053 0.036 0.029 0.034  A 35779
   2197.52374  9.315  9.309  9.316  9.312  9.318    0.030 0.052 0.038 0.029 0.033  A 36094
   2199.52026  9.310  9.322  9.309  9.306  9.310    0.029 0.046 0.036 0.029 0.032  A 36445
   2202.52348  9.364  9.386  9.378  9.356  9.361    0.032 0.053 0.038 0.030 0.034  A 36862
   2204.50455  9.341  9.375  9.359  9.344  9.343    0.032 0.051 0.039 0.031 0.034  A 37156
   2206.51415  9.307  9.346  9.329  9.327  9.319    0.030 0.054 0.039 0.030 0.033  A 37434
   2214.52017  9.342  9.354  9.362  9.345  9.336    0.038 0.057 0.045 0.037 0.041  A 38186
   2216.53687  9.358  9.367  9.364  9.358  9.346    0.032 0.050 0.041 0.032 0.033  A 38530
   2221.55356  9.315  9.334  9.349  9.326  9.330    0.033 0.054 0.042 0.033 0.034  A 38995
   2225.50236  9.328  9.357  9.348  9.334  9.314    0.035 0.052 0.044 0.034 0.037  A 39452
   2227.54735  9.306  9.331  9.319  9.325  9.329    0.037 0.054 0.046 0.037 0.036  A 39779
   2229.56187  9.328  9.352  9.350  9.338  9.336    0.039 0.055 0.047 0.037 0.037  A 40111
   2233.51426  9.335  9.341  9.361  9.346  9.333    0.035 0.055 0.049 0.037 0.035  A 40583
   2235.54012  9.298  9.338  9.321  9.311  9.319    0.035 0.054 0.046 0.036 0.036  A 40904
   2237.55488  9.299  9.321  9.306  9.319  9.304    0.041 0.051 0.045 0.036 0.038  A 41230
   2240.56464  9.320  9.372  9.337  9.340  9.340    0.041 0.053 0.046 0.039 0.038  A 41551
   2243.52836  9.325  9.355  9.342  9.361  9.331    0.045 0.057 0.051 0.043 0.044  B 42010
   2250.53454  9.337  9.396  9.361  9.337  9.334    0.051 0.062 0.057 0.049 0.054  B 42812
   2254.52248  9.345  9.338  9.331  9.348  9.332    0.052 0.064 0.055 0.045 0.052  B 43422
   2262.53740  9.330  9.370  9.360  9.337  9.319    0.052 0.071 0.060 0.048 0.051  D 44502
   2439.78153  9.312  9.311  9.313  9.307  9.309    0.021 0.029 0.030 0.021 0.021  A 7904
   2442.77776  9.315  9.326  9.308  9.321  9.324    0.047 0.047 0.047 0.044 0.050  B 8546
   2443.77277  9.418  9.406  9.425  9.421  9.419    0.020 0.034 0.032 0.021 0.020  A 8731
   2444.77458  9.467  9.464  9.464  9.463  9.463    0.022 0.027 0.029 0.021 0.022  A 8937
   2446.78052  9.334  9.338  9.331  9.336  9.334    0.025 0.031 0.031 0.024 0.025  A 9318
   2452.69457  9.354  9.341  9.372  9.348  9.337    0.039 0.039 0.041 0.034 0.035  A 9479
   2460.65579  9.317  9.349  9.316  9.326  9.325    0.022 0.025 0.027 0.020 0.020  A 10210
   2465.73010  9.307  9.348  9.343  9.330  9.325    0.031 0.033 0.033 0.027 0.026  A 11099
   2466.72295  9.308  9.335  9.304  9.312  9.318    0.026 0.032 0.032 0.025 0.023  A 11314
   2467.72239  9.323  9.337  9.348  9.335  9.324    0.022 0.027 0.027 0.020 0.021  A 11533
   2470.68037  9.433  9.446  9.425  9.433  9.436    0.029 0.032 0.032 0.025 0.026  A 12013
   2471.78480  9.410  9.397  9.399  9.396  9.395    0.035 0.033 0.033 0.028 0.028  A 12538
   2482.67983  9.305  9.342  9.323  9.322  9.314    0.044 0.045 0.042 0.037 0.039  A 13174
   2486.67762  9.319  9.373  9.345  9.344  9.324    0.037 0.043 0.037 0.032 0.037  A 13339
   2487.71026  9.378  9.354  9.368  9.357  9.397    0.052 0.064 0.059 0.050 0.053  D 13512
   2489.63636  9.350  9.366  9.353  9.352  9.334    0.028 0.031 0.032 0.025 0.027  A 13846
   2493.66493  9.343  9.332  9.340  9.341  9.344    0.040 0.042 0.040 0.034 0.037  A 14484
   2494.67157  9.289  9.345  9.307  9.323  9.306    0.034 0.037 0.035 0.028 0.030  A 14677
   2495.67032  9.365  9.328  9.344  9.333  9.349    0.039 0.040 0.037 0.032 0.036  A 14814
   2497.66318  9.373  9.367  9.382  9.359  9.355    0.031 0.035 0.034 0.027 0.027  A 15235
   2498.65313  9.448  9.482  9.464  9.455  9.460    0.032 0.034 0.035 0.028 0.028  A 15442
   2499.65227  9.418  9.464  9.442  9.429  9.432    0.030 0.035 0.035 0.028 0.027  A 15652
   2500.62548  9.323  9.341  9.301  9.320  9.329    0.034 0.035 0.037 0.031 0.032  A 15854
   2501.65707  9.345  9.341  9.338  9.332  9.333    0.033 0.036 0.035 0.029 0.030  A 16017
   2502.66166 99.999 99.999 99.999 99.999 99.999    0.053 0.057 0.054 0.047 0.050  C 16230
   2508.73190  9.311  9.350  9.296  9.317  9.318    0.028 0.030 0.030 0.025 0.032  A 16831
   2512.57607  9.398  9.444  9.402  9.415  9.405    0.044 0.052 0.049 0.042 0.043  B 17230
   2519.66979  9.335  9.323  9.335  9.335  9.332    0.026 0.028 0.030 0.024 0.026  A 18015
   2520.66770  9.311  9.360  9.320  9.304  9.313    0.026 0.025 0.031 0.024 0.026  A 18213
   2521.67952  9.308  9.314  9.302  9.304  9.318    0.022 0.024 0.029 0.022 0.021  A 18414
   2523.80216  9.324  9.306  9.319  9.302  9.329    0.020 0.028 0.027 0.020 0.020  A 18551
   2526.57940  9.410  9.409  9.408  9.407  9.416    0.028 0.039 0.032 0.031 0.028  A 18817
   2539.64097  9.316  9.402  9.361  9.344  9.301    0.060 0.077 0.059 0.053 0.061  D 19522
   2540.68770  9.449  9.452  9.440  9.449  9.453    0.023 0.025 0.025 0.021 0.025  A 19732
   2544.68343  9.327  9.347  9.315  9.326  9.333    0.021 0.032 0.027 0.021 0.021  A 20002
   2545.71762  9.326  9.317  9.302  9.322  9.330    0.022 0.031 0.034 0.024 0.023  A 20206
   2552.69806  9.337  9.298  9.342  9.337  9.338    0.028 0.032 0.035 0.027 0.029  A 21171
   2554.58932  9.418  9.472  9.436  9.429  9.414    0.038 0.049 0.042 0.033 0.040  A 21488
   2556.61684  9.310  9.345  9.326  9.332  9.322    0.045 0.051 0.043 0.036 0.044  A 21682
   2558.56930  9.331  9.332  9.310  9.339  9.335    0.025 0.034 0.033 0.023 0.021  A 22018
   2559.57288  9.319  9.343  9.313  9.317  9.322    0.022 0.029 0.027 0.021 0.026  A 22200
   2560.58264  9.310  9.309  9.320  9.315  9.315    0.021 0.037 0.028 0.020 0.023  A 22383
   2561.58532  9.322  9.330  9.312  9.316  9.325    0.026 0.026 0.024 0.023 0.029  A 22532
   2562.60044  9.321  9.329  9.321  9.316  9.327    0.023 0.049 0.026 0.021 0.026  A 22719
   2563.61673  9.330  9.314  9.341  9.333  9.330    0.027 0.030 0.034 0.027 0.030  A 22905
   2564.62348  9.330  9.313  9.350  9.332  9.326    0.023 0.026 0.028 0.022 0.026  A 23087
   2565.64913  9.318  9.346  9.309  9.322  9.323    0.025 0.033 0.031 0.024 0.028  A 23276
   2566.65944  9.333  9.328  9.330  9.329  9.332    0.033 0.036 0.037 0.029 0.031  A 23459
   2578.61786  9.316  9.303  9.319  9.318  9.324    0.025 0.033 0.034 0.024 0.022  A 24938
   2579.63965  9.335  9.312  9.319  9.306  9.334    0.036 0.039 0.039 0.031 0.032  A 25110
   2600.58633  9.311  9.319  9.315  9.311  9.310    0.071 0.059 0.059 0.063 0.081  D 27351
   2621.53770  9.333  9.325  9.334  9.335  9.335    0.027 0.027 0.026 0.025 0.029  A 29759
   2623.56133  9.447  9.507  9.454  9.450  9.456    0.031 0.033 0.027 0.027 0.035  A 30100
   2627.55402  9.314  9.343  9.327  9.321  9.317    0.035 0.032 0.030 0.029 0.039  A 30537
   2635.53748  9.340  9.355  9.338  9.334  9.342    0.027 0.029 0.026 0.025 0.029  A 32186
   2638.53325  9.328  9.354  9.337  9.330  9.332    0.030 0.039 0.029 0.027 0.033  A 32629
   2642.52671  9.344  9.323  9.350  9.354  9.340    0.041 0.036 0.038 0.037 0.048  A 33221
   2714.90632  9.327  9.343  9.342  9.328  9.328    0.027 0.029 0.028 0.025 0.030  A 45628
   2721.89367  9.313  9.342  9.323  9.317  9.328    0.052 0.042 0.044 0.045 0.062  B 46592
   2724.89281  9.370  9.359  9.377  9.368  9.376    0.028 0.033 0.030 0.027 0.032  A 47172
   2729.89214  9.315  9.324  9.320  9.317  9.313    0.025 0.025 0.027 0.022 0.028  A 48171
   2733.89027  9.322  9.319  9.316  9.322  9.332    0.025 0.029 0.024 0.023 0.029  A 48729
   2736.87059  9.333  9.315  9.328  9.330  9.333    0.033 0.033 0.028 0.028 0.038  A 49315
   2739.87262  9.492  9.473  9.486  9.490  9.489    0.025 0.026 0.028 0.023 0.028  A 49860
   2742.86232  9.339  9.338  9.324  9.331  9.341    0.031 0.031 0.033 0.028 0.036  A 50453
   2747.91613  9.304  9.335  9.284  9.294  9.305    0.049 0.041 0.046 0.044 0.054  B 51122
   2754.90356  9.398  9.378  9.396  9.402  9.397    0.031 0.030 0.028 0.031 0.033  A 52357
   2756.91712  9.327  9.331  9.325  9.330  9.327    0.028 0.025 0.031 0.029 0.027  A 52773
   2759.88736  9.321  9.347  9.322  9.323  9.321    0.032 0.030 0.032 0.030 0.034  A 53327
   2761.87801  9.321  9.284  9.326  9.316  9.322    0.026 0.030 0.027 0.024 0.029  A 53734
   2763.86736  9.321  9.360  9.312  9.320  9.327    0.027 0.025 0.028 0.025 0.028  A 54124
   2765.79445  9.416  9.384  9.420  9.411  9.424    0.023 0.027 0.024 0.021 0.026  A 54386
   2769.91764  9.314  9.337  9.334  9.327  9.320    0.065 0.051 0.060 0.060 0.070  D 54771
   2776.78798  9.332  9.298  9.350  9.338  9.334    0.029 0.029 0.033 0.026 0.033  A 55370
   2782.93277  9.425  9.430  9.419  9.424  9.431    0.039 0.031 0.036 0.033 0.043  A 55833
   2784.86248  9.336  9.295  9.323  9.326  9.337    0.029 0.026 0.029 0.027 0.029  A 56229
   2786.83799  9.289  9.341  9.296  9.284  9.296    0.027 0.025 0.027 0.028 0.028  A 56652
   2790.86953  9.322  9.328  9.325  9.332  9.325    0.031 0.025 0.031 0.029 0.033  A 57425
   2802.87590  9.264  9.330  9.257  9.251  9.280    0.061 0.044 0.054 0.056 0.068  B 58814
   2804.81302  9.325  9.331  9.314  9.318  9.325    0.032 0.031 0.031 0.029 0.037  A 59119
   2808.85516  9.455  9.418  9.464  9.441  9.447    0.039 0.030 0.040 0.038 0.038  A 59387
   2810.76791  9.317  9.311  9.317  9.322  9.320    0.028 0.025 0.028 0.026 0.030  A 59785
   2812.74862  9.321  9.333  9.310  9.322  9.322    0.022 0.025 0.025 0.020 0.025  A 60230
   2815.88698  9.328  9.298  9.337  9.328  9.329    0.035 0.026 0.037 0.034 0.033  A 60858
   2819.81517  9.332  9.338  9.342  9.330  9.329    0.035 0.027 0.034 0.031 0.035  A 61366
   2821.84317  9.364  9.370  9.361  9.364  9.356    0.035 0.029 0.036 0.033 0.036  A 61819
   2826.83809  9.331  9.333  9.343  9.332  9.336    0.024 0.025 0.028 0.022 0.024  A 62115
   2830.69749  9.338  9.333  9.335  9.333  9.334    0.036 0.030 0.035 0.032 0.038  A 62535
   2832.69915  9.319  9.352  9.310  9.324  9.325    0.034 0.030 0.034 0.031 0.033  A 62985
   2834.69508  9.470  9.457  9.453  9.462  9.464    0.075 0.058 0.062 0.066 0.084  D 63361
   2838.87862  9.349  9.334  9.365  9.351  9.352    0.027 0.030 0.026 0.023 0.030  A 63995
   2843.72330  9.304  9.330  9.321  9.315  9.309    0.030 0.026 0.030 0.026 0.030  A 64945
   2854.60630  9.352  9.321  9.354  9.345  9.343    0.022 0.020 0.025 0.019 0.021  A 65869
   2856.83900  9.320  9.338  9.326  9.326  9.322    0.027 0.028 0.034 0.024 0.029  A 66139
   2859.59667  9.320  9.350  9.333  9.318  9.326    0.029 0.023 0.036 0.027 0.028  A 66524
   2860.71231  9.325  9.312  9.358  9.321  9.317    0.031 0.024 0.030 0.027 0.033  A 66782
   2861.81496 99.999 99.999 99.999 99.999 99.999    0.031 0.031 0.029 0.027 0.035  C 67035
   2866.70583  9.343  9.306  9.346  9.338  9.338    0.034 0.027 0.034 0.031 0.035  A 67586
   2867.76603  9.322  9.333  9.317  9.323  9.326    0.030 0.030 0.034 0.028 0.029  A 67816
   2871.88459  9.314  9.339  9.307  9.306  9.317    0.025 0.032 0.028 0.024 0.026  A 68054
   2874.64800  9.336  9.321  9.342  9.333  9.336    0.020 0.022 0.021 0.017 0.022  A 68373
   2876.66527  9.518  9.532  9.513  9.520  9.517    0.027 0.026 0.027 0.026 0.028  A 68772
   2878.66675  9.351  9.380  9.347  9.358  9.352    0.038 0.030 0.038 0.036 0.036  A 69167
   2880.81426  9.310  9.317  9.314  9.309  9.311    0.094 0.061 0.070 0.077 0.109  D 69437
   2883.68336  9.309  9.306  9.304  9.305  9.311    0.024 0.022 0.029 0.024 0.024  A 69638
   2885.55606  9.318  9.325  9.321  9.321  9.323    0.027 0.023 0.028 0.026 0.027  A 69991
   2886.68843  9.313  9.313  9.298  9.299  9.320    0.032 0.028 0.035 0.033 0.031  A 70258
   2888.70303  9.340  9.329  9.341  9.341  9.336    0.033 0.037 0.042 0.031 0.032  A 70471
   2892.70995  9.312  9.330  9.330  9.326  9.312    0.033 0.052 0.029 0.028 0.036  A 70706
   2895.74867  9.330  9.335  9.321  9.327  9.333    0.027 0.025 0.025 0.023 0.030  A 71317
   2897.75235  9.320  9.313  9.319  9.312 99.999    0.026 0.027 0.026 0.023 0.029  C 71718
   2899.71118  9.318  9.272  9.311  9.308  9.320    0.033 0.034 0.029 0.028 0.037  A 72064
   2902.68900  9.330  9.319  9.333  9.328  9.333    0.033 0.044 0.039 0.035 0.034  A 72534
   2905.58158  9.334  9.331  9.338  9.330  9.335    0.022 0.025 0.028 0.022 0.023  A 72956
   2907.75275  9.318  9.321  9.319  9.315  9.322    0.022 0.029 0.036 0.021 0.024  A 73282
   2909.69392  9.321  9.306  9.320  9.320  9.324    0.024 0.030 0.026 0.021 0.027  A 73618
   2911.65695  9.316  9.290  9.324  9.314  9.320    0.022 0.029 0.025 0.021 0.024  A 73923
   2917.71956  9.337  9.342  9.304  9.333  9.343    0.031 0.028 0.029 0.027 0.035  A 74799
   2921.63835  9.324  9.333  9.335  9.329  9.327    0.040 0.033 0.033 0.033 0.047  A 75084
   2923.62059  9.335  9.290  9.350  9.342  9.339    0.028 0.040 0.030 0.026 0.032  A 75449
   2926.61648  9.315  9.315  9.314  9.314  9.320    0.028 0.026 0.026 0.025 0.033  A 75807
   2928.61629 99.999 99.999 99.999 99.999 99.999    0.027 0.033 0.030 0.025 0.030  C 76181
   2930.61289  9.365  9.357  9.370  9.370  9.370    0.027 0.030 0.026 0.025 0.028  A 76530
   2932.60654  9.402  9.392  9.401  9.404  9.407    0.032 0.031 0.028 0.028 0.036  A 76883
   2934.60100  9.319  9.323  9.319  9.320  9.325    0.028 0.032 0.028 0.025 0.030  A 77233
   2936.60004  9.313  9.317  9.314  9.306  9.312    0.035 0.036 0.033 0.032 0.039  A 77585
   2939.60511  9.322  9.336  9.326  9.323  9.325    0.022 0.026 0.023 0.020 0.024  A 77802
   2943.55049  9.351  9.339  9.346  9.347  9.356    0.028 0.029 0.032 0.025 0.031  A 78327
   2945.55627  9.478  9.463  9.497  9.468  9.461    0.032 0.039 0.045 0.029 0.036  A 78670
   2947.59269  9.330  9.303  9.314  9.330  9.334    0.029 0.038 0.041 0.030 0.032  A 78989
   2949.63465  9.318  9.348  9.322  9.319  9.320    0.031 0.027 0.027 0.027 0.036  A 79282
   2951.64465  9.311  9.314  9.288  9.308  9.312    0.036 0.029 0.032 0.031 0.041  A 79566
   2953.64831  9.329  9.317  9.317  9.324  9.329    0.053 0.038 0.042 0.045 0.062  B 79837
   2957.64602  9.339  9.384  9.344  9.339  9.337    0.029 0.030 0.026 0.025 0.032  A 80381
   2964.55475  9.321  9.318  9.323  9.320  9.324    0.029 0.027 0.028 0.025 0.031  A 81312
   2966.57428  9.315  9.315  9.308  9.318  9.317    0.029 0.031 0.030 0.028 0.033  A 81606
   2968.58450  9.327  9.320  9.333  9.331  9.331    0.053 0.044 0.048 0.049 0.056  B 81885
   2970.57591  9.326  9.313  9.308  9.321  9.328    0.028 0.027 0.026 0.024 0.031  A 82101
   2972.58601  9.407  9.412  9.386  9.405  9.412    0.031 0.031 0.027 0.027 0.035  A 82366
   2974.60695  9.377  9.389  9.352  9.373  9.379    0.031 0.033 0.028 0.027 0.037  A 82572
   2977.55954  9.321  9.311  9.321  9.323  9.325    0.032 0.031 0.031 0.029 0.037  A 82956
   2979.58951  9.305  9.326  9.303  9.308  9.314    0.034 0.032 0.031 0.029 0.038  A 83237
   2982.55272  9.317  9.317  9.297  9.318  9.325    0.038 0.034 0.034 0.032 0.045  A 83620
   2984.56405  9.334  9.311  9.304  9.329  9.340    0.031 0.032 0.027 0.027 0.036  A 83880
   2986.57018  9.466  9.480  9.471  9.466  9.471    0.028 0.029 0.025 0.024 0.031  A 84147
   2989.57385  9.323  9.314  9.316  9.326  9.327    0.028 0.030 0.026 0.025 0.032  A 84500
   2996.53397  9.323  9.337  9.313  9.323  9.328    0.034 0.029 0.030 0.030 0.041  A 85405
   3000.52983  9.459  9.432  9.458  9.456  9.467    0.034 0.028 0.029 0.029 0.039  A 85816
   3090.90367  9.348  9.339  9.359  9.344  9.348    0.039 0.036 0.035 0.034 0.043  A 96162
   3099.88476  9.304  9.339  9.296  9.312  9.308    0.042 0.040 0.039 0.038 0.049  A 97204
   3103.90048  9.467  9.417  9.467  9.459  9.472    0.041 0.036 0.033 0.034 0.048  A 97838
   3107.88280  9.310  9.329  9.282  9.302  9.315    0.045 0.036 0.037 0.038 0.052  A 98467
   3111.87424  9.321  9.324  9.315  9.312  9.326    0.050 0.040 0.040 0.043 0.058  B 99084
   3114.90910  9.333  9.335  9.330  9.329  9.334    0.033 0.026 0.028 0.028 0.037  A 99587
   3126.90589  9.327  9.340  9.311  9.323  9.330    0.031 0.025 0.025 0.026 0.036  A 100966
   3130.85754  9.519  9.532  9.517  9.513  9.519    0.033 0.027 0.027 0.029 0.039  A 101564
   3133.87244  9.333  9.337  9.321  9.331  9.338    0.030 0.029 0.028 0.026 0.034  A 102060
   3144.89966  9.444  9.442  9.442  9.435  9.447    0.052 0.039 0.043 0.046 0.058  B 103360
   3153.91552  9.323  9.336  9.310  9.317  9.324    0.041 0.033 0.034 0.035 0.046  A 103858
   3156.89297  9.345  9.351  9.341  9.344  9.350    0.025 0.028 0.023 0.022 0.028  A 104255
   3159.82985  9.336  9.308  9.337  9.341  9.324    0.065 0.043 0.045 0.053 0.078  D 104631
   3163.80433  9.296  9.321  9.316  9.309  9.281    0.026 0.023 0.024 0.023 0.030  A 105078
   3166.82086  9.319  9.326  9.327  9.320  9.323    0.026 0.023 0.023 0.022 0.028  A 105470
   3169.80505  9.324  9.321  9.333  9.330  9.324    0.026 0.022 0.023 0.022 0.029  A 105986
   3172.83238  9.443  9.460  9.454  9.446  9.461    0.099 0.066 0.067 0.081 0.116  D 106340
   3176.82393  9.333  9.306  9.329  9.329  9.332    0.058 0.037 0.041 0.047 0.069  B 106830
   3179.79161  9.313  9.279  9.320  9.312  9.314    0.025 0.025 0.023 0.022 0.028  A 107254
   3182.83159  9.305  9.303  9.319  9.310  9.308    0.035 0.030 0.029 0.031 0.040  A 107571
   3185.78239  9.523  9.574  9.538  9.531  9.523    0.032 0.028 0.028 0.027 0.037  A 107981
   3187.82416  9.335  9.332  9.336  9.321  9.338    0.029 0.026 0.026 0.024 0.033  A 108339
   3190.80208  9.318  9.309  9.312  9.320  9.322    0.035 0.039 0.034 0.031 0.040  A 108661
   3194.90955  9.320  9.304  9.321  9.325  9.329    0.036 0.039 0.036 0.033 0.042  A 109151
   3274.67153  9.314  9.313  9.341  9.324  9.308    0.036 0.036 0.031 0.030 0.041  A 116339
   3343.53034  9.298  9.316  9.281  9.288  9.301    0.044 0.057 0.042 0.041 0.048  B 122893
   3355.53433  9.293  9.298  9.293  9.287  9.290    0.029 0.043 0.028 0.026 0.033  A 124335
   3358.55795  9.331  9.355  9.338  9.334  9.334    0.032 0.042 0.031 0.029 0.036  A 124677
   3457.89287  9.329  9.333  9.338  9.331  9.328    0.038 0.058 0.038 0.034 0.042  A 136444
   3463.90647  9.351  9.334  9.340  9.340  9.351    0.050 0.049 0.042 0.045 0.055  B 137412
   3467.89696  9.374  9.392  9.393  9.375  9.368    0.031 0.042 0.031 0.028 0.036  A 138012
   3471.89183  9.317  9.342  9.316  9.315  9.318    0.032 0.058 0.036 0.029 0.035  A 138655
   3475.88829  9.333  9.351  9.320  9.323  9.342    0.065 0.060 0.046 0.050 0.077  D 139290
   3479.87439  9.403  9.419  9.402  9.403  9.407    0.038 0.058 0.039 0.035 0.042  A 139932
   3483.86455  9.329  9.305  9.344  9.334  9.338    0.038 0.051 0.036 0.033 0.044  A 140570
   3489.87766  9.317  9.321  9.326  9.321  9.325    0.049 0.046 0.039 0.040 0.057  B 141037
   3492.87817  9.304  9.357  9.311  9.304  9.304    0.048 0.071 0.050 0.046 0.045  B 141557
   3497.85776  9.327  9.368  9.330  9.324  9.331    0.036 0.051 0.036 0.033 0.042  A 141993
   3509.88971  9.381  9.361  9.407  9.386  9.375    0.029 0.039 0.034 0.027 0.031  A 143503
   3512.83616  9.329  9.330  9.334  9.320  9.331    0.035 0.038 0.033 0.029 0.039  A 143926
   3517.81149  9.329  9.349  9.334  9.329  9.328    0.029 0.035 0.028 0.026 0.033  A 144402
   3521.85810  9.430  9.427  9.427  9.421  9.434    0.034 0.048 0.033 0.031 0.038  A 144911
   3524.83482  9.280  9.281  9.263  9.279  9.284    0.057 0.067 0.054 0.053 0.065  B 145406
   3530.88508  9.302  9.262  9.312  9.297  9.306    0.038 0.056 0.036 0.035 0.042  A 146449
   3538.86375  9.315  9.324  9.313  9.319  9.318    0.027 0.040 0.030 0.024 0.030  A 146919
   3541.79432  9.310  9.291  9.324  9.317  9.301    0.056 0.049 0.043 0.047 0.067  B 147295
   3543.84743  9.318  9.325  9.307  9.316  9.318    0.038 0.046 0.033 0.032 0.042  A 147614
   3547.78531  9.334  9.303  9.353  9.341  9.335    0.027 0.036 0.031 0.026 0.031  A 148086
   3551.82748  9.298  9.313  9.301  9.298  9.297    0.034 0.041 0.033 0.031 0.038  A 148373
   3554.81752  9.306  9.320  9.299  9.303  9.307    0.032 0.033 0.032 0.029 0.038  A 148818
   3558.77899  9.320  9.333  9.310  9.317  9.323    0.042 0.052 0.039 0.039 0.046  A 149277
   3560.80514  9.336  9.357  9.337  9.335  9.342    0.052 0.080 0.061 0.050 0.054  D 149617
   3563.72605  9.352  9.354  9.363  9.353  9.357    0.027 0.042 0.027 0.025 0.031  A 150114
   3568.92466  9.314  9.333  9.311  9.315  9.318    0.029 0.039 0.033 0.027 0.030  A 150476
   3570.74034  9.328  9.303  9.353  9.333  9.329    0.032 0.033 0.031 0.028 0.036  A 150794
   3573.75809  9.334  9.337  9.330  9.325  9.337    0.033 0.038 0.036 0.030 0.038  A 151153
   3575.78613  9.333  9.337  9.333  9.332  9.336    0.031 0.036 0.031 0.027 0.034  A 151524
   3577.80956  9.444  9.454  9.462  9.451  9.446    0.037 0.047 0.033 0.032 0.043  A 151862
   3581.86025  9.313  9.333  9.295  9.315  9.313    0.027 0.034 0.027 0.024 0.029  A 152525
   3584.66684  9.315  9.344  9.317  9.317  9.314    0.031 0.068 0.034 0.028 0.035  A 153029
   3586.71970  9.310  9.311  9.289  9.307  9.315    0.027 0.049 0.032 0.026 0.028  A 153383
   3588.76184  9.329  9.349  9.314  9.323  9.332    0.030 0.035 0.029 0.028 0.031  A 153703
   3591.65598  9.332  9.358  9.325  9.326  9.336    0.029 0.055 0.032 0.028 0.032  A 154189
   3597.69621  9.316  9.301  9.326  9.317  9.319    0.028 0.032 0.028 0.026 0.031  A 155148
   3600.72352  9.309  9.309  9.320  9.319  9.319    0.111 0.073 0.076 0.087 0.134  D 155421
   3602.72536  9.331  9.347  9.333  9.323  9.339    0.038 0.040 0.033 0.032 0.043  A 155765
   3618.78347  9.416  9.398  9.434  9.418  9.417    0.037 0.066 0.040 0.034 0.043  A 157331
   3621.57527  9.319  9.340  9.298  9.311  9.323    0.043 0.071 0.044 0.041 0.040  B 157717
   3624.62661  9.329  9.338  9.360  9.334  9.330    0.027 0.040 0.034 0.025 0.030  A 158041
   3626.64466  9.311  9.352  9.289  9.315  9.310    0.029 0.031 0.031 0.026 0.033  A 158323
   3629.64964  9.330  9.340  9.321  9.327  9.333    0.035 0.036 0.032 0.030 0.041  A 158622
   3631.65503  9.472  9.444  9.479  9.467  9.477    0.036 0.034 0.031 0.031 0.042  A 158962
   3633.67011  9.323  9.312  9.322  9.319  9.329    0.034 0.032 0.029 0.029 0.039  A 159230
   3638.75171  9.295  9.315  9.293  9.292  9.297    0.026 0.030 0.030 0.025 0.030  A 159817
   3641.69262  9.287  9.362  9.332  9.305  9.287    0.037 0.054 0.040 0.037 0.039  A 160197
   3647.60382  9.323  9.333  9.330  9.328  9.323    0.024 0.028 0.029 0.023 0.026  A 160893
   3651.67179  9.319  9.346  9.314  9.317  9.321    0.028 0.035 0.027 0.026 0.031  A 161458
   3653.60951  9.315  9.314  9.327  9.320  9.316    0.039 0.037 0.032 0.033 0.044  A 161748
   3655.59766  9.322  9.335  9.317  9.321  9.327    0.032 0.051 0.033 0.030 0.035  A 162005
   3657.64103  9.333  9.344  9.322  9.326  9.335    0.032 0.036 0.026 0.027 0.037  A 162320
   3659.68000  9.469  9.495  9.457  9.466  9.474    0.038 0.042 0.034 0.033 0.043  A 162646
   3661.70717  9.348  9.327  9.352  9.348  9.352    0.040 0.054 0.037 0.034 0.045  A 162959
   3663.72675  9.303  9.340  9.312  9.303  9.311    0.042 0.045 0.036 0.036 0.048  A 163242
   3666.58938  9.316  9.311  9.320  9.322  9.320    0.026 0.033 0.025 0.023 0.030  A 163637
   3669.69033  9.328  9.342  9.338  9.332  9.333    0.025 0.031 0.029 0.023 0.028  A 163993
   3672.55637  9.420  9.405  9.429  9.418  9.422    0.024 0.030 0.027 0.022 0.027  A 164372
   3677.56764  9.313  9.341  9.305  9.308  9.317    0.030 0.055 0.032 0.028 0.034  A 165102
   3680.59050  9.315  9.296  9.317  9.319  9.318    0.028 0.044 0.030 0.025 0.030  A 165336
   3701.55925  9.303  9.307  9.302  9.304  9.308    0.044 0.047 0.037 0.037 0.050  A 168150
   3704.55241  9.282  9.264  9.291  9.280  9.291    0.038 0.043 0.037 0.035 0.043  A 168541
   3707.53544  9.307  9.309  9.298  9.301  9.307    0.028 0.036 0.028 0.025 0.031  A 168947
   3711.53867  9.315  9.317  9.310  9.314  9.318    0.031 0.041 0.030 0.028 0.035  A 169231
   3713.55639  9.449  9.445  9.435  9.443  9.452    0.032 0.045 0.032 0.030 0.036  A 169513
   3716.56352  9.336  9.319  9.334  9.325  9.336    0.036 0.041 0.031 0.032 0.040  A 169922
   3722.54565  9.293  9.310  9.276  9.292  9.296    0.038 0.040 0.034 0.033 0.042  A 170665
   3725.55469  9.311  9.341  9.305  9.312  9.310    0.046 0.044 0.037 0.041 0.051  B 170974
   3730.53466  9.319  9.356  9.322  9.314  9.325    0.041 0.066 0.043 0.039 0.044  A 171519
   3734.53455  9.311  9.336  9.314  9.306  9.311    0.048 0.046 0.036 0.039 0.057  B 172041
   3807.90551  9.333  9.322  9.335  9.335  9.330    0.048 0.043 0.037 0.040 0.057  B 181592
   3817.90150  9.347  9.342  9.337  9.341  9.354    0.040 0.045 0.033 0.034 0.046  A 183182
   3821.90402  9.320  9.337  9.328  9.322  9.333    0.043 0.062 0.041 0.038 0.048  A 183827
   3829.89418  9.453  9.472  9.450  9.447  9.453    0.042 0.060 0.042 0.038 0.046  A 185162
   3833.89844  9.302  9.317  9.304  9.308  9.303    0.056 0.068 0.045 0.046 0.067  B 185860
   3849.88109  9.301  9.250  9.289  9.297  9.302    0.038 0.079 0.042 0.036 0.040  B 187179
   3853.85870  9.312  9.314  9.311  9.309  9.309    0.037 0.070 0.042 0.036 0.038  B 187864
   3857.88706  9.414  9.386  9.448  9.432  9.417    0.069 0.075 0.057 0.059 0.081  D 188430
   3861.85347  9.317  9.318  9.294  9.316  9.319    0.036 0.062 0.037 0.032 0.040  A 189089
   3864.84232  9.304  9.268  9.313  9.307  9.306    0.040 0.068 0.042 0.036 0.045  A 189606
   3867.83810  9.325  9.335  9.318  9.315  9.331    0.036 0.045 0.034 0.032 0.041  A 190089
   3870.81855  9.433  9.487  9.443  9.430  9.434    0.041 0.055 0.038 0.035 0.047  A 190621
   3872.88254  9.437  9.433  9.446  9.441  9.435    0.036 0.057 0.036 0.033 0.041  A 191014
   3880.87505  9.333  9.292  9.340  9.334  9.336    0.031 0.037 0.032 0.028 0.035  A 191886
   3886.90619  9.475  9.499  9.505  9.478  9.475    0.031 0.041 0.033 0.028 0.035  A 192562
   3889.83540  9.322  9.353  9.310  9.318  9.324    0.030 0.034 0.033 0.027 0.033  A 193054
   3892.77946  9.325  9.343  9.322  9.323  9.327    0.029 0.039 0.031 0.028 0.032  A 193572
   3894.82314  9.320  9.332  9.315  9.322  9.322    0.027 0.034 0.031 0.025 0.031  A 193917
   3898.76459  9.467  9.488  9.459  9.459  9.469    0.037 0.043 0.033 0.032 0.043  A 194394
   3901.80836  9.319  9.331  9.321  9.320  9.320    0.039 0.043 0.033 0.033 0.045  A 194904
   3903.86999  9.347  9.328  9.342  9.349  9.349    0.032 0.049 0.033 0.031 0.036  A 195301
   3906.78573  9.324  9.344  9.336  9.328  9.322    0.032 0.049 0.033 0.030 0.037  A 195842
   3912.83257  9.448  9.475  9.439  9.442  9.447    0.028 0.031 0.026 0.025 0.031  A 196810
   4089.54019  9.330  9.301  9.341  9.336  9.333    0.028 0.037 0.027 0.025 0.033  A 209098
   4092.52928  9.311  9.265  9.299  9.313  9.314    0.053 0.089 0.049 0.046 0.060  B 209478
   4181.89942  9.327  9.293  9.305  9.345  9.332    0.098 0.074 0.077 0.086 0.111  D 219202
   4185.90012  9.318  9.332  9.293  9.308  9.323    0.070 0.070 0.053 0.058 0.077  D 219781
   4191.88633  9.371  9.335  9.373  9.378  9.375    0.073 0.063 0.062 0.067 0.077  D 220493
   4194.90862  9.391  9.326  9.427  9.404  9.386    0.068 0.071 0.063 0.063 0.071  D 220969
   4204.87810  9.300  9.320  9.312  9.319  9.306    0.034 0.043 0.039 0.031 0.039  A 222033
   4227.88094  9.319  9.327  9.303  9.311  9.331    0.032 0.040 0.035 0.029 0.035  A 223242
   4230.87081  9.337  9.328  9.365  9.351  9.340    0.052 0.055 0.046 0.048 0.055  B 223767
   4233.91490  9.325  9.335  9.322  9.337  9.325    0.054 0.046 0.046 0.047 0.064  B 224313
   4246.83981  9.292  9.310  9.301  9.305  9.296    0.031 0.040 0.037 0.031 0.034  A 226287
   4250.87638  9.333  9.373  9.349  9.343  9.343    0.040 0.037 0.037 0.034 0.045  A 226728
   4255.78485  9.336  9.330  9.367  9.343  9.326    0.046 0.037 0.037 0.037 0.055  A 227126
   4258.81509  9.334  9.324  9.360  9.346  9.324    0.032 0.039 0.035 0.029 0.036  A 227577
   4274.83450  9.369  9.395  9.383  9.373  9.357    0.076 0.074 0.072 0.071 0.079  D 228757
   4277.77874  9.343  9.324  9.348  9.340  9.339    0.042 0.042 0.038 0.037 0.044  A 229049
   4281.82568  9.438  9.502  9.466  9.448  9.441    0.063 0.048 0.048 0.052 0.076  D 229382
   4283.83298  9.350  9.355  9.327  9.350  9.361    0.066 0.066 0.055 0.059 0.073  D 229701
   4285.82201  9.322  9.346  9.294  9.319  9.316    0.041 0.045 0.039 0.036 0.048  A 230043
   4289.82179  9.381  9.408  9.402  9.399  9.384    0.038 0.040 0.036 0.033 0.043  A 230401
   4291.82434  9.350  9.381  9.360  9.370  9.361    0.029 0.033 0.033 0.027 0.031  A 230751
   4293.81446  9.347  9.342  9.353  9.346  9.328    0.027 0.034 0.033 0.025 0.028  A 231115
   4295.87827  9.366  9.343  9.373  9.365  9.355    0.046 0.043 0.040 0.041 0.048  B 231477
   4297.86370  9.311  9.317  9.314  9.313  9.312    0.036 0.034 0.034 0.032 0.043  A 231824
   4300.70812  9.282  9.261  9.308  9.284  9.286    0.049 0.059 0.047 0.045 0.055  B 232306
   4302.76662  9.356  9.365  9.354  9.356  9.360    0.029 0.037 0.032 0.026 0.033  A 232640
   4304.71926  9.337  9.314  9.343  9.329  9.328    0.033 0.042 0.041 0.031 0.037  A 232985
   4306.73010  9.322  9.338  9.320  9.325  9.323    0.027 0.032 0.031 0.025 0.031  A 233352
   4308.73175  9.348  9.327  9.384  9.361  9.351    0.063 0.053 0.052 0.054 0.071  B 233681
   4310.74600  9.367  9.369  9.400  9.368  9.368    0.050 0.044 0.044 0.045 0.055  B 233933
   4312.76592  9.361  9.322  9.347  9.348  9.380    0.064 0.056 0.051 0.056 0.070  B 234268
   4316.63836  9.443  9.431  9.467  9.455  9.436    0.034 0.038 0.038 0.032 0.037  A 234645
   4319.71769  9.342  9.308  9.371  9.337  9.333    0.028 0.032 0.032 0.026 0.031  A 235011
   4329.69937  9.301  9.323  9.280  9.305  9.312    0.039 0.039 0.039 0.037 0.042  A 235158
   4331.69078  9.370  9.380  9.346  9.358  9.379    0.047 0.050 0.047 0.044 0.049  B 235514
   4333.64934  9.319  9.307  9.293  9.305  9.329    0.049 0.042 0.042 0.044 0.051  B 235860
   4336.61696  9.358  9.328  9.328  9.343  9.344    0.058 0.046 0.049 0.051 0.063  B 236202
   4338.74438  9.313  9.343  9.318  9.330  9.323    0.034 0.040 0.037 0.031 0.037  A 236465
   4340.73787  9.343  9.361  9.316  9.348  9.352    0.047 0.053 0.043 0.042 0.052  B 236803
   4342.74662  9.412  9.366  9.376  9.414  9.429    0.084 0.059 0.058 0.069 0.090  D 237138
   4344.74779  9.403  9.405  9.412  9.400  9.395    0.041 0.054 0.041 0.036 0.047  A 237479
   4346.74584  9.373  9.357  9.393  9.382  9.375    0.037 0.056 0.039 0.035 0.041  A 237818
   4348.75106  9.316  9.333  9.297  9.313  9.319    0.034 0.050 0.036 0.031 0.039  A 238173
   4350.82258  9.301  9.313  9.299  9.298  9.312    0.041 0.042 0.038 0.037 0.048  A 238509
   4353.60124  9.335  9.334  9.338  9.337  9.326    0.026 0.029 0.029 0.024 0.028  A 238845
   4355.67752  9.305  9.304  9.322  9.309  9.299    0.027 0.034 0.030 0.026 0.029  A 239188
   4357.71172  9.295  9.292  9.311  9.298  9.295    0.034 0.039 0.036 0.032 0.038  A 239489
   4359.74654  9.513  9.499  9.530  9.505  9.511    0.062 0.064 0.055 0.054 0.074  D 239834
   4362.55341  9.333  9.324  9.340  9.337  9.325    0.028 0.036 0.032 0.026 0.031  A 240145
   4364.59643  9.305  9.329  9.316  9.319  9.305    0.029 0.030 0.031 0.026 0.032  A 240490
   4367.63417  9.326  9.345  9.325  9.325  9.329    0.037 0.037 0.035 0.032 0.043  A 240844
   4369.65792  9.338  9.327  9.356  9.339  9.329    0.040 0.036 0.036 0.034 0.047  A 241151
   4371.68000  9.398  9.406  9.430  9.405  9.398    0.037 0.041 0.034 0.032 0.042  A 241486
   4373.69156  9.412  9.398  9.435  9.417  9.414    0.034 0.045 0.033 0.030 0.040  A 241784
   4376.68289  9.307  9.311  9.316  9.309  9.306    0.034 0.040 0.034 0.031 0.039  A 242138
   4379.52419  9.308  9.325  9.296  9.312  9.311    0.027 0.033 0.030 0.025 0.031  A 242537
   4381.58067  9.290  9.268  9.319  9.298  9.296    0.039 0.058 0.039 0.035 0.043  A 242856
   4383.62954  9.300  9.321  9.271  9.296  9.302    0.032 0.046 0.035 0.031 0.035  A 243176
   4385.65818  9.430  9.445  9.458  9.431  9.419    0.030 0.040 0.036 0.028 0.033  A 243499
   4387.67899  9.351  9.391  9.382  9.370  9.347    0.028 0.038 0.034 0.027 0.031  A 243822
   4389.64702  9.302  9.312  9.312  9.299  9.303    0.039 0.047 0.039 0.034 0.046  A 244111
   4393.59209  9.277  9.290  9.275  9.276  9.281    0.050 0.066 0.044 0.043 0.058  B 244634
   4399.63010  9.492  9.481  9.512  9.494  9.495    0.044 0.058 0.040 0.037 0.051  A 244830
   4402.61916  9.338  9.347  9.317  9.332  9.343    0.035 0.040 0.033 0.031 0.039  A 245108
   4406.61567  9.271  9.312  9.307  9.287  9.262    0.042 0.037 0.038 0.038 0.044  A 245425
   4408.65370  9.296  9.305  9.299  9.297  9.298    0.033 0.041 0.032 0.029 0.038  A 245735
   4411.61779  9.321  9.347  9.315  9.322  9.323    0.033 0.039 0.031 0.029 0.038  A 246090
   4420.52441  9.300  9.325  9.271  9.291  9.307    0.044 0.039 0.038 0.038 0.051  A 246422
   4422.61713  9.325  9.352  9.317  9.318  9.328    0.029 0.038 0.028 0.026 0.033  A 246650
   4426.61857  9.342  9.364  9.366  9.350  9.350    0.052 0.052 0.041 0.044 0.060  B 246942
   4429.57244  9.334  9.358  9.336  9.340  9.328    0.039 0.038 0.034 0.033 0.046  A 247279
   4432.57203  9.318  9.343  9.285  9.321  9.322    0.031 0.037 0.029 0.027 0.035  A 247648
   4437.55361  9.325  9.319  9.334  9.328  9.324    0.038 0.041 0.034 0.033 0.043  A 248252
   4440.54818  9.493  9.513  9.507  9.498  9.493    0.026 0.033 0.028 0.023 0.030  A 248636
   4443.57036  9.282  9.301  9.274  9.276  9.288    0.036 0.039 0.037 0.035 0.038  A 248961
   4457.53082  9.324  9.335  9.318  9.320  9.325    0.044 0.052 0.038 0.037 0.051  A 250531
   4461.53344  9.319  9.315  9.370  9.333  9.338    0.107 0.081 0.086 0.094 0.125  D 250998
   4552.90729  9.323  9.337  9.344  9.324  9.324    0.037 0.052 0.038 0.032 0.042  A 262338
   4560.90008  9.326  9.332  9.310  9.317  9.324    0.034 0.046 0.036 0.031 0.038  A 263614
   4564.89776  9.322  9.339  9.333  9.331  9.328    0.034 0.047 0.036 0.031 0.038  A 264278
   4568.88930  9.256  9.298  9.290  9.269  9.266    0.070 0.074 0.066 0.066 0.076  D 264910
   4572.87259  9.318  9.348  9.315  9.328  9.327    0.037 0.043 0.036 0.034 0.042  A 265591
#ndata= 26
#dataset= 4 ; 1 F2224-56_088
#desig= 215022-5424.0
#cra=   21.839373  21:50:21.7
#cdec= -54.400468 -54:24:01.7
#class= 0
#cmag_0=  9.328
#cmer_0=  0.038
#nskip_0= 1
#cmag_1=  9.333
#cmer_1=  0.022
#nskip_1= 4
#cmag_2=  9.323
#cmer_2=  0.023
#nskip_2= 4
#cmag_3=  9.329
#cmer_3=  0.024
#nskip_3= 4
#cmag_4=  9.331
#cmer_4=  0.023
#nskip_4= 4
#ra=   21.839373  21:50:21.7
#dec= -54.400468 -54:24:01.7
#     HJD      MAG_3  MAG_0  MAG_1  MAG_2  MAG_4    MER_3 MER_0 MER_1 MER_2 MER_4 GRADE FRAME
   2454.74089  9.364  9.314  9.359  9.351  9.346    0.053 0.052 0.050 0.046 0.050  B 9896
   2464.76231  9.364  9.314  9.364  9.352  9.348    0.031 0.032 0.033 0.027 0.028  A 10893
   2468.75460  9.315  9.342  9.348  9.321  9.318    0.028 0.030 0.032 0.025 0.027  A 11763
   2473.72642  9.327  9.346  9.363  9.339  9.328    0.039 0.038 0.039 0.033 0.035  A 12722
   2490.71003  9.339  9.329  9.356  9.342  9.332    0.039 0.038 0.038 0.033 0.037  A 14096
   2726.90411  9.397  9.424  9.390  9.391  9.403    0.031 0.029 0.032 0.028 0.034  A 47579
   2751.87556  9.330  9.357  9.337  9.332  9.332    0.029 0.028 0.031 0.027 0.032  A 51928
   2770.85985  9.314  9.325  9.323  9.309  9.322    0.026 0.026 0.027 0.024 0.028  A 54951
   2783.80581  9.336  9.335  9.336  9.328  9.339    0.025 0.026 0.029 0.025 0.027  A 56003
   2886.64001  9.310  9.313  9.319  9.305  9.312    0.031 0.025 0.033 0.029 0.032  A 70237
   2947.61756  9.324  9.305  9.345  9.328  9.324    0.028 0.043 0.029 0.024 0.030  A 78999
   3177.83668  9.360  9.342  9.335  9.351  9.366    0.049 0.039 0.038 0.042 0.054  B 106966
   3362.58722  9.335  9.278  9.313  9.311  9.346    0.034 0.038 0.032 0.031 0.039  A 124824
   3715.54798  9.338  9.324  9.330  9.327  9.349    0.039 0.042 0.036 0.035 0.046  A 169806
   3715.57786  9.558  9.561  9.586  9.558  9.565    0.044 0.040 0.036 0.037 0.051  A 169816
   4193.90866  9.451  9.356  9.427  9.426  9.461    0.054 0.066 0.047 0.046 0.059  B 220828
   4205.90406  9.309  9.322  9.318  9.291  9.312    0.042 0.048 0.038 0.037 0.047  A 222202
   4228.83423  9.359  9.313  9.342  9.351  9.358    0.114 0.069 0.083 0.096 0.118  D 223414
   4231.88412  9.337  9.359  9.337  9.338  9.347    0.058 0.053 0.055 0.055 0.062  B 223958
   4234.88711  9.377  9.341  9.348  9.363  9.383    0.034 0.049 0.038 0.031 0.038  A 224485
   4268.79932  9.300  9.297  9.306  9.298  9.313    0.044 0.043 0.043 0.041 0.048  A 228038
   4557.90585  9.427  9.413  9.432  9.422  9.438    0.038 0.040 0.037 0.034 0.043  A 263116
   4562.90003  9.285  9.234  9.294  9.282  9.284    0.042 0.059 0.042 0.038 0.046  A 263946
   4566.90818  9.301  9.277  9.298  9.292  9.306    0.036 0.038 0.034 0.033 0.041  A 264615
   4570.90095  9.429  9.408  9.429  9.431  9.434    0.029 0.035 0.034 0.028 0.032  A 265250
   4574.88233  9.304  9.289  9.293  9.298  9.311    0.035 0.047 0.036 0.032 0.038  A 265919
#ndata= 37
#dataset= 5 ; 1 F2145-48_119
#desig= 215022-5424.0
#cra=   21.839409  21:50:21.9
#cdec= -54.400771 -54:24:02.8
#class= 0
#cmag_0=  9.406
#cmer_0=  0.055
#nskip_0= 0
#cmag_1=  9.427
#cmer_1=  0.030
#nskip_1= 0
#cmag_2=  9.423
#cmer_2=  0.021
#nskip_2= 1
#cmag_3=  9.384
#cmer_3=  0.022
#nskip_3= 1
#cmag_4=  9.353
#cmer_4=  0.020
#nskip_4= 2
#ra=   21.839409  21:50:21.9
#dec= -54.400771 -54:24:02.8
#     HJD      MAG_3  MAG_0  MAG_1  MAG_2  MAG_4    MER_3 MER_0 MER_1 MER_2 MER_4 GRADE FRAME
   2040.80613  9.447  9.369  9.459  9.481  9.425    0.041 0.086 0.041 0.037 0.043  D 19533
   2156.62901  9.337  9.318  9.377  9.387  9.316    0.038 0.055 0.041 0.036 0.042  A 31644
   2167.57888  9.381  9.462  9.431  9.425  9.358    0.032 0.054 0.036 0.030 0.035  A 32072
   2168.60464  9.379  9.373  9.414  9.416  9.353    0.027 0.052 0.031 0.026 0.029  A 32250
   2171.57758  9.338  9.319  9.370  9.372  9.320    0.033 0.050 0.038 0.031 0.035  A 32575
   2173.58795  9.408  9.447  9.452  9.444  9.380    0.030 0.049 0.038 0.030 0.032  A 32957
   2178.55545  9.363  9.331  9.402  9.403  9.334    0.029 0.046 0.038 0.030 0.031  A 33565
   2179.55756  9.354  9.298  9.396  9.394  9.331    0.040 0.051 0.048 0.038 0.040  A 33671
   2180.58907  9.375  9.421  9.412  9.407  9.325    0.031 0.042 0.038 0.031 0.033  A 33769
   2183.55945  9.359  9.337  9.375  9.388  9.320    0.032 0.039 0.038 0.031 0.033  A 33854
   2184.57388  9.377  9.385  9.415  9.419  9.354    0.032 0.044 0.039 0.032 0.034  A 34052
   2185.57118  9.398  9.462  9.451  9.434  9.376    0.033 0.048 0.037 0.031 0.036  A 34237
   2189.53732  9.525  9.492  9.544  9.562  9.498    0.031 0.045 0.040 0.031 0.031  A 34768
   2191.53989  9.393  9.386  9.436  9.434  9.364    0.029 0.050 0.036 0.029 0.031  A 35077
   2193.53420  9.390  9.444  9.434  9.425  9.361    0.029 0.043 0.036 0.028 0.031  A 35426
   2194.60240  9.378  9.381  9.419  9.418  9.356    0.028 0.043 0.034 0.027 0.030  A 35635
   2196.53622  9.379  9.441  9.455  9.432  9.342    0.031 0.051 0.038 0.031 0.033  A 35917
   2198.52706  9.393  9.406  9.429  9.429  9.359    0.028 0.044 0.037 0.029 0.030  A 36267
   2201.51662  9.376  9.326  9.436  9.418  9.349    0.029 0.043 0.038 0.029 0.029  A 36691
   2203.51565  9.496  9.489  9.513  9.538  9.476    0.036 0.051 0.042 0.035 0.039  A 37032
   2205.50942  9.395  9.468  9.442  9.432  9.365    0.029 0.051 0.038 0.029 0.031  A 37288
   2207.52397  9.363  9.408  9.404  9.403  9.328    0.038 0.051 0.041 0.036 0.042  A 37611
   2214.51838  9.409  9.481  9.464  9.443  9.383    0.033 0.050 0.043 0.032 0.034  A 38185
   2216.53508  9.407  9.445  9.462  9.462  9.375    0.030 0.045 0.039 0.030 0.031  A 38529
   2221.55845  9.366  9.394  9.396  9.399  9.343    0.031 0.046 0.040 0.031 0.030  A 38997
   2225.50722  9.396  9.401  9.435  9.430  9.371    0.031 0.042 0.038 0.029 0.032  A 39454
   2227.54547  9.383  9.439  9.445  9.426  9.358    0.035 0.045 0.038 0.031 0.031  A 39778
   2229.56913  9.375  9.336  9.378  9.401  9.340    0.034 0.048 0.042 0.032 0.033  A 40114
   2235.51079  9.378  9.346  9.411  9.418  9.347    0.035 0.049 0.042 0.034 0.034  A 40891
   2237.55292  9.394  9.482  9.440  9.435  9.367    0.040 0.047 0.044 0.035 0.037  A 41229
   2240.57168  9.398  9.477  9.476  9.454  9.375    0.040 0.052 0.047 0.038 0.037  A 41554
   2243.53306  9.364  9.349  9.376  9.399  9.332    0.043 0.054 0.050 0.038 0.042  A 42012
   2250.53689  9.397  9.480  9.452  9.440  9.363    0.040 0.045 0.044 0.035 0.036  A 42813
   2253.53651  9.372  9.378  9.426  9.412  9.335    0.041 0.052 0.044 0.036 0.039  A 43298
   2257.53049  9.380  9.446  9.431  9.427  9.339    0.055 0.069 0.057 0.051 0.057  B 43904
   2263.52622  9.386  9.366  9.411  9.432  9.348    0.055 0.076 0.063 0.050 0.056  D 44660
   4227.90357  9.433  9.382  9.417  9.452  9.405    0.049 0.046 0.045 0.043 0.053  B 223249
