#ndata= 4
#dataset= 1 ; 1 F1100-64_047
#desig= 111214-5851.0
#cra=   11.204009  11:12:14.4
#cdec= -58.850141 -58:51:00.5
#class= 0
#cmag_0= 11.026
#cmer_0=  0.144
#nskip_0= 0
#cmag_1= 10.985
#cmer_1=  0.152
#nskip_1= 0
#cmag_2= 10.894
#cmer_2=  0.142
#nskip_2= 0
#cmag_3= 10.742
#cmer_3=  0.112
#nskip_3= 0
#cmag_4= 10.571
#cmer_4=  0.085
#nskip_4= 0
#ra=   11.204009  11:12:14.4
#dec= -58.850141 -58:51:00.5
#     HJD      MAG_2  MAG_0  MAG_1  MAG_3  MAG_4    MER_2 MER_0 MER_1 MER_3 MER_4 GRADE FRAME
   3382.84456 10.751 10.881 10.834 10.630 10.486    0.047 0.055 0.045 0.058 0.064  A 125699
   3452.78770 10.749 10.866 10.831 10.600 10.423    0.049 0.058 0.048 0.058 0.064  B 135544
   3680.81012 11.135 11.290 11.236 10.932 10.706    0.041 0.045 0.041 0.049 0.055  A 165408
   3680.84033 11.038 11.172 11.138 10.855 10.658    0.046 0.051 0.045 0.055 0.063  A 165418
#ndata= 1
#dataset= 2 ; 1 F1024-56_073
#desig= 111214-5850.9
#cra=   11.203794  11:12:13.7
#cdec= -58.849009 -58:50:56.4
#class= 0
#cmag_0= 11.143
#cmer_0=  0.000
#nskip_0= 0
#cmag_1= 10.980
#cmer_1=  0.000
#nskip_1= 0
#cmag_2= 10.900
#cmer_2=  0.000
#nskip_2= 0
#cmag_3= 10.752
#cmer_3=  0.000
#nskip_3= 0
#cmag_4= 10.626
#cmer_4=  0.000
#nskip_4= 0
#ra=   11.203794  11:12:13.7
#dec= -58.849009 -58:50:56.4
#     HJD      MAG_2  MAG_0  MAG_1  MAG_3  MAG_4    MER_2 MER_0 MER_1 MER_3 MER_4 GRADE FRAME
   3116.55170 10.900 11.143 10.980 10.753 10.627    0.043 0.039 0.040 0.053 0.061  A 99788
#ndata= 520
#dataset= 3 ; 1 F1112-56_074
#desig= 111214-5851.0
#cra=   11.203971  11:12:14.3
#cdec= -58.850039 -58:51:00.1
#class= 0
#cmag_0= 10.944
#cmer_0=  0.148
#nskip_0= 9
#cmag_1= 10.897
#cmer_1=  0.145
#nskip_1= 0
#cmag_2= 10.799
#cmer_2=  0.133
#nskip_2= 1
#cmag_3= 10.643
#cmer_3=  0.113
#nskip_3= 0
#cmag_4= 10.486
#cmer_4=  0.091
#nskip_4= 5
#ra=   11.203971  11:12:14.3
#dec= -58.850039 -58:51:00.1
#     HJD      MAG_2  MAG_0  MAG_1  MAG_3  MAG_4    MER_2 MER_0 MER_1 MER_3 MER_4 GRADE FRAME
   1885.76359 10.898 11.065 10.989 10.724 10.549    0.029 0.040 0.030 0.035 0.040  A 2479
   1888.79953 10.692 10.964 10.834 10.509 10.384    0.036 0.059 0.036 0.043 0.048  A 2974
   1899.81685 10.934 11.067 11.031 10.770 10.588    0.029 0.037 0.034 0.034 0.039  A 3272
   1915.74475 10.715 10.811 10.799 10.558 10.416    0.030 0.046 0.031 0.036 0.041  A 4974
   1919.76196 10.685 10.770 10.791 10.530 10.400    0.030 0.037 0.032 0.035 0.040  A 5356
   1920.83986 10.889 11.057 11.020 10.706 10.504    0.030 0.039 0.032 0.035 0.040  A 5552
   1921.79989 10.949 11.332 11.172 10.733 10.607    0.031 0.038 0.035 0.035 0.040  A 5692
   1922.81929 10.799 10.936 10.881 10.656 10.492    0.028 0.033 0.032 0.033 0.037  A 5852
   1924.77858 10.731 10.862 10.833 10.580 10.411    0.029 0.037 0.031 0.036 0.041  A 6169
   1925.77917 10.697 10.942 10.802 10.526 10.374    0.030 0.037 0.033 0.036 0.040  A 6337
   1926.77564 10.763 10.849 10.890 10.578 10.432    0.033 0.040 0.034 0.039 0.044  A 6506
   1928.77785 10.716 10.835 10.834 10.534 10.391    0.028 0.037 0.029 0.032 0.038  A 6833
   1929.76909 10.709 10.817 10.790 10.571 10.427    0.026 0.035 0.031 0.031 0.035  A 6982
   1930.77149 10.715 10.835 10.798 10.580 10.437    0.027 0.038 0.033 0.030 0.035  A 7150
   1931.77840 10.813 10.883 10.928 10.646 10.486    0.028 0.039 0.033 0.034 0.039  A 7324
   1932.76156 10.995 11.145 11.104 10.816 10.640    0.027 0.037 0.032 0.032 0.036  A 7480
   1933.80143 10.719 10.847 10.836 10.552 10.414    0.028 0.037 0.033 0.032 0.037  A 7661
   1936.72096 10.701 10.842 10.794 10.545 10.421    0.027 0.037 0.033 0.031 0.036  A 8044
   1940.70911 10.702 10.827 10.792 10.569 10.439    0.025 0.034 0.032 0.030 0.034  A 8526
   1945.77246 10.641 10.850 10.767 10.494 10.386    0.028 0.039 0.035 0.031 0.036  A 8716
   1947.68901 10.713 10.846 10.835 10.572 10.417    0.029 0.035 0.031 0.035 0.039  A 8938
   1948.73038 10.815 11.004 10.941 10.645 10.498    0.032 0.038 0.035 0.037 0.043  A 9077
   1949.75053 10.948 11.043 11.070 10.766 10.582    0.031 0.041 0.036 0.036 0.041  A 9237
   1950.70924 10.770 10.880 10.897 10.602 10.446    0.030 0.039 0.035 0.035 0.039  A 9396
   1953.71382 10.620 10.918 10.749 10.473 10.380    0.033 0.047 0.041 0.037 0.040  A 9705
   1958.69521 10.666 10.814 10.770 10.561 10.457    0.035 0.052 0.043 0.039 0.039  A 10227
   1961.67752 10.724 10.858 10.866 10.622 10.479    0.032 0.048 0.041 0.035 0.037  A 10496
   1963.70010 10.598 10.780 10.674 10.505 10.422    0.038 0.056 0.047 0.042 0.042  A 10837
   1964.69222 10.614 10.819 10.699 10.506 10.433    0.033 0.050 0.043 0.037 0.038  A 11014
   1968.67972 10.543 10.709 10.598 10.455 10.384    0.040 0.061 0.051 0.044 0.043  A 11723
   1971.69614 10.728 10.946 10.838 10.618 10.518    0.042 0.059 0.050 0.046 0.046  A 11792
   1979.66033 10.525 10.659 10.588 10.453 10.390    0.053 0.078 0.064 0.058 0.059  D 12237
   2034.53775 10.730 10.884 10.817 10.590 10.449    0.079 0.072 0.068 0.097 0.113  D 18610
   2054.48730 10.770 10.928 10.881 10.572 10.426    0.056 0.082 0.057 0.065 0.072  B 20188
   2064.45768 11.086 11.178 11.181 10.876 10.606    0.039 0.075 0.041 0.046 0.050  B 21563
   2080.45978 11.045 11.276 11.201 10.802 10.587    0.032 0.052 0.034 0.038 0.043  A 22820
   2087.50046 10.770 10.895 10.842 10.616 10.447    0.034 0.053 0.034 0.039 0.044  A 24208
   2096.50355 11.247 11.183 11.276 11.028 10.734    0.045 0.066 0.044 0.053 0.059  A 25393
   2103.52821 10.790 10.805 10.837 10.646 10.451    0.034 0.056 0.034 0.040 0.045  A 25763
   2116.49664 10.819 11.003 10.907 10.655 10.488    0.034 0.053 0.036 0.039 0.044  A 27026
   2132.46787 10.809 10.879 10.887 10.663 10.487    0.028 0.043 0.028 0.034 0.039  A 28714
   2216.84982 10.665 10.799 10.767 10.535 10.419    0.047 0.061 0.052 0.053 0.057  A 38664
   2225.82839 10.796 11.005 10.892 10.672 10.543    0.043 0.059 0.049 0.049 0.052  A 39594
   2232.83040 10.676 10.812 10.746 10.591 10.479    0.045 0.061 0.052 0.051 0.054  A 40561
   2234.82020 10.681 10.821 10.765 10.587 10.452    0.044 0.061 0.052 0.050 0.053  A 40869
   2241.81113 10.664 10.787 10.734 10.583 10.476    0.048 0.065 0.057 0.054 0.057  B 41817
   2255.78873 10.539 10.660 10.618 10.519 10.440    0.055 0.078 0.066 0.060 0.064  D 43695
   2443.50305 10.947 11.180 11.083 10.776 10.625    0.023 0.029 0.029 0.025 0.029  A 8615
   2445.50963 10.756 10.836 10.866 10.596 10.416    0.025 0.029 0.027 0.030 0.033  A 9038
   2453.47623 10.606 10.837 10.723 10.500 10.396    0.034 0.044 0.040 0.038 0.042  A 9563
   2456.50004 10.628 10.765 10.728 10.581 10.488    0.034 0.047 0.042 0.036 0.039  A 10018
   2468.46877 10.669 10.881 10.776 10.543 10.424    0.024 0.033 0.031 0.027 0.030  A 11642
   2470.50853 29.999 29.999 29.999 29.999 29.999    0.027 0.038 0.035 0.029 0.032  C 11940
   2483.47952 10.599 10.856 10.724 10.463 10.343    0.057 0.061 0.058 0.067 0.079  B 13261
   2622.75940 11.175 11.317 11.292 10.992 10.793    0.026 0.034 0.027 0.031 0.034  A 30019
   2624.81539 29.999 29.999 29.999 29.999 29.999    0.033 0.031 0.032 0.038 0.042  C 30328
   2628.77794 10.770 10.925 10.849 10.629 10.494    0.032 0.033 0.031 0.037 0.042  A 30781
   2635.78951 10.596 10.772 10.691 10.499 10.368    0.038 0.036 0.039 0.045 0.051  A 32294
   2637.85843 10.845 11.057 10.958 10.723 10.596    0.037 0.030 0.035 0.043 0.048  A 32614
   2640.80680 10.840 10.888 10.891 10.703 10.522    0.027 0.029 0.028 0.032 0.036  A 33053
   2643.80401 10.919 11.095 11.048 10.771 10.631    0.032 0.030 0.031 0.036 0.040  A 33493
   2646.76314 10.605 10.758 10.709 10.487 10.373    0.028 0.027 0.027 0.033 0.036  A 33927
   2650.75193 10.734 10.796 10.826 10.608 10.463    0.022 0.026 0.026 0.025 0.028  A 34331
   2652.76734 10.753 10.857 10.827 10.592 10.438    0.022 0.024 0.022 0.027 0.030  A 34643
   2655.77280 10.847 10.935 10.932 10.690 10.494    0.026 0.028 0.025 0.031 0.034  A 35289
   2660.78863 10.815 10.979 10.895 10.649 10.505    0.028 0.032 0.026 0.034 0.039  A 36003
   2662.78205 10.745 10.868 10.829 10.579 10.429    0.025 0.026 0.027 0.028 0.032  A 36343
   2664.78738 10.870 11.042 10.958 10.734 10.595    0.023 0.024 0.024 0.027 0.030  A 36688
   2666.77680 10.822 10.884 10.904 10.678 10.502    0.026 0.025 0.027 0.031 0.035  A 37010
   2670.81946 10.904 11.117 11.023 10.712 10.558    0.028 0.031 0.035 0.032 0.036  A 37668
   2672.79903 10.802 10.830 10.865 10.653 10.485    0.023 0.030 0.024 0.027 0.031  A 37994
   2674.77490 10.950 11.067 11.039 10.784 10.583    0.027 0.027 0.026 0.032 0.036  A 38327
   2676.75907 11.023 11.123 11.130 10.848 10.628    0.024 0.025 0.025 0.027 0.030  A 38686
   2678.74790 10.554 10.697 10.625 10.467 10.371    0.042 0.034 0.039 0.050 0.057  A 39022
   2684.69487 10.567 10.681 10.603 10.491 10.393    0.040 0.034 0.038 0.047 0.054  A 40018
   2686.72598 10.875 11.054 10.980 10.675 10.514    0.029 0.030 0.032 0.034 0.039  A 40398
   2688.73032 10.802 10.895 10.890 10.645 10.481    0.026 0.027 0.026 0.031 0.035  A 40764
   2690.73496 10.770 10.860 10.840 10.623 10.438    0.028 0.034 0.029 0.032 0.035  A 41134
   2692.79172 10.935 11.061 11.017 10.781 10.567    0.027 0.035 0.028 0.031 0.034  A 41475
   2696.73538 10.576 10.856 10.703 10.442 10.350    0.032 0.028 0.031 0.038 0.043  A 42131
   2698.76483 10.614 10.854 10.722 10.493 10.393    0.030 0.028 0.030 0.036 0.039  A 42562
   2700.72757 10.511 10.622 10.601 10.424 10.344    0.040 0.033 0.036 0.044 0.047  A 42933
   2704.71374 10.658 10.829 10.743 10.541 10.435    0.037 0.034 0.038 0.046 0.050  A 43693
   2706.68563 10.715 10.836 10.800 10.550 10.401    0.025 0.027 0.027 0.030 0.033  A 44051
   2710.65241 10.803 10.940 10.901 10.631 10.475    0.024 0.027 0.024 0.028 0.031  A 44756
   2712.63129 10.531 10.638 10.578 10.453 10.356    0.042 0.034 0.038 0.048 0.053  A 45120
   2713.75355 11.224 11.261 11.332 11.007 10.739    0.031 0.031 0.033 0.035 0.038  A 45367
   2715.70058 10.792 10.926 10.859 10.624 10.459    0.028 0.030 0.028 0.034 0.038  A 45720
   2717.78991 10.788 10.890 10.888 10.648 10.492    0.028 0.037 0.030 0.034 0.038  A 45920
   2720.63791 11.050 11.277 11.181 10.824 10.635    0.026 0.028 0.025 0.031 0.035  A 46293
   2721.81834 10.623 10.851 10.697 10.534 10.417    0.058 0.045 0.047 0.066 0.076  B 46559
   2723.68858 10.742 10.909 10.820 10.589 10.441    0.024 0.029 0.026 0.028 0.031  A 46893
   2724.84101 10.741 10.873 10.835 10.614 10.476    0.026 0.031 0.025 0.030 0.034  A 47148
   2726.70432 10.780 10.889 10.870 10.615 10.447    0.027 0.028 0.031 0.030 0.032  A 47491
   2730.66399 10.945 11.266 11.075 10.789 10.662    0.023 0.028 0.028 0.027 0.030  A 48277
   2732.77181 10.708 10.777 10.790 10.584 10.433    0.027 0.043 0.031 0.032 0.036  A 48469
   2734.63396 10.589 10.693 10.661 10.496 10.392    0.038 0.031 0.037 0.043 0.048  A 48823
   2737.81470 10.822 10.910 10.891 10.684 10.526    0.029 0.031 0.029 0.034 0.038  A 49496
   2739.70209 10.799 10.879 10.855 10.650 10.480    0.026 0.034 0.026 0.030 0.034  A 49785
   2741.66029 11.130 11.269 11.245 10.875 10.678    0.027 0.029 0.027 0.032 0.035  A 50161
   2742.79461 10.622 10.886 10.712 10.512 10.413    0.045 0.043 0.040 0.054 0.062  A 50423
   2744.65056 10.785 10.828 10.837 10.642 10.458    0.028 0.030 0.027 0.033 0.037  A 50739
   2747.72247 10.837 10.930 10.911 10.679 10.502    0.031 0.043 0.031 0.037 0.042  A 51039
   2752.65812 11.002 11.143 11.111 10.783 10.601    0.026 0.031 0.028 0.030 0.034  A 52032
   2754.75799 10.719 10.913 10.810 10.607 10.484    0.027 0.031 0.026 0.032 0.036  A 52293
   2756.70649 10.967 11.180 11.104 10.795 10.634    0.023 0.026 0.024 0.027 0.031  A 52684
   2758.76251 10.752 10.900 10.837 10.611 10.471    0.023 0.024 0.024 0.028 0.031  A 53068
   2760.63020 10.811 10.904 10.888 10.681 10.496    0.024 0.027 0.024 0.028 0.031  A 53421
   2762.62400 10.919 11.010 10.984 10.796 10.650    0.049 0.044 0.046 0.059 0.069  A 53827
   2764.60104 10.825 10.899 10.905 10.690 10.536    0.023 0.030 0.025 0.027 0.030  A 54230
   2769.73686 10.747 10.803 10.824 10.611 10.475    0.028 0.034 0.030 0.035 0.039  A 54693
   2775.52440 10.876 11.026 10.998 10.710 10.568    0.029 0.028 0.031 0.034 0.039  A 55034
   2776.63205 10.676 10.798 10.770 10.541 10.410    0.028 0.037 0.030 0.033 0.036  A 55304
   2782.54971 10.615 10.870 10.735 10.479 10.379    0.025 0.035 0.037 0.028 0.031  A 55677
   2783.69983 11.137 11.256 11.244 10.948 10.746    0.027 0.029 0.027 0.033 0.037  A 55960
   2785.63208 10.774 10.958 10.881 10.611 10.448    0.027 0.036 0.028 0.033 0.037  A 56353
   2787.58884 10.682 10.840 10.787 10.540 10.411    0.023 0.027 0.024 0.027 0.030  A 56773
   2790.61425 10.909 11.102 11.031 10.753 10.604    0.032 0.035 0.030 0.037 0.042  A 57316
   2793.51308 10.752 10.870 10.825 10.599 10.453    0.024 0.025 0.023 0.029 0.033  A 57775
   2796.50281 11.079 11.265 11.205 10.920 10.719    0.024 0.027 0.026 0.027 0.030  A 58328
   2803.62606 10.901 10.911 10.975 10.751 10.575    0.103 0.082 0.091 0.128 0.151  D 58860
   2808.61057 10.658 10.827 10.750 10.545 10.419    0.026 0.033 0.027 0.029 0.032  A 59295
   2810.53163 10.591 10.788 10.671 10.491 10.400    0.030 0.033 0.037 0.032 0.034  A 59688
   2812.52969 10.868 11.184 11.014 10.725 10.611    0.029 0.037 0.032 0.033 0.035  A 60137
   2820.60753 10.702 10.840 10.812 10.589 10.461    0.028 0.030 0.030 0.033 0.038  A 61502
   2826.49051 10.665 10.811 10.749 10.551 10.420    0.024 0.031 0.029 0.027 0.030  A 61974
   2829.54573 10.735 10.865 10.824 10.636 10.514    0.030 0.036 0.034 0.035 0.040  A 62250
   2831.58084 10.661 10.856 10.737 10.530 10.431    0.030 0.033 0.031 0.035 0.040  A 62707
   2838.54110 11.000 11.179 11.103 10.833 10.650    0.026 0.031 0.028 0.030 0.034  A 63860
   2842.47965 10.710 10.825 10.785 10.576 10.432    0.040 0.038 0.039 0.048 0.055  A 64684
   2845.47594 10.933 11.097 11.046 10.791 10.634    0.023 0.030 0.029 0.026 0.030  A 65156
   2851.50604 10.731 10.837 10.815 10.614 10.493    0.027 0.028 0.029 0.031 0.035  A 65386
   2854.49717 10.703 10.862 10.798 10.583 10.466    0.024 0.030 0.028 0.028 0.032  A 65826
   2858.49825 10.743 10.854 10.820 10.610 10.472    0.027 0.032 0.029 0.032 0.036  A 66265
   2861.47524 10.909 11.123 11.039 10.723 10.570    0.027 0.031 0.028 0.033 0.037  A 66902
   2866.46991 11.127 11.299 11.258 10.944 10.767    0.026 0.028 0.028 0.030 0.034  A 67490
   2929.87923 99.999 99.999 99.999 99.999 99.999    0.049 0.042 0.045 0.060 0.070  C 76465
   2934.87418 10.676 10.796 10.752 10.567 10.432    0.029 0.032 0.030 0.035 0.039  A 77352
   2946.85941 10.682 10.879 10.788 10.564 10.449    0.026 0.032 0.029 0.031 0.035  A 78923
   2956.84551 10.685 10.794 10.755 10.568 10.451    0.031 0.034 0.032 0.038 0.044  A 80322
   2960.84824 10.671 10.835 10.773 10.530 10.404    0.027 0.028 0.027 0.033 0.037  A 80865
   2964.82932 10.919 11.021 11.036 10.769 10.583    0.029 0.029 0.030 0.035 0.040  A 81424
   2968.82013 10.789 10.957 10.873 10.645 10.497    0.045 0.043 0.041 0.054 0.061  A 81980
   2973.83284 10.787 10.917 10.852 10.652 10.489    0.031 0.034 0.029 0.038 0.042  A 82521
   2976.80140 10.748 10.860 10.826 10.618 10.490    0.029 0.030 0.028 0.034 0.037  A 82920
   2982.84937 10.751 10.841 10.844 10.638 10.502    0.039 0.032 0.034 0.047 0.054  A 83726
   2986.78962 10.915 10.966 10.998 10.774 10.601    0.027 0.028 0.026 0.033 0.038  A 84230
   2989.82418 10.803 10.925 10.886 10.664 10.510    0.024 0.025 0.025 0.029 0.033  A 84594
   2992.82410 10.687 10.830 10.775 10.557 10.438    0.038 0.033 0.035 0.045 0.051  A 84993
   2995.82351 10.907 11.064 11.009 10.748 10.616    0.032 0.032 0.030 0.039 0.044  A 85383
   2998.81278 10.765 10.825 10.850 10.633 10.495    0.034 0.031 0.033 0.040 0.045  A 85790
   3008.78893 10.727 10.866 10.837 10.596 10.465    0.032 0.030 0.031 0.038 0.044  A 86903
   3011.80485 10.809 10.993 10.902 10.659 10.519    0.031 0.028 0.029 0.037 0.042  A 87312
   3018.78219 10.879 11.012 10.977 10.737 10.589    0.029 0.027 0.028 0.035 0.040  A 88070
   3028.82794 11.033 11.124 11.131 10.869 10.677    0.025 0.025 0.027 0.030 0.034  A 88604
   3031.75931 10.727 10.832 10.802 10.594 10.463    0.029 0.027 0.028 0.034 0.038  A 88881
   3034.73419 10.959 11.267 11.099 10.774 10.622    0.032 0.028 0.029 0.038 0.044  A 89167
   3036.80769 10.727 10.828 10.827 10.602 10.453    0.026 0.030 0.027 0.032 0.036  A 89418
   3040.82339 10.754 10.829 10.852 10.609 10.449    0.028 0.028 0.029 0.035 0.039  A 89617
   3043.73086 10.706 10.866 10.785 10.587 10.476    0.035 0.033 0.034 0.042 0.049  A 89960
   3046.71747 10.736 10.849 10.843 10.621 10.488    0.028 0.028 0.028 0.034 0.038  A 90360
   3052.69658 10.641 10.846 10.724 10.519 10.426    0.027 0.028 0.027 0.031 0.035  A 91153
   3054.75026 10.770 10.855 10.850 10.645 10.504    0.031 0.030 0.032 0.037 0.041  A 91442
   3057.68065 10.874 10.976 10.942 10.729 10.558    0.028 0.027 0.026 0.033 0.037  A 91833
   3061.78479 10.844 10.978 10.943 10.704 10.554    0.027 0.026 0.027 0.032 0.036  A 92407
   3064.66456 10.702 10.835 10.762 10.584 10.465    0.027 0.026 0.027 0.032 0.036  A 92757
   3067.70646 10.821 11.071 10.950 10.664 10.541    0.028 0.031 0.029 0.033 0.037  A 93070
   3069.71757 10.635 10.777 10.708 10.505 10.388    0.038 0.034 0.035 0.045 0.053  A 93367
   3071.73851 10.824 11.142 10.943 10.681 10.571    0.034 0.032 0.033 0.041 0.048  A 93661
   3073.76624 10.691 10.816 10.774 10.557 10.426    0.030 0.028 0.029 0.036 0.040  A 93915
   3075.76689 10.850 10.884 10.919 10.699 10.517    0.032 0.029 0.030 0.039 0.044  A 94184
   3077.81446 10.888 10.963 10.948 10.751 10.590    0.033 0.029 0.030 0.040 0.046  A 94480
   3079.87028 10.664 10.935 10.767 10.533 10.414    0.033 0.031 0.031 0.040 0.046  A 94789
   3082.61793 10.664 10.889 10.746 10.530 10.426    0.029 0.029 0.029 0.034 0.039  A 95149
   3086.66658 10.762 10.836 10.841 10.611 10.443    0.029 0.030 0.027 0.034 0.040  A 95462
   3088.67242 11.127 11.272 11.248 10.943 10.763    0.059 0.053 0.056 0.066 0.075  B 95776
   3090.67747 10.729 10.896 10.818 10.580 10.453    0.036 0.031 0.034 0.042 0.048  A 96081
   3092.67019 10.733 10.868 10.833 10.588 10.455    0.026 0.026 0.028 0.031 0.034  A 96388
   3096.65404 10.777 10.849 10.843 10.638 10.475    0.027 0.027 0.026 0.033 0.038  A 96659
   3098.66907 10.807 10.929 10.899 10.650 10.488    0.029 0.028 0.028 0.035 0.040  A 96980
   3100.70132 10.747 10.921 10.843 10.602 10.475    0.032 0.032 0.030 0.039 0.045  A 97293
   3102.70311 10.740 10.849 10.829 10.580 10.438    0.031 0.030 0.029 0.037 0.041  A 97614
   3104.71619 11.065 11.218 11.178 10.886 10.716    0.038 0.033 0.036 0.048 0.057  A 97933
   3106.71633 10.679 10.854 10.777 10.537 10.418    0.027 0.030 0.026 0.032 0.036  A 98246
   3108.71859 10.671 10.946 10.791 10.534 10.416    0.026 0.028 0.026 0.032 0.035  A 98562
   3110.72960 10.772 10.903 10.875 10.618 10.452    0.030 0.029 0.029 0.035 0.040  A 98882
   3112.74102 10.741 10.871 10.840 10.598 10.455    0.033 0.033 0.031 0.040 0.045  A 99194
   3114.77296 10.910 11.246 11.078 10.734 10.601    0.028 0.029 0.028 0.033 0.037  A 99537
   3118.64049 10.728 10.877 10.802 10.581 10.431    0.026 0.029 0.025 0.031 0.036  A 99921
   3122.57192 10.921 11.076 11.037 10.788 10.643    0.032 0.031 0.031 0.038 0.044  A 100185
   3124.59808 10.741 10.811 10.820 10.599 10.436    0.025 0.026 0.024 0.030 0.034  A 100534
   3126.61532 11.077 11.144 11.159 10.901 10.698    0.033 0.031 0.030 0.040 0.046  A 100870
   3129.73555 10.764 10.862 10.815 10.627 10.461    0.042 0.040 0.038 0.051 0.060  A 101397
   3131.76057 10.732 10.936 10.827 10.587 10.449    0.035 0.033 0.032 0.042 0.048  A 101691
   3134.51072 10.792 10.853 10.861 10.670 10.531    0.029 0.030 0.030 0.033 0.037  A 102096
   3142.56719 10.846 10.963 10.931 10.708 10.539    0.025 0.027 0.024 0.030 0.033  A 103084
   3145.59201 10.641 10.811 10.731 10.514 10.407    0.026 0.027 0.028 0.031 0.035  A 103399
   3153.50571 10.758 10.898 10.845 10.602 10.448    0.031 0.031 0.029 0.038 0.044  A 103717
   3154.68293 10.774 10.829 10.839 10.641 10.492    0.028 0.030 0.027 0.033 0.038  A 103957
   3158.57238 10.889 10.944 10.948 10.738 10.554    0.032 0.035 0.029 0.038 0.043  A 104380
   3160.58157 10.800 10.889 10.884 10.652 10.493    0.032 0.033 0.030 0.039 0.045  A 104675
   3163.58983 10.811 10.894 10.868 10.653 10.473    0.030 0.030 0.028 0.036 0.041  A 105005
   3165.59003 10.774 10.913 10.876 10.615 99.999    0.028 0.027 0.026 0.032 0.036  C 105352
   3168.60167 10.744 10.807 10.819 10.656 10.542    0.034 0.035 0.036 0.039 0.044  A 105741
   3171.60174 10.673 10.862 10.753 10.541 10.418    0.029 0.030 0.030 0.034 0.039  A 106171
   3175.58873 11.021 11.200 11.165 10.853 10.691    0.026 0.027 0.026 0.031 0.036  A 106570
   3177.58929 10.665 10.767 10.760 10.562 10.440    0.028 0.028 0.029 0.032 0.036  A 106889
   3179.62064 10.824 10.995 10.914 10.664 10.510    0.027 0.027 0.027 0.032 0.036  A 107206
   3183.57219 10.777 10.838 10.839 10.649 10.491    0.028 0.029 0.027 0.034 0.038  A 107633
   3185.57843 10.878 11.100 10.994 10.710 10.564    0.032 0.029 0.030 0.039 0.044  A 107913
   3189.50595 10.692 10.824 10.796 10.548 10.410    0.034 0.030 0.032 0.041 0.047  A 108384
   3357.80389 10.660 10.776 10.742 10.506 10.368    0.040 0.067 0.042 0.047 0.051  B 124637
   3365.84411 10.832 10.986 10.960 10.666 10.513    0.044 0.054 0.043 0.053 0.059  A 125121
   3382.84456 10.730 10.868 10.818 10.593 10.444    0.039 0.048 0.038 0.047 0.053  A 125699
   3384.74230 10.679 10.789 10.761 10.522 10.377    0.047 0.054 0.045 0.054 0.059  A 125921
   3387.77196 10.819 11.044 10.954 10.638 10.495    0.044 0.046 0.042 0.052 0.060  A 126364
   3390.77210 10.731 10.835 10.812 10.579 10.420    0.037 0.043 0.037 0.045 0.050  A 126768
   3393.82886 10.711 10.882 10.845 10.549 10.404    0.043 0.058 0.043 0.052 0.058  A 127064
   3396.75876 10.822 10.885 10.896 10.658 10.473    0.043 0.068 0.043 0.051 0.056  B 127419
   3404.79417 10.668 10.861 10.759 10.523 10.398    0.034 0.036 0.032 0.040 0.043  A 128464
   3407.71786 10.748 10.852 10.838 10.610 10.472    0.031 0.032 0.031 0.036 0.039  A 128907
   3409.78119 99.999 99.999 99.999 99.999 99.999    0.038 0.058 0.040 0.043 0.047  C 129240
   3412.71377 10.691 10.839 10.791 10.545 10.391    0.032 0.040 0.032 0.037 0.040  A 129655
   3414.76751 10.816 10.994 10.898 10.648 10.507    0.030 0.031 0.029 0.035 0.040  A 129991
   3416.76187 10.669 10.864 10.743 10.538 10.424    0.029 0.031 0.027 0.035 0.040  A 130313
   3418.79901 11.142 11.225 11.221 10.951 10.688    0.061 0.080 0.059 0.070 0.077  B 130635
   3420.77843 10.742 10.846 10.843 10.577 10.408    0.035 0.036 0.033 0.040 0.045  A 130952
   3422.80084 99.999 10.864 10.768 99.999 99.999    0.037 0.039 0.034 0.045 0.051  C 131269
   3424.77096 11.095 11.239 11.201 10.901 10.703    0.032 0.039 0.032 0.040 0.044  A 131555
   3426.75130 10.679 10.847 10.777 10.522 10.386    0.032 0.036 0.031 0.037 0.041  A 131884
   3430.78176 10.778 10.952 10.914 10.610 10.461    0.028 0.030 0.026 0.033 0.037  A 132245
   3432.78394 10.714 10.841 10.820 10.555 10.408    0.031 0.033 0.030 0.037 0.042  A 132572
   3434.81888 11.291 11.367 11.354 11.044 10.731    0.052 0.098 0.056 0.058 0.062  D 132901
   3438.67850 10.706 10.823 10.789 10.578 10.447    0.026 0.029 0.027 0.031 0.034  A 133188
   3442.64720 10.777 11.086 10.908 10.621 10.504    0.029 0.037 0.030 0.034 0.037  A 133594
   3444.66819 10.720 10.767 10.766 10.576 10.398    0.056 0.080 0.054 0.064 0.069  B 133933
   3446.68323 11.052 11.169 11.149 10.866 10.674    0.030 0.040 0.031 0.036 0.040  A 134541
   3448.67780 10.752 10.907 10.841 10.607 10.453    0.040 0.043 0.039 0.047 0.052  A 134921
   3450.65997 10.758 10.827 10.836 10.591 10.416    0.045 0.072 0.047 0.052 0.058  B 135253
   3452.78770 10.731 10.858 10.819 10.572 10.394    0.045 0.056 0.045 0.053 0.059  A 135544
   3454.80336 10.826 10.973 10.919 10.660 10.481    0.041 0.065 0.042 0.049 0.056  A 135885
   3456.79798 11.049 11.099 11.116 10.865 10.639    0.043 0.063 0.043 0.050 0.056  A 136237
   3458.81656 10.628 10.777 10.740 10.481 10.366    0.039 0.059 0.041 0.045 0.050  A 136598
   3461.57720 10.696 10.811 10.761 10.552 10.397    0.038 0.043 0.038 0.044 0.049  A 137015
   3463.63884 11.043 11.266 11.197 10.830 10.661    0.030 0.034 0.031 0.036 0.041  A 137318
   3465.66134 10.835 10.964 10.898 10.683 10.479    0.041 0.073 0.041 0.048 0.053  B 137665
   3468.65103 11.154 11.323 11.248 10.959 10.744    0.029 0.032 0.029 0.034 0.039  A 138102
   3470.66617 10.717 10.796 10.807 10.570 10.414    0.028 0.036 0.029 0.034 0.038  A 138413
   3472.67053 10.735 10.893 10.838 10.580 10.433    0.030 0.032 0.030 0.037 0.041  A 138725
   3474.71806 10.774 10.902 10.861 10.627 10.466    0.040 0.039 0.037 0.048 0.054  A 139066
   3477.54942 10.672 10.838 10.772 10.521 10.387    0.031 0.036 0.029 0.036 0.040  A 139515
   3479.58582 10.943 11.118 11.054 10.759 10.572    0.031 0.037 0.030 0.037 0.041  A 139838
   3481.59073 10.645 10.880 10.775 10.488 10.377    0.030 0.034 0.030 0.037 0.041  A 140161
   3483.62350 10.761 10.866 10.850 10.621 10.453    0.036 0.036 0.033 0.044 0.049  A 140490
   3486.75436 10.741 10.881 10.846 10.589 10.434    0.043 0.052 0.042 0.052 0.060  A 140742
   3490.60690 11.111 11.342 11.253 10.900 10.674    0.041 0.050 0.040 0.048 0.053  A 141126
   3492.60390 10.625 10.748 10.743 10.461 10.327    0.050 0.087 0.052 0.056 0.061  B 141465
   3496.60517 10.896 11.017 11.020 10.748 10.585    0.027 0.030 0.028 0.032 0.036  A 141743
   3499.59409 10.691 10.817 10.807 10.528 10.376    0.031 0.041 0.030 0.037 0.042  A 142104
   3501.61205 11.019 11.138 11.127 10.831 10.626    0.030 0.035 0.029 0.035 0.040  A 142441
   3503.66014 10.736 10.819 10.809 10.596 10.436    0.031 0.035 0.030 0.037 0.041  A 142814
   3506.68281 10.788 10.924 10.891 10.644 10.511    0.039 0.050 0.040 0.045 0.049  A 143157
   3509.67714 10.650 10.860 10.783 10.499 10.386    0.031 0.038 0.033 0.037 0.041  A 143435
   3511.70960 10.774 10.922 10.862 10.612 10.489    0.035 0.049 0.037 0.042 0.048  A 143695
   3516.48886 10.677 10.889 10.793 10.509 10.383    0.049 0.045 0.044 0.058 0.065  A 144127
   3518.64404 10.734 10.872 10.825 10.571 10.395    0.067 0.065 0.059 0.083 0.096  D 144522
   3522.47375 10.714 10.887 10.800 10.559 10.404    0.038 0.042 0.035 0.046 0.052  A 144965
   3524.51629 10.816 10.902 10.896 10.656 10.488    0.039 0.038 0.036 0.045 0.049  A 145297
   3528.54154 11.035 11.269 11.193 10.822 10.660    0.047 0.080 0.049 0.054 0.058  B 145983
   3530.53829 10.717 10.853 10.809 10.573 10.409    0.030 0.032 0.029 0.036 0.040  A 146338
   3538.52251 10.781 10.888 10.887 10.626 10.470    0.042 0.050 0.040 0.050 0.056  A 146803
   3543.56296 10.813 10.916 10.893 10.644 10.460    0.042 0.042 0.038 0.050 0.057  A 147531
   3547.54970 10.783 10.909 10.851 10.634 10.459    0.031 0.037 0.032 0.036 0.040  A 148004
   3552.51153 10.681 10.796 10.777 10.555 10.432    0.069 0.061 0.062 0.082 0.095  D 148427
   3561.49470 11.114 11.325 11.253 10.848 10.638    0.037 0.055 0.038 0.042 0.046  A 149697
   3563.51481 10.771 10.857 10.830 10.625 10.459    0.030 0.031 0.028 0.035 0.040  A 150043
   3569.54516 10.700 10.875 10.806 10.576 10.456    0.031 0.034 0.032 0.037 0.042  A 150540
   3573.54458 10.658 10.906 10.783 10.522 10.421    0.034 0.039 0.037 0.040 0.046  A 151081
   3576.52957 10.945 11.094 11.080 10.761 10.578    0.029 0.038 0.028 0.034 0.038  A 151606
   3583.51365 10.746 10.907 10.854 10.587 10.424    0.035 0.049 0.036 0.042 0.047  A 152792
   3586.49340 10.787 10.946 10.872 10.625 10.457    0.032 0.042 0.030 0.038 0.042  A 153313
   3589.48079 10.730 10.952 10.858 10.539 10.399    0.035 0.048 0.034 0.041 0.046  A 153792
   3592.47666 10.818 10.955 10.911 10.652 10.469    0.033 0.043 0.033 0.039 0.043  A 154312
   3597.47914 10.830 10.951 10.931 10.666 10.503    0.042 0.051 0.040 0.050 0.056  A 155084
   3660.87882 10.741 10.892 10.846 10.558 10.390    0.050 0.066 0.049 0.058 0.065  A 162863
   3672.86965 10.700 10.863 10.796 10.551 10.421    0.038 0.045 0.038 0.046 0.052  A 164478
   3701.84123 10.998 11.391 11.202 10.773 10.626    0.049 0.047 0.045 0.060 0.068  A 168247
   3705.83824 10.828 10.957 10.899 10.683 10.500    0.048 0.074 0.048 0.056 0.062  B 168773
   3713.81494 10.721 10.821 10.813 10.563 10.428    0.043 0.073 0.046 0.050 0.055  B 169611
   3720.82854 10.632 10.902 10.769 10.451 10.323    0.042 0.052 0.040 0.049 0.055  A 170502
   3724.81887 10.818 10.976 10.897 10.658 10.483    0.042 0.075 0.045 0.048 0.054  B 170928
   3727.82185 10.779 10.854 10.843 10.633 10.471    0.044 0.054 0.044 0.052 0.059  A 171340
   3731.82865 10.756 10.882 10.815 10.617 10.459    0.041 0.044 0.040 0.047 0.052  A 171750
   3735.77911 10.774 10.903 10.882 10.623 10.474    0.033 0.046 0.035 0.039 0.044  A 172260
   3738.82854 10.792 10.939 10.900 10.623 10.466    0.037 0.045 0.037 0.043 0.048  A 172698
   3741.80793 10.747 10.848 10.849 10.583 10.431    0.036 0.049 0.037 0.042 0.047  A 173082
   3744.81203 11.055 11.202 11.171 10.843 10.651    0.041 0.044 0.039 0.049 0.054  A 173474
   3747.78946 10.651 10.810 10.766 10.492 10.356    0.039 0.038 0.036 0.048 0.055  A 173866
   3750.78953 11.115 11.311 11.250 10.901 10.660    0.038 0.040 0.036 0.047 0.051  A 174294
   3753.76654 10.780 10.856 10.877 10.596 10.441    0.049 0.072 0.049 0.057 0.063  B 174692
   3756.76748 10.883 11.072 11.021 10.691 10.539    0.052 0.057 0.048 0.063 0.072  B 175103
   3758.85072 10.734 10.846 10.817 10.580 10.420    0.035 0.042 0.035 0.042 0.047  A 175413
   3761.76455 11.128 11.325 11.250 10.900 10.675    0.046 0.063 0.045 0.055 0.061  A 175777
   3764.75223 10.656 10.748 10.742 10.508 10.367    0.043 0.071 0.046 0.048 0.053  B 176189
   3767.75424 10.908 10.966 10.984 10.733 10.534    0.043 0.051 0.042 0.051 0.056  A 176607
   3770.74263 10.711 10.838 10.786 10.555 10.379    0.059 0.061 0.055 0.068 0.075  B 177007
   3773.73263 10.797 10.907 10.894 10.635 10.462    0.041 0.045 0.038 0.049 0.055  A 177390
   3776.70345 10.654 10.955 10.805 10.490 10.360    0.039 0.050 0.038 0.047 0.053  A 177817
   3778.80027 10.709 10.898 10.810 10.547 10.406    0.037 0.036 0.034 0.045 0.051  A 178157
   3780.79151 10.688 10.925 10.801 10.528 10.382    0.039 0.052 0.039 0.047 0.053  A 178426
   3783.83573 10.739 10.786 10.837 10.571 10.427    0.055 0.084 0.056 0.063 0.071  B 178737
   3787.84437 10.886 11.012 11.018 10.681 10.512    0.038 0.049 0.037 0.043 0.049  A 178911
   3790.67461 10.732 10.861 10.831 10.578 10.430    0.037 0.047 0.037 0.045 0.050  A 179260
   3792.74503 10.782 10.901 10.843 10.629 10.456    0.038 0.050 0.038 0.045 0.050  A 179589
   3795.66772 10.791 10.938 10.900 10.624 10.462    0.033 0.043 0.034 0.039 0.044  A 179988
   3799.74853 10.917 11.027 11.007 10.739 10.546    0.043 0.046 0.042 0.049 0.053  A 180575
   3802.65073 10.796 10.885 10.878 10.622 10.453    0.046 0.056 0.044 0.052 0.059  A 180897
   3804.72727 11.088 11.302 11.216 10.875 10.670    0.040 0.042 0.038 0.048 0.055  A 181198
   3806.71216 10.685 10.847 10.797 10.515 10.373    0.035 0.036 0.033 0.043 0.049  A 181492
   3809.73005 10.942 11.163 11.071 10.745 10.570    0.042 0.051 0.040 0.051 0.058  A 181851
   3811.76289 10.760 10.871 10.829 10.620 10.468    0.036 0.036 0.034 0.043 0.049  A 182180
   3813.79924 10.777 10.927 10.879 10.605 10.460    0.037 0.045 0.035 0.045 0.050  A 182511
   3816.60651 11.201 11.321 11.300 10.979 10.733    0.037 0.051 0.037 0.044 0.049  A 182920
   3818.65819 10.711 10.848 10.807 10.561 10.415    0.032 0.035 0.030 0.039 0.043  A 183260
   3820.68763 10.959 11.123 11.042 10.789 10.584    0.037 0.042 0.036 0.044 0.049  A 183592
   3822.71939 10.703 10.808 10.784 10.546 10.383    0.037 0.042 0.035 0.044 0.050  A 183925
   3824.79371 10.925 11.060 11.022 10.751 10.547    0.036 0.036 0.033 0.042 0.048  A 184284
   3827.57894 11.079 11.219 11.190 10.882 10.696    0.033 0.039 0.033 0.039 0.044  A 184721
   3829.63874 10.701 10.806 10.792 10.548 10.414    0.031 0.040 0.033 0.036 0.041  A 185073
   3831.63535 10.743 10.981 10.868 10.581 10.457    0.034 0.036 0.033 0.041 0.046  A 185417
   3833.62448 10.750 10.893 10.826 10.604 10.482    0.045 0.047 0.041 0.056 0.064  A 185765
   3835.65224 10.745 10.869 10.861 10.587 10.430    0.042 0.043 0.039 0.051 0.059  A 186119
   3837.68938 10.927 11.122 11.038 10.747 10.587    0.070 0.057 0.058 0.088 0.102  D 186463
   3847.69022 11.141 11.269 11.238 10.946 10.688    0.044 0.048 0.042 0.052 0.059  A 186756
   3849.65364 10.790 10.900 10.862 10.637 10.448    0.032 0.043 0.032 0.038 0.043  A 187098
   3851.65318 10.781 10.905 10.865 10.628 10.467    0.034 0.054 0.038 0.040 0.044  A 187443
   3853.68931 11.062 11.216 11.157 10.868 10.645    0.033 0.042 0.033 0.040 0.044  A 187805
   3856.55365 10.699 10.803 10.786 10.542 10.389    0.035 0.046 0.036 0.041 0.045  A 188206
   3858.66017 11.106 11.300 11.237 10.892 10.680    0.046 0.063 0.047 0.050 0.055  A 188534
   3860.68103 10.766 10.814 10.826 10.635 10.483    0.031 0.038 0.030 0.036 0.041  A 188844
   3862.60716 10.711 10.806 10.761 10.567 10.411    0.032 0.047 0.034 0.038 0.042  A 189190
   3864.63147 11.013 11.326 11.193 10.762 10.598    0.035 0.044 0.034 0.042 0.047  A 189533
   3866.64620 10.739 10.861 10.836 10.581 10.413    0.035 0.039 0.033 0.043 0.048  A 189892
   3868.68791 10.787 10.939 10.912 10.611 10.474    0.046 0.075 0.047 0.053 0.060  B 190212
   3870.68466 10.743 10.822 10.833 10.598 10.450    0.039 0.046 0.038 0.047 0.052  A 190574
   3872.68281 10.779 10.897 10.861 10.622 10.450    0.039 0.052 0.041 0.044 0.049  A 190946
   3876.62719 10.752 10.887 10.831 10.576 10.402    0.037 0.046 0.038 0.044 0.049  A 191337
   3881.70049 10.696 10.875 10.815 10.538 10.411    0.036 0.057 0.039 0.042 0.047  A 192014
   3886.47889 10.712 10.903 10.808 10.559 10.434    0.027 0.032 0.028 0.033 0.038  A 192415
   3888.50816 10.764 10.924 10.861 10.630 10.507    0.113 0.083 0.092 0.142 0.168  D 192802
   3890.51788 10.708 10.850 10.827 10.555 10.403    0.031 0.038 0.030 0.037 0.041  A 193137
   3892.53336 11.119 11.324 11.238 10.909 10.697    0.030 0.036 0.031 0.036 0.041  A 193490
   3894.61444 10.701 10.829 10.790 10.569 10.428    0.030 0.031 0.031 0.037 0.042  A 193848
   3897.65295 10.774 10.889 10.862 10.628 10.463    0.043 0.039 0.039 0.053 0.060  A 194203
   3900.51738 10.727 10.805 10.794 10.580 10.427    0.036 0.040 0.034 0.043 0.049  A 194618
   3902.55524 11.112 11.186 11.191 10.914 10.688    0.040 0.044 0.038 0.047 0.052  A 195001
   3906.57886 10.770 10.914 10.858 10.628 10.461    0.031 0.034 0.030 0.037 0.040  A 195771
   3908.57873 10.806 10.960 10.940 10.616 10.477    0.035 0.059 0.037 0.041 0.045  A 196159
   4090.80124 10.792 10.933 10.862 10.656 10.486    0.042 0.066 0.045 0.048 0.053  A 209307
   4104.76781 10.753 10.852 10.863 10.586 10.431    0.048 0.050 0.044 0.059 0.068  A 210742
   4107.79531 10.718 10.917 10.824 10.564 10.437    0.033 0.036 0.033 0.040 0.045  A 211157
   4111.85304 10.723 10.887 10.850 10.540 10.366    0.056 0.078 0.055 0.065 0.071  B 211460
   4126.74256 10.762 10.888 10.837 10.632 10.485    0.033 0.039 0.034 0.038 0.042  A 211702
   4128.81201 10.775 10.852 10.858 10.626 10.475    0.049 0.074 0.050 0.056 0.062  B 211992
   4131.73568 10.841 10.994 10.923 10.701 10.528    0.035 0.042 0.034 0.041 0.046  A 212351
   4133.79361 10.761 10.871 10.827 10.605 10.425    0.040 0.050 0.039 0.047 0.053  A 212639
   4136.73334 10.905 11.045 11.020 10.713 10.523    0.042 0.045 0.039 0.050 0.056  A 213015
   4146.69610 10.992 11.167 11.098 10.800 10.581    0.038 0.054 0.038 0.045 0.050  A 214433
   4149.78606 10.721 10.827 10.818 10.556 10.391    0.040 0.038 0.036 0.050 0.058  A 214709
   4151.82372 10.883 11.029 10.997 10.683 10.515    0.036 0.039 0.035 0.043 0.048  A 215026
   4156.73236 10.824 10.924 10.916 10.644 10.460    0.037 0.051 0.038 0.042 0.046  A 215743
   4158.76659 10.773 10.889 10.844 10.616 10.420    0.036 0.051 0.035 0.043 0.048  A 216033
   4160.77363 10.718 10.871 10.812 10.559 10.407    0.031 0.032 0.029 0.037 0.041  A 216350
   4162.73651 11.008 11.235 11.140 10.794 10.636    0.038 0.063 0.040 0.044 0.050  A 216659
   4164.75453 10.756 10.774 10.824 10.585 10.428    0.048 0.064 0.044 0.059 0.066  A 216942
   4167.70822 10.783 10.972 10.885 10.601 10.458    0.034 0.043 0.034 0.041 0.046  A 217338
   4172.76830 10.912 11.174 11.065 10.694 10.524    0.034 0.041 0.034 0.040 0.045  A 217955
   4175.62735 10.860 10.951 10.944 10.705 10.527    0.040 0.043 0.040 0.049 0.055  A 218377
   4177.75784 10.818 10.912 10.906 10.660 10.489    0.032 0.035 0.032 0.039 0.044  A 218647
   4180.67346 10.674 10.915 10.801 10.504 10.384    0.044 0.044 0.040 0.052 0.058  A 218998
   4182.70008 10.757 10.842 10.851 10.577 10.423    0.038 0.047 0.038 0.046 0.053  A 219281
   4184.71878 10.898 11.177 11.058 10.704 10.547    0.043 0.045 0.040 0.053 0.059  A 219577
   4187.82863 10.791 10.932 10.884 10.649 10.508    0.047 0.044 0.046 0.054 0.061  A 219855
   4190.58742 10.903 11.051 10.995 10.738 10.559    0.036 0.038 0.036 0.043 0.049  A 220219
   4192.63593 10.625 10.846 10.749 10.475 10.357    0.034 0.037 0.035 0.040 0.046  A 220560
   4194.66693 10.845 10.992 10.925 10.680 10.496    0.038 0.054 0.040 0.045 0.050  A 220884
   4197.66017 10.771 10.886 10.860 10.578 10.391    0.037 0.051 0.039 0.044 0.050  A 221207
   4199.78189 11.070 11.280 11.196 10.835 10.635    0.044 0.046 0.042 0.053 0.062  A 221427
   4202.78884 10.779 10.847 10.829 10.623 10.406    0.049 0.071 0.049 0.057 0.062  B 221680
   4204.81478 11.128 11.325 11.265 10.909 10.690    0.043 0.059 0.044 0.051 0.057  A 222010
   4208.65511 10.699 10.812 10.787 10.537 10.395    0.054 0.049 0.047 0.065 0.074  B 222341
   4213.58334 10.777 10.898 10.878 10.594 10.413    0.041 0.042 0.039 0.050 0.056  A 222565
   4216.62430 10.868 10.956 10.948 10.702 10.521    0.039 0.046 0.041 0.043 0.048  A 222862
   4226.60065 10.669 10.804 10.746 10.516 10.354    0.071 0.059 0.063 0.087 0.101  D 222997
   4228.61936 10.978 11.125 11.112 10.791 10.614    0.032 0.042 0.035 0.037 0.042  A 223337
   4230.62215 10.812 11.055 10.945 10.629 10.488    0.036 0.038 0.037 0.041 0.045  A 223681
   4232.61968 10.743 10.939 10.875 10.547 10.385    0.041 0.044 0.039 0.049 0.056  A 224025
   4234.62485 10.784 10.863 10.856 10.606 10.430    0.035 0.050 0.036 0.041 0.047  A 224395
   4238.67080 10.957 11.292 11.123 10.754 10.598    0.047 0.054 0.046 0.056 0.064  A 225024
   4245.55555 10.903 11.064 10.998 10.729 10.556    0.061 0.051 0.055 0.074 0.086  D 226009
   4247.57810 10.707 10.851 10.776 10.553 10.394    0.032 0.041 0.034 0.039 0.043  A 226384
   4250.62111 10.773 10.889 10.861 10.631 10.481    0.035 0.040 0.037 0.041 0.047  A 226669
   4254.60146 10.902 11.091 11.025 10.706 10.537    0.039 0.047 0.044 0.046 0.051  A 226999
   4256.67307 10.693 10.882 10.798 10.548 10.387    0.034 0.040 0.036 0.040 0.046  A 227263
   4259.51462 10.731 10.834 10.805 10.588 10.414    0.040 0.041 0.038 0.047 0.055  A 227634
   4267.50841 10.841 11.003 10.943 10.663 10.496    0.035 0.040 0.035 0.042 0.047  A 227804
   4269.53863 10.705 10.835 10.821 10.539 10.386    0.030 0.035 0.032 0.036 0.040  A 228120
   4274.57007 10.645 10.762 10.741 10.532 10.399    0.032 0.040 0.036 0.037 0.042  A 228668
   4277.57641 10.828 10.973 10.923 10.672 10.519    0.034 0.045 0.037 0.040 0.045  A 228984
   4283.59942 10.665 10.900 10.793 10.501 10.353    0.042 0.043 0.039 0.050 0.057  A 229624
   4285.59483 10.719 10.861 10.814 10.574 10.436    0.041 0.046 0.041 0.049 0.055  A 229967
   4292.49497 10.712 10.875 10.805 10.558 10.416    0.030 0.037 0.033 0.035 0.039  A 230822
   4294.50365 10.843 10.958 10.935 10.693 10.534    0.029 0.034 0.032 0.035 0.039  A 231180
   4296.50028 10.744 10.850 10.815 10.614 10.444    0.032 0.033 0.032 0.038 0.043  A 231521
   4298.51239 10.852 11.117 11.017 10.674 10.504    0.039 0.047 0.039 0.047 0.056  A 231882
   4300.47438 10.808 10.932 10.887 10.643 10.460    0.035 0.037 0.034 0.042 0.047  A 232230
   4303.54298 11.028 11.191 11.139 10.848 10.662    0.034 0.038 0.036 0.040 0.045  A 232733
   4305.52997 10.766 10.892 10.863 10.618 10.459    0.034 0.040 0.038 0.039 0.045  A 233107
   4309.53040 11.054 11.410 11.225 10.852 10.734    0.078 0.073 0.067 0.097 0.111  D 233757
   4312.50590 10.802 10.876 10.866 10.645 10.461    0.041 0.044 0.040 0.049 0.057  A 234178
   4317.46723 10.740 10.884 10.829 10.593 10.429    0.030 0.036 0.032 0.036 0.041  A 234771
   4330.46800 10.837 10.935 10.910 10.673 10.491    0.035 0.040 0.035 0.041 0.047  A 235260
   4410.84986 10.678 10.779 10.761 10.530 10.402    0.047 0.070 0.049 0.054 0.060  B 246040
   4423.84684 10.989 11.249 11.143 10.761 10.590    0.050 0.066 0.049 0.059 0.067  A 246802
   4428.84405 11.051 11.247 11.210 10.830 10.625    0.044 0.047 0.043 0.053 0.061  A 247238
   4432.82917 10.741 10.863 10.815 10.573 10.396    0.041 0.046 0.040 0.050 0.055  A 247732
   4436.81263 10.754 10.862 10.817 10.609 10.432    0.042 0.055 0.043 0.050 0.055  A 248215
   4440.80266 10.901 11.061 10.992 10.748 10.559    0.040 0.050 0.041 0.046 0.052  A 248717
   4448.79078 10.776 10.862 10.844 10.642 10.494    0.037 0.047 0.038 0.044 0.049  A 249560
   4455.79039 10.889 10.995 11.002 10.696 10.517    0.035 0.045 0.037 0.042 0.046  A 250390
   4458.81992 10.656 10.898 10.785 10.499 10.388    0.042 0.048 0.041 0.050 0.055  A 250759
   4462.77523 10.776 10.935 10.857 10.623 10.476    0.037 0.044 0.039 0.045 0.051  A 251222
   4465.80404 10.886 10.923 10.943 10.744 10.573    0.049 0.050 0.045 0.059 0.067  A 251580
   4468.82959 10.622 10.712 10.726 10.469 10.347    0.045 0.055 0.046 0.050 0.056  A 251915
   4472.82623 10.712 10.939 10.838 10.534 10.402    0.060 0.061 0.055 0.073 0.085  D 252288
   4476.80436 10.907 10.951 10.979 10.734 10.546    0.056 0.049 0.049 0.068 0.078  B 252698
   4479.79091 10.626 10.884 10.771 10.470 10.355    0.038 0.044 0.038 0.047 0.052  A 253067
   4482.80089 11.163 11.241 11.254 10.940 10.708    0.044 0.045 0.040 0.054 0.063  A 253371
   4486.73351 10.780 10.877 10.876 10.634 10.481    0.041 0.045 0.039 0.050 0.058  A 253741
   4489.75419 99.999 10.879 10.828 99.999 99.999    0.038 0.038 0.036 0.045 0.052  C 254103
   4492.74502 10.762 10.902 10.887 10.613 10.448    0.033 0.045 0.035 0.039 0.045  A 254436
   4494.80955 10.837 10.944 10.917 10.696 10.527    0.036 0.042 0.037 0.043 0.049  A 254707
   4498.75152 10.830 10.969 10.956 10.673 10.517    0.036 0.044 0.039 0.041 0.045  A 254942
   4501.73283 10.691 10.878 10.800 10.526 10.395    0.038 0.046 0.038 0.046 0.053  A 255314
   4504.71428 10.912 11.130 11.051 10.743 10.570    0.046 0.050 0.045 0.056 0.065  A 255729
   4506.78064 10.761 10.840 10.842 10.617 10.458    0.033 0.040 0.034 0.039 0.044  A 256039
   4508.83286 10.934 11.075 11.032 10.749 10.570    0.038 0.040 0.038 0.043 0.047  A 256340
   4511.70424 10.786 10.885 10.847 10.624 10.451    0.034 0.045 0.036 0.040 0.044  A 256703
   4515.71020 11.053 11.223 11.200 10.831 10.619    0.038 0.038 0.035 0.045 0.051  A 257038
   4517.76180 10.745 10.853 10.819 10.597 10.437    0.038 0.041 0.038 0.046 0.053  A 257304
   4519.77973 10.810 10.993 10.931 10.648 10.478    0.041 0.044 0.039 0.049 0.056  A 257619
   4521.86996 10.731 10.860 10.819 10.591 10.438    0.034 0.038 0.034 0.041 0.047  A 257922
   4524.66556 10.648 10.912 10.776 10.493 10.372    0.034 0.041 0.035 0.040 0.045  A 258300
   4526.73305 10.992 11.223 11.163 10.779 10.587    0.037 0.039 0.036 0.044 0.050  A 258610
   4528.80979 10.761 10.881 10.817 10.620 10.450    0.034 0.038 0.034 0.039 0.043  A 258939
   4531.65276 10.901 11.120 11.028 10.726 10.534    0.036 0.041 0.036 0.043 0.049  A 259335
   4535.64969 10.621 10.867 10.751 10.469 10.363    0.041 0.044 0.042 0.046 0.051  A 259774
   4537.69678 10.938 11.251 11.098 10.749 10.587    0.032 0.036 0.033 0.038 0.042  A 260099
   4539.69554 10.686 10.836 10.780 10.539 10.415    0.048 0.046 0.044 0.059 0.068  A 260390
   4541.69008 10.792 10.876 10.865 10.636 10.468    0.032 0.037 0.033 0.038 0.042  A 260686
   4543.69336 10.791 10.981 10.934 10.591 10.434    0.037 0.044 0.037 0.045 0.051  A 260999
   4545.71247 10.759 10.888 10.831 10.615 10.429    0.048 0.045 0.043 0.059 0.067  A 261296
   4547.74058 11.062 11.272 11.180 10.846 10.626    0.041 0.041 0.039 0.050 0.057  A 261640
   4554.65845 10.908 10.986 11.000 10.733 10.548    0.041 0.043 0.040 0.048 0.054  A 262546
   4558.72244 10.960 11.269 11.130 10.755 10.616    0.032 0.039 0.034 0.038 0.042  A 263221
   4560.70409 10.724 10.850 10.828 10.563 10.409    0.033 0.038 0.035 0.039 0.045  A 263545
   4562.74910 10.794 10.934 10.869 10.634 10.467    0.035 0.043 0.036 0.041 0.047  A 263897
   4564.82837 10.693 10.913 10.796 10.535 10.395    0.037 0.046 0.039 0.043 0.048  A 264255
   4567.56305 10.707 10.852 10.801 10.544 10.393    0.035 0.037 0.034 0.042 0.047  A 264669
   4569.60966 10.725 10.954 10.829 10.571 10.443    0.035 0.039 0.036 0.041 0.047  A 264989
   4571.61364 10.708 10.860 10.837 10.559 10.435    0.040 0.050 0.042 0.048 0.053  A 265328
   4573.64249 10.690 10.779 10.752 10.541 10.409    0.042 0.060 0.043 0.050 0.057  A 265683
   4575.67051 11.085 11.238 11.162 10.888 10.657    0.046 0.069 0.048 0.053 0.059  B 266008
#dataset= 3 ; 2 F1112-56_074
#desig= 111213-5850.8
#cra=   11.203493  11:12:12.6
#cdec= -58.846952 -58:50:49.0
#class= 0
#cmag_0= 10.980
#cmer_0=  0.170
#nskip_0= 4
#cmag_1= 10.816
#cmer_1=  0.120
#nskip_1= 1
#cmag_2= 10.698
#cmer_2=  0.101
#nskip_2= 1
#cmag_3= 10.579
#cmer_3=  0.100
#nskip_3= 5
#cmag_4= 10.489
#cmer_4=  0.096
#nskip_4= 5
#ra=   11.203493  11:12:12.6
#dec= -58.846952 -58:50:49.0
#     HJD      MAG_2  MAG_0  MAG_1  MAG_3  MAG_4    MER_2 MER_0 MER_1 MER_3 MER_4 GRADE FRAME
   1938.70392 10.782 11.236 10.979 10.613 10.523    0.025 0.034 0.030 0.030 0.034  A 8281
   1945.77246 10.610 11.174 10.834 10.450 10.363    0.028 0.039 0.035 0.031 0.036  A 8716
   1954.71585 10.796 10.952 10.896 10.677 10.569    0.042 0.058 0.049 0.048 0.053  A 9884
   1955.70884 10.765 10.897 10.868 10.662 10.530    0.034 0.049 0.042 0.039 0.042  A 10060
   1961.67752 10.737 11.071 10.941 10.603 10.481    0.032 0.048 0.041 0.035 0.037  A 10496
   1962.71414 10.601 10.798 10.713 10.481 10.384    0.038 0.056 0.048 0.042 0.042  A 10661
   1965.68534 10.838 11.000 10.927 10.724 10.626    0.035 0.051 0.043 0.038 0.040  A 11198
   1966.68773 10.689 10.886 10.785 10.589 10.494    0.038 0.055 0.047 0.042 0.042  A 11384
   1977.65162 10.687 10.818 10.778 10.584 10.522    0.051 0.072 0.061 0.057 0.058  B 11958
   1980.65933 10.545 10.669 10.622 10.452 10.377    0.050 0.072 0.060 0.056 0.056  B 12384
   1981.67870 10.760 10.889 10.851 10.653 10.566    0.047 0.069 0.059 0.051 0.050  B 12573
   1982.65093 10.805 10.969 10.901 10.677 10.587    0.041 0.061 0.051 0.044 0.045  A 12753
   1985.65304 10.586 10.665 10.627 10.533 10.433    0.050 0.075 0.063 0.051 0.052  D 13162
   1994.62397 10.594 10.639 10.638 10.555 10.466    0.056 0.086 0.072 0.058 0.058  D 13441
   2227.83238 10.644 10.787 10.714 10.555 10.445    0.048 0.067 0.057 0.055 0.057  B 39902
   2229.83013 10.619 10.752 10.682 10.525 10.402    0.056 0.078 0.067 0.060 0.063  D 40229
   2236.82445 10.781 10.876 10.819 10.714 10.619    0.051 0.071 0.061 0.055 0.058  B 41186
   2243.80645 10.630 10.731 10.662 10.551 10.462    0.059 0.081 0.069 0.065 0.070  D 42132
   2247.82999 10.821 10.886 10.818 10.796 10.704    0.062 0.086 0.073 0.066 0.070  D 42418
   2249.79793 10.556 10.596 10.565 10.519 10.440    0.055 0.081 0.067 0.060 0.064  D 42766
   2251.79889 10.578 10.603 10.594 10.532 10.449    0.058 0.082 0.069 0.062 0.066  D 43089
   2253.78156 10.769 10.822 10.784 10.746 10.637    0.060 0.084 0.071 0.065 0.069  D 43405
   2465.46335 10.810 11.039 10.899 10.714 10.624    0.032 0.046 0.040 0.036 0.038  A 10983
   2490.46116 10.548 10.729 10.638 10.453 10.382    0.067 0.072 0.068 0.075 0.086  D 13990
   2502.47166 10.762 10.950 10.878 10.671 10.560    0.037 0.051 0.045 0.042 0.043  A 16150
   2622.75940 10.865 11.342 11.037 10.717 10.624    0.026 0.034 0.027 0.031 0.034  A 30019
   2717.78991 10.742 11.271 10.956 10.533 10.449    0.028 0.037 0.030 0.034 0.038  A 45920
   2736.61242 10.808 11.085 10.929 10.684 10.573    0.036 0.032 0.036 0.042 0.045  A 49203
   2742.79461 10.554 11.060 10.721 10.418 10.341    0.045 0.043 0.040 0.054 0.062  A 50423
   2812.52969 10.854 11.243 10.985 10.737 10.654    0.029 0.037 0.032 0.033 0.035  A 60137
   2826.49051 10.567 11.017 10.748 10.421 10.344    0.024 0.031 0.029 0.027 0.030  A 61974
   2831.58084 10.608 11.085 10.815 10.437 10.359    0.030 0.033 0.031 0.035 0.040  A 62707
   2845.47594 10.740 11.128 10.913 10.599 10.517    0.023 0.030 0.029 0.026 0.030  A 65156
   2854.49717 10.587 11.024 10.764 10.450 10.380    0.024 0.030 0.028 0.028 0.032  A 65826
   2858.49825 10.553 10.967 10.712 10.423 10.357    0.027 0.032 0.029 0.032 0.036  A 66265
   2992.82410 10.539 11.004 10.705 10.407 10.342    0.038 0.033 0.035 0.045 0.051  A 84993
   2998.81278 10.553 10.949 10.684 10.449 10.377    0.034 0.031 0.033 0.040 0.045  A 85790
   3015.80275 10.581 10.888 10.697 10.469 10.380    0.039 0.035 0.038 0.047 0.055  A 87686
   3052.69658 10.669 11.167 10.857 10.492 10.403    0.027 0.028 0.027 0.031 0.035  A 91153
   3067.70646 10.773 11.223 10.977 10.598 10.503    0.028 0.031 0.029 0.033 0.037  A 93070
   3071.73851 10.814 11.167 10.962 10.650 10.546    0.034 0.032 0.033 0.041 0.048  A 93661
   3082.61793 10.681 11.077 10.857 10.502 10.396    0.029 0.029 0.029 0.034 0.039  A 95149
   3108.71859 10.726 11.198 10.926 10.524 10.399    0.026 0.028 0.026 0.032 0.035  A 98562
   3424.77096 10.755 11.416 10.956 10.618 10.574    0.032 0.039 0.032 0.040 0.044  A 131555
   3573.54458 10.680 11.079 10.868 10.498 10.384    0.034 0.039 0.037 0.040 0.046  A 151081
   3666.87527 29.999 29.999 29.999 29.999 29.999    0.060 0.052 0.052 0.071 0.082  C 163735
   4290.45763 29.999 29.999 29.999 29.999 29.999    0.032 0.040 0.037 0.038 0.043  C 230453
