#ndata= 3
#dataset= 1 ; 1 F1840+08_413
#desig= 190611+1143.1
#cra=   19.103129  19:06:11.3
#cdec=  11.717697 11:43:03.7
#class= 0
#cmag_0= 11.426
#cmer_0=  0.004
#nskip_0= 0
#cmag_1= 11.428
#cmer_1=  0.009
#nskip_1= 0
#cmag_2= 11.423
#cmer_2=  0.015
#nskip_2= 0
#cmag_3= 11.446
#cmer_3=  0.029
#nskip_3= 0
#cmag_4= 11.494
#cmer_4=  0.034
#nskip_4= 0
#ra=   19.103129  19:06:11.3
#dec=  11.717697 11:43:03.7
#     HJD      MAG_1  MAG_0  MAG_2  MAG_3  MAG_4    MER_1 MER_0 MER_2 MER_3 MER_4 GRADE FRAME
   2782.83095 11.412 11.421 11.427 11.461 11.509    0.030 0.028 0.024 0.026 0.029  A 55796
   2840.72141 11.425 11.418 11.408 11.422 11.463    0.032 0.034 0.030 0.034 0.039  A 64367
   2894.57832 11.447 11.441 11.437 11.455 11.513    0.034 0.036 0.031 0.036 0.038  A 71052
#ndata= 171
#dataset= 2 ; 1 F1912+08_414
#desig= 190612+1143.0
#cra=   19.103225  19:06:11.6
#cdec=  11.717009 11:43:01.2
#class= 0
#cmag_0= 11.426
#cmer_0=  0.085
#nskip_0= 1
#cmag_1= 11.419
#cmer_1=  0.081
#nskip_1= 3
#cmag_2= 11.417
#cmer_2=  0.079
#nskip_2= 4
#cmag_3= 11.427
#cmer_3=  0.085
#nskip_3= 2
#cmag_4= 11.450
#cmer_4=  0.095
#nskip_4= 2
#ra=   19.103225  19:06:11.6
#dec=  11.717009 11:43:01.2
#     HJD      MAG_1  MAG_0  MAG_2  MAG_3  MAG_4    MER_1 MER_0 MER_2 MER_3 MER_4 GRADE FRAME
   2510.67476 11.363 11.320 11.354 11.362 11.384    0.039 0.039 0.040 0.048 0.056  A 16991
   2526.62363 11.343 11.331 11.341 11.351 11.378    0.028 0.033 0.022 0.025 0.026  A 18836
   2540.60204 11.382 11.388 11.389 11.405 11.425    0.048 0.054 0.041 0.045 0.045  A 19697
   2546.54607 11.401 11.432 11.396 11.402 11.429    0.022 0.032 0.020 0.023 0.026  A 20305
   2552.56061 11.514 11.579 11.535 11.541 11.599    0.043 0.051 0.037 0.042 0.041  A 21112
   2554.55077 11.597 11.615 11.508 11.517 11.542    0.058 0.068 0.047 0.047 0.048  B 21472
   2559.52489 11.353 11.370 11.348 11.388 11.399    0.047 0.046 0.042 0.048 0.053  A 22180
   2560.53648 11.383 11.348 11.359 11.347 11.357    0.025 0.042 0.022 0.025 0.029  A 22364
   2561.53882 11.377 11.327 11.410 11.425 11.429    0.029 0.035 0.024 0.026 0.028  A 22513
   2564.53389 11.374 11.410 11.374 11.379 11.422    0.038 0.040 0.032 0.035 0.037  A 23049
   2566.50836 11.621 11.560 11.628 11.639 11.686    0.027 0.035 0.026 0.031 0.035  A 23395
   2710.89730 11.416 11.429 11.402 11.399 11.409    0.033 0.034 0.031 0.036 0.040  A 44862
   2721.87050 11.395 11.442 11.428 11.479 11.552    0.050 0.041 0.044 0.049 0.055  A 46582
   2723.89394 11.380 11.405 11.405 11.428 11.436    0.029 0.028 0.024 0.028 0.030  A 46973
   2728.87477 11.611 11.657 11.638 11.663 11.736    0.031 0.034 0.031 0.037 0.044  A 47959
   2731.89943 11.432 11.461 11.455 11.500 11.533    0.024 0.028 0.019 0.022 0.025  A 48439
   2734.88962 11.361 11.350 11.353 11.361 11.366    0.023 0.027 0.022 0.025 0.028  A 48928
   2737.87183 11.380 11.361 11.363 11.364 11.372    0.026 0.029 0.026 0.030 0.034  A 49521
   2740.86416 11.377 11.392 11.377 11.394 11.430    0.021 0.023 0.020 0.023 0.025  A 50042
   2743.86207 11.395 11.400 11.419 11.422 11.437    0.027 0.024 0.023 0.025 0.027  A 50640
   2747.89426 11.507 11.573 11.537 11.565 11.627    0.053 0.046 0.048 0.056 0.063  A 51112
   2751.82249 11.370 11.345 11.362 11.355 11.347    0.048 0.039 0.037 0.039 0.042  A 51905
   2756.85753 11.373 11.341 11.372 11.365 11.386    0.025 0.025 0.020 0.023 0.025  A 52747
   2758.86158 11.388 11.402 11.388 11.398 11.418    0.027 0.029 0.023 0.027 0.029  A 53112
   2760.85688 11.384 11.383 11.414 11.428 11.466    0.028 0.025 0.023 0.027 0.030  A 53518
   2764.82942 11.465 11.455 11.454 11.449 11.444    0.021 0.031 0.019 0.022 0.024  A 54329
   2765.79107 11.363 11.400 11.384 11.380 11.401    0.025 0.026 0.022 0.025 0.027  A 54384
   2769.83626 11.411 11.428 11.467 11.495 11.472    0.067 0.062 0.071 0.087 0.101  D 54735
   2782.89208 11.532 11.545 11.550 11.582 11.605    0.029 0.031 0.027 0.029 0.030  A 55815
   2784.78451 11.376 11.401 11.376 11.392 11.421    0.022 0.034 0.021 0.024 0.026  A 56196
   2805.87171 11.355 11.357 11.354 11.345 11.366    0.029 0.044 0.030 0.035 0.041  A 59258
   2809.75184 11.395 11.374 11.398 11.423 11.457    0.025 0.026 0.023 0.026 0.028  A 59552
   2810.86051 11.408 11.405 11.397 11.420 11.447    0.026 0.036 0.023 0.026 0.029  A 59822
   2812.70589 11.664 11.677 11.675 11.689 11.730    0.026 0.031 0.022 0.025 0.027  A 60211
   2815.82005 11.576 11.568 11.595 11.618 11.655    0.024 0.029 0.022 0.025 0.028  A 60829
   2819.74174 11.413 11.388 11.411 11.423 11.445    0.030 0.028 0.024 0.026 0.028  A 61334
   2821.72401 11.345 11.389 11.381 11.389 11.421    0.027 0.028 0.024 0.027 0.029  A 61769
   2829.67821 11.644 11.651 11.691 11.712 11.725    0.043 0.044 0.043 0.051 0.058  A 62302
   2830.78045 11.644 11.677 11.651 11.675 11.740    0.032 0.032 0.027 0.031 0.034  A 62564
   2832.63731 11.384 11.407 11.420 11.448 11.482    0.026 0.026 0.024 0.028 0.032  A 62959
   2833.74596 11.420 11.452 11.403 11.411 11.406    0.033 0.032 0.029 0.034 0.039  A 63189
   2835.64376 11.466 11.423 11.441 11.479 11.491    0.030 0.028 0.025 0.030 0.034  A 63537
   2838.67608 11.352 11.369 11.353 11.374 11.385    0.027 0.024 0.023 0.027 0.028  A 63915
   2840.72141 11.392 11.395 11.385 11.395 11.413    0.039 0.039 0.038 0.043 0.049  A 64367
   2851.70453 11.379 11.409 11.402 11.417 11.461    0.028 0.026 0.022 0.026 0.028  A 65468
   2854.56751 11.407 11.378 11.397 11.398 11.404    0.027 0.026 0.021 0.024 0.026  A 65854
   2858.61295 11.361 11.363 11.357 11.376 11.385    0.025 0.024 0.021 0.024 0.027  A 66311
   2859.68338 11.389 11.407 11.389 11.405 11.426    0.028 0.028 0.025 0.028 0.030  A 66559
   2861.63715 11.454 11.413 11.429 11.449 11.471    0.031 0.030 0.027 0.032 0.034  A 66968
   2868.52494 11.374 11.371 11.394 11.411 11.452    0.032 0.030 0.027 0.031 0.034  A 67926
   2868.52716 11.371 11.373 11.374 11.389 11.406    0.032 0.031 0.028 0.031 0.034  A 67927
   2868.52937 11.386 11.370 11.379 11.379 11.386    0.032 0.031 0.027 0.030 0.033  A 67928
   2868.53159 11.350 11.399 11.364 11.376 11.401    0.033 0.032 0.029 0.034 0.037  A 67929
   2868.53380 11.421 11.438 11.425 11.443 11.452    0.033 0.030 0.027 0.031 0.035  A 67930
   2868.53601 11.317 11.363 11.372 11.392 11.419    0.032 0.030 0.027 0.030 0.033  A 67931
   2868.53822 11.371 11.373 11.403 11.417 11.446    0.031 0.031 0.026 0.030 0.033  A 67932
   2868.54043 11.359 11.347 11.351 11.364 11.388    0.033 0.031 0.027 0.030 0.033  A 67933
   2868.54265 11.372 11.362 11.371 11.378 11.394    0.031 0.031 0.025 0.028 0.031  A 67934
   2868.54486 11.368 11.367 11.385 11.409 11.425    0.033 0.030 0.026 0.030 0.032  A 67935
   2868.54707 11.348 11.327 11.336 11.349 11.354    0.034 0.030 0.026 0.029 0.032  A 67936
   2868.54928 11.325 11.373 11.363 11.380 11.394    0.033 0.031 0.027 0.030 0.033  A 67937
   2868.55149 11.372 11.396 11.370 11.379 11.400    0.032 0.031 0.026 0.029 0.033  A 67938
   2868.55371 11.401 11.345 11.375 11.385 11.399    0.031 0.031 0.026 0.029 0.032  A 67939
   2868.55864 11.345 11.369 11.361 11.369 11.389    0.032 0.030 0.026 0.029 0.031  A 67941
   2868.56390 11.387 11.388 11.366 11.367 11.386    0.032 0.031 0.027 0.030 0.033  A 67943
   2868.56873 11.413 11.385 11.393 11.405 11.431    0.035 0.035 0.029 0.033 0.038  A 67945
   2868.57391 11.437 11.412 11.458 11.464 11.485    0.030 0.030 0.025 0.028 0.031  A 67947
   2868.58616 11.343 11.372 11.337 11.336 11.366    0.035 0.033 0.029 0.034 0.034  A 67952
   2868.59717 11.401 11.386 11.404 11.425 11.435    0.035 0.036 0.032 0.036 0.039  A 67956
   2872.62110 11.357 11.354 11.380 11.395 11.435    0.029 0.026 0.024 0.028 0.029  A 68154
   2875.63561 11.392 11.418 11.403 11.411 11.425    0.019 0.032 0.019 0.021 0.025  A 68550
   2877.62375 11.362 11.355 11.361 11.372 11.396    0.023 0.035 0.021 0.024 0.027  A 68943
   2879.62443 11.580 11.550 11.575 11.586 11.610    0.025 0.023 0.021 0.023 0.026  A 69249
   2882.67188 11.558 11.560 11.555 11.628 11.696    0.059 0.060 0.066 0.081 0.096  D 69518
   2884.61269 11.388 11.407 11.365 11.377 11.383    0.023 0.030 0.022 0.025 0.028  A 69808
   2886.53609 11.406 11.403 11.428 11.439 11.479    0.038 0.030 0.036 0.039 0.038  A 70192
   2888.61896 11.360 11.358 11.345 11.357 11.385    0.028 0.035 0.027 0.029 0.032  A 70436
   2892.64696 11.370 11.378 11.371 11.401 11.417    0.032 0.035 0.031 0.035 0.039  A 70680
   2894.57832 11.415 11.417 11.414 11.425 11.472    0.037 0.040 0.035 0.041 0.044  A 71052
   2896.59957 11.571 11.549 11.587 11.610 11.666    0.026 0.029 0.025 0.030 0.034  A 71455
   2898.58723 11.478 11.451 11.487 11.501 11.534    0.025 0.031 0.023 0.026 0.028  A 71848
   2900.58206 11.378 11.403 11.376 11.381 11.419    0.029 0.032 0.025 0.028 0.028  A 72203
   2904.57142 11.379 11.324 11.389 11.441 11.484    0.030 0.033 0.028 0.032 0.033  A 72830
   2906.56979 11.395 11.411 11.405 11.417 11.466    0.025 0.032 0.023 0.026 0.028  A 73152
   2909.57148 11.379 11.395 11.402 11.453 11.494    0.026 0.035 0.025 0.028 0.030  A 73575
   2911.54538 11.425 11.408 11.419 11.423 11.450    0.022 0.032 0.021 0.024 0.027  A 73876
   2913.55581 29.999 29.999 29.999 29.999 29.999    0.080 0.074 0.092 0.114 0.135  D 74233
   2916.54984 11.389 11.431 11.395 11.410 11.427    0.024 0.029 0.023 0.027 0.031  A 74541
   2918.58091 11.353 11.348 11.330 11.303 11.306    0.031 0.038 0.029 0.037 0.044  A 74871
   2922.54991 11.317 11.335 11.318 11.311 11.326    0.029 0.036 0.027 0.033 0.038  A 75232
   2924.55531 11.368 11.401 11.407 11.422 11.452    0.026 0.036 0.024 0.028 0.033  A 75611
   2927.55444 11.401 11.421 11.391 11.384 11.395    0.027 0.029 0.024 0.028 0.032  A 75967
   2929.55563 11.437 11.468 11.465 11.465 11.514    0.029 0.037 0.023 0.026 0.029  A 76324
   2931.55871 11.583 11.603 11.605 11.601 11.630    0.030 0.037 0.025 0.029 0.033  A 76688
   2934.50583 11.387 11.318 11.371 11.364 11.392    0.024 0.039 0.024 0.028 0.032  A 77193
   2943.52788 11.433 11.415 11.401 11.402 11.412    0.035 0.035 0.035 0.041 0.047  A 78318
   3079.90157 11.440 11.434 11.471 11.483 11.485    0.038 0.039 0.038 0.044 0.048  A 94800
   3089.90454 11.410 11.464 11.463 11.501 11.553    0.044 0.044 0.044 0.049 0.055  A 96003
   3093.90588 11.541 11.483 11.535 11.544 11.563    0.042 0.047 0.041 0.046 0.050  A 96585
   3098.90327 11.349 11.372 11.322 11.309 11.330    0.049 0.051 0.049 0.054 0.061  A 97062
   3103.88590 11.433 11.334 11.430 11.452 11.468    0.046 0.045 0.045 0.052 0.058  A 97832
   3106.89021 11.336 11.399 11.356 11.355 11.388    0.049 0.048 0.048 0.054 0.061  A 98312
   3109.89100 11.566 11.580 11.577 11.579 11.592    0.048 0.045 0.045 0.051 0.055  A 98777
   3113.86425 11.350 11.371 11.351 11.348 11.379    0.046 0.046 0.043 0.047 0.049  A 99403
   3116.87703 11.350 11.347 11.335 11.366 11.404    0.032 0.038 0.032 0.038 0.044  A 99898
   3122.91189 11.367 11.376 11.391 11.420 11.453    0.028 0.029 0.027 0.032 0.036  A 100308
   3125.83149 11.669 11.653 11.658 11.643 11.672    0.055 0.057 0.057 0.063 0.068  B 100783
   3127.89058 11.559 11.557 11.554 11.561 11.608    0.038 0.038 0.038 0.045 0.053  A 101116
   3130.83766 11.348 11.361 11.342 11.338 11.358    0.052 0.045 0.046 0.051 0.056  A 101556
   3133.82667 11.389 11.384 11.371 11.352 11.342    0.052 0.056 0.052 0.057 0.061  A 102044
   3141.80508 11.640 11.600 11.632 11.673 11.735    0.046 0.042 0.044 0.049 0.052  A 103003
   3144.84330 11.469 11.475 11.486 11.515 11.546    0.029 0.026 0.025 0.028 0.032  A 103339
   3156.77015 11.428 11.451 11.431 11.425 11.441    0.034 0.035 0.033 0.036 0.041  A 104211
   3158.83099 11.491 11.479 11.460 11.452 11.480    0.030 0.030 0.031 0.037 0.044  A 104470
   3162.76711 11.347 11.335 11.335 11.334 11.328    0.038 0.032 0.032 0.037 0.041  A 104890
   3164.79440 11.456 11.404 11.442 11.443 11.468    0.030 0.027 0.025 0.029 0.033  A 105251
   3170.77265 11.338 11.361 11.353 11.368 11.380    0.035 0.033 0.030 0.035 0.041  A 106054
   3173.73405 11.522 11.463 11.438 11.416 11.397    0.064 0.055 0.062 0.070 0.081  D 106429
   3176.80152 11.637 11.624 11.625 11.614 11.651    0.049 0.049 0.059 0.069 0.078  B 106821
   3179.71717 11.404 11.387 11.414 11.436 11.468    0.047 0.045 0.043 0.046 0.050  A 107237
   3182.71647 11.322 11.371 11.329 11.342 11.358    0.045 0.036 0.032 0.034 0.037  A 107528
   3184.71958 11.403 11.396 11.401 11.409 11.431    0.031 0.035 0.031 0.035 0.038  A 107859
   3186.76731 11.327 11.366 11.331 11.356 11.404    0.036 0.033 0.037 0.045 0.053  A 108136
   3189.75109 11.373 11.349 11.360 11.360 11.373    0.031 0.032 0.032 0.039 0.046  A 108468
   3266.50732 11.455 11.413 11.429 11.438 11.465    0.032 0.037 0.021 0.025 0.026  A 115135
   3268.52543 11.378 11.306 11.379 11.386 11.395    0.026 0.030 0.022 0.024 0.027  A 115455
   3270.53689 11.317 11.346 11.338 11.337 11.326    0.032 0.034 0.027 0.031 0.035  A 115760
   3272.59318 11.401 11.463 11.410 11.395 11.421    0.035 0.052 0.034 0.041 0.048  A 116058
   3275.58413 11.550 11.546 11.523 11.521 11.516    0.035 0.044 0.034 0.041 0.047  A 116446
   3278.54921 11.359 11.374 11.364 11.362 11.371    0.029 0.036 0.027 0.032 0.037  A 116815
   3280.57721 11.485 11.567 11.403 11.362 11.368    0.038 0.058 0.038 0.044 0.049  A 117082
   3292.51935 11.562 11.596 11.538 11.508 11.508    0.045 0.042 0.048 0.056 0.064  A 118239
   3295.50487 11.401 11.375 11.384 11.394 11.407    0.029 0.034 0.023 0.025 0.027  A 118481
   3299.52442 11.299 11.333 11.317 11.316 11.347    0.026 0.028 0.023 0.027 0.030  A 118907
   3823.83076 11.558 11.502 11.580 11.588 11.599    0.037 0.042 0.042 0.052 0.062  A 184127
   3823.86013 11.392 11.375 11.388 11.398 11.435    0.035 0.035 0.042 0.051 0.061  A 184137
   3823.88773 11.440 11.427 11.449 11.452 11.476    0.036 0.042 0.043 0.054 0.064  A 184147
   3823.91550 11.410 11.414 11.388 11.370 11.403    0.036 0.039 0.043 0.053 0.063  A 184157
   3824.82993 11.400 11.406 11.369 11.365 11.383    0.033 0.041 0.035 0.042 0.049  A 184298
   3824.85968 11.346 11.381 11.333 11.319 11.304    0.033 0.039 0.036 0.043 0.049  A 184308
   3824.88915 11.324 11.333 11.311 11.302 11.317    0.036 0.041 0.041 0.052 0.060  A 184318
   3825.83029 11.353 11.361 11.340 11.339 11.344    0.041 0.040 0.046 0.058 0.067  A 184466
   3825.86036 11.331 11.341 11.307 11.288 11.297    0.041 0.042 0.050 0.064 0.074  B 184476
   3825.88789 11.397 11.403 11.409 11.410 11.464    0.040 0.042 0.046 0.059 0.070  A 184486
   3830.79556 11.420 11.462 11.423 11.427 11.478    0.033 0.043 0.036 0.045 0.052  A 185297
   3830.79802 11.354 11.380 11.349 11.342 11.338    0.032 0.035 0.036 0.044 0.052  A 185298
   3830.80305 11.383 11.409 11.347 11.311 11.291    0.037 0.043 0.039 0.047 0.055  A 185300
   3830.80554 11.406 11.418 11.412 11.407 11.430    0.034 0.040 0.037 0.044 0.053  A 185301
   3830.80806 11.363 11.382 11.359 11.354 11.359    0.033 0.038 0.037 0.045 0.053  A 185302
   3830.81061 11.452 11.398 11.451 11.470 11.525    0.033 0.035 0.037 0.046 0.056  A 185303
   3830.81303 11.392 11.390 11.383 11.368 11.399    0.034 0.040 0.038 0.047 0.056  A 185304
   3830.81944 11.408 11.402 11.405 11.413 11.444    0.034 0.038 0.039 0.048 0.057  A 185306
   3830.82631 11.390 11.420 11.379 11.366 11.385    0.032 0.038 0.035 0.042 0.049  A 185308
   3830.83171 11.442 11.421 11.445 11.442 11.471    0.034 0.037 0.038 0.046 0.055  A 185310
   3830.83705 11.364 11.391 11.363 11.369 11.387    0.033 0.037 0.038 0.046 0.053  A 185312
   3830.85151 11.401 11.379 11.420 11.440 11.463    0.033 0.038 0.037 0.045 0.052  A 185317
   3830.86832 11.383 11.415 11.375 11.361 11.379    0.034 0.040 0.036 0.043 0.049  A 185322
   3830.89656 11.393 11.432 11.358 11.327 11.332    0.032 0.037 0.036 0.043 0.051  A 185332
   3831.79385 11.591 11.612 11.567 11.551 11.549    0.037 0.044 0.042 0.052 0.061  A 185474
   3831.82423 11.525 11.548 11.552 11.589 11.670    0.033 0.041 0.037 0.045 0.054  A 185484
   3831.85326 11.431 11.395 11.445 11.459 11.482    0.032 0.036 0.035 0.040 0.047  A 185494
   3831.88214 11.425 11.385 11.441 11.476 11.513    0.033 0.039 0.039 0.048 0.056  A 185504
   3831.90841 11.388 11.409 11.378 11.382 11.417    0.031 0.033 0.033 0.039 0.045  A 185514
   3832.81058 11.630 11.667 11.635 11.629 11.665    0.034 0.038 0.035 0.041 0.046  A 185657
   3832.83852 11.634 11.603 11.634 11.639 11.668    0.031 0.034 0.034 0.040 0.045  A 185667
   3832.86726 11.520 11.554 11.502 11.503 11.517    0.030 0.032 0.031 0.037 0.043  A 185677
   3832.89574 11.442 11.428 11.484 11.513 11.533    0.035 0.052 0.034 0.040 0.045  A 185687
   3833.79947 11.556 11.567 11.570 11.553 11.576    0.035 0.039 0.038 0.046 0.053  A 185826
   3833.82721 11.619 11.615 11.619 11.612 11.610    0.034 0.038 0.039 0.046 0.053  A 185836
   3833.85620 11.609 11.624 11.629 11.664 11.748    0.037 0.040 0.042 0.051 0.061  A 185846
   3833.88896 11.618 11.589 11.616 11.639 11.676    0.039 0.041 0.045 0.056 0.067  A 185856
#ndata= 153
#dataset= 3 ; 1 F1912+16_459
#desig= 190612+1143.0
#cra=   19.103231  19:06:11.6
#cdec=  11.717027 11:43:01.3
#class= 0
#cmag_0= 11.413
#cmer_0=  0.104
#nskip_0= 0
#cmag_1= 11.429
#cmer_1=  0.093
#nskip_1= 2
#cmag_2= 11.433
#cmer_2=  0.094
#nskip_2= 1
#cmag_3= 11.435
#cmer_3=  0.096
#nskip_3= 1
#cmag_4= 11.463
#cmer_4=  0.107
#nskip_4= 0
#ra=   19.103231  19:06:11.6
#dec=  11.717027 11:43:01.3
#     HJD      MAG_1  MAG_0  MAG_2  MAG_3  MAG_4    MER_1 MER_0 MER_2 MER_3 MER_4 GRADE FRAME
   3454.90127 11.713 11.734 11.732 11.745 11.809    0.035 0.045 0.037 0.044 0.052  A 135922
   3458.90155 11.366 11.343 11.378 11.389 11.410    0.033 0.044 0.032 0.039 0.045  A 136631
   3463.89892 11.373 11.264 11.379 11.397 11.429    0.032 0.050 0.033 0.039 0.044  A 137409
   3467.89268 11.369 11.362 11.365 11.376 11.396    0.029 0.035 0.029 0.033 0.040  A 138010
   3470.91482 11.522 11.509 11.561 11.578 11.630    0.029 0.039 0.030 0.036 0.042  A 138493
   3473.89514 11.450 11.391 11.438 11.435 11.447    0.032 0.043 0.028 0.033 0.038  A 138966
   3476.89230 11.320 11.287 11.332 11.332 11.346    0.036 0.050 0.037 0.044 0.049  A 139459
   3479.86587 11.368 11.342 11.383 11.411 11.466    0.035 0.049 0.034 0.038 0.042  A 139929
   3487.85378 11.622 11.566 11.635 11.665 11.705    0.045 0.048 0.048 0.055 0.060  A 140845
   3490.84695 11.396 11.392 11.415 11.436 11.485    0.039 0.058 0.039 0.046 0.052  A 141208
   3492.85381 11.385 11.351 11.390 11.394 11.433    0.034 0.050 0.034 0.040 0.046  A 141548
   3496.83637 11.413 11.377 11.429 11.427 11.442    0.035 0.047 0.035 0.039 0.044  A 141823
   3500.81609 11.375 11.348 11.377 11.374 11.394    0.031 0.041 0.032 0.037 0.041  A 142331
   3503.80560 11.526 11.514 11.532 11.539 11.563    0.027 0.036 0.026 0.031 0.035  A 142864
   3506.88386 11.608 11.582 11.618 11.618 11.676    0.037 0.045 0.036 0.042 0.046  A 143226
   3512.76776 11.377 11.321 11.370 11.390 11.429    0.033 0.041 0.032 0.037 0.044  A 143904
   3516.77741 11.380 11.351 11.366 11.366 11.380    0.034 0.037 0.035 0.041 0.047  A 144221
   3520.76799 11.557 11.480 11.560 11.549 11.570    0.045 0.080 0.042 0.045 0.048  B 144716
   3522.77085 11.567 11.535 11.567 11.575 11.617    0.039 0.051 0.039 0.044 0.048  A 145066
   3525.74558 11.403 11.397 11.409 11.402 11.432    0.029 0.046 0.028 0.033 0.036  A 145529
   3530.72512 11.405 11.350 11.414 11.413 11.432    0.058 0.107 0.055 0.065 0.073  D 146400
   3538.73203 11.637 11.572 11.634 11.636 11.653    0.027 0.036 0.027 0.030 0.035  A 146875
   3540.72075 11.416 11.409 11.416 11.408 11.420    0.030 0.045 0.031 0.037 0.041  A 147192
   3543.70111 11.377 11.395 11.367 11.361 11.415    0.040 0.042 0.044 0.054 0.063  A 147575
   3550.78940 11.418 11.463 11.408 11.405 11.436    0.065 0.067 0.069 0.074 0.080  D 148262
   3553.68809 11.571 11.532 11.537 11.560 11.573    0.031 0.038 0.029 0.032 0.036  A 148604
   3555.80233 11.528 11.504 11.529 11.514 11.543    0.033 0.045 0.030 0.036 0.040  A 148979
   3559.65622 11.330 11.293 11.341 11.331 11.350    0.029 0.043 0.028 0.032 0.035  A 149413
   3561.67387 11.357 11.340 11.373 11.377 11.382    0.041 0.055 0.041 0.047 0.051  A 149755
   3563.65881 11.343 11.329 11.352 11.346 11.370    0.031 0.041 0.030 0.034 0.037  A 150091
   3569.73516 11.395 11.416 11.402 11.417 11.447    0.030 0.040 0.029 0.033 0.037  A 150604
   3571.73556 11.523 11.487 11.532 11.536 11.561    0.035 0.040 0.033 0.039 0.043  A 150940
   3574.74984 11.423 11.434 11.429 11.457 11.494    0.035 0.042 0.033 0.038 0.044  A 151325
   3576.76503 11.386 11.355 11.383 11.371 11.383    0.035 0.053 0.031 0.036 0.041  A 151688
   3583.70516 11.297 11.252 11.326 11.323 11.355    0.043 0.079 0.035 0.039 0.043  B 152858
   3586.58684 11.550 11.509 11.533 11.512 11.543    0.028 0.035 0.028 0.032 0.037  A 153337
   3588.66812 11.653 11.614 11.654 11.645 11.696    0.035 0.045 0.036 0.042 0.047  A 153673
   3590.73219 11.631 11.587 11.643 11.648 11.677    0.044 0.080 0.038 0.041 0.045  B 154044
   3592.72414 11.425 11.402 11.434 11.411 11.451    0.053 0.094 0.049 0.053 0.054  D 154391
   3596.65386 11.361 11.328 11.360 11.370 11.396    0.027 0.043 0.028 0.033 0.037  A 154969
   3600.63655 11.475 11.407 11.466 11.425 11.369    0.067 0.082 0.076 0.095 0.113  D 155397
   3602.62614 11.375 11.400 11.364 11.364 11.401    0.035 0.051 0.036 0.042 0.049  A 155732
   3609.52919 11.332 11.316 11.329 11.311 11.301    0.033 0.044 0.033 0.038 0.044  A 156603
   3617.59692 11.374 11.380 11.379 11.371 11.372    0.042 0.044 0.044 0.050 0.056  A 157121
   3620.50947 11.608 11.557 11.616 11.608 11.629    0.043 0.075 0.039 0.042 0.046  B 157547
   3622.57842 11.565 11.544 11.575 11.576 11.604    0.036 0.047 0.034 0.038 0.044  A 157886
   3626.59227 11.375 11.393 11.373 11.370 11.384    0.032 0.040 0.028 0.033 0.038  A 158306
   3629.62057 11.411 11.467 11.407 11.417 11.449    0.037 0.044 0.036 0.044 0.050  A 158612
   3632.54484 11.383 11.328 11.392 11.400 11.414    0.043 0.071 0.040 0.045 0.051  A 159065
   3635.53319 11.370 11.328 11.398 11.400 11.463    0.053 0.073 0.053 0.063 0.073  D 159504
   3639.53476 11.489 11.533 11.476 11.485 11.509    0.038 0.062 0.033 0.036 0.039  A 159900
   3642.54059 11.469 11.401 11.438 11.436 11.455    0.037 0.048 0.035 0.039 0.043  A 160283
   3646.53267 11.333 11.304 11.337 11.324 11.357    0.031 0.042 0.027 0.030 0.035  A 160732
   3649.50559 11.378 11.344 11.405 11.418 11.460    0.040 0.063 0.034 0.038 0.043  A 161134
   3651.50344 11.342 11.313 11.344 11.330 11.353    0.044 0.079 0.040 0.046 0.050  B 161408
   3653.53628 11.400 11.359 11.435 11.452 11.523    0.037 0.046 0.039 0.046 0.053  A 161725
   3656.53824 11.466 11.412 11.490 11.501 11.507    0.040 0.073 0.036 0.042 0.046  B 162145
   3659.51538 11.306 11.295 11.352 11.369 11.407    0.041 0.063 0.038 0.043 0.049  A 162588
   3662.50769 11.366 11.398 11.325 11.265 11.260    0.048 0.080 0.048 0.055 0.062  B 163025
   3665.50736 11.455 11.503 11.436 11.442 11.483    0.049 0.088 0.043 0.047 0.050  D 163462
   3669.50644 11.419 11.380 11.409 11.402 11.432    0.030 0.040 0.026 0.030 0.033  A 163930
   3674.49928 11.338 11.305 11.356 11.376 11.427    0.037 0.052 0.036 0.043 0.048  A 164645
   3818.90848 11.466 11.457 11.466 11.457 11.493    0.033 0.040 0.035 0.042 0.049  A 183348
   3822.90871 11.382 11.344 11.381 11.390 11.414    0.035 0.048 0.036 0.043 0.050  A 183993
   3830.90221 11.377 11.392 11.400 11.410 11.439    0.033 0.041 0.036 0.043 0.050  A 185334
   3834.88057 11.652 11.619 11.659 11.667 11.719    0.031 0.041 0.034 0.041 0.048  A 186027
   3848.87349 11.382 11.387 11.387 11.381 11.386    0.045 0.059 0.052 0.062 0.072  D 186995
   3851.84937 11.555 11.518 11.568 11.568 11.594    0.034 0.048 0.034 0.038 0.043  A 187510
   3859.84941 11.354 11.266 11.367 11.372 11.403    0.060 0.074 0.059 0.066 0.072  D 188739
   3862.81436 11.367 11.364 11.369 11.370 11.423    0.027 0.040 0.028 0.032 0.037  A 189255
   3864.81278 11.414 11.380 11.409 11.408 11.441    0.035 0.049 0.035 0.040 0.046  A 189596
   3866.81305 11.587 11.609 11.577 11.580 11.586    0.030 0.041 0.031 0.037 0.043  A 189941
   3868.81853 11.511 11.480 11.504 11.489 11.480    0.037 0.050 0.039 0.047 0.054  A 190256
   3870.78715 11.412 11.409 11.422 11.436 11.476    0.032 0.037 0.036 0.044 0.050  A 190610
   3872.81387 11.402 11.372 11.398 11.414 11.456    0.039 0.056 0.039 0.046 0.052  A 190991
   3880.77377 11.378 11.356 11.404 11.420 11.466    0.028 0.034 0.027 0.032 0.037  A 191851
   3883.79218 11.556 11.469 11.561 11.549 11.563    0.039 0.073 0.035 0.039 0.042  B 192313
   3887.75406 11.474 11.426 11.479 11.466 11.477    0.031 0.042 0.032 0.037 0.043  A 192698
   3889.77328 11.385 11.385 11.368 11.367 11.390    0.031 0.039 0.029 0.034 0.040  A 193031
   3891.83617 11.405 11.354 11.408 11.407 11.421    0.031 0.040 0.030 0.035 0.040  A 193420
   3893.84604 11.385 11.376 11.378 11.375 11.400    0.030 0.038 0.029 0.032 0.036  A 193779
   3896.84007 11.377 11.366 11.391 11.441 99.999    0.037 0.041 0.038 0.045 0.051  C 194101
   3901.81172 11.717 11.670 11.703 11.707 11.704    0.036 0.046 0.037 0.043 0.050  A 194905
   3903.82045 11.438 11.405 11.441 11.469 11.493    0.032 0.041 0.032 0.039 0.043  A 195284
   3905.85992 11.391 11.358 11.389 11.379 11.389    0.037 0.051 0.036 0.040 0.046  A 195674
   3908.69863 11.358 11.357 11.348 11.336 11.337    0.027 0.038 0.027 0.032 0.036  A 196197
   3912.70737 11.373 11.316 11.382 11.374 11.406    0.029 0.045 0.028 0.032 0.036  A 196767
   3981.58388 11.399 11.438 11.380 11.379 11.420    0.041 0.071 0.036 0.039 0.043  A 203327
   4183.90598 11.378 11.402 11.373 11.378 11.385    0.044 0.049 0.045 0.054 0.063  A 219495
   4190.90421 11.382 11.406 11.388 11.412 11.439    0.035 0.042 0.034 0.039 0.044  A 220326
   4194.88629 11.444 11.428 11.444 11.460 11.496    0.038 0.044 0.037 0.042 0.049  A 220962
   4202.89156 11.385 11.364 11.385 11.377 11.376    0.033 0.045 0.033 0.039 0.043  A 221718
   4205.88440 11.337 11.263 11.370 11.387 11.406    0.039 0.050 0.040 0.047 0.055  A 222195
   4213.87401 11.642 11.566 11.680 11.668 11.705    0.045 0.062 0.046 0.054 0.060  A 222667
   4227.82805 11.385 11.342 11.375 11.379 11.397    0.038 0.048 0.034 0.038 0.043  A 223224
   4229.83728 11.610 11.605 11.608 11.616 11.661    0.033 0.049 0.030 0.034 0.040  A 223583
   4232.80421 11.410 11.377 11.407 11.397 11.401    0.034 0.041 0.033 0.037 0.043  A 224089
   4235.79586 11.311 11.270 11.338 11.327 11.354    0.038 0.052 0.037 0.041 0.046  A 224639
   4238.78514 11.347 11.322 11.351 11.350 11.396    0.042 0.047 0.042 0.050 0.058  A 225064
   4245.77604 11.525 11.566 11.496 11.491 11.505    0.054 0.058 0.061 0.075 0.089  D 226086
   4247.76697 11.498 11.509 11.502 11.502 11.522    0.033 0.040 0.032 0.036 0.042  A 226449
   4253.75467 11.362 11.383 11.348 11.338 11.358    0.042 0.050 0.038 0.043 0.050  A 226887
   4256.73902 11.353 11.337 11.378 11.381 11.406    0.040 0.055 0.039 0.045 0.050  A 227287
   4258.85247 11.412 11.353 11.401 11.384 11.385    0.034 0.041 0.031 0.035 0.041  A 227589
   4272.69901 11.417 11.321 11.407 11.398 11.419    0.034 0.040 0.030 0.034 0.037  A 228400
   4274.70905 11.429 11.404 11.425 11.417 11.454    0.035 0.041 0.030 0.033 0.037  A 228714
   4277.70228 11.408 11.401 11.415 11.424 11.451    0.033 0.040 0.028 0.033 0.037  A 229025
   4281.76625 11.813 11.749 11.779 11.730 11.715    0.054 0.080 0.052 0.059 0.066  B 229363
   4283.76652 11.406 11.401 11.411 11.386 11.415    0.048 0.059 0.048 0.057 0.064  A 229681
   4285.75622 11.317 11.310 11.345 11.359 11.376    0.039 0.044 0.038 0.045 0.052  A 230021
   4289.74861 11.348 11.344 11.357 11.357 11.367    0.043 0.046 0.041 0.047 0.052  A 230375
   4291.74915 11.395 11.389 11.398 11.431 11.470    0.042 0.047 0.038 0.041 0.046  A 230725
   4293.73611 11.427 11.408 11.395 11.394 11.413    0.036 0.049 0.030 0.034 0.037  A 231088
   4295.74447 11.370 11.381 11.373 11.377 11.395    0.035 0.043 0.031 0.035 0.040  A 231431
   4297.73889 11.642 11.610 11.620 11.578 11.579    0.039 0.055 0.039 0.047 0.056  A 231780
   4299.71738 11.360 11.274 11.371 11.380 11.401    0.034 0.048 0.030 0.034 0.039  A 232145
   4301.71702 11.384 11.363 11.382 11.391 11.394    0.039 0.049 0.037 0.044 0.051  A 232496
   4303.70536 11.435 11.353 11.428 11.447 11.460    0.037 0.043 0.030 0.035 0.039  A 232789
   4305.63153 11.335 11.322 11.361 11.352 11.375    0.036 0.045 0.030 0.032 0.036  A 233135
   4307.62353 11.379 11.378 11.380 11.391 11.421    0.035 0.045 0.034 0.039 0.044  A 233473
   4309.69619 11.536 11.545 11.498 11.551 11.626    0.081 0.087 0.093 0.116 0.139  D 233811
   4311.71860 11.427 11.374 11.441 11.438 11.451    0.039 0.046 0.038 0.044 0.051  A 234088
   4315.58827 11.372 11.351 11.413 11.421 11.443    0.035 0.046 0.029 0.033 0.037  A 234549
   4317.66651 11.389 11.401 11.409 11.418 11.432    0.035 0.040 0.032 0.036 0.043  A 234841
   4330.56105 11.546 11.541 11.562 11.582 11.636    0.031 0.037 0.029 0.033 0.038  A 235290
   4332.62431 11.368 11.288 11.368 11.362 11.366    0.047 0.067 0.048 0.055 0.060  A 235674
   4334.62721 11.374 11.326 11.385 11.386 11.418    0.033 0.041 0.029 0.033 0.037  A 236032
   4338.62895 11.364 11.362 11.387 11.424 11.455    0.038 0.043 0.033 0.037 0.042  A 236428
   4341.60528 11.389 11.401 11.406 11.420 11.469    0.037 0.045 0.034 0.040 0.045  A 236912
   4343.61228 11.391 11.374 11.386 11.383 11.414    0.035 0.043 0.032 0.037 0.040  A 237268
   4345.61822 11.854 11.821 11.855 11.854 11.861    0.035 0.052 0.030 0.035 0.039  A 237597
   4347.62285 11.668 11.697 11.679 11.685 11.706    0.033 0.046 0.029 0.033 0.037  A 237950
   4349.62253 11.379 11.331 11.371 11.346 11.352    0.042 0.055 0.038 0.043 0.048  A 238286
   4351.62205 11.411 11.427 11.415 11.431 11.455    0.041 0.049 0.041 0.048 0.056  A 238592
   4354.58782 11.364 11.282 11.365 11.360 11.386    0.034 0.042 0.030 0.033 0.036  A 238980
   4356.60676 11.411 11.344 11.417 11.416 11.445    0.034 0.039 0.031 0.036 0.040  A 239335
   4358.59017 11.365 11.373 11.366 11.372 11.380    0.038 0.043 0.035 0.040 0.045  A 239614
   4360.57330 11.436 11.455 11.444 11.451 11.482    0.041 0.045 0.041 0.049 0.059  A 239929
   4362.60604 11.414 11.394 11.407 11.409 11.418    0.035 0.040 0.032 0.037 0.041  A 240162
   4364.58506 11.644 11.557 11.668 11.672 11.729    0.037 0.047 0.035 0.041 0.048  A 240487
   4368.55095 11.404 11.487 11.384 11.388 11.418    0.040 0.054 0.036 0.043 0.050  A 240955
   4372.57447 11.347 11.322 11.324 11.284 11.276    0.045 0.064 0.045 0.052 0.059  A 241611
   4376.51750 11.435 11.452 11.427 11.418 11.451    0.036 0.051 0.032 0.037 0.041  A 242078
   4378.54022 11.384 11.313 11.392 11.379 11.413    0.041 0.066 0.039 0.045 0.050  A 242387
   4381.51812 11.551 11.564 11.562 11.572 11.594    0.043 0.062 0.042 0.046 0.052  A 242834
   4384.51391 11.382 11.381 11.395 11.386 11.407    0.038 0.047 0.034 0.038 0.043  A 243286
   4387.49626 11.416 11.399 11.391 11.386 11.397    0.041 0.053 0.034 0.038 0.044  A 243759
   4389.50082 11.341 11.316 11.326 11.325 11.346    0.039 0.050 0.035 0.040 0.046  A 244059
   4552.90208 11.399 11.374 11.401 11.383 11.383    0.033 0.041 0.032 0.037 0.042  A 262336
   4560.89491 11.451 11.454 11.470 11.476 11.490    0.034 0.041 0.032 0.038 0.044  A 263612
   4564.89236 11.339 11.360 11.339 11.342 11.362    0.035 0.040 0.032 0.036 0.042  A 264276
   4568.88367 11.309 11.299 11.317 11.303 11.319    0.053 0.059 0.054 0.061 0.070  D 264908
   4572.87978 11.401 11.411 11.396 11.397 11.405    0.033 0.040 0.031 0.035 0.041  A 265593
