#ndata= 1
#dataset= 1 ; 1 F1912-16_279
#desig= 190819-0816.0
#cra=   19.138500  19:08:18.6
#cdec=  -8.266685 -8:16:00.1
#class= 0
#cmag_0= 11.945
#cmer_0=  0.000
#nskip_0= 0
#cmag_1= 11.950
#cmer_1=  0.000
#nskip_1= 0
#cmag_2= 11.880
#cmer_2=  0.000
#nskip_2= 0
#cmag_3= 11.863
#cmer_3=  0.000
#nskip_3= 0
#cmag_4= 11.876
#cmer_4=  0.000
#nskip_4= 0
#ra=   19.138500  19:08:18.6
#dec=  -8.266685 -8:16:00.1
#     HJD      MAG_1  MAG_0  MAG_2  MAG_3  MAG_4    MER_1 MER_0 MER_2 MER_3 MER_4 GRADE FRAME
   2140.56277 11.951 11.946 11.881 11.864 11.877    0.037 0.053 0.035 0.036 0.043  A 30152
#ndata= 1
#dataset= 2 ; 1 F1840-08_323
#desig= 190818-0816.0
#cra=   19.138382  19:08:18.2
#cdec=  -8.266762 -8:16:00.3
#class= 0
#cmag_0= 11.950
#cmer_0=  0.000
#nskip_0= 0
#cmag_1= 11.888
#cmer_1=  0.000
#nskip_1= 0
#cmag_2= 11.850
#cmer_2=  0.000
#nskip_2= 0
#cmag_3= 11.858
#cmer_3=  0.000
#nskip_3= 0
#cmag_4= 11.865
#cmer_4=  0.000
#nskip_4= 0
#ra=   19.138382  19:08:18.2
#dec=  -8.266762 -8:16:00.3
#     HJD      MAG_1  MAG_0  MAG_2  MAG_3  MAG_4    MER_1 MER_0 MER_2 MER_3 MER_4 GRADE FRAME
   2782.81770 11.888 11.951 11.851 11.858 11.866    0.031 0.033 0.027 0.031 0.035  A 55790
#ndata= 365
#dataset= 3 ; 1 F1912-08_324
#desig= 190818-0815.9
#cra=   19.138469  19:08:18.5
#cdec=  -8.265435 -8:15:55.6
#class= 0
#cmag_0= 11.925
#cmer_0=  0.078
#nskip_0= 0
#cmag_1= 11.895
#cmer_1=  0.070
#nskip_1= 0
#cmag_2= 11.872
#cmer_2=  0.070
#nskip_2= 0
#cmag_3= 11.868
#cmer_3=  0.075
#nskip_3= 1
#cmag_4= 11.880
#cmer_4=  0.080
#nskip_4= 2
#ra=   19.138469  19:08:18.5
#dec=  -8.265435 -8:15:55.6
#     HJD      MAG_1  MAG_0  MAG_2  MAG_3  MAG_4    MER_1 MER_0 MER_2 MER_3 MER_4 GRADE FRAME
   1965.90108 12.033 12.042 12.044 12.097 12.148    0.047 0.050 0.043 0.050 0.056  B 11293
   1967.90270 12.066 12.147 12.004 11.967 12.007    0.051 0.056 0.046 0.054 0.058  B 11637
   1978.90718 12.036 11.991 11.995 12.037 12.071    0.052 0.059 0.049 0.055 0.056  B 12152
   1980.88386 11.933 11.948 11.929 11.962 11.942    0.045 0.050 0.040 0.047 0.045  A 12480
   1982.87159 11.951 11.940 11.954 11.960 11.966    0.048 0.053 0.041 0.047 0.046  B 12851
   1984.85111 11.914 11.884 11.932 11.915 11.930    0.049 0.054 0.041 0.045 0.047  B 13057
   1994.86287 11.881 11.884 11.883 11.846 11.875    0.064 0.071 0.056 0.062 0.062  B 13544
   1996.86008 11.934 11.934 11.933 11.901 11.903    0.050 0.060 0.041 0.045 0.045  B 13936
   1998.85242 11.812 11.811 11.739 11.720 11.771    0.051 0.059 0.043 0.049 0.049  B 14340
   2000.85462 11.797 11.823 11.798 11.795 11.790    0.047 0.055 0.040 0.046 0.045  B 14742
   2008.84822 11.722 11.668 11.756 11.743 11.760    0.065 0.075 0.055 0.059 0.059  B 15262
   2011.81396 11.728 11.737 11.707 11.758 11.726    0.068 0.080 0.058 0.063 0.065  D 15653
   2016.82353 11.951 11.949 11.947 11.965 11.973    0.052 0.061 0.042 0.047 0.048  B 16041
   2025.80383 12.000 12.029 11.985 11.983 11.986    0.027 0.037 0.025 0.028 0.033  A 17264
   2027.82622 12.010 12.060 11.973 11.967 11.971    0.030 0.046 0.029 0.032 0.036  A 17710
   2030.83573 11.980 12.049 11.970 11.968 11.953    0.029 0.042 0.028 0.032 0.036  A 17888
   2031.83143 11.964 12.055 11.928 11.928 11.957    0.030 0.046 0.029 0.033 0.038  A 18098
   2032.81823 11.965 12.011 11.928 11.896 11.904    0.028 0.041 0.026 0.029 0.032  A 18314
   2033.82940 11.971 11.936 11.961 11.963 11.977    0.030 0.042 0.028 0.032 0.035  A 18530
   2037.79139 11.888 11.946 11.889 11.899 11.933    0.034 0.048 0.033 0.039 0.044  A 19031
   2052.76477 11.733 11.779 11.699 11.708 11.752    0.030 0.049 0.029 0.034 0.038  A 19872
   2053.77760 11.758 11.817 11.726 11.731 11.739    0.031 0.049 0.030 0.034 0.039  A 20084
   2055.76334 11.754 11.768 11.743 11.758 11.766    0.032 0.054 0.032 0.036 0.039  A 20523
   2056.75998 11.790 11.816 11.749 11.742 11.765    0.030 0.046 0.029 0.032 0.037  A 20749
   2057.75820 11.777 11.823 11.760 11.772 11.792    0.028 0.042 0.026 0.031 0.034  A 20976
   2058.75721 11.811 11.852 11.779 11.783 11.792    0.029 0.045 0.028 0.032 0.037  A 21205
   2061.78527 11.841 11.907 11.823 11.817 11.810    0.033 0.052 0.032 0.037 0.041  A 21430
   2065.72489 11.919 11.969 11.899 11.914 11.923    0.034 0.053 0.034 0.040 0.045  A 21736
   2080.66007 11.965 11.988 11.935 11.928 11.960    0.032 0.051 0.031 0.035 0.039  A 22906
   2081.70528 11.983 12.080 11.964 11.993 12.040    0.031 0.049 0.029 0.034 0.037  A 23152
   2082.71190 12.003 12.086 11.957 11.930 11.912    0.033 0.059 0.032 0.037 0.041  A 23379
   2083.70064 12.026 12.128 11.977 11.962 11.968    0.035 0.055 0.035 0.043 0.048  A 23618
   2085.69641 12.001 12.032 11.995 12.013 12.056    0.031 0.049 0.030 0.035 0.038  A 23842
   2087.69062 11.931 12.025 11.883 11.877 11.891    0.032 0.051 0.032 0.036 0.040  A 24285
   2093.61554 11.792 11.811 11.770 11.783 11.793    0.032 0.051 0.031 0.035 0.041  A 24700
   2102.64477 11.738 11.829 11.702 11.688 11.701    0.034 0.049 0.033 0.037 0.041  A 25666
   2103.66008 11.756 11.796 11.726 11.743 11.762    0.028 0.038 0.027 0.031 0.036  A 25819
   2104.66171 11.740 11.809 11.700 11.697 11.705    0.036 0.051 0.034 0.037 0.041  A 26019
   2105.65363 11.689 11.711 11.672 11.660 11.666    0.034 0.054 0.032 0.035 0.039  A 26237
   2106.65682 11.706 11.736 11.680 11.670 11.690    0.036 0.054 0.034 0.037 0.042  A 26444
   2114.78464 11.821 11.855 11.811 11.854 11.887    0.044 0.055 0.044 0.052 0.058  A 26724
   2115.63674 11.821 11.887 11.783 11.767 11.765    0.033 0.044 0.032 0.035 0.040  A 26865
   2116.62465 11.873 11.936 11.855 11.839 11.831    0.034 0.048 0.032 0.036 0.041  A 27080
   2117.62055 11.844 11.870 11.815 11.810 11.818    0.032 0.046 0.031 0.037 0.040  A 27298
   2128.57440 11.941 12.019 11.906 11.903 11.919    0.031 0.042 0.028 0.032 0.037  A 27910
   2129.60044 11.974 12.071 11.952 11.949 11.940    0.032 0.048 0.030 0.033 0.037  A 28138
   2131.59093 11.962 12.036 11.938 11.937 11.959    0.033 0.052 0.030 0.034 0.037  A 28547
   2133.58636 12.038 12.127 11.987 11.961 11.966    0.030 0.042 0.030 0.034 0.036  A 28973
   2134.58929 11.957 12.013 11.942 11.927 11.975    0.032 0.041 0.030 0.034 0.038  A 29192
   2156.51685 11.694 11.725 11.711 11.731 11.747    0.034 0.048 0.034 0.039 0.044  A 31597
   2184.51256 12.043 12.050 12.001 12.002 12.016    0.037 0.049 0.033 0.038 0.043  A 34026
   2188.49296 11.963 12.003 11.949 11.944 11.953    0.034 0.036 0.029 0.031 0.035  A 34662
   2191.50439 11.959 11.962 11.931 11.910 11.951    0.034 0.048 0.030 0.034 0.038  A 35064
   2194.50526 11.931 12.004 11.938 11.949 11.960    0.034 0.052 0.031 0.035 0.038  A 35593
   2197.51757 11.859 11.921 11.826 11.821 11.823    0.034 0.049 0.031 0.035 0.039  A 36092
   2201.50093 11.822 11.878 11.814 11.811 11.843    0.035 0.052 0.031 0.035 0.038  A 36685
   2207.51219 11.833 11.829 11.788 11.760 11.768    0.039 0.057 0.035 0.040 0.044  A 37607
   2215.49806 11.813 11.855 11.807 11.804 11.842    0.037 0.052 0.033 0.038 0.043  A 38344
   2442.71131 11.890 11.923 11.911 11.902 11.912    0.030 0.029 0.022 0.024 0.024  A 8517
   2443.71098 11.978 11.938 11.957 11.957 11.930    0.030 0.028 0.024 0.028 0.028  A 8703
   2444.70840 11.932 11.893 11.880 11.876 11.868    0.028 0.027 0.022 0.024 0.027  A 8907
   2445.69711 11.899 11.939 11.890 11.876 11.887    0.024 0.023 0.020 0.022 0.025  A 9119
   2446.71342 11.971 11.917 11.955 11.969 11.966    0.031 0.031 0.023 0.025 0.027  A 9289
   2464.66449 11.832 11.867 11.837 11.836 11.850    0.034 0.036 0.027 0.031 0.027  A 10849
   2465.66813 11.829 11.829 11.811 11.815 11.806    0.033 0.038 0.028 0.031 0.028  A 11071
   2466.65640 11.832 11.841 11.832 11.810 11.807    0.033 0.033 0.025 0.028 0.027  A 11284
   2467.66023 11.833 11.816 11.795 11.785 11.777    0.030 0.030 0.021 0.022 0.023  A 11505
   2468.65938 11.739 11.774 11.759 11.744 11.742    0.033 0.033 0.023 0.023 0.024  A 11723
   2470.61600 11.775 11.791 11.783 11.768 11.765    0.037 0.041 0.029 0.032 0.031  A 11984
   2473.62611 11.757 11.784 11.756 11.748 11.776    0.038 0.043 0.031 0.034 0.032  A 12677
   2481.61231 11.808 11.775 11.815 11.863 11.879    0.051 0.063 0.042 0.051 0.048  B 12985
   2486.61519 11.949 11.918 11.923 11.898 11.896    0.057 0.064 0.047 0.047 0.048  B 13311
   2491.60445 12.017 12.000 12.031 12.015 11.990    0.059 0.068 0.050 0.048 0.047  B 14223
   2493.59988 11.927 11.935 11.927 11.924 11.946    0.037 0.042 0.029 0.034 0.030  A 14456
   2499.58817 11.887 11.913 99.999 99.999 99.999    0.032 0.032 0.025 0.026 0.027  C 15625
   2501.58065 11.893 11.854 11.879 11.872 11.872    0.034 0.036 0.028 0.031 0.030  A 15983
   2508.54194 11.876 11.869 11.861 11.860 11.872    0.039 0.041 0.033 0.036 0.039  A 16751
   2511.61680 11.864 11.870 11.842 11.800 11.777    0.048 0.047 0.046 0.054 0.062  B 17083
   2519.67197 11.867 11.856 11.844 11.845 11.834    0.030 0.032 0.025 0.027 0.028  A 18016
   2520.66988 11.808 11.877 11.775 11.757 11.766    0.022 0.029 0.020 0.023 0.026  A 18214
   2526.64956 11.839 11.827 11.816 11.818 11.824    0.043 0.039 0.031 0.031 0.033  A 18847
   2540.54404 11.949 11.915 11.944 11.918 11.900    0.068 0.082 0.057 0.057 0.058  D 19672
   2544.54479 11.814 11.811 11.787 11.777 11.756    0.035 0.040 0.029 0.032 0.033  A 19943
   2545.58919 11.837 11.842 11.834 11.842 11.852    0.025 0.035 0.020 0.022 0.024  A 20151
   2561.50304 11.949 11.964 11.910 11.904 11.903    0.026 0.040 0.024 0.028 0.030  A 22498
   2562.55464 11.958 11.999 11.910 11.901 11.915    0.031 0.057 0.030 0.036 0.039  A 22700
   2565.53314 11.862 11.887 11.862 11.847 11.871    0.031 0.038 0.025 0.029 0.031  A 23227
   2566.54724 11.882 11.889 11.862 11.854 11.852    0.039 0.041 0.033 0.036 0.037  A 23412
   2699.90003 11.915 11.931 11.889 11.890 11.914    0.033 0.035 0.034 0.041 0.047  A 42816
   2703.90039 11.995 12.031 11.931 11.935 11.961    0.037 0.040 0.037 0.044 0.049  A 43583
   2707.89109 99.999 99.999 99.999 99.999 99.999    0.045 0.041 0.049 0.059 0.068  C 44317
   2710.88512 11.965 11.977 11.941 11.942 11.967    0.030 0.033 0.031 0.036 0.042  A 44857
   2713.90230 11.965 12.035 11.945 11.949 11.959    0.028 0.035 0.027 0.031 0.034  A 45433
   2719.88448 11.877 11.933 11.847 11.835 11.859    0.038 0.041 0.037 0.043 0.049  A 46203
   2726.85188 11.905 11.914 11.842 11.822 11.836    0.039 0.043 0.036 0.040 0.046  A 47557
   2728.91010 11.888 11.935 11.879 11.882 11.926    0.035 0.039 0.035 0.040 0.044  A 47974
   2731.88753 11.783 11.818 11.795 11.791 11.803    0.037 0.032 0.027 0.030 0.030  A 48434
   2734.86763 11.829 11.838 11.789 11.776 11.775    0.028 0.031 0.026 0.030 0.034  A 48922
   2736.88845 11.854 11.848 11.841 11.828 11.832    0.031 0.033 0.030 0.036 0.040  A 49322
   2739.83902 11.799 11.857 11.797 11.777 11.791    0.030 0.030 0.027 0.030 0.034  A 49845
   2743.88794 11.836 11.820 11.814 11.808 11.817    0.025 0.032 0.024 0.027 0.030  A 50651
   2747.88524 11.931 11.930 11.923 11.907 11.892    0.047 0.044 0.052 0.062 0.070  B 51108
   2755.80426 11.856 11.896 11.846 11.826 11.839    0.037 0.031 0.029 0.034 0.033  A 52532
   2757.82349 11.922 11.933 11.908 11.907 11.910    0.026 0.031 0.024 0.027 0.030  A 52955
   2760.79568 11.908 11.919 11.881 11.883 11.909    0.027 0.032 0.026 0.029 0.032  A 53492
   2764.82069 11.923 11.961 11.911 11.899 11.915    0.027 0.032 0.024 0.027 0.030  A 54325
   2769.82691 11.959 12.039 11.935 11.918 11.926    0.055 0.061 0.058 0.070 0.083  B 54731
   2775.85406 12.046 11.816 12.114 12.169 12.226    0.086 0.085 0.095 0.115 0.136  D 55174
   2782.83553 11.882 11.895 11.841 11.826 11.841    0.032 0.036 0.027 0.031 0.034  A 55798
   2784.77819 11.843 11.910 11.846 11.834 11.861    0.023 0.038 0.022 0.025 0.028  A 56193
   2786.76154 11.842 11.876 11.827 11.820 11.832    0.027 0.030 0.024 0.027 0.030  A 56619
   2790.78347 11.865 11.883 11.816 11.802 11.805    0.024 0.041 0.023 0.026 0.029  A 57388
   2802.82372 11.996 11.961 11.956 11.926 11.861    0.058 0.058 0.058 0.071 0.082  B 58791
   2804.70837 11.831 11.886 11.862 11.872 11.898    0.046 0.038 0.038 0.044 0.046  B 59074
   2808.76473 11.978 11.986 11.929 11.888 11.868    0.028 0.034 0.024 0.028 0.031  A 59357
   2810.69534 11.937 11.970 11.920 11.905 11.926    0.032 0.031 0.027 0.029 0.030  A 59756
   2812.68143 11.965 12.038 11.930 11.892 99.999    0.027 0.029 0.025 0.030 0.033  C 60200
   2814.85208 11.969 12.001 11.913 11.898 11.912    0.026 0.031 0.026 0.029 0.032  A 60741
   2818.90299 11.947 11.978 11.917 11.919 11.926    0.030 0.030 0.026 0.031 0.034  A 61181
   2821.68314 11.937 11.990 11.902 11.887 11.909    0.028 0.028 0.027 0.033 0.039  A 61753
   2830.66401 11.887 11.876 11.886 11.909 11.914    0.033 0.032 0.031 0.037 0.041  A 62520
   2834.80876 11.916 11.901 11.823 11.770 11.710    0.085 0.084 0.092 0.112 0.130  D 63407
   2836.63391 29.999 29.999 29.999 29.999 29.999    0.067 0.064 0.069 0.081 0.101  D 63678
   2838.83001 11.836 11.820 11.805 11.785 11.785    0.030 0.029 0.030 0.035 0.040  A 63975
   2840.75006 11.720 11.804 11.687 11.685 11.716    0.033 0.035 0.031 0.037 0.043  A 64379
   2843.66055 11.741 11.771 11.726 11.694 11.716    0.030 0.028 0.026 0.031 0.035  A 64917
   2851.65141 11.787 11.813 11.772 11.755 11.758    0.026 0.024 0.020 0.023 0.027  A 65445
   2853.77454 11.838 11.852 11.825 11.828 11.831    0.026 0.025 0.023 0.025 0.027  A 65717
   2855.66815 11.799 11.855 11.815 11.808 11.808    0.041 0.043 0.038 0.044 0.047  A 66072
   2866.62696 11.863 11.835 11.864 11.896 11.911    0.030 0.031 0.025 0.028 0.031  A 67553
   2872.59078 11.873 11.927 11.886 11.874 11.873    0.026 0.030 0.021 0.023 0.026  A 68141
   2875.62226 11.900 11.945 11.898 11.924 11.919    0.023 0.037 0.021 0.025 0.028  A 68544
   2877.61038 11.940 11.980 11.918 11.933 11.977    0.027 0.032 0.024 0.027 0.030  A 68937
   2879.61106 11.890 11.912 11.851 11.841 11.844    0.026 0.026 0.021 0.024 0.027  A 69243
   2882.64605 11.971 12.023 11.957 11.968 11.951    0.064 0.062 0.072 0.090 0.104  D 69510
   2884.59448 11.840 11.854 11.810 11.803 11.800    0.024 0.034 0.022 0.026 0.029  A 69800
   2885.61916 11.798 11.829 11.760 11.730 11.741    0.029 0.032 0.025 0.028 0.031  A 70017
   2892.53929 11.802 11.818 11.775 11.744 11.759    0.034 0.043 0.027 0.033 0.038  A 70635
   2893.64999 99.999 99.999 99.999 99.999 99.999    0.031 0.038 0.030 0.035 0.039  C 70884
   2895.62136 11.782 11.851 11.757 11.777 11.791    0.027 0.036 0.025 0.029 0.032  A 71264
   2897.63050 11.827 11.821 11.801 11.783 11.775    0.030 0.042 0.026 0.029 0.032  A 71668
   2899.61245 11.807 11.746 11.775 11.777 11.773    0.031 0.037 0.028 0.032 0.036  A 72024
   2901.61068 11.882 11.891 11.883 11.906 12.061    0.081 0.079 0.093 0.117 0.140  D 72408
   2904.64869 11.779 11.800 11.748 11.745 11.745    0.040 0.045 0.040 0.044 0.049  A 72862
   2906.64695 11.802 11.864 11.783 11.772 11.794    0.027 0.029 0.023 0.026 0.031  A 73184
   2909.64670 11.899 11.852 11.884 11.901 11.911    0.033 0.040 0.033 0.039 0.045  A 73598
   2911.59984 11.857 11.903 11.836 11.821 11.822    0.027 0.032 0.024 0.026 0.030  A 73899
   2917.49199 11.902 11.884 11.871 11.879 11.900    0.028 0.040 0.027 0.031 0.036  A 74704
   2921.49691 11.833 11.836 11.828 11.842 11.856    0.036 0.038 0.036 0.045 0.052  A 75030
   2923.51592 11.896 11.834 11.858 11.819 11.771    0.036 0.040 0.030 0.036 0.041  A 75405
   2926.52104 11.810 11.869 11.796 11.801 11.822    0.029 0.037 0.028 0.033 0.036  A 75768
   2928.52881 11.869 11.864 11.856 11.858 11.872    0.035 0.035 0.032 0.036 0.039  A 76145
   2930.53447 11.862 11.875 11.850 11.867 11.911    0.028 0.039 0.027 0.030 0.033  A 76499
   2932.53525 99.999 99.999 99.999 99.999 99.999    0.027 0.032 0.026 0.029 0.032  C 76856
   2934.53345 11.907 11.937 11.877 11.893 11.908    0.027 0.033 0.026 0.030 0.033  A 77205
   2944.50980 11.815 11.903 11.801 11.791 11.814    0.029 0.035 0.028 0.032 0.036  A 78474
   2946.54087 11.802 11.852 11.774 11.758 11.760    0.030 0.036 0.028 0.032 0.036  A 78800
   2950.51226 11.800 11.802 11.758 11.718 11.718    0.033 0.038 0.034 0.040 0.047  A 79398
   2953.51415 11.798 11.801 11.765 11.769 11.778    0.034 0.036 0.033 0.039 0.044  A 79785
   2956.50964 11.773 11.813 11.766 11.764 11.805    0.029 0.030 0.027 0.033 0.037  A 80186
   3072.89868 11.850 11.868 11.814 11.810 11.828    0.040 0.042 0.041 0.047 0.052  A 93826
   3076.90107 11.919 11.988 11.917 11.931 11.974    0.037 0.039 0.038 0.044 0.049  A 94360
   3081.88479 11.950 12.052 11.875 11.810 11.808    0.052 0.052 0.056 0.067 0.077  B 95091
   3088.88478 11.942 11.988 11.918 11.905 11.945    0.044 0.047 0.044 0.049 0.054  A 95851
   3092.88000 11.966 11.993 11.956 11.966 11.971    0.032 0.031 0.030 0.034 0.039  A 96467
   3097.89912 11.974 11.970 11.962 11.956 11.962    0.032 0.030 0.029 0.033 0.037  A 96900
   3101.88425 11.889 11.891 11.880 11.908 11.944    0.052 0.051 0.052 0.058 0.065  B 97514
   3109.86841 11.883 11.888 11.885 11.901 11.908    0.033 0.035 0.033 0.039 0.044  A 98769
   3112.87878 11.889 11.914 11.873 11.876 11.893    0.034 0.030 0.029 0.034 0.037  A 99243
   3115.86939 11.968 12.095 11.955 11.937 11.947    0.032 0.030 0.029 0.034 0.038  A 99738
   3122.89960 11.877 11.919 11.841 11.818 11.814    0.030 0.030 0.027 0.032 0.037  A 100304
   3125.81383 11.912 11.990 11.863 11.844 11.871    0.064 0.063 0.067 0.071 0.077  D 100777
   3127.88099 99.999 99.999 99.999 99.999 99.999    0.042 0.047 0.043 0.052 0.060  C 101112
   3130.83030 12.047 12.081 12.045 12.043 12.066    0.053 0.057 0.052 0.057 0.063  B 101553
   3142.80166 12.055 12.106 12.055 12.070 12.118    0.033 0.031 0.029 0.032 0.035  A 103161
   3146.77632 12.002 12.042 11.994 11.985 12.017    0.031 0.032 0.029 0.033 0.037  A 103565
   3152.90075 11.909 11.984 11.883 11.862 11.848    0.050 0.049 0.056 0.070 0.082  B 103686
   3154.77652 11.877 11.931 11.861 11.850 11.843    0.028 0.028 0.025 0.030 0.034  A 103989
   3157.89074 11.992 11.987 11.978 11.992 12.021    0.034 0.041 0.035 0.042 0.047  A 104311
   3159.78383 11.819 11.870 11.816 11.834 11.892    0.047 0.047 0.045 0.054 0.064  B 104614
   3162.82900 11.900 11.918 11.891 11.883 11.883    0.034 0.034 0.032 0.037 0.042  A 104911
   3164.89540 11.827 11.849 11.794 11.782 11.781    0.026 0.035 0.026 0.031 0.036  A 105286
   3170.77583 11.824 11.880 11.827 11.811 11.807    0.032 0.031 0.029 0.035 0.039  A 106055
   3173.72451 11.945 11.954 11.898 11.856 11.829    0.048 0.042 0.043 0.050 0.057  B 106425
   3176.79445 12.027 12.046 12.005 11.979 11.983    0.049 0.047 0.053 0.063 0.074  B 106818
   3179.70518 11.965 12.011 11.956 11.961 11.995    0.032 0.037 0.030 0.035 0.039  A 107233
   3182.71196 11.986 12.003 11.970 11.972 11.967    0.034 0.032 0.028 0.032 0.036  A 107526
   3184.71513 11.965 12.008 11.943 11.942 11.960    0.027 0.031 0.027 0.031 0.035  A 107857
   3186.76540 11.972 12.029 12.000 12.021 12.085    0.038 0.035 0.038 0.045 0.051  A 108135
   3190.72846 11.894 11.958 11.933 11.976 12.023    0.039 0.038 0.036 0.042 0.048  A 108634
   3266.63962 11.764 11.795 11.751 11.750 11.730    0.028 0.028 0.025 0.030 0.034  A 115186
   3268.54994 11.804 11.782 11.781 11.771 11.791    0.030 0.039 0.025 0.028 0.032  A 115464
   3272.53070 11.751 11.796 11.740 11.736 11.754    0.034 0.051 0.031 0.037 0.042  A 116041
   3274.65008 11.815 11.809 11.785 11.762 11.759    0.035 0.039 0.035 0.042 0.047  A 116333
   3277.59452 11.698 11.794 11.732 11.762 11.819    0.044 0.057 0.045 0.054 0.062  A 116692
   3279.62411 11.820 11.898 11.790 11.758 11.738    0.032 0.036 0.031 0.037 0.042  A 116965
   3293.53617 11.966 11.947 11.936 11.942 11.942    0.029 0.027 0.025 0.029 0.032  A 118282
   3299.50226 11.940 11.946 11.901 11.881 11.889    0.034 0.047 0.030 0.035 0.039  A 118900
   3431.89887 11.865 11.879 11.841 11.865 11.915    0.036 0.043 0.040 0.047 0.056  A 132456
   3444.89397 12.037 12.095 11.985 11.962 11.957    0.035 0.040 0.040 0.049 0.057  A 134021
   3449.89113 11.977 11.954 11.854 11.725 11.715    0.062 0.102 0.059 0.068 0.080  D 135160
   3455.88151 11.895 11.967 11.864 11.866 11.883    0.035 0.045 0.039 0.048 0.056  A 136095
   3459.86452 11.986 11.994 11.946 11.924 11.925    0.030 0.039 0.031 0.036 0.041  A 136796
   3464.86514 11.874 11.899 11.866 11.899 11.919    0.029 0.039 0.030 0.034 0.038  A 137574
   3468.86995 11.876 11.920 11.860 11.849 11.834    0.029 0.038 0.028 0.033 0.039  A 138179
   3472.90238 11.957 12.006 11.940 11.929 11.953    0.034 0.039 0.035 0.039 0.044  A 138792
   3476.87027 11.958 12.028 11.914 11.940 11.979    0.040 0.062 0.038 0.044 0.049  A 139451
   3479.88203 11.961 11.995 11.927 11.903 11.902    0.032 0.040 0.032 0.036 0.040  A 139934
   3482.86670 11.842 11.916 11.805 11.814 11.956    0.071 0.074 0.083 0.102 0.121  D 140400
   3487.87036 11.882 11.985 11.857 11.863 11.883    0.035 0.044 0.036 0.042 0.049  A 140850
   3490.89710 11.873 11.951 11.853 11.858 11.903    0.053 0.086 0.049 0.055 0.061  D 141225
   3495.87607 11.936 11.981 11.929 11.986 12.118    0.055 0.062 0.060 0.072 0.082  B 141716
   3499.82919 11.860 11.883 11.839 11.822 11.859    0.050 0.053 0.059 0.072 0.084  B 142177
   3509.84142 11.910 11.973 11.892 11.879 11.890    0.029 0.035 0.026 0.030 0.034  A 143486
   3512.76374 11.901 11.925 11.877 11.878 11.890    0.031 0.040 0.033 0.040 0.045  A 143902
   3521.85371 11.910 11.883 11.904 11.921 11.965    0.060 0.102 0.058 0.064 0.072  D 144909
   3524.75542 11.961 11.981 11.920 11.910 11.910    0.034 0.041 0.036 0.039 0.044  A 145379
   3526.80126 11.870 11.874 11.843 11.845 11.855    0.034 0.051 0.032 0.037 0.042  A 145734
   3538.76623 99.999 99.999 99.999 99.999 99.999    0.029 0.039 0.027 0.031 0.035  C 146886
   3546.71917 11.785 11.881 11.733 11.716 11.712    0.086 0.083 0.100 0.126 0.153  D 147895
   3550.73649 11.900 11.941 11.882 11.897 11.942    0.034 0.043 0.037 0.044 0.050  A 148243
   3555.75700 11.951 11.960 11.912 11.896 11.916    0.029 0.037 0.028 0.031 0.035  A 148964
   3559.67324 11.895 12.003 11.855 11.877 11.919    0.056 0.096 0.052 0.058 0.063  D 149418
   3561.70756 11.898 12.009 11.876 11.895 11.954    0.040 0.071 0.034 0.039 0.043  A 149766
   3563.71500 11.912 11.919 11.873 11.848 11.842    0.031 0.048 0.029 0.033 0.038  A 150110
   3569.67869 11.864 11.907 11.845 11.838 11.847    0.029 0.032 0.027 0.032 0.036  A 150586
   3573.67977 99.999 99.999 99.999 99.999 99.999    0.036 0.039 0.034 0.039 0.045  C 151127
   3575.69935 11.926 11.940 11.904 11.913 11.914    0.031 0.043 0.029 0.034 0.038  A 151494
   3577.72084 11.839 11.926 11.805 11.792 11.786    0.035 0.052 0.032 0.036 0.040  A 151832
   3582.79389 11.901 11.916 11.865 11.844 11.849    0.034 0.042 0.037 0.042 0.047  A 152700
   3584.79574 11.838 11.957 11.773 11.778 11.799    0.038 0.056 0.038 0.043 0.048  A 153058
   3586.72590 11.898 11.926 11.864 11.860 11.865    0.032 0.046 0.031 0.035 0.039  A 153385
   3591.57588 11.829 11.884 11.806 11.811 11.829    0.033 0.040 0.032 0.035 0.039  A 154168
   3594.56112 11.886 11.939 11.864 11.870 11.880    0.035 0.050 0.033 0.037 0.041  A 154672
   3600.60531 11.935 12.063 11.883 11.855 11.848    0.058 0.072 0.065 0.082 0.097  D 155388
   3602.59104 11.853 11.870 11.799 11.768 11.761    0.037 0.053 0.035 0.041 0.047  A 155719
   3604.60038 11.845 11.913 11.819 11.804 11.850    0.047 0.051 0.053 0.065 0.074  B 156029
   3609.54200 11.883 11.926 11.834 11.769 11.726    0.051 0.052 0.057 0.072 0.083  B 156607
   3616.55106 11.912 11.943 11.893 11.876 11.901    0.030 0.029 0.029 0.033 0.038  A 157029
   3618.66038 11.993 12.059 12.004 12.059 12.110    0.043 0.060 0.042 0.048 0.054  A 157291
   3620.64125 11.992 12.061 11.962 11.983 12.025    0.045 0.074 0.041 0.045 0.050  B 157591
   3628.52036 11.931 11.958 11.919 11.914 11.882    0.032 0.035 0.030 0.036 0.041  A 158413
   3630.58739 11.921 11.968 11.911 11.926 11.956    0.035 0.048 0.035 0.042 0.047  A 158771
   3634.62624 11.859 11.918 11.821 11.798 11.772    0.037 0.055 0.036 0.044 0.050  A 159369
   3637.63562 11.941 11.927 11.897 11.893 11.883    0.041 0.045 0.039 0.043 0.047  A 159708
   3641.59491 11.825 11.863 11.786 11.795 11.825    0.032 0.047 0.030 0.035 0.039  A 160162
   3643.63937 11.874 11.895 11.856 11.865 11.884    0.038 0.046 0.038 0.041 0.046  A 160455
   3647.56707 11.888 11.894 11.852 11.836 11.850    0.029 0.031 0.026 0.030 0.034  A 160880
   3650.50879 11.832 11.875 11.818 11.828 11.848    0.035 0.047 0.031 0.036 0.040  A 161268
   3655.49913 11.926 11.992 11.921 11.955 12.013    0.052 0.087 0.049 0.053 0.057  D 161974
   3657.57642 11.873 11.896 11.853 11.853 11.879    0.044 0.076 0.040 0.047 0.052  B 162299
   3660.52256 11.883 11.955 11.834 11.813 11.831    0.048 0.084 0.046 0.051 0.057  D 162743
   3662.54692 11.961 11.978 11.946 11.958 12.020    0.043 0.061 0.044 0.054 0.061  A 163038
   3664.56126 11.956 12.054 11.913 11.905 11.920    0.038 0.056 0.037 0.041 0.046  A 163333
   3668.53750 11.958 11.993 11.910 11.884 11.868    0.032 0.045 0.029 0.034 0.037  A 163798
   3671.52870 11.964 12.033 11.923 11.941 11.945    0.033 0.051 0.030 0.034 0.038  A 164226
   3674.53402 11.938 11.993 11.920 11.922 11.930    0.034 0.039 0.033 0.037 0.041  A 164657
   3677.52043 11.938 11.986 11.920 11.925 11.930    0.034 0.049 0.032 0.036 0.040  A 165086
   3796.90041 11.904 11.913 11.907 11.932 11.957    0.038 0.044 0.039 0.047 0.055  A 180207
   3806.89430 11.907 11.927 11.897 11.916 11.953    0.034 0.044 0.036 0.043 0.049  A 181556
   3810.89649 11.915 11.974 11.890 11.881 11.877    0.039 0.045 0.045 0.055 0.064  A 182061
   3814.88884 11.845 11.934 11.785 11.760 11.747    0.038 0.045 0.041 0.050 0.057  A 182702
   3820.88807 11.853 11.869 11.822 11.802 11.794    0.038 0.043 0.042 0.050 0.058  A 183662
   3824.87737 11.930 12.000 11.876 11.843 11.865    0.037 0.039 0.041 0.051 0.060  A 184314
   3828.86723 11.999 12.030 11.985 12.018 12.047    0.034 0.043 0.033 0.039 0.044  A 184990
   3832.85270 11.940 11.950 11.934 11.940 11.939    0.033 0.044 0.034 0.040 0.046  A 185672
   3836.85309 11.909 11.972 11.883 11.889 11.915    0.035 0.042 0.038 0.046 0.055  A 186352
   3847.92005 11.959 11.999 11.925 11.917 11.922    0.048 0.064 0.050 0.059 0.069  B 186832
   3850.85706 11.925 11.983 11.875 11.857 11.867    0.040 0.066 0.037 0.041 0.046  A 187329
   3853.84822 11.894 11.921 11.877 11.878 11.879    0.034 0.049 0.033 0.038 0.044  A 187860
   3856.84286 11.908 11.944 11.867 11.854 11.882    0.032 0.041 0.034 0.040 0.046  A 188303
   3859.82366 11.918 11.974 11.892 11.875 11.858    0.037 0.044 0.038 0.045 0.051  A 188730
   3862.82094 11.856 11.930 11.823 11.804 11.796    0.030 0.039 0.029 0.034 0.039  A 189257
   3864.81863 11.892 11.878 11.859 11.846 11.857    0.035 0.048 0.036 0.042 0.049  A 189598
   3866.83330 11.893 11.897 11.869 11.862 11.883    0.030 0.035 0.032 0.036 0.041  A 189948
   3868.82881 11.904 11.976 11.890 11.919 11.981    0.035 0.042 0.039 0.045 0.053  A 190259
   3870.79302 11.833 11.870 11.812 11.819 11.894    0.033 0.042 0.036 0.045 0.051  A 190612
   3874.80894 11.888 11.914 11.872 11.868 11.891    0.028 0.037 0.029 0.034 0.038  A 191074
   3877.78802 11.963 11.966 11.903 11.883 11.900    0.028 0.036 0.028 0.033 0.037  A 191539
   3880.84433 12.011 12.014 11.960 11.942 11.938    0.032 0.037 0.032 0.038 0.044  A 191875
   3883.84124 11.930 11.997 11.912 11.899 11.898    0.041 0.069 0.037 0.042 0.046  A 192329
   3887.78310 12.037 12.065 11.992 11.968 11.982    0.034 0.053 0.032 0.038 0.043  A 192708
   3889.90170 11.955 12.027 11.950 11.961 11.998    0.034 0.042 0.032 0.037 0.042  A 193077
   3891.80038 11.954 11.998 11.926 11.910 11.907    0.029 0.039 0.029 0.034 0.039  A 193407
   3896.80128 11.965 12.044 11.967 11.954 11.989    0.038 0.043 0.038 0.046 0.052  A 194089
   3901.77328 11.942 11.984 11.941 11.947 11.988    0.041 0.067 0.039 0.045 0.051  A 194891
   3903.77508 11.946 11.995 11.916 11.932 11.940    0.041 0.071 0.038 0.043 0.048  A 195268
   3905.80537 11.953 12.029 11.931 11.939 11.936    0.046 0.075 0.041 0.046 0.050  B 195655
   3907.79306 11.896 11.927 11.881 11.883 11.945    0.036 0.057 0.032 0.036 0.041  A 196038
   3913.88260 11.986 12.002 11.962 11.976 11.999    0.040 0.060 0.037 0.041 0.045  A 197018
   3983.54946 11.912 12.004 11.911 11.932 11.953    0.054 0.083 0.055 0.066 0.075  B 203588
   4162.89921 11.998 12.039 12.013 11.994 12.020    0.044 0.066 0.050 0.062 0.073  B 216715
   4167.89628 11.923 11.972 11.880 11.869 11.898    0.040 0.058 0.041 0.049 0.057  A 217403
   4175.89506 11.932 11.951 11.872 11.842 11.830    0.039 0.043 0.041 0.049 0.057  A 218466
   4179.90035 11.895 11.960 11.869 11.862 11.893    0.047 0.059 0.049 0.059 0.067  B 218928
   4183.88497 11.864 11.886 11.841 11.828 11.835    0.041 0.054 0.043 0.052 0.059  A 219488
   4189.89495 99.999 99.999 99.999 99.999 99.999    0.038 0.042 0.035 0.039 0.044  C 220171
   4192.89277 11.866 11.914 11.869 11.869 11.876    0.037 0.045 0.035 0.042 0.047  A 220650
   4196.90840 11.885 11.927 11.863 11.873 11.891    0.049 0.050 0.054 0.066 0.078  B 221139
   4203.89685 11.904 11.939 11.897 11.909 11.968    0.035 0.046 0.035 0.040 0.046  A 221869
   4207.91328 11.863 11.916 11.819 11.796 11.808    0.033 0.040 0.035 0.043 0.049  A 222321
   4212.92017 11.900 11.905 11.909 11.932 11.938    0.049 0.050 0.055 0.066 0.076  B 222513
   4216.86555 11.879 11.927 11.879 11.874 11.890    0.033 0.040 0.031 0.036 0.040  A 222947
   4229.87437 11.879 11.909 99.999 99.999 99.999    0.038 0.053 0.035 0.040 0.045  C 223596
   4231.87295 11.866 11.962 11.830 11.821 11.836    0.040 0.057 0.037 0.043 0.048  A 223953
   4234.80865 11.900 11.891 11.871 11.885 11.917    0.035 0.048 0.036 0.041 0.046  A 224458
   4246.76329 11.925 11.928 11.884 11.859 11.854    0.035 0.040 0.034 0.037 0.041  A 226260
   4250.78596 11.911 11.980 11.906 11.895 11.902    0.040 0.046 0.037 0.042 0.047  A 226700
   4256.80170 11.870 11.864 11.822 11.807 11.812    0.033 0.042 0.031 0.037 0.042  A 227308
   4266.77854 11.849 11.855 11.866 11.910 11.949    0.037 0.038 0.035 0.041 0.048  A 227778
   4269.71940 11.892 11.935 11.871 11.835 11.828    0.036 0.039 0.035 0.042 0.048  A 228181
   4272.76516 11.832 11.864 11.842 11.841 11.852    0.037 0.045 0.033 0.037 0.042  A 228422
   4274.76544 11.907 11.895 11.862 11.851 11.856    0.035 0.040 0.031 0.034 0.038  A 228733
   4277.70832 11.925 11.925 99.999 99.999 99.999    0.034 0.038 0.030 0.034 0.039  C 229027
   4283.72690 11.935 12.044 11.949 11.947 11.986    0.047 0.058 0.048 0.057 0.067  B 229667
   4285.71695 11.957 11.944 11.900 11.850 11.859    0.048 0.067 0.046 0.052 0.059  B 230008
   4289.71318 11.875 11.878 11.853 11.836 11.833    0.036 0.046 0.033 0.039 0.044  A 230362
   4291.71530 11.924 11.885 11.911 11.911 11.909    0.043 0.048 0.041 0.048 0.051  A 230713
   4293.70406 11.876 11.873 11.834 11.808 11.825    0.042 0.050 0.037 0.040 0.045  A 231076
   4295.71385 11.855 11.922 11.858 11.859 11.868    0.037 0.048 0.035 0.040 0.044  A 231419
   4297.70430 11.869 11.903 11.862 11.850 11.845    0.037 0.041 0.039 0.046 0.055  A 231767
   4299.68034 11.831 11.862 11.786 11.766 11.790    0.045 0.058 0.048 0.057 0.062  B 232132
   4301.67073 11.850 11.878 11.840 11.852 11.868    0.044 0.063 0.040 0.046 0.051  A 232480
   4303.67602 11.875 11.843 11.860 11.848 11.849    0.036 0.045 0.032 0.035 0.040  A 232778
   4305.66535 11.843 11.886 11.849 11.843 11.853    0.038 0.049 0.032 0.037 0.042  A 233142
   4307.64339 11.880 11.880 11.856 11.859 11.881    0.038 0.053 0.032 0.038 0.044  A 233479
   4311.65212 11.913 11.923 11.927 11.931 11.960    0.040 0.051 0.038 0.045 0.051  A 234064
   4316.72448 11.824 11.867 11.827 11.814 11.835    0.036 0.043 0.033 0.039 0.044  A 234674
   4319.69965 11.876 11.899 11.871 11.884 11.912    0.040 0.052 0.034 0.039 0.044  A 235004
   4329.60011 11.942 11.935 11.948 11.938 11.928    0.039 0.045 0.037 0.042 0.046  A 235123
   4331.59735 11.952 11.971 11.936 11.931 11.940    0.041 0.054 0.037 0.041 0.046  A 235481
   4333.56282 11.931 11.932 11.914 11.919 11.928    0.032 0.039 0.029 0.033 0.038  A 235830
   4334.74117 11.904 11.946 11.868 11.847 11.856    0.041 0.055 0.036 0.040 0.045  A 236069
   4338.64103 11.931 11.974 11.930 11.919 11.960    0.040 0.042 0.036 0.041 0.047  A 236432
   4340.69621 11.894 11.918 11.885 11.904 11.944    0.045 0.055 0.045 0.054 0.061  A 236789
   4342.68969 11.920 11.939 11.898 11.878 11.913    0.046 0.058 0.046 0.055 0.066  B 237117
   4344.69479 11.894 11.940 11.823 11.807 11.822    0.044 0.060 0.044 0.052 0.061  A 237460
   4346.69012 11.871 11.887 11.853 11.847 11.841    0.037 0.052 0.031 0.036 0.041  A 237799
   4348.69672 11.877 11.906 11.839 11.820 11.819    0.037 0.052 0.033 0.038 0.042  A 238154
   4351.51986 11.941 11.959 11.907 11.884 11.877    0.043 0.064 0.042 0.048 0.054  A 238557
   4353.63657 11.852 11.868 11.815 11.810 11.827    0.033 0.040 0.030 0.035 0.040  A 238856
   4356.52306 11.906 11.951 11.886 11.878 11.884    0.032 0.037 0.030 0.033 0.038  A 239306
   4358.52919 11.909 11.940 11.907 11.903 11.903    0.034 0.036 0.032 0.036 0.040  A 239592
   4360.51912 11.995 11.947 11.986 11.986 11.986    0.046 0.049 0.046 0.054 0.062  B 239910
   4367.49973 11.904 11.908 11.870 11.859 11.880    0.037 0.044 0.035 0.041 0.046  A 240805
   4369.55796 11.930 11.870 11.918 11.912 11.893    0.042 0.045 0.040 0.047 0.054  A 241115
   4371.57680 11.882 11.961 11.853 11.845 11.838    0.040 0.056 0.038 0.046 0.053  A 241450
   4373.58909 11.931 11.936 11.897 11.890 11.914    0.034 0.048 0.032 0.036 0.040  A 241748
   4376.57700 11.962 11.965 11.931 11.924 11.946    0.034 0.039 0.031 0.035 0.040  A 242100
   4378.59337 11.981 12.005 11.981 11.979 11.982    0.038 0.043 0.040 0.046 0.055  A 242406
   4380.61987 11.913 11.943 11.889 11.847 11.815    0.042 0.055 0.041 0.049 0.055  A 242714
   4383.56190 11.941 11.988 11.921 11.905 11.902    0.034 0.044 0.031 0.036 0.040  A 243154
   4385.60333 11.954 11.988 11.932 11.913 11.936    0.034 0.037 0.029 0.033 0.038  A 243480
   4388.49461 11.906 11.931 11.917 11.906 11.899    0.036 0.046 0.031 0.035 0.040  A 243914
   4393.50704 11.925 11.884 11.899 11.900 11.949    0.041 0.056 0.040 0.047 0.053  A 244607
   4400.51751 11.852 11.855 11.802 11.779 11.789    0.038 0.044 0.041 0.049 0.057  A 244942
   4407.51012 11.926 11.922 11.897 11.901 11.902    0.040 0.056 0.037 0.041 0.045  A 245535
   4411.50472 11.827 11.868 11.804 11.790 11.776    0.038 0.054 0.036 0.042 0.048  A 246053
   4539.89996 11.922 11.967 11.969 12.066 12.230    0.053 0.054 0.060 0.074 0.088  D 260459
   4547.88802 11.941 11.957 11.914 11.922 11.953    0.038 0.044 0.040 0.047 0.055  A 261690
   4558.86706 11.862 11.870 11.843 11.837 11.824    0.034 0.043 0.032 0.037 0.043  A 263270
   4562.86681 11.888 11.885 11.887 11.915 99.999    0.039 0.049 0.041 0.048 0.056  C 263935
   4566.86128 11.858 11.874 11.849 11.843 11.863    0.038 0.046 0.038 0.043 0.047  A 264601
   4570.85518 11.954 11.974 11.953 11.964 11.983    0.033 0.039 0.032 0.037 0.042  A 265236
   4573.86855 11.942 11.979 11.929 11.907 11.902    0.037 0.043 0.035 0.043 0.048  A 265757
#ndata= 2
#dataset= 4 ; 1 F1944-08_325
#desig= 190819-0815.9
#cra=   19.138494  19:08:18.6
#cdec=  -8.265643 -8:15:56.3
#class= 0
#cmag_0= 11.956
#cmer_0=  0.153
#nskip_0= 0
#cmag_1= 11.846
#cmer_1=  0.171
#nskip_1= 0
#cmag_2= 11.820
#cmer_2=  0.185
#nskip_2= 0
#cmag_3= 11.830
#cmer_3=  0.188
#nskip_3= 0
#cmag_4= 11.882
#cmer_4=  0.175
#nskip_4= 0
#ra=   19.138494  19:08:18.6
#dec=  -8.265643 -8:15:56.3
#     HJD      MAG_1  MAG_0  MAG_2  MAG_3  MAG_4    MER_1 MER_0 MER_2 MER_3 MER_4 GRADE FRAME
   2713.90230 11.967 12.066 11.951 11.965 12.006    0.046 0.047 0.043 0.049 0.056  A 45433
   2840.75006 11.725 11.848 11.690 11.698 11.758    0.040 0.041 0.037 0.044 0.051  A 64379
#ndata= 2
#dataset= 5 ; 1 F1912+00_369
#desig= 190818-0816.0
#cra=   19.138417  19:08:18.3
#cdec=  -8.266121 -8:15:58.0
#class= 0
#cmag_0= 12.029
#cmer_0=  0.051
#nskip_0= 0
#cmag_1= 12.003
#cmer_1=  0.022
#nskip_1= 0
#cmag_2= 11.929
#cmer_2=  0.112
#nskip_2= 0
#cmag_3= 11.890
#cmer_3=  0.222
#nskip_3= 0
#cmag_4= 11.918
#cmer_4=  0.280
#nskip_4= 0
#ra=   19.138417  19:08:18.3
#dec=  -8.266121 -8:15:58.0
#     HJD      MAG_1  MAG_0  MAG_2  MAG_3  MAG_4    MER_1 MER_0 MER_2 MER_3 MER_4 GRADE FRAME
   3449.89113 11.988 11.994 11.852 11.736 11.722    0.061 0.104 0.060 0.066 0.073  D 135160
   3453.87442 12.019 12.065 12.007 12.047 12.115    0.042 0.053 0.043 0.052 0.059  A 135732
