#ndata= 2
#dataset= 1 ; 1 F1900-64_055
#desig= 191124-5439.0
#cra=   19.189887  19:11:23.6
#cdec= -54.650535 -54:39:01.9
#class= 0
#cmag_0= 10.644
#cmer_0=  0.025
#nskip_0= 0
#cmag_1= 10.685
#cmer_1=  0.089
#nskip_1= 0
#cmag_2= 10.681
#cmer_2=  0.068
#nskip_2= 0
#cmag_3= 10.690
#cmer_3=  0.075
#nskip_3= 0
#cmag_4= 10.678
#cmer_4=  0.078
#nskip_4= 0
#ra=   19.189887  19:11:23.6
#dec= -54.650535 -54:39:01.9
#     HJD      MAG_2  MAG_0  MAG_1  MAG_3  MAG_4    MER_2 MER_0 MER_1 MER_3 MER_4 GRADE FRAME
   2140.55451 10.729 10.662 10.748 10.743 10.733    0.035 0.058 0.039 0.039 0.044  A 30149
   2151.50794 10.633 10.626 10.624 10.638 10.625    0.041 0.066 0.043 0.047 0.051  B 31332
#ndata= 3
#dataset= 2 ; 1 F1824-56_083
#desig= 191124-5439.1
#cra=   19.189861  19:11:23.5
#cdec= -54.651011 -54:39:03.6
#class= 0
#cmag_0= 11.064
#cmer_0=  0.344
#nskip_0= 0
#cmag_1= 11.062
#cmer_1=  0.360
#nskip_1= 0
#cmag_2= 11.070
#cmer_2=  0.345
#nskip_2= 0
#cmag_3= 11.073
#cmer_3=  0.349
#nskip_3= 0
#cmag_4= 11.069
#cmer_4=  0.342
#nskip_4= 0
#ra=   19.189861  19:11:23.5
#dec= -54.651011 -54:39:03.6
#     HJD      MAG_1  MAG_0  MAG_2  MAG_3  MAG_4    MER_1 MER_0 MER_2 MER_3 MER_4 GRADE FRAME
   2696.88814 11.199 11.180 11.201 11.187 11.182    0.032 0.032 0.032 0.036 0.041  A 42198
   2713.88274 11.249 11.250 11.249 11.264 11.254    0.032 0.032 0.033 0.034 0.037  A 45424
   3167.82249 10.740 10.763 10.762 10.769 10.771    0.031 0.033 0.031 0.035 0.039  A 105651
#ndata= 476
#dataset= 3 ; 1 F1912-56_084
#desig= 191123-5439.0
#cra=   19.189811  19:11:23.3
#cdec= -54.650438 -54:39:01.6
#class= 0
#cmag_0= 10.854
#cmer_0=  0.195
#nskip_0= 0
#cmag_1= 10.855
#cmer_1=  0.192
#nskip_1= 1
#cmag_2= 10.853
#cmer_2=  0.190
#nskip_2= 0
#cmag_3= 10.853
#cmer_3=  0.189
#nskip_3= 0
#cmag_4= 10.850
#cmer_4=  0.187
#nskip_4= 0
#ra=   19.189811  19:11:23.3
#dec= -54.650438 -54:39:01.6
#     HJD      MAG_2  MAG_0  MAG_1  MAG_3  MAG_4    MER_2 MER_0 MER_1 MER_3 MER_4 GRADE FRAME
   1964.87533 10.687 10.720 10.705 10.702 10.709    0.028 0.038 0.036 0.031 0.032  A 11095
   1966.86894 10.728 10.720 10.716 10.717 10.717    0.028 0.035 0.034 0.032 0.032  A 11460
   1978.86236 10.835 10.811 10.815 10.854 10.833    0.042 0.052 0.047 0.049 0.046  A 12132
   1979.89627 11.016 10.993 10.994 10.976 11.007    0.039 0.050 0.046 0.047 0.044  A 12339
   1981.83223 11.144 11.128 11.138 11.147 11.127    0.034 0.043 0.040 0.037 0.037  A 12641
   1982.83568 10.873 10.838 10.873 10.873 10.875    0.036 0.046 0.042 0.042 0.039  A 12835
   1984.82744 11.076 11.024 11.062 11.087 11.096    0.039 0.051 0.046 0.046 0.042  A 13047
   1985.85135 10.793 10.770 10.793 10.780 10.794    0.037 0.046 0.041 0.042 0.039  A 13248
   1994.82006 10.716 10.725 10.692 10.735 10.737    0.043 0.059 0.049 0.050 0.047  B 13525
   1995.88495 10.818 10.827 10.817 10.815 10.824    0.047 0.066 0.056 0.055 0.055  B 13752
   1997.83131 10.756 10.806 10.765 10.763 10.758    0.043 0.059 0.052 0.048 0.046  B 14130
   1999.82866 10.739 10.793 10.739 10.792 10.779    0.049 0.071 0.059 0.057 0.057  D 14528
   2008.75851 11.212 11.284 11.201 11.264 11.253    0.051 0.071 0.061 0.059 0.058  D 15223
   2014.80742 11.175 11.174 11.157 11.188 11.188    0.049 0.075 0.061 0.054 0.055  D 15853
   2025.81310 11.004 10.965 11.009 10.989 10.981    0.023 0.035 0.025 0.026 0.029  A 17268
   2026.84711 11.274 11.202 11.269 11.259 11.237    0.033 0.060 0.035 0.035 0.038  A 17499
   2027.81293 10.728 10.710 10.741 10.736 10.731    0.029 0.054 0.031 0.032 0.035  A 17704
   2030.80182 10.768 10.767 10.766 10.770 10.761    0.026 0.039 0.026 0.030 0.033  A 17873
   2031.81808 11.426 11.386 11.422 11.420 11.406    0.030 0.049 0.031 0.032 0.035  A 18092
   2033.78902 10.876 10.875 10.870 10.872 10.876    0.026 0.042 0.028 0.029 0.031  A 18520
   2037.76666 10.749 10.682 10.737 10.741 10.736    0.030 0.050 0.032 0.035 0.039  A 19020
   2039.78835 11.004 10.989 11.002 11.004 10.990    0.035 0.074 0.038 0.038 0.043  B 19299
   2052.74656 10.983 11.021 10.995 10.984 10.970    0.031 0.062 0.034 0.034 0.038  A 19864
   2053.76388 11.050 11.162 11.069 11.049 11.031    0.030 0.056 0.034 0.031 0.034  A 20078
   2054.75870 10.731 10.770 10.735 10.741 10.736    0.038 0.078 0.043 0.036 0.038  B 20299
   2055.74736 10.946 10.917 10.950 10.936 10.932    0.030 0.065 0.032 0.033 0.037  A 20516
   2056.74627 10.706 10.639 10.705 10.700 10.694    0.029 0.063 0.032 0.034 0.039  A 20743
   2058.74340 11.388 11.337 11.379 11.384 11.365    0.031 0.071 0.037 0.033 0.036  B 21199
   2061.73880 10.937 10.966 10.950 10.919 10.901    0.031 0.062 0.034 0.034 0.037  A 21424
   2064.79374 11.346 11.334 11.373 11.309 11.278    0.055 0.078 0.053 0.068 0.080  D 21612
   2065.70871 10.723 10.736 10.719 10.724 10.716    0.031 0.055 0.033 0.035 0.039  A 21729
   2067.65036 10.670 10.634 10.656 10.674 10.660    0.030 0.055 0.030 0.034 0.039  A 21854
   2068.67117 11.153 11.154 11.145 11.161 11.147    0.032 0.063 0.034 0.035 0.038  A 22090
   2069.69643 10.996 11.002 11.002 10.988 10.983    0.029 0.062 0.033 0.034 0.038  A 22324
   2070.72375 10.689 10.578 10.672 10.691 10.693    0.034 0.069 0.037 0.036 0.040  A 22555
   2080.62773 10.718 10.634 10.708 10.713 10.716    0.028 0.063 0.032 0.034 0.037  A 22892
   2081.68891 10.679 10.631 10.658 10.680 10.669    0.027 0.064 0.035 0.030 0.033  A 23145
   2082.69781 10.874 10.874 10.878 10.874 10.869    0.036 0.065 0.039 0.038 0.039  A 23373
   2083.68647 10.742 10.837 10.757 10.748 10.756    0.065 0.079 0.058 0.080 0.093  D 23612
   2085.67769 11.411 11.433 11.412 11.391 11.366    0.028 0.053 0.031 0.031 0.036  A 23834
   2086.69259 10.765 10.705 10.761 10.768 10.760    0.029 0.063 0.032 0.032 0.036  A 24063
   2087.67645 10.811 10.936 10.830 10.802 10.806    0.032 0.074 0.036 0.034 0.036  B 24279
   2088.67306 10.886 10.832 10.867 10.890 10.886    0.031 0.067 0.035 0.033 0.037  A 24506
   2093.58484 10.726 10.716 10.729 10.718 10.717    0.031 0.064 0.034 0.034 0.039  A 24689
   2094.61936 10.673 10.653 10.662 10.680 10.670    0.035 0.075 0.039 0.039 0.042  B 24991
   2096.62141 10.949 11.063 10.959 10.944 10.927    0.035 0.070 0.037 0.039 0.043  B 25443
   2102.63040 10.728 10.715 10.720 10.733 10.730    0.031 0.051 0.034 0.033 0.036  A 25660
   2103.64572 10.715 10.696 10.708 10.720 10.717    0.031 0.056 0.034 0.034 0.038  A 25813
   2104.64737 10.957 10.946 10.956 10.960 10.960    0.025 0.045 0.028 0.028 0.033  A 26013
   2105.63929 10.691 10.650 10.681 10.688 10.688    0.027 0.055 0.031 0.029 0.033  A 26231
   2106.64244 10.755 10.732 10.735 10.758 10.755    0.029 0.055 0.034 0.031 0.034  A 26438
   2109.63519 10.857 10.854 10.871 10.857 10.854    0.026 0.043 0.029 0.028 0.031  A 26607
   2114.75886 10.938 10.890 10.947 10.918 10.907    0.027 0.039 0.030 0.029 0.033  A 26713
   2115.62685 10.950 10.963 10.948 10.952 10.948    0.030 0.049 0.035 0.031 0.034  A 26861
   2116.61017 10.664 10.659 10.644 10.660 10.653    0.027 0.047 0.032 0.030 0.033  A 27074
   2117.60694 10.956 10.995 10.952 10.955 10.937    0.027 0.048 0.031 0.030 0.033  A 27294
   2124.58282 10.730 10.776 10.729 10.730 10.724    0.029 0.049 0.032 0.036 0.040  A 27627
   2125.59657 10.781 10.760 10.764 10.776 10.770    0.032 0.049 0.033 0.037 0.042  A 27846
   2128.60510 10.861 10.856 10.857 10.863 10.858    0.027 0.050 0.032 0.029 0.033  A 27924
   2129.59049 10.835 10.837 10.843 10.824 10.821    0.028 0.055 0.032 0.032 0.035  A 28134
   2130.59281 10.714 10.748 10.710 10.725 10.723    0.027 0.048 0.031 0.030 0.032  A 28349
   2131.58090 10.993 11.019 10.995 10.994 10.982    0.029 0.056 0.032 0.032 0.035  A 28543
   2132.59123 10.713 10.677 10.707 10.711 10.709    0.027 0.054 0.031 0.031 0.034  A 28766
   2133.58090 10.757 10.726 10.757 10.764 10.767    0.023 0.043 0.028 0.026 0.030  A 28971
   2134.58382 11.385 11.393 11.376 11.376 11.385    0.028 0.049 0.032 0.030 0.033  A 29190
   2135.58007 10.718 10.786 10.727 10.728 10.729    0.029 0.051 0.033 0.033 0.039  A 29401
   2136.58855 10.799 10.782 10.826 10.783 10.780    0.027 0.046 0.030 0.030 0.032  A 29617
   2141.57114 10.728 10.777 10.738 10.729 10.726    0.028 0.047 0.032 0.031 0.034  A 30367
   2142.56767 10.980 10.973 10.965 10.980 10.969    0.026 0.048 0.029 0.030 0.034  A 30568
   2143.56815 10.662 10.604 10.649 10.664 10.667    0.028 0.049 0.031 0.032 0.035  A 30771
   2144.55915 10.804 10.828 10.811 10.808 10.811    0.032 0.061 0.035 0.034 0.037  A 30970
   2145.55240 11.028 10.954 11.026 11.030 11.036    0.026 0.047 0.029 0.029 0.033  A 31174
   2163.52183 10.846 10.836 10.821 10.875 10.906    0.069 0.080 0.063 0.083 0.097  D 31836
   2167.49626 10.786 10.787 10.788 10.793 10.810    0.027 0.049 0.030 0.031 0.033  A 32039
   2169.60678 10.745 10.722 10.726 10.756 10.757    0.027 0.037 0.032 0.029 0.032  A 32405
   2172.52204 11.468 11.441 11.458 11.450 11.455    0.027 0.048 0.032 0.030 0.033  A 32745
   2176.52642 10.672 10.706 10.660 10.668 10.697    0.075 0.075 0.066 0.093 0.107  D 33335
   2178.51485 10.907 10.929 10.899 10.905 10.911    0.026 0.042 0.030 0.029 0.033  A 33551
   2184.48924 10.699 10.694 10.671 10.690 10.698    0.031 0.047 0.034 0.033 0.037  A 34016
   2187.50918 10.677 10.704 10.702 10.684 10.673    0.029 0.053 0.034 0.032 0.035  A 34496
   2192.54665 10.902 10.942 10.908 10.899 10.910    0.024 0.040 0.027 0.027 0.032  A 35250
   2196.55695 10.718 10.741 10.719 10.710 10.716    0.029 0.052 0.035 0.032 0.035  A 35927
   2198.55193 10.773 10.780 10.782 10.792 10.784    0.029 0.049 0.034 0.032 0.034  A 36279
   2201.53920 10.714 10.731 10.722 10.703 10.704    0.028 0.046 0.033 0.030 0.033  A 36702
   2203.54727 10.978 10.986 10.999 11.003 10.993    0.031 0.047 0.035 0.033 0.037  A 37047
   2205.51166 11.323 11.336 11.326 11.305 11.297    0.026 0.044 0.031 0.029 0.033  A 37290
   2207.53079 10.711 10.714 10.722 10.716 10.741    0.070 0.069 0.064 0.086 0.100  D 37615
   2212.54611 10.736 10.723 10.743 10.732 10.741    0.043 0.050 0.050 0.050 0.053  B 37881
   2216.49766 11.424 11.427 11.409 11.439 11.443    0.039 0.046 0.040 0.041 0.045  A 38514
   2219.52111 11.003 10.977 11.009 11.004 11.023    0.030 0.044 0.036 0.033 0.034  A 38865
   2230.50831 10.992 10.966 11.021 11.011 11.050    0.074 0.083 0.078 0.088 0.096  D 40253
   2234.51287 10.699 10.717 10.707 10.665 10.682    0.036 0.053 0.044 0.038 0.038  A 40738
   2442.69724 10.925 10.925 10.937 10.923 10.911    0.026 0.032 0.032 0.029 0.030  A 8511
   2443.69230 10.761 10.776 10.766 10.757 10.752    0.020 0.028 0.028 0.020 0.022  A 8695
   2446.69927 10.774 10.759 10.778 10.767 10.764    0.022 0.030 0.030 0.023 0.024  A 9283
   2452.65220 10.742 10.770 10.734 10.720 10.735    0.035 0.041 0.040 0.042 0.037  A 9468
   2454.66924 10.733 10.774 10.760 10.726 10.728    0.051 0.058 0.056 0.057 0.059  B 9865
   2459.65506 10.852 10.872 10.825 10.830 10.824    0.050 0.055 0.053 0.055 0.058  B 10134
   2464.65016 10.983 10.977 10.969 10.981 10.987    0.028 0.036 0.033 0.031 0.029  A 10843
   2465.65152 10.714 10.682 10.690 10.723 10.710    0.029 0.034 0.034 0.035 0.029  A 11064
   2466.64200 10.797 10.787 10.777 10.784 10.800    0.025 0.033 0.033 0.028 0.025  A 11278
   2467.64586 11.227 11.232 11.228 11.235 11.231    0.020 0.027 0.029 0.021 0.022  A 11499
   2468.64279 10.723 10.727 10.755 10.704 10.692    0.021 0.028 0.029 0.023 0.023  A 11716
   2470.58997 10.700 10.707 10.699 10.676 10.694    0.027 0.036 0.032 0.031 0.030  A 11973
   2473.61163 10.736 10.743 10.721 10.702 10.715    0.033 0.042 0.039 0.037 0.034  A 12671
   2474.65398 10.709 10.693 10.676 10.697 10.719    0.028 0.033 0.035 0.031 0.027  A 12856
   2481.59786 10.762 10.746 10.751 10.775 10.804    0.044 0.055 0.049 0.051 0.049  B 12979
   2482.63227 10.752 10.705 10.729 10.782 10.785    0.039 0.047 0.043 0.045 0.042  A 13153
   2486.60292 10.913 10.915 10.926 10.902 10.906    0.043 0.056 0.048 0.047 0.048  B 13306
   2487.63800 10.757 10.743 10.755 10.797 10.795    0.046 0.067 0.055 0.047 0.048  B 13480
   2489.61537 11.054 11.080 11.044 11.064 11.067    0.030 0.035 0.036 0.033 0.034  A 13837
   2490.62001 10.711 10.668 10.692 10.740 10.743    0.035 0.049 0.042 0.040 0.039  A 14057
   2491.59444 10.948 10.941 10.944 10.963 10.957    0.037 0.053 0.044 0.041 0.041  A 14219
   2493.58983 10.768 10.773 10.782 10.800 10.772    0.030 0.038 0.036 0.035 0.030  A 14452
   2494.59969 11.489 11.432 11.525 11.462 11.482    0.059 0.067 0.062 0.067 0.067  D 14647
   2498.58001 10.670 10.691 10.649 10.659 10.669    0.028 0.033 0.034 0.032 0.029  A 15411
   2499.57587 11.168 11.149 11.151 11.168 11.177    0.025 0.031 0.032 0.028 0.026  A 15620
   2501.59091 10.726 10.726 10.725 10.705 10.713    0.028 0.034 0.034 0.032 0.029  A 15988
   2502.59097 10.989 11.004 10.983 10.960 10.981    0.039 0.048 0.043 0.045 0.041  A 16199
   2503.59115 10.750 10.768 10.743 10.778 10.776    0.046 0.060 0.052 0.050 0.050  B 16403
   2504.66057 10.730 10.761 10.769 10.752 10.770    0.072 0.087 0.076 0.081 0.087  D 16575
   2508.70096 10.762 10.756 10.792 10.762 10.760    0.027 0.028 0.030 0.031 0.035  A 16818
   2510.67899 10.695 10.696 10.696 10.695 10.692    0.039 0.037 0.039 0.046 0.054  B 16993
   2512.52374 10.824 10.835 10.834 10.814 10.812    0.025 0.033 0.034 0.025 0.026  A 17209
   2519.58902 10.982 11.007 10.993 10.988 10.987    0.033 0.045 0.040 0.035 0.032  A 17982
   2520.59196 99.999 99.999 99.999 99.999 99.999    0.019 0.026 0.026 0.020 0.022  C 18182
   2521.60162 10.812 10.772 10.816 10.817 10.815    0.020 0.031 0.025 0.021 0.023  A 18382
   2523.75198 11.287 11.276 11.286 11.277 11.272    0.025 0.029 0.029 0.026 0.027  A 18531
   2526.49079 11.396 11.412 11.408 11.378 11.362    0.020 0.026 0.023 0.023 0.027  A 18782
   2529.51718 10.987 10.981 10.995 10.972 10.977    0.037 0.057 0.044 0.044 0.041  A 19025
   2535.52071 10.903 10.883 10.891 10.915 10.926    0.025 0.032 0.030 0.028 0.030  A 19215
   2539.52878 10.703 10.803 10.748 10.665 10.663    0.058 0.086 0.068 0.062 0.063  D 19475
   2540.55018 10.823 10.866 10.845 10.817 10.817    0.044 0.061 0.049 0.050 0.048  B 19675
   2543.62824 10.673 10.673 10.686 10.674 10.681    0.031 0.032 0.034 0.036 0.042  A 19891
   2544.55098 10.798 10.803 10.814 10.822 10.817    0.023 0.034 0.028 0.023 0.025  A 19946
   2545.59777 10.707 10.679 10.711 10.697 10.693    0.019 0.027 0.021 0.021 0.022  A 20155
   2548.61752 10.699 10.689 10.702 10.696 10.700    0.023 0.033 0.031 0.024 0.024  A 20585
   2553.55445 10.676 10.625 10.673 10.673 10.673    0.029 0.044 0.040 0.029 0.029  A 21292
   2554.65551 10.690 10.683 10.693 10.671 10.688    0.037 0.049 0.042 0.044 0.039  A 21517
   2558.61656 11.004 10.994 11.007 11.002 11.009    0.023 0.029 0.030 0.025 0.026  A 22039
   2559.61292 10.691 10.703 10.710 10.681 10.679    0.025 0.030 0.029 0.028 0.032  A 22218
   2560.62101 10.819 10.774 10.823 10.827 10.841    0.025 0.037 0.025 0.027 0.031  A 22400
   2561.60757 10.921 10.873 10.927 10.921 10.916    0.028 0.035 0.028 0.032 0.036  A 22542
   2562.61761 10.692 10.714 10.701 10.687 10.680    0.025 0.031 0.024 0.029 0.031  A 22727
   2563.63385 10.815 10.834 10.831 10.836 10.826    0.028 0.033 0.031 0.033 0.039  A 22913
   2565.56109 99.999 99.999 99.999 99.999 99.999    0.027 0.034 0.030 0.030 0.035  C 23239
   2566.57323 11.127 11.096 11.126 11.123 11.120    0.026 0.031 0.028 0.029 0.033  A 23423
   2568.60099 10.782 10.773 10.783 10.784 10.783    0.042 0.050 0.048 0.047 0.047  B 23587
   2578.58996 10.733 10.758 10.746 10.735 10.749    0.027 0.033 0.034 0.030 0.029  A 24927
   2579.58935 10.796 10.815 10.785 10.797 10.804    0.028 0.033 0.035 0.030 0.030  A 25090
   2684.87949 10.701 10.714 10.701 10.696 10.696    0.025 0.033 0.027 0.029 0.033  A 40098
   2688.87963 10.942 10.975 10.912 10.958 10.947    0.031 0.032 0.030 0.038 0.043  A 40827
   2694.86956 10.762 10.724 10.776 10.766 10.763    0.029 0.033 0.032 0.034 0.040  A 41865
   2696.88814 11.229 11.222 11.229 11.216 11.205    0.030 0.030 0.030 0.034 0.038  A 42198
   2698.89244 10.763 10.743 10.750 10.774 10.771    0.042 0.039 0.039 0.048 0.053  B 42618
   2702.87170 11.029 11.036 11.027 11.020 11.021    0.021 0.025 0.022 0.023 0.026  A 43374
   2711.85585 10.691 10.671 10.675 10.683 10.670    0.028 0.027 0.030 0.030 0.031  A 45036
   2713.88274 11.270 11.298 11.277 11.283 11.267    0.031 0.031 0.031 0.033 0.037  A 45424
   2717.87436 10.647 10.676 10.666 10.642 10.652    0.046 0.041 0.042 0.047 0.052  B 45958
   2720.84778 10.772 10.734 10.774 10.748 10.738    0.037 0.037 0.038 0.037 0.041  A 46382
   2723.83178 11.038 11.056 11.026 11.032 11.042    0.027 0.032 0.033 0.029 0.032  A 46948
   2725.85363 10.659 10.674 10.661 10.668 10.671    0.025 0.027 0.028 0.028 0.033  A 47357
   2727.88056 10.896 10.896 10.885 10.901 10.907    0.047 0.039 0.043 0.053 0.059  B 47759
   2729.86977 11.132 11.101 11.122 11.144 11.130    0.031 0.028 0.031 0.034 0.038  A 48161
   2732.87964 10.984 10.982 10.984 10.993 10.990    0.026 0.029 0.029 0.026 0.028  A 48516
   2735.81963 10.787 10.782 10.797 10.791 10.793    0.030 0.029 0.030 0.032 0.034  A 49104
   2737.88058 10.770 10.773 10.751 10.762 10.752    0.031 0.028 0.031 0.036 0.039  A 49524
   2739.87694 10.650 10.655 10.653 10.659 10.662    0.021 0.023 0.024 0.024 0.027  A 49861
   2741.85630 10.798 10.771 10.805 10.788 10.786    0.022 0.028 0.024 0.025 0.029  A 50245
   2743.84835 10.992 10.957 10.987 10.972 10.952    0.031 0.027 0.030 0.034 0.036  A 50634
   2747.87642 10.677 10.694 10.677 10.679 10.687    0.046 0.035 0.041 0.055 0.063  B 51104
   2751.75653 10.810 10.807 10.802 10.816 10.818    0.028 0.030 0.034 0.031 0.034  A 51878
   2754.86382 10.969 10.986 10.976 10.965 10.949    0.032 0.027 0.033 0.035 0.036  A 52339
   2756.81789 10.914 10.967 10.922 10.907 10.906    0.030 0.026 0.031 0.033 0.035  A 52730
   2758.84630 10.693 10.673 10.713 10.696 10.704    0.032 0.027 0.033 0.036 0.037  A 53105
   2760.80820 10.740 10.724 10.739 10.729 10.724    0.039 0.029 0.038 0.038 0.039  A 53497
   2764.79557 10.834 10.825 10.844 10.831 10.818    0.034 0.028 0.033 0.036 0.038  A 54314
   2770.83887 10.850 10.848 10.818 10.869 10.871    0.026 0.027 0.032 0.030 0.033  A 54941
   2775.85634 10.675 10.721 10.706 10.679 10.685    0.083 0.075 0.075 0.101 0.121  D 55175
   2782.83769 10.870 10.820 10.873 10.865 10.850    0.027 0.037 0.028 0.031 0.033  A 55799
   2784.76435 11.027 11.002 11.055 11.020 11.019    0.033 0.028 0.032 0.035 0.036  A 56187
   2786.73988 10.979 10.979 10.962 10.972 10.949    0.031 0.028 0.030 0.035 0.036  A 56610
   2790.76181 10.719 10.727 10.710 10.721 10.716    0.030 0.026 0.031 0.034 0.037  A 57379
   2802.84225 10.681 10.717 10.682 10.693 10.695    0.042 0.041 0.038 0.052 0.061  B 58799
   2804.69097 10.706 10.702 10.696 10.705 10.713    0.029 0.028 0.029 0.034 0.039  A 59067
   2808.76190 10.855 10.868 10.867 10.849 10.849    0.026 0.026 0.030 0.028 0.029  A 59356
   2811.85566 10.685 10.653 10.695 10.679 10.679    0.033 0.031 0.032 0.034 0.036  A 60046
   2813.74470 10.763 10.764 10.762 10.756 10.753    0.030 0.027 0.032 0.033 0.034  A 60457
   2820.79492 11.003 10.993 10.983 11.002 10.993    0.031 0.032 0.032 0.035 0.037  A 61578
   2826.81281 10.876 10.895 10.861 10.873 10.878    0.021 0.026 0.027 0.023 0.026  A 62104
   2830.65152 10.855 10.856 10.849 10.864 10.872    0.031 0.035 0.036 0.039 0.042  A 62515
   2831.87308 10.766 10.775 10.762 10.770 10.777    0.025 0.028 0.029 0.029 0.034  A 62829
   2833.69733 11.247 11.250 11.245 11.244 11.272    0.050 0.042 0.048 0.057 0.061  B 63168
   2834.83629 11.441 11.338 11.424 11.485 11.439    0.068 0.058 0.062 0.082 0.097  D 63419
   2836.62160 10.670 10.668 10.670 10.656 10.641    0.049 0.045 0.048 0.059 0.067  B 63673
   2838.81370 10.645 10.644 10.613 10.638 10.652    0.037 0.033 0.043 0.043 0.045  A 63969
   2840.86432 11.416 11.431 11.420 11.418 11.401    0.030 0.031 0.030 0.035 0.041  A 64426
   2845.80963 11.438 11.439 11.455 11.429 11.429    0.020 0.026 0.028 0.022 0.025  A 65291
   2851.65274 10.842 10.800 10.850 10.826 10.819    0.025 0.023 0.029 0.028 0.028  A 65446
   2853.77892 10.979 10.989 10.988 10.973 10.970    0.020 0.026 0.025 0.022 0.024  A 65719
   2855.66947 11.071 11.047 11.072 11.073 11.073    0.028 0.030 0.032 0.031 0.034  A 66073
   2858.70598 10.944 10.956 10.956 10.931 10.928    0.022 0.024 0.025 0.024 0.027  A 66349
   2860.62922 11.247 11.232 11.271 11.250 11.253    0.025 0.025 0.030 0.028 0.030  A 66747
   2861.74099 11.424 11.459 11.410 11.427 11.411    0.025 0.028 0.027 0.030 0.034  A 67005
   2865.75354 10.706 10.701 10.711 10.710 10.720    0.036 0.040 0.039 0.040 0.044  A 67461
   2867.63197 10.707 10.722 10.717 10.706 10.705    0.027 0.026 0.030 0.029 0.031  A 67759
   2872.59207 10.712 10.700 10.712 10.720 10.724    0.022 0.023 0.025 0.025 0.026  A 68142
   2874.77730 10.719 10.727 10.728 10.714 10.709    0.038 0.038 0.035 0.040 0.042  A 68421
   2876.66193 10.781 10.784 10.761 10.772 10.772    0.022 0.025 0.025 0.024 0.025  A 68771
   2878.64729 10.675 10.666 10.676 10.675 10.672    0.024 0.028 0.026 0.028 0.032  A 69159
   2880.76158 10.836 10.861 10.888 10.827 10.864    0.095 0.079 0.085 0.114 0.133  D 69417
   2884.75591 10.762 10.746 10.774 10.765 10.749    0.028 0.036 0.032 0.031 0.034  A 69868
   2886.54003 10.861 10.856 10.857 10.860 10.860    0.025 0.025 0.027 0.027 0.030  A 70194
   2888.62289 10.845 10.799 10.857 10.837 10.823    0.027 0.035 0.038 0.028 0.030  A 70438
   2892.63223 10.719 10.692 10.695 10.704 10.711    0.030 0.039 0.040 0.035 0.037  A 70674
   2893.72263 10.748 10.746 10.761 10.749 10.749    0.035 0.032 0.035 0.040 0.046  A 70914
   2895.68159 10.697 10.689 10.666 10.703 10.706    0.025 0.026 0.027 0.028 0.031  A 71290
   2897.69541 10.802 10.779 10.792 10.804 10.796    0.024 0.027 0.025 0.027 0.030  A 71696
   2904.69811 10.730 10.725 10.714 10.734 10.753    0.068 0.058 0.062 0.080 0.092  D 72882
   2908.50552 11.041 11.041 11.031 11.020 11.024    0.026 0.024 0.030 0.028 0.028  A 73373
   2910.51570 10.721 10.707 10.712 10.736 10.738    0.021 0.027 0.027 0.023 0.025  A 73673
   2912.53204 10.787 10.780 10.786 10.795 10.787    0.021 0.026 0.025 0.023 0.025  A 74058
   2913.66618 10.933 10.939 10.949 10.937 10.947    0.066 0.059 0.059 0.079 0.092  D 74279
   2916.60349 10.689 10.657 10.695 10.696 10.695    0.023 0.030 0.025 0.026 0.029  A 74564
   2918.63040 10.975 10.982 10.968 10.976 10.971    0.029 0.031 0.028 0.033 0.038  A 74889
   2922.58226 10.741 10.721 10.760 10.738 10.743    0.027 0.032 0.035 0.030 0.034  A 75246
   2924.59590 10.665 10.694 10.665 10.673 10.686    0.038 0.038 0.042 0.043 0.048  A 75628
   2927.58910 10.695 10.682 10.705 10.685 10.684    0.024 0.028 0.025 0.027 0.029  A 75982
   2929.59021 10.868 10.868 10.880 10.869 10.867    0.024 0.029 0.027 0.027 0.029  A 76339
   2931.59737 10.959 10.956 10.954 10.958 10.957    0.024 0.029 0.028 0.026 0.028  A 76704
   2933.58741 10.710 10.713 10.705 10.714 10.711    0.025 0.033 0.031 0.026 0.028  A 77055
   2935.58548 10.700 10.710 10.706 10.702 10.695    0.026 0.033 0.028 0.030 0.033  A 77412
   2937.58574 11.341 11.345 11.337 11.334 11.327    0.028 0.040 0.036 0.031 0.034  A 77684
   2940.56128 10.802 10.783 10.813 10.784 10.776    0.026 0.034 0.032 0.028 0.031  A 77971
   2942.55225 11.433 11.396 11.411 11.430 11.403    0.032 0.034 0.032 0.037 0.042  A 78168
   2944.56147 10.761 10.734 10.751 10.775 10.782    0.031 0.034 0.031 0.038 0.043  A 78495
   2947.55253 10.858 10.798 10.840 10.883 10.872    0.028 0.044 0.033 0.031 0.034  A 78973
   2950.53794 10.912 10.928 10.928 10.919 10.918    0.029 0.030 0.029 0.035 0.042  A 79408
   2955.52917 10.794 10.806 10.793 10.788 10.783    0.026 0.026 0.026 0.030 0.034  A 80046
   2957.54076 10.684 10.686 10.683 10.679 10.665    0.026 0.028 0.028 0.031 0.035  A 80339
   2961.53814 10.898 10.916 10.880 10.894 10.893    0.027 0.030 0.027 0.030 0.034  A 80884
   2964.52622 11.436 11.447 11.462 11.426 11.413    0.028 0.031 0.032 0.032 0.038  A 81301
   2967.52755 11.006 11.023 11.009 10.982 10.914    0.069 0.064 0.067 0.079 0.089  D 81726
   2970.51541 10.886 10.886 10.876 10.888 10.883    0.028 0.031 0.027 0.032 0.037  A 82079
   3064.89655 10.796 10.786 10.811 10.802 10.808    0.042 0.037 0.037 0.051 0.059  B 92842
   3069.87271 10.779 10.766 10.762 10.789 10.795    0.032 0.033 0.034 0.038 0.041  A 93422
   3077.86258 10.684 10.705 10.687 10.681 10.682    0.029 0.031 0.028 0.034 0.040  A 94500
   3080.89527 10.695 10.691 10.703 10.697 10.696    0.027 0.028 0.026 0.032 0.037  A 94948
   3087.86069 10.788 10.772 10.787 10.796 10.802    0.026 0.028 0.024 0.031 0.036  A 95686
   3091.84430 10.775 10.776 10.738 10.785 10.787    0.029 0.028 0.030 0.035 0.041  A 96292
   3097.82803 10.959 10.974 10.953 10.956 10.950    0.024 0.027 0.025 0.029 0.033  A 96877
   3100.87594 11.029 10.987 11.027 11.023 11.012    0.033 0.028 0.032 0.039 0.046  A 97352
   3104.83023 10.668 10.673 10.655 10.679 10.680    0.030 0.032 0.029 0.035 0.043  A 97975
   3107.86096 10.699 10.697 10.679 10.700 10.700    0.031 0.028 0.029 0.037 0.043  A 98459
   3110.90884 10.684 10.650 10.707 10.686 10.682    0.024 0.027 0.026 0.028 0.032  A 98938
   3116.84890 10.804 10.804 10.791 10.809 10.812    0.022 0.023 0.022 0.025 0.028  A 99889
   3122.89209 10.791 10.786 10.776 10.788 10.797    0.026 0.025 0.027 0.030 0.034  A 100301
   3125.78549 10.806 10.754 10.807 10.811 10.798    0.031 0.029 0.029 0.038 0.044  A 100767
   3127.82130 10.912 10.881 10.917 10.922 10.928    0.035 0.031 0.033 0.044 0.053  B 101090
   3146.73953 10.985 10.970 10.996 10.981 10.979    0.025 0.024 0.025 0.028 0.032  A 103553
   3151.84215 10.710 10.739 10.720 10.719 10.720    0.069 0.055 0.060 0.086 0.104  D 103639
   3153.81502 10.765 10.785 10.755 10.767 10.759    0.023 0.026 0.024 0.027 0.030  A 103823
   3156.76006 10.692 10.675 10.691 10.690 10.694    0.024 0.025 0.025 0.028 0.032  A 104207
   3158.81583 10.963 10.963 10.974 10.957 10.947    0.030 0.030 0.030 0.036 0.041  A 104465
   3162.75418 99.999 99.999 99.999 99.999 99.999    0.025 0.029 0.026 0.030 0.034  C 104885
   3164.78679 10.715 10.717 10.700 10.722 10.721    0.023 0.023 0.026 0.027 0.031  A 105248
   3167.82249 10.796 10.811 10.776 10.802 10.799    0.025 0.028 0.027 0.030 0.035  A 105651
   3169.80107 10.994 11.005 10.995 10.990 10.986    0.025 0.027 0.025 0.029 0.033  A 105984
   3172.77966 10.882 10.879 10.853 10.868 10.859    0.028 0.028 0.029 0.032 0.037  A 106321
   3176.71242 11.174 11.141 11.171 11.171 11.170    0.026 0.029 0.026 0.030 0.032  A 106790
   3179.68288 10.938 10.937 10.934 10.939 10.935    0.024 0.023 0.025 0.027 0.029  A 107225
   3182.69853 11.104 11.084 11.089 11.102 11.101    0.023 0.026 0.024 0.027 0.031  A 107522
   3184.69055 10.863 10.864 10.883 10.866 10.855    0.024 0.026 0.024 0.028 0.032  A 107851
   3189.73846 10.648 10.672 10.646 10.646 10.644    0.039 0.038 0.037 0.045 0.052  B 108464
   3191.84323 10.837 10.835 10.842 10.828 10.826    0.034 0.035 0.032 0.041 0.048  A 108796
   3339.51663 10.668 10.654 10.674 10.662 10.661    0.039 0.077 0.042 0.044 0.048  B 122515
   3415.88861 10.655 10.641 10.665 10.649 10.647    0.036 0.074 0.040 0.040 0.045  B 130197
   3422.89196 11.156 11.140 11.161 11.145 11.165    0.042 0.068 0.041 0.049 0.057  B 131305
   3426.88855 10.676 10.630 10.656 10.680 10.673    0.038 0.056 0.038 0.042 0.047  A 131937
   3430.88487 10.956 10.883 10.953 10.948 10.930    0.048 0.081 0.049 0.053 0.057  B 132282
   3444.84288 10.892 10.909 10.914 10.894 10.881    0.040 0.062 0.041 0.047 0.055  B 134001
   3447.87358 10.853 10.885 10.855 10.844 10.835    0.036 0.057 0.038 0.038 0.040  A 134827
   3456.87588 10.696 10.732 10.701 10.699 10.693    0.040 0.049 0.037 0.048 0.055  B 136267
   3459.87929 10.675 10.674 10.679 10.673 10.671    0.028 0.045 0.030 0.034 0.038  A 136801
   3463.84547 10.923 10.885 10.931 10.915 10.904    0.036 0.069 0.040 0.041 0.047  A 137390
   3466.87940 11.391 11.358 11.371 11.395 11.383    0.038 0.048 0.039 0.045 0.052  B 137911
   3470.83274 99.999 99.999 99.999 99.999 99.999    0.028 0.039 0.031 0.032 0.037  C 138470
   3473.86614 10.712 10.719 10.720 10.719 10.719    0.026 0.035 0.030 0.029 0.032  A 138955
   3476.90998 10.651 10.601 10.650 10.632 10.606    0.041 0.081 0.046 0.045 0.048  B 139465
   3479.87040 10.828 10.863 10.837 10.837 10.843    0.034 0.051 0.036 0.038 0.041  A 139930
   3482.84296 11.305 11.333 11.310 11.300 11.298    0.036 0.053 0.037 0.042 0.048  A 140392
   3487.86139 10.736 10.755 10.733 10.731 10.734    0.030 0.033 0.031 0.035 0.041  A 140847
   3490.86250 10.838 10.831 10.841 10.846 10.851    0.035 0.040 0.032 0.042 0.048  A 141213
   3495.88249 10.708 10.637 10.707 10.731 10.814    0.100 0.084 0.082 0.126 0.149  D 141718
   3502.79174 10.713 10.756 10.714 10.718 10.723    0.037 0.049 0.038 0.041 0.047  A 142676
   3508.86187 10.742 10.803 10.739 10.735 10.727    0.027 0.033 0.032 0.029 0.032  A 143314
   3511.77863 10.765 10.730 10.774 10.758 10.757    0.025 0.030 0.026 0.030 0.035  A 143717
   3515.80307 11.400 11.395 11.377 11.412 11.420    0.034 0.035 0.034 0.042 0.049  A 144103
   3521.80857 10.981 10.987 10.972 10.968 10.959    0.030 0.046 0.031 0.034 0.038  A 144894
   3523.87223 10.759 10.836 10.767 10.755 10.750    0.038 0.062 0.040 0.042 0.046  A 145266
   3526.73643 10.881 10.847 10.850 10.895 10.900    0.054 0.068 0.050 0.064 0.075  D 145712
   3528.80687 10.764 10.745 10.764 10.753 10.729    0.029 0.041 0.030 0.032 0.036  A 146066
   3538.76899 10.684 10.712 10.677 10.675 10.666    0.025 0.032 0.027 0.028 0.031  A 146887
   3540.76564 10.838 10.871 10.833 10.842 10.842    0.033 0.043 0.033 0.038 0.044  A 147206
   3543.69911 10.661 10.678 10.639 10.668 10.659    0.036 0.043 0.035 0.044 0.051  A 147574
   3550.77597 10.786 10.756 10.783 10.781 10.772    0.031 0.052 0.032 0.036 0.041  A 148257
   3553.69693 11.103 11.109 11.101 11.102 11.099    0.023 0.028 0.027 0.026 0.029  A 148607
   3555.81485 10.714 10.724 10.703 10.717 10.711    0.029 0.033 0.029 0.033 0.038  A 148983
   3559.66589 10.703 10.659 10.691 10.701 10.691    0.032 0.059 0.037 0.035 0.039  A 149416
   3561.70094 11.002 11.025 11.015 10.988 10.980    0.025 0.031 0.025 0.030 0.034  A 149764
   3563.70504 10.776 10.785 10.785 10.769 10.765    0.026 0.044 0.029 0.028 0.031  A 150107
   3569.68121 11.342 11.367 11.329 11.332 11.322    0.028 0.038 0.032 0.032 0.037  A 150587
   3571.70472 10.699 10.707 10.706 10.688 10.678    0.027 0.031 0.028 0.033 0.038  A 150930
   3573.81606 10.928 10.932 10.939 10.920 10.922    0.033 0.038 0.037 0.038 0.044  A 151171
   3575.80732 10.702 10.686 10.728 10.689 10.690    0.029 0.041 0.031 0.033 0.038  A 151530
   3577.86995 10.963 10.903 10.935 10.978 10.961    0.035 0.049 0.038 0.040 0.046  A 151882
   3582.80411 10.881 10.939 10.894 10.880 10.879    0.029 0.035 0.029 0.034 0.037  A 152704
   3584.81242 10.913 10.913 10.914 10.918 10.904    0.026 0.030 0.026 0.029 0.032  A 153064
   3587.56817 10.882 10.918 10.867 10.876 10.868    0.023 0.029 0.025 0.026 0.028  A 153498
   3589.62356 10.697 10.691 10.709 10.684 10.681    0.024 0.029 0.024 0.027 0.030  A 153838
   3591.69108 11.024 11.025 11.027 11.011 11.003    0.026 0.033 0.026 0.029 0.030  A 154201
   3594.54751 10.671 10.621 10.665 10.669 10.677    0.026 0.040 0.027 0.030 0.034  A 154668
   3599.62218 10.944 10.936 10.934 10.946 10.936    0.030 0.033 0.032 0.035 0.040  A 155261
   3601.67779 10.671 10.636 10.656 10.681 10.685    0.032 0.043 0.032 0.038 0.043  A 155569
   3603.68092 10.833 10.808 10.830 10.838 10.837    0.026 0.030 0.027 0.031 0.035  A 155898
   3607.55105 10.983 11.024 10.983 10.983 10.967    0.027 0.043 0.031 0.031 0.036  A 156248
   3616.55951 10.726 10.700 10.738 10.724 10.722    0.027 0.029 0.030 0.030 0.034  A 157032
   3618.67393 10.731 10.782 10.745 10.724 10.714    0.034 0.053 0.035 0.038 0.043  A 157296
   3620.65760 10.722 10.753 10.731 10.726 10.719    0.030 0.041 0.031 0.033 0.037  A 157597
   3622.71908 10.972 10.928 10.970 10.974 10.958    0.027 0.045 0.032 0.030 0.033  A 157930
   3626.61816 10.829 10.810 10.822 10.833 10.832    0.027 0.031 0.029 0.033 0.038  A 158315
   3629.63345 10.866 10.823 10.875 10.848 10.845    0.036 0.038 0.034 0.042 0.049  A 158617
   3631.62942 10.704 10.744 10.714 10.698 10.698    0.035 0.054 0.036 0.041 0.046  A 158954
   3633.64554 10.784 10.785 10.779 10.778 10.753    0.031 0.039 0.031 0.037 0.042  A 159222
   3639.58548 10.673 10.652 10.644 10.687 10.683    0.027 0.048 0.032 0.031 0.034  A 159919
   3642.59387 10.714 10.727 10.704 10.714 10.717    0.024 0.028 0.028 0.027 0.031  A 160302
   3644.61830 10.752 10.774 10.756 10.750 10.751    0.035 0.049 0.035 0.041 0.047  A 160602
   3648.57204 10.957 10.959 10.974 10.930 10.878    0.076 0.064 0.067 0.091 0.109  D 161009
   3650.61878 10.675 10.666 10.702 10.667 10.657    0.024 0.036 0.028 0.027 0.030  A 161305
   3653.65266 10.738 10.721 10.740 10.733 10.743    0.040 0.041 0.037 0.049 0.057  B 161763
   3655.60958 10.773 10.756 10.751 10.793 10.809    0.032 0.055 0.036 0.036 0.041  A 162010
   3658.55765 10.707 10.722 10.699 10.712 10.712    0.030 0.037 0.029 0.037 0.043  A 162446
   3660.57601 10.803 10.812 10.830 10.769 99.999    0.032 0.037 0.031 0.041 0.046  C 162763
   3662.60498 10.942 10.907 10.923 10.943 10.950    0.048 0.042 0.041 0.060 0.072  B 163055
   3664.61215 10.700 10.723 10.703 10.700 10.695    0.031 0.043 0.031 0.036 0.042  A 163349
   3668.57354 11.205 11.214 11.207 11.195 11.184    0.024 0.033 0.028 0.028 0.032  A 163810
   3670.60600 10.722 10.739 10.708 10.719 10.719    0.024 0.033 0.029 0.028 0.032  A 164105
   3673.54898 11.447 11.468 11.448 11.434 11.412    0.025 0.030 0.027 0.029 0.032  A 164517
   3676.53521 10.885 10.832 10.869 10.886 10.875    0.032 0.070 0.038 0.034 0.038  B 164941
   3699.52478 10.649 10.652 10.656 10.642 10.665    0.031 0.036 0.028 0.036 0.042  A 167866
   3702.52184 10.716 10.707 10.717 10.726 10.721    0.032 0.042 0.031 0.035 0.040  A 168266
   3789.86105 10.785 10.780 10.789 10.790 10.776    0.032 0.037 0.030 0.037 0.044  A 179187
   3793.88875 11.226 11.179 11.230 11.203 11.180    0.033 0.035 0.031 0.039 0.046  A 179777
   3797.87941 10.722 10.711 10.701 10.729 10.728    0.030 0.054 0.033 0.034 0.037  A 180342
   3803.89784 10.712 10.651 10.708 10.702 10.706    0.045 0.075 0.046 0.052 0.058  B 181113
   3807.90042 10.910 10.862 10.915 10.905 10.912    0.035 0.061 0.038 0.040 0.046  A 181590
   3811.88632 10.689 10.728 10.724 10.679 10.675    0.042 0.064 0.044 0.050 0.057  B 182223
   3815.86019 11.023 11.051 11.036 11.009 11.015    0.041 0.062 0.040 0.048 0.053  B 182853
   3818.87926 10.893 10.941 10.897 10.883 10.874    0.038 0.057 0.039 0.044 0.049  A 183338
   3822.85409 10.743 10.681 10.753 10.736 10.731    0.040 0.074 0.044 0.043 0.047  B 183973
   3826.86704 11.291 11.296 11.280 11.295 11.282    0.035 0.046 0.034 0.042 0.048  A 184649
   3830.86221 10.616 10.565 10.616 10.600 10.584    0.042 0.073 0.043 0.049 0.057  B 185320
   3834.82008 10.878 10.869 10.886 10.871 10.849    0.034 0.035 0.032 0.043 0.051  A 186004
   3848.88793 11.369 11.346 11.370 11.338 11.338    0.052 0.054 0.046 0.063 0.076  D 187000
   3851.85375 10.845 10.799 10.841 10.846 10.839    0.032 0.054 0.033 0.035 0.039  A 187511
   3860.80893 10.701 10.684 10.709 10.689 10.685    0.028 0.037 0.030 0.033 0.037  A 188886
   3863.79280 10.763 10.713 10.750 10.774 10.764    0.030 0.058 0.034 0.033 0.036  A 189403
   3865.81124 10.727 10.753 10.723 10.735 10.736    0.029 0.037 0.028 0.034 0.039  A 189761
   3867.80946 10.941 10.938 10.950 10.930 10.912    0.031 0.043 0.032 0.037 0.043  A 190079
   3869.80500 10.971 10.999 10.985 10.962 10.948    0.044 0.046 0.040 0.053 0.063  B 190425
   3872.84946 10.853 10.840 10.847 10.857 10.859    0.031 0.041 0.031 0.036 0.042  A 191002
   3880.78268 11.283 11.320 11.306 11.258 11.266    0.026 0.033 0.027 0.030 0.033  A 191854
   3883.81674 10.859 10.803 10.855 10.857 10.849    0.029 0.053 0.031 0.032 0.035  A 192321
   3887.77455 10.742 10.690 10.736 10.745 10.735    0.026 0.033 0.028 0.031 0.035  A 192705
   3889.88764 10.814 10.813 10.828 10.806 10.806    0.027 0.031 0.029 0.031 0.035  A 193072
   3891.79429 10.947 10.937 10.959 10.932 10.920    0.027 0.038 0.029 0.030 0.034  A 193405
   3893.78444 10.699 10.715 10.712 10.687 10.677    0.025 0.030 0.028 0.030 0.033  A 193759
   3896.78732 10.732 10.737 10.742 10.734 10.739    0.035 0.040 0.037 0.041 0.047  A 194084
   3899.77735 10.645 10.767 10.699 10.604 10.614    0.106 0.079 0.087 0.138 0.169  D 194560
   3901.83993 10.747 10.762 10.738 10.747 10.747    0.033 0.045 0.029 0.040 0.046  A 194914
   3903.85174 11.371 11.355 11.371 11.375 11.365    0.026 0.033 0.027 0.030 0.035  A 195294
   3905.87074 10.699 10.695 10.701 10.706 10.705    0.035 0.073 0.037 0.040 0.044  B 195678
   3908.68982 10.757 10.764 10.749 10.754 10.747    0.028 0.045 0.030 0.032 0.035  A 196194
   3981.66556 10.853 10.864 10.855 10.848 10.854    0.029 0.049 0.034 0.033 0.037  A 203354
   4154.89281 10.677 10.639 10.692 10.662 10.650    0.037 0.067 0.038 0.042 0.048  A 215504
   4158.89263 11.127 11.158 11.141 11.127 11.135    0.043 0.077 0.046 0.049 0.054  B 216076
   4162.88206 10.670 10.611 10.664 10.710 10.738    0.048 0.055 0.044 0.057 0.067  B 216709
   4166.87611 10.861 10.851 10.866 10.849 10.822    0.040 0.061 0.039 0.049 0.057  B 217230
   4174.88207 10.773 10.756 10.801 10.773 10.771    0.031 0.048 0.035 0.036 0.041  A 218311
   4178.86945 11.299 11.562 11.405 11.266 11.206    0.084 0.077 0.074 0.106 0.125  D 218769
   4182.85321 10.752 10.772 10.753 10.745 10.732    0.041 0.071 0.045 0.048 0.054  B 219333
   4185.87432 10.810 10.823 10.840 10.809 10.818    0.037 0.052 0.040 0.045 0.051  A 219772
   4189.85900 10.782 10.815 10.772 10.778 10.776    0.030 0.043 0.035 0.033 0.037  A 220159
   4192.84794 10.759 10.734 10.756 10.756 10.751    0.034 0.058 0.041 0.039 0.045  A 220634
   4196.87668 10.674 10.717 10.724 10.664 10.678    0.062 0.061 0.056 0.076 0.086  D 221128
   4199.74366 10.753 10.743 10.732 10.749 10.726    0.053 0.075 0.052 0.063 0.072  B 221416
   4203.85401 10.788 10.802 10.771 10.792 10.793    0.028 0.047 0.032 0.031 0.036  A 221855
   4207.87385 10.723 10.730 10.733 10.710 10.714    0.052 0.070 0.052 0.057 0.063  B 222307
   4213.91331 10.753 10.735 10.770 10.746 10.736    0.035 0.038 0.035 0.043 0.048  A 222680
   4228.81384 10.658 10.688 10.670 10.661 10.654    0.029 0.036 0.033 0.034 0.039  A 223406
   4230.84163 11.277 11.255 11.288 11.279 11.292    0.030 0.037 0.033 0.035 0.039  A 223757
   4233.78555 10.718 10.705 10.726 10.718 10.717    0.033 0.036 0.034 0.039 0.046  A 224269
   4235.85870 10.948 10.955 10.968 10.935 10.939    0.028 0.044 0.032 0.032 0.035  A 224660
   4238.78933 10.862 10.879 10.848 10.857 10.871    0.066 0.058 0.061 0.078 0.090  D 225065
   4246.73884 10.841 10.805 10.836 10.853 10.859    0.034 0.038 0.037 0.036 0.039  A 226253
   4250.77119 10.692 10.685 10.709 10.686 10.683    0.033 0.036 0.035 0.038 0.042  A 226696
   4255.68676 10.722 10.770 10.725 10.707 10.692    0.026 0.032 0.030 0.030 0.036  A 227091
   4258.72979 10.768 10.779 10.775 10.774 10.784    0.042 0.040 0.040 0.048 0.053  B 227547
   4273.70779 11.168 11.161 11.198 11.168 11.161    0.033 0.039 0.036 0.035 0.038  A 228520
   4276.68991 10.752 10.734 10.745 10.773 10.785    0.047 0.050 0.047 0.057 0.065  B 228871
   4278.70032 11.376 11.345 11.387 11.357 11.343    0.027 0.033 0.030 0.032 0.036  A 229173
   4281.89911 10.910 10.923 10.881 10.985 11.114    0.092 0.077 0.077 0.117 0.138  D 229405
   4283.79367 10.814 10.790 10.834 10.820 10.819    0.042 0.040 0.038 0.053 0.061  B 229689
   4285.77899 10.916 10.921 10.930 10.904 10.905    0.034 0.038 0.034 0.041 0.048  A 230029
   4289.77126 10.721 10.710 10.718 10.722 10.725    0.029 0.036 0.033 0.033 0.037  A 230383
   4291.77251 10.729 10.735 10.717 10.711 10.729    0.027 0.035 0.032 0.030 0.033  A 230733
   4293.75955 10.872 10.901 10.867 10.859 10.866    0.025 0.032 0.030 0.029 0.033  A 231096
   4295.76653 10.929 10.967 10.910 10.920 10.902    0.035 0.041 0.036 0.039 0.043  A 231439
   4299.71504 10.668 10.681 10.680 10.668 10.666    0.035 0.053 0.039 0.039 0.044  A 232144
   4301.67313 10.750 10.743 10.761 10.742 10.737    0.032 0.037 0.034 0.037 0.042  A 232481
   4303.67839 10.985 10.978 10.984 10.968 10.976    0.027 0.034 0.031 0.030 0.032  A 232779
   4305.67047 10.856 10.850 10.861 10.854 10.875    0.027 0.035 0.032 0.031 0.034  A 233144
   4307.63920 10.713 10.747 10.716 10.717 10.711    0.027 0.034 0.030 0.032 0.035  A 233478
   4309.66672 10.764 10.759 10.736 10.772 10.742    0.077 0.057 0.062 0.097 0.113  D 233802
   4311.70632 10.918 10.946 10.925 10.926 10.941    0.050 0.051 0.048 0.058 0.064  B 234084
   4314.74140 10.864 10.930 10.893 10.853 10.842    0.042 0.046 0.045 0.047 0.052  B 234412
   4317.56719 10.693 10.709 10.679 10.698 10.690    0.027 0.043 0.033 0.029 0.034  A 234806
   4329.60240 10.773 10.753 10.781 10.781 10.780    0.036 0.038 0.038 0.038 0.041  A 235124
   4331.59965 10.656 10.655 10.662 10.662 10.659    0.025 0.034 0.030 0.028 0.031  A 235482
   4332.76213 10.785 10.801 10.809 10.772 10.748    0.034 0.040 0.033 0.041 0.047  A 235719
   4334.64041 10.750 10.776 10.759 10.751 10.749    0.027 0.032 0.030 0.030 0.034  A 236037
   4337.77530 11.023 11.015 11.018 11.025 11.042    0.037 0.040 0.038 0.043 0.048  A 236342
   4340.53913 10.958 10.970 10.959 10.961 10.969    0.032 0.038 0.034 0.037 0.043  A 236732
   4342.56345 10.676 10.681 10.688 10.679 10.680    0.031 0.036 0.033 0.037 0.044  A 237071
   4344.56431 10.824 10.812 10.825 10.831 10.822    0.038 0.044 0.038 0.044 0.050  A 237413
   4346.56324 10.985 10.994 10.993 10.979 10.969    0.028 0.034 0.029 0.032 0.036  A 237753
   4348.57094 10.771 10.764 10.798 10.765 10.759    0.028 0.047 0.033 0.032 0.035  A 238110
   4350.57050 10.718 10.719 10.726 10.726 10.734    0.036 0.063 0.040 0.040 0.044  A 238427
   4352.58046 10.955 10.920 10.971 10.954 10.955    0.033 0.036 0.034 0.036 0.039  A 238742
   4354.69167 10.688 10.686 10.682 10.680 10.680    0.026 0.041 0.030 0.029 0.033  A 239017
   4357.50343 10.855 10.863 10.846 10.861 10.872    0.026 0.032 0.030 0.028 0.031  A 239416
   4359.51664 11.011 11.022 11.002 11.004 11.012    0.029 0.031 0.031 0.036 0.042  A 239757
   4361.52092 10.707 10.744 10.711 10.698 10.702    0.030 0.036 0.034 0.033 0.036  A 239986
   4364.51605 10.750 10.773 10.776 10.743 10.745    0.027 0.032 0.030 0.030 0.033  A 240464
   4367.60280 10.684 10.728 10.683 10.680 10.675    0.033 0.037 0.034 0.039 0.047  A 240834
   4369.63182 11.025 11.017 11.048 11.019 11.001    0.039 0.040 0.038 0.047 0.054  B 241142
   4371.65321 10.754 10.763 10.760 10.749 10.742    0.035 0.043 0.036 0.042 0.046  A 241477
   4373.66668 10.729 10.721 10.737 10.725 10.727    0.029 0.039 0.030 0.035 0.040  A 241776
   4376.65729 10.650 10.664 10.643 10.661 10.678    0.034 0.040 0.036 0.038 0.043  A 242130
   4379.50972 10.896 10.933 10.890 10.887 10.889    0.026 0.032 0.028 0.031 0.036  A 242532
   4381.56527 10.681 10.683 10.668 10.686 10.701    0.035 0.036 0.034 0.039 0.044  A 242851
   4383.61343 10.973 10.966 10.985 10.966 10.957    0.025 0.042 0.030 0.029 0.033  A 243171
   4385.63774 10.824 10.800 10.829 10.817 99.999    0.027 0.036 0.032 0.029 0.033  C 243493
   4388.50435 10.718 10.731 10.732 10.719 10.713    0.025 0.032 0.030 0.028 0.031  A 243918
   4393.54234 11.438 11.405 11.427 11.450 11.471    0.036 0.040 0.035 0.042 0.048  A 244619
   4399.61561 11.390 11.327 11.387 11.370 11.332    0.045 0.065 0.043 0.054 0.062  B 244826
   4402.60959 11.022 11.033 11.010 11.026 11.028    0.030 0.034 0.030 0.037 0.045  A 245105
   4407.51864 10.826 10.842 10.821 10.822 10.820    0.030 0.035 0.033 0.033 0.037  A 245538
   4413.55350 10.787 10.764 10.789 10.779 10.772    0.027 0.033 0.030 0.031 0.035  A 246221
   4420.51475 11.153 11.165 11.126 11.157 11.162    0.041 0.039 0.038 0.049 0.058  B 246419
   4430.52235 10.665 10.668 10.660 10.671 10.672    0.041 0.046 0.040 0.048 0.055  B 247382
   4435.51749 10.722 10.743 10.737 10.726 10.739    0.039 0.059 0.040 0.044 0.051  A 247995
   4520.88715 10.715 10.724 10.726 10.713 10.703    0.042 0.051 0.042 0.049 0.056  B 257789
   4525.86895 10.690 10.689 10.689 10.696 10.698    0.035 0.051 0.038 0.041 0.049  A 258512
   4528.89524 10.695 10.706 10.675 10.702 10.706    0.033 0.051 0.037 0.038 0.042  A 258968
   4532.87888 10.988 11.002 10.989 10.996 10.994    0.030 0.038 0.032 0.033 0.038  A 259564
   4537.87234 10.875 10.865 10.870 10.869 10.859    0.029 0.044 0.033 0.033 0.038  A 260162
   4541.86558 10.745 10.735 10.755 10.745 10.741    0.033 0.056 0.038 0.036 0.040  A 260744
   4552.85750 10.750 10.739 10.765 10.741 10.741    0.036 0.065 0.039 0.040 0.044  A 262321
   4555.87228 10.682 10.699 10.664 10.681 10.670    0.032 0.037 0.033 0.038 0.044  A 262778
   4558.87631 10.697 10.718 10.695 10.702 10.705    0.027 0.038 0.031 0.031 0.036  A 263273
   4561.87129 10.671 10.660 10.694 10.668 10.680    0.030 0.045 0.034 0.034 0.039  A 263769
   4564.87661 10.703 10.688 10.697 10.699 10.693    0.030 0.043 0.034 0.034 0.038  A 264271
   4567.87097 10.763 10.762 10.757 10.757 10.757    0.029 0.039 0.032 0.032 0.036  A 264769
   4571.82338 10.717 10.738 10.715 10.710 10.713    0.035 0.041 0.037 0.039 0.043  A 265397
   4574.80928 10.678 10.714 10.676 10.670 10.667    0.033 0.044 0.034 0.038 0.044  A 265894
#ndata= 2
#dataset= 4 ; 1 F2000-56_085
#desig= 191123-5439.0
#cra=   19.189826  19:11:23.4
#cdec= -54.650437 -54:39:01.6
#class= 0
#cmag_0= 10.699
#cmer_0=  0.067
#nskip_0= 0
#cmag_1= 10.723
#cmer_1=  0.003
#nskip_1= 0
#cmag_2= 10.701
#cmer_2=  0.041
#nskip_2= 0
#cmag_3= 10.713
#cmer_3=  0.026
#nskip_3= 0
#cmag_4= 10.699
#cmer_4=  0.037
#nskip_4= 0
#ra=   19.189826  19:11:23.4
#dec= -54.650437 -54:39:01.6
#     HJD      MAG_2  MAG_0  MAG_1  MAG_3  MAG_4    MER_2 MER_0 MER_1 MER_3 MER_4 GRADE FRAME
   2460.93466 10.673 10.652 10.721 10.695 10.673    0.030 0.038 0.036 0.032 0.035  A 10329
   2468.67216 10.732 10.747 10.726 10.734 10.726    0.029 0.035 0.036 0.032 0.032  A 11729
#ndata= 3
#dataset= 5 ; 1 F1845-48_115
#desig= 191123-5439.0
#cra=   19.189841  19:11:23.4
#cdec= -54.649956 -54:38:59.8
#class= 0
#cmag_0= 10.839
#cmer_0=  0.214
#nskip_0= 0
#cmag_1= 10.798
#cmer_1=  0.184
#nskip_1= 0
#cmag_2= 10.787
#cmer_2=  0.183
#nskip_2= 0
#cmag_3= 10.783
#cmer_3=  0.183
#nskip_3= 0
#cmag_4= 10.759
#cmer_4=  0.199
#nskip_4= 0
#ra=   19.189841  19:11:23.4
#dec= -54.649956 -54:38:59.8
#     HJD      MAG_2  MAG_0  MAG_1  MAG_3  MAG_4    MER_2 MER_0 MER_1 MER_3 MER_4 GRADE FRAME
   2180.52083 10.910 10.980 10.930 10.905 10.896    0.034 0.052 0.038 0.038 0.043  A 33741
   3450.87577 10.797 10.859 10.795 10.797 10.765    0.038 0.058 0.040 0.046 0.053  A 135336
   3453.83860 10.652 10.680 10.670 10.647 10.616    0.039 0.059 0.039 0.045 0.052  A 135719
#ndata= 5
#dataset= 6 ; 1 F1930-48_116
#desig= 191124-5439.0
#cra=   19.189901  19:11:23.6
#cdec= -54.649393 -54:38:57.8
#class= 0
#cmag_0= 11.588
#cmer_0=  0.064
#nskip_0= 0
#cmag_1= 11.513
#cmer_1=  0.079
#nskip_1= 0
#cmag_2= 11.483
#cmer_2=  0.059
#nskip_2= 0
#cmag_3= 11.495
#cmer_3=  0.059
#nskip_3= 0
#cmag_4= 11.483
#cmer_4=  0.059
#nskip_4= 0
#ra=   19.189901  19:11:23.6
#dec= -54.649393 -54:38:57.8
#     HJD      MAG_1  MAG_0  MAG_2  MAG_3  MAG_4    MER_1 MER_0 MER_2 MER_3 MER_4 GRADE FRAME
   2163.53134 12.215 12.271 11.945 11.756 11.643    0.057 0.072 0.061 0.074 0.086  D 31840
   2167.50808 11.592 11.653 11.521 11.532 11.521    0.034 0.053 0.031 0.033 0.038  A 32044
   2169.53114 29.999 29.999 29.999 29.999 29.999    0.031 0.044 0.028 0.031 0.035  C 32395
   2172.51353 11.435 11.524 11.445 11.459 11.447    0.033 0.053 0.029 0.032 0.036  A 32741
   3452.87944 11.010 11.041 11.017 11.017 11.016    0.037 0.057 0.034 0.038 0.042  A 135580
