#ndata= 9
#dataset= 1 ; 1 F1840-72_032
#desig= 191159-6615.2
#cra=   19.199663  19:11:58.8
#cdec= -66.253221 -66:15:11.6
#class= 0
#cmag_0= 13.673
#cmer_0=  0.377
#nskip_0= 0
#cmag_1= 13.697
#cmer_1=  0.372
#nskip_1= 0
#cmag_2= 13.725
#cmer_2=  0.378
#nskip_2= 0
#cmag_3= 13.763
#cmer_3=  0.392
#nskip_3= 0
#cmag_4= 13.920
#cmer_4=  0.451
#nskip_4= 0
#ra=   19.199663  19:11:58.8
#dec= -66.253221 -66:15:11.6
#     HJD      MAG_0  MAG_1  MAG_2  MAG_3  MAG_4    MER_0 MER_1 MER_2 MER_3 MER_4 GRADE FRAME
   2135.56763 29.999 29.999 29.999 29.999 29.999    0.043 0.028 0.026 0.030 0.033  C 29396
   2140.53824 13.577 13.684 13.759 13.798 14.016    0.054 0.037 0.033 0.038 0.043  A 30142
   2141.55655 13.834 14.024 14.064 14.060 14.031    0.045 0.029 0.026 0.029 0.033  A 30361
   2142.55303 29.999 29.999 29.999 29.999 29.999    0.056 0.032 0.028 0.031 0.035  C 30562
   2143.54671 13.878 13.848 13.765 13.707 13.749    0.042 0.028 0.025 0.029 0.033  A 30762
   2144.54231 29.999 29.999 29.999 29.999 29.999    0.050 0.036 0.032 0.034 0.037  C 30963
   2145.53783 13.340 13.263 13.272 13.368 13.404    0.043 0.028 0.026 0.030 0.032  A 31168
   2151.50516 13.635 13.695 13.724 13.764 13.947    0.058 0.036 0.036 0.044 0.050  A 31331
   3453.83061 99.999 99.999 99.999 99.999 99.999    0.055 0.041 0.037 0.043 0.051  C 135716
#ndata= 494
#dataset= 2 ; 1 F1900-64_055
#desig= 191200-6615.2
#cra=   19.200040  19:12:00.1
#cdec= -66.254028 -66:15:14.5
#class= 0
#cmag_0= 13.810
#cmer_0=  0.370
#nskip_0= 0
#cmag_1= 13.806
#cmer_1=  0.355
#nskip_1= 0
#cmag_2= 13.807
#cmer_2=  0.345
#nskip_2= 0
#cmag_3= 13.829
#cmer_3=  0.355
#nskip_3= 0
#cmag_4= 13.911
#cmer_4=  0.403
#nskip_4= 0
#ra=   19.200040  19:12:00.1
#dec= -66.254028 -66:15:14.5
#     HJD      MAG_0  MAG_1  MAG_2  MAG_3  MAG_4    MER_0 MER_1 MER_2 MER_3 MER_4 GRADE FRAME
   1961.89562 29.999 29.999 29.999 29.999 29.999    0.043 0.041 0.033 0.036 0.039  C 10594
   1963.88055 29.999 29.999 29.999 29.999 29.999    0.041 0.037 0.031 0.034 0.033  C 10915
   1978.83942 29.999 29.999 29.999 29.999 29.999    0.052 0.048 0.042 0.047 0.047  C 12122
   1979.86430 29.999 29.999 29.999 29.999 29.999    0.053 0.047 0.042 0.048 0.045  C 12325
   1980.88963 29.999 29.999 29.999 29.999 29.999    0.051 0.046 0.040 0.046 0.044  C 12482
   1995.87820 29.999 29.999 29.999 29.999 29.999    0.074 0.060 0.050 0.060 0.061  D 13749
   1999.81947 29.999 29.999 29.999 29.999 29.999    0.069 0.055 0.046 0.052 0.054  C 14524
   2054.75170 14.325 14.117 14.005 14.063 14.235    0.068 0.035 0.032 0.034 0.037  B 20296
   2064.78667 29.999 29.999 29.999 29.999 29.999    0.069 0.044 0.045 0.054 0.061  C 21609
   2083.68380 29.999 29.999 29.999 29.999 29.999    0.067 0.064 0.075 0.094 0.111  D 23611
   2103.64070 29.999 29.999 29.999 29.999 29.999    0.046 0.037 0.037 0.042 0.048  C 25811
   2124.57751 29.999 29.999 29.999 29.999 29.999    0.069 0.036 0.033 0.036 0.041  C 27625
   2443.68965 29.999 29.999 29.999 29.999 29.999    0.043 0.044 0.039 0.042 0.043  C 8694
   2452.64952 29.999 29.999 29.999 29.999 29.999    0.044 0.042 0.036 0.040 0.037  C 9467
   2465.64876 29.999 29.999 29.999 29.999 29.999    0.043 0.037 0.030 0.033 0.032  C 11063
   2468.63997 29.999 29.999 29.999 29.999 29.999    0.035 0.033 0.028 0.031 0.031  C 11715
   2474.65122 29.999 29.999 29.999 29.999 29.999    0.038 0.038 0.030 0.034 0.031  C 12855
   2482.62949 29.999 29.999 29.999 29.999 29.999    0.053 0.047 0.042 0.047 0.045  C 13152
   2486.59781 29.999 29.999 29.999 29.999 29.999    0.052 0.046 0.037 0.043 0.043  C 13304
   2489.60327 13.579 13.576 13.670 13.729 13.947    0.037 0.035 0.029 0.032 0.030  A 13832
   2494.59014 29.999 29.999 29.999 29.999 29.999    0.051 0.047 0.043 0.048 0.048  C 14643
   2495.58958 29.999 29.999 29.999 29.999 29.999    0.046 0.039 0.031 0.034 0.032  C 14780
   2497.58688 29.999 29.999 29.999 29.999 29.999    0.039 0.038 0.031 0.035 0.031  C 15203
   2498.57723 29.999 29.999 29.999 29.999 29.999    0.039 0.036 0.030 0.033 0.032  C 15410
   2499.57310 29.999 29.999 29.999 29.999 29.999    0.036 0.035 0.028 0.030 0.029  C 15619
   2502.58363 29.999 29.999 29.999 29.999 29.999    0.049 0.042 0.036 0.040 0.037  C 16196
   2503.58381 29.999 29.999 29.999 29.999 29.999    0.061 0.051 0.044 0.049 0.049  C 16400
   2504.65549 29.999 29.999 29.999 29.999 29.999    0.085 0.075 0.069 0.078 0.084  D 16573
   2519.58131 29.999 29.999 29.999 29.999 29.999    0.055 0.047 0.039 0.046 0.042  C 17979
   2529.51453 29.999 29.999 29.999 29.999 29.999    0.064 0.053 0.044 0.045 0.046  C 19024
   2556.64496 29.999 29.999 29.999 29.999 29.999    0.035 0.034 0.027 0.029 0.027  C 21695
   2579.56590 29.999 29.999 29.999 29.999 29.999    0.036 0.035 0.027 0.028 0.028  C 25080
   2694.85733 29.999 29.999 29.999 29.999 29.999    0.031 0.029 0.031 0.038 0.043  C 41860
   2698.87386 29.999 29.999 29.999 29.999 29.999    0.035 0.037 0.040 0.045 0.052  C 42610
   2707.85716 29.999 29.999 29.999 29.999 29.999    0.046 0.047 0.050 0.060 0.070  C 44302
   2712.87399 29.999 29.999 29.999 29.999 29.999    0.028 0.033 0.030 0.035 0.037  C 45225
   2721.85658 29.999 29.999 29.999 29.999 29.999    0.036 0.042 0.045 0.052 0.060  C 46576
   2732.87763 29.999 29.999 29.999 29.999 29.999    0.033 0.037 0.041 0.040 0.041  C 48515
   2747.86954 29.999 29.999 29.999 29.999 29.999    0.042 0.045 0.050 0.057 0.065  C 51101
   2760.79061 29.999 29.999 29.999 29.999 29.999    0.034 0.040 0.041 0.047 0.052  C 53490
   2764.78130 29.999 29.999 29.999 29.999 29.999    0.026 0.028 0.029 0.033 0.037  C 54308
   2775.83789 29.999 29.999 29.999 29.999 29.999    0.053 0.051 0.050 0.058 0.065  C 55167
   2782.91301 29.999 29.999 29.999 29.999 29.999    0.022 0.024 0.021 0.022 0.024  C 55824
   2784.76877 29.999 29.999 29.999 29.999 29.999    0.029 0.033 0.035 0.038 0.041  C 56189
   2829.63835 29.999 29.999 29.999 29.999 29.999    0.078 0.075 0.078 0.093 0.109  D 62285
   2830.73292 29.999 29.999 29.999 29.999 29.999    0.084 0.080 0.072 0.076 0.081  D 62550
   2840.71134 13.802 13.880 13.984 14.116 14.286    0.029 0.038 0.038 0.040 0.041  A 64363
   2843.66366 29.999 29.999 29.999 29.999 29.999    0.034 0.035 0.032 0.037 0.038  C 64919
   2859.56284 29.999 29.999 29.999 29.999 29.999    0.033 0.039 0.037 0.042 0.044  C 66511
   2860.68247 13.793 13.829 13.862 13.861 14.011    0.031 0.040 0.038 0.039 0.041  A 66770
   2861.79215 29.999 29.999 29.999 29.999 29.999    0.030 0.031 0.030 0.036 0.042  C 67026
   2872.62686 13.850 13.851 13.771 13.726 13.696    0.023 0.027 0.024 0.027 0.027  A 68157
   2877.62948 13.672 13.747 13.799 13.759 13.773    0.029 0.037 0.036 0.036 0.034  A 68946
   2882.68019 29.999 29.999 29.999 29.999 29.999    0.061 0.060 0.065 0.076 0.089  D 69522
   2888.61316 13.682 13.587 13.604 13.618 13.586    0.034 0.034 0.036 0.035 0.033  A 70434
   2899.68811 29.999 29.999 29.999 29.999 29.999    0.034 0.035 0.034 0.038 0.042  C 72055
   2913.66362 29.999 29.999 29.999 29.999 29.999    0.042 0.040 0.040 0.045 0.051  C 74278
   2922.57981 29.999 29.999 29.999 29.999 29.999    0.031 0.033 0.028 0.032 0.036  C 75245
   2924.58884 29.999 29.999 29.999 29.999 29.999    0.032 0.032 0.030 0.034 0.041  C 75625
   2942.54987 29.999 29.999 29.999 29.999 29.999    0.037 0.035 0.033 0.040 0.046  C 78167
   2944.55922 29.999 29.999 29.999 29.999 29.999    0.037 0.033 0.031 0.036 0.042  C 78494
   2951.56913 29.999 29.999 29.999 29.999 29.999    0.033 0.031 0.033 0.038 0.044  C 79547
   2956.55467 29.999 29.999 29.999 29.999 29.999    0.055 0.041 0.039 0.044 0.050  C 80204
   3056.89004 29.999 29.999 29.999 29.999 29.999    0.031 0.029 0.029 0.034 0.039  C 91768
   3079.87694 29.999 29.999 29.999 29.999 29.999    0.042 0.036 0.042 0.048 0.054  C 94792
   3090.87480 29.999 29.999 29.999 29.999 29.999    0.030 0.028 0.030 0.035 0.040  C 96152
   3100.86840 29.999 29.999 29.999 29.999 29.999    0.030 0.034 0.034 0.040 0.047  C 97349
   3184.68481 29.999 29.999 29.999 29.999 29.999    0.025 0.026 0.026 0.030 0.035  C 107849
   3278.63497 13.505 13.529 13.610 13.827 13.832    0.036 0.035 0.035 0.041 0.047  A 116843
   3426.87616 29.999 29.999 29.999 29.999 29.999    0.041 0.036 0.036 0.041 0.047  C 131932
   3434.86567 29.999 29.999 29.999 29.999 29.999    0.060 0.039 0.037 0.040 0.043  C 132918
   3453.83061 29.999 29.999 29.999 29.999 29.999    0.060 0.040 0.037 0.044 0.051  C 135716
   3473.82343 29.999 29.999 29.999 29.999 29.999    0.031 0.027 0.024 0.028 0.032  C 138941
   3479.84803 29.999 29.999 29.999 29.999 29.999    0.064 0.038 0.035 0.039 0.044  C 139923
   3490.84099 29.999 29.999 29.999 29.999 29.999    0.049 0.037 0.036 0.042 0.048  C 141206
   3516.77201 29.999 29.999 29.999 29.999 29.999    0.034 0.031 0.030 0.035 0.041  C 144219
   3520.76056 29.999 29.999 29.999 29.999 29.999    0.044 0.034 0.033 0.035 0.039  C 144713
   3524.80355 29.999 29.999 29.999 29.999 29.999    0.040 0.037 0.037 0.043 0.051  C 145396
   3526.87681 14.052 14.120 14.115 14.052 14.037    0.109 0.057 0.049 0.054 0.062  D 145761
   3543.69255 29.999 29.999 29.999 29.999 29.999    0.041 0.038 0.039 0.048 0.057  C 147572
   3546.76182 29.999 29.999 29.999 29.999 29.999    0.071 0.085 0.108 0.136 0.168  D 147909
   3555.80559 29.999 29.999 29.999 29.999 29.999    0.030 0.027 0.026 0.030 0.035  C 148980
   3569.70961 29.999 29.999 29.999 29.999 29.999    0.030 0.029 0.026 0.030 0.034  C 150596
   3578.63669 29.999 29.999 29.999 29.999 29.999    0.033 0.028 0.024 0.027 0.031  C 151975
   3594.54025 29.999 29.999 29.999 29.999 29.999    0.071 0.040 0.035 0.039 0.042  C 154666
   3597.61105 29.999 29.999 29.999 29.999 29.999    0.042 0.038 0.043 0.051 0.060  C 155126
   3631.68077 29.999 29.999 29.999 29.999 29.999    0.039 0.035 0.036 0.043 0.049  C 158971
   3633.68957 29.999 29.999 29.999 29.999 29.999    0.032 0.032 0.033 0.041 0.049  C 159237
   3649.54056 29.999 29.999 29.999 29.999 29.999    0.045 0.045 0.049 0.058 0.067  C 161146
   3657.61715 29.999 29.999 29.999 29.999 29.999    0.059 0.039 0.036 0.041 0.045  C 162313
   3702.51404 29.999 29.999 29.999 29.999 29.999    0.061 0.038 0.037 0.045 0.052  C 168263
   3866.80553 29.999 29.999 29.999 29.999 29.999    0.039 0.030 0.028 0.033 0.039  C 189938
   3868.82278 29.999 29.999 29.999 29.999 29.999    0.035 0.034 0.036 0.044 0.050  C 190257
   3898.77450 29.999 29.999 29.999 29.999 29.999    0.034 0.031 0.032 0.040 0.046  C 194397
   4145.89343 29.999 29.999 29.999 29.999 29.999    0.052 0.046 0.051 0.065 0.076  D 214350
   4205.88211 29.999 29.999 29.999 29.999 29.999    0.036 0.034 0.033 0.039 0.046  C 222194
#dataset= 2 ; 2 F1900-64_055
#desig= 191159-6615.0
#cra=   19.199709  19:11:59.0
#cdec= -66.250366 -66:15:01.3
#class= 0
#cmag_0= 13.732
#cmer_0=  0.205
#nskip_0= 0
#cmag_1= 13.743
#cmer_1=  0.215
#nskip_1= 0
#cmag_2= 13.769
#cmer_2=  0.243
#nskip_2= 0
#cmag_3= 13.815
#cmer_3=  0.295
#nskip_3= 0
#cmag_4= 13.859
#cmer_4=  0.339
#nskip_4= 1
#ra=   19.199709  19:11:59.0
#dec= -66.250366 -66:15:01.3
#     HJD      MAG_0  MAG_1  MAG_2  MAG_3  MAG_4    MER_0 MER_1 MER_2 MER_3 MER_4 GRADE FRAME
   1965.87375 13.571 13.617 13.789 13.911 13.946    0.040 0.037 0.031 0.035 0.034  A 11281
   1967.87628 29.999 29.999 29.999 29.999 29.999    0.040 0.037 0.030 0.033 0.032  C 11625
   1981.86483 29.999 29.999 29.999 29.999 29.999    0.048 0.044 0.037 0.042 0.039  C 12655
   1984.82085 29.999 29.999 29.999 29.999 29.999    0.055 0.047 0.041 0.048 0.044  C 13044
   1985.84948 13.354 13.451 13.593 13.726 13.927    0.052 0.046 0.039 0.044 0.041  A 13247
   1994.81344 29.999 29.999 29.999 29.999 29.999    0.060 0.050 0.043 0.050 0.048  C 13522
   1997.82235 29.999 29.999 29.999 29.999 29.999    0.065 0.054 0.045 0.051 0.048  C 14126
   2008.81455 29.999 29.999 29.999 29.999 29.999    0.073 0.061 0.052 0.058 0.058  D 15247
   2009.79981 29.999 29.999 29.999 29.999 29.999    0.070 0.059 0.050 0.058 0.058  D 15441
   2014.80530 29.999 29.999 29.999 29.999 29.999    0.072 0.057 0.048 0.054 0.054  D 15852
   2025.79965 13.816 13.788 13.735 13.763 13.851    0.033 0.024 0.023 0.026 0.029  A 17262
   2026.84487 13.939 13.927 13.884 13.867 14.026    0.043 0.027 0.027 0.030 0.033  A 17498
   2027.80363 13.580 13.556 13.558 13.680 13.836    0.050 0.032 0.031 0.034 0.035  A 17700
   2030.79505 13.816 13.873 14.039 14.192 14.283    0.036 0.024 0.023 0.028 0.031  A 17870
   2031.80174 13.661 13.755 13.944 14.053 14.203    0.043 0.026 0.026 0.030 0.033  A 18085
   2032.79104 13.591 13.606 13.651 13.748 13.812    0.035 0.023 0.023 0.026 0.029  A 18302
   2033.78446 13.510 13.440 13.437 13.439 13.442    0.035 0.024 0.023 0.025 0.028  A 18518
   2037.75238 29.999 29.999 29.999 29.999 29.999    0.059 0.035 0.033 0.037 0.041  C 19014
   2039.78603 13.616 13.610 13.647 13.647 13.648    0.070 0.035 0.033 0.038 0.041  B 19298
   2040.71881 13.528 13.604 13.654 13.673 13.558    0.067 0.036 0.035 0.041 0.045  B 19495
   2052.73958 13.592 13.508 13.477 13.447 13.473    0.066 0.035 0.030 0.033 0.035  B 19861
   2053.75911 13.930 13.876 13.801 13.771 13.953    0.052 0.029 0.027 0.030 0.034  A 20076
   2055.74034 13.856 13.948 13.991 13.913 13.783    0.060 0.030 0.028 0.031 0.035  A 20513
   2056.74150 13.588 13.554 13.478 13.481 13.607    0.051 0.027 0.026 0.029 0.033  A 20741
   2057.73738 13.621 13.566 13.513 13.448 13.386    0.046 0.026 0.024 0.027 0.030  A 20967
   2058.72970 13.762 13.676 13.642 13.616 13.612    0.062 0.033 0.030 0.033 0.036  A 21193
   2061.73174 13.974 14.130 14.337 14.562 14.533    0.063 0.035 0.032 0.036 0.039  B 21421
   2067.64780 13.556 13.639 13.673 13.798 13.888    0.052 0.031 0.031 0.035 0.039  A 21853
   2068.66860 13.727 13.699 13.716 13.701 13.632    0.059 0.032 0.030 0.035 0.038  A 22089
   2069.69145 13.867 13.868 13.835 13.871 14.009    0.070 0.035 0.032 0.036 0.040  B 22322
   2070.71436 13.620 13.577 13.614 13.775 13.787    0.074 0.039 0.035 0.038 0.041  B 22551
   2080.61604 13.536 13.594 13.603 13.639 13.747    0.062 0.032 0.028 0.030 0.034  A 22887
   2081.68170 13.531 13.438 13.373 13.329 13.346    0.051 0.027 0.025 0.028 0.031  A 23142
   2082.69509 13.606 13.538 13.492 13.442 13.635    0.039 0.025 0.023 0.026 0.030  A 23372
   2085.67500 14.091 13.977 13.833 13.757 13.933    0.041 0.027 0.024 0.028 0.031  A 23833
   2086.68988 13.842 13.688 13.643 13.676 13.832    0.059 0.030 0.027 0.030 0.033  A 24062
   2087.67374 13.800 13.794 13.726 13.658 13.676    0.055 0.030 0.026 0.030 0.033  A 24278
   2088.66583 13.758 13.760 13.709 13.664 13.602    0.046 0.026 0.024 0.028 0.031  A 24503
   2093.58212 13.673 13.651 13.580 13.553 13.751    0.065 0.035 0.033 0.037 0.040  B 24688
   2094.61664 13.945 13.863 13.870 14.121 14.261    0.061 0.031 0.030 0.034 0.037  A 24990
   2096.61867 13.593 13.518 13.517 13.653 13.779    0.070 0.035 0.033 0.038 0.042  B 25442
   2102.61645 13.473 13.477 13.425 13.342 13.312    0.053 0.032 0.028 0.030 0.033  A 25654
   2104.64458 14.069 14.097 14.142 14.231 14.146    0.039 0.027 0.024 0.027 0.031  A 26012
   2105.63651 14.123 14.146 14.218 14.314 14.721    0.046 0.028 0.025 0.028 0.032  A 26230
   2106.63965 13.753 13.781 13.837 13.890 13.831    0.037 0.030 0.025 0.028 0.031  A 26437
   2109.63240 13.900 13.885 13.899 13.908 13.892    0.036 0.027 0.024 0.027 0.030  A 26606
   2114.76055 13.633 13.607 13.674 13.819 14.057    0.035 0.029 0.029 0.030 0.032  A 26714
   2115.62408 13.950 13.903 13.918 14.000 14.108    0.045 0.031 0.027 0.030 0.034  A 26860
   2116.60739 14.015 14.049 13.932 13.853 14.033    0.045 0.030 0.026 0.029 0.033  A 27073
   2117.60180 14.022 13.998 13.898 13.811 13.847    0.045 0.031 0.028 0.031 0.035  A 27292
   2125.59378 13.880 14.001 14.113 14.234 14.110    0.045 0.032 0.032 0.037 0.043  A 27845
   2128.60231 14.307 14.222 14.347 14.495 14.531    0.041 0.029 0.025 0.028 0.032  A 27923
   2129.58543 14.091 14.035 13.949 13.774 13.675    0.050 0.030 0.028 0.031 0.034  A 28132
   2130.59004 13.656 13.648 13.630 13.544 13.480    0.054 0.033 0.030 0.033 0.037  A 28348
   2131.57813 13.516 13.580 13.619 13.666 13.741    0.043 0.027 0.025 0.027 0.030  A 28542
   2132.58621 13.654 13.595 13.619 13.698 13.871    0.053 0.030 0.027 0.030 0.032  A 28764
   2133.57812 13.636 13.589 13.588 13.592 13.616    0.044 0.028 0.024 0.027 0.029  A 28970
   2134.58105 14.089 14.235 14.482 14.754 14.820    0.047 0.031 0.027 0.030 0.033  A 29189
   2135.57505 29.999 29.999 29.999 29.999 29.999    0.043 0.031 0.030 0.035 0.039  C 29399
   2136.57682 13.754 13.742 13.783 13.810 13.823    0.044 0.030 0.026 0.029 0.032  A 29612
   2141.56839 14.170 14.174 14.078 13.877 13.819    0.046 0.030 0.027 0.030 0.033  A 30366
   2142.56265 13.940 13.981 13.912 13.984 14.305    0.050 0.031 0.028 0.031 0.035  A 30566
   2143.55854 13.781 13.777 13.821 13.825 13.774    0.047 0.031 0.028 0.032 0.035  A 30767
   2144.55414 13.545 13.495 13.447 13.447 13.497    0.057 0.034 0.030 0.034 0.037  A 30968
   2145.54966 13.600 13.620 13.705 13.748 13.783    0.045 0.028 0.026 0.030 0.034  A 31173
   2167.49137 14.014 13.981 13.925 13.894 13.904    0.055 0.033 0.030 0.034 0.039  A 32037
   2169.60862 13.625 13.519 13.529 13.567 13.559    0.043 0.031 0.028 0.033 0.037  A 32406
   2172.52392 13.939 13.945 13.908 13.929 13.940    0.048 0.031 0.027 0.032 0.037  A 32746
   2180.51615 13.629 13.799 13.883 13.940 13.937    0.051 0.038 0.033 0.035 0.041  A 33739
   2184.49809 13.956 13.926 13.994 14.115 14.297    0.042 0.033 0.030 0.034 0.038  A 34020
   2187.51372 13.763 13.779 13.817 13.826 13.841    0.048 0.033 0.029 0.032 0.036  A 34498
   2190.50823 29.999 29.999 29.999 29.999 29.999    0.036 0.032 0.027 0.030 0.033  C 34884
   2192.54869 13.770 13.780 13.703 13.596 13.601    0.047 0.030 0.027 0.031 0.035  A 35251
   2194.55228 13.752 13.773 13.838 13.852 13.867    0.047 0.032 0.027 0.030 0.035  A 35614
   2196.55454 13.543 13.618 13.615 13.633 13.638    0.055 0.036 0.030 0.033 0.037  A 35926
   2198.54954 13.919 13.900 13.893 14.013 14.099    0.047 0.033 0.027 0.030 0.035  A 36278
   2202.51200 13.593 13.464 13.503 13.529 13.602    0.044 0.038 0.035 0.039 0.043  A 36858
   2204.51837 13.735 13.683 13.635 13.602 13.559    0.046 0.032 0.028 0.030 0.034  A 37163
   2206.52571 13.811 13.784 13.795 13.880 13.961    0.046 0.032 0.028 0.031 0.035  A 37440
   2212.55285 13.734 13.697 13.689 13.719 13.745    0.052 0.039 0.034 0.038 0.042  A 37884
   2216.49990 13.582 13.635 13.704 13.791 13.814    0.047 0.036 0.031 0.033 0.036  A 38515
   2233.50801 29.999 29.999 29.999 29.999 29.999    0.051 0.043 0.037 0.040 0.045  C 40581
   2442.69005 29.999 29.999 29.999 29.999 29.999    0.044 0.043 0.037 0.039 0.040  C 8508
   2445.67355 13.557 13.529 13.601 13.670 13.802    0.035 0.035 0.030 0.034 0.036  A 9109
   2446.69431 13.501 13.430 13.467 13.478 13.536    0.034 0.032 0.026 0.028 0.030  A 9281
   2453.76550 29.999 29.999 29.999 29.999 29.999    0.032 0.033 0.026 0.030 0.032  C 9687
   2454.67334 29.999 29.999 29.999 29.999 29.999    0.070 0.067 0.063 0.071 0.073  D 9867
   2464.64508 29.999 29.999 29.999 29.999 29.999    0.042 0.036 0.029 0.032 0.031  C 10841
   2466.63923 29.999 29.999 29.999 29.999 29.999    0.040 0.037 0.032 0.035 0.034  C 11277
   2470.58008 29.999 29.999 29.999 29.999 29.999    0.038 0.035 0.028 0.031 0.028  C 11969
   2473.60430 29.999 29.999 29.999 29.999 29.999    0.046 0.043 0.036 0.040 0.039  C 12668
   2481.59506 29.999 29.999 29.999 29.999 29.999    0.062 0.052 0.044 0.048 0.048  C 12978
   2487.63233 29.999 29.999 29.999 29.999 29.999    0.069 0.056 0.047 0.048 0.049  C 13478
   2490.61038 13.608 13.639 13.718 13.782 13.698    0.052 0.044 0.036 0.041 0.039  A 14053
   2491.59166 29.999 29.999 29.999 29.999 29.999    0.056 0.047 0.037 0.039 0.040  C 14218
   2493.58246 29.999 29.999 29.999 29.999 29.999    0.046 0.039 0.032 0.034 0.034  C 14449
   2500.53379 13.925 13.681 13.524 13.650 13.887    0.040 0.039 0.035 0.039 0.041  A 15814
   2501.57459 13.561 13.649 13.752 13.864 13.967    0.040 0.038 0.033 0.036 0.033  A 15981
   2508.69592 29.999 29.999 29.999 29.999 29.999    0.030 0.032 0.028 0.033 0.036  C 16816
   2510.66907 29.999 29.999 29.999 29.999 29.999    0.039 0.039 0.039 0.048 0.056  C 16989
   2512.52098 13.745 13.883 13.917 13.924 13.947    0.037 0.039 0.033 0.036 0.037  A 17208
   2520.57739 13.708 13.671 13.689 13.694 13.647    0.029 0.028 0.021 0.023 0.023  A 18176
   2521.58707 13.939 13.872 13.842 13.880 13.986    0.029 0.022 0.021 0.021 0.022  A 18376
   2523.73926 13.520 13.602 13.740 13.918 13.974    0.024 0.024 0.021 0.023 0.025  A 18526
   2526.48811 29.999 29.999 29.999 29.999 29.999    0.027 0.023 0.022 0.024 0.027  C 18781
   2535.56692 13.666 13.725 13.671 13.592 13.716    0.028 0.024 0.022 0.024 0.027  A 19235
   2540.62988 13.722 13.524 13.592 13.721 13.734    0.028 0.027 0.024 0.027 0.030  A 19709
   2544.63169 13.762 13.741 13.763 13.812 14.003    0.027 0.023 0.020 0.023 0.026  A 19981
   2545.67319 13.721 13.705 13.760 13.807 13.844    0.023 0.022 0.020 0.022 0.024  A 20188
   2549.57527 13.595 13.596 13.654 13.698 13.723    0.034 0.029 0.025 0.024 0.024  A 20753
   2553.52404 14.094 14.185 14.152 14.137 14.149    0.037 0.028 0.025 0.027 0.029  A 21279
   2554.63820 29.999 29.999 29.999 29.999 29.999    0.053 0.045 0.039 0.041 0.040  C 21510
   2558.60217 13.449 13.545 13.661 13.741 13.719    0.033 0.031 0.024 0.026 0.027  A 22033
   2559.60076 13.655 13.745 13.676 13.621 13.527    0.032 0.029 0.026 0.030 0.033  A 22213
   2560.60887 14.149 14.386 14.483 14.454 14.407    0.040 0.028 0.028 0.031 0.034  A 22395
   2561.59772 13.761 13.903 13.835 13.808 13.893    0.039 0.035 0.038 0.042 0.046  A 22538
   2562.61001 13.725 13.793 13.744 13.763 13.865    0.036 0.033 0.031 0.034 0.037  A 22724
   2563.62629 13.682 13.459 13.412 13.481 13.493    0.033 0.031 0.029 0.034 0.037  A 22910
   2566.53489 13.554 13.446 13.367 13.342 13.467    0.030 0.028 0.027 0.028 0.030  A 23407
   2568.56892 29.999 29.999 29.999 29.999 29.999    0.038 0.039 0.035 0.037 0.039  C 23574
   2578.56426 13.719 13.836 13.941 14.015 14.046    0.032 0.033 0.026 0.027 0.026  A 24916
   2683.88787 13.634 13.627 13.629 13.607 13.612    0.031 0.028 0.027 0.031 0.035  A 39922
   2686.88323 29.999 29.999 29.999 29.999 29.999    0.031 0.030 0.031 0.034 0.039  C 40466
   2689.88786 13.632 13.602 13.647 13.860 14.385    0.034 0.033 0.035 0.040 0.045  A 41016
   2701.86926 13.547 13.523 13.481 13.491 13.427    0.028 0.028 0.029 0.031 0.033  A 43186
   2704.86378 13.894 13.996 14.095 14.333 14.510    0.029 0.027 0.027 0.029 0.032  A 43760
   2710.84196 14.036 13.896 14.045 14.264 14.429    0.028 0.028 0.022 0.025 0.029  A 44838
   2714.88727 13.910 13.900 13.899 13.877 13.839    0.027 0.030 0.030 0.034 0.036  A 45621
   2719.85362 29.999 29.999 29.999 29.999 29.999    0.033 0.037 0.036 0.042 0.046  C 46190
   2723.85562 13.508 13.510 13.619 13.761 13.917    0.026 0.024 0.022 0.025 0.028  A 46957
   2725.85166 13.715 13.780 13.899 13.901 13.747    0.029 0.031 0.030 0.032 0.035  A 47356
   2727.85961 13.850 13.893 13.948 13.925 13.847    0.028 0.032 0.030 0.035 0.038  A 47750
   2729.85848 13.729 13.790 13.848 13.872 13.781    0.024 0.026 0.024 0.028 0.029  A 48156
   2735.81278 13.949 14.049 14.183 14.233 14.032    0.027 0.028 0.028 0.031 0.032  A 49101
   2737.84498 13.645 13.701 13.661 13.624 13.612    0.027 0.029 0.028 0.031 0.033  A 49509
   2739.86749 29.999 29.999 29.999 29.999 29.999    0.028 0.034 0.031 0.037 0.039  C 49857
   2741.85193 13.603 13.573 13.475 13.439 13.559    0.028 0.032 0.030 0.036 0.038  A 50243
   2743.84160 13.651 13.587 13.512 13.435 13.371    0.030 0.033 0.033 0.036 0.040  A 50631
   2751.75435 13.551 13.549 13.570 13.651 13.632    0.030 0.037 0.036 0.036 0.036  A 51877
   2754.84561 13.497 13.537 13.558 13.619 13.605    0.031 0.036 0.035 0.038 0.039  A 52331
   2756.80356 13.559 13.640 13.698 13.740 13.733    0.025 0.031 0.028 0.030 0.031  A 52724
   2758.83944 13.966 13.843 13.856 13.811 13.900    0.024 0.022 0.022 0.026 0.029  A 53102
   2770.83650 13.483 13.506 13.513 13.592 13.617    0.034 0.041 0.037 0.043 0.046  A 54940
   2786.72593 13.648 13.608 13.618 13.631 13.680    0.026 0.031 0.032 0.034 0.035  A 56604
   2790.75467 13.458 13.371 13.445 13.506 13.333    0.031 0.035 0.034 0.040 0.043  A 57376
   2805.85494 13.907 14.018 14.003 13.913 13.900    0.032 0.034 0.037 0.042 0.045  A 59251
   2809.74922 29.999 29.999 29.999 29.999 29.999    0.043 0.044 0.043 0.049 0.052  C 59551
   2810.85516 13.620 13.554 13.579 13.583 13.596    0.033 0.028 0.027 0.029 0.032  A 59820
   2812.65671 13.548 13.727 13.896 13.982 14.092    0.028 0.034 0.034 0.034 0.035  A 60190
   2813.85345 13.874 13.902 13.889 13.796 13.835    0.032 0.027 0.024 0.026 0.029  A 60502
   2820.86187 13.528 13.567 13.586 13.600 13.577    0.029 0.032 0.026 0.029 0.030  A 61604
   2832.62269 29.999 29.999 29.999 29.999 29.999    0.034 0.039 0.039 0.045 0.050  C 62953
   2833.73357 29.999 29.999 29.999 29.999 29.999    0.043 0.045 0.048 0.057 0.063  C 63184
   2835.63277 29.999 29.999 29.999 29.999 29.999    0.041 0.044 0.042 0.049 0.054  C 63533
   2838.66574 29.999 29.999 29.999 29.999 29.999    0.041 0.041 0.038 0.044 0.045  C 63911
   2841.84432 14.119 14.265 14.136 14.013 13.960    0.031 0.028 0.029 0.031 0.034  A 64613
   2854.55951 13.826 13.796 13.804 13.826 13.905    0.025 0.028 0.024 0.028 0.028  A 65851
   2866.62313 13.552 13.640 13.584 13.550 13.508    0.026 0.030 0.028 0.030 0.032  A 67552
   2867.71011 13.486 13.457 13.480 13.475 13.362    0.027 0.026 0.022 0.025 0.026  A 67793
   2875.64377 13.610 13.573 13.538 13.557 13.634    0.029 0.024 0.020 0.021 0.024  A 68554
   2879.63284 14.169 14.120 14.154 14.182 14.463    0.021 0.026 0.022 0.024 0.025  A 69253
   2884.62086 14.097 14.082 14.284 14.671 14.795    0.026 0.027 0.026 0.030 0.031  A 69812
   2886.53030 29.999 29.999 29.999 29.999 29.999    0.033 0.040 0.038 0.043 0.044  C 70190
   2892.66930 13.681 13.671 13.672 13.763 13.913    0.040 0.029 0.030 0.034 0.038  A 70690
   2894.58404 13.402 13.570 13.732 13.824 13.819    0.031 0.031 0.029 0.032 0.034  A 71055
   2897.72079 14.055 14.073 14.252 14.438 14.758    0.030 0.026 0.026 0.029 0.032  A 71707
   2902.48669 14.253 14.196 14.174 14.174 14.158    0.021 0.024 0.019 0.022 0.024  A 72445
   2908.50057 13.613 13.730 13.819 13.944 14.057    0.035 0.031 0.023 0.023 0.024  A 73371
   2910.51312 13.650 13.572 13.519 13.495 13.534    0.029 0.025 0.020 0.021 0.024  A 73672
   2912.52947 13.681 13.698 13.767 13.890 13.839    0.029 0.024 0.021 0.023 0.025  A 74057
   2916.60097 13.513 13.590 13.586 13.509 13.568    0.032 0.026 0.024 0.028 0.030  A 74563
   2918.62776 14.149 14.175 14.351 14.724 14.402    0.028 0.026 0.026 0.031 0.036  A 74888
   2927.58671 13.773 13.861 13.900 14.016 14.170    0.028 0.024 0.022 0.026 0.030  A 75981
   2929.58783 13.749 13.837 13.923 13.889 13.951    0.031 0.028 0.024 0.026 0.028  A 76338
   2931.59489 14.013 14.003 13.956 13.956 13.979    0.029 0.023 0.022 0.026 0.028  A 76703
   2935.58315 13.790 13.768 13.802 13.823 13.785    0.031 0.028 0.029 0.035 0.040  A 77411
   2937.58331 14.162 14.246 14.355 14.427 14.416    0.029 0.025 0.025 0.028 0.032  A 77683
   2940.55900 13.650 13.640 13.681 13.734 13.704    0.028 0.027 0.025 0.027 0.030  A 77970
   2949.56909 14.141 14.105 14.188 14.350 14.256    0.030 0.028 0.029 0.035 0.039  A 79258
   2954.53037 13.753 13.620 13.598 13.558 13.560    0.027 0.026 0.025 0.029 0.033  A 79909
   2958.55334 13.923 13.789 13.800 13.859 13.951    0.024 0.026 0.023 0.027 0.029  A 80491
   2961.51291 13.521 13.578 13.694 13.867 13.865    0.026 0.026 0.025 0.030 0.034  A 80875
   2963.54569 13.638 13.752 13.803 13.894 14.013    0.031 0.028 0.027 0.031 0.035  A 81166
   2966.52280 13.714 13.685 13.776 13.983 14.225    0.026 0.026 0.025 0.027 0.031  A 81586
   2969.52062 13.859 13.838 13.667 13.382 12.882    0.032 0.029 0.029 0.033 0.036  A 82006
   3060.89197 13.719 13.788 13.809 13.804 13.810    0.028 0.027 0.027 0.032 0.036  A 92303
   3064.88958 13.410 13.512 13.596 13.676 13.741    0.031 0.029 0.030 0.036 0.041  A 92840
   3068.88640 13.966 14.030 14.019 13.963 14.003    0.029 0.028 0.028 0.033 0.038  A 93283
   3072.87831 29.999 29.999 29.999 29.999 29.999    0.048 0.046 0.049 0.054 0.058  C 93818
   3076.87070 13.668 13.646 13.549 13.477 13.411    0.027 0.025 0.025 0.030 0.033  A 94349
   3082.90773 29.999 29.999 29.999 29.999 29.999    0.027 0.027 0.027 0.033 0.037  C 95249
   3087.84578 13.630 13.541 13.451 13.323 13.270    0.031 0.030 0.030 0.036 0.040  A 95681
   3097.81847 29.999 29.999 29.999 29.999 29.999    0.032 0.030 0.034 0.041 0.046  C 96875
   3103.87028 29.999 29.999 29.999 29.999 29.999    0.030 0.029 0.031 0.037 0.043  C 97826
   3106.87550 13.604 13.770 13.806 13.858 13.866    0.031 0.031 0.034 0.041 0.048  A 98306
   3109.88668 29.999 29.999 29.999 29.999 29.999    0.051 0.055 0.063 0.068 0.072  D 98775
   3112.85318 13.713 13.821 13.843 13.889 14.011    0.027 0.026 0.027 0.032 0.036  A 99233
   3115.84348 29.999 29.999 29.999 29.999 29.999    0.029 0.026 0.026 0.031 0.035  C 99728
   3122.88423 13.631 13.634 13.641 13.726 13.863    0.025 0.025 0.026 0.030 0.035  A 100298
   3125.77235 13.738 13.618 13.568 13.545 13.577    0.028 0.027 0.029 0.035 0.041  A 100762
   3127.79817 13.454 13.580 13.900 14.208 14.158    0.038 0.042 0.048 0.058 0.068  B 101082
   3130.79170 13.716 13.962 14.088 14.136 14.034    0.030 0.032 0.034 0.039 0.045  A 101539
   3132.83905 29.999 29.999 29.999 29.999 29.999    0.030 0.032 0.032 0.038 0.043  C 101886
   3142.77748 13.583 13.564 13.549 13.517 13.621    0.042 0.045 0.048 0.051 0.053  B 103152
   3146.72893 13.588 13.513 13.507 13.536 13.541    0.022 0.022 0.021 0.023 0.027  A 103549
   3153.81221 13.763 13.785 13.844 13.863 13.863    0.029 0.029 0.028 0.030 0.033  A 103822
   3156.74950 13.567 13.519 13.504 13.463 13.409    0.024 0.023 0.024 0.029 0.032  A 104203
   3158.80510 13.327 13.378 13.320 13.340 13.451    0.027 0.029 0.031 0.036 0.042  A 104461
   3162.73863 13.677 13.711 13.734 13.625 13.466    0.027 0.026 0.026 0.030 0.034  A 104880
   3164.77592 13.861 13.774 13.654 13.552 13.474    0.030 0.027 0.026 0.030 0.033  A 105244
   3169.78454 13.610 13.601 13.521 13.474 13.503    0.024 0.025 0.025 0.028 0.032  A 105978
   3172.76781 13.584 13.657 13.885 14.396 15.147    0.031 0.032 0.031 0.037 0.043  A 106317
   3176.69645 13.755 13.718 13.816 13.957 14.077    0.024 0.024 0.023 0.027 0.030  A 106784
   3182.67202 13.648 13.638 13.591 13.600 13.548    0.024 0.023 0.023 0.026 0.030  A 107512
   3186.71097 13.790 13.786 13.709 13.699 13.722    0.030 0.032 0.034 0.040 0.047  A 108128
   3189.73546 13.344 13.557 13.491 13.535 13.384    0.035 0.035 0.036 0.041 0.047  A 108463
   3191.83739 13.443 13.456 13.556 13.664 13.576    0.033 0.033 0.036 0.043 0.049  A 108794
   3323.54496 13.643 13.574 13.473 13.424 13.501    0.068 0.038 0.038 0.043 0.047  B 120867
   3418.88478 13.620 13.732 99.999 99.999 99.999    0.035 0.035 0.038 0.043 0.048  C 130668
   3422.87950 13.725 13.735 13.797 13.910 14.295    0.039 0.035 0.037 0.046 0.053  A 131300
   3430.87015 13.545 13.530 13.474 13.491 13.651    0.030 0.027 0.027 0.031 0.036  A 132276
   3439.88624 29.999 29.999 29.999 29.999 29.999    0.056 0.057 0.064 0.076 0.086  D 133420
   3443.89282 14.045 14.054 14.081 14.096 14.234    0.051 0.034 0.028 0.031 0.035  A 133840
   3447.84941 13.657 13.693 13.757 13.802 13.624    0.054 0.036 0.033 0.037 0.040  A 134818
   3450.86562 29.999 29.999 29.999 29.999 29.999    0.063 0.041 0.038 0.044 0.051  C 135332
   3456.86075 29.999 29.999 29.999 29.999 29.999    0.048 0.035 0.034 0.042 0.049  C 136261
   3459.84894 13.468 13.545 13.582 13.670 13.808    0.030 0.025 0.026 0.031 0.036  A 136790
   3463.83896 13.653 13.650 13.675 13.713 13.645    0.056 0.035 0.032 0.038 0.044  A 137388
   3466.86852 29.999 29.999 29.999 29.999 29.999    0.038 0.034 0.032 0.037 0.043  C 137907
   3469.89718 13.698 13.721 13.663 13.655 13.714    0.045 0.031 0.028 0.032 0.036  A 138336
   3476.90196 13.923 13.823 13.900 13.990 13.823    0.067 0.041 0.040 0.046 0.052  B 139462
   3482.83175 13.838 13.874 13.912 13.936 14.039    0.037 0.033 0.033 0.040 0.046  A 140388
   3487.85218 13.390 13.320 13.284 13.244 13.267    0.039 0.034 0.032 0.037 0.043  A 140844
   3492.88292 13.726 13.683 13.635 13.660 13.877    0.088 0.055 0.049 0.054 0.061  D 141558
   3496.85111 29.999 29.999 29.999 29.999 29.999    0.036 0.036 0.032 0.035 0.039  C 141828
   3500.81345 13.690 13.740 13.910 14.189 14.009    0.048 0.038 0.041 0.045 0.051  A 142330
   3503.78597 13.881 13.999 14.135 14.326 14.404    0.030 0.027 0.025 0.027 0.031  A 142857
   3506.83643 29.999 29.999 29.999 29.999 29.999    0.030 0.030 0.026 0.029 0.034  C 143210
   3509.82818 13.583 13.623 13.721 13.760 13.830    0.032 0.030 0.024 0.027 0.030  A 143482
   3512.70649 14.215 14.400 14.571 14.849 15.903    0.034 0.030 0.028 0.033 0.038  A 143884
   3522.78460 13.938 13.925 14.003 14.053 14.222    0.038 0.035 0.036 0.040 0.044  A 145070
   3538.74755 29.999 29.999 29.999 29.999 29.999    0.033 0.028 0.025 0.027 0.032  C 146880
   3550.75788 29.999 29.999 29.999 29.999 29.999    0.033 0.031 0.031 0.036 0.042  C 148251
   3553.69398 14.130 14.192 14.238 14.265 14.159    0.030 0.028 0.025 0.028 0.031  A 148606
   3559.65942 13.667 13.767 13.879 14.058 14.247    0.037 0.029 0.026 0.030 0.034  A 149414
   3561.68775 13.575 13.632 13.648 13.623 13.587    0.032 0.024 0.023 0.027 0.031  A 149760
   3563.67899 13.663 13.690 13.757 13.790 13.761    0.032 0.026 0.024 0.028 0.031  A 150098
   3571.72049 13.624 13.688 13.682 13.625 13.653    0.029 0.029 0.029 0.034 0.041  A 150935
   3573.84578 13.727 13.796 13.922 14.050 14.254    0.042 0.039 0.034 0.039 0.045  A 151180
   3576.59863 13.679 13.628 13.610 13.586 13.599    0.031 0.027 0.025 0.027 0.031  A 151629
   3582.84881 13.699 13.652 13.682 13.761 13.848    0.045 0.035 0.033 0.039 0.045  A 152720
   3585.56841 13.656 13.735 13.729 13.697 13.759    0.056 0.033 0.029 0.032 0.035  A 153157
   3587.61600 13.645 13.721 13.762 13.822 13.859    0.027 0.026 0.022 0.026 0.029  A 153515
   3589.62963 13.918 13.949 13.986 13.955 13.969    0.032 0.024 0.022 0.025 0.029  A 153840
   3591.69309 13.694 13.623 13.565 13.539 13.595    0.047 0.028 0.026 0.030 0.033  A 154202
   3602.63432 13.850 13.910 13.860 13.690 13.715    0.033 0.030 0.032 0.038 0.043  A 155735
   3609.53210 13.527 13.599 13.715 13.731 13.882    0.042 0.041 0.044 0.051 0.059  A 156604
   3617.56452 13.485 13.407 13.423 13.471 13.563    0.033 0.033 0.030 0.035 0.039  A 157111
   3619.61979 14.156 14.129 14.110 14.103 14.109    0.045 0.031 0.029 0.033 0.037  A 157430
   3621.67940 13.782 13.802 13.885 14.018 14.026    0.074 0.046 0.041 0.044 0.049  B 157754
   3624.67881 13.668 13.622 13.494 13.385 13.401    0.031 0.032 0.026 0.029 0.033  A 158060
   3626.67672 13.705 13.638 13.672 13.694 13.690    0.033 0.032 0.030 0.035 0.041  A 158334
   3629.66886 13.750 13.807 13.774 13.684 13.645    0.046 0.037 0.036 0.043 0.049  A 158629
   3631.67757 13.654 13.668 13.701 13.796 13.815    0.046 0.037 0.036 0.041 0.049  A 158970
   3637.58084 13.898 13.982 14.043 14.114 14.108    0.030 0.028 0.024 0.028 0.032  A 159689
   3643.51396 29.999 29.999 29.999 29.999 29.999    0.042 0.042 0.044 0.051 0.060  C 160417
   3646.58747 13.635 13.724 13.752 13.828 13.914    0.037 0.033 0.029 0.032 0.036  A 160750
   3651.55773 13.668 13.659 13.631 13.649 13.659    0.035 0.027 0.026 0.030 0.035  A 161425
   3653.55991 13.469 13.492 13.511 13.566 13.556    0.040 0.035 0.038 0.046 0.056  A 161733
   3655.57367 29.999 29.999 29.999 29.999 29.999    0.040 0.026 0.027 0.032 0.036  C 161998
   3660.53998 13.726 13.642 13.694 13.812 13.850    0.038 0.032 0.034 0.041 0.048  A 162750
   3662.57266 13.567 13.486 13.481 13.550 13.542    0.037 0.036 0.042 0.050 0.058  A 163046
   3664.58846 13.751 13.906 13.961 14.086 14.347    0.067 0.038 0.034 0.038 0.041  B 163342
   3668.56085 13.618 13.608 13.605 13.574 13.558    0.027 0.025 0.022 0.025 0.028  A 163806
   3670.58566 13.911 13.829 13.836 13.922 13.997    0.029 0.027 0.024 0.027 0.030  A 164098
   3673.53939 13.969 14.030 14.141 14.355 14.533    0.031 0.026 0.024 0.028 0.032  A 164514
   3676.53241 13.576 13.581 13.575 13.525 13.581    0.044 0.030 0.025 0.029 0.032  A 164940
   3679.51407 29.999 29.999 29.999 29.999 29.999    0.044 0.038 0.042 0.048 0.056  C 165274
   3790.86873 14.143 14.163 14.266 14.480 14.485    0.073 0.045 0.041 0.046 0.051  B 179326
   3794.88337 13.841 13.835 13.946 14.107 14.447    0.048 0.039 0.037 0.043 0.051  A 179915
   3798.86902 13.782 13.777 13.732 13.675 13.571    0.042 0.041 0.044 0.050 0.055  A 180473
   3803.88833 13.499 13.435 13.436 13.419 13.254    0.048 0.038 0.040 0.051 0.061  B 181110
   3807.89109 13.775 13.883 13.989 14.072 14.174    0.040 0.030 0.029 0.035 0.042  A 181587
   3811.87266 29.999 29.999 29.999 29.999 29.999    0.049 0.039 0.038 0.045 0.052  C 182218
   3815.85415 29.999 29.999 29.999 29.999 29.999    0.041 0.033 0.035 0.041 0.045  C 182851
   3818.87429 29.999 29.999 29.999 29.999 29.999    0.050 0.037 0.034 0.040 0.045  C 183336
   3822.83979 13.545 13.575 13.568 13.572 13.581    0.035 0.030 0.030 0.036 0.043  A 183968
   3826.83652 14.091 14.060 14.012 13.997 13.847    0.065 0.040 0.039 0.046 0.052  B 184639
   3830.84400 13.651 13.602 13.474 13.457 13.492    0.046 0.035 0.036 0.043 0.050  A 185314
   3833.86893 13.445 13.475 13.424 13.315 13.288    0.036 0.037 0.038 0.046 0.055  A 185850
   3836.88036 13.899 13.961 14.004 13.977 13.961    0.052 0.038 0.039 0.046 0.056  A 186361
   3848.88556 13.753 13.967 14.118 14.108 13.924    0.058 0.048 0.053 0.064 0.074  D 186999
   3851.84043 13.626 13.653 13.766 13.828 13.744    0.065 0.036 0.031 0.035 0.040  B 187507
   3860.80641 14.017 14.027 14.129 14.255 14.694    0.041 0.034 0.030 0.035 0.041  A 188885
   3862.85260 13.606 13.609 13.642 13.702 13.718    0.032 0.027 0.025 0.029 0.034  A 189268
   3864.79547 13.643 13.698 13.749 13.899 14.092    0.041 0.031 0.031 0.036 0.042  A 189590
   3870.77644 13.849 14.096 14.174 14.331 14.599    0.035 0.033 0.034 0.040 0.046  A 190606
   3872.82469 14.092 14.034 14.025 13.969 14.006    0.036 0.029 0.028 0.034 0.040  A 190994
   3879.89941 29.999 29.999 29.999 29.999 29.999    0.051 0.042 0.046 0.054 0.062  C 191728
   3882.74884 13.710 13.611 13.649 13.661 13.743    0.063 0.038 0.032 0.034 0.037  B 192129
   3886.80057 29.999 29.999 29.999 29.999 29.999    0.033 0.028 0.027 0.031 0.034  C 192525
   3891.72147 13.552 13.504 13.521 13.551 13.610    0.028 0.027 0.024 0.027 0.031  A 193380
   3893.77747 13.497 13.509 13.506 13.484 13.463    0.028 0.028 0.025 0.030 0.034  A 193757
   3896.77699 29.999 29.999 29.999 29.999 29.999    0.038 0.037 0.035 0.041 0.047  C 194081
   3900.84421 13.844 13.810 13.720 13.658 13.637    0.029 0.028 0.032 0.039 0.047  A 194722
   3903.68980 13.486 13.612 13.662 13.789 13.894    0.032 0.028 0.027 0.030 0.035  A 195238
   3905.74811 13.870 13.918 14.033 14.232 14.354    0.038 0.028 0.025 0.028 0.032  A 195636
   3907.76314 13.815 13.797 13.789 13.829 13.852    0.036 0.029 0.026 0.029 0.032  A 196028
   3909.87171 13.748 13.740 13.647 13.537 13.373    0.039 0.028 0.030 0.036 0.041  A 196453
   3913.82364 13.856 13.871 13.956 14.172 14.335    0.042 0.033 0.034 0.038 0.041  A 196999
   4153.89647 29.999 29.999 29.999 29.999 29.999    0.060 0.042 0.039 0.044 0.049  C 215367
   4161.88519 13.585 13.604 13.592 13.496 13.466    0.070 0.041 0.036 0.040 0.046  B 216550
   4165.87817 29.999 29.999 29.999 29.999 29.999    0.059 0.050 0.054 0.065 0.076  D 217122
   4174.87399 13.294 13.239 13.146 13.055 12.988    0.048 0.043 0.046 0.051 0.054  B 218308
   4178.85854 29.999 29.999 29.999 29.999 29.999    0.066 0.055 0.059 0.072 0.083  D 218765
   4181.88431 29.999 29.999 29.999 29.999 29.999    0.046 0.047 0.052 0.063 0.076  D 219196
   4185.85592 29.999 29.999 29.999 29.999 29.999    0.046 0.042 0.043 0.051 0.059  C 219765
   4189.84947 29.999 29.999 29.999 29.999 29.999    0.037 0.033 0.028 0.032 0.035  C 220156
   4192.82998 13.736 13.627 13.617 13.610 13.568    0.047 0.037 0.034 0.040 0.045  A 220628
   4196.85659 29.999 29.999 29.999 29.999 29.999    0.051 0.048 0.053 0.065 0.078  D 221121
   4202.90235 13.783 13.779 13.839 13.929 13.921    0.041 0.036 0.032 0.035 0.040  A 221721
   4213.89534 13.636 13.649 13.773 13.928 13.993    0.040 0.038 0.038 0.045 0.053  A 222674
   4227.82298 13.322 13.417 13.496 13.558 13.650    0.038 0.035 0.031 0.035 0.039  A 223222
   4229.85467 14.212 14.184 14.335 14.685 14.641    0.039 0.037 0.034 0.038 0.044  A 223589
   4231.85821 29.999 29.999 29.999 29.999 29.999    0.040 0.041 0.041 0.045 0.051  C 223948
   4234.78823 13.522 13.640 13.790 14.004 14.361    0.040 0.035 0.034 0.038 0.043  A 224451
   4245.79057 29.999 29.999 29.999 29.999 29.999    0.048 0.052 0.058 0.070 0.085  D 226091
   4247.75927 13.589 13.648 13.688 13.836 14.017    0.035 0.035 0.032 0.038 0.045  A 226446
   4251.81822 29.999 29.999 29.999 29.999 29.999    0.047 0.047 0.047 0.055 0.063  C 226762
   4254.69043 13.694 13.673 13.768 13.865 13.880    0.035 0.033 0.031 0.037 0.042  A 227030
   4256.85840 13.719 13.733 99.999 99.999 99.999    0.036 0.035 0.036 0.041 0.046  C 227327
   4259.71907 29.999 29.999 29.999 29.999 29.999    0.055 0.058 0.064 0.077 0.094  D 227705
   4269.78765 29.999 29.999 29.999 29.999 29.999    0.071 0.075 0.082 0.100 0.122  D 228206
   4273.70082 13.640 13.704 13.675 13.713 13.701    0.036 0.036 0.031 0.034 0.037  A 228518
   4278.69666 29.999 29.999 29.999 29.999 29.999    0.030 0.029 0.028 0.031 0.036  C 229172
   4281.89541 29.999 29.999 29.999 29.999 29.999    0.068 0.072 0.085 0.103 0.124  D 229404
   4283.78390 29.999 29.999 29.999 29.999 29.999    0.034 0.037 0.041 0.051 0.061  C 229686
   4285.76198 13.743 13.896 14.231 14.723 14.964    0.036 0.036 0.036 0.043 0.049  A 230023
   4289.75430 13.521 13.522 13.644 13.812 13.941    0.033 0.030 0.028 0.032 0.037  A 230377
   4291.75477 29.999 29.999 29.999 29.999 29.999    0.032 0.031 0.026 0.029 0.032  C 230727
   4293.73252 13.727 13.802 13.850 13.876 13.923    0.030 0.030 0.024 0.028 0.031  A 231087
   4295.74164 13.775 13.725 13.688 13.657 13.675    0.035 0.030 0.026 0.029 0.032  A 231430
   4297.73307 13.952 13.969 13.889 13.889 13.897    0.037 0.039 0.041 0.048 0.055  A 231778
   4299.71211 29.999 29.999 29.999 29.999 29.999    0.033 0.029 0.027 0.031 0.035  C 232143
   4301.66359 13.674 13.617 13.617 13.675 13.641    0.043 0.034 0.032 0.037 0.043  A 232478
   4303.66890 29.999 29.999 29.999 29.999 29.999    0.038 0.037 0.032 0.035 0.037  C 232776
   4305.65823 29.999 29.999 29.999 29.999 29.999    0.031 0.030 0.026 0.029 0.032  C 233140
   4307.62954 29.999 29.999 29.999 29.999 29.999    0.030 0.031 0.028 0.032 0.037  C 233475
   4308.86176 29.999 29.999 29.999 29.999 29.999    0.059 0.048 0.049 0.059 0.068  C 233724
   4310.76769 29.999 29.999 29.999 29.999 29.999    0.038 0.034 0.031 0.036 0.042  C 233940
   4312.78174 13.807 13.823 13.923 14.062 14.178    0.037 0.034 0.034 0.041 0.048  A 234273
   4316.56954 13.966 13.936 13.963 13.972 13.861    0.035 0.037 0.036 0.040 0.044  A 234621
   4319.61429 29.999 29.999 29.999 29.999 29.999    0.035 0.033 0.029 0.032 0.035  C 234973
   4330.57629 13.848 13.766 13.762 13.890 13.936    0.042 0.042 0.043 0.047 0.050  A 235295
   4332.57555 13.968 14.061 14.045 14.219 14.350    0.032 0.029 0.026 0.030 0.033  A 235658
   4334.57971 13.633 13.605 13.647 13.705 13.800    0.032 0.031 0.026 0.029 0.033  A 236016
   4339.73052 13.427 13.466 13.500 13.478 13.452    0.046 0.039 0.035 0.039 0.044  A 236621
   4341.70530 13.608 13.569 13.705 13.888 14.036    0.041 0.037 0.034 0.037 0.043  A 236948
   4343.70336 29.999 29.999 29.999 29.999 29.999    0.060 0.044 0.044 0.051 0.058  C 237301
   4345.70502 13.850 13.821 13.890 14.076 14.324    0.031 0.031 0.029 0.033 0.037  A 237627
   4347.70341 13.628 13.697 13.716 13.675 13.689    0.043 0.036 0.032 0.034 0.037  A 237979
   4349.70230 14.145 14.107 14.153 14.158 14.178    0.043 0.033 0.032 0.037 0.042  A 238314
   4351.72631 29.999 29.999 29.999 29.999 29.999    0.049 0.045 0.048 0.059 0.070  C 238628
   4354.61077 13.852 13.799 13.812 13.798 13.795    0.036 0.030 0.026 0.029 0.032  A 238989
   4356.63707 13.752 13.667 13.635 13.612 13.563    0.043 0.033 0.028 0.032 0.035  A 239346
   4358.66501 13.569 13.579 13.605 13.688 13.686    0.035 0.033 0.029 0.030 0.034  A 239640
   4362.70065 13.702 13.607 13.519 13.460 13.444    0.029 0.027 0.025 0.028 0.032  A 240195
   4364.60919 29.999 29.999 29.999 29.999 29.999    0.034 0.032 0.027 0.031 0.035  C 240495
   4367.64016 29.999 29.999 29.999 29.999 29.999    0.041 0.038 0.038 0.046 0.053  C 240847
   4369.67157 29.999 29.999 29.999 29.999 29.999    0.041 0.042 0.040 0.048 0.057  C 241156
   4372.51447 13.642 13.609 13.556 13.441 13.389    0.052 0.040 0.039 0.046 0.054  A 241590
   4375.54625 29.999 29.999 29.999 29.999 29.999    0.039 0.029 0.026 0.029 0.033  C 241927
   4377.55267 14.037 14.033 14.142 14.313 14.354    0.050 0.036 0.032 0.034 0.038  A 242241
   4379.55487 13.655 13.795 13.828 13.885 13.918    0.044 0.032 0.028 0.032 0.035  A 242548
   4381.60635 14.079 14.018 13.955 13.871 13.957    0.038 0.036 0.035 0.041 0.047  A 242865
   4383.64745 13.984 14.002 14.011 13.971 13.955    0.051 0.039 0.035 0.037 0.040  A 243183
   4386.54804 13.404 13.464 13.492 13.526 13.499    0.032 0.030 0.025 0.029 0.032  A 243620
   4388.53181 13.559 13.508 99.999 99.999 99.999    0.032 0.030 0.026 0.029 0.032  C 243928
   4392.54030 13.736 13.717 13.721 13.785 13.922    0.033 0.034 0.034 0.040 0.047  A 244487
   4400.59589 29.999 29.999 29.999 29.999 29.999    0.045 0.041 0.048 0.060 0.070  C 244959
   4408.53418 13.820 13.821 13.834 13.866 13.922    0.042 0.034 0.033 0.038 0.043  A 245695
   4411.55705 14.037 14.069 14.077 14.040 14.183    0.038 0.034 0.034 0.038 0.040  A 246070
   4427.53806 29.999 29.999 29.999 29.999 29.999    0.041 0.041 0.048 0.059 0.068  C 247024
   4431.51325 29.999 29.999 29.999 29.999 29.999    0.045 0.043 0.043 0.053 0.063  C 247491
   4519.88823 29.999 29.999 29.999 29.999 29.999    0.054 0.041 0.042 0.050 0.057  C 257656
   4523.87994 13.779 13.839 13.887 13.981 14.153    0.035 0.033 0.030 0.033 0.038  A 258236
   4527.86821 13.411 13.332 13.343 13.339 13.293    0.039 0.034 0.030 0.033 0.037  A 258807
   4531.86260 29.999 29.999 29.999 29.999 29.999    0.047 0.043 0.041 0.046 0.051  C 259403
   4537.85945 13.634 13.573 13.634 13.740 13.930    0.041 0.034 0.029 0.032 0.035  A 260157
   4540.88631 29.999 29.999 29.999 29.999 29.999    0.042 0.038 0.037 0.044 0.051  C 260592
   4552.84702 13.735 13.740 13.852 13.957 14.120    0.046 0.036 0.033 0.038 0.043  A 262317
   4555.87007 13.233 13.143 13.139 13.184 13.338    0.039 0.036 0.034 0.039 0.044  A 262777
   4558.87412 14.111 14.233 14.388 14.495 14.389    0.034 0.030 0.028 0.031 0.035  A 263272
   4561.86429 13.491 13.547 13.539 13.625 13.728    0.047 0.035 0.030 0.034 0.039  A 263767
   4564.86041 13.996 13.980 14.053 14.159 14.395    0.032 0.031 0.028 0.032 0.037  A 264266
   4567.86216 13.535 13.515 13.492 13.557 13.720    0.038 0.034 0.031 0.034 0.039  A 264766
   4570.90037 13.755 13.842 13.764 13.790 13.842    0.037 0.031 0.028 0.031 0.035  A 265249
   4573.82807 13.482 13.507 13.628 13.758 13.764    0.036 0.034 0.033 0.039 0.046  A 265744
#ndata= 27
#dataset= 3 ; 1 F2000-64_056
#desig= 191158-6615.1
#cra=   19.199448  19:11:58.0
#cdec= -66.251726 -66:15:06.2
#class= 0
#cmag_0= 13.755
#cmer_0=  0.329
#nskip_0= 0
#cmag_1= 13.712
#cmer_1=  0.344
#nskip_1= 0
#cmag_2= 13.720
#cmer_2=  0.376
#nskip_2= 0
#cmag_3= 13.718
#cmer_3=  0.411
#nskip_3= 0
#cmag_4= 13.695
#cmer_4=  0.471
#nskip_4= 0
#ra=   19.199448  19:11:58.0
#dec= -66.251726 -66:15:06.2
#     HJD      MAG_0  MAG_1  MAG_2  MAG_3  MAG_4    MER_0 MER_1 MER_2 MER_3 MER_4 GRADE FRAME
   2452.66527 29.999 29.999 29.999 29.999 29.999    0.045 0.043 0.038 0.043 0.039  C 9474
   2459.68403 29.999 29.999 29.999 29.999 29.999    0.051 0.047 0.044 0.050 0.051  C 10147
   2468.66491 13.898 13.957 13.932 13.916 13.816    0.033 0.036 0.027 0.029 0.029  A 11726
   2490.55570 29.999 29.999 29.999 29.999 29.999    0.041 0.038 0.032 0.038 0.034  C 14029
   2690.89513 29.999 29.999 29.999 29.999 29.999    0.038 0.038 0.040 0.049 0.057  C 41204
   2727.88728 29.999 29.999 29.999 29.999 29.999    0.040 0.049 0.046 0.054 0.059  C 47762
   2744.86022 29.999 29.999 29.999 29.999 29.999    0.030 0.037 0.034 0.039 0.042  C 50816
   2751.78850 13.500 13.631 13.737 13.845 13.973    0.027 0.027 0.026 0.029 0.032  A 51891
   2886.69424 29.999 29.999 29.999 29.999 29.999    0.030 0.029 0.027 0.028 0.029  C 70261
   2894.61054 29.999 29.999 29.999 29.999 29.999    0.032 0.040 0.040 0.040 0.040  C 71066
   2947.59856 29.999 29.999 29.999 29.999 29.999    0.034 0.029 0.029 0.032 0.037  C 78992
   3134.83300 29.999 29.999 29.999 29.999 29.999    0.029 0.029 0.029 0.034 0.039  C 102209
   3827.86306 13.691 13.651 13.519 13.316 13.210    0.037 0.028 0.028 0.032 0.036  A 184817
   4159.89390 13.849 13.986 14.067 14.118 14.186    0.075 0.043 0.042 0.049 0.056  B 216233
   4167.88384 14.157 14.195 14.345 14.422 14.675    0.068 0.045 0.041 0.046 0.051  B 217399
   4174.89300 13.419 13.353 13.347 13.330 13.329    0.050 0.036 0.032 0.037 0.040  A 218315
   4182.86745 29.999 29.999 29.999 29.999 29.999    0.059 0.041 0.039 0.044 0.050  C 219338
   4191.85618 13.894 13.996 14.338 14.840 15.681    0.041 0.035 0.033 0.038 0.044  A 220482
   4203.86983 13.482 13.408 13.406 13.339 13.245    0.037 0.034 0.032 0.035 0.039  A 221860
   4526.89384 13.396 13.345 13.380 13.458 13.494    0.052 0.037 0.032 0.036 0.041  A 258665
   4531.88569 13.852 13.732 13.645 13.587 13.551    0.053 0.045 0.041 0.045 0.049  A 259411
   4538.89577 13.673 13.655 13.601 13.487 13.304    0.053 0.040 0.038 0.043 0.050  A 260315
   4546.86599 13.774 13.738 13.775 13.680 13.405    0.054 0.040 0.040 0.046 0.054  A 261515
   4554.85930 13.701 13.506 13.455 13.498 13.597    0.045 0.043 0.045 0.052 0.060  B 262615
   4557.88793 13.959 13.769 13.705 13.708 13.504    0.046 0.037 0.034 0.039 0.045  A 263110
   4561.85416 13.529 13.498 13.429 13.297 13.253    0.038 0.031 0.028 0.033 0.037  A 263764
   4564.88648 14.113 13.996 14.023 14.044 14.007    0.044 0.034 0.030 0.034 0.037  A 264274
