#ndata= 358
#dataset= 1 ; 1 F1912-08_324
#desig= 191123-0614.1
#cra=   19.189619  19:11:22.6
#cdec=  -6.234249 -6:14:03.3
#class= 0
#cmag_0= 13.211
#cmer_0=  0.606
#nskip_0= 5
#cmag_1= 13.171
#cmer_1=  0.587
#nskip_1= 6
#cmag_2= 13.104
#cmer_2=  0.583
#nskip_2= 6
#cmag_3= 13.025
#cmer_3=  0.557
#nskip_3= 2
#cmag_4= 12.983
#cmer_4=  0.554
#nskip_4= 2
#ra=   19.189619  19:11:22.6
#dec=  -6.234249 -6:14:03.3
#     HJD      MAG_0  MAG_1  MAG_2  MAG_3  MAG_4    MER_0 MER_1 MER_2 MER_3 MER_4 GRADE FRAME
   1965.90108 29.999 29.999 29.999 29.999 29.999    0.050 0.047 0.043 0.050 0.056  C 11293
   1967.90270 29.999 29.999 29.999 29.999 29.999    0.056 0.051 0.046 0.054 0.058  C 11637
   1978.90718 29.999 29.999 29.999 29.999 29.999    0.059 0.052 0.049 0.055 0.056  C 12152
   1980.88386 29.999 29.999 29.999 29.999 29.999    0.050 0.045 0.040 0.047 0.045  C 12480
   1982.87159 29.999 29.999 29.999 29.999 29.999    0.053 0.048 0.041 0.047 0.046  C 12851
   1984.85111 29.999 29.999 29.999 29.999 29.999    0.054 0.049 0.041 0.045 0.047  C 13057
   1994.86287 29.999 29.999 29.999 29.999 29.999    0.071 0.064 0.056 0.062 0.062  C 13544
   1996.86008 29.999 29.999 29.999 29.999 29.999    0.060 0.050 0.041 0.045 0.045  C 13936
   1998.85242 29.999 29.999 29.999 29.999 29.999    0.059 0.051 0.043 0.049 0.049  C 14340
   2000.85462 29.999 29.999 29.999 29.999 29.999    0.055 0.047 0.040 0.046 0.045  C 14742
   2008.84822 29.999 29.999 29.999 29.999 29.999    0.075 0.065 0.055 0.059 0.059  C 15262
   2011.81396 12.869 12.851 13.023 13.125 13.297    0.080 0.068 0.058 0.063 0.065  D 15653
   2016.82353 12.763 12.812 12.742 12.766 12.757    0.061 0.052 0.042 0.047 0.048  B 16041
   2025.80383 12.308 12.293 12.236 12.160 12.112    0.037 0.027 0.025 0.028 0.033  A 17264
   2027.82622 12.243 12.208 12.181 12.137 12.141    0.046 0.030 0.029 0.032 0.036  A 17710
   2030.83573 12.176 12.182 12.143 12.057 12.053    0.042 0.029 0.028 0.032 0.036  A 17888
   2031.83143 12.242 12.199 12.143 12.099 12.109    0.046 0.030 0.029 0.033 0.038  A 18098
   2032.81823 12.189 12.189 12.156 12.124 12.117    0.041 0.028 0.026 0.029 0.032  A 18314
   2033.82940 12.199 12.172 12.133 12.078 12.050    0.042 0.030 0.028 0.032 0.035  A 18530
   2037.79139 12.140 12.192 12.168 12.109 12.137    0.048 0.034 0.033 0.039 0.044  A 19031
   2052.76477 12.364 12.382 12.346 12.277 12.265    0.049 0.030 0.029 0.034 0.038  A 19872
   2053.77760 12.470 12.490 12.447 12.382 12.383    0.049 0.031 0.030 0.034 0.039  A 20084
   2055.76334 12.581 12.527 12.435 12.318 12.298    0.054 0.032 0.032 0.036 0.039  A 20523
   2056.75998 12.586 12.495 12.436 12.373 12.342    0.046 0.030 0.029 0.032 0.037  A 20749
   2057.75820 12.530 12.487 12.437 12.391 12.359    0.042 0.028 0.026 0.031 0.034  A 20976
   2058.75721 12.608 12.552 12.486 12.427 12.431    0.045 0.029 0.028 0.032 0.037  A 21205
   2061.78527 12.700 12.703 12.686 12.629 12.651    0.052 0.033 0.032 0.037 0.041  A 21430
   2065.72489 12.849 12.802 12.684 12.536 12.513    0.053 0.034 0.034 0.040 0.045  A 21736
   2080.66007 13.269 13.306 13.216 13.057 13.005    0.051 0.032 0.031 0.035 0.039  A 22906
   2081.70528 13.324 13.317 13.243 13.167 13.142    0.049 0.031 0.029 0.034 0.037  A 23152
   2082.71190 13.420 13.430 13.297 13.092 13.097    0.059 0.033 0.032 0.037 0.041  A 23379
   2083.70064 13.444 13.540 13.506 13.333 13.255    0.055 0.035 0.035 0.043 0.048  A 23618
   2085.69641 13.537 13.529 13.460 13.341 13.271    0.049 0.031 0.030 0.035 0.038  A 23842
   2087.69062 13.691 13.591 13.331 13.072 13.010    0.051 0.032 0.032 0.036 0.040  A 24285
   2093.61554 13.817 13.742 13.555 13.304 13.317    0.051 0.032 0.031 0.035 0.041  A 24700
   2102.64477 14.073 14.105 13.938 13.612 13.431    0.049 0.034 0.033 0.037 0.041  A 25666
   2103.66008 29.999 29.999 29.999 29.999 29.999    0.038 0.028 0.027 0.031 0.036  C 25819
   2104.66171 14.468 14.433 14.471 14.314 14.063    0.051 0.036 0.034 0.037 0.041  A 26019
   2105.65363 14.180 14.173 14.134 13.943 13.635    0.054 0.034 0.032 0.035 0.039  A 26237
   2106.65682 29.999 29.999 29.999 29.999 29.999    0.054 0.036 0.034 0.037 0.042  C 26444
   2114.78464 29.999 29.999 29.999 29.999 29.999    0.055 0.044 0.044 0.052 0.058  C 26724
   2115.63674 29.999 29.999 29.999 29.999 29.999    0.044 0.033 0.032 0.035 0.040  C 26865
   2116.62465 14.480 14.531 14.414 14.320 14.248    0.048 0.034 0.032 0.036 0.041  A 27080
   2117.62055 29.999 29.999 29.999 29.999 29.999    0.046 0.032 0.031 0.037 0.040  C 27298
   2128.57440 29.999 29.999 29.999 29.999 29.999    0.042 0.031 0.028 0.032 0.037  C 27910
   2129.60044 29.999 29.999 29.999 29.999 29.999    0.048 0.032 0.030 0.033 0.037  C 28138
   2131.59093 29.999 29.999 29.999 29.999 29.999    0.052 0.033 0.030 0.034 0.037  C 28547
   2133.58636 29.999 29.999 29.999 29.999 29.999    0.042 0.030 0.030 0.034 0.036  C 28973
   2134.58929 29.999 29.999 29.999 29.999 29.999    0.041 0.032 0.030 0.034 0.038  C 29192
   2140.57177 29.999 29.999 29.999 29.999 29.999    0.065 0.043 0.045 0.051 0.055  C 30156
   2442.71131 29.999 29.999 29.999 29.999 29.999    0.029 0.030 0.022 0.024 0.024  C 8517
   2443.71098 29.999 29.999 29.999 29.999 29.999    0.028 0.030 0.024 0.028 0.028  C 8703
   2444.70840 29.999 29.999 29.999 29.999 29.999    0.027 0.028 0.022 0.024 0.027  C 8907
   2445.69711 29.999 29.999 29.999 29.999 29.999    0.023 0.024 0.020 0.022 0.025  C 9119
   2446.71342 29.999 29.999 29.999 29.999 29.999    0.031 0.031 0.023 0.025 0.027  C 9289
   2454.71766 29.999 29.999 29.999 29.999 29.999    0.071 0.073 0.070 0.075 0.077  D 9885
   2464.66449 29.999 29.999 29.999 29.999 29.999    0.036 0.034 0.027 0.031 0.027  C 10849
   2465.66813 29.999 29.999 29.999 29.999 29.999    0.038 0.033 0.028 0.031 0.028  C 11071
   2466.65640 29.999 29.999 29.999 29.999 29.999    0.033 0.033 0.025 0.028 0.027  C 11284
   2467.66023 29.999 29.999 29.999 29.999 29.999    0.030 0.030 0.021 0.022 0.023  C 11505
   2468.65938 29.999 29.999 29.999 29.999 29.999    0.033 0.033 0.023 0.023 0.024  C 11723
   2470.61600 29.999 29.999 29.999 29.999 29.999    0.041 0.037 0.029 0.032 0.031  C 11984
   2473.62611 29.999 29.999 29.999 29.999 29.999    0.043 0.038 0.031 0.034 0.032  C 12677
   2481.61231 29.999 29.999 29.999 29.999 29.999    0.063 0.051 0.042 0.051 0.048  C 12985
   2486.61519 29.999 29.999 29.999 29.999 29.999    0.064 0.057 0.047 0.047 0.048  C 13311
   2491.60445 29.999 29.999 29.999 29.999 29.999    0.068 0.059 0.050 0.048 0.047  C 14223
   2493.59988 29.999 29.999 29.999 29.999 29.999    0.042 0.037 0.029 0.034 0.030  C 14456
   2499.58817 29.999 29.999 29.999 29.999 29.999    0.032 0.032 0.025 0.026 0.027  C 15625
   2501.58065 29.999 29.999 29.999 29.999 29.999    0.036 0.034 0.028 0.031 0.030  C 15983
   2508.54194 29.999 29.999 29.999 29.999 29.999    0.041 0.039 0.033 0.036 0.039  C 16751
   2511.61680 29.999 29.999 29.999 29.999 29.999    0.047 0.048 0.046 0.054 0.062  C 17083
   2519.67197 29.999 29.999 29.999 29.999 29.999    0.032 0.030 0.025 0.027 0.028  C 18016
   2520.66988 29.999 29.999 29.999 29.999 29.999    0.029 0.022 0.020 0.023 0.026  C 18214
   2526.64956 29.999 29.999 29.999 29.999 29.999    0.039 0.043 0.031 0.031 0.033  C 18847
   2540.54404 29.999 29.999 29.999 29.999 29.999    0.082 0.068 0.057 0.057 0.058  D 19672
   2544.54479 29.999 29.999 29.999 29.999 29.999    0.040 0.035 0.029 0.032 0.033  C 19943
   2545.58919 29.999 29.999 29.999 29.999 29.999    0.035 0.025 0.020 0.022 0.024  C 20151
   2561.50304 29.999 29.999 29.999 29.999 29.999    0.040 0.026 0.024 0.028 0.030  C 22498
   2562.55464 29.999 29.999 29.999 29.999 29.999    0.057 0.031 0.030 0.036 0.039  C 22700
   2565.53314 29.999 29.999 29.999 29.999 29.999    0.038 0.031 0.025 0.029 0.031  C 23227
   2566.54724 29.999 29.999 29.999 29.999 29.999    0.041 0.039 0.033 0.036 0.037  C 23412
   2699.90003 29.999 29.999 29.999 29.999 29.999    0.035 0.033 0.034 0.041 0.047  C 42816
   2703.90039 29.999 29.999 29.999 29.999 29.999    0.040 0.037 0.037 0.044 0.049  C 43583
   2707.89109 29.999 29.999 29.999 29.999 29.999    0.041 0.045 0.049 0.059 0.068  C 44317
   2710.88512 29.999 29.999 29.999 29.999 29.999    0.033 0.030 0.031 0.036 0.042  C 44857
   2713.90230 29.999 29.999 29.999 29.999 29.999    0.035 0.028 0.027 0.031 0.034  C 45433
   2719.88448 29.999 29.999 29.999 29.999 29.999    0.041 0.038 0.037 0.043 0.049  C 46203
   2726.85188 29.999 29.999 29.999 29.999 29.999    0.043 0.039 0.036 0.040 0.046  C 47557
   2728.91010 29.999 29.999 29.999 29.999 29.999    0.039 0.035 0.035 0.040 0.044  C 47974
   2731.88753 29.999 29.999 29.999 29.999 29.999    0.032 0.037 0.027 0.030 0.030  C 48434
   2734.86763 29.999 29.999 29.999 29.999 29.999    0.031 0.028 0.026 0.030 0.034  C 48922
   2736.88845 29.999 29.999 29.999 29.999 29.999    0.033 0.031 0.030 0.036 0.040  C 49322
   2739.83902 29.999 29.999 29.999 29.999 29.999    0.030 0.030 0.027 0.030 0.034  C 49845
   2743.88794 29.999 29.999 29.999 29.999 29.999    0.032 0.025 0.024 0.027 0.030  C 50651
   2747.88524 29.999 29.999 29.999 29.999 29.999    0.044 0.047 0.052 0.062 0.070  C 51108
   2755.80426 29.999 29.999 29.999 29.999 29.999    0.031 0.037 0.029 0.034 0.033  C 52532
   2757.82349 29.999 29.999 29.999 29.999 29.999    0.031 0.026 0.024 0.027 0.030  C 52955
   2760.79568 29.999 29.999 29.999 29.999 29.999    0.032 0.027 0.026 0.029 0.032  C 53492
   2764.82069 29.999 29.999 29.999 29.999 29.999    0.032 0.027 0.024 0.027 0.030  C 54325
   2769.82691 29.999 29.999 29.999 29.999 29.999    0.061 0.055 0.058 0.070 0.083  C 54731
   2775.85406 29.999 29.999 29.999 29.999 29.999    0.085 0.086 0.095 0.115 0.136  D 55174
   2782.83553 29.999 29.999 29.999 29.999 29.999    0.036 0.032 0.027 0.031 0.034  C 55798
   2784.77819 29.999 29.999 29.999 29.999 29.999    0.038 0.023 0.022 0.025 0.028  C 56193
   2786.76154 29.999 29.999 29.999 29.999 29.999    0.030 0.027 0.024 0.027 0.030  C 56619
   2790.78347 29.999 29.999 29.999 29.999 29.999    0.041 0.024 0.023 0.026 0.029  C 57388
   2802.82372 29.999 29.999 29.999 29.999 29.999    0.058 0.058 0.058 0.071 0.082  C 58791
   2804.70837 29.999 29.999 29.999 29.999 29.999    0.038 0.046 0.038 0.044 0.046  C 59074
   2808.76473 29.999 29.999 29.999 29.999 29.999    0.034 0.028 0.024 0.028 0.031  C 59357
   2810.69534 29.999 29.999 29.999 29.999 29.999    0.031 0.032 0.027 0.029 0.030  C 59756
   2812.68143 29.999 29.999 29.999 29.999 29.999    0.029 0.027 0.025 0.030 0.033  C 60200
   2814.85208 29.999 29.999 29.999 29.999 29.999    0.031 0.026 0.026 0.029 0.032  C 60741
   2818.90299 29.999 29.999 29.999 29.999 29.999    0.030 0.030 0.026 0.031 0.034  C 61181
   2821.68314 29.999 29.999 29.999 29.999 29.999    0.028 0.028 0.027 0.033 0.039  C 61753
   2830.66401 29.999 29.999 29.999 29.999 29.999    0.032 0.033 0.031 0.037 0.041  C 62520
   2834.80876 29.999 29.999 29.999 29.999 29.999    0.084 0.085 0.092 0.112 0.130  D 63407
   2836.63391 29.999 29.999 29.999 29.999 29.999    0.064 0.067 0.069 0.081 0.101  D 63678
   2838.83001 29.999 29.999 29.999 29.999 29.999    0.029 0.030 0.030 0.035 0.040  C 63975
   2840.75006 29.999 29.999 29.999 29.999 29.999    0.035 0.033 0.031 0.037 0.043  C 64379
   2843.66055 29.999 29.999 29.999 29.999 29.999    0.028 0.030 0.026 0.031 0.035  C 64917
   2851.65141 29.999 29.999 29.999 29.999 29.999    0.024 0.026 0.020 0.023 0.027  C 65445
   2853.77454 29.999 29.999 29.999 29.999 29.999    0.025 0.026 0.023 0.025 0.027  C 65717
   2855.66815 29.999 29.999 29.999 29.999 29.999    0.043 0.041 0.038 0.044 0.047  C 66072
   2866.62696 29.999 29.999 29.999 29.999 29.999    0.031 0.030 0.025 0.028 0.031  C 67553
   2872.59078 29.999 29.999 29.999 29.999 29.999    0.030 0.026 0.021 0.023 0.026  C 68141
   2875.62226 29.999 29.999 29.999 29.999 29.999    0.037 0.023 0.021 0.025 0.028  C 68544
   2877.61038 29.999 29.999 29.999 29.999 29.999    0.032 0.027 0.024 0.027 0.030  C 68937
   2879.61106 29.999 29.999 29.999 29.999 29.999    0.026 0.026 0.021 0.024 0.027  C 69243
   2882.64605 29.999 29.999 29.999 29.999 29.999    0.062 0.064 0.072 0.090 0.104  D 69510
   2884.59448 29.999 29.999 29.999 29.999 29.999    0.034 0.024 0.022 0.026 0.029  C 69800
   2885.61916 29.999 29.999 29.999 29.999 29.999    0.032 0.029 0.025 0.028 0.031  C 70017
   2892.53929 29.999 29.999 29.999 29.999 29.999    0.043 0.034 0.027 0.033 0.038  C 70635
   2893.64999 29.999 29.999 29.999 29.999 29.999    0.038 0.031 0.030 0.035 0.039  C 70884
   2895.62136 29.999 29.999 29.999 29.999 29.999    0.036 0.027 0.025 0.029 0.032  C 71264
   2897.63050 29.999 29.999 29.999 29.999 29.999    0.042 0.030 0.026 0.029 0.032  C 71668
   2899.61245 29.999 29.999 29.999 29.999 29.999    0.037 0.031 0.028 0.032 0.036  C 72024
   2901.61068 29.999 29.999 29.999 29.999 29.999    0.079 0.081 0.093 0.117 0.140  D 72408
   2904.64869 29.999 29.999 29.999 29.999 29.999    0.045 0.040 0.040 0.044 0.049  C 72862
   2906.64695 29.999 29.999 29.999 29.999 29.999    0.029 0.027 0.023 0.026 0.031  C 73184
   2909.64670 29.999 29.999 29.999 29.999 29.999    0.040 0.033 0.033 0.039 0.045  C 73598
   2911.59984 29.999 29.999 29.999 29.999 29.999    0.032 0.027 0.024 0.026 0.030  C 73899
   2917.49199 29.999 29.999 29.999 29.999 29.999    0.040 0.028 0.027 0.031 0.036  C 74704
   2921.49691 29.999 29.999 29.999 29.999 29.999    0.038 0.036 0.036 0.045 0.052  C 75030
   2923.51592 29.999 29.999 29.999 29.999 29.999    0.040 0.036 0.030 0.036 0.041  C 75405
   2926.52104 29.999 29.999 29.999 29.999 29.999    0.037 0.029 0.028 0.033 0.036  C 75768
   2928.52881 29.999 29.999 29.999 29.999 29.999    0.035 0.035 0.032 0.036 0.039  C 76145
   2930.53447 14.216 14.181 14.027 13.773 13.696    0.039 0.028 0.027 0.030 0.033  A 76499
   2932.53525 99.999 99.999 99.999 99.999 99.999    0.032 0.027 0.026 0.029 0.032  C 76856
   2934.53345 29.999 29.999 29.999 29.999 29.999    0.033 0.027 0.026 0.030 0.033  C 77205
   2944.50980 13.569 13.526 13.471 13.344 13.243    0.035 0.029 0.028 0.032 0.036  A 78474
   2946.54087 13.524 13.487 13.391 13.285 13.170    0.036 0.030 0.028 0.032 0.036  A 78800
   2950.51226 13.632 13.402 13.246 13.068 13.093    0.038 0.033 0.034 0.040 0.047  A 79398
   2953.51415 13.243 13.170 13.104 13.066 12.999    0.036 0.034 0.033 0.039 0.044  A 79785
   2956.50964 13.393 13.363 13.279 13.195 13.179    0.030 0.029 0.027 0.033 0.037  A 80186
   3072.89868 29.999 29.999 29.999 29.999 29.999    0.042 0.040 0.041 0.047 0.052  C 93826
   3076.90107 29.999 29.999 29.999 29.999 29.999    0.039 0.037 0.038 0.044 0.049  C 94360
   3081.88479 29.999 29.999 29.999 29.999 29.999    0.052 0.052 0.056 0.067 0.077  C 95091
   3088.88478 29.999 29.999 29.999 29.999 29.999    0.047 0.044 0.044 0.049 0.054  C 95851
   3092.88000 29.999 29.999 29.999 29.999 29.999    0.031 0.032 0.030 0.034 0.039  C 96467
   3097.89912 29.999 29.999 29.999 29.999 29.999    0.030 0.032 0.029 0.033 0.037  C 96900
   3101.88425 29.999 29.999 29.999 29.999 29.999    0.051 0.052 0.052 0.058 0.065  C 97514
   3109.86841 29.999 29.999 29.999 29.999 29.999    0.035 0.033 0.033 0.039 0.044  C 98769
   3112.87878 29.999 29.999 29.999 29.999 29.999    0.030 0.034 0.029 0.034 0.037  C 99243
   3115.86939 29.999 29.999 29.999 29.999 29.999    0.030 0.032 0.029 0.034 0.038  C 99738
   3122.89960 29.999 29.999 29.999 29.999 29.999    0.030 0.030 0.027 0.032 0.037  C 100304
   3125.81383 29.999 29.999 29.999 29.999 29.999    0.063 0.064 0.067 0.071 0.077  D 100777
   3127.88099 29.999 29.999 29.999 29.999 29.999    0.047 0.042 0.043 0.052 0.060  C 101112
   3130.83030 29.999 29.999 29.999 29.999 29.999    0.057 0.053 0.052 0.057 0.063  C 101553
   3142.80166 29.999 29.999 29.999 29.999 29.999    0.031 0.033 0.029 0.032 0.035  C 103161
   3146.77632 29.999 29.999 29.999 29.999 29.999    0.032 0.031 0.029 0.033 0.037  C 103565
   3152.90075 29.999 29.999 29.999 29.999 29.999    0.049 0.050 0.056 0.070 0.082  C 103686
   3154.77652 29.999 29.999 29.999 29.999 29.999    0.028 0.028 0.025 0.030 0.034  C 103989
   3157.89074 29.999 29.999 29.999 29.999 29.999    0.041 0.034 0.035 0.042 0.047  C 104311
   3159.78383 29.999 29.999 29.999 29.999 29.999    0.047 0.047 0.045 0.054 0.064  C 104614
   3162.82900 29.999 29.999 29.999 29.999 29.999    0.034 0.034 0.032 0.037 0.042  C 104911
   3164.89540 29.999 29.999 29.999 29.999 29.999    0.035 0.026 0.026 0.031 0.036  C 105286
   3170.77583 29.999 29.999 29.999 29.999 29.999    0.031 0.032 0.029 0.035 0.039  C 106055
   3173.72451 29.999 29.999 29.999 29.999 29.999    0.042 0.048 0.043 0.050 0.057  C 106425
   3176.79445 29.999 29.999 29.999 29.999 29.999    0.047 0.049 0.053 0.063 0.074  C 106818
   3179.70518 29.999 29.999 29.999 29.999 29.999    0.037 0.032 0.030 0.035 0.039  C 107233
   3182.71196 29.999 29.999 29.999 29.999 29.999    0.032 0.034 0.028 0.032 0.036  C 107526
   3184.71513 29.999 29.999 29.999 29.999 29.999    0.031 0.027 0.027 0.031 0.035  C 107857
   3186.76540 29.999 29.999 29.999 29.999 29.999    0.035 0.038 0.038 0.045 0.051  C 108135
   3190.72846 29.999 29.999 29.999 29.999 29.999    0.038 0.039 0.036 0.042 0.048  C 108634
   3266.63962 12.645 12.615 12.562 12.544 12.520    0.028 0.028 0.025 0.030 0.034  A 115186
   3268.54994 12.563 12.493 12.464 12.406 12.382    0.039 0.030 0.025 0.028 0.032  A 115464
   3272.53070 12.460 12.489 12.488 12.443 12.453    0.051 0.034 0.031 0.037 0.042  A 116041
   3274.65008 12.621 12.586 12.483 12.361 12.327    0.039 0.035 0.035 0.042 0.047  A 116333
   3277.59452 12.812 12.667 12.615 12.582 12.506    0.057 0.044 0.045 0.054 0.062  A 116692
   3279.62411 12.758 12.765 12.717 12.697 12.690    0.036 0.032 0.031 0.037 0.042  A 116965
   3293.53617 13.120 13.115 13.118 13.112 13.162    0.027 0.029 0.025 0.029 0.032  A 118282
   3299.50226 13.529 13.522 13.392 13.270 13.183    0.047 0.034 0.030 0.035 0.039  A 118900
   3431.89887 29.999 29.999 29.999 29.999 29.999    0.043 0.036 0.040 0.047 0.056  C 132456
   3444.89397 29.999 29.999 29.999 29.999 29.999    0.040 0.035 0.040 0.049 0.057  C 134021
   3449.89113 29.999 29.999 29.999 29.999 29.999    0.102 0.062 0.059 0.068 0.080  D 135160
   3455.88151 29.999 29.999 29.999 29.999 29.999    0.045 0.035 0.039 0.048 0.056  C 136095
   3459.86452 29.999 29.999 29.999 29.999 29.999    0.039 0.030 0.031 0.036 0.041  C 136796
   3464.86514 29.999 29.999 29.999 29.999 29.999    0.039 0.029 0.030 0.034 0.038  C 137574
   3468.86995 29.999 29.999 29.999 29.999 29.999    0.038 0.029 0.028 0.033 0.039  C 138179
   3472.90238 29.999 29.999 29.999 29.999 29.999    0.039 0.034 0.035 0.039 0.044  C 138792
   3476.87027 29.999 29.999 29.999 29.999 29.999    0.062 0.040 0.038 0.044 0.049  C 139451
   3479.88203 29.999 29.999 29.999 29.999 29.999    0.040 0.032 0.032 0.036 0.040  C 139934
   3482.86670 29.999 29.999 29.999 29.999 29.999    0.074 0.071 0.083 0.102 0.121  D 140400
   3487.87036 29.999 29.999 29.999 29.999 29.999    0.044 0.035 0.036 0.042 0.049  C 140850
   3490.89710 29.999 29.999 29.999 29.999 29.999    0.086 0.053 0.049 0.055 0.061  D 141225
   3495.87607 29.999 29.999 29.999 29.999 29.999    0.062 0.055 0.060 0.072 0.082  C 141716
   3499.82919 29.999 29.999 29.999 29.999 29.999    0.053 0.050 0.059 0.072 0.084  C 142177
   3509.84142 29.999 29.999 29.999 29.999 29.999    0.035 0.029 0.026 0.030 0.034  C 143486
   3512.76374 29.999 29.999 29.999 29.999 29.999    0.040 0.031 0.033 0.040 0.045  C 143902
   3521.85371 29.999 29.999 29.999 29.999 29.999    0.102 0.060 0.058 0.064 0.072  D 144909
   3524.75542 29.999 29.999 29.999 29.999 29.999    0.041 0.034 0.036 0.039 0.044  C 145379
   3526.80126 29.999 29.999 29.999 29.999 29.999    0.051 0.034 0.032 0.037 0.042  C 145734
   3538.76623 29.999 29.999 29.999 29.999 29.999    0.039 0.029 0.027 0.031 0.035  C 146886
   3546.71917 29.999 29.999 29.999 29.999 29.999    0.083 0.086 0.100 0.126 0.153  D 147895
   3550.73649 13.494 13.526 13.556 13.563 13.652    0.043 0.034 0.037 0.044 0.050  A 148243
   3555.75700 13.313 13.261 13.197 13.089 12.977    0.037 0.029 0.028 0.031 0.035  A 148964
   3559.67324 13.475 13.447 13.409 13.352 13.363    0.096 0.056 0.052 0.058 0.063  D 149418
   3561.70756 13.540 13.508 13.438 13.277 13.237    0.071 0.040 0.034 0.039 0.043  A 149766
   3563.71500 13.469 13.451 13.382 13.255 13.166    0.048 0.031 0.029 0.033 0.038  A 150110
   3569.67869 13.516 13.422 13.238 13.076 13.032    0.032 0.029 0.027 0.032 0.036  A 150586
   3573.67977 29.999 29.999 29.999 29.999 29.999    0.039 0.036 0.034 0.039 0.045  C 151127
   3575.69935 13.619 13.709 13.681 13.635 13.589    0.043 0.031 0.029 0.034 0.038  A 151494
   3577.72084 13.687 13.665 13.580 13.455 13.384    0.052 0.035 0.032 0.036 0.040  A 151832
   3582.79389 13.586 13.532 13.414 13.218 13.078    0.042 0.034 0.037 0.042 0.047  A 152700
   3584.79574 13.708 13.508 13.316 13.104 12.952    0.056 0.038 0.038 0.043 0.048  A 153058
   3586.72590 13.915 13.859 13.763 13.564 13.378    0.046 0.032 0.031 0.035 0.039  A 153385
   3591.57588 13.814 13.738 13.623 13.447 13.361    0.040 0.033 0.032 0.035 0.039  A 154168
   3594.56112 29.999 29.999 29.999 29.999 29.999    0.050 0.035 0.033 0.037 0.041  C 154672
   3600.60531 29.999 29.999 29.999 29.999 29.999    0.072 0.058 0.065 0.082 0.097  D 155388
   3602.59104 29.999 29.999 29.999 29.999 29.999    0.053 0.037 0.035 0.041 0.047  C 155719
   3604.60038 29.999 29.999 29.999 29.999 29.999    0.051 0.047 0.053 0.065 0.074  C 156029
   3609.54200 29.999 29.999 29.999 29.999 29.999    0.052 0.051 0.057 0.072 0.083  C 156607
   3616.55106 29.999 29.999 29.999 29.999 29.999    0.029 0.030 0.029 0.033 0.038  C 157029
   3618.66038 29.999 29.999 29.999 29.999 29.999    0.060 0.043 0.042 0.048 0.054  C 157291
   3620.64125 29.999 29.999 29.999 29.999 29.999    0.074 0.045 0.041 0.045 0.050  C 157591
   3628.52036 29.999 29.999 29.999 29.999 29.999    0.035 0.032 0.030 0.036 0.041  C 158413
   3630.58739 29.999 29.999 29.999 29.999 29.999    0.048 0.035 0.035 0.042 0.047  C 158771
   3634.62624 29.999 29.999 29.999 29.999 29.999    0.055 0.037 0.036 0.044 0.050  C 159369
   3637.63562 29.999 29.999 29.999 29.999 29.999    0.045 0.041 0.039 0.043 0.047  C 159708
   3641.59491 29.999 29.999 29.999 29.999 29.999    0.047 0.032 0.030 0.035 0.039  C 160162
   3643.63937 29.999 29.999 29.999 29.999 29.999    0.046 0.038 0.038 0.041 0.046  C 160455
   3647.56707 29.999 29.999 29.999 29.999 29.999    0.031 0.029 0.026 0.030 0.034  C 160880
   3650.50879 29.999 29.999 29.999 29.999 29.999    0.047 0.035 0.031 0.036 0.040  C 161268
   3655.49913 29.999 29.999 29.999 29.999 29.999    0.087 0.052 0.049 0.053 0.057  D 161974
   3657.57642 29.999 29.999 29.999 29.999 29.999    0.076 0.044 0.040 0.047 0.052  C 162299
   3660.52256 29.999 29.999 29.999 29.999 29.999    0.084 0.048 0.046 0.051 0.057  D 162743
   3662.54692 29.999 29.999 29.999 29.999 29.999    0.061 0.043 0.044 0.054 0.061  C 163038
   3664.56126 29.999 29.999 29.999 29.999 29.999    0.056 0.038 0.037 0.041 0.046  C 163333
   3668.53750 29.999 29.999 29.999 29.999 29.999    0.045 0.032 0.029 0.034 0.037  C 163798
   3671.52870 29.999 29.999 29.999 29.999 29.999    0.051 0.033 0.030 0.034 0.038  C 164226
   3674.53402 29.999 29.999 29.999 29.999 29.999    0.039 0.034 0.033 0.037 0.041  C 164657
   3677.52043 29.999 29.999 29.999 29.999 29.999    0.049 0.034 0.032 0.036 0.040  C 165086
   3796.90041 29.999 29.999 29.999 29.999 29.999    0.044 0.038 0.039 0.047 0.055  C 180207
   3806.89430 29.999 29.999 29.999 29.999 29.999    0.044 0.034 0.036 0.043 0.049  C 181556
   3810.89649 29.999 29.999 29.999 29.999 29.999    0.045 0.039 0.045 0.055 0.064  C 182061
   3814.88884 29.999 29.999 29.999 29.999 29.999    0.045 0.038 0.041 0.050 0.057  C 182702
   3820.88807 29.999 29.999 29.999 29.999 29.999    0.043 0.038 0.042 0.050 0.058  C 183662
   3824.87737 29.999 29.999 29.999 29.999 29.999    0.039 0.037 0.041 0.051 0.060  C 184314
   3828.86723 14.133 14.293 14.332 14.210 14.234    0.043 0.034 0.033 0.039 0.044  A 184990
   3832.85270 13.413 13.396 13.314 13.156 13.024    0.044 0.033 0.034 0.040 0.046  A 185672
   3836.85309 13.266 13.182 13.088 13.012 13.076    0.042 0.035 0.038 0.046 0.055  A 186352
   3847.92005 12.933 12.932 12.929 12.861 12.820    0.064 0.048 0.050 0.059 0.069  B 186832
   3850.85706 12.711 12.765 12.759 12.660 12.589    0.066 0.040 0.037 0.041 0.046  A 187329
   3853.84822 12.825 12.765 12.682 12.567 12.539    0.049 0.034 0.033 0.038 0.044  A 187860
   3856.84286 12.762 12.724 12.666 12.616 12.564    0.041 0.032 0.034 0.040 0.046  A 188303
   3859.82366 12.779 12.823 12.791 12.666 12.584    0.044 0.037 0.038 0.045 0.051  A 188730
   3862.82094 12.868 12.870 12.790 12.679 12.607    0.039 0.030 0.029 0.034 0.039  A 189257
   3864.81863 12.980 12.913 12.790 12.656 12.593    0.048 0.035 0.036 0.042 0.049  A 189598
   3866.83330 12.978 12.996 12.946 12.883 12.859    0.035 0.030 0.032 0.036 0.041  A 189948
   3868.82881 13.049 12.993 12.923 12.829 12.751    0.042 0.035 0.039 0.045 0.053  A 190259
   3870.79302 13.224 13.207 13.225 13.216 13.125    0.042 0.033 0.036 0.045 0.051  A 190612
   3874.80894 13.179 13.178 13.153 13.073 13.089    0.037 0.028 0.029 0.034 0.038  A 191074
   3877.78802 13.277 13.263 13.165 13.081 13.065    0.036 0.028 0.028 0.033 0.037  A 191539
   3880.84433 13.422 13.346 13.287 13.282 13.300    0.037 0.032 0.032 0.038 0.044  A 191875
   3883.84124 13.607 13.396 13.244 13.075 13.039    0.069 0.041 0.037 0.042 0.046  A 192329
   3887.78310 13.754 13.693 13.638 13.607 13.611    0.053 0.034 0.032 0.038 0.043  A 192708
   3889.90170 13.568 13.553 13.490 13.383 13.314    0.042 0.034 0.032 0.037 0.042  A 193077
   3891.80038 13.659 13.584 13.408 13.211 13.199    0.039 0.029 0.029 0.034 0.039  A 193407
   3896.80128 29.999 29.999 29.999 29.999 29.999    0.043 0.038 0.038 0.046 0.052  C 194089
   3901.77328 13.678 13.682 13.605 13.366 13.236    0.067 0.041 0.039 0.045 0.051  A 194891
   3903.77508 13.904 13.875 13.757 13.469 13.291    0.071 0.041 0.038 0.043 0.048  A 195268
   3905.80537 14.238 14.318 14.081 13.778 13.716    0.075 0.046 0.041 0.046 0.050  B 195655
   3907.79306 14.221 14.141 14.092 13.994 13.800    0.057 0.036 0.032 0.036 0.041  A 196038
   3913.88260 14.680 14.760 14.973 15.105 15.015    0.060 0.040 0.037 0.041 0.045  A 197018
   3983.54946 29.999 29.999 29.999 29.999 29.999    0.083 0.054 0.055 0.066 0.075  C 203588
   4162.89921 12.923 12.926 12.883 12.765 12.649    0.066 0.044 0.050 0.062 0.073  B 216715
   4167.89628 12.987 13.005 13.011 12.973 12.968    0.058 0.040 0.041 0.049 0.057  A 217403
   4175.89506 13.172 13.188 13.174 13.184 13.255    0.043 0.039 0.041 0.049 0.057  A 218466
   4179.90035 29.999 29.999 29.999 29.999 29.999    0.059 0.047 0.049 0.059 0.067  C 218928
   4183.88497 29.999 29.999 29.999 29.999 29.999    0.054 0.041 0.043 0.052 0.059  C 219488
   4189.89495 99.999 99.999 99.999 99.999 99.999    0.042 0.038 0.035 0.039 0.044  C 220171
   4192.89277 29.999 29.999 29.999 29.999 29.999    0.045 0.037 0.035 0.042 0.047  C 220650
   4196.90840 29.999 29.999 29.999 29.999 29.999    0.050 0.049 0.054 0.066 0.078  C 221139
   4203.89685 29.999 29.999 29.999 29.999 29.999    0.046 0.035 0.035 0.040 0.046  C 221869
   4207.91328 14.095 14.167 14.259 14.485 14.991    0.040 0.033 0.035 0.043 0.049  A 222321
   4212.92017 29.999 29.999 29.999 29.999 29.999    0.050 0.049 0.055 0.066 0.076  C 222513
   4216.86555 29.999 29.999 29.999 29.999 29.999    0.040 0.033 0.031 0.036 0.040  C 222947
   4229.87437 29.999 29.999 29.999 29.999 29.999    0.053 0.038 0.035 0.040 0.045  C 223596
   4231.87295 29.999 29.999 29.999 29.999 29.999    0.057 0.040 0.037 0.043 0.048  C 223953
   4234.80865 29.999 29.999 29.999 29.999 29.999    0.048 0.035 0.036 0.041 0.046  C 224458
   4246.76329 29.999 29.999 29.999 29.999 29.999    0.040 0.035 0.034 0.037 0.041  C 226260
   4250.78596 29.999 29.999 29.999 29.999 29.999    0.046 0.040 0.037 0.042 0.047  C 226700
   4256.80170 29.999 29.999 29.999 29.999 29.999    0.042 0.033 0.031 0.037 0.042  C 227308
   4266.77854 29.999 29.999 29.999 29.999 29.999    0.038 0.037 0.035 0.041 0.048  C 227778
   4269.71940 29.999 29.999 29.999 29.999 29.999    0.039 0.036 0.035 0.042 0.048  C 228181
   4272.76516 29.999 29.999 29.999 29.999 29.999    0.045 0.037 0.033 0.037 0.042  C 228422
   4274.76544 29.999 29.999 29.999 29.999 29.999    0.040 0.035 0.031 0.034 0.038  C 228733
   4277.70832 29.999 29.999 29.999 29.999 29.999    0.038 0.034 0.030 0.034 0.039  C 229027
   4283.72690 29.999 29.999 29.999 29.999 29.999    0.058 0.047 0.048 0.057 0.067  C 229667
   4285.71695 29.999 29.999 29.999 29.999 29.999    0.067 0.048 0.046 0.052 0.059  C 230008
   4289.71318 29.999 29.999 29.999 29.999 29.999    0.046 0.036 0.033 0.039 0.044  C 230362
   4291.71530 29.999 29.999 29.999 29.999 29.999    0.048 0.043 0.041 0.048 0.051  C 230713
   4293.70406 29.999 29.999 29.999 29.999 29.999    0.050 0.042 0.037 0.040 0.045  C 231076
   4295.71385 29.999 29.999 29.999 29.999 29.999    0.048 0.037 0.035 0.040 0.044  C 231419
   4297.70430 29.999 29.999 29.999 29.999 29.999    0.041 0.037 0.039 0.046 0.055  C 231767
   4299.68034 29.999 29.999 29.999 29.999 29.999    0.058 0.045 0.048 0.057 0.062  C 232132
   4301.67073 29.999 29.999 29.999 29.999 29.999    0.063 0.044 0.040 0.046 0.051  C 232480
   4303.67602 29.999 29.999 29.999 29.999 29.999    0.045 0.036 0.032 0.035 0.040  C 232778
   4305.66535 29.999 29.999 29.999 29.999 29.999    0.049 0.038 0.032 0.037 0.042  C 233142
   4307.64339 29.999 29.999 29.999 29.999 29.999    0.053 0.038 0.032 0.038 0.044  C 233479
   4311.65212 29.999 29.999 29.999 29.999 29.999    0.051 0.040 0.038 0.045 0.051  C 234064
   4316.72448 29.999 29.999 29.999 29.999 29.999    0.043 0.036 0.033 0.039 0.044  C 234674
   4319.69965 29.999 29.999 29.999 29.999 29.999    0.052 0.040 0.034 0.039 0.044  C 235004
   4329.60011 29.999 29.999 29.999 29.999 29.999    0.045 0.039 0.037 0.042 0.046  C 235123
   4331.59735 29.999 29.999 29.999 29.999 29.999    0.054 0.041 0.037 0.041 0.046  C 235481
   4333.56282 29.999 29.999 29.999 29.999 29.999    0.039 0.032 0.029 0.033 0.038  C 235830
   4334.74117 29.999 29.999 29.999 29.999 29.999    0.055 0.041 0.036 0.040 0.045  C 236069
   4338.64103 29.999 29.999 29.999 29.999 29.999    0.042 0.040 0.036 0.041 0.047  C 236432
   4340.69621 29.999 29.999 29.999 29.999 29.999    0.055 0.045 0.045 0.054 0.061  C 236789
   4342.68969 29.999 29.999 29.999 29.999 29.999    0.058 0.046 0.046 0.055 0.066  C 237117
   4344.69479 29.999 29.999 29.999 29.999 29.999    0.060 0.044 0.044 0.052 0.061  C 237460
   4346.69012 29.999 29.999 29.999 29.999 29.999    0.052 0.037 0.031 0.036 0.041  C 237799
   4348.69672 29.999 29.999 29.999 29.999 29.999    0.052 0.037 0.033 0.038 0.042  C 238154
   4351.51986 29.999 29.999 29.999 29.999 29.999    0.064 0.043 0.042 0.048 0.054  C 238557
   4353.63657 29.999 29.999 29.999 29.999 29.999    0.040 0.033 0.030 0.035 0.040  C 238856
   4356.52306 29.999 29.999 29.999 29.999 29.999    0.037 0.032 0.030 0.033 0.038  C 239306
   4358.52919 29.999 29.999 29.999 29.999 29.999    0.036 0.034 0.032 0.036 0.040  C 239592
   4360.51912 29.999 29.999 29.999 29.999 29.999    0.049 0.046 0.046 0.054 0.062  C 239910
   4367.49973 29.999 29.999 29.999 29.999 29.999    0.044 0.037 0.035 0.041 0.046  C 240805
   4369.55796 29.999 29.999 29.999 29.999 29.999    0.045 0.042 0.040 0.047 0.054  C 241115
   4371.57680 29.999 29.999 29.999 29.999 29.999    0.056 0.040 0.038 0.046 0.053  C 241450
   4373.58909 29.999 29.999 29.999 29.999 29.999    0.048 0.034 0.032 0.036 0.040  C 241748
   4376.57700 29.999 29.999 29.999 29.999 29.999    0.039 0.034 0.031 0.035 0.040  C 242100
   4378.59337 29.999 29.999 29.999 29.999 29.999    0.043 0.038 0.040 0.046 0.055  C 242406
   4380.61987 29.999 29.999 29.999 29.999 29.999    0.055 0.042 0.041 0.049 0.055  C 242714
   4383.56190 29.999 29.999 29.999 29.999 29.999    0.044 0.034 0.031 0.036 0.040  C 243154
   4385.60333 29.999 29.999 29.999 29.999 29.999    0.037 0.034 0.029 0.033 0.038  C 243480
   4388.49461 29.999 29.999 29.999 29.999 29.999    0.046 0.036 0.031 0.035 0.040  C 243914
   4393.50704 29.999 29.999 29.999 29.999 29.999    0.056 0.041 0.040 0.047 0.053  C 244607
   4400.51751 29.999 29.999 29.999 29.999 29.999    0.044 0.038 0.041 0.049 0.057  C 244942
   4407.51012 29.999 29.999 29.999 29.999 29.999    0.056 0.040 0.037 0.041 0.045  C 245535
   4411.50472 29.999 29.999 29.999 29.999 29.999    0.054 0.038 0.036 0.042 0.048  C 246053
   4539.89996 29.999 29.999 29.999 29.999 29.999    0.054 0.053 0.060 0.074 0.088  D 260459
   4547.88802 29.999 29.999 29.999 29.999 29.999    0.044 0.038 0.040 0.047 0.055  C 261690
   4558.86706 29.999 29.999 29.999 29.999 29.999    0.043 0.034 0.032 0.037 0.043  C 263270
   4562.86681 29.999 29.999 29.999 29.999 29.999    0.049 0.039 0.041 0.048 0.056  C 263935
   4566.86128 29.999 29.999 29.999 29.999 29.999    0.046 0.038 0.038 0.043 0.047  C 264601
   4570.85518 29.999 29.999 29.999 29.999 29.999    0.039 0.033 0.032 0.037 0.042  C 265236
   4573.86855 29.999 29.999 29.999 29.999 29.999    0.043 0.037 0.035 0.043 0.048  C 265757
