#ndata= 1
#dataset= 1 ; 1 F1836-32_189
#desig= 192945-2839.0
#cra=   19.495942  19:29:45.4
#cdec= -28.649862 -28:38:59.5
#class= 0
#cmag_0= 12.043
#cmer_0=  0.000
#nskip_0= 0
#cmag_1= 12.008
#cmer_1=  0.000
#nskip_1= 0
#cmag_2= 11.928
#cmer_2=  0.000
#nskip_2= 0
#cmag_3= 11.927
#cmer_3=  0.000
#nskip_3= 0
#cmag_4= 11.944
#cmer_4=  0.000
#nskip_4= 0
#ra=   19.495942  19:29:45.4
#dec= -28.649862 -28:38:59.5
#     HJD      MAG_1  MAG_0  MAG_2  MAG_3  MAG_4    MER_1 MER_0 MER_2 MER_3 MER_4 GRADE FRAME
   2500.55350 12.008 12.044 11.928 11.927 11.944    0.049 0.047 0.046 0.048 0.051  B 15822
#ndata= 235
#dataset= 2 ; 1 F1912-32_190
#desig= 192945-2839.0
#cra=   19.495942  19:29:45.4
#cdec= -28.649862 -28:38:59.5
#class= 0
#cmag_0= 11.833
#cmer_0=  0.133
#nskip_0= 0
#cmag_1= 11.848
#cmer_1=  0.137
#nskip_1= 0
#cmag_2= 11.864
#cmer_2=  0.139
#nskip_2= 0
#cmag_3= 11.885
#cmer_3=  0.146
#nskip_3= 0
#cmag_4= 11.908
#cmer_4=  0.152
#nskip_4= 0
#ra=   19.495942  19:29:45.4
#dec= -28.649862 -28:38:59.5
#     HJD      MAG_0  MAG_1  MAG_2  MAG_3  MAG_4    MER_0 MER_1 MER_2 MER_3 MER_4 GRADE FRAME
   1962.88472 11.866 11.962 12.061 12.213 12.207    0.048 0.044 0.038 0.042 0.047  A 10737
   1964.89290 11.919 11.919 11.970 12.027 12.043    0.041 0.038 0.031 0.034 0.035  A 11103
   1966.88644 11.803 11.800 11.877 11.916 12.015    0.041 0.038 0.032 0.036 0.037  A 11468
   1980.84885 29.999 29.999 29.999 29.999 29.999    0.053 0.047 0.040 0.047 0.046  C 12465
   1981.88696 11.524 11.614 11.620 11.662 11.690    0.049 0.044 0.038 0.044 0.042  A 12665
   1982.87642 11.472 11.595 11.620 11.626 11.617    0.053 0.047 0.040 0.045 0.044  A 12853
   1997.85886 29.999 29.999 29.999 29.999 29.999    0.059 0.051 0.045 0.051 0.050  C 14142
   1999.85629 29.999 29.999 29.999 29.999 29.999    0.082 0.067 0.055 0.060 0.060  D 14540
   2008.78376 12.015 11.968 11.992 11.981 11.986    0.076 0.064 0.055 0.062 0.063  D 15234
   2009.81536 11.787 11.794 11.769 11.821 11.832    0.078 0.064 0.054 0.060 0.061  D 15448
   2016.80321 29.999 29.999 29.999 29.999 29.999    0.064 0.055 0.045 0.052 0.050  C 16032
   2025.84309 11.787 11.802 11.834 11.887 11.883    0.032 0.025 0.024 0.028 0.031  A 17281
   2026.85166 11.725 11.738 11.741 11.746 11.769    0.056 0.031 0.030 0.035 0.038  A 17501
   2027.81524 11.832 11.780 11.789 11.808 11.835    0.045 0.028 0.028 0.032 0.037  A 17705
   2030.82237 11.671 11.708 11.714 11.701 11.687    0.043 0.029 0.028 0.032 0.036  A 17882
   2031.82047 11.792 11.737 11.764 11.775 11.822    0.055 0.030 0.030 0.035 0.038  A 18093
   2032.80252 11.709 11.709 11.730 11.776 11.806    0.041 0.027 0.026 0.029 0.032  A 18307
   2033.81842 11.732 11.791 11.795 11.791 11.828    0.036 0.026 0.025 0.029 0.033  A 18525
   2037.77358 11.681 11.648 11.669 11.705 11.727    0.063 0.038 0.037 0.041 0.045  A 19023
   2052.75825 11.627 11.670 11.671 11.662 11.674    0.063 0.036 0.034 0.038 0.042  A 19869
   2053.76660 11.678 11.691 11.691 11.710 11.745    0.055 0.030 0.029 0.034 0.037  A 20079
   2054.76143 11.760 11.733 11.742 11.745 11.762    0.071 0.038 0.035 0.040 0.045  B 20300
   2055.75009 11.678 11.730 11.739 11.775 11.822    0.073 0.040 0.037 0.043 0.045  B 20517
   2056.74903 11.707 11.725 11.739 11.728 11.744    0.067 0.036 0.033 0.038 0.041  A 20744
   2057.74718 11.736 11.729 11.727 11.725 11.737    0.055 0.032 0.029 0.034 0.037  A 20971
   2058.74619 11.684 11.722 11.755 11.802 11.863    0.063 0.033 0.030 0.035 0.038  A 21200
   2061.74163 11.785 11.796 11.795 11.817 11.859    0.060 0.034 0.032 0.037 0.041  A 21425
   2064.79209 11.848 11.851 11.895 11.921 11.895    0.051 0.040 0.045 0.056 0.065  B 21611
   2065.71157 11.871 11.868 11.896 11.927 11.969    0.047 0.033 0.033 0.040 0.045  A 21730
   2070.78755 11.928 11.917 11.898 11.906 11.926    0.053 0.040 0.044 0.053 0.060  A 22581
   2080.63756 11.808 11.825 11.860 11.885 11.914    0.066 0.035 0.033 0.037 0.039  A 22896
   2081.69415 11.777 11.836 11.858 11.880 11.868    0.062 0.034 0.032 0.035 0.039  A 23147
   2082.70085 11.782 11.790 11.804 11.806 11.832    0.050 0.030 0.027 0.031 0.035  A 23374
   2083.68954 11.851 11.904 11.964 12.085 12.040    0.072 0.058 0.066 0.082 0.096  D 23613
   2085.68977 11.701 11.733 11.743 11.755 11.760    0.059 0.032 0.030 0.034 0.038  A 23839
   2086.69565 11.757 11.780 11.792 11.802 11.799    0.053 0.029 0.028 0.033 0.037  A 24064
   2087.67955 11.676 11.688 11.720 11.730 11.764    0.061 0.033 0.030 0.034 0.038  A 24280
   2088.67615 11.712 11.745 11.779 11.798 11.802    0.062 0.034 0.032 0.036 0.039  A 24507
   2093.59487 11.733 11.726 11.756 11.739 11.745    0.052 0.032 0.030 0.035 0.038  A 24691
   2102.63359 11.683 11.726 11.750 11.770 11.781    0.048 0.033 0.032 0.037 0.040  A 25661
   2103.65115 11.648 11.644 11.687 11.711 11.750    0.051 0.031 0.030 0.035 0.038  A 25815
   2104.65053 11.767 11.729 11.771 11.796 11.855    0.040 0.028 0.026 0.031 0.034  A 26014
   2105.64246 11.723 11.699 11.713 11.731 11.756    0.044 0.031 0.027 0.031 0.034  A 26232
   2109.63837 11.705 11.732 11.754 11.761 11.760    0.034 0.028 0.025 0.029 0.033  A 26608
   2114.76658 11.755 11.813 11.836 11.821 11.790    0.037 0.029 0.026 0.030 0.033  A 26716
   2115.63004 11.743 11.761 11.779 11.814 11.844    0.039 0.031 0.027 0.030 0.034  A 26862
   2116.61336 11.745 11.760 11.812 11.865 11.911    0.045 0.033 0.030 0.034 0.036  A 27075
   2128.56304 11.892 11.911 11.918 11.910 11.911    0.051 0.033 0.030 0.033 0.037  A 27905
   2129.59813 11.977 11.971 11.971 11.954 11.931    0.048 0.033 0.030 0.034 0.037  A 28137
   2130.59597 11.886 11.940 11.966 12.007 12.050    0.046 0.032 0.030 0.034 0.037  A 28350
   2131.58406 12.024 12.035 12.064 12.092 12.129    0.046 0.030 0.029 0.032 0.036  A 28544
   2133.58404 11.966 12.006 12.048 12.086 12.125    0.038 0.028 0.025 0.030 0.034  A 28972
   2134.58696 12.038 12.106 12.110 12.103 12.074    0.039 0.030 0.027 0.031 0.034  A 29191
   2135.58321 12.052 12.129 12.146 12.173 12.223    0.039 0.030 0.028 0.034 0.038  A 29402
   2136.58719 12.011 12.062 12.102 12.136 12.189    0.042 0.031 0.028 0.031 0.034  A 29616
   2140.56708 12.092 12.105 12.126 12.158 12.191    0.051 0.035 0.032 0.039 0.042  A 30154
   2141.57424 12.151 12.148 12.145 12.163 12.174    0.042 0.030 0.027 0.031 0.035  A 30368
   2142.56628 12.127 12.236 12.272 12.291 12.307    0.044 0.028 0.028 0.033 0.036  A 30567
   2143.56676 12.085 12.108 12.132 12.156 12.159    0.044 0.033 0.030 0.034 0.038  A 30770
   2144.55775 12.064 12.067 12.084 12.124 12.147    0.046 0.031 0.029 0.033 0.037  A 30969
   2145.55548 12.127 12.125 12.157 12.178 12.188    0.042 0.035 0.030 0.033 0.036  A 31175
   2442.70023 11.873 11.823 11.857 11.891 11.892    0.039 0.038 0.034 0.039 0.042  A 8512
   2446.70229 11.932 11.987 12.027 12.055 12.067    0.032 0.031 0.026 0.030 0.031  A 9284
   2453.67845 11.847 12.003 12.009 12.047 12.040    0.072 0.067 0.063 0.070 0.075  D 9649
   2453.76219 11.972 11.984 12.020 12.033 12.038    0.033 0.033 0.026 0.029 0.032  A 9685
   2464.65331 12.047 12.058 12.071 12.118 12.157    0.036 0.035 0.027 0.030 0.029  A 10844
   2465.66141 12.009 12.026 12.042 12.088 12.144    0.036 0.035 0.027 0.030 0.029  A 11068
   2466.64519 12.115 12.092 12.107 12.111 12.110    0.033 0.032 0.025 0.027 0.027  A 11279
   2467.64903 12.014 12.061 12.102 12.142 12.189    0.028 0.029 0.024 0.028 0.028  A 11500
   2468.64819 12.023 12.004 12.038 12.072 12.061    0.027 0.030 0.023 0.025 0.025  A 11718
   2468.66181 12.072 12.075 12.078 12.106 12.113    0.035 0.034 0.027 0.029 0.030  A 11724
   2470.59768 11.986 12.055 12.097 12.128 12.096    0.038 0.035 0.029 0.031 0.030  A 11976
   2473.61484 11.919 11.992 12.038 12.078 12.102    0.040 0.038 0.032 0.035 0.032  A 12672
   2474.65716 11.917 11.994 12.037 12.075 12.076    0.036 0.036 0.030 0.031 0.031  A 12857
   2481.60106 11.993 12.057 12.066 12.084 12.076    0.053 0.049 0.043 0.048 0.046  A 12980
   2482.63546 11.974 12.050 12.092 12.140 12.171    0.050 0.048 0.041 0.046 0.043  A 13154
   2486.60611 11.988 11.990 12.019 12.034 12.072    0.056 0.049 0.041 0.042 0.042  A 13307
   2489.61854 11.884 11.855 11.902 11.943 11.945    0.044 0.043 0.039 0.043 0.047  A 13838
   2491.59761 11.993 12.009 11.990 11.976 11.967    0.061 0.053 0.044 0.044 0.045  A 14220
   2493.59301 11.960 11.983 11.990 11.988 11.998    0.043 0.038 0.031 0.033 0.032  A 14453
   2494.60285 11.925 11.903 12.036 12.140 12.211    0.054 0.053 0.047 0.053 0.055  A 14648
   2495.59556 12.018 12.017 12.047 12.043 12.085    0.047 0.041 0.032 0.035 0.034  A 14782
   2497.59284 12.046 12.036 12.077 12.095 12.069    0.037 0.035 0.028 0.032 0.032  A 15205
   2498.58989 11.991 12.025 12.050 12.086 12.150    0.030 0.031 0.024 0.026 0.027  A 15415
   2499.57902 11.964 12.009 12.037 12.061 12.092    0.037 0.035 0.030 0.034 0.035  A 15621
   2500.55350 11.984 11.990 11.976 11.971 12.007    0.034 0.035 0.029 0.032 0.034  A 15822
   2501.58732 11.985 11.951 11.964 12.004 12.010    0.033 0.034 0.027 0.028 0.028  A 15986
   2502.58959 12.038 12.016 12.054 12.098 12.100    0.058 0.051 0.043 0.045 0.047  A 16198
   2503.58976 29.999 29.999 29.999 29.999 29.999    0.073 0.063 0.054 0.054 0.056  D 16402
   2508.53285 12.124 12.133 12.161 12.179 12.231    0.036 0.036 0.031 0.034 0.037  A 16747
   2511.56874 12.088 12.145 12.175 12.242 12.248    0.033 0.032 0.027 0.031 0.034  A 17062
   2512.62645 12.018 12.010 12.049 12.127 12.172    0.040 0.041 0.035 0.041 0.042  A 17251
   2519.64044 12.071 12.112 12.121 12.134 12.169    0.027 0.028 0.021 0.024 0.025  A 18003
   2520.63575 12.111 12.101 12.109 12.127 12.132    0.028 0.024 0.021 0.023 0.026  A 18200
   2521.64274 12.122 12.098 12.106 12.108 12.103    0.029 0.024 0.020 0.021 0.023  A 18399
   2524.59983 99.999 99.999 99.999 99.999 99.999    0.040 0.038 0.032 0.034 0.035  C 18635
   2526.63774 12.067 12.076 12.078 12.057 12.079    0.033 0.025 0.022 0.024 0.027  A 18842
   2529.57195 12.055 12.114 12.175 12.249 12.261    0.086 0.067 0.056 0.060 0.058  D 19048
   2535.55151 11.955 11.918 11.932 11.921 11.911    0.039 0.028 0.025 0.028 0.032  A 19228
   2540.58533 11.996 11.969 11.948 11.993 12.056    0.076 0.063 0.054 0.058 0.056  D 19690
   2545.63045 11.837 11.806 11.832 11.853 11.881    0.029 0.022 0.021 0.023 0.026  A 20169
   2552.61594 11.878 11.799 11.810 11.798 11.842    0.074 0.069 0.066 0.074 0.077  D 21136
   2562.49650 11.835 11.892 11.904 11.908 11.933    0.034 0.028 0.027 0.030 0.033  A 22675
   2563.55946 11.871 11.850 11.907 11.939 11.948    0.033 0.030 0.025 0.028 0.031  A 22881
   2564.57985 11.881 11.892 11.930 11.962 12.030    0.034 0.033 0.028 0.031 0.033  A 23069
   2568.51745 11.949 11.952 11.972 11.995 12.021    0.034 0.034 0.031 0.033 0.035  A 23554
   2738.85906 11.710 11.697 11.709 11.729 11.726    0.025 0.025 0.024 0.028 0.031  A 49688
   2740.87152 11.694 11.695 11.702 11.701 11.703    0.027 0.025 0.023 0.025 0.027  A 50045
   2758.84862 11.795 11.794 11.830 11.845 11.868    0.025 0.029 0.025 0.029 0.031  A 53106
   2764.80951 11.691 11.690 11.713 11.719 11.710    0.025 0.031 0.022 0.024 0.026  A 54320
   2768.87487 29.999 29.999 29.999 29.999 29.999    0.087 0.091 0.098 0.121 0.142  D 54668
   2782.88132 11.812 11.773 11.799 11.823 11.841    0.038 0.024 0.023 0.025 0.028  A 55810
   2786.74949 11.777 11.756 11.768 11.798 11.794    0.023 0.023 0.021 0.024 0.027  A 56614
   2790.77462 11.891 11.870 11.888 11.890 11.893    0.027 0.024 0.021 0.024 0.026  A 57384
   2791.81274 11.792 11.800 11.808 11.830 11.852    0.038 0.036 0.031 0.037 0.044  A 57617
   2802.88499 11.856 11.873 11.887 12.018 12.118    0.046 0.051 0.048 0.057 0.066  B 58817
   2808.76946 11.809 11.934 11.949 11.952 11.976    0.047 0.028 0.025 0.028 0.032  A 59359
   2810.67859 11.842 11.836 11.852 11.832 11.834    0.027 0.025 0.021 0.025 0.027  A 59749
   2812.67011 11.869 11.857 11.836 11.829 11.847    0.027 0.023 0.023 0.027 0.031  A 60195
   2814.83363 11.835 11.883 11.889 11.899 11.914    0.029 0.023 0.022 0.026 0.028  A 60734
   2818.92007 11.804 11.833 11.854 11.865 11.909    0.030 0.029 0.025 0.028 0.031  A 61188
   2821.66903 11.854 11.915 11.908 11.927 11.969    0.028 0.036 0.027 0.033 0.032  A 61747
   2830.76367 11.661 11.668 11.730 11.771 11.821    0.027 0.028 0.024 0.029 0.033  A 62557
   2835.69336 11.640 11.668 11.686 11.696 11.739    0.030 0.029 0.027 0.030 0.034  A 63558
   2838.68656 11.618 11.664 11.681 11.726 11.774    0.026 0.025 0.022 0.025 0.027  A 63919
   2840.74309 11.639 11.618 11.645 11.665 11.692    0.031 0.032 0.027 0.031 0.034  A 64376
   2841.84808 11.618 11.646 11.630 11.617 11.605    0.032 0.028 0.025 0.029 0.033  A 64614
   2851.66061 11.611 11.643 11.656 11.685 11.711    0.023 0.026 0.021 0.024 0.027  A 65449
   2853.78444 11.596 11.637 11.641 11.660 11.677    0.028 0.028 0.023 0.027 0.029  A 65721
   2862.61952 11.689 11.716 11.761 11.783 11.820    0.029 0.031 0.031 0.036 0.041  A 67166
   2866.62005 11.675 11.675 11.673 11.714 11.752    0.031 0.023 0.022 0.025 0.027  A 67550
   2867.70702 11.697 11.718 11.705 11.744 11.786    0.030 0.027 0.024 0.026 0.028  A 67791
   2872.59822 11.780 11.810 11.818 11.843 11.848    0.025 0.026 0.022 0.025 0.027  A 68144
   2875.62438 11.822 11.824 11.858 11.902 11.956    0.027 0.023 0.021 0.024 0.026  A 68545
   2877.61250 11.834 11.869 11.925 11.931 11.958    0.028 0.023 0.022 0.025 0.028  A 68938
   2879.61316 11.822 11.841 11.853 11.880 11.889    0.022 0.024 0.020 0.023 0.025  A 69244
   2884.60134 11.918 11.950 11.940 11.966 11.980    0.029 0.028 0.023 0.027 0.030  A 69803
   2892.59198 11.846 11.793 11.814 11.841 11.842    0.054 0.039 0.032 0.036 0.038  A 70657
   2893.69170 11.776 11.780 11.810 11.851 11.907    0.033 0.029 0.029 0.034 0.038  A 70902
   2895.65177 11.751 11.780 11.799 11.846 11.900    0.028 0.025 0.025 0.028 0.031  A 71277
   2897.66095 11.769 11.763 11.780 11.819 11.842    0.028 0.026 0.025 0.028 0.031  A 71681
   2899.64055 11.759 11.789 11.802 11.820 11.880    0.036 0.034 0.034 0.038 0.041  A 72036
   2904.67487 11.607 11.631 11.698 11.798 11.976    0.064 0.069 0.076 0.089 0.102  D 72873
   2909.66510 11.786 11.740 11.765 11.795 11.811    0.029 0.024 0.024 0.027 0.029  A 73606
   2911.62562 11.786 11.788 11.811 11.867 11.930    0.028 0.024 0.024 0.026 0.029  A 73910
   2917.49867 11.790 11.833 11.844 11.891 11.956    0.033 0.037 0.030 0.034 0.036  A 74707
   2921.51279 11.838 11.853 11.891 11.945 12.012    0.033 0.035 0.038 0.045 0.053  A 75036
   2926.52531 11.852 11.825 11.857 11.874 11.898    0.029 0.026 0.025 0.029 0.034  A 75770
   2928.53308 11.810 11.845 11.831 11.839 11.881    0.039 0.031 0.032 0.040 0.046  A 76147
   2930.53897 11.799 11.814 11.823 11.843 11.854    0.031 0.025 0.025 0.030 0.035  A 76501
   2932.53975 11.780 11.812 11.832 11.852 11.889    0.029 0.026 0.026 0.030 0.035  A 76858
   2934.53772 11.864 11.858 11.863 11.875 11.901    0.029 0.025 0.026 0.030 0.034  A 77207
   2936.53640 11.929 11.968 12.108 12.221 12.381    0.082 0.094 0.112 0.138 0.162  D 77560
   2939.54372 11.797 11.805 11.801 11.802 11.806    0.033 0.028 0.026 0.029 0.031  A 77777
   2944.51638 11.847 11.836 11.827 11.824 11.892    0.037 0.037 0.028 0.032 0.037  A 78477
   2946.54280 11.836 11.818 11.817 11.833 11.862    0.031 0.026 0.027 0.031 0.035  A 78801
   2949.54554 11.851 11.817 11.806 11.790 11.797    0.031 0.029 0.031 0.037 0.043  A 79249
   2954.52765 11.708 11.733 11.751 11.763 11.776    0.030 0.027 0.027 0.032 0.035  A 79908
   2957.51736 11.722 11.724 11.748 11.757 11.781    0.028 0.028 0.028 0.034 0.038  A 80330
   2959.52917 11.565 11.578 11.581 11.583 11.584    0.070 0.079 0.091 0.111 0.132  D 80626
   2964.51851 11.573 11.588 11.591 11.611 11.635    0.032 0.031 0.031 0.035 0.040  A 81298
   3069.89266 11.833 11.867 11.901 11.909 11.907    0.032 0.030 0.030 0.036 0.041  A 93429
   3074.88469 11.854 11.881 11.903 11.945 11.985    0.031 0.030 0.031 0.037 0.042  A 94078
   3082.87212 11.955 11.906 11.881 11.880 11.932    0.032 0.031 0.032 0.038 0.044  A 95236
   3087.87579 11.804 11.847 11.868 11.885 11.881    0.032 0.029 0.031 0.036 0.039  A 95692
   3091.86440 11.687 11.673 11.629 11.641 11.643    0.034 0.031 0.033 0.039 0.043  A 96299
   3097.85581 11.640 11.701 11.699 11.704 11.717    0.029 0.026 0.026 0.030 0.035  A 96886
   3101.84598 11.702 11.717 11.701 11.758 11.841    0.036 0.040 0.045 0.052 0.058  A 97501
   3104.87729 11.696 11.696 11.696 11.693 11.674    0.035 0.035 0.038 0.046 0.053  A 97992
   3109.83815 11.719 11.699 11.716 11.730 11.724    0.028 0.026 0.025 0.028 0.031  A 98759
   3115.85398 11.746 11.726 11.710 11.695 11.701    0.026 0.026 0.026 0.030 0.035  A 99732
   3122.90733 11.867 11.878 11.886 11.896 11.916    0.030 0.028 0.029 0.033 0.038  A 100306
   3125.79827 11.786 11.806 11.855 11.925 11.975    0.035 0.036 0.039 0.045 0.051  A 100771
   3127.82657 11.987 11.961 11.939 11.903 11.986    0.041 0.042 0.044 0.053 0.061  A 101092
   3130.80988 11.848 11.829 11.842 11.859 11.902    0.033 0.030 0.031 0.038 0.043  A 101545
   3142.78613 11.840 11.882 11.879 11.891 11.901    0.029 0.024 0.023 0.027 0.030  A 103155
   3146.74780 11.884 11.901 11.927 11.956 11.978    0.023 0.023 0.022 0.025 0.029  A 103556
   3153.81812 11.938 11.953 11.912 11.900 11.909    0.027 0.029 0.027 0.030 0.034  A 103824
   3156.76319 11.725 11.765 11.794 11.813 11.830    0.035 0.026 0.025 0.030 0.034  A 104208
   3158.81896 11.767 11.781 11.781 11.778 11.795    0.033 0.030 0.033 0.040 0.045  A 104466
   3162.84744 11.839 11.866 11.825 11.782 11.736    0.049 0.054 0.063 0.079 0.094  D 104918
   3165.72977 11.726 11.730 11.748 11.749 11.752    0.030 0.032 0.030 0.034 0.040  A 105397
   3168.77793 11.740 11.765 11.780 11.807 11.828    0.028 0.027 0.027 0.032 0.036  A 105797
   3170.86970 11.791 11.754 11.763 11.782 11.804    0.032 0.029 0.030 0.035 0.040  A 106087
   3173.71962 11.721 11.698 11.722 11.735 11.740    0.040 0.041 0.043 0.052 0.061  A 106423
   3176.78410 11.844 11.855 11.888 11.929 12.083    0.040 0.043 0.050 0.061 0.071  B 106814
   3179.69142 11.833 11.798 11.818 11.847 11.868    0.027 0.025 0.025 0.029 0.033  A 107228
   3182.70194 11.819 11.855 11.857 11.862 11.871    0.030 0.026 0.025 0.030 0.033  A 107523
   3266.55028 12.022 12.017 12.083 12.120 12.121    0.023 0.025 0.020 0.023 0.025  A 115152
   3272.51011 11.975 11.990 11.972 11.946 11.935    0.056 0.038 0.034 0.039 0.044  A 116035
   3274.62116 11.873 11.896 11.927 11.980 12.068    0.047 0.046 0.051 0.063 0.073  B 116326
   3277.58385 11.839 11.825 11.858 11.886 11.906    0.041 0.034 0.032 0.038 0.042  A 116689
   3430.89193 11.779 11.766 99.999 99.999 99.999    0.043 0.032 0.032 0.037 0.041  C 132285
   3448.88414 11.869 11.867 11.884 11.902 11.898    0.044 0.035 0.036 0.039 0.042  A 134988
   3472.86510 11.785 11.759 11.742 11.694 11.644    0.036 0.032 0.032 0.037 0.041  A 138780
   3555.75966 11.575 11.551 11.581 11.609 11.615    0.052 0.032 0.028 0.032 0.036  A 148965
   3563.68966 11.697 11.715 11.691 11.698 11.727    0.035 0.028 0.027 0.032 0.036  A 150101
   3575.68828 11.839 11.810 11.857 11.931 11.985    0.054 0.036 0.031 0.035 0.039  A 151490
   3582.81824 11.863 11.812 11.814 11.834 11.864    0.035 0.034 0.036 0.041 0.044  A 152709
   3584.82673 11.821 11.818 11.844 11.863 11.853    0.042 0.038 0.041 0.047 0.054  A 153068
   3589.62105 11.796 11.820 11.817 11.836 11.848    0.057 0.033 0.029 0.033 0.036  A 153837
   3591.68951 11.834 11.826 11.822 11.835 11.866    0.046 0.032 0.029 0.032 0.035  A 154200
   3594.55184 11.818 11.851 11.854 11.861 11.867    0.038 0.029 0.031 0.036 0.039  A 154669
   3600.61261 11.724 11.779 11.835 11.901 11.963    0.070 0.057 0.059 0.072 0.082  D 155390
   3602.59605 11.771 11.753 11.763 11.792 11.812    0.038 0.033 0.033 0.039 0.045  A 155721
   3604.60536 11.832 11.849 11.805 11.790 11.808    0.047 0.045 0.050 0.061 0.070  B 156031
   3609.53677 11.903 11.928 11.932 11.971 12.001    0.056 0.059 0.068 0.081 0.094  D 156605
   3616.65247 11.757 11.819 11.873 11.919 11.918    0.041 0.040 0.038 0.044 0.051  A 157062
   3619.55990 11.814 11.803 11.840 11.880 11.905    0.077 0.045 0.039 0.042 0.044  B 157409
   3621.61407 11.719 11.765 11.750 11.759 11.799    0.079 0.049 0.049 0.057 0.065  B 157731
   3628.53128 11.849 11.855 11.897 11.961 12.037    0.034 0.032 0.029 0.035 0.040  A 158417
   3630.59835 11.793 11.803 11.818 11.821 11.873    0.041 0.034 0.034 0.040 0.045  A 158775
   3632.60654 11.842 11.850 11.910 11.995 12.136    0.034 0.031 0.033 0.040 0.044  A 159087
   3634.64015 11.791 11.807 11.799 11.793 11.800    0.034 0.030 0.032 0.038 0.043  A 159374
   3641.60313 11.819 11.824 11.818 11.798 11.790    0.028 0.027 0.025 0.029 0.033  A 160165
   3649.57461 11.825 11.931 11.976 11.969 12.008    0.058 0.039 0.035 0.039 0.043  A 161158
   3655.50402 11.834 11.899 11.913 11.942 11.981    0.081 0.052 0.047 0.050 0.053  B 161976
   3657.58462 11.871 11.871 11.926 11.971 12.018    0.039 0.033 0.032 0.038 0.043  A 162302
   3660.52743 11.760 11.735 11.746 11.768 11.801    0.052 0.037 0.038 0.043 0.049  A 162745
   3662.55687 11.828 11.865 11.916 11.952 11.937    0.039 0.037 0.041 0.051 0.058  A 163041
   3664.56634 11.700 11.753 11.763 11.797 11.869    0.036 0.029 0.030 0.035 0.039  A 163335
   3668.54703 11.688 11.722 11.737 11.755 11.749    0.029 0.028 0.026 0.030 0.034  A 163801
   3673.53664 11.695 11.740 11.741 11.759 11.790    0.047 0.033 0.030 0.035 0.038  A 164513
   3676.52956 11.697 11.691 11.705 11.725 11.747    0.055 0.033 0.031 0.036 0.039  A 164939
   3874.84792 11.867 11.857 11.860 11.865 11.899    0.074 0.042 0.037 0.042 0.045  B 191088
   3913.88524 11.664 11.653 11.652 11.650 11.650    0.044 0.031 0.032 0.036 0.039  A 197019
   3983.55596 11.671 11.570 11.500 11.499 11.477    0.083 0.059 0.061 0.075 0.087  D 203590
#dataset= 2 ; 2 F1912-32_190
#desig= 192947-2838.9
#cra=   19.496407  19:29:47.1
#cdec= -28.647760 -28:38:51.9
#class= 0
#cmag_0= 12.230
#cmer_0=  0.000
#nskip_0= 0
#cmag_1= 12.190
#cmer_1=  0.000
#nskip_1= 0
#cmag_2= 12.168
#cmer_2=  0.000
#nskip_2= 0
#cmag_3= 12.152
#cmer_3=  0.000
#nskip_3= 0
#cmag_4= 12.200
#cmer_4=  0.000
#nskip_4= 0
#ra=   19.496407  19:29:47.1
#dec= -28.647760 -28:38:51.9
#     HJD      MAG_0  MAG_1  MAG_2  MAG_3  MAG_4    MER_0 MER_1 MER_2 MER_3 MER_4 GRADE FRAME
   1978.87544 29.999 29.999 29.999 29.999 29.999    0.054 0.049 0.043 0.048 0.048  C 12138
   2487.64345 12.231 12.190 12.169 12.152 12.201    0.073 0.058 0.047 0.052 0.053  B 13482
   2762.80771 29.999 29.999 29.999 29.999 29.999    0.072 0.073 0.079 0.088 0.099  D 53906
   2784.77170 29.999 29.999 29.999 29.999 29.999    0.029 0.037 0.031 0.037 0.037  C 56190
   3184.70600 29.999 29.999 29.999 29.999 29.999    0.029 0.026 0.027 0.031 0.035  C 107854
   3550.73919 29.999 29.999 29.999 29.999 29.999    0.057 0.038 0.035 0.041 0.046  C 148244
   3561.64906 29.999 29.999 29.999 29.999 29.999    0.048 0.031 0.029 0.033 0.036  C 149747
   3867.81304 29.999 29.999 29.999 29.999 29.999    0.040 0.033 0.034 0.041 0.046  C 190080
#ndata= 227
#dataset= 3 ; 1 F1948-32_191
#desig= 192946-2838.9
#cra=   19.495983  19:29:45.5
#cdec= -28.647898 -28:38:52.4
#class= 0
#cmag_0= 11.810
#cmer_0=  0.142
#nskip_0= 1
#cmag_1= 11.830
#cmer_1=  0.143
#nskip_1= 1
#cmag_2= 11.842
#cmer_2=  0.143
#nskip_2= 1
#cmag_3= 11.866
#cmer_3=  0.148
#nskip_3= 1
#cmag_4= 11.873
#cmer_4=  0.151
#nskip_4= 1
#ra=   19.495983  19:29:45.5
#dec= -28.647898 -28:38:52.4
#     HJD      MAG_0  MAG_1  MAG_2  MAG_3  MAG_4    MER_0 MER_1 MER_2 MER_3 MER_4 GRADE FRAME
   1963.89782 11.935 11.982 11.991 11.997 12.016    0.048 0.046 0.040 0.045 0.046  A 10923
   1966.88819 11.858 11.943 11.981 11.986 11.973    0.039 0.037 0.031 0.034 0.036  A 11469
   1978.89529 11.479 11.470 11.517 11.571 11.589    0.052 0.047 0.042 0.048 0.046  A 12147
   1980.87660 11.408 11.542 11.523 11.515 11.485    0.049 0.045 0.039 0.044 0.042  A 12477
   1982.86432 11.439 11.509 11.515 11.516 11.502    0.049 0.044 0.039 0.045 0.042  A 12848
   1984.85295 11.505 11.560 11.543 11.569 11.598    0.048 0.042 0.037 0.041 0.037  A 13058
   1994.86468 11.641 11.600 11.638 11.686 11.677    0.070 0.061 0.054 0.061 0.058  B 13545
   1996.85504 11.539 11.632 11.651 11.674 11.715    0.062 0.051 0.044 0.051 0.048  B 13934
   1998.84738 11.611 11.610 11.649 11.698 11.710    0.056 0.048 0.042 0.050 0.048  A 14338
   2000.84957 11.688 11.669 11.696 11.703 11.702    0.054 0.046 0.039 0.047 0.044  A 14740
   2009.84503 11.819 11.788 11.851 11.895 11.900    0.076 0.060 0.052 0.060 0.058  B 15461
   2011.80659 11.966 12.047 12.098 12.081 12.071    0.081 0.069 0.058 0.064 0.065  D 15650
   2017.86531 11.928 11.960 11.944 11.949 11.926    0.085 0.068 0.054 0.060 0.063  D 16093
   2026.77931 11.752 11.829 11.846 11.835 11.814    0.043 0.027 0.025 0.028 0.031  A 17470
   2027.83721 11.675 11.710 11.725 11.764 11.803    0.047 0.029 0.028 0.033 0.035  A 17715
   2030.86274 11.722 11.738 11.757 11.808 11.813    0.048 0.028 0.026 0.029 0.032  A 17900
   2031.84915 11.715 11.717 11.721 11.743 11.755    0.061 0.033 0.031 0.033 0.037  A 18106
   2032.90093 11.698 11.670 11.650 11.665 11.658    0.057 0.033 0.031 0.033 0.037  A 18350
   2033.84497 11.707 11.714 11.731 11.780 11.807    0.043 0.026 0.025 0.028 0.030  A 18537
   2037.79788 11.675 11.645 11.640 11.679 11.702    0.061 0.035 0.033 0.036 0.039  A 19034
   2052.77571 11.638 11.646 11.646 11.666 11.663    0.050 0.027 0.025 0.029 0.032  A 19877
   2053.79384 11.670 11.747 11.776 11.795 11.815    0.054 0.030 0.027 0.029 0.033  A 20090
   2054.79249 11.723 11.724 11.747 11.762 11.761    0.066 0.033 0.030 0.032 0.036  A 20314
   2055.77430 11.751 11.735 11.753 11.782 11.804    0.060 0.031 0.029 0.033 0.037  A 20528
   2056.77556 11.704 11.736 11.734 11.731 11.727    0.055 0.029 0.029 0.032 0.035  A 20756
   2057.77863 11.782 11.769 11.790 11.824 11.835    0.053 0.031 0.029 0.033 0.034  A 20984
   2058.76827 11.800 11.797 11.806 11.827 11.833    0.069 0.034 0.031 0.034 0.037  A 21210
   2061.80314 11.759 11.780 11.803 11.800 11.789    0.044 0.030 0.027 0.030 0.033  A 21438
   2064.81193 11.952 11.942 11.964 12.003 12.005    0.067 0.041 0.040 0.047 0.054  A 21620
   2065.75271 11.876 11.851 11.853 11.872 11.856    0.062 0.033 0.032 0.037 0.041  A 21748
   2080.66450 11.826 11.828 11.861 11.911 11.955    0.061 0.031 0.027 0.031 0.034  A 22908
   2081.71640 11.820 11.824 11.832 11.812 11.801    0.045 0.027 0.025 0.028 0.032  A 23157
   2082.72778 11.759 11.777 11.789 11.810 11.818    0.058 0.033 0.030 0.034 0.036  A 23386
   2083.72308 11.751 11.770 11.792 11.857 11.868    0.071 0.041 0.039 0.045 0.050  A 23628
   2085.71001 11.701 11.734 11.752 11.760 11.793    0.046 0.030 0.028 0.031 0.032  A 23848
   2086.72514 11.774 11.753 11.759 11.769 11.779    0.055 0.030 0.028 0.031 0.033  A 24077
   2087.69734 11.679 11.669 11.657 11.645 11.637    0.068 0.033 0.031 0.034 0.037  A 24288
   2088.69864 11.760 11.754 11.762 11.785 11.775    0.050 0.027 0.025 0.029 0.032  A 24515
   2093.62907 11.640 11.663 11.663 11.681 11.697    0.070 0.037 0.034 0.038 0.041  A 24706
   2094.61558 11.668 11.699 11.694 11.696 11.723    0.063 0.033 0.031 0.034 0.038  A 24989
   2102.65388 11.698 11.725 11.760 11.816 11.863    0.057 0.048 0.051 0.059 0.068  B 25670
   2103.66247 11.659 11.690 11.724 11.751 11.739    0.051 0.029 0.026 0.029 0.032  A 25820
   2104.67085 11.640 11.678 11.711 11.758 11.781    0.054 0.032 0.029 0.030 0.033  A 26023
   2105.67189 11.738 11.749 11.757 11.768 11.748    0.044 0.027 0.024 0.027 0.031  A 26245
   2106.66147 11.714 11.699 11.698 11.704 11.728    0.053 0.032 0.030 0.032 0.035  A 26446
   2114.69454 11.692 11.755 11.775 11.785 11.776    0.044 0.033 0.028 0.031 0.034  A 26684
   2115.64620 11.750 11.772 11.787 11.800 11.786    0.033 0.027 0.025 0.027 0.032  A 26869
   2116.64288 11.739 11.760 11.802 11.844 11.837    0.040 0.030 0.027 0.029 0.033  A 27088
   2117.62749 11.732 11.741 11.748 11.778 11.781    0.051 0.034 0.030 0.032 0.034  A 27301
   2128.58594 11.889 11.904 11.925 11.950 11.944    0.054 0.033 0.029 0.031 0.034  A 27915
   2129.60756 12.000 12.018 12.025 12.064 12.090    0.044 0.029 0.026 0.028 0.031  A 28141
   2130.61657 11.979 11.934 11.941 11.956 11.958    0.048 0.032 0.028 0.030 0.033  A 28359
   2131.60018 11.975 11.991 12.007 12.029 12.017    0.051 0.032 0.028 0.029 0.032  A 28551
   2132.60609 12.042 12.050 12.066 12.096 12.123    0.052 0.029 0.026 0.029 0.033  A 28772
   2133.60019 12.032 12.019 12.025 12.056 12.075    0.038 0.026 0.023 0.026 0.030  A 28979
   2134.61358 12.035 12.050 12.041 12.077 12.096    0.037 0.028 0.024 0.027 0.030  A 29201
   2135.59719 12.095 12.129 12.152 12.187 12.233    0.048 0.036 0.036 0.042 0.048  A 29408
   2136.59667 12.049 12.124 12.161 12.216 12.243    0.036 0.028 0.024 0.026 0.029  A 29620
   2140.57664 12.106 12.062 12.067 12.075 12.101    0.046 0.034 0.032 0.039 0.044  A 30158
   2141.59495 12.120 12.131 12.161 12.188 12.211    0.036 0.027 0.024 0.028 0.031  A 30377
   2143.58079 12.045 12.070 12.091 12.113 12.092    0.045 0.028 0.025 0.029 0.033  A 30776
   2144.57402 12.095 12.111 12.116 12.102 12.105    0.049 0.029 0.028 0.031 0.035  A 30976
   2145.57854 12.044 12.073 12.102 12.154 12.164    0.038 0.026 0.025 0.028 0.033  A 31185
   2443.71996 11.984 11.980 11.992 12.004 12.005    0.024 0.029 0.023 0.027 0.026  A 8707
   2453.76219 11.960 11.992 12.023 12.029 12.027    0.045 0.043 0.036 0.041 0.043  A 9685
   2459.68989 12.059 12.066 12.091 12.127 12.171    0.066 0.064 0.062 0.071 0.080  D 10149
   2464.67583 12.096 12.113 12.107 12.118 12.131    0.032 0.031 0.024 0.027 0.026  A 10854
   2465.67278 12.010 12.032 12.081 12.130 12.160    0.030 0.031 0.025 0.028 0.027  A 11073
   2466.67240 12.030 12.013 12.001 12.001 11.982    0.028 0.028 0.022 0.025 0.023  A 11291
   2467.66487 12.000 12.061 12.056 12.052 12.069    0.024 0.027 0.020 0.020 0.021  A 11507
   2468.66181 12.063 12.079 12.081 12.113 12.110    0.039 0.038 0.032 0.036 0.038  A 11724
   2470.63195 12.011 12.047 12.049 12.086 12.115    0.033 0.032 0.026 0.031 0.024  A 11991
   2473.64440 12.025 12.045 12.027 12.009 12.011    0.036 0.034 0.028 0.032 0.031  A 12685
   2482.64923 11.982 11.961 11.989 12.007 11.963    0.041 0.039 0.035 0.042 0.037  A 13160
   2489.65351 11.919 11.923 11.945 11.961 11.989    0.033 0.034 0.028 0.031 0.033  A 13853
   2491.62497 11.932 11.981 12.010 12.035 12.006    0.047 0.039 0.033 0.039 0.035  A 14232
   2494.61008 12.271 12.299 12.342 12.519 12.543    0.070 0.065 0.064 0.072 0.076  D 14651
   2495.61396 11.897 11.918 11.954 11.995 11.978    0.037 0.035 0.029 0.035 0.030  A 14790
   2497.60681 11.981 11.950 11.954 11.957 11.964    0.030 0.030 0.023 0.026 0.025  A 15211
   2498.59717 11.895 11.893 11.918 11.897 11.900    0.031 0.031 0.025 0.028 0.027  A 15418
   2499.60199 12.002 12.066 12.085 12.123 12.116    0.030 0.030 0.022 0.025 0.025  A 15631
   2501.59904 11.959 11.971 12.045 12.084 12.096    0.031 0.031 0.024 0.026 0.025  A 15991
   2502.60582 11.939 11.962 12.001 11.994 11.999    0.037 0.035 0.029 0.033 0.028  A 16205
   2503.60822 12.010 12.043 12.024 12.058 12.049    0.036 0.037 0.032 0.038 0.032  A 16410
   2508.61167 12.008 12.057 12.101 12.128 12.128    0.037 0.036 0.031 0.033 0.034  A 16781
   2510.60665 12.029 12.027 12.053 12.063 12.025    0.029 0.029 0.024 0.027 0.029  A 16962
   2511.64990 11.716 11.726 11.819 11.846 11.853    0.059 0.053 0.047 0.052 0.056  B 17097
   2526.49975 11.941 11.980 11.995 12.018 11.933    0.030 0.022 0.021 0.024 0.027  A 18785
   2529.54663 12.164 12.148 12.195 12.242 12.181    0.058 0.049 0.042 0.045 0.044  A 19037
   2535.55450 11.823 11.837 11.872 11.941 11.968    0.032 0.029 0.025 0.026 0.028  A 19229
   2540.58831 99.999 99.999 99.999 99.999 99.999    0.060 0.048 0.041 0.048 0.047  C 19691
   2543.64994 11.770 11.860 11.926 11.986 12.012    0.035 0.035 0.033 0.038 0.042  A 19900
   2544.58869 11.750 11.766 11.788 11.818 11.824    0.037 0.033 0.027 0.030 0.032  A 19962
   2545.63346 11.738 11.734 11.750 11.758 11.769    0.027 0.025 0.021 0.021 0.023  A 20170
   2551.55883 11.862 11.866 11.844 11.868 11.884    0.078 0.058 0.050 0.055 0.056  B 20926
   2552.61897 11.836 11.767 11.759 11.785 11.830    0.063 0.060 0.054 0.060 0.062  B 21137
   2553.63667 11.795 11.821 11.827 11.851 11.862    0.043 0.032 0.026 0.026 0.029  A 21325
   2556.55759 11.904 11.879 11.917 11.910 11.898    0.075 0.062 0.050 0.052 0.053  B 21658
   2562.49953 11.789 11.821 11.797 11.790 11.766    0.030 0.032 0.024 0.026 0.029  A 22676
   2563.56250 11.858 11.907 11.943 11.949 11.937    0.035 0.029 0.025 0.026 0.027  A 22882
   2564.58289 11.838 11.909 11.926 11.965 11.953    0.031 0.030 0.024 0.027 0.029  A 23070
   2578.55791 11.925 11.973 12.003 12.013 12.023    0.031 0.032 0.025 0.026 0.025  A 24913
   2579.56195 12.059 11.996 12.036 12.057 12.058    0.036 0.037 0.029 0.029 0.029  A 25078
   2701.89346 11.879 11.959 11.963 11.992 12.008    0.038 0.031 0.028 0.031 0.034  A 43197
   2711.88584 11.886 11.903 11.904 11.927 11.911    0.031 0.029 0.025 0.028 0.030  A 45049
   2714.88073 11.865 11.882 11.889 11.895 11.869    0.030 0.027 0.024 0.026 0.028  A 45619
   2722.83147 11.777 11.815 11.819 11.854 11.893    0.038 0.037 0.033 0.039 0.042  A 46760
   2730.85111 11.781 11.801 11.807 11.810 11.817    0.025 0.024 0.021 0.023 0.024  A 48360
   2734.82828 11.783 11.820 11.834 11.866 11.838    0.035 0.041 0.038 0.048 0.048  A 48906
   2736.87841 11.758 11.797 11.857 11.919 11.955    0.033 0.033 0.033 0.038 0.042  A 49318
   2738.87697 11.679 11.684 11.704 11.731 11.734    0.026 0.025 0.022 0.023 0.025  A 49696
   2741.83228 11.719 11.747 11.777 11.769 11.771    0.026 0.025 0.025 0.028 0.031  A 50235
   2743.88054 11.665 11.733 11.678 11.690 11.695    0.028 0.034 0.023 0.025 0.027  A 50648
   2747.89641 11.706 11.760 11.794 11.787 11.697    0.036 0.041 0.041 0.048 0.056  A 51113
   2754.85393 11.705 11.709 11.738 11.776 11.776    0.028 0.026 0.023 0.025 0.026  A 52335
   2756.85980 11.725 11.766 11.735 11.747 11.735    0.024 0.032 0.024 0.028 0.029  A 52748
   2758.89701 11.693 11.693 11.723 11.741 11.752    0.028 0.026 0.023 0.026 0.028  A 53127
   2760.87802 11.691 11.654 11.712 11.782 11.881    0.034 0.043 0.031 0.033 0.034  A 53527
   2764.82718 11.681 11.687 11.748 11.801 11.791    0.024 0.026 0.019 0.021 0.023  A 54328
   2769.85751 29.999 29.999 29.999 29.999 29.999    0.073 0.078 0.082 0.100 0.120  D 54744
   2775.88117 11.623 11.593 11.579 11.582 11.593    0.048 0.051 0.050 0.059 0.068  B 55186
   2786.77265 11.749 11.806 11.749 11.774 11.766    0.028 0.037 0.030 0.037 0.035  A 56624
   2790.79004 11.910 11.914 11.937 11.945 11.940    0.030 0.033 0.025 0.029 0.030  A 57391
   2804.72428 11.933 11.926 11.908 11.944 11.960    0.032 0.041 0.038 0.044 0.046  A 59081
   2812.69506 11.819 11.799 11.813 11.794 11.750    0.027 0.037 0.031 0.038 0.037  A 60206
   2829.68573 11.830 11.848 11.907 11.944 11.897    0.042 0.042 0.039 0.046 0.049  A 62305
   2838.70804 11.630 11.626 11.666 11.684 11.674    0.024 0.027 0.021 0.025 0.028  A 63928
   2840.74309 11.624 11.616 11.638 11.661 11.675    0.038 0.039 0.034 0.040 0.043  A 64376
   2853.79612 11.599 11.674 11.680 11.686 11.678    0.027 0.028 0.022 0.024 0.026  A 65726
   2855.68906 11.653 11.663 11.694 11.705 11.723    0.034 0.036 0.031 0.035 0.037  A 66081
   2858.72817 11.690 11.711 11.698 11.685 11.664    0.027 0.031 0.024 0.028 0.029  A 66358
   2872.61494 11.802 11.822 11.834 11.857 11.901    0.022 0.024 0.019 0.020 0.022  A 68151
   2878.65092 11.901 11.922 11.924 11.977 11.988    0.024 0.027 0.022 0.025 0.027  A 69160
   2897.67558 11.708 11.749 11.769 11.800 11.804    0.028 0.025 0.024 0.026 0.028  A 71687
   3082.88712 11.903 11.901 11.926 11.968 11.987    0.033 0.031 0.032 0.037 0.042  A 95242
   3088.87646 11.787 11.803 11.806 11.836 11.871    0.053 0.053 0.053 0.058 0.063  B 95848
   3092.87191 11.713 11.719 11.756 11.785 11.766    0.026 0.027 0.025 0.028 0.031  A 96464
   3097.90640 11.700 11.712 11.790 11.900 11.963    0.037 0.042 0.042 0.048 0.052  A 96903
   3101.89155 11.672 11.637 11.679 11.696 11.697    0.029 0.028 0.029 0.034 0.040  A 97517
   3102.88746 11.525 11.538 11.541 11.536 11.527    0.030 0.028 0.028 0.033 0.037  A 97671
   3109.86053 11.699 11.704 11.720 11.754 11.775    0.042 0.040 0.040 0.045 0.050  A 98767
   3113.84551 11.739 11.744 11.769 11.786 11.800    0.031 0.028 0.028 0.033 0.038  A 99397
   3118.88968 11.752 11.730 11.712 11.742 11.751    0.046 0.049 0.053 0.061 0.071  B 100009
   3125.85776 11.891 11.863 11.877 11.921 11.945    0.029 0.029 0.030 0.035 0.041  A 100793
   3128.83870 11.898 11.871 11.872 11.885 11.892    0.030 0.029 0.030 0.036 0.041  A 101270
   3131.83229 11.764 11.786 11.756 11.734 11.748    0.038 0.037 0.042 0.047 0.053  A 101718
   3141.81831 11.899 11.902 11.923 11.937 11.905    0.032 0.034 0.035 0.041 0.047  A 103008
   3156.79171 11.781 11.834 11.857 11.876 99.999    0.024 0.026 0.024 0.027 0.032  C 104219
   3159.73482 11.799 11.899 11.941 11.987 12.036    0.041 0.043 0.048 0.060 0.072  B 104598
   3169.72754 11.761 11.748 11.749 11.746 11.736    0.027 0.027 0.026 0.030 0.035  A 105956
   3187.73567 11.909 11.964 11.963 11.974 11.961    0.035 0.033 0.037 0.042 0.047  A 108305
   3266.65341 12.006 12.041 12.042 12.078 12.119    0.026 0.027 0.023 0.026 0.030  A 115191
   3273.52653 11.848 11.885 11.902 11.944 11.929    0.053 0.037 0.032 0.036 0.042  A 116168
   3275.64067 11.800 11.840 11.860 11.878 11.866    0.038 0.037 0.036 0.042 0.047  A 116463
   3277.67098 11.935 12.056 12.105 12.141 99.999    0.055 0.057 0.062 0.074 0.089  D 116718
   3293.60509 11.686 11.664 11.704 11.734 11.778    0.038 0.039 0.038 0.044 0.049  A 118304
   3427.89311 11.814 11.805 11.773 11.761 11.714    0.047 0.041 0.046 0.060 0.072  B 132080
   3449.88029 11.861 11.830 11.804 11.819 11.814    0.043 0.034 0.036 0.044 0.050  A 135156
   3453.86285 11.883 11.923 11.942 11.982 12.061    0.047 0.034 0.037 0.044 0.049  A 135728
   3472.89324 11.689 11.730 11.767 11.820 11.874    0.062 0.043 0.042 0.048 0.055  A 138789
   3550.76988 11.583 11.614 11.614 11.643 11.671    0.043 0.030 0.029 0.034 0.039  A 148255
   3553.71286 11.508 11.521 11.530 11.543 11.535    0.042 0.047 0.050 0.055 0.056  B 148612
   3555.83691 11.487 11.574 11.585 11.597 11.609    0.049 0.036 0.030 0.033 0.038  A 148990
   3559.68888 11.557 11.596 11.597 11.625 11.623    0.035 0.027 0.026 0.028 0.030  A 149423
   3561.73128 11.642 11.654 11.645 11.670 11.685    0.084 0.047 0.040 0.041 0.043  B 149774
   3570.61871 11.713 11.723 11.714 11.736 11.739    0.051 0.035 0.031 0.035 0.039  A 150754
   3573.69999 11.711 11.711 11.692 11.716 11.739    0.046 0.038 0.035 0.041 0.046  A 151134
   3575.71301 11.784 11.794 11.770 11.762 11.739    0.034 0.029 0.026 0.029 0.033  A 151499
   3582.82443 11.849 11.921 11.966 11.974 11.908    0.069 0.041 0.037 0.043 0.046  A 152711
   3584.84066 11.873 11.896 11.901 11.954 11.947    0.065 0.035 0.029 0.032 0.036  A 153072
   3587.60231 11.860 11.824 11.850 11.884 11.889    0.054 0.031 0.026 0.030 0.031  A 153510
   3589.63986 11.840 11.851 11.894 11.921 11.878    0.055 0.032 0.027 0.029 0.031  A 153843
   3591.70371 11.804 11.817 11.812 11.808 11.814    0.087 0.047 0.041 0.041 0.043  B 154205
   3594.57605 11.791 11.827 11.822 11.847 11.846    0.064 0.037 0.032 0.035 0.037  A 154677
   3601.61773 11.700 11.763 11.794 11.806 11.828    0.061 0.036 0.033 0.038 0.045  A 155551
   3603.62086 11.750 11.774 11.803 11.847 11.870    0.039 0.030 0.027 0.032 0.035  A 155877
   3619.56758 11.801 11.792 11.787 11.815 11.847    0.044 0.029 0.027 0.030 0.033  A 157411
   3621.62142 11.727 11.726 11.752 11.798 11.867    0.078 0.044 0.044 0.053 0.061  A 157733
   3628.54306 11.715 11.744 11.761 11.778 11.775    0.033 0.032 0.030 0.034 0.040  A 158421
   3630.61987 11.802 11.824 11.857 11.924 12.033    0.039 0.034 0.033 0.038 0.043  A 158783
   3632.62634 11.793 11.843 11.859 11.875 11.889    0.044 0.033 0.032 0.038 0.044  A 159094
   3634.65905 11.678 11.718 11.761 11.837 11.857    0.034 0.028 0.030 0.036 0.040  A 159381
   3640.68603 11.908 11.911 11.904 11.876 11.835    0.040 0.030 0.028 0.032 0.037  A 160029
   3643.51880 11.889 11.914 11.944 11.969 11.984    0.042 0.040 0.041 0.046 0.054  A 160418
   3646.59312 11.760 11.847 11.837 11.888 11.906    0.037 0.031 0.026 0.029 0.032  A 160751
   3649.54439 11.886 11.893 11.903 11.881 11.867    0.039 0.031 0.028 0.032 0.037  A 161147
   3651.56488 11.847 11.866 11.907 11.970 11.946    0.057 0.036 0.031 0.034 0.038  A 161427
   3656.51084 11.891 11.908 11.954 12.001 11.987    0.066 0.038 0.035 0.038 0.042  A 162135
   3658.57756 11.812 11.838 11.861 11.868 11.847    0.039 0.032 0.032 0.038 0.045  A 162453
   3660.59585 11.787 11.878 11.904 11.914 11.941    0.038 0.033 0.033 0.040 0.047  A 162770
   3662.62411 11.864 11.909 12.016 12.143 12.321    0.086 0.054 0.053 0.063 0.073  B 163061
   3664.62884 11.766 11.767 11.814 11.833 11.875    0.037 0.030 0.031 0.037 0.041  A 163354
   3668.58258 11.699 11.672 11.662 11.674 99.999    0.042 0.030 0.025 0.027 0.031  C 163813
   3671.54614 11.777 11.736 11.725 11.724 11.745    0.037 0.029 0.025 0.027 0.029  A 164232
   3673.58619 11.717 11.736 11.759 11.752 11.751    0.040 0.029 0.025 0.027 0.030  A 164529
   3676.54448 11.675 11.717 11.737 11.781 11.811    0.036 0.027 0.026 0.030 0.032  A 164944
   3701.52193 11.752 11.819 11.810 11.800 11.775    0.039 0.035 0.037 0.044 0.051  A 168137
   3704.52065 11.655 11.659 11.705 11.753 11.766    0.042 0.031 0.029 0.032 0.037  A 168530
   3835.86972 11.722 11.727 11.773 11.772 11.700    0.052 0.036 0.037 0.043 0.048  A 186188
   3867.83106 11.881 11.942 12.015 12.135 12.187    0.042 0.028 0.030 0.035 0.039  A 190086
   3874.86882 11.852 11.862 11.870 11.904 11.946    0.052 0.033 0.030 0.034 0.038  A 191096
   3883.86415 11.797 11.845 11.885 11.932 11.914    0.070 0.045 0.037 0.039 0.040  A 192337
   3897.77824 11.746 11.771 11.819 11.984 12.039    0.070 0.073 0.085 0.107 0.129  D 194233
   3908.72002 11.639 11.622 11.599 11.599 11.593    0.044 0.030 0.028 0.032 0.034  A 196204
   4339.60122 11.759 11.792 11.798 11.846 11.880    0.053 0.041 0.041 0.047 0.053  A 236576
   4341.60125 11.709 11.743 11.724 11.724 11.753    0.055 0.045 0.046 0.052 0.055  A 236910
   4347.61873 11.753 11.732 11.763 11.796 11.846    0.048 0.033 0.027 0.030 0.033  A 237948
   4349.61763 11.675 11.667 11.667 11.677 11.710    0.048 0.038 0.036 0.041 0.046  A 238284
   4356.52863 11.854 11.835 11.841 11.876 11.850    0.037 0.031 0.026 0.029 0.032  A 239308
   4358.54393 11.842 11.888 11.905 11.935 11.918    0.034 0.031 0.025 0.028 0.031  A 239597
   4360.55167 11.810 11.856 11.856 11.868 11.908    0.056 0.049 0.049 0.056 0.063  B 239921
   4371.59256 11.882 11.907 11.939 11.993 11.994    0.041 0.034 0.033 0.038 0.044  A 241456
   4376.59609 11.809 11.877 11.867 11.898 11.914    0.037 0.032 0.028 0.031 0.035  A 242107
   4378.61129 11.850 11.884 11.894 11.917 11.887    0.041 0.036 0.034 0.039 0.045  A 242412
   4385.54414 11.892 11.909 11.919 11.950 11.989    0.043 0.037 0.030 0.032 0.035  A 243458
   4387.54629 11.816 11.831 11.868 11.894 11.933    0.049 0.037 0.029 0.032 0.035  A 243777
   4400.57354 11.749 11.810 11.868 11.988 12.162    0.047 0.043 0.050 0.062 0.073  B 244951
   4403.58858 11.794 11.841 11.857 11.871 11.883    0.041 0.033 0.029 0.034 0.037  A 245245
   4407.58646 11.850 11.838 11.856 11.951 12.003    0.060 0.043 0.035 0.038 0.040  A 245562
   4410.56767 11.794 11.826 11.839 11.858 11.876    0.044 0.031 0.031 0.035 0.039  A 245947
   4427.52331 11.954 12.047 12.107 12.137 12.176    0.052 0.047 0.054 0.067 0.077  B 247019
   4430.52761 11.927 11.971 12.014 12.099 12.078    0.042 0.038 0.040 0.046 0.052  A 247384
   4433.52201 11.929 11.953 11.994 12.041 12.049    0.039 0.033 0.031 0.035 0.039  A 247756
   4437.51618 11.771 11.882 11.905 11.992 12.076    0.086 0.068 0.072 0.089 0.107  D 248240
#dataset= 3 ; 2 F1948-32_191
#desig= 192947-2838.9
#cra=   19.496407  19:29:47.1
#cdec= -28.647760 -28:38:51.9
#class= 0
#cmag_0= 12.219
#cmer_0=  0.000
#nskip_0= 0
#cmag_1= 12.207
#cmer_1=  0.000
#nskip_1= 0
#cmag_2= 12.173
#cmer_2=  0.000
#nskip_2= 0
#cmag_3= 12.157
#cmer_3=  0.000
#nskip_3= 0
#cmag_4= 12.190
#cmer_4=  0.000
#nskip_4= 0
#ra=   19.496407  19:29:47.1
#dec= -28.647760 -28:38:51.9
#     HJD      MAG_0  MAG_1  MAG_2  MAG_3  MAG_4    MER_0 MER_1 MER_2 MER_3 MER_4 GRADE FRAME
   2487.64345 12.220 12.207 12.173 12.158 12.191    0.080 0.066 0.055 0.057 0.060  D 13482
   2490.63487 29.999 29.999 29.999 29.999 29.999    0.052 0.045 0.039 0.046 0.042  C 14063
   2810.72181 29.999 29.999 29.999 29.999 29.999    0.034 0.031 0.030 0.033 0.038  C 59765
#ndata= 77
#dataset= 4 ; 1 F1912-24_234
#desig= 192945-2839.0
#cra=   19.495945  19:29:45.4
#cdec= -28.649535 -28:38:58.3
#class= 0
#cmag_0= 11.907
#cmer_0=  0.103
#nskip_0= 0
#cmag_1= 11.905
#cmer_1=  0.107
#nskip_1= 0
#cmag_2= 11.924
#cmer_2=  0.103
#nskip_2= 0
#cmag_3= 11.935
#cmer_3=  0.102
#nskip_3= 0
#cmag_4= 11.943
#cmer_4=  0.108
#nskip_4= 0
#ra=   19.495945  19:29:45.4
#dec= -28.649535 -28:38:58.3
#     HJD      MAG_1  MAG_0  MAG_2  MAG_3  MAG_4    MER_1 MER_0 MER_2 MER_3 MER_4 GRADE FRAME
   2163.52712 12.025 12.037 12.023 12.037 12.115    0.043 0.062 0.044 0.050 0.057  B 31838
   2167.50154 12.001 12.019 12.029 12.038 12.044    0.029 0.037 0.027 0.031 0.035  A 32041
   2171.49397 11.988 12.002 11.959 11.972 12.003    0.033 0.037 0.029 0.034 0.038  A 32539
   2173.50514 12.091 12.101 12.121 12.142 12.151    0.032 0.042 0.029 0.033 0.037  A 32924
   2184.50112 12.077 12.062 12.063 12.082 12.111    0.034 0.043 0.032 0.038 0.043  A 34021
   2187.52153 12.028 12.013 12.030 12.040 12.049    0.036 0.047 0.031 0.035 0.038  A 34501
   2190.52249 12.069 12.045 12.091 12.123 12.120    0.035 0.047 0.031 0.036 0.040  A 34890
   2193.50468 12.030 11.961 12.029 12.006 11.995    0.034 0.049 0.032 0.036 0.041  A 35414
   2196.51119 11.983 11.965 12.019 12.021 11.994    0.036 0.052 0.033 0.040 0.044  A 35907
   2199.50248 11.942 11.943 11.957 11.965 11.965    0.034 0.049 0.030 0.034 0.038  A 36438
   2207.50290 11.928 11.913 11.926 11.944 11.979    0.036 0.045 0.033 0.039 0.044  A 37603
   2213.51050 11.807 11.791 11.841 11.862 11.841    0.041 0.054 0.034 0.040 0.044  A 38035
   2217.50247 11.773 11.704 11.777 11.783 11.794    0.038 0.050 0.032 0.034 0.038  A 38683
   3444.87582 29.999 29.999 29.999 29.999 29.999    0.032 0.039 0.037 0.045 0.052  C 134014
   3448.88414 11.866 11.893 11.876 11.899 11.892    0.040 0.055 0.039 0.045 0.048  A 134988
   3452.88785 11.869 11.881 11.903 11.925 11.965    0.034 0.044 0.034 0.040 0.046  A 135583
   3455.86043 11.889 11.921 11.890 11.876 11.902    0.034 0.041 0.037 0.046 0.053  A 136087
   3458.89592 29.999 29.999 29.999 29.999 29.999    0.029 0.043 0.031 0.037 0.042  C 136629
   3464.85755 29.999 29.999 29.999 29.999 29.999    0.030 0.047 0.029 0.033 0.037  C 137571
   3468.86419 11.835 11.812 11.843 11.859 11.862    0.027 0.040 0.027 0.032 0.035  A 138177
   3472.88140 29.999 29.999 29.999 29.999 29.999    0.032 0.036 0.035 0.040 0.044  C 138785
   3475.91179 29.999 29.999 29.999 29.999 29.999    0.041 0.043 0.050 0.063 0.076  D 139297
   3478.84990 29.999 29.999 29.999 29.999 29.999    0.039 0.050 0.046 0.057 0.065  C 139794
   3481.82963 29.999 29.999 29.999 29.999 29.999    0.032 0.040 0.033 0.039 0.045  C 140240
   3484.84489 29.999 29.999 29.999 29.999 29.999    0.047 0.047 0.057 0.069 0.080  D 140682
   3491.89899 11.841 11.852 11.859 11.843 11.831    0.034 0.038 0.036 0.042 0.047  A 141398
   3503.80059 29.999 29.999 29.999 29.999 29.999    0.044 0.071 0.044 0.048 0.052  C 142862
   3512.74463 29.999 29.999 29.999 29.999 29.999    0.027 0.034 0.027 0.032 0.038  C 143896
   3520.77815 11.826 11.884 11.854 11.884 11.896    0.039 0.060 0.034 0.039 0.044  A 144718
   3522.79135 29.999 29.999 29.999 29.999 29.999    0.034 0.041 0.036 0.040 0.045  C 145072
   3529.76422 29.999 29.999 29.999 29.999 29.999    0.029 0.038 0.030 0.036 0.041  C 146236
   3550.75050 29.999 29.999 29.999 29.999 29.999    0.033 0.042 0.033 0.039 0.046  C 148248
   3553.70130 29.999 29.999 29.999 29.999 29.999    0.028 0.027 0.025 0.029 0.032  C 148608
   3559.67602 29.999 29.999 29.999 29.999 29.999    0.048 0.084 0.042 0.044 0.046  D 149419
   3561.71024 29.999 29.999 29.999 29.999 29.999    0.038 0.068 0.033 0.037 0.040  C 149767
   3563.72478 29.999 29.999 29.999 29.999 29.999    0.026 0.031 0.026 0.030 0.033  C 150113
   3575.69352 29.999 29.999 29.999 29.999 29.999    0.030 0.041 0.028 0.032 0.036  C 151492
   3577.71847 29.999 29.999 29.999 29.999 29.999    0.036 0.060 0.034 0.039 0.044  C 151831
   3583.73740 29.999 29.999 29.999 29.999 29.999    0.030 0.044 0.031 0.035 0.039  C 152869
   3585.77048 29.999 29.999 29.999 29.999 29.999    0.038 0.061 0.033 0.037 0.040  C 153224
   3590.59479 29.999 29.999 29.999 29.999 29.999    0.028 0.040 0.026 0.031 0.033  C 153997
   3592.61591 29.999 29.999 29.999 29.999 29.999    0.043 0.076 0.038 0.042 0.044  C 154356
   3600.61606 29.999 29.999 29.999 29.999 29.999    0.053 0.073 0.057 0.071 0.082  D 155391
   3602.59872 29.999 29.999 29.999 29.999 29.999    0.032 0.040 0.034 0.040 0.046  C 155722
   3604.60805 29.999 29.999 29.999 29.999 29.999    0.061 0.069 0.066 0.081 0.094  D 156032
   3609.53931 29.999 29.999 29.999 29.999 29.999    0.051 0.053 0.060 0.073 0.085  D 156606
   3617.62722 29.999 29.999 29.999 29.999 29.999    0.039 0.039 0.041 0.049 0.056  C 157131
   3619.70974 11.787 11.765 11.792 11.800 11.812    0.034 0.035 0.036 0.041 0.045  A 157451
   3622.52588 29.999 29.999 29.999 29.999 29.999    0.037 0.040 0.039 0.044 0.050  C 157869
   3628.57491 29.999 29.999 29.999 29.999 29.999    0.032 0.031 0.029 0.035 0.041  C 158432
   3630.65186 29.999 29.999 29.999 29.999 29.999    0.033 0.033 0.034 0.040 0.047  C 158795
   3632.65417 29.999 29.999 29.999 29.999 29.999    0.032 0.037 0.034 0.040 0.047  C 159104
   3635.56699 29.999 29.999 29.999 29.999 29.999    0.048 0.052 0.051 0.060 0.070  D 159516
   3638.65185 29.999 29.999 29.999 29.999 29.999    0.049 0.050 0.057 0.070 0.083  D 159788
   3641.62473 29.999 29.999 29.999 29.999 29.999    0.027 0.030 0.024 0.029 0.032  C 160172
   3644.53665 11.947 11.892 11.961 11.937 11.879    0.041 0.047 0.043 0.050 0.058  B 160575
   3647.65092 11.842 11.850 11.880 11.908 11.883    0.031 0.031 0.027 0.031 0.033  A 160909
   3650.51971 29.999 29.999 29.999 29.999 29.999    0.027 0.030 0.026 0.030 0.034  C 161272
   3655.50937 11.840 11.843 11.864 11.883 11.906    0.045 0.068 0.040 0.046 0.051  B 161978
   3657.59000 29.999 29.999 29.999 29.999 29.999    0.029 0.034 0.031 0.037 0.042  C 162304
   3660.53261 11.776 11.791 11.847 11.929 12.012    0.046 0.072 0.042 0.049 0.054  B 162747
   3662.56411 29.999 29.999 29.999 29.999 29.999    0.039 0.055 0.041 0.050 0.057  C 163043
   3664.57259 29.999 29.999 29.999 29.999 29.999    0.029 0.032 0.030 0.035 0.041  C 163337
   3668.55265 29.999 29.999 29.999 29.999 29.999    0.027 0.029 0.025 0.029 0.033  C 163803
   3671.53722 29.999 29.999 29.999 29.999 29.999    0.027 0.027 0.025 0.029 0.034  C 164229
   3673.56743 29.999 29.999 29.999 29.999 29.999    0.031 0.039 0.028 0.033 0.037  C 164523
   3676.54106 11.676 11.706 11.670 11.679 11.704    0.029 0.034 0.028 0.033 0.036  A 164943
   3805.88078 29.999 29.999 29.999 29.999 29.999    0.030 0.035 0.032 0.037 0.043  C 181390
   3835.84730 29.999 29.999 29.999 29.999 29.999    0.032 0.032 0.036 0.043 0.050  C 186180
   3863.81226 29.999 29.999 29.999 29.999 29.999    0.027 0.032 0.029 0.033 0.037  C 189409
   3867.80633 29.999 29.999 29.999 29.999 29.999    0.043 0.073 0.040 0.046 0.049  C 190078
   3874.85119 29.999 29.999 29.999 29.999 29.999    0.037 0.058 0.034 0.038 0.041  C 191089
   3877.78581 29.999 29.999 29.999 29.999 29.999    0.029 0.035 0.027 0.031 0.035  C 191538
   3893.80507 29.999 29.999 29.999 29.999 29.999    0.030 0.036 0.026 0.030 0.034  C 193765
   4251.82475 11.861 11.883 11.812 11.772 11.745    0.061 0.062 0.062 0.072 0.081  D 226764
   4256.81739 11.807 11.827 11.854 11.895 11.885    0.035 0.044 0.032 0.037 0.042  A 227313
   4259.73720 11.765 11.836 11.791 11.801 11.783    0.059 0.058 0.068 0.085 0.102  D 227711
#ndata= 172
#dataset= 5 ; 1 F1944-24_235
#desig= 192945-2839.1
#cra=   19.495734  19:29:44.6
#cdec= -28.652374 -28:39:08.5
#class= 0
#cmag_0= 12.644
#cmer_0=  0.000
#nskip_0= 0
#cmag_1= 12.131
#cmer_1=  0.000
#nskip_1= 0
#cmag_2= 11.810
#cmer_2=  0.000
#nskip_2= 0
#cmag_3= 11.727
#cmer_3=  0.000
#nskip_3= 0
#cmag_4= 11.644
#cmer_4=  0.000
#nskip_4= 0
#ra=   19.495734  19:29:44.6
#dec= -28.652374 -28:39:08.5
#     HJD      MAG_1  MAG_0  MAG_2  MAG_3  MAG_4    MER_1 MER_0 MER_2 MER_3 MER_4 GRADE FRAME
   4302.76208 12.131 12.645 11.810 11.727 99.999    0.034 0.045 0.029 0.033 0.039  C 232638
#dataset= 5 ; 2 F1944-24_235
#desig= 192945-2838.9
#cra=   19.495897  19:29:45.2
#cdec= -28.648492 -28:38:54.6
#class= 0
#cmag_0= 11.856
#cmer_0=  0.110
#nskip_0= 2
#cmag_1= 11.844
#cmer_1=  0.103
#nskip_1= 2
#cmag_2= 11.835
#cmer_2=  0.105
#nskip_2= 2
#cmag_3= 11.846
#cmer_3=  0.111
#nskip_3= 2
#cmag_4= 11.849
#cmer_4=  0.123
#nskip_4= 2
#ra=   19.495897  19:29:45.2
#dec= -28.648492 -28:38:54.6
#     HJD      MAG_1  MAG_0  MAG_2  MAG_3  MAG_4    MER_1 MER_0 MER_2 MER_3 MER_4 GRADE FRAME
   2156.57010 11.994 12.016 11.985 12.022 12.054    0.035 0.046 0.034 0.039 0.044  A 31620
   2163.53449 11.993 12.134 11.985 12.073 12.127    0.041 0.059 0.043 0.052 0.060  B 31841
   2167.51118 12.030 12.034 12.041 12.097 12.126    0.032 0.046 0.029 0.033 0.037  A 32045
   2169.52753 11.985 11.954 11.989 11.998 11.990    0.032 0.046 0.028 0.033 0.037  A 32393
   2172.51890 12.038 12.065 12.026 12.057 12.055    0.032 0.046 0.028 0.030 0.035  A 32743
   2174.51265 11.979 11.931 11.932 11.905 12.189    0.082 0.085 0.090 0.112 0.136  D 33099
   2184.48598 12.029 11.997 12.035 12.057 12.055    0.035 0.038 0.030 0.034 0.039  A 34014
   2187.50362 12.069 12.050 12.065 12.086 12.121    0.032 0.043 0.028 0.032 0.035  A 34493
   2192.55458 12.061 12.050 12.077 12.095 12.116    0.029 0.040 0.026 0.030 0.035  A 35253
   2194.55804 12.013 12.038 12.026 12.034 12.057    0.034 0.047 0.029 0.032 0.036  A 35616
   2197.50667 12.063 12.103 12.064 12.066 12.028    0.033 0.050 0.030 0.032 0.038  A 36087
   2202.56331 11.922 11.914 11.960 11.987 12.017    0.045 0.055 0.044 0.050 0.057  A 36880
   2207.55477 11.752 11.730 11.785 11.844 11.827    0.060 0.070 0.063 0.076 0.087  D 37625
   3444.89599 11.887 11.919 11.895 11.935 11.947    0.032 0.034 0.037 0.045 0.054  A 134022
   3449.88029 11.842 11.897 11.809 11.806 11.795    0.037 0.052 0.038 0.045 0.052  A 135156
   3453.86285 11.947 11.919 11.943 11.968 12.056    0.034 0.051 0.037 0.044 0.051  A 135728
   3456.88764 11.890 11.925 11.863 11.880 11.897    0.032 0.045 0.033 0.038 0.044  A 136272
   3459.89814 11.848 11.841 11.851 11.855 11.851    0.030 0.033 0.030 0.035 0.040  A 136808
   3465.86390 11.833 11.851 11.833 11.847 11.859    0.025 0.031 0.027 0.032 0.036  A 137731
   3468.89209 11.821 11.839 11.819 11.841 11.849    0.027 0.034 0.026 0.030 0.034  A 138186
   3472.89938 11.813 11.778 11.793 11.795 11.781    0.033 0.035 0.033 0.037 0.043  A 138791
   3476.86636 11.829 11.845 11.846 11.861 11.852    0.031 0.038 0.034 0.040 0.047  A 139450
   3479.92134 11.898 11.888 11.899 11.899 11.866    0.040 0.052 0.041 0.042 0.044  A 139948
   3482.90968 12.158 12.187 12.105 12.092 12.149    0.036 0.045 0.037 0.042 0.048  A 140416
   3487.89965 11.867 11.932 11.848 11.857 11.844    0.035 0.054 0.032 0.037 0.043  A 140860
   3491.92610 11.812 11.781 11.816 11.814 11.830    0.037 0.053 0.037 0.043 0.049  A 141408
   3496.86584 11.857 11.830 11.837 11.821 11.810    0.030 0.033 0.025 0.029 0.032  A 141833
   3500.84871 11.920 11.969 11.889 11.896 11.907    0.042 0.076 0.038 0.042 0.046  B 142342
   3503.82376 11.930 11.984 11.916 11.911 11.905    0.033 0.058 0.029 0.032 0.036  A 142870
   3506.87181 11.878 11.924 11.858 11.846 11.833    0.032 0.040 0.027 0.032 0.037  A 143222
   3509.89472 11.842 11.893 11.834 11.848 11.828    0.027 0.029 0.023 0.026 0.030  A 143504
   3512.78428 11.970 12.000 99.999 99.999 99.999    0.030 0.034 0.032 0.038 0.042  C 143909
   3520.84202 11.988 12.083 11.920 11.935 11.919    0.062 0.109 0.060 0.063 0.070  D 144740
   3522.79603 11.994 11.996 11.988 11.978 12.002    0.056 0.101 0.054 0.060 0.068  D 145074
   3524.84012 11.985 11.966 11.970 11.981 11.993    0.046 0.061 0.046 0.052 0.057  B 145407
   3530.75680 12.024 12.081 11.997 11.997 11.981    0.031 0.041 0.032 0.037 0.043  A 146411
   3538.78537 11.815 11.821 11.812 11.813 11.810    0.029 0.042 0.026 0.029 0.033  A 146892
   3540.78645 11.763 11.800 11.759 11.790 11.804    0.034 0.048 0.032 0.036 0.042  A 147213
   3550.77250 11.619 11.607 11.593 11.608 11.639    0.029 0.032 0.029 0.036 0.039  A 148256
   3553.71625 11.626 11.620 11.627 11.641 11.647    0.027 0.027 0.025 0.028 0.031  A 148613
   3555.83941 11.532 11.552 11.543 11.563 11.533    0.034 0.049 0.031 0.035 0.040  A 148991
   3559.69138 11.667 11.775 11.719 11.757 11.759    0.048 0.084 0.045 0.051 0.056  D 149424
   3561.72607 11.674 11.728 11.650 11.651 11.646    0.050 0.087 0.044 0.046 0.050  D 149772
   3563.77957 11.683 11.684 11.675 11.688 11.677    0.027 0.038 0.027 0.032 0.037  A 150131
   3570.65278 11.815 11.792 11.787 11.801 11.789    0.031 0.042 0.027 0.032 0.037  A 150766
   3573.70334 11.774 11.834 11.759 11.773 11.767    0.039 0.041 0.035 0.041 0.049  A 151135
   3575.71651 11.865 11.899 11.846 11.853 11.863    0.029 0.039 0.026 0.030 0.034  A 151500
   3577.74080 11.899 11.947 11.893 11.920 11.918    0.041 0.072 0.037 0.040 0.043  B 151839
   3583.74017 11.869 11.914 11.851 11.854 11.876    0.027 0.038 0.025 0.031 0.034  A 152870
   3585.77327 11.911 11.926 11.913 11.930 11.930    0.033 0.064 0.029 0.033 0.036  A 153225
   3587.80566 11.903 11.944 11.914 11.921 11.928    0.028 0.029 0.027 0.032 0.037  A 153579
   3590.62291 11.784 11.748 11.768 11.782 11.794    0.040 0.073 0.034 0.037 0.040  B 154006
   3592.64411 11.861 11.948 11.872 11.895 11.915    0.054 0.096 0.049 0.051 0.051  D 154365
   3596.63084 11.785 11.847 11.781 11.798 11.792    0.031 0.049 0.028 0.031 0.034  A 154961
   3601.62046 11.749 11.696 11.769 11.807 11.789    0.038 0.069 0.036 0.041 0.045  A 155552
   3603.62357 11.757 11.770 11.724 11.731 11.744    0.027 0.035 0.027 0.032 0.037  A 155878
   3606.62834 11.825 11.829 11.809 11.826 11.839    0.033 0.046 0.030 0.034 0.039  A 156194
   3617.63497 11.772 11.768 11.750 11.772 11.789    0.032 0.035 0.031 0.037 0.041  A 157133
   3619.71912 11.784 11.812 11.748 11.759 11.781    0.042 0.075 0.035 0.039 0.043  B 157454
   3622.53355 11.837 11.863 11.822 11.844 11.816    0.037 0.039 0.042 0.048 0.056  A 157871
   3628.58316 11.800 11.832 11.830 11.874 11.929    0.033 0.034 0.032 0.039 0.044  A 158434
   3630.65768 11.793 11.733 11.820 11.885 11.959    0.037 0.048 0.035 0.042 0.049  A 158797
   3632.66005 11.849 11.882 11.849 11.865 11.899    0.035 0.051 0.035 0.041 0.046  A 159106
   3634.68791 11.717 11.742 11.710 11.719 11.755    0.041 0.068 0.039 0.045 0.052  A 159391
   3637.68513 11.838 11.859 11.837 11.847 11.853    0.035 0.039 0.031 0.037 0.043  A 159726
   3641.61406 11.892 11.842 11.880 11.892 11.894    0.027 0.034 0.024 0.028 0.033  A 160168
   3643.66853 11.818 11.782 11.813 11.826 11.838    0.036 0.043 0.035 0.040 0.045  A 160464
   3647.57547 11.846 11.858 11.836 11.824 11.785    0.027 0.028 0.023 0.027 0.029  A 160883
   3656.51697 11.817 11.768 11.829 11.830 11.821    0.041 0.073 0.035 0.040 0.044  B 162137
   3658.58584 11.835 11.830 11.834 11.861 11.829    0.037 0.053 0.035 0.043 0.049  A 162456
   3660.61085 11.763 11.786 11.807 11.847 11.943    0.041 0.067 0.039 0.046 0.053  A 162775
   3663.51953 11.777 11.763 11.746 11.741 11.713    0.027 0.034 0.029 0.034 0.038  A 163172
   3665.55664 11.743 11.680 11.723 11.752 11.748    0.027 0.033 0.028 0.031 0.036  A 163479
   3669.54655 11.747 11.770 11.725 11.734 11.734    0.027 0.029 0.024 0.027 0.031  A 163943
   3671.57695 11.761 11.707 11.779 11.793 11.798    0.026 0.034 0.025 0.028 0.033  A 164243
   3674.56019 11.665 11.639 11.653 11.660 11.669    0.028 0.037 0.026 0.031 0.034  A 164666
   3677.54399 11.712 11.725 11.690 11.702 11.667    0.027 0.038 0.026 0.031 0.034  A 165094
   3699.52221 11.758 11.791 11.741 11.730 11.693    0.029 0.032 0.033 0.040 0.046  A 167865
   3806.89645 11.689 11.688 11.685 11.696 11.685    0.031 0.035 0.033 0.039 0.045  A 181557
   3810.90474 11.794 11.770 11.796 11.793 11.743    0.034 0.035 0.037 0.045 0.052  A 182064
   3814.89473 11.647 11.671 11.598 11.591 11.622    0.034 0.040 0.036 0.043 0.050  A 182704
   3820.89706 11.668 11.651 11.679 11.699 11.684    0.031 0.034 0.035 0.042 0.049  A 183665
   3824.88359 11.680 11.678 11.664 11.654 11.621    0.036 0.036 0.043 0.053 0.063  B 184316
   3828.87261 11.699 11.708 11.685 11.700 11.692    0.031 0.037 0.032 0.038 0.042  A 184992
   3832.85472 11.748 11.784 11.760 11.761 11.774    0.029 0.032 0.030 0.036 0.040  A 185673
   3836.85504 11.741 11.751 11.715 11.691 11.666    0.034 0.039 0.037 0.046 0.054  A 186353
   3849.83694 11.938 11.957 11.934 11.946 11.971    0.026 0.035 0.027 0.032 0.036  A 187163
   3852.86595 11.888 11.922 11.834 11.787 11.762    0.032 0.034 0.035 0.043 0.050  A 187684
   3855.85658 12.466 12.671 12.335 12.301 12.394    0.048 0.058 0.052 0.064 0.076  D 188166
   3858.84917 11.839 11.854 11.813 11.802 11.710    0.067 0.071 0.072 0.082 0.093  D 188597
   3861.82739 11.872 11.853 11.864 11.857 11.861    0.030 0.034 0.030 0.035 0.041  A 189080
   3863.86571 11.907 11.908 11.916 11.930 11.923    0.040 0.071 0.034 0.036 0.039  B 189427
   3865.88312 11.901 11.862 11.874 11.855 11.854    0.028 0.039 0.028 0.032 0.036  A 189785
   3867.84306 11.961 11.950 11.997 12.041 12.088    0.028 0.033 0.030 0.036 0.041  A 190090
   3869.82630 11.794 11.815 11.771 11.787 11.774    0.037 0.037 0.041 0.051 0.061  B 190432
   3874.87137 11.793 11.807 11.808 11.807 11.841    0.035 0.052 0.031 0.036 0.040  A 191097
   3877.79862 11.866 11.855 11.877 11.885 11.881    0.025 0.028 0.026 0.030 0.033  A 191543
   3880.88596 11.877 11.854 11.908 11.933 11.922    0.029 0.030 0.028 0.034 0.039  A 191889
   3883.87866 11.939 11.964 11.918 11.885 11.863    0.041 0.080 0.036 0.039 0.042  B 192342
   3887.80264 11.849 11.840 11.831 11.844 11.859    0.033 0.046 0.029 0.034 0.038  A 192715
   3890.75780 29.999 29.999 29.999 29.999 29.999    0.092 0.085 0.108 0.137 0.161  D 193217
   3892.75792 11.832 11.824 11.816 11.823 11.826    0.030 0.041 0.028 0.032 0.037  A 193564
   3894.74095 11.850 11.822 11.857 11.885 11.895    0.028 0.030 0.025 0.029 0.033  A 193889
   3897.78496 11.753 11.722 11.788 11.810 11.752    0.080 0.085 0.091 0.112 0.135  D 194235
   3903.81888 11.746 11.730 11.757 11.793 11.769    0.031 0.048 0.030 0.034 0.038  A 195283
   3905.85837 11.730 11.699 11.731 11.735 11.736    0.039 0.069 0.035 0.040 0.044  A 195673
   3908.73493 11.697 11.632 11.709 11.715 11.708    0.037 0.064 0.032 0.035 0.038  A 196209
   4176.89116 11.732 11.754 11.718 11.710 11.642    0.039 0.045 0.042 0.049 0.058  A 218597
   4180.88838 11.770 11.848 11.755 11.795 11.803    0.046 0.051 0.049 0.059 0.072  B 219074
   4184.88026 11.767 11.854 11.685 11.631 11.586    0.048 0.052 0.056 0.070 0.084  D 219626
   4189.90452 11.835 11.844 11.802 11.812 11.828    0.036 0.042 0.032 0.035 0.040  A 220175
   4192.89725 11.826 11.806 11.841 11.857 11.877    0.037 0.044 0.033 0.038 0.043  A 220652
   4203.88972 11.920 11.907 11.943 11.992 12.001    0.035 0.035 0.033 0.036 0.042  A 221867
   4207.91944 11.815 11.864 11.773 11.757 11.739    0.038 0.041 0.040 0.047 0.053  A 222323
   4215.89108 11.917 12.009 11.907 11.903 11.897    0.039 0.043 0.035 0.040 0.046  A 222769
   4230.89539 11.974 11.995 11.983 12.012 12.048    0.038 0.053 0.033 0.038 0.042  A 223775
   4233.83786 12.014 12.015 11.999 11.998 11.998    0.037 0.040 0.036 0.041 0.048  A 224287
   4245.80447 11.844 11.848 11.847 11.882 11.914    0.053 0.050 0.059 0.073 0.088  D 226095
   4247.79306 11.841 11.821 11.858 11.890 11.883    0.043 0.048 0.039 0.043 0.047  A 226457
   4258.73582 11.748 11.742 11.763 11.767 11.745    0.035 0.042 0.031 0.035 0.040  A 227549
   4272.72956 11.808 11.798 11.812 11.824 11.823    0.036 0.043 0.031 0.036 0.041  A 228410
   4274.76789 11.800 11.845 11.810 11.802 11.801    0.034 0.036 0.029 0.033 0.035  A 228734
   4277.72377 11.870 11.842 11.858 11.853 11.838    0.032 0.032 0.027 0.031 0.034  A 229032
   4284.75897 11.834 11.898 11.823 11.856 11.918    0.037 0.049 0.034 0.039 0.045  A 229846
   4286.75730 11.954 12.034 11.955 11.978 11.954    0.053 0.053 0.057 0.070 0.082  D 230211
   4290.75197 11.975 11.973 11.970 12.011 12.094    0.067 0.056 0.082 0.104 0.117  D 230535
   4292.74082 11.919 11.929 11.899 11.891 11.894    0.031 0.033 0.026 0.029 0.033  A 230908
   4296.75159 11.930 11.955 11.927 11.932 11.952    0.045 0.057 0.044 0.053 0.061  B 231607
   4298.75246 12.010 12.006 12.027 12.064 12.121    0.039 0.046 0.037 0.046 0.054  A 231966
   4302.76208 11.979 12.013 11.887 11.793 99.999    0.034 0.045 0.029 0.033 0.039  C 232638
   4304.66971 12.014 12.013 11.990 11.993 12.000    0.035 0.040 0.029 0.034 0.037  A 232968
   4306.67418 12.009 12.009 11.998 12.000 12.032    0.032 0.037 0.028 0.032 0.035  A 233333
   4311.79802 11.834 11.892 11.843 11.866 11.931    0.041 0.053 0.039 0.047 0.054  A 234113
   4314.79949 11.877 11.883 11.855 11.837 11.817    0.041 0.045 0.036 0.042 0.047  A 234432
   4317.61144 11.860 11.835 11.852 11.858 11.861    0.030 0.032 0.026 0.030 0.034  A 234821
   4330.62045 11.693 11.734 11.662 11.665 11.674    0.040 0.053 0.037 0.041 0.044  A 235310
   4332.61688 11.795 11.856 11.780 11.805 11.826    0.039 0.050 0.034 0.038 0.042  A 235671
   4334.61123 11.785 11.798 11.754 11.765 11.789    0.034 0.047 0.029 0.033 0.036  A 236026
   4339.60375 11.833 11.778 11.829 11.828 11.834    0.040 0.052 0.035 0.042 0.048  A 236577
   4341.60379 11.801 11.833 11.775 11.782 11.772    0.036 0.045 0.031 0.036 0.041  A 236911
   4343.61075 11.752 11.861 11.710 11.691 11.683    0.042 0.066 0.034 0.038 0.042  A 237267
   4345.61668 11.880 11.886 11.879 11.917 11.968    0.041 0.062 0.040 0.046 0.050  A 237596
   4347.62128 11.727 11.744 11.722 11.740 11.744    0.038 0.058 0.034 0.038 0.042  A 237949
   4349.62096 11.833 11.846 11.852 11.859 11.848    0.047 0.076 0.043 0.048 0.053  B 238285
   4351.62041 11.727 11.740 11.783 11.852 11.865    0.047 0.067 0.045 0.053 0.060  B 238591
   4354.58619 11.808 11.824 11.809 11.832 11.817    0.032 0.041 0.027 0.030 0.034  A 238979
   4356.60506 11.877 11.868 11.856 11.847 11.844    0.032 0.032 0.030 0.035 0.040  A 239334
   4358.58842 11.903 11.932 11.883 11.886 11.892    0.033 0.038 0.028 0.031 0.034  A 239613
   4360.57150 11.951 11.952 11.964 11.988 11.949    0.034 0.035 0.032 0.039 0.045  A 239928
   4367.56441 11.938 11.946 11.929 11.938 11.960    0.039 0.053 0.035 0.041 0.047  A 240820
   4369.59401 11.950 11.946 11.924 11.963 12.030    0.042 0.046 0.041 0.048 0.057  A 241128
   4371.61308 11.951 11.918 11.971 11.993 11.986    0.036 0.047 0.035 0.040 0.047  A 241463
   4373.62511 11.883 11.863 11.868 11.856 11.818    0.028 0.029 0.028 0.033 0.038  A 241761
   4376.61733 11.874 11.905 11.877 11.903 11.887    0.032 0.033 0.029 0.033 0.036  A 242115
   4378.63357 11.844 11.851 11.815 11.791 11.750    0.034 0.042 0.033 0.040 0.046  A 242420
   4381.54879 11.839 11.800 11.842 11.860 11.854    0.041 0.061 0.039 0.042 0.048  A 242845
   4383.59358 11.864 11.894 11.845 11.859 11.884    0.035 0.033 0.035 0.039 0.042  A 243165
   4385.62461 11.854 11.850 11.848 11.862 99.999    0.033 0.035 0.027 0.031 0.034  C 243488
   4387.63989 11.866 11.947 11.890 11.909 11.909    0.037 0.038 0.033 0.038 0.043  A 243809
   4402.56037 11.837 11.917 11.855 11.883 11.897    0.034 0.043 0.032 0.038 0.043  A 245089
   4407.56953 12.478 12.535 12.416 12.417 12.427    0.038 0.052 0.034 0.037 0.042  A 245556
   4410.56257 11.747 11.811 11.714 11.686 11.641    0.031 0.037 0.034 0.041 0.048  A 245945
   4428.52484 11.952 11.940 11.970 12.013 12.019    0.045 0.062 0.046 0.055 0.065  B 247139
   4432.51480 11.934 11.912 11.918 11.911 11.883    0.033 0.037 0.035 0.040 0.045  A 247629
   4539.90211 11.856 11.844 11.900 11.960 12.012    0.050 0.048 0.057 0.069 0.082  D 260460
   4547.88996 11.793 11.827 11.769 11.753 11.747    0.037 0.039 0.040 0.048 0.054  A 261691
   4558.86054 11.705 11.739 11.683 11.679 11.661    0.034 0.036 0.031 0.037 0.041  A 263268
   4562.86284 11.739 11.767 11.704 11.692 11.674    0.036 0.045 0.035 0.041 0.046  A 263934
   4566.85813 99.999 99.999 99.999 99.999 99.999    0.040 0.049 0.039 0.043 0.047  C 264600
   4570.85086 11.749 11.791 11.736 11.748 11.748    0.031 0.034 0.029 0.034 0.038  A 265235
   4573.87870 11.786 11.777 11.773 11.744 11.687    0.035 0.042 0.035 0.041 0.048  A 265760
#ndata= 1
#dataset= 6 ; 1 F2224-16_285
#desig= 192945-2839.0
#cra=   19.495902  19:29:45.2
#cdec= -28.649325 -28:38:57.6
#class= 0
#cmag_0= 11.788
#cmer_0=  0.000
#nskip_0= 0
#cmag_1= 11.793
#cmer_1=  0.000
#nskip_1= 0
#cmag_2= 11.790
#cmer_2=  0.000
#nskip_2= 0
#cmag_3= 11.807
#cmer_3=  0.000
#nskip_3= 0
#cmag_4= 11.825
#cmer_4=  0.000
#nskip_4= 0
#ra=   19.495902  19:29:45.2
#dec= -28.649325 -28:38:57.6
#     HJD      MAG_1  MAG_0  MAG_2  MAG_3  MAG_4    MER_1 MER_0 MER_2 MER_3 MER_4 GRADE FRAME
   2791.81274 11.793 11.788 11.790 11.808 11.826    0.050 0.051 0.049 0.049 0.052  B 57617
