#ndata= 1
#dataset= 1 ; 1 F2000-40_152
#desig= 195303+1852.0
#cra=   19.884275  19:53:03.4
#cdec=  18.867424 18:52:02.7
#class= 0
#cmag_0= 11.288
#cmer_0=  0.000
#nskip_0= 0
#cmag_1= 11.308
#cmer_1=  0.000
#nskip_1= 0
#cmag_2= 11.328
#cmer_2=  0.000
#nskip_2= 0
#cmag_3= 11.341
#cmer_3=  0.000
#nskip_3= 0
#cmag_4= 11.307
#cmer_4=  0.000
#nskip_4= 0
#ra=   19.884275  19:53:03.4
#dec=  18.867424 18:52:02.7
#     HJD      MAG_1  MAG_0  MAG_2  MAG_3  MAG_4    MER_1 MER_0 MER_2 MER_3 MER_4 GRADE FRAME
   3327.51527 11.308 11.289 11.328 11.341 11.308    0.064 0.067 0.065 0.070 0.077  D 121198
#ndata= 183
#dataset= 2 ; 1 F1944+16_460
#desig= 195303+1852.0
#cra=   19.884302  19:53:03.5
#cdec=  18.866549 18:51:59.6
#class= 0
#cmag_0= 11.295
#cmer_0=  0.133
#nskip_0= 2
#cmag_1= 11.302
#cmer_1=  0.137
#nskip_1= 2
#cmag_2= 11.300
#cmer_2=  0.135
#nskip_2= 2
#cmag_3= 11.294
#cmer_3=  0.138
#nskip_3= 0
#cmag_4= 11.287
#cmer_4=  0.136
#nskip_4= 0
#ra=   19.884302  19:53:03.5
#dec=  18.866549 18:51:59.6
#     HJD      MAG_1  MAG_0  MAG_2  MAG_3  MAG_4    MER_1 MER_0 MER_2 MER_3 MER_4 GRADE FRAME
   2724.91184 11.315 11.314 11.311 11.302 11.274    0.029 0.030 0.028 0.033 0.038  A 47180
   2730.89465 11.377 11.400 11.369 11.365 11.375    0.030 0.027 0.028 0.032 0.035  A 48379
   2734.89110 11.518 11.505 11.493 11.458 11.471    0.033 0.034 0.030 0.030 0.033  A 48929
   2737.89082 11.478 11.495 11.482 11.487 11.443    0.026 0.028 0.025 0.029 0.031  A 49529
   2740.89111 11.377 11.376 11.375 11.373 11.371    0.032 0.026 0.027 0.032 0.034  A 50054
   2743.89135 11.321 11.331 11.312 11.301 11.280    0.026 0.024 0.023 0.028 0.031  A 50653
   2755.86276 11.430 11.411 11.424 11.419 11.455    0.024 0.023 0.022 0.025 0.027  A 52557
   2757.88744 11.501 11.462 11.504 11.518 11.516    0.027 0.032 0.023 0.027 0.031  A 52982
   2760.85361 11.529 11.565 11.554 11.547 11.528    0.026 0.026 0.024 0.027 0.031  A 53517
   2764.86871 11.428 11.423 11.427 11.415 11.382    0.024 0.025 0.020 0.024 0.028  A 54346
   2769.87005 11.430 11.390 11.406 11.377 11.282    0.058 0.055 0.064 0.078 0.092  D 54750
   2786.80375 11.506 11.535 11.490 11.478 11.459    0.022 0.028 0.021 0.025 0.027  A 56637
   2790.81758 11.417 11.475 11.405 11.405 11.446    0.035 0.037 0.037 0.045 0.051  A 57402
   2805.87318 11.414 11.344 11.399 11.401 11.360    0.038 0.047 0.035 0.041 0.046  A 59259
   2809.76020 11.466 11.454 11.449 11.457 11.453    0.024 0.029 0.023 0.027 0.029  A 59556
   2810.88062 11.498 11.498 11.506 11.524 11.501    0.024 0.033 0.023 0.027 0.030  A 59831
   2812.73710 11.513 11.482 11.504 11.492 11.501    0.025 0.025 0.022 0.025 0.028  A 60225
   2816.80445 11.443 11.417 11.447 11.460 11.447    0.026 0.028 0.023 0.026 0.028  A 60927
   2819.83924 11.420 11.397 11.452 11.509 11.535    0.038 0.042 0.034 0.039 0.044  A 61376
   2821.74778 11.384 11.365 11.389 11.366 11.363    0.026 0.029 0.023 0.027 0.031  A 61779
   2830.80191 11.324 11.369 11.359 11.375 11.370    0.036 0.036 0.031 0.036 0.041  A 62573
   2832.67759 11.434 11.397 11.402 11.384 11.401    0.030 0.031 0.027 0.032 0.037  A 62976
   2843.67573 11.451 11.391 11.458 11.486 11.463    0.032 0.033 0.028 0.032 0.035  A 64924
   2858.68908 11.376 11.341 11.363 11.365 11.380    0.030 0.031 0.025 0.029 0.031  A 66343
   2860.63659 11.427 11.445 11.428 11.411 11.430    0.026 0.029 0.024 0.028 0.032  A 66750
   2866.66046 11.519 11.528 11.534 11.525 11.524    0.027 0.032 0.024 0.028 0.030  A 67567
   2867.72307 11.497 11.447 11.502 11.528 11.515    0.025 0.033 0.023 0.027 0.030  A 67798
   2872.66239 11.341 11.387 11.370 11.371 11.377    0.028 0.028 0.024 0.027 0.028  A 68170
   2875.67169 11.364 11.370 11.382 11.395 11.389    0.025 0.032 0.020 0.022 0.025  A 68565
   2877.65608 11.386 11.395 11.382 11.387 11.358    0.023 0.028 0.021 0.025 0.028  A 68955
   2879.67057 11.352 11.382 11.356 11.338 11.329    0.024 0.028 0.022 0.025 0.027  A 69268
   2883.55681 11.369 11.337 11.357 11.341 11.343    0.027 0.030 0.023 0.026 0.028  A 69594
   2885.54914 11.408 11.421 11.422 11.442 11.422    0.026 0.025 0.022 0.025 0.028  A 69988
   2888.56964 11.573 11.539 11.538 11.509 11.477    0.033 0.030 0.027 0.031 0.034  A 70415
   2893.55646 11.619 11.561 11.588 11.570 11.541    0.034 0.031 0.029 0.034 0.039  A 70845
   2894.59345 11.520 11.500 11.520 11.513 11.535    0.032 0.042 0.031 0.035 0.040  A 71058
   2897.57656 11.489 11.491 11.473 11.466 11.427    0.028 0.032 0.025 0.029 0.033  A 71645
   2901.56169 11.482 11.447 11.525 11.596 11.641    0.046 0.050 0.051 0.061 0.071  A 72387
   2904.62030 11.406 11.381 11.411 11.438 11.420    0.033 0.043 0.029 0.033 0.037  A 72850
   2906.61841 11.328 11.318 11.338 11.354 11.323    0.027 0.031 0.022 0.027 0.029  A 73172
   2910.49644 11.338 11.328 11.320 11.297 11.287    0.026 0.032 0.025 0.029 0.033  A 73664
   2912.51968 11.389 11.386 11.389 11.389 11.389    0.027 0.030 0.025 0.029 0.032  A 74052
   2915.54599 11.485 11.456 11.488 11.487 11.455    0.026 0.036 0.024 0.029 0.032  A 74346
   2917.57158 11.508 11.528 11.501 11.481 11.482    0.029 0.038 0.026 0.030 0.035  A 74737
   2921.57105 11.528 11.501 11.514 11.510 11.524    0.035 0.037 0.035 0.043 0.049  A 75058
   2923.56816 11.413 11.402 11.411 11.461 11.472    0.033 0.044 0.031 0.037 0.042  A 75427
   2926.56890 11.452 11.420 11.435 11.419 11.443    0.028 0.035 0.026 0.031 0.035  A 75788
   2929.50747 11.407 11.400 11.391 11.382 11.354    0.026 0.032 0.023 0.027 0.030  A 76303
   2931.52314 11.411 11.414 11.377 11.351 11.373    0.031 0.039 0.029 0.034 0.039  A 76673
   2933.52968 11.317 11.305 11.332 11.324 11.280    0.027 0.037 0.025 0.029 0.033  A 77030
   2935.53096 11.362 11.300 11.343 11.344 11.307    0.032 0.040 0.028 0.033 0.038  A 77388
   2940.51937 11.429 11.390 11.446 11.451 11.425    0.034 0.041 0.034 0.039 0.045  A 77953
   2942.51432 11.491 11.487 11.492 11.504 11.467    0.031 0.037 0.029 0.035 0.040  A 78152
   3100.90291 11.435 11.461 11.444 11.442 11.472    0.049 0.048 0.052 0.060 0.066  A 97362
   3104.91631 11.382 11.373 11.360 11.342 11.297    0.052 0.050 0.053 0.061 0.069  A 98007
   3108.89159 11.358 11.318 11.349 11.333 11.355    0.032 0.032 0.032 0.037 0.041  A 98625
   3112.89518 11.351 11.326 11.344 11.357 11.353    0.043 0.044 0.044 0.048 0.053  A 99247
   3116.88964 11.272 11.322 11.275 11.258 11.248    0.052 0.050 0.052 0.059 0.064  A 99903
   3122.91869 11.381 11.409 11.380 11.366 11.335    0.030 0.032 0.029 0.035 0.040  A 100311
   3125.85154 11.423 11.447 11.447 11.450 11.456    0.055 0.054 0.057 0.064 0.071  B 100791
   3128.86770 11.453 11.425 11.451 11.453 11.417    0.060 0.060 0.062 0.070 0.076  D 101281
   3131.90485 11.385 11.398 11.410 11.431 11.462    0.033 0.035 0.034 0.042 0.049  A 101743
   3142.83945 11.305 11.313 11.337 11.354 11.327    0.032 0.031 0.029 0.033 0.038  A 103176
   3146.81914 11.395 11.374 11.381 11.378 11.359    0.033 0.033 0.034 0.041 0.048  A 103582
   3153.89767 11.455 11.482 11.474 11.484 11.482    0.032 0.030 0.032 0.038 0.043  A 103852
   3156.81395 11.413 11.381 11.402 11.390 11.355    0.040 0.042 0.040 0.047 0.051  A 104228
   3159.77450 11.443 11.419 11.395 11.350 11.338    0.057 0.056 0.061 0.071 0.083  D 104611
   3162.82231 11.371 11.369 11.356 11.345 11.335    0.033 0.030 0.032 0.039 0.044  A 104909
   3164.85234 11.318 11.336 11.301 11.282 11.271    0.027 0.032 0.025 0.030 0.034  A 105271
   3170.78463 11.318 11.328 11.319 11.328 11.302    0.034 0.035 0.033 0.039 0.044  A 106059
   3173.75685 11.435 11.399 11.419 11.420 11.404    0.046 0.042 0.045 0.052 0.059  A 106437
   3179.82187 11.403 11.391 11.409 11.422 11.378    0.030 0.035 0.029 0.034 0.038  A 107263
   3182.75939 11.403 11.360 11.379 11.374 11.382    0.036 0.039 0.028 0.033 0.036  A 107544
   3184.74069 11.400 11.395 11.392 11.391 11.374    0.030 0.031 0.030 0.036 0.041  A 107867
   3187.71299 11.422 11.410 11.440 11.450 11.428    0.039 0.036 0.036 0.041 0.048  A 108297
   3190.72982 11.276 11.278 11.298 11.312 11.290    0.038 0.038 0.038 0.044 0.052  A 108635
   3271.59833 11.212 11.255 11.235 11.248 11.227    0.039 0.052 0.036 0.041 0.044  A 115922
   3273.62252 11.243 11.208 11.230 11.215 11.216    0.037 0.048 0.036 0.041 0.047  A 116197
   3276.58872 11.269 11.280 11.274 11.313 11.334    0.051 0.053 0.054 0.063 0.074  B 116562
   3279.53415 11.447 11.421 11.428 11.405 11.399    0.031 0.044 0.028 0.032 0.036  A 116937
   3294.52655 11.281 11.271 11.285 11.295 11.312    0.034 0.038 0.028 0.031 0.035  A 118345
   3298.53454 11.181 11.223 11.215 11.208 11.214    0.038 0.050 0.036 0.040 0.043  A 118771
   3457.90602 11.287 11.290 11.283 11.269 11.253    0.037 0.046 0.042 0.050 0.058  A 136449
   3472.91498 11.152 11.141 11.146 11.122 11.132    0.033 0.040 0.034 0.040 0.046  A 138797
   3476.89411 11.199 11.216 11.202 11.213 11.191    0.042 0.066 0.041 0.048 0.055  A 139460
   3479.89736 11.183 11.165 11.186 11.175 11.185    0.037 0.052 0.038 0.042 0.046  A 139940
   3482.87383 11.100 11.154 11.123 11.178 11.274    0.075 0.078 0.083 0.099 0.114  D 140403
   3502.82681 29.999 29.999 29.999 29.999 29.999    0.036 0.047 0.038 0.044 0.050  C 142688
   3511.80421 11.411 11.360 11.400 11.403 11.366    0.031 0.040 0.032 0.038 0.043  A 143727
   3515.80587 11.399 11.451 11.390 11.382 11.414    0.035 0.039 0.037 0.045 0.053  A 144104
   3518.78502 11.345 11.320 11.269 11.209 11.127    0.078 0.082 0.090 0.112 0.128  D 144567
   3521.89092 11.196 11.162 11.190 11.177 11.165    0.051 0.082 0.046 0.050 0.054  B 144921
   3524.76521 11.137 11.155 11.139 11.152 11.187    0.040 0.056 0.043 0.050 0.057  A 145383
   3526.85439 11.124 11.112 11.119 11.120 11.090    0.036 0.053 0.035 0.042 0.048  A 145753
   3529.76494 11.117 11.126 11.116 11.129 11.152    0.033 0.052 0.036 0.043 0.049  A 146237
   3543.71636 11.361 11.381 11.361 11.321 11.319    0.036 0.041 0.040 0.047 0.054  A 147580
   3550.80649 11.129 11.148 11.134 11.126 11.106    0.039 0.054 0.038 0.045 0.050  A 148268
   3553.70233 11.112 11.117 11.124 11.142 11.148    0.030 0.036 0.028 0.033 0.037  A 148609
   3555.82022 11.184 11.193 11.194 11.191 11.178    0.032 0.041 0.031 0.037 0.043  A 148985
   3559.67736 11.150 11.125 11.171 11.178 11.183    0.035 0.041 0.034 0.039 0.044  A 149420
   3561.69423 11.225 11.234 11.224 11.228 11.206    0.033 0.043 0.033 0.038 0.044  A 149762
   3563.68177 11.277 11.276 11.270 11.254 11.233    0.028 0.038 0.029 0.034 0.039  A 150099
   3569.74139 11.361 11.340 11.346 11.291 11.278    0.032 0.040 0.030 0.035 0.040  A 150606
   3571.74111 11.264 11.289 11.269 11.257 11.231    0.036 0.041 0.035 0.041 0.047  A 150942
   3574.75788 11.115 11.135 11.119 11.115 11.149    0.034 0.045 0.036 0.044 0.050  A 151328
   3576.77304 11.086 11.061 11.088 11.078 11.075    0.032 0.043 0.032 0.037 0.042  A 151691
   3583.70802 11.162 11.212 11.153 11.154 11.124    0.045 0.081 0.039 0.044 0.048  B 152859
   3585.74726 11.163 11.238 11.161 11.162 11.122    0.050 0.086 0.044 0.048 0.052  B 153216
   3587.76093 11.218 11.245 11.236 11.224 11.257    0.033 0.038 0.033 0.039 0.044  A 153565
   3590.60597 11.320 11.314 11.325 11.329 11.346    0.028 0.041 0.030 0.036 0.039  A 154001
   3592.68128 11.360 11.375 11.369 11.363 11.311    0.049 0.088 0.043 0.048 0.052  B 154377
   3596.66566 11.306 11.274 11.297 11.268 11.271    0.032 0.044 0.031 0.036 0.040  A 154973
   3602.64749 11.056 11.064 11.086 11.110 11.081    0.038 0.054 0.038 0.046 0.053  A 155739
   3617.60575 11.392 11.343 11.365 11.332 11.300    0.042 0.047 0.044 0.052 0.060  A 157124
   3620.52562 11.343 11.313 11.346 11.349 11.365    0.033 0.044 0.033 0.040 0.045  A 157552
   3622.59798 11.297 11.259 11.312 11.335 11.334    0.034 0.044 0.033 0.037 0.040  A 157892
   3626.59876 11.078 11.075 11.101 11.103 11.091    0.033 0.040 0.029 0.035 0.040  A 158308
   3629.62377 11.154 11.128 11.145 11.119 11.147    0.041 0.059 0.040 0.048 0.055  A 158613
   3631.61983 11.158 11.132 11.144 11.139 11.166    0.041 0.059 0.041 0.049 0.056  A 158950
   3634.57397 11.168 11.144 11.194 11.208 11.192    0.043 0.067 0.041 0.047 0.051  A 159357
   3637.60225 11.235 11.201 11.206 11.194 11.207    0.038 0.043 0.036 0.042 0.048  A 159696
   3641.55257 11.312 11.268 11.331 11.339 11.350    0.032 0.041 0.030 0.034 0.040  A 160147
   3643.60036 11.403 11.354 11.379 11.337 11.345    0.039 0.052 0.039 0.044 0.049  A 160443
   3647.54829 11.357 11.347 11.341 11.340 11.334    0.031 0.035 0.028 0.032 0.036  A 160873
   3650.51233 11.237 11.260 11.238 11.218 11.242    0.038 0.051 0.037 0.043 0.049  A 161269
   3652.52721 11.020 11.004 11.032 11.019 10.998    0.047 0.083 0.043 0.048 0.053  B 161566
   3654.54753 11.034 10.977 11.046 11.065 11.059    0.049 0.088 0.044 0.050 0.055  B 161851
   3657.55658 11.131 11.107 11.129 11.134 11.169    0.039 0.057 0.039 0.046 0.053  A 162292
   3660.51337 11.174 11.220 11.201 11.208 11.161    0.050 0.084 0.047 0.054 0.059  B 162739
   3662.53610 11.168 11.145 11.187 11.200 11.198    0.053 0.084 0.052 0.059 0.066  B 163034
   3664.55160 11.122 11.085 11.133 11.129 11.160    0.051 0.089 0.046 0.051 0.055  D 163329
   3668.52770 11.321 11.301 11.329 11.330 11.343    0.031 0.038 0.029 0.034 0.038  A 163794
   3671.51923 11.398 11.389 11.401 11.402 11.371    0.035 0.053 0.031 0.037 0.041  A 164222
   3674.52076 11.231 11.204 11.270 11.279 11.232    0.049 0.085 0.043 0.047 0.051  B 164652
   3678.50170 11.155 11.140 11.136 11.119 11.100    0.037 0.050 0.039 0.047 0.053  A 165189
   3862.85617 11.045 11.059 11.043 11.054 11.054    0.032 0.042 0.031 0.036 0.041  A 189270
   3864.83259 11.059 11.038 11.067 11.075 11.050    0.032 0.043 0.034 0.041 0.048  A 189603
   3866.83429 11.190 11.153 11.181 11.182 11.161    0.033 0.040 0.034 0.041 0.046  A 189949
   3868.84189 11.179 11.210 11.178 11.144 11.136    0.037 0.044 0.041 0.049 0.056  A 190264
   3883.80525 11.190 11.194 11.188 11.178 11.203    0.031 0.041 0.032 0.037 0.042  A 192318
   3897.76686 11.328 11.274 11.293 11.242 11.262    0.057 0.060 0.066 0.081 0.095  D 194230
   3900.73853 11.301 11.270 11.303 11.293 11.270    0.037 0.043 0.040 0.049 0.055  A 194689
   3902.75520 11.360 11.367 11.359 11.377 11.383    0.031 0.038 0.033 0.040 0.045  A 195072
   3904.82925 11.415 11.438 11.411 11.377 11.381    0.055 0.092 0.050 0.055 0.058  D 195477
   3907.71561 11.254 11.237 11.248 11.228 11.235    0.033 0.048 0.033 0.038 0.043  A 196011
   3909.83235 11.228 11.183 11.227 11.219 11.160    0.044 0.075 0.041 0.048 0.053  A 196440
   3913.80068 99.999 99.999 99.999 99.999 99.999    0.035 0.053 0.034 0.039 0.043  C 196991
   3983.60821 11.401 11.426 11.391 11.393 11.377    0.045 0.059 0.045 0.053 0.061  A 203607
   4283.78634 11.121 11.137 11.115 11.105 11.083    0.045 0.056 0.048 0.059 0.069  A 229687
   4301.73551 11.209 11.215 11.206 11.202 11.216    0.037 0.047 0.036 0.043 0.049  A 232502
   4305.72634 11.165 11.150 11.157 11.168 11.170    0.037 0.044 0.032 0.037 0.041  A 233164
   4307.64828 11.147 11.110 11.122 11.110 11.082    0.035 0.043 0.033 0.039 0.045  A 233481
   4309.71566 11.087 11.111 11.099 11.090 11.087    0.041 0.047 0.041 0.049 0.057  A 233817
   4311.72131 29.999 29.999 29.999 29.999 29.999    0.045 0.063 0.042 0.048 0.055  C 234089
   4317.59541 11.267 11.276 11.270 11.272 11.318    0.033 0.041 0.030 0.035 0.039  A 234816
   4330.58083 11.165 11.167 11.170 11.159 11.161    0.033 0.039 0.030 0.036 0.040  A 235296
   4332.58014 11.152 11.141 11.146 11.143 11.128    0.033 0.041 0.032 0.036 0.040  A 235659
   4334.64725 11.110 11.103 11.109 11.121 11.130    0.035 0.043 0.032 0.037 0.041  A 236039
   4338.63610 11.137 11.097 11.152 11.175 11.177    0.042 0.055 0.038 0.044 0.050  A 236430
   4340.68816 11.188 11.211 11.182 11.184 11.188    0.046 0.061 0.044 0.052 0.058  A 236786
   4342.68166 11.242 11.239 11.242 11.258 11.265    0.044 0.053 0.042 0.050 0.058  A 237114
   4345.51989 11.283 11.325 11.285 11.275 11.277    0.042 0.069 0.037 0.042 0.047  A 237562
   4347.53543 11.262 11.318 11.267 11.269 11.254    0.039 0.060 0.034 0.039 0.043  A 237919
   4349.60629 11.183 11.223 11.166 11.159 11.183    0.044 0.066 0.046 0.053 0.059  A 238280
   4351.60580 11.173 11.164 11.152 11.133 11.118    0.044 0.062 0.044 0.052 0.059  A 238586
   4354.59653 11.197 11.142 11.175 11.192 11.187    0.034 0.045 0.031 0.036 0.040  A 238983
   4356.61858 11.161 11.164 11.180 11.172 11.175    0.037 0.052 0.034 0.039 0.044  A 239339
   4358.62287 11.140 11.128 11.146 11.178 11.181    0.038 0.044 0.035 0.039 0.043  A 239625
   4360.58219 11.061 11.089 11.069 11.026 11.014    0.039 0.045 0.039 0.047 0.055  A 239932
   4362.61887 11.060 11.058 11.033 11.019 11.016    0.036 0.045 0.034 0.039 0.045  A 240166
   4364.59204 11.126 11.090 11.118 11.100 11.113    0.040 0.050 0.037 0.043 0.049  A 240489
   4368.56791 11.261 11.295 11.239 11.200 11.179    0.044 0.059 0.041 0.049 0.055  A 240961
   4372.59012 11.308 11.288 11.309 11.305 11.275    0.048 0.068 0.048 0.056 0.063  A 241616
   4376.53438 11.217 11.253 99.999 99.999 99.999    0.037 0.052 0.033 0.037 0.041  C 242084
   4378.55790 11.188 11.188 11.190 11.212 11.199    0.037 0.045 0.037 0.044 0.051  A 242393
   4381.52708 11.157 11.101 11.181 11.183 11.173    0.047 0.069 0.044 0.049 0.054  A 242837
   4383.58087 11.129 11.124 11.151 11.165 11.186    0.040 0.056 0.036 0.040 0.044  A 243160
   4386.53908 11.055 11.078 11.076 11.077 11.102    0.036 0.044 0.031 0.036 0.040  A 243616
   4388.52282 11.061 11.096 11.055 11.072 11.087    0.037 0.048 0.032 0.035 0.040  A 243924
   4392.53239 11.100 11.099 11.132 11.124 11.093    0.043 0.061 0.043 0.050 0.055  A 244484
   4403.51139 11.163 11.153 11.192 11.193 11.168    0.044 0.068 0.039 0.043 0.048  A 245219
   4409.50795 11.118 11.167 11.131 11.118 11.126    0.041 0.063 0.037 0.043 0.047  A 245827
   4569.91255 11.140 11.154 11.137 11.130 11.113    0.037 0.042 0.034 0.039 0.045  A 265081
#ndata= 5
#dataset= 3 ; 1 F2016+16_461
#desig= 195303+1852.0
#cra=   19.884287  19:53:03.4
#cdec=  18.866522 18:51:59.5
#class= 0
#cmag_0= 11.418
#cmer_0=  0.058
#nskip_0= 0
#cmag_1= 11.422
#cmer_1=  0.060
#nskip_1= 0
#cmag_2= 11.431
#cmer_2=  0.062
#nskip_2= 0
#cmag_3= 11.410
#cmer_3=  0.064
#nskip_3= 0
#cmag_4= 11.435
#cmer_4=  0.062
#nskip_4= 0
#ra=   19.884287  19:53:03.4
#dec=  18.866522 18:51:59.5
#     HJD      MAG_1  MAG_0  MAG_2  MAG_3  MAG_4    MER_1 MER_0 MER_2 MER_3 MER_4 GRADE FRAME
   2728.91084 11.374 11.380 11.392 11.381 11.441    0.041 0.041 0.041 0.048 0.053  A 47975
   2770.87867 11.193 11.270 11.193 11.182 11.239    0.059 0.056 0.060 0.073 0.086  D 54959
   2783.79561 11.450 11.450 11.432 11.397 11.402    0.039 0.042 0.040 0.046 0.051  A 55999
   2886.68656 11.435 11.426 11.450 11.464 11.431    0.035 0.040 0.034 0.040 0.046  A 70257
   2894.59345 11.491 11.480 11.506 11.494 11.510    0.040 0.046 0.040 0.047 0.053  A 71058
#ndata= 94
#dataset= 4 ; 1 F1944+24_505
#desig= 195303+1852.0
#cra=   19.884304  19:53:03.5
#cdec=  18.866971 18:52:01.1
#class= 0
#cmag_0= 11.243
#cmer_0=  0.090
#nskip_0= 2
#cmag_1= 11.257
#cmer_1=  0.088
#nskip_1= 1
#cmag_2= 11.240
#cmer_2=  0.089
#nskip_2= 1
#cmag_3= 11.232
#cmer_3=  0.092
#nskip_3= 1
#cmag_4= 11.219
#cmer_4=  0.094
#nskip_4= 1
#ra=   19.884304  19:53:03.5
#dec=  18.866971 18:52:01.1
#     HJD      MAG_1  MAG_0  MAG_2  MAG_3  MAG_4    MER_1 MER_0 MER_2 MER_3 MER_4 GRADE FRAME
   3465.91725 11.451 11.437 11.408 11.375 11.386    0.040 0.063 0.038 0.046 0.052  B 137750
   3469.90797 11.226 11.216 11.205 11.191 11.187    0.031 0.034 0.032 0.038 0.043  A 138340
   3473.89176 11.317 11.299 11.280 11.267 11.238    0.032 0.034 0.030 0.034 0.038  A 138965
   3476.88010 11.247 11.228 11.219 11.173 11.151    0.039 0.052 0.040 0.047 0.053  A 139455
   3479.88310 11.238 11.272 11.188 11.154 11.184    0.057 0.100 0.054 0.060 0.065  D 139935
   3481.87167 11.319 11.319 11.297 11.295 11.252    0.039 0.045 0.040 0.045 0.050  A 140255
   3489.85389 11.404 11.454 11.378 11.356 11.320    0.042 0.043 0.046 0.057 0.067  B 141029
   3492.84349 99.999 99.999 99.999 99.999 99.999    0.032 0.039 0.033 0.039 0.045  C 141545
   3496.83288 11.209 11.222 11.208 11.203 11.178    0.032 0.037 0.031 0.036 0.040  A 141822
   3500.82622 11.244 11.222 11.238 11.253 11.248    0.034 0.043 0.034 0.040 0.044  A 142335
   3503.81404 11.250 11.195 11.251 11.247 11.223    0.031 0.039 0.030 0.035 0.040  A 142867
   3509.79486 11.338 11.317 11.318 11.307 11.313    0.030 0.035 0.029 0.033 0.037  A 143476
   3512.79349 11.389 11.405 11.417 11.429 11.414    0.034 0.038 0.036 0.043 0.049  A 143912
   3516.77392 11.452 11.473 11.386 11.364 11.319    0.046 0.059 0.052 0.066 0.072  B 144220
   3520.76431 11.259 11.253 11.224 11.194 11.190    0.036 0.050 0.035 0.039 0.044  A 144715
   3522.76647 11.231 11.224 11.220 11.222 11.168    0.062 0.110 0.058 0.066 0.071  D 145065
   3525.75376 11.201 11.046 11.199 11.220 11.225    0.046 0.078 0.047 0.054 0.059  D 145532
   3530.74566 11.235 11.194 11.223 11.212 11.210    0.034 0.041 0.034 0.038 0.042  A 146408
   3542.70560 11.374 11.315 11.387 11.415 11.373    0.069 0.068 0.077 0.092 0.108  D 147446
   3550.68490 11.167 11.128 11.163 11.169 11.168    0.042 0.044 0.045 0.054 0.062  B 148231
   3553.67723 11.187 11.195 11.173 11.167 11.145    0.039 0.039 0.036 0.041 0.046  A 148601
   3560.65729 11.252 11.284 11.255 11.263 11.227    0.035 0.048 0.033 0.035 0.039  A 149568
   3563.65487 11.326 11.327 11.298 11.296 11.256    0.031 0.037 0.031 0.036 0.041  A 150090
   3571.62776 11.350 11.364 11.352 11.364 11.323    0.032 0.037 0.033 0.039 0.044  A 150903
   3575.61718 11.175 11.170 11.171 11.165 11.151    0.030 0.036 0.031 0.037 0.042  A 151465
   3578.61707 11.178 11.152 11.150 11.143 11.155    0.029 0.038 0.029 0.033 0.037  A 151968
   3585.59819 11.167 11.171 11.168 11.191 11.181    0.037 0.055 0.034 0.039 0.043  A 153167
   3588.58660 11.249 11.296 99.999 99.999 99.999    0.036 0.040 0.037 0.042 0.049  C 153646
   3591.57759 11.410 11.369 11.390 11.388 11.403    0.030 0.039 0.030 0.033 0.037  A 154169
   3593.56917 11.404 11.439 11.404 11.407 11.376    0.031 0.038 0.030 0.035 0.040  A 154516
   3600.55511 11.169 11.157 11.125 11.105 11.083    0.050 0.053 0.055 0.068 0.080  B 155375
   3603.54577 11.150 11.179 11.137 11.130 11.105    0.032 0.036 0.033 0.039 0.044  A 155851
   3607.53921 11.214 11.232 11.206 11.198 11.173    0.031 0.037 0.031 0.037 0.042  A 156244
   3619.49676 29.999 29.999 29.999 29.999 29.999    0.034 0.037 0.034 0.039 0.044  C 157387
   3622.49752 29.999 29.999 29.999 29.999 29.999    0.040 0.047 0.043 0.049 0.055  C 157860
   3833.91052 11.158 11.100 11.110 11.084 11.067    0.040 0.047 0.044 0.053 0.061  A 185864
   3836.90157 11.046 11.054 11.031 11.024 11.052    0.036 0.044 0.040 0.048 0.056  A 186369
   3848.87507 11.375 11.376 11.370 11.364 11.368    0.049 0.054 0.055 0.063 0.073  B 186996
   3851.86091 11.384 11.361 11.391 11.413 11.430    0.042 0.052 0.049 0.061 0.070  B 187514
   3862.83693 11.083 11.092 11.076 11.083 11.061    0.030 0.037 0.030 0.035 0.039  A 189263
   3864.82268 11.095 11.061 11.084 11.079 11.048    0.036 0.048 0.036 0.043 0.048  A 189600
   3866.82223 11.208 11.182 11.190 11.175 11.124    0.033 0.037 0.034 0.040 0.045  A 189945
   3868.81238 11.283 11.236 11.282 11.272 11.257    0.036 0.038 0.040 0.048 0.056  A 190254
   3870.81260 11.284 11.267 11.286 11.308 11.312    0.033 0.038 0.037 0.045 0.052  A 190619
   3872.81038 11.336 11.294 11.327 11.346 11.329    0.035 0.041 0.037 0.044 0.049  A 190990
   3880.78345 11.292 11.295 11.285 11.279 11.232    0.031 0.035 0.031 0.037 0.040  A 191855
   3883.77423 11.197 11.193 11.183 11.187 11.158    0.031 0.042 0.032 0.037 0.041  A 192307
   3887.76339 11.155 11.084 11.152 11.124 11.093    0.037 0.043 0.039 0.046 0.052  A 192702
   3889.75781 11.116 11.077 11.114 11.104 11.111    0.042 0.044 0.044 0.052 0.059  A 193026
   3892.74440 11.270 11.166 11.255 11.233 11.239    0.033 0.039 0.031 0.036 0.041  A 193560
   3894.74584 11.278 11.285 11.266 11.244 11.248    0.033 0.037 0.031 0.035 0.040  A 193891
   3898.73527 11.246 11.243 11.231 11.212 11.222    0.046 0.050 0.051 0.063 0.073  B 194384
   3901.72457 11.474 11.414 11.487 11.489 11.470    0.037 0.050 0.039 0.047 0.053  A 194875
   3904.71902 11.379 11.378 11.345 11.292 11.285    0.030 0.036 0.032 0.037 0.041  A 195440
   3907.70602 11.266 11.267 11.247 11.244 11.203    0.032 0.036 0.032 0.037 0.041  A 196008
   3983.50672 11.331 11.281 11.313 11.309 11.295    0.038 0.050 0.040 0.049 0.056  A 203574
   4202.90377 11.227 11.217 11.224 11.221 11.226    0.037 0.050 0.037 0.043 0.047  A 221722
   4205.89214 11.182 11.184 11.177 11.150 11.167    0.044 0.055 0.044 0.052 0.059  A 222198
   4215.86102 11.361 11.370 11.364 11.374 11.363    0.043 0.044 0.039 0.045 0.050  A 222762
   4227.83221 11.224 11.210 11.212 11.210 11.198    0.037 0.039 0.034 0.039 0.044  A 223226
   4229.82620 11.200 11.190 11.185 11.190 11.193    0.034 0.040 0.032 0.038 0.043  A 223580
   4231.82773 11.185 11.193 11.176 11.185 11.133    0.035 0.036 0.035 0.041 0.046  A 223938
   4234.81304 11.194 11.170 11.191 11.190 11.203    0.038 0.046 0.037 0.043 0.048  A 224460
   4245.78571 11.295 11.317 11.255 11.221 11.281    0.059 0.058 0.066 0.079 0.096  B 226090
   4247.77500 11.342 11.319 11.317 11.305 11.315    0.035 0.041 0.032 0.037 0.043  A 226452
   4253.76449 11.236 11.256 11.246 11.246 11.263    0.041 0.043 0.038 0.044 0.050  A 226891
   4256.75432 11.560 11.631 11.526 11.507 11.531    0.036 0.045 0.033 0.038 0.043  A 227293
   4272.71605 11.340 11.338 99.999 99.999 99.999    0.040 0.041 0.037 0.041 0.046  C 228406
   4274.71344 11.332 11.335 11.281 11.258 11.246    0.038 0.042 0.036 0.040 0.045  A 228716
   4277.69496 11.267 11.270 11.247 11.241 11.258    0.036 0.039 0.032 0.036 0.040  A 229023
   4283.67491 11.205 11.175 11.197 11.173 11.178    0.043 0.046 0.045 0.055 0.063  B 229649
   4285.67572 11.162 11.145 11.128 11.121 11.090    0.038 0.043 0.038 0.045 0.052  A 229994
   4289.67277 11.278 11.248 11.268 11.256 11.250    0.036 0.040 0.033 0.037 0.043  A 230348
   4292.65778 11.304 11.318 11.288 11.270 11.243    0.033 0.035 0.029 0.033 0.036  A 230879
   4295.64574 11.294 11.301 11.270 11.281 11.285    0.032 0.039 0.030 0.035 0.040  A 231395
   4297.64542 11.265 11.282 11.250 11.228 11.181    0.039 0.042 0.040 0.048 0.055  A 231746
   4299.63547 11.243 11.238 11.228 11.200 11.197    0.034 0.039 0.031 0.036 0.040  A 232117
   4301.63492 11.255 11.259 11.257 11.236 11.222    0.035 0.040 0.035 0.041 0.047  A 232468
   4303.63381 11.237 11.232 11.244 11.218 11.194    0.037 0.041 0.032 0.036 0.041  A 232764
   4305.62791 11.216 11.162 11.202 11.201 11.189    0.037 0.042 0.032 0.037 0.041  A 233134
   4307.61994 11.188 11.199 11.174 11.181 11.169    0.035 0.044 0.034 0.038 0.045  A 233472
   4311.60741 11.183 11.177 11.178 11.182 11.203    0.039 0.045 0.037 0.044 0.051  A 234048
   4315.59839 11.211 11.200 11.169 11.145 11.130    0.036 0.042 0.031 0.035 0.039  A 234552
   4319.58848 11.285 11.304 11.309 11.337 11.323    0.035 0.038 0.030 0.034 0.037  A 234965
   4331.53508 11.209 11.185 11.189 11.184 11.145    0.036 0.039 0.031 0.036 0.041  A 235457
   4333.54582 11.186 11.162 11.161 11.156 11.126    0.033 0.039 0.030 0.035 0.041  A 235824
   4339.52652 11.191 11.166 11.150 11.139 11.152    0.036 0.039 0.034 0.039 0.044  A 236569
   4342.51452 11.223 11.158 11.156 11.119 11.116    0.041 0.054 0.042 0.050 0.057  A 237054
   4345.51719 11.397 11.369 11.439 11.429 11.369    0.056 0.076 0.065 0.079 0.084  B 237561
   4348.50617 11.299 11.301 11.296 11.269 11.264    0.034 0.046 0.033 0.037 0.042  A 238086
   4351.49510 11.247 11.268 11.227 11.228 11.192    0.037 0.041 0.036 0.042 0.047  A 238549
   4355.49062 11.236 11.209 11.245 11.233 11.219    0.054 0.054 0.058 0.069 0.080  B 239118
   4568.91044 11.251 11.249 11.220 11.193 11.213    0.050 0.053 0.049 0.056 0.065  B 264916
   4572.91067 11.173 11.175 11.148 11.126 11.080    0.035 0.038 0.033 0.038 0.043  A 265603
