#ndata= 483
#dataset= 1 ; 1 F1200-80_012
#desig= 130416-7751.0
#cra=   13.071190  13:04:16.3
#cdec= -77.850066 -77:51:00.2
#class= 0
#cmag_0= 12.918
#cmer_0=  0.153
#nskip_0= 1
#cmag_1= 12.895
#cmer_1=  0.153
#nskip_1= 1
#cmag_2= 12.877
#cmer_2=  0.162
#nskip_2= 0
#cmag_3= 12.873
#cmer_3=  0.186
#nskip_3= 0
#cmag_4= 12.893
#cmer_4=  0.218
#nskip_4= 0
#ra=   13.071190  13:04:16.3
#dec= -77.850066 -77:51:00.2
#     HJD      MAG_0  MAG_1  MAG_2  MAG_3  MAG_4    MER_0 MER_1 MER_2 MER_3 MER_4 GRADE FRAME
   1869.85630 12.692 12.660 12.651 12.705 12.812    0.050 0.030 0.028 0.030 0.033  A 340
   1871.84251 12.810 12.818 12.757 12.689 12.665    0.079 0.039 0.034 0.038 0.040  D 610
   1873.84660 12.787 12.736 12.704 12.693 12.736    0.067 0.033 0.030 0.034 0.037  B 936
   1875.83434 12.923 12.944 12.936 12.946 12.980    0.078 0.038 0.034 0.038 0.042  B 1253
   1877.82396 12.927 12.883 12.858 12.840 12.905    0.056 0.029 0.027 0.029 0.032  A 1567
   1879.82217 13.009 12.982 12.927 12.895 12.939    0.040 0.024 0.023 0.027 0.030  A 1882
   1881.81771 13.125 13.081 13.073 13.074 13.095    0.045 0.026 0.024 0.027 0.030  A 2194
   1885.78635 13.149 13.074 12.997 12.966 13.089    0.042 0.026 0.024 0.028 0.031  A 2489
   1887.79905 13.371 13.379 13.313 13.285 13.323    0.038 0.029 0.028 0.032 0.036  A 2814
   1889.79950 13.104 13.144 13.025 12.935 13.112    0.063 0.036 0.036 0.042 0.048  A 3136
   1899.83412 29.999 29.999 29.999 29.999 29.999    0.031 0.029 0.025 0.030 0.034  C 3280
   1902.80156 13.086 13.094 13.040 12.987 12.949    0.047 0.025 0.024 0.027 0.030  A 3582
   1904.78386 13.143 13.017 13.073 13.204 13.217    0.055 0.030 0.029 0.033 0.035  A 3893
   1906.78381 12.989 12.925 12.882 12.827 12.887    0.037 0.025 0.023 0.027 0.029  A 4217
   1908.77318 12.857 12.869 12.845 12.837 12.856    0.055 0.031 0.027 0.030 0.032  A 4534
   1913.81295 12.884 12.853 12.842 12.855 12.838    0.041 0.026 0.024 0.028 0.031  A 4684
   1915.75935 13.013 12.957 12.950 13.005 13.049    0.050 0.029 0.025 0.029 0.032  A 4981
   1918.72086 12.853 12.786 12.765 12.758 12.766    0.050 0.031 0.032 0.037 0.042  A 5180
   1919.79922 29.999 29.999 29.999 29.999 29.999    0.037 0.030 0.029 0.034 0.039  C 5373
   1921.74274 12.841 12.837 12.799 12.740 12.718    0.041 0.031 0.028 0.033 0.037  A 5668
   1922.82921 12.771 12.749 12.774 12.797 12.790    0.030 0.028 0.023 0.027 0.031  A 5857
   1924.80674 12.820 12.871 12.799 12.812 12.873    0.039 0.030 0.026 0.031 0.034  A 6182
   1925.79537 12.888 12.962 12.941 12.982 13.085    0.034 0.029 0.026 0.029 0.034  A 6345
   1926.79181 12.816 12.823 12.800 12.788 12.794    0.039 0.028 0.027 0.030 0.033  A 6514
   1928.81780 12.928 12.864 12.791 12.772 12.832    0.049 0.027 0.024 0.027 0.030  A 6851
   1929.79467 12.828 12.866 12.855 12.831 12.780    0.035 0.029 0.023 0.026 0.028  A 6994
   1931.82497 12.815 12.810 12.744 12.733 12.772    0.030 0.028 0.023 0.025 0.029  A 7345
   1932.82976 12.938 12.885 12.852 12.846 12.863    0.027 0.027 0.022 0.024 0.027  A 7510
   1933.85715 12.882 12.951 13.040 13.041 13.043    0.033 0.029 0.025 0.027 0.031  A 7685
   1935.65166 13.022 12.911 12.859 12.804 12.793    0.032 0.027 0.023 0.026 0.028  A 7907
   1936.79934 12.990 13.010 12.932 12.956 12.994    0.029 0.029 0.022 0.023 0.027  A 8068
   1938.74239 13.072 13.067 13.107 13.143 13.098    0.029 0.029 0.021 0.023 0.026  A 8293
   1940.73924 12.880 12.963 13.093 13.153 13.205    0.027 0.028 0.021 0.024 0.027  A 8536
   1945.81039 13.057 13.109 13.132 13.162 13.195    0.030 0.030 0.023 0.025 0.028  A 8726
   1947.71816 12.906 12.905 12.869 12.765 12.682    0.036 0.031 0.028 0.032 0.036  A 8948
   1948.74735 12.894 12.972 12.980 12.968 12.954    0.035 0.034 0.030 0.035 0.040  A 9083
   1949.80348 13.265 13.247 13.318 13.396 13.432    0.040 0.034 0.029 0.033 0.037  A 9261
   1955.72449 12.949 12.893 12.923 13.013 13.031    0.034 0.034 0.027 0.029 0.032  A 10068
   1955.88571 29.999 29.999 29.999 29.999 29.999    0.044 0.041 0.038 0.043 0.048  C 10139
   1958.71536 12.990 13.044 13.101 13.121 13.108    0.038 0.036 0.029 0.032 0.030  A 10237
   1962.73661 29.999 29.999 29.999 29.999 29.999    0.044 0.039 0.033 0.037 0.035  C 10672
   1963.71128 12.776 12.914 12.944 12.966 12.961    0.041 0.037 0.031 0.035 0.032  A 10843
   1964.71233 12.944 12.990 13.065 13.164 13.272    0.036 0.034 0.028 0.030 0.029  A 11024
   1965.69874 12.742 12.777 12.815 12.794 12.879    0.037 0.035 0.029 0.031 0.030  A 11205
   1967.69792 29.999 29.999 29.999 29.999 29.999    0.042 0.039 0.033 0.037 0.033  C 11557
   1968.70444 12.898 12.797 12.777 12.768 12.789    0.040 0.038 0.033 0.037 0.032  A 11735
   1971.71886 29.999 29.999 29.999 29.999 29.999    0.071 0.066 0.060 0.067 0.070  D 11803
   1977.66747 29.999 29.999 29.999 29.999 29.999    0.054 0.049 0.045 0.051 0.047  C 11966
   1979.67627 29.999 29.999 29.999 29.999 29.999    0.060 0.053 0.047 0.054 0.049  C 12245
   1980.67286 12.412 12.522 12.618 12.688 12.707    0.058 0.050 0.045 0.051 0.047  A 12391
   1981.68774 29.999 29.999 29.999 29.999 29.999    0.053 0.047 0.041 0.048 0.043  C 12578
   1982.66669 12.467 12.518 12.573 12.683 12.646    0.044 0.040 0.033 0.038 0.034  A 12761
   1984.65624 12.669 12.692 12.724 12.702 12.638    0.051 0.045 0.038 0.045 0.042  A 12972
   1985.65767 29.999 29.999 29.999 29.999 29.999    0.052 0.046 0.041 0.046 0.041  C 13165
   1993.66949 29.999 29.999 29.999 29.999 29.999    0.067 0.056 0.046 0.053 0.052  C 13317
   1994.65575 29.999 29.999 29.999 29.999 29.999    0.056 0.047 0.040 0.047 0.046  C 13456
   1995.64020 29.999 29.999 29.999 29.999 29.999    0.064 0.053 0.045 0.053 0.052  C 13646
   1996.63209 29.999 29.999 29.999 29.999 29.999    0.063 0.052 0.046 0.051 0.051  C 13842
   1997.63937 29.999 29.999 29.999 29.999 29.999    0.059 0.050 0.044 0.053 0.051  C 14049
   1998.63221 29.999 29.999 29.999 29.999 29.999    0.066 0.054 0.046 0.054 0.053  C 14243
   2000.62469 29.999 29.999 29.999 29.999 29.999    0.067 0.055 0.046 0.052 0.053  C 14648
   2008.60885 29.999 29.999 29.999 29.999 29.999    0.082 0.067 0.056 0.062 0.064  D 15157
   2014.58943 29.999 29.999 29.999 29.999 29.999    0.082 0.065 0.053 0.061 0.062  D 15761
   2016.59954 29.999 29.999 29.999 29.999 29.999    0.079 0.062 0.051 0.057 0.058  D 15946
   2025.54317 12.721 12.622 12.592 12.599 12.648    0.033 0.023 0.023 0.026 0.029  A 17152
   2027.58079 12.769 12.664 12.597 12.522 12.485    0.049 0.029 0.027 0.031 0.033  A 17601
   2030.55199 12.808 12.768 12.762 12.762 12.773    0.045 0.027 0.025 0.028 0.031  A 17768
   2031.56170 12.864 12.666 12.608 12.588 12.593    0.053 0.032 0.030 0.032 0.034  A 17990
   2032.55870 12.817 12.774 12.713 12.676 12.661    0.042 0.026 0.024 0.027 0.031  A 18200
   2034.55982 12.782 12.742 12.741 12.773 12.785    0.048 0.031 0.030 0.034 0.039  A 18620
   2037.63340 12.903 12.938 12.956 13.036 13.031    0.042 0.035 0.037 0.039 0.042  A 18972
   2052.50221 13.045 12.862 12.812 12.821 12.839    0.061 0.031 0.029 0.033 0.035  A 19766
   2053.52954 12.846 12.896 12.929 13.051 13.144    0.045 0.038 0.033 0.038 0.040  A 19986
   2055.48602 12.879 12.925 12.901 12.867 12.869    0.066 0.031 0.028 0.032 0.037  B 20405
   2056.53897 13.027 12.980 12.875 12.783 12.798    0.055 0.029 0.027 0.031 0.033  A 20653
   2057.52152 12.931 12.964 12.904 12.824 12.832    0.061 0.031 0.028 0.032 0.035  A 20875
   2058.52011 13.021 12.971 12.932 12.929 12.975    0.065 0.033 0.031 0.033 0.036  B 21102
   2062.56310 13.112 13.022 13.039 13.033 13.056    0.081 0.068 0.079 0.095 0.107  D 21509
   2067.46712 13.006 12.954 12.901 12.842 12.791    0.052 0.027 0.027 0.032 0.036  A 21779
   2079.47038 12.860 12.896 12.802 12.740 12.760    0.049 0.030 0.027 0.030 0.034  A 22765
   2082.47802 12.981 12.891 12.813 12.740 12.823    0.051 0.028 0.025 0.029 0.032  A 23279
   2085.48984 12.916 12.873 12.854 12.847 12.804    0.050 0.031 0.028 0.031 0.034  A 23754
   2087.47848 12.899 12.761 12.707 12.677 12.680    0.049 0.027 0.024 0.028 0.030  A 24198
   2094.45426 12.860 12.807 12.862 12.978 13.034    0.035 0.029 0.029 0.034 0.038  A 24922
   2096.47082 13.207 13.112 13.233 13.487 13.551    0.077 0.063 0.066 0.074 0.079  D 25378
   2103.50030 12.971 12.941 12.848 12.849 12.867    0.061 0.032 0.030 0.034 0.036  A 25750
   2105.52196 12.967 12.929 12.837 12.818 12.836    0.040 0.026 0.025 0.028 0.031  A 26182
   2116.48066 13.315 13.302 13.284 13.305 13.364    0.050 0.031 0.027 0.031 0.035  A 27018
   2130.47647 12.951 12.941 12.848 12.854 12.834    0.049 0.031 0.029 0.032 0.035  A 28299
   2143.48036 12.817 12.826 12.815 12.839 12.855    0.048 0.029 0.028 0.031 0.035  A 30734
   2441.48120 13.025 13.058 12.989 12.917 12.917    0.036 0.039 0.034 0.040 0.042  A 8213
   2443.49041 12.990 12.969 12.977 12.945 12.867    0.029 0.029 0.022 0.024 0.025  A 8609
   2445.49261 12.937 13.000 12.957 12.974 13.033    0.049 0.052 0.048 0.053 0.055  A 9030
   2453.45723 29.999 29.999 29.999 29.999 29.999    0.052 0.050 0.045 0.049 0.049  C 9554
   2460.45660 12.678 12.641 12.648 12.639 12.637    0.036 0.035 0.031 0.035 0.036  A 10178
   2463.49626 12.727 12.715 12.710 12.708 12.753    0.027 0.023 0.020 0.021 0.023  A 10558
   2465.52387 12.772 12.721 12.717 12.748 12.739    0.033 0.033 0.023 0.023 0.023  A 11009
   2467.50467 12.812 12.729 12.709 12.691 12.718    0.027 0.028 0.020 0.021 0.023  A 11438
   2469.51175 12.761 12.868 12.863 12.855 12.918    0.034 0.035 0.025 0.025 0.027  A 11875
   2473.48039 12.864 12.835 12.771 12.716 12.745    0.034 0.033 0.028 0.029 0.031  A 12615
   2482.52435 13.060 13.139 13.120 13.134 13.193    0.046 0.043 0.039 0.045 0.038  A 13108
   2489.47197 12.751 12.920 12.973 12.980 12.879    0.041 0.041 0.035 0.038 0.043  A 13776
   2497.46763 12.865 12.848 12.845 12.880 12.886    0.039 0.039 0.030 0.031 0.032  A 15152
   2502.50914 12.932 12.888 12.880 12.862 12.892    0.039 0.038 0.032 0.035 0.031  A 16165
   2506.47269 29.999 29.999 29.999 29.999 29.999    0.062 0.059 0.056 0.065 0.066  C 16624
   2512.47438 13.027 12.925 12.881 12.859 12.925    0.041 0.039 0.030 0.029 0.030  A 17189
   2622.79149 13.135 13.265 13.252 13.237 13.371    0.030 0.028 0.025 0.029 0.032  A 30033
   2628.80030 13.042 13.075 13.043 12.998 12.999    0.031 0.029 0.028 0.034 0.039  A 30791
   2634.84082 13.058 12.987 12.957 12.964 13.037    0.029 0.025 0.025 0.028 0.033  A 32166
   2637.81467 12.906 12.864 12.864 12.910 12.954    0.035 0.038 0.032 0.039 0.039  A 32596
   2641.78407 12.897 12.887 12.899 13.012 12.943    0.032 0.041 0.033 0.038 0.040  A 33174
   2649.78754 13.012 12.966 12.942 12.931 12.992    0.029 0.024 0.025 0.028 0.033  A 34192
   2657.76949 13.112 12.918 12.896 12.926 12.865    0.036 0.032 0.033 0.038 0.041  A 35484
   2659.78953 29.999 29.999 29.999 29.999 29.999    0.047 0.069 0.061 0.069 0.072  D 35833
   2661.81582 13.035 13.001 13.048 13.098 13.078    0.032 0.033 0.031 0.036 0.037  A 36188
   2663.79738 13.144 13.019 12.830 12.790 12.910    0.053 0.055 0.055 0.060 0.064  B 36519
   2665.81680 13.152 12.965 12.834 12.788 12.785    0.036 0.037 0.037 0.042 0.045  A 36876
   2667.79482 13.109 13.201 13.222 13.275 13.557    0.037 0.038 0.042 0.050 0.058  A 37173
   2670.75502 13.275 13.270 13.260 13.226 13.193    0.029 0.032 0.030 0.034 0.034  A 37641
   2672.82019 13.732 13.707 13.629 13.562 13.698    0.031 0.023 0.023 0.025 0.028  A 38004
   2674.80275 13.364 13.269 13.197 13.186 13.218    0.035 0.035 0.035 0.041 0.045  A 38340
   2676.77282 13.147 13.053 13.082 13.137 13.168    0.024 0.023 0.021 0.025 0.027  A 38693
   2678.75251 13.092 13.105 13.127 13.141 13.118    0.033 0.034 0.034 0.039 0.040  A 39025
   2680.75938 12.933 12.895 12.843 12.863 12.956    0.022 0.020 0.019 0.024 0.027  A 39358
   2684.70862 12.786 12.653 12.605 12.626 12.713    0.030 0.028 0.029 0.033 0.037  A 40025
   2686.73277 12.923 12.853 12.820 12.806 12.859    0.032 0.036 0.036 0.040 0.044  A 40402
   2688.73261 12.861 12.781 12.807 12.826 12.856    0.038 0.048 0.042 0.050 0.054  A 40766
   2690.73948 12.684 12.669 12.673 12.670 12.722    0.034 0.039 0.031 0.037 0.039  A 41137
   2692.79891 12.791 12.729 12.682 12.631 12.617    0.031 0.043 0.035 0.042 0.041  A 41479
   2696.75693 12.810 12.810 12.746 12.710 12.726    0.039 0.039 0.037 0.042 0.044  A 42141
   2698.79291 12.766 12.714 12.688 12.635 12.587    0.034 0.041 0.038 0.046 0.050  A 42575
   2704.74101 13.012 12.925 12.873 12.840 12.918    0.033 0.041 0.036 0.042 0.043  A 43706
   2706.71071 13.069 13.108 13.094 13.145 13.252    0.029 0.029 0.025 0.029 0.031  A 44063
   2710.66153 13.090 13.013 12.964 12.890 12.855    0.038 0.038 0.037 0.043 0.047  A 44761
   2712.65875 12.890 12.863 12.844 12.867 12.941    0.029 0.035 0.031 0.037 0.038  A 45133
   2714.64407 12.926 12.902 12.864 12.843 12.858    0.033 0.042 0.038 0.046 0.048  A 45517
   2715.80988 13.055 12.994 12.881 12.762 12.802    0.041 0.047 0.043 0.053 0.058  A 45766
   2719.62174 12.803 12.884 12.874 12.873 12.806    0.039 0.043 0.042 0.052 0.057  A 46091
   2720.74962 12.785 12.762 12.793 12.802 12.750    0.042 0.049 0.045 0.053 0.056  A 46340
   2723.83082 13.067 12.953 12.883 12.815 12.738    0.039 0.036 0.035 0.037 0.040  A 46947
   2725.68842 12.825 12.833 12.882 12.894 12.884    0.048 0.050 0.047 0.059 0.066  A 47286
   2726.86869 12.786 12.768 12.759 12.723 12.727    0.041 0.037 0.038 0.041 0.046  A 47563
   2728.69095 12.863 12.879 12.969 13.004 12.896    0.038 0.040 0.036 0.044 0.046  A 47881
   2730.66663 12.767 12.726 12.683 12.590 12.603    0.038 0.042 0.042 0.048 0.049  A 48279
   2732.77451 12.782 12.749 12.714 12.688 12.671    0.039 0.044 0.040 0.041 0.040  A 48471
   2734.64579 12.826 12.799 12.844 12.848 12.861    0.040 0.042 0.038 0.050 0.053  A 48829
   2735.86318 12.931 12.980 13.035 13.127 13.209    0.041 0.036 0.036 0.039 0.042  A 49122
   2737.68034 12.833 12.759 12.745 12.744 12.774    0.040 0.047 0.043 0.053 0.057  A 49441
   2738.84374 12.804 12.802 12.797 12.800 12.835    0.035 0.032 0.033 0.033 0.036  A 49681
   2740.65264 12.791 12.768 12.805 12.847 12.848    0.042 0.045 0.043 0.055 0.061  A 49959
   2741.81246 12.842 12.787 12.764 12.723 12.722    0.045 0.035 0.035 0.037 0.040  A 50226
   2743.66825 12.648 12.657 12.695 12.731 12.758    0.036 0.040 0.040 0.044 0.047  A 50558
   2744.79282 12.807 12.864 12.842 12.942 12.906    0.044 0.049 0.046 0.055 0.058  A 50787
   2750.82806 12.915 12.878 12.801 12.743 12.734    0.042 0.038 0.042 0.045 0.047  A 51715
   2752.67964 12.773 12.770 12.713 12.637 12.672    0.032 0.038 0.034 0.038 0.039  A 52042
   2754.78268 12.830 12.752 12.743 12.741 12.779    0.037 0.028 0.026 0.029 0.032  A 52304
   2756.72590 12.803 12.810 12.820 12.847 12.876    0.026 0.024 0.022 0.025 0.028  A 52693
   2757.81885 12.796 12.725 12.707 12.698 12.710    0.037 0.034 0.035 0.038 0.040  A 52953
   2759.66961 12.750 12.803 12.789 12.758 12.734    0.034 0.034 0.028 0.030 0.033  A 53232
   2760.78329 12.673 12.675 12.669 12.590 12.541    0.045 0.043 0.045 0.049 0.055  A 53487
   2762.71611 12.860 12.883 12.955 13.016 13.076    0.036 0.031 0.031 0.035 0.040  A 53867
   2769.70562 12.955 12.846 12.792 12.791 12.832    0.034 0.026 0.026 0.028 0.032  A 54681
   2775.69091 13.033 13.106 13.129 13.202 13.405    0.050 0.045 0.047 0.052 0.055  A 55105
   2782.74038 13.088 13.024 12.954 12.917 12.952    0.027 0.025 0.024 0.026 0.028  A 55758
   2784.64167 13.071 13.040 12.986 13.015 12.983    0.038 0.025 0.023 0.026 0.029  A 56138
   2786.61024 13.175 13.068 13.011 12.992 13.043    0.040 0.040 0.037 0.040 0.039  A 56556
   2790.49599 12.899 12.987 13.052 13.057 12.954    0.053 0.055 0.053 0.062 0.070  B 57266
   2791.69942 12.933 12.894 12.838 12.798 12.790    0.033 0.027 0.025 0.027 0.031  A 57573
   2794.54961 12.986 12.938 12.913 12.918 12.936    0.030 0.038 0.033 0.035 0.035  A 58029
   2797.52839 12.733 12.821 12.745 12.619 12.585    0.048 0.056 0.056 0.064 0.069  B 58578
   2809.56145 12.763 12.718 12.661 12.590 12.591    0.031 0.036 0.036 0.042 0.042  A 59472
   2810.66125 12.651 12.664 12.596 12.609 12.571    0.036 0.028 0.026 0.029 0.030  A 59743
   2812.57492 12.813 12.773 12.735 12.693 12.692    0.031 0.034 0.028 0.029 0.030  A 60156
   2819.59086 12.984 12.960 12.988 13.024 13.073    0.030 0.028 0.025 0.027 0.029  A 61273
   2821.60285 12.942 12.933 12.829 12.830 12.909    0.031 0.025 0.024 0.028 0.031  A 61721
   2831.60398 12.999 12.952 12.967 13.034 13.116    0.028 0.027 0.026 0.029 0.034  A 62716
   2833.57358 29.999 29.999 29.999 29.999 29.999    0.070 0.075 0.085 0.101 0.120  D 63117
   2835.56192 13.011 13.033 12.989 12.986 12.982    0.027 0.028 0.026 0.030 0.034  A 63518
   2853.49181 13.031 13.018 13.016 13.090 13.165    0.032 0.032 0.029 0.033 0.037  A 65602
   2861.52741 12.897 12.821 12.806 12.766 12.771    0.027 0.028 0.026 0.030 0.034  A 66923
   2876.49173 12.757 12.696 12.635 12.605 12.627    0.035 0.029 0.027 0.030 0.035  A 68700
   2879.48032 12.822 12.783 12.798 12.776 12.770    0.032 0.029 0.025 0.026 0.029  A 69189
   2971.84608 12.971 12.903 12.940 12.984 13.104    0.028 0.025 0.025 0.029 0.033  A 82328
   2981.82316 12.971 12.926 12.858 12.783 12.750    0.032 0.034 0.036 0.044 0.051  A 83587
   2985.80585 12.700 12.590 12.647 12.704 12.665    0.056 0.047 0.049 0.054 0.060  A 84102
   2988.82822 12.697 12.660 12.631 12.633 12.662    0.028 0.026 0.027 0.033 0.038  A 84463
   3008.80749 13.169 13.139 13.066 13.058 13.142    0.032 0.043 0.035 0.037 0.041  A 86911
   3011.81622 12.925 12.908 12.804 12.755 12.698    0.034 0.036 0.039 0.047 0.054  A 87317
   3015.82101 13.039 13.034 12.987 12.928 12.890    0.034 0.035 0.033 0.038 0.043  A 87694
   3018.80108 12.809 12.766 12.732 12.704 12.713    0.027 0.029 0.030 0.036 0.043  A 88078
   3024.86671 12.610 12.571 12.484 12.458 12.405    0.031 0.030 0.032 0.039 0.046  A 88379
   3032.77466 12.661 12.665 12.681 12.663 12.638    0.031 0.033 0.033 0.040 0.048  A 88953
   3042.76248 12.945 12.906 12.886 12.903 13.021    0.037 0.032 0.034 0.039 0.044  A 89837
   3052.72397 12.879 12.862 12.841 12.818 12.840    0.027 0.026 0.025 0.029 0.033  A 91164
   3054.77834 13.008 12.973 12.950 12.889 12.843    0.027 0.027 0.026 0.031 0.036  A 91451
   3057.70442 12.976 12.970 13.024 13.063 13.090    0.030 0.029 0.028 0.032 0.036  A 91842
   3059.78053 12.946 12.996 12.921 12.896 12.863    0.037 0.032 0.032 0.035 0.039  A 92125
   3064.79063 12.885 12.805 12.785 12.759 12.732    0.034 0.034 0.034 0.039 0.045  A 92806
   3067.75078 12.764 12.719 12.644 12.598 12.568    0.028 0.028 0.027 0.031 0.034  A 93086
   3069.75134 12.691 12.618 12.575 12.507 12.520    0.037 0.037 0.039 0.044 0.047  A 93379
   3071.76261 12.611 12.673 12.662 12.609 12.578    0.030 0.030 0.032 0.038 0.044  A 93671
   3073.81104 12.640 12.598 12.521 12.490 12.390    0.030 0.031 0.033 0.038 0.045  A 93931
   3076.65352 12.671 12.658 12.594 12.557 12.574    0.027 0.025 0.025 0.030 0.034  A 94273
   3078.71577 12.766 12.690 12.647 12.579 12.585    0.032 0.031 0.034 0.040 0.046  A 94598
   3086.76813 12.694 12.667 12.692 12.721 12.742    0.027 0.025 0.025 0.029 0.033  A 95499
   3088.81898 12.785 12.754 12.722 12.687 12.717    0.030 0.028 0.029 0.035 0.039  A 95827
   3091.61577 12.843 12.842 12.789 12.771 12.758    0.034 0.037 0.041 0.046 0.050  A 96213
   3093.67363 12.788 12.808 12.765 12.716 12.739    0.028 0.028 0.028 0.033 0.037  A 96538
   3097.66887 12.801 12.737 12.692 12.687 12.693    0.032 0.031 0.030 0.035 0.039  A 96822
   3099.72923 12.830 12.755 12.667 12.587 12.523    0.032 0.028 0.030 0.036 0.042  A 97151
   3101.75357 12.912 12.905 12.937 13.025 13.083    0.033 0.030 0.033 0.041 0.045  A 97469
   3103.77073 12.730 12.683 12.596 12.490 12.404    0.035 0.038 0.041 0.051 0.060  A 97792
   3105.75820 12.751 12.703 12.687 12.666 12.659    0.035 0.038 0.040 0.051 0.058  A 98106
   3107.76274 12.931 12.885 12.899 12.923 13.023    0.046 0.044 0.045 0.051 0.055  A 98423
   3109.76472 12.955 12.946 12.912 12.854 12.846    0.029 0.025 0.025 0.029 0.033  A 98733
   3112.55679 12.978 12.937 12.894 12.875 12.897    0.032 0.030 0.029 0.032 0.036  A 99129
   3114.61710 12.968 12.927 12.943 13.025 13.115    0.038 0.035 0.035 0.038 0.040  A 99483
   3116.63216 13.335 13.217 13.144 13.069 13.179    0.034 0.034 0.033 0.038 0.039  A 99815
   3121.65798 13.038 13.096 13.124 13.183 13.287    0.025 0.025 0.025 0.029 0.033  A 100094
   3125.64548 13.053 13.042 13.056 13.116 13.195    0.027 0.026 0.027 0.030 0.034  A 100717
   3127.65794 13.059 12.999 12.909 12.832 12.766    0.038 0.040 0.047 0.059 0.071  B 101036
   3129.70295 12.725 12.742 12.704 12.657 12.580    0.048 0.043 0.046 0.057 0.067  A 101386
   3131.71901 12.922 12.925 12.882 12.784 12.768    0.033 0.030 0.033 0.038 0.046  A 101677
   3133.72213 12.720 12.698 12.697 12.699 12.773    0.032 0.031 0.031 0.036 0.041  A 102012
   3153.65972 12.870 12.771 12.714 12.695 12.742    0.033 0.030 0.031 0.035 0.039  A 103769
   3160.71400 12.815 12.808 12.758 12.760 12.797    0.043 0.043 0.049 0.060 0.070  B 104720
   3164.50510 12.886 12.937 12.918 12.908 12.884    0.035 0.034 0.034 0.036 0.038  A 105151
   3169.54263 13.182 13.194 13.220 13.296 13.379    0.036 0.033 0.033 0.035 0.038  A 105894
   3172.68323 29.999 29.999 29.999 29.999 29.999    0.064 0.068 0.076 0.094 0.112  D 106288
   3176.47240 99.999 99.999 99.999 99.999 99.999    0.026 0.023 0.023 0.027 0.031  C 106706
   3178.59156 13.013 12.970 12.880 12.824 12.780    0.028 0.027 0.028 0.032 0.035  A 107040
   3182.54832 13.072 13.033 12.931 12.869 12.864    0.029 0.025 0.025 0.030 0.034  A 107470
   3184.55720 12.876 12.808 12.788 12.777 12.721    0.030 0.027 0.027 0.031 0.034  A 107805
   3189.63999 12.889 12.791 12.788 12.844 12.965    0.031 0.032 0.034 0.041 0.047  A 108428
   3357.82256 12.826 12.821 12.708 12.575 12.513    0.078 0.047 0.041 0.044 0.048  B 124643
   3386.80689 13.078 13.070 13.036 12.973 12.935    0.046 0.037 0.037 0.044 0.050  A 126227
   3389.81666 13.015 13.025 13.066 13.146 13.381    0.049 0.036 0.033 0.038 0.043  A 126643
   3396.74901 13.081 12.998 13.027 13.033 13.058    0.037 0.032 0.035 0.042 0.048  A 127416
   3399.77036 12.962 12.809 12.921 13.138 12.910    0.068 0.043 0.041 0.049 0.058  B 127808
   3402.79920 12.893 12.896 12.855 12.839 12.872    0.045 0.036 0.035 0.042 0.047  A 128151
   3405.75083 13.046 12.996 12.883 12.773 12.666    0.037 0.030 0.029 0.032 0.037  A 128606
   3408.73327 12.987 12.994 13.006 13.040 13.110    0.039 0.036 0.038 0.041 0.045  A 129063
   3411.74530 12.927 12.841 12.832 12.825 12.803    0.071 0.045 0.036 0.040 0.043  B 129522
   3414.72356 12.869 12.829 12.846 12.857 12.814    0.033 0.029 0.028 0.033 0.038  A 129976
   3416.80585 12.836 12.832 12.809 12.748 12.730    0.039 0.035 0.035 0.040 0.045  A 130331
   3419.71762 12.745 12.696 12.718 12.773 12.801    0.065 0.051 0.046 0.047 0.048  B 130768
   3421.78033 12.830 12.816 12.915 13.036 13.191    0.064 0.045 0.042 0.048 0.053  B 131097
   3425.77832 12.911 12.780 12.793 12.873 13.011    0.055 0.043 0.044 0.050 0.056  A 131727
   3427.81767 12.757 12.710 12.695 12.670 12.679    0.061 0.043 0.038 0.040 0.043  A 132051
   3431.78679 12.797 12.862 12.840 12.816 12.927    0.055 0.041 0.039 0.044 0.047  A 132414
   3433.81815 12.883 12.892 12.859 12.806 12.831    0.048 0.034 0.031 0.034 0.038  A 132748
   3438.69673 12.938 12.848 12.834 12.841 12.816    0.040 0.030 0.027 0.030 0.034  A 133196
   3442.67467 12.794 12.741 12.764 12.783 12.810    0.057 0.056 0.057 0.061 0.062  B 133605
   3444.70815 13.031 12.923 12.833 12.720 12.689    0.045 0.038 0.037 0.044 0.051  A 133949
   3446.71756 13.174 13.122 13.074 13.078 13.204    0.034 0.027 0.024 0.026 0.030  A 134589
   3450.70266 12.929 13.064 13.054 13.039 12.983    0.053 0.037 0.035 0.039 0.043  A 135270
   3455.67455 13.050 13.086 12.996 12.848 12.791    0.046 0.036 0.038 0.047 0.055  A 136018
   3457.68449 12.938 12.890 12.851 12.864 12.864    0.037 0.031 0.030 0.035 0.040  A 136374
   3459.68334 13.064 13.019 12.958 12.943 12.979    0.033 0.027 0.026 0.031 0.037  A 136731
   3461.69940 13.011 12.949 12.988 13.090 13.119    0.032 0.030 0.032 0.039 0.048  A 137058
   3463.76178 13.108 13.052 12.964 12.946 12.892    0.030 0.029 0.030 0.035 0.041  A 137361
   3465.79974 13.048 12.999 12.942 12.924 13.011    0.037 0.028 0.029 0.033 0.037  A 137709
   3468.75137 13.072 13.043 12.980 12.954 12.931    0.032 0.027 0.025 0.028 0.032  A 138138
   3470.84566 12.873 12.768 12.746 12.747 12.813    0.031 0.025 0.027 0.032 0.038  A 138474
   3473.58685 13.132 13.121 13.223 13.419 13.560    0.051 0.046 0.048 0.054 0.062  A 138860
   3475.70892 12.936 12.937 12.979 13.035 13.022    0.047 0.038 0.042 0.051 0.060  A 139232
   3477.65828 12.855 12.822 12.771 12.741 12.765    0.033 0.027 0.026 0.029 0.035  A 139552
   3479.63735 12.684 12.588 12.523 12.543 12.514    0.047 0.046 0.052 0.066 0.080  B 139855
   3481.63359 12.967 12.907 12.875 12.811 12.769    0.031 0.026 0.027 0.030 0.035  A 140175
   3483.65403 12.974 12.927 12.703 12.511 12.511    0.047 0.037 0.042 0.052 0.059  A 140501
   3486.77869 12.698 12.600 12.503 12.392 12.395    0.045 0.041 0.042 0.050 0.061  A 140750
   3489.78339 12.840 12.818 12.861 12.958 13.098    0.037 0.034 0.037 0.044 0.052  A 141004
   3491.79673 12.868 12.770 12.742 12.729 12.746    0.056 0.035 0.034 0.041 0.045  A 141364
   3497.80251 12.920 12.912 12.901 12.868 12.958    0.033 0.026 0.025 0.031 0.036  A 141975
   3501.49242 12.930 12.938 12.899 12.952 13.043    0.045 0.044 0.048 0.052 0.056  A 142403
   3503.54580 12.924 12.941 12.881 12.860 12.837    0.033 0.027 0.025 0.029 0.033  A 142776
   3506.58700 12.938 12.932 12.935 12.975 13.040    0.031 0.030 0.026 0.030 0.033  A 143126
   3509.63050 12.963 12.916 12.930 12.905 12.837    0.031 0.028 0.025 0.029 0.033  A 143420
   3511.67715 12.906 12.840 12.784 12.800 12.860    0.028 0.026 0.026 0.032 0.037  A 143684
   3515.70963 12.800 12.830 12.770 12.726 12.667    0.045 0.044 0.038 0.046 0.054  A 144071
   3517.69839 99.999 99.999 99.999 99.999 99.999    0.049 0.034 0.032 0.037 0.040  C 144363
   3521.61058 12.840 12.774 12.772 12.736 12.746    0.037 0.026 0.027 0.032 0.035  A 144831
   3523.61438 12.986 12.824 12.754 12.761 12.812    0.042 0.034 0.035 0.040 0.047  A 145186
   3525.63372 12.862 12.808 12.724 12.720 12.708    0.055 0.036 0.039 0.043 0.048  A 145495
   3529.63370 12.783 12.711 12.689 12.669 12.685    0.036 0.029 0.029 0.032 0.036  A 146194
   3538.58992 12.814 12.799 12.720 12.616 12.556    0.039 0.030 0.027 0.032 0.035  A 146827
   3543.58888 29.999 29.999 29.999 29.999 29.999    0.051 0.052 0.062 0.076 0.090  D 147539
   3550.63515 12.846 12.774 12.755 12.727 12.723    0.039 0.031 0.034 0.040 0.047  A 148214
   3554.57471 12.838 12.787 12.745 12.753 12.713    0.027 0.026 0.025 0.027 0.031  A 148734
   3556.59559 12.861 12.960 12.986 12.965 12.973    0.034 0.026 0.026 0.030 0.033  A 149059
   3559.59275 12.911 12.833 12.799 12.747 12.750    0.035 0.031 0.031 0.034 0.039  A 149393
   3561.60530 12.929 12.967 12.983 12.969 13.037    0.042 0.033 0.037 0.043 0.048  A 149733
   3563.59141 12.887 12.834 12.762 12.707 12.737    0.031 0.024 0.026 0.030 0.033  A 150069
   3570.55897 12.942 12.868 12.837 12.816 12.924    0.034 0.028 0.028 0.034 0.040  A 150735
   3574.54820 12.858 12.816 12.816 12.844 12.889    0.035 0.030 0.029 0.034 0.039  A 151258
   3576.57596 12.682 12.663 12.648 12.669 12.720    0.035 0.024 0.024 0.028 0.033  A 151622
   3584.55971 12.625 12.649 12.584 12.512 12.465    0.028 0.024 0.025 0.029 0.033  A 152994
   3587.50394 12.638 12.651 12.668 12.677 12.732    0.033 0.027 0.025 0.028 0.031  A 153476
   3589.53056 12.670 12.656 12.671 12.729 12.796    0.031 0.024 0.026 0.030 0.034  A 153808
   3592.48879 12.671 12.559 12.536 12.513 12.502    0.030 0.026 0.026 0.030 0.035  A 154315
   3600.51121 29.999 29.999 29.999 29.999 29.999    0.040 0.041 0.048 0.058 0.068  C 155360
   3603.49442 12.835 12.788 12.756 12.737 12.807    0.037 0.028 0.027 0.032 0.036  A 155834
   3607.48994 12.817 12.709 12.686 12.663 12.626    0.039 0.027 0.028 0.033 0.037  A 156229
   3675.86819 13.001 12.917 12.930 13.000 13.091    0.058 0.042 0.040 0.047 0.054  A 164908
   3701.85310 12.655 12.599 12.559 12.556 12.605    0.042 0.042 0.046 0.058 0.070  B 168251
   3706.82916 12.769 12.811 12.760 12.708 12.700    0.046 0.034 0.034 0.041 0.048  A 168907
   3713.84613 12.854 12.922 12.878 12.805 12.826    0.046 0.034 0.032 0.038 0.044  A 169623
   3717.84398 13.023 12.939 12.935 12.958 13.070    0.046 0.038 0.039 0.045 0.051  A 170150
   3725.82072 13.063 13.088 13.079 13.147 13.258    0.036 0.034 0.036 0.045 0.052  A 171064
   3728.84438 12.987 12.921 12.847 12.819 12.780    0.044 0.036 0.038 0.047 0.054  A 171485
   3732.81501 13.039 13.142 13.207 13.214 13.206    0.045 0.038 0.040 0.049 0.058  A 171881
   3736.79753 12.890 12.853 12.846 12.895 12.964    0.047 0.039 0.038 0.046 0.052  A 172405
   3739.81799 12.857 12.860 12.832 12.818 12.816    0.051 0.036 0.033 0.038 0.042  A 172830
   3742.82360 13.014 12.912 12.896 12.959 13.001    0.060 0.039 0.035 0.040 0.045  A 173205
   3745.84399 12.984 13.003 12.959 12.913 12.962    0.060 0.037 0.033 0.039 0.043  A 173621
   3748.83459 12.919 12.884 12.889 12.963 13.077    0.052 0.038 0.038 0.042 0.048  A 174021
   3751.80589 12.980 12.979 13.006 13.061 13.360    0.047 0.037 0.039 0.048 0.056  A 174434
   3754.80617 12.811 12.792 12.752 12.740 12.703    0.044 0.038 0.040 0.048 0.057  A 174838
   3757.79513 13.023 13.036 12.991 13.008 13.112    0.051 0.035 0.032 0.037 0.041  A 175253
   3760.78588 12.796 12.761 12.755 12.792 12.826    0.068 0.044 0.037 0.040 0.044  B 175670
   3763.77966 12.951 12.944 12.912 12.854 12.738    0.070 0.050 0.053 0.062 0.073  B 176062
   3766.76557 12.798 12.780 12.765 12.801 12.947    0.058 0.041 0.041 0.047 0.055  A 176480
   3769.77943 12.872 12.795 12.847 12.930 13.002    0.068 0.043 0.039 0.043 0.048  B 176876
   3772.76772 12.856 12.897 12.884 12.970 13.101    0.066 0.040 0.035 0.040 0.045  B 177256
   3775.74463 12.791 12.745 12.702 12.653 12.667    0.048 0.037 0.037 0.046 0.054  A 177680
   3778.72300 12.958 12.941 12.931 12.952 13.044    0.041 0.035 0.036 0.045 0.054  A 178132
   3780.79601 12.885 12.868 12.800 12.732 12.732    0.048 0.038 0.039 0.047 0.054  A 178428
   3783.83681 12.873 12.774 12.796 12.779 12.897    0.040 0.036 0.041 0.050 0.058  A 178738
   3788.76830 13.153 12.973 12.949 12.971 13.010    0.051 0.037 0.036 0.043 0.050  A 179020
   3791.71283 13.125 13.064 13.070 13.063 13.117    0.055 0.037 0.036 0.041 0.047  A 179425
   3793.77008 13.008 13.019 12.934 12.909 12.905    0.045 0.034 0.034 0.040 0.046  A 179737
   3796.68245 12.990 12.847 12.833 12.810 12.793    0.040 0.030 0.028 0.031 0.035  A 180137
   3798.75109 13.167 13.140 13.081 13.138 13.143    0.039 0.033 0.032 0.037 0.042  A 180434
   3801.67350 13.329 13.288 13.221 13.237 13.276    0.053 0.044 0.047 0.058 0.072  B 180824
   3803.83920 13.024 12.971 12.984 13.007 13.108    0.037 0.037 0.041 0.050 0.058  A 181093
   3805.77950 12.951 12.919 12.958 13.060 13.246    0.035 0.030 0.031 0.037 0.043  A 181364
   3808.73124 12.893 12.821 12.740 12.682 12.725    0.040 0.033 0.034 0.042 0.050  A 181691
   3810.80135 12.955 12.888 12.779 12.804 12.912    0.042 0.034 0.036 0.044 0.051  A 182036
   3813.64436 12.868 12.860 12.909 12.959 12.904    0.047 0.037 0.039 0.048 0.057  A 182459
   3815.69989 12.840 12.767 12.718 12.633 12.460    0.045 0.036 0.038 0.046 0.054  A 182799
   3817.70938 12.848 12.842 12.865 12.887 12.937    0.038 0.033 0.034 0.040 0.048  A 183116
   3819.76414 12.964 12.888 12.929 12.998 13.070    0.032 0.029 0.031 0.037 0.043  A 183458
   3822.62413 12.921 12.829 12.783 12.756 12.796    0.048 0.034 0.031 0.037 0.042  A 183894
   3824.67051 12.869 12.918 12.856 12.814 12.789    0.029 0.030 0.029 0.034 0.040  A 184243
   3826.69041 12.871 12.856 12.764 12.679 12.682    0.034 0.033 0.037 0.045 0.054  A 184588
   3828.71981 12.960 12.839 12.775 12.747 12.793    0.040 0.030 0.031 0.037 0.044  A 184943
   3830.79178 13.015 13.005 12.938 12.864 12.811    0.030 0.027 0.030 0.037 0.042  A 185295
   3832.72171 12.976 12.933 12.937 12.964 13.043    0.034 0.029 0.030 0.037 0.044  A 185626
   3834.69627 13.046 13.050 13.076 13.130 13.169    0.029 0.027 0.029 0.035 0.041  A 185963
   3836.70847 29.999 29.999 29.999 29.999 29.999    0.035 0.035 0.038 0.048 0.057  C 186302
   3848.63954 13.023 12.924 12.751 12.579 12.488    0.054 0.048 0.055 0.069 0.082  B 186913
   3850.65980 13.177 13.170 13.108 13.034 12.984    0.039 0.028 0.027 0.030 0.034  A 187260
   3852.66644 13.254 13.196 13.143 13.133 13.231    0.030 0.024 0.026 0.030 0.035  A 187615
   3854.68132 13.324 13.192 13.224 13.367 13.638    0.040 0.029 0.028 0.032 0.036  A 187986
   3856.72086 13.294 13.236 13.186 13.209 13.248    0.042 0.029 0.029 0.033 0.037  A 188262
   3859.60703 13.304 13.366 13.358 13.343 13.413    0.052 0.050 0.050 0.054 0.059  A 188659
   3861.59348 13.263 13.205 13.117 12.989 12.914    0.031 0.028 0.026 0.032 0.036  A 188999
   3863.59225 13.160 13.115 13.069 13.079 13.137    0.032 0.027 0.026 0.030 0.035  A 189342
   3865.60284 13.024 12.973 12.930 12.919 13.028    0.034 0.029 0.029 0.034 0.039  A 189697
   3867.64846 13.190 13.187 13.115 13.014 12.924    0.036 0.031 0.034 0.042 0.048  A 190031
   3869.64452 13.208 13.206 13.128 13.030 12.930    0.034 0.036 0.041 0.050 0.058  A 190371
   3871.63674 13.029 13.084 13.079 13.142 13.246    0.033 0.029 0.030 0.035 0.041  A 190740
   3874.72814 12.866 12.795 12.674 12.531 12.463    0.039 0.029 0.031 0.038 0.040  A 191046
   3881.74996 12.739 12.823 12.729 12.649 12.653    0.034 0.032 0.034 0.040 0.046  A 192031
   3886.56535 29.999 29.999 29.999 29.999 29.999    0.041 0.039 0.041 0.048 0.056  C 192444
   3888.56780 12.932 12.910 12.911 12.927 12.975    0.037 0.036 0.036 0.043 0.049  A 192820
   3890.56333 12.809 12.765 12.762 12.754 12.708    0.031 0.027 0.024 0.028 0.032  A 193152
   3892.56728 12.711 12.742 12.794 12.888 12.854    0.046 0.043 0.046 0.055 0.065  A 193501
   3894.62854 13.096 13.090 13.084 13.141 13.146    0.029 0.029 0.028 0.034 0.039  A 193853
   3902.50052 13.133 13.127 13.054 13.046 13.124    0.036 0.029 0.030 0.034 0.039  A 194989
   3904.53610 13.014 13.006 12.966 12.966 13.038    0.031 0.025 0.025 0.029 0.033  A 195379
   3906.55903 13.298 13.104 13.004 12.972 13.006    0.033 0.026 0.026 0.030 0.034  A 195764
   3908.55696 13.196 13.139 13.052 12.991 13.022    0.043 0.027 0.026 0.030 0.034  A 196151
   3913.65327 13.004 12.932 12.904 12.897 12.928    0.037 0.026 0.029 0.033 0.038  A 196939
   4091.79471 12.771 12.760 12.767 12.781 12.891    0.045 0.036 0.035 0.040 0.046  A 209437
   4105.81950 12.791 12.734 12.768 12.810 12.806    0.048 0.039 0.037 0.043 0.049  A 210883
   4109.83690 12.867 12.815 12.822 12.856 12.953    0.044 0.032 0.030 0.036 0.042  A 211312
   4125.78389 12.836 12.838 12.892 12.861 12.922    0.067 0.050 0.049 0.056 0.065  B 211587
   4128.77249 12.759 12.631 12.568 12.528 12.490    0.072 0.046 0.042 0.048 0.055  B 211980
   4131.76414 12.719 12.647 12.614 12.554 12.594    0.040 0.031 0.032 0.037 0.043  A 212361
   4134.76129 12.809 12.844 12.866 12.924 13.005    0.053 0.036 0.038 0.047 0.054  A 212771
   4136.82831 12.914 12.834 12.781 12.788 12.912    0.037 0.035 0.038 0.047 0.056  A 213049
   4146.79977 13.069 13.108 13.081 13.126 13.245    0.035 0.030 0.031 0.035 0.039  A 214467
   4150.73457 12.937 12.969 12.950 12.890 12.899    0.051 0.040 0.037 0.040 0.044  A 214848
   4152.77869 12.914 12.897 12.874 12.848 12.814    0.039 0.034 0.032 0.037 0.042  A 215169
   4154.81730 12.961 12.887 12.857 12.852 12.841    0.069 0.039 0.034 0.038 0.042  B 215477
   4157.69558 12.923 12.899 12.844 12.797 12.710    0.067 0.039 0.038 0.045 0.053  B 215858
   4159.76076 12.693 12.688 12.631 12.579 12.601    0.044 0.029 0.028 0.034 0.038  A 216188
   4161.75028 12.730 12.717 12.641 12.564 12.490    0.032 0.027 0.028 0.033 0.038  A 216503
   4163.75781 12.807 12.769 12.813 12.862 12.788    0.041 0.040 0.047 0.061 0.073  B 216798
   4165.78076 12.834 12.736 12.648 12.636 12.738    0.055 0.056 0.071 0.090 0.102  D 217089
   4168.80960 12.926 13.017 13.090 13.074 13.026    0.040 0.033 0.032 0.037 0.045  A 217499
   4173.76381 12.861 12.912 12.864 12.808 12.733    0.035 0.033 0.033 0.038 0.043  A 218114
   4176.64773 99.999 99.999 99.999 99.999 99.999    0.042 0.034 0.033 0.038 0.042  C 218518
   4179.70385 29.999 29.999 29.999 29.999 29.999    0.047 0.038 0.040 0.048 0.052  C 218860
   4181.71731 29.999 29.999 29.999 29.999 29.999    0.063 0.051 0.051 0.061 0.071  C 219140
   4183.75472 13.213 13.175 13.138 13.088 13.020    0.041 0.038 0.039 0.045 0.054  A 219445
   4185.74238 12.835 12.850 12.832 12.804 12.788    0.041 0.037 0.036 0.042 0.050  A 219727
   4188.86736 29.999 29.999 29.999 29.999 29.999    0.040 0.040 0.040 0.047 0.055  C 220007
   4191.61460 12.818 12.847 12.983 13.102 13.267    0.034 0.033 0.032 0.038 0.046  A 220401
   4193.65388 12.966 13.226 13.182 13.043 12.959    0.047 0.042 0.043 0.050 0.058  A 220740
   4196.67221 12.531 12.615 12.586 12.522 12.493    0.050 0.053 0.061 0.073 0.086  D 221058
   4198.70360 13.022 12.995 13.048 13.116 13.267    0.040 0.039 0.045 0.058 0.070  B 221326
   4204.67136 12.758 12.778 12.813 12.862 12.836    0.039 0.035 0.034 0.039 0.043  A 221960
   4207.69066 12.969 13.070 13.158 13.290 13.508    0.054 0.037 0.037 0.043 0.047  A 222244
   4213.70370 13.051 12.974 12.896 12.820 12.613    0.046 0.038 0.039 0.046 0.054  A 222609
   4216.68056 12.874 12.878 12.859 12.859 12.855    0.041 0.040 0.040 0.045 0.048  A 222883
   4227.59455 29.999 29.999 29.999 29.999 29.999    0.033 0.031 0.026 0.029 0.034  C 223142
   4229.60460 12.914 12.843 12.749 12.673 12.716    0.038 0.035 0.038 0.043 0.047  A 223502
   4231.60978 29.999 29.999 29.999 29.999 29.999    0.051 0.053 0.058 0.064 0.068  C 223862
   4233.61171 12.784 12.836 12.899 12.913 12.983    0.032 0.028 0.026 0.029 0.033  A 224209
   4235.61003 12.799 12.736 12.731 12.690 12.675    0.038 0.037 0.040 0.044 0.048  A 224576
   4237.62687 12.635 12.659 12.606 12.566 12.562    0.042 0.043 0.049 0.059 0.069  A 224873
   4246.55704 12.827 12.836 12.882 12.927 12.939    0.040 0.038 0.036 0.041 0.045  A 226192
   4253.59129 13.018 12.916 12.863 12.854 12.802    0.039 0.036 0.032 0.036 0.041  A 226832
   4255.63629 12.983 12.872 12.794 12.749 12.676    0.047 0.058 0.074 0.089 0.101  D 227074
   4257.63194 12.714 12.806 12.697 12.602 12.600    0.045 0.052 0.061 0.074 0.086  D 227418
   4267.63981 12.747 12.620 12.469 12.318 12.221    0.067 0.064 0.062 0.072 0.081  B 227852
   4269.68188 12.845 12.836 12.811 12.828 12.821    0.045 0.054 0.071 0.090 0.099  D 228169
   4272.61721 12.795 12.761 12.802 12.846 12.901    0.043 0.039 0.034 0.038 0.042  A 228373
   4274.62930 12.741 12.728 12.765 12.783 12.706    0.034 0.032 0.028 0.033 0.035  A 228688
   4277.60946 12.733 12.847 12.867 12.813 12.771    0.034 0.032 0.029 0.035 0.040  A 228995
   4282.57998 29.999 29.999 29.999 29.999 29.999    0.053 0.041 0.048 0.060 0.071  C 229451
   4284.59392 12.800 12.771 12.769 12.794 12.855    0.039 0.032 0.030 0.034 0.040  A 229791
   4286.58834 12.967 12.861 12.864 12.912 13.031    0.051 0.053 0.058 0.068 0.080  B 230154
   4290.59024 12.931 12.941 12.963 13.030 13.004    0.033 0.034 0.029 0.031 0.035  A 230479
   4292.55458 12.968 12.993 13.058 13.150 13.241    0.029 0.028 0.025 0.027 0.031  A 230843
   4294.56294 29.999 29.999 29.999 29.999 29.999    0.038 0.037 0.036 0.041 0.046  C 231201
   4296.55780 13.196 13.226 13.129 13.039 12.939    0.049 0.040 0.037 0.042 0.046  A 231542
   4298.56255 13.027 13.037 13.079 13.125 13.229    0.049 0.044 0.044 0.053 0.059  A 231900
   4300.51686 13.063 13.069 13.063 12.986 12.826    0.034 0.033 0.036 0.042 0.049  A 232243
   4303.55062 29.999 29.999 29.999 29.999 29.999    0.036 0.038 0.029 0.034 0.038  C 232735
   4305.53689 12.804 12.976 13.142 13.219 13.227    0.033 0.033 0.029 0.033 0.037  A 233109
   4307.56341 13.077 12.941 12.886 12.804 12.754    0.039 0.033 0.033 0.038 0.043  A 233453
   4311.51677 12.921 12.872 12.933 13.018 13.049    0.031 0.032 0.032 0.037 0.044  A 234015
   4317.51180 12.672 12.666 12.647 12.664 12.703    0.034 0.029 0.027 0.029 0.033  A 234787
   4330.49338 13.024 13.025 13.021 13.039 13.033    0.041 0.031 0.031 0.035 0.040  A 235268
   4333.50018 13.221 13.279 13.229 13.219 13.274    0.038 0.030 0.030 0.033 0.039  A 235809
   4338.49514 12.993 13.021 13.037 13.087 13.139    0.034 0.033 0.031 0.036 0.041  A 236380
   4342.48468 13.030 13.008 12.987 12.924 12.887    0.040 0.037 0.036 0.043 0.048  A 237045
   4430.82955 29.999 29.999 29.999 29.999 29.999    0.041 0.039 0.040 0.049 0.058  C 247475
   4438.83143 13.275 13.341 13.352 13.363 13.356    0.044 0.042 0.044 0.053 0.061  A 248470
   4442.81871 13.071 13.057 13.016 12.953 12.904    0.038 0.037 0.037 0.041 0.045  A 248928
   4458.80205 29.999 29.999 29.999 29.999 29.999    0.042 0.036 0.038 0.046 0.054  C 250754
   4462.80098 29.999 29.999 29.999 29.999 29.999    0.034 0.034 0.034 0.041 0.048  C 251231
   4465.82641 12.886 12.846 12.798 12.747 12.751    0.056 0.044 0.046 0.055 0.067  A 251587
   4469.79349 29.999 29.999 29.999 29.999 29.999    0.048 0.049 0.057 0.068 0.079  C 252031
   4473.82778 13.227 13.116 13.148 13.267 13.226    0.047 0.048 0.051 0.060 0.068  A 252429
   4477.83045 12.878 12.866 12.885 12.908 12.860    0.035 0.036 0.036 0.043 0.048  A 252830
   4480.81209 29.999 29.999 29.999 29.999 29.999    0.056 0.054 0.063 0.072 0.079  D 253191
   4484.82374 12.950 13.007 13.055 13.091 13.218    0.049 0.037 0.035 0.041 0.048  A 253539
   4487.79020 29.999 29.999 29.999 29.999 29.999    0.051 0.048 0.051 0.059 0.065  C 253877
   4493.76855 12.976 12.935 13.005 13.102 13.239    0.033 0.032 0.032 0.037 0.044  A 254570
   4497.78192 13.117 12.997 13.025 13.070 13.107    0.031 0.032 0.028 0.032 0.036  A 254805
   4503.75900 13.086 13.071 13.117 13.157 13.050    0.044 0.041 0.042 0.049 0.054  A 255605
   4506.74337 13.057 13.022 12.964 12.967 12.964    0.041 0.034 0.031 0.034 0.039  A 256028
   4508.80539 12.987 12.899 12.821 12.774 12.771    0.037 0.036 0.037 0.040 0.045  A 256332
   4511.72650 12.910 12.892 12.880 12.869 12.850    0.036 0.032 0.034 0.040 0.046  A 256710
   4515.73262 29.999 29.999 29.999 29.999 29.999    0.044 0.041 0.044 0.054 0.062  C 257046
   4518.70594 12.949 12.994 13.021 13.041 13.014    0.035 0.034 0.034 0.041 0.048  A 257435
   4520.77024 29.999 29.999 29.999 29.999 29.999    0.037 0.035 0.036 0.044 0.050  C 257751
   4522.81488 12.703 12.702 12.703 12.703 12.730    0.036 0.032 0.029 0.033 0.038  A 258058
   4525.69667 12.885 12.979 13.117 13.261 13.320    0.040 0.047 0.048 0.056 0.062  A 258455
   4527.74533 12.777 12.832 12.856 12.879 12.914    0.033 0.031 0.029 0.033 0.039  A 258766
   4529.81449 12.938 12.929 12.915 12.894 12.880    0.032 0.028 0.027 0.031 0.035  A 259093
   4532.67727 12.831 12.859 12.872 12.850 12.859    0.034 0.033 0.031 0.035 0.039  A 259499
   4535.76816 12.811 12.815 12.870 12.896 12.964    0.045 0.045 0.045 0.049 0.055  A 259814
   4537.76925 12.920 12.991 13.023 12.998 13.040    0.034 0.032 0.029 0.034 0.040  A 260126
   4540.64503 29.999 29.999 29.999 29.999 29.999    0.048 0.046 0.049 0.059 0.068  C 260513
   4542.69000 12.911 12.793 12.841 12.861 12.905    0.033 0.032 0.033 0.040 0.048  A 260847
   4546.72629 12.801 12.849 12.896 13.061 13.396    0.039 0.037 0.038 0.047 0.057  A 261468
   4548.73366 12.765 12.797 12.918 13.075 13.158    0.036 0.035 0.036 0.044 0.052  A 261810
   4553.69980 12.831 12.829 12.838 12.816 12.856    0.034 0.030 0.029 0.034 0.041  A 262416
   4555.71522 12.779 12.856 12.905 12.948 12.936    0.032 0.029 0.027 0.030 0.035  A 262727
   4557.77241 12.816 12.844 12.777 12.712 12.675    0.030 0.029 0.029 0.033 0.038  A 263070
   4559.81215 12.803 12.794 12.800 12.764 12.788    0.036 0.031 0.030 0.036 0.041  A 263413
   4562.59523 13.044 13.164 13.146 13.194 13.236    0.037 0.033 0.035 0.042 0.048  A 263849
   4564.65259 12.666 12.714 12.703 12.714 12.730    0.036 0.033 0.031 0.036 0.042  A 264200
   4566.66151 12.782 12.711 12.714 12.672 12.655    0.039 0.038 0.036 0.039 0.042  A 264537
   4568.67130 12.881 12.941 12.909 12.882 12.826    0.038 0.033 0.030 0.033 0.039  A 264848
   4570.65188 12.839 12.843 12.835 12.837 12.885    0.031 0.029 0.027 0.031 0.035  A 265171
   4572.62489 12.789 12.873 12.925 12.916 12.830    0.037 0.035 0.035 0.042 0.048  A 265508
   4574.63703 12.847 12.888 12.935 12.979 12.870    0.039 0.036 0.036 0.042 0.049  A 265837
#ndata= 493
#dataset= 2 ; 1 F1400-80_013
#desig= 130419-7750.9
#cra=   13.072078  13:04:19.5
#cdec= -77.847790 -77:50:52.0
#class= 0
#cmag_0= 12.943
#cmer_0=  0.297
#nskip_0= 0
#cmag_1= 12.973
#cmer_1=  0.247
#nskip_1= 0
#cmag_2= 13.010
#cmer_2=  0.240
#nskip_2= 0
#cmag_3= 13.035
#cmer_3=  0.245
#nskip_3= 0
#cmag_4= 13.020
#cmer_4=  0.219
#nskip_4= 0
#ra=   13.072078  13:04:19.5
#dec= -77.847790 -77:50:52.0
#     HJD      MAG_0  MAG_1  MAG_2  MAG_3  MAG_4    MER_0 MER_1 MER_2 MER_3 MER_4 GRADE FRAME
   1955.88996 13.039 13.062 13.065 13.059 13.138    0.037 0.035 0.029 0.032 0.034  A 10141
   1984.84907 12.616 12.725 12.777 12.735 12.790    0.056 0.048 0.042 0.047 0.047  A 13055
   1993.74588 13.282 13.185 13.138 13.156 13.107    0.066 0.054 0.047 0.054 0.053  B 13344
   1995.76740 29.999 29.999 29.999 29.999 29.999    0.066 0.053 0.047 0.054 0.054  C 13700
   2008.64933 12.863 12.870 12.901 12.992 13.024    0.084 0.068 0.058 0.063 0.065  D 15175
   2508.57982 29.999 29.999 29.999 29.999 29.999    0.047 0.043 0.037 0.041 0.044  C 16769
   2519.55554 12.711 12.847 12.919 12.884 12.841    0.079 0.065 0.055 0.058 0.058  D 17969
   2834.66176 29.999 29.999 29.999 29.999 29.999    0.055 0.056 0.060 0.069 0.082  D 63348
   3130.68853 29.999 29.999 29.999 29.999 29.999    0.049 0.051 0.055 0.061 0.068  C 101505
   3171.76875 29.999 29.999 29.999 29.999 29.999    0.074 0.082 0.094 0.114 0.134  D 106228
   4343.53589 13.471 13.348 13.359 13.398 13.254    0.043 0.030 0.028 0.033 0.038  A 237242
#dataset= 2 ; 2 F1400-80_013
#desig= 130416-7751.0
#cra=   13.071086  13:04:15.9
#cdec= -77.850563 -77:51:02.0
#class= 0
#cmag_0= 12.933
#cmer_0=  0.160
#nskip_0= 1
#cmag_1= 12.901
#cmer_1=  0.161
#nskip_1= 0
#cmag_2= 12.877
#cmer_2=  0.165
#nskip_2= 1
#cmag_3= 12.875
#cmer_3=  0.184
#nskip_3= 1
#cmag_4= 12.898
#cmer_4=  0.206
#nskip_4= 3
#ra=   13.071086  13:04:15.9
#dec= -77.850563 -77:51:02.0
#     HJD      MAG_0  MAG_1  MAG_2  MAG_3  MAG_4    MER_0 MER_1 MER_2 MER_3 MER_4 GRADE FRAME
   1885.84848 13.226 13.165 13.152 13.207 13.285    0.046 0.027 0.027 0.031 0.034  A 2516
   1887.85405 13.138 13.058 12.986 12.956 12.989    0.051 0.028 0.028 0.032 0.037  A 2838
   1889.85223 13.366 13.302 13.277 13.383 13.481    0.059 0.036 0.038 0.044 0.050  A 3159
   1900.82714 13.231 13.195 13.182 13.139 13.146    0.048 0.027 0.024 0.029 0.034  A 3434
   1903.82898 13.096 12.993 12.920 12.922 12.974    0.065 0.032 0.030 0.033 0.036  B 3752
   1905.83771 12.965 12.917 12.870 12.874 12.925    0.056 0.030 0.027 0.030 0.033  A 4079
   1907.83418 13.023 13.041 13.042 13.039 13.039    0.036 0.026 0.023 0.026 0.029  A 4399
   1914.78805 12.857 12.772 12.761 12.772 12.779    0.054 0.028 0.026 0.030 0.033  A 4836
   1915.86797 13.069 12.981 12.911 12.889 12.932    0.048 0.029 0.027 0.032 0.036  A 5028
   1918.81108 12.917 12.915 12.933 12.934 12.873    0.049 0.030 0.029 0.035 0.041  A 5219
   1920.80727 12.842 12.818 12.821 12.799 12.768    0.054 0.031 0.030 0.035 0.040  A 5539
   1922.80115 12.932 12.823 12.732 12.681 12.617    0.043 0.030 0.027 0.032 0.036  A 5845
   1924.79234 12.924 12.894 12.847 12.825 12.938    0.054 0.031 0.030 0.033 0.037  A 6176
   1925.84050 12.860 12.875 12.813 12.812 12.880    0.039 0.034 0.032 0.037 0.041  A 6365
   1926.83920 12.921 12.854 12.782 12.715 12.720    0.032 0.025 0.023 0.026 0.030  A 6535
   1928.87730 12.842 12.775 12.744 12.765 12.751    0.039 0.028 0.027 0.032 0.037  A 6877
   1930.78276 12.900 12.851 12.836 12.821 12.811    0.033 0.026 0.022 0.025 0.028  A 7156
   1932.77342 12.764 12.700 12.662 12.585 12.507    0.031 0.027 0.024 0.027 0.031  A 7486
   1935.72545 13.022 12.984 12.938 12.984 13.092    0.031 0.025 0.022 0.026 0.029  A 7929
   1937.81083 12.933 12.841 12.847 12.873 12.912    0.031 0.029 0.023 0.026 0.029  A 8193
   1939.81268 12.901 12.847 12.804 12.809 12.850    0.031 0.028 0.023 0.025 0.030  A 8438
   1945.88994 13.020 13.055 13.009 12.986 12.984    0.033 0.034 0.029 0.033 0.039  A 8749
   1947.82614 12.957 12.910 12.864 12.841 12.910    0.033 0.033 0.028 0.031 0.037  A 8981
   1949.78472 13.083 13.037 12.972 12.966 13.041    0.037 0.033 0.029 0.032 0.037  A 9253
   1950.84859 13.017 13.001 12.908 12.875 12.964    0.038 0.035 0.028 0.030 0.034  A 9457
   1953.77336 13.174 13.067 13.050 13.037 13.039    0.040 0.037 0.030 0.031 0.033  A 9732
   1955.78937 13.026 13.060 13.025 13.008 13.116    0.036 0.034 0.027 0.030 0.032  A 10097
   1958.79298 12.908 12.919 12.963 12.997 12.963    0.043 0.039 0.032 0.037 0.034  A 10270
   1961.77885 13.037 13.072 12.999 13.035 13.074    0.039 0.036 0.029 0.031 0.031  A 10542
   1962.84312 12.980 12.928 12.952 13.008 13.052    0.047 0.042 0.035 0.040 0.040  A 10718
   1964.79429 12.876 12.914 12.911 12.972 13.035    0.037 0.034 0.027 0.031 0.030  A 11060
   1965.77385 12.831 12.802 12.833 12.848 12.908    0.037 0.035 0.028 0.031 0.031  A 11237
   1966.77807 12.879 12.829 12.810 12.839 12.923    0.038 0.035 0.029 0.031 0.031  A 11421
   1967.80581 12.828 12.832 12.802 12.727 12.692    0.042 0.038 0.031 0.034 0.033  A 11595
   1968.79087 12.786 12.775 12.776 12.801 12.781    0.046 0.042 0.034 0.038 0.036  A 11773
   1971.79686 12.604 12.561 12.594 12.598 12.608    0.049 0.046 0.039 0.043 0.040  A 11836
   1976.81654 12.486 12.583 12.636 12.708 12.777    0.059 0.051 0.045 0.052 0.049  A 11860
   1977.73091 12.697 12.724 12.698 12.717 12.741    0.053 0.048 0.042 0.048 0.046  A 11994
   1978.81078 12.499 12.468 12.453 12.444 12.471    0.057 0.052 0.045 0.052 0.050  B 12109
   1979.73699 12.462 12.475 12.444 12.426 12.385    0.057 0.049 0.043 0.049 0.047  A 12270
   1980.71742 12.577 12.627 12.644 12.708 12.724    0.060 0.053 0.048 0.055 0.053  B 12408
   1981.73596 12.576 12.540 12.561 12.544 12.550    0.050 0.044 0.038 0.044 0.041  A 12598
   1982.73401 12.514 12.556 12.531 12.528 12.605    0.046 0.041 0.035 0.040 0.036  A 12791
   1984.73105 12.608 12.634 12.682 12.694 12.754    0.058 0.050 0.044 0.052 0.049  A 13004
   1985.73223 12.704 12.683 12.695 12.742 12.746    0.053 0.047 0.041 0.048 0.044  A 13196
   1993.74588 12.988 13.082 13.095 13.091 13.026    0.066 0.054 0.047 0.054 0.053  B 13344
   1994.78227 12.956 13.035 13.037 13.053 13.061    0.063 0.055 0.048 0.050 0.049  B 13508
   1996.70613 12.795 12.815 12.887 12.993 13.043    0.066 0.054 0.046 0.052 0.051  B 13871
   1998.69967 13.021 13.129 13.161 13.149 13.160    0.071 0.058 0.049 0.055 0.055  B 14273
   2000.69344 13.201 13.226 13.185 13.152 13.133    0.069 0.057 0.047 0.053 0.052  B 14674
   2014.65622 12.920 12.929 12.897 12.948 12.982    0.080 0.065 0.052 0.056 0.057  D 15789
   2025.62123 12.668 12.640 12.607 12.604 12.676    0.034 0.024 0.025 0.029 0.032  A 17185
   2026.64076 12.771 12.733 12.672 12.622 12.634    0.045 0.028 0.026 0.031 0.034  A 17410
   2027.63270 12.782 12.669 12.630 12.627 12.652    0.040 0.024 0.024 0.028 0.032  A 17624
   2030.61698 12.787 12.781 12.828 12.915 13.033    0.035 0.025 0.025 0.028 0.031  A 17794
   2031.63848 12.767 12.725 12.703 12.727 12.799    0.039 0.026 0.025 0.029 0.032  A 18014
   2032.61506 12.683 12.638 12.607 12.611 12.619    0.034 0.023 0.022 0.025 0.028  A 18225
   2033.60733 12.750 12.702 12.629 12.564 12.524    0.031 0.024 0.025 0.028 0.032  A 18441
   2034.60047 12.679 12.666 12.711 12.715 12.701    0.034 0.026 0.026 0.030 0.034  A 18638
   2037.62675 12.770 12.695 12.695 12.735 12.684    0.046 0.035 0.036 0.039 0.043  A 18969
   2038.62947 29.999 29.999 29.999 29.999 29.999    0.066 0.051 0.056 0.072 0.084  D 19096
   2052.56360 12.911 12.891 12.870 12.867 12.901    0.055 0.029 0.027 0.030 0.034  A 19791
   2054.59297 13.086 13.057 13.050 12.998 12.881    0.073 0.042 0.043 0.052 0.058  B 20227
   2055.57138 13.055 12.971 12.883 12.807 12.780    0.054 0.030 0.028 0.031 0.035  A 20441
   2056.58309 12.956 12.908 12.890 12.881 12.897    0.041 0.023 0.022 0.027 0.029  A 20671
   2057.57149 13.020 12.983 12.940 12.906 12.881    0.051 0.026 0.025 0.029 0.032  A 20897
   2058.56572 13.104 13.023 12.975 12.959 12.958    0.051 0.027 0.026 0.030 0.034  A 21122
   2067.53628 13.106 13.046 12.993 12.986 13.125    0.058 0.029 0.029 0.033 0.037  A 21807
   2068.55009 12.830 12.854 12.853 12.867 12.826    0.058 0.033 0.031 0.032 0.035  A 22037
   2069.55267 13.031 12.930 12.842 12.748 12.736    0.072 0.034 0.030 0.036 0.036  B 22261
   2070.54987 12.968 12.831 12.739 12.719 12.731    0.060 0.032 0.030 0.034 0.037  A 22489
   2079.51244 12.943 12.934 12.961 13.003 13.036    0.043 0.030 0.026 0.030 0.034  A 22782
   2083.51944 12.882 12.871 12.836 12.768 12.796    0.053 0.032 0.030 0.036 0.040  A 23540
   2085.52234 12.890 12.887 12.859 12.897 12.937    0.035 0.027 0.024 0.028 0.031  A 23768
   2087.48584 12.769 12.769 12.775 12.800 12.817    0.057 0.030 0.027 0.031 0.033  A 24201
   2093.48840 12.778 12.778 12.736 12.719 12.704    0.062 0.033 0.030 0.033 0.037  A 24649
   2094.60078 13.213 13.230 13.211 13.277 13.394    0.043 0.026 0.026 0.031 0.037  A 24984
   2102.46811 12.940 12.933 12.865 12.849 12.909    0.052 0.032 0.029 0.033 0.036  A 25589
   2104.52133 12.839 12.830 12.867 12.932 12.831    0.048 0.035 0.035 0.041 0.047  A 25961
   2106.52364 13.104 13.053 12.999 12.959 12.925    0.053 0.031 0.028 0.031 0.034  A 26387
   2115.59616 13.218 13.196 13.113 13.132 13.215    0.051 0.036 0.033 0.037 0.040  A 26849
   2117.49599 13.366 13.203 13.113 13.100 13.210    0.032 0.026 0.025 0.029 0.032  A 27246
   2125.46366 13.247 13.102 12.988 12.963 13.035    0.056 0.034 0.032 0.039 0.044  A 27794
   2129.47172 13.028 13.003 12.947 12.932 13.066    0.041 0.036 0.041 0.040 0.043  A 28083
   2131.51234 12.935 12.739 12.704 12.709 12.710    0.051 0.027 0.025 0.030 0.034  A 28514
   2133.52117 12.859 12.827 12.800 12.808 12.855    0.046 0.035 0.039 0.043 0.044  A 28946
   2135.54099 12.855 12.855 12.816 12.844 12.891    0.045 0.030 0.028 0.032 0.035  A 29385
   2141.47522 12.909 12.836 12.774 12.722 12.709    0.056 0.033 0.030 0.035 0.039  A 30326
   2144.47199 12.887 12.826 12.807 12.844 12.822    0.057 0.033 0.029 0.034 0.039  A 30937
   2158.50113 13.254 13.189 13.228 13.316 13.290    0.039 0.031 0.030 0.034 0.039  A 31804
   2440.54555 13.005 13.020 13.080 13.134 13.161    0.033 0.034 0.028 0.032 0.033  A 8019
   2441.54670 13.206 13.229 13.265 13.265 13.255    0.048 0.049 0.048 0.055 0.059  A 8240
   2442.53629 13.078 13.065 13.051 13.051 13.131    0.036 0.036 0.030 0.035 0.036  A 8441
   2443.53833 13.158 13.220 13.189 13.165 13.171    0.029 0.029 0.022 0.023 0.025  A 8630
   2445.52474 13.145 13.140 99.999 99.999 99.999    0.030 0.030 0.024 0.027 0.030  C 9044
   2452.49880 13.058 13.083 13.096 13.176 13.197    0.048 0.042 0.037 0.040 0.043  A 9401
   2454.50857 12.952 12.940 12.919 12.899 12.865    0.052 0.048 0.043 0.047 0.051  A 9796
   2456.50889 12.773 12.833 12.857 12.872 12.907    0.044 0.039 0.034 0.035 0.037  A 10021
   2464.48827 12.730 12.740 99.999 99.999 99.999    0.041 0.035 0.029 0.032 0.032  C 10774
   2466.51628 12.779 12.718 12.719 12.653 12.669    0.034 0.034 0.027 0.030 0.031  A 11224
   2468.51073 12.782 12.745 12.748 12.707 12.718    0.038 0.036 0.030 0.033 0.034  A 11659
   2470.49714 12.659 12.661 12.620 12.629 12.629    0.043 0.039 0.033 0.037 0.038  A 11934
   2474.46103 12.963 12.958 12.934 12.923 12.927    0.049 0.046 0.040 0.044 0.043  A 12824
   2482.46807 12.829 12.785 12.760 12.733 12.733    0.058 0.049 0.043 0.043 0.043  A 13083
   2490.51841 12.966 13.052 12.993 12.996 13.016    0.031 0.031 0.024 0.025 0.024  A 14014
   2498.51126 12.928 12.971 12.981 13.045 13.090    0.031 0.032 0.024 0.024 0.025  A 15382
   2502.51683 12.850 12.928 12.945 13.003 13.037    0.039 0.038 0.032 0.036 0.032  A 16168
   2503.53084 13.038 13.056 13.003 13.039 13.069    0.045 0.042 0.037 0.044 0.038  A 16378
   2510.53775 29.999 29.999 29.999 29.999 29.999    0.047 0.049 0.053 0.063 0.073  C 16935
   2512.50488 12.945 12.969 12.918 12.904 12.929    0.037 0.037 0.029 0.028 0.028  A 17202
   2524.48983 12.755 12.746 12.740 12.709 12.741    0.034 0.035 0.026 0.027 0.026  A 18589
   2526.51776 12.817 12.779 12.736 12.694 12.678    0.042 0.033 0.032 0.036 0.040  A 18794
   2540.49231 12.679 12.854 99.999 99.999 99.999    0.076 0.059 0.052 0.058 0.057  C 19651
   2545.48505 13.021 12.932 12.890 12.873 12.886    0.031 0.025 0.024 0.027 0.029  A 20107
   2623.84913 12.909 12.840 12.800 12.759 12.786    0.027 0.025 0.023 0.027 0.030  A 30225
   2628.85374 12.963 12.928 12.887 12.793 12.821    0.033 0.038 0.035 0.041 0.045  A 30814
   2635.82295 12.925 12.912 12.929 12.948 13.014    0.027 0.024 0.024 0.028 0.030  A 32309
   2639.82048 12.999 12.943 12.938 12.946 13.000    0.026 0.020 0.020 0.022 0.024  A 32907
   2642.84764 12.828 12.783 12.823 12.840 12.863    0.033 0.043 0.034 0.041 0.041  A 33356
   2646.79347 12.990 13.079 13.071 13.065 13.093    0.024 0.025 0.022 0.024 0.026  A 33941
   2650.78763 12.984 12.966 12.943 12.951 12.975    0.026 0.029 0.026 0.030 0.031  A 34347
   2652.82702 12.927 12.897 12.901 12.871 12.951    0.030 0.039 0.035 0.041 0.042  A 34669
   2657.81137 13.061 13.127 13.211 13.195 13.133    0.032 0.032 0.031 0.036 0.041  A 35502
   2659.81751 13.070 13.041 13.037 13.037 13.099    0.029 0.031 0.031 0.034 0.036  A 35845
   2661.83614 13.255 13.271 13.231 13.200 13.298    0.036 0.041 0.039 0.046 0.051  A 36197
   2663.83182 13.233 13.173 13.199 13.156 13.138    0.034 0.036 0.036 0.042 0.046  A 36534
   2665.85790 29.999 29.999 29.999 29.999 29.999    0.041 0.043 0.044 0.052 0.056  C 36894
   2668.85908 12.796 12.943 13.092 13.148 13.033    0.039 0.035 0.038 0.047 0.054  A 37355
   2671.81548 13.222 13.198 13.283 13.349 13.334    0.031 0.037 0.030 0.036 0.039  A 37838
   2674.81635 13.209 13.100 13.076 13.104 13.182    0.022 0.022 0.022 0.025 0.028  A 38346
   2677.77516 13.071 13.084 13.105 13.138 13.104    0.029 0.035 0.033 0.037 0.039  A 38864
   2679.81416 12.974 12.994 12.956 12.931 12.911    0.034 0.043 0.039 0.047 0.049  A 39211
   2681.79781 12.961 12.949 12.905 12.891 12.945    0.032 0.031 0.027 0.028 0.030  A 39526
   2683.79061 12.983 12.950 12.953 12.922 12.892    0.026 0.027 0.023 0.026 0.028  A 39882
   2685.78875 12.867 12.852 12.891 12.937 13.142    0.032 0.029 0.030 0.035 0.038  A 40243
   2689.78382 12.841 12.797 12.815 12.818 12.811    0.029 0.030 0.028 0.034 0.038  A 40971
   2691.77426 12.795 12.744 12.761 12.749 12.670    0.033 0.031 0.030 0.034 0.037  A 41341
   2693.84686 12.776 12.743 12.685 12.657 12.674    0.036 0.034 0.034 0.040 0.042  A 41672
   2698.77656 12.872 12.833 12.808 12.814 12.851    0.026 0.024 0.021 0.023 0.025  A 42568
   2700.82601 12.883 12.867 12.888 12.961 13.051    0.043 0.039 0.040 0.046 0.049  A 42975
   2704.79429 12.939 12.899 12.843 12.873 12.939    0.034 0.034 0.036 0.042 0.045  A 43729
   2710.74143 13.153 13.068 12.999 12.998 13.031    0.023 0.020 0.019 0.022 0.024  A 44796
   2712.73688 13.104 13.017 12.984 12.991 13.119    0.032 0.042 0.038 0.046 0.051  A 45166
   2714.72610 12.930 12.817 12.796 12.812 12.818    0.031 0.034 0.034 0.041 0.045  A 45553
   2717.72471 12.883 12.835 12.856 12.899 13.029    0.031 0.035 0.032 0.038 0.041  A 45894
   2720.67545 12.869 12.916 12.886 12.866 12.862    0.027 0.031 0.028 0.034 0.035  A 46310
   2722.71574 12.865 12.843 12.860 12.891 12.982    0.025 0.029 0.026 0.031 0.032  A 46712
   2724.72852 12.848 12.855 12.868 12.857 12.877    0.040 0.047 0.043 0.052 0.056  A 47101
   2727.74209 12.877 12.892 12.878 12.839 12.834    0.035 0.040 0.039 0.048 0.053  A 47699
   2731.83358 12.971 12.893 12.885 12.871 12.863    0.035 0.040 0.038 0.044 0.046  A 48410
   2734.65272 12.890 12.906 12.895 12.866 12.850    0.028 0.025 0.022 0.024 0.027  A 48832
   2736.69946 12.907 12.926 12.903 12.876 12.849    0.026 0.033 0.027 0.032 0.034  A 49242
   2738.70879 12.826 12.812 12.860 12.884 12.832    0.030 0.043 0.036 0.042 0.043  A 49633
   2740.72084 12.981 12.936 12.952 12.993 12.996    0.028 0.032 0.028 0.033 0.033  A 49989
   2742.63484 12.821 12.767 12.760 12.726 12.734    0.029 0.033 0.028 0.034 0.037  A 50358
   2743.79065 12.865 12.894 12.923 12.920 12.877    0.036 0.041 0.034 0.039 0.041  A 50609
   2745.70870 12.487 12.537 12.612 12.544 12.356    0.065 0.074 0.073 0.087 0.092  D 50959
   2749.83432 12.979 12.909 12.877 12.893 12.920    0.043 0.029 0.029 0.033 0.035  A 51531
   2751.61764 12.855 12.874 12.892 12.934 12.940    0.029 0.030 0.026 0.029 0.031  A 51820
   2755.64435 12.716 12.801 12.796 12.807 12.860    0.032 0.035 0.033 0.041 0.044  A 52462
   2756.82322 12.772 12.687 12.680 12.649 12.614    0.029 0.030 0.031 0.032 0.033  A 52732
   2758.80293 12.782 12.743 12.725 12.693 12.644    0.030 0.032 0.032 0.034 0.037  A 53086
   2760.67277 12.783 12.656 12.642 12.637 12.714    0.045 0.047 0.045 0.054 0.057  A 53440
   2761.84187 12.862 12.934 12.919 12.944 12.933    0.038 0.038 0.036 0.041 0.044  A 53718
   2763.63092 12.856 12.924 12.904 12.905 12.901    0.037 0.038 0.035 0.045 0.048  A 54022
   2764.72714 12.784 12.794 12.815 12.823 12.793    0.041 0.040 0.039 0.046 0.048  A 54285
   2766.73882 12.856 12.867 12.826 12.786 12.763    0.031 0.028 0.025 0.027 0.030  A 54568
   2775.73246 29.999 29.999 29.999 29.999 29.999    0.048 0.057 0.053 0.061 0.063  C 55122
   2782.78139 13.065 13.019 12.982 12.981 12.980    0.045 0.025 0.025 0.027 0.031  A 55775
   2784.65848 12.983 12.966 12.992 13.006 12.991    0.028 0.038 0.031 0.035 0.036  A 56145
   2785.78363 13.103 13.000 12.973 13.014 13.033    0.042 0.025 0.025 0.027 0.030  A 56416
   2787.73510 13.110 13.067 13.089 13.104 13.142    0.028 0.026 0.023 0.024 0.028  A 56836
   2791.50752 12.889 12.922 12.940 12.981 99.999    0.033 0.041 0.035 0.042 0.045  C 57495
   2794.56840 12.904 13.017 13.049 13.069 13.035    0.028 0.041 0.037 0.040 0.038  A 58037
   2809.59501 12.718 12.765 12.769 12.795 12.791    0.042 0.045 0.042 0.052 0.058  A 59486
   2810.75425 12.780 12.773 12.769 12.739 12.724    0.031 0.029 0.028 0.033 0.036  A 59780
   2812.58233 12.724 12.723 12.803 12.827 12.862    0.039 0.045 0.040 0.048 0.052  A 60159
   2813.75221 12.872 12.829 12.793 12.795 12.824    0.036 0.027 0.025 0.028 0.032  A 60461
   2819.62726 12.903 12.826 12.794 12.794 12.804    0.030 0.036 0.034 0.039 0.040  A 61287
   2821.62802 12.862 12.945 12.912 12.900 12.932    0.038 0.040 0.042 0.045 0.047  A 61731
   2836.56271 13.091 12.987 12.970 12.973 12.976    0.033 0.037 0.035 0.040 0.042  A 63649
   2841.66980 12.988 12.962 12.940 13.000 13.059    0.033 0.033 0.033 0.038 0.044  A 64556
   2843.61752 13.110 12.988 12.984 12.993 12.989    0.032 0.033 0.028 0.031 0.034  A 64900
   2853.51638 12.992 12.986 12.994 13.021 13.030    0.027 0.028 0.025 0.028 0.028  A 65612
   2860.58114 12.992 12.967 12.956 12.946 12.989    0.029 0.027 0.026 0.030 0.033  A 66728
   2862.55818 12.935 13.026 13.113 13.118 13.080    0.032 0.031 0.031 0.035 0.039  A 67143
   2866.60453 12.838 12.757 12.771 12.758 12.757    0.029 0.029 0.025 0.029 0.032  A 67545
   2875.51938 12.602 12.596 12.597 12.581 12.565    0.040 0.032 0.035 0.038 0.040  A 68502
   2882.56986 12.887 12.818 12.798 12.838 12.879    0.031 0.026 0.024 0.026 0.029  A 69479
   2884.55868 12.951 12.927 12.920 12.916 12.866    0.028 0.026 0.025 0.029 0.033  A 69786
   2896.51548 13.023 13.049 13.093 13.138 13.147    0.036 0.031 0.031 0.033 0.037  A 71422
   2898.51798 13.019 12.931 12.873 12.826 12.835    0.030 0.026 0.024 0.027 0.030  A 71820
   2900.51300 13.020 13.022 12.943 12.844 12.780    0.030 0.026 0.026 0.028 0.032  A 72175
   2904.50504 12.881 12.819 12.805 12.779 12.862    0.032 0.028 0.027 0.031 0.033  A 72803
   2908.48964 12.735 12.673 12.615 12.584 12.619    0.033 0.025 0.023 0.027 0.031  A 73367
   2911.48823 12.750 12.685 12.694 12.721 12.768    0.029 0.026 0.025 0.027 0.030  A 73853
   2986.85145 12.662 12.747 12.756 12.765 12.828    0.033 0.031 0.033 0.040 0.045  A 84254
   2989.85426 12.605 12.504 12.463 12.460 12.516    0.041 0.036 0.037 0.045 0.053  A 84606
   3016.86424 13.011 13.046 13.041 13.039 13.008    0.028 0.030 0.030 0.035 0.040  A 87834
   3019.84442 12.727 12.595 12.509 12.454 12.452    0.036 0.041 0.047 0.056 0.065  A 88220
   3030.81825 12.617 12.602 12.582 12.570 12.514    0.028 0.028 0.030 0.036 0.042  A 88794
   3041.81775 12.846 12.794 12.788 12.760 12.730    0.032 0.033 0.035 0.043 0.051  A 89719
   3043.82443 12.675 12.637 12.619 12.645 12.747    0.035 0.036 0.041 0.049 0.057  A 89991
   3057.85523 13.060 13.016 13.004 12.957 12.853    0.030 0.027 0.027 0.031 0.035  A 91891
   3060.78993 12.928 12.889 12.885 12.882 12.902    0.026 0.026 0.027 0.032 0.038  A 92265
   3066.85314 12.862 12.847 12.787 12.782 12.764    0.026 0.024 0.025 0.029 0.033  A 92976
   3069.76372 12.553 12.507 12.406 12.306 12.257    0.033 0.031 0.032 0.038 0.044  A 93383
   3074.73405 12.713 12.683 12.691 12.740 12.756    0.028 0.028 0.029 0.036 0.041  A 94023
   3076.80931 12.698 12.667 12.629 12.587 12.555    0.028 0.027 0.027 0.031 0.035  A 94327
   3078.86564 12.742 12.729 12.705 12.702 12.731    0.032 0.032 0.032 0.036 0.040  A 94651
   3085.79606 12.817 12.817 12.769 12.729 12.742    0.031 0.032 0.034 0.041 0.047  A 95355
   3087.79756 12.579 12.627 12.671 12.704 12.808    0.054 0.061 0.057 0.064 0.074  D 95664
   3090.71016 12.749 12.704 12.736 12.806 12.904    0.033 0.036 0.040 0.046 0.049  A 96094
   3092.75739 12.805 12.798 12.788 12.810 99.999    0.027 0.027 0.026 0.031 0.035  C 96420
   3096.75849 12.854 12.782 12.829 12.869 12.966    0.029 0.029 0.029 0.033 0.037  A 96693
   3104.80477 12.811 12.817 12.789 12.752 12.793    0.029 0.028 0.029 0.035 0.041  A 97965
   3108.80750 12.895 12.791 12.741 12.735 12.743    0.030 0.024 0.024 0.029 0.033  A 98594
   3126.65628 99.999 99.999 99.999 99.999 99.999    0.037 0.036 0.038 0.043 0.048  C 100885
   3128.64974 12.783 12.794 12.835 12.844 12.790    0.034 0.032 0.034 0.039 0.044  A 101203
   3132.69962 13.050 13.011 13.019 13.027 13.072    0.028 0.028 0.029 0.035 0.042  A 101838
   3134.70203 12.786 12.798 12.729 12.688 12.673    0.026 0.028 0.028 0.033 0.038  A 102162
   3142.71466 12.691 12.608 12.601 12.617 12.674    0.025 0.025 0.023 0.028 0.032  A 103129
   3145.71461 12.703 12.694 12.640 12.651 12.673    0.030 0.032 0.034 0.042 0.050  A 103440
   3153.71333 12.881 12.885 12.883 12.909 12.947    0.025 0.025 0.025 0.029 0.033  A 103788
   3156.58265 12.826 12.846 12.846 12.817 12.817    0.026 0.026 0.025 0.030 0.035  A 104146
   3158.72770 12.886 12.805 12.772 12.737 12.756    0.033 0.033 0.035 0.043 0.048  A 104434
   3160.74115 29.999 29.999 29.999 29.999 29.999    0.042 0.044 0.050 0.062 0.073  C 104729
   3163.74965 13.119 13.067 13.104 13.129 13.110    0.029 0.030 0.033 0.040 0.046  A 105059
   3169.50623 13.197 13.124 13.095 13.081 13.171    0.028 0.028 0.027 0.031 0.035  A 105881
   3175.76168 13.125 13.022 13.039 13.099 13.134    0.026 0.026 0.026 0.031 0.035  A 106630
   3178.55312 13.305 13.237 13.239 13.240 13.396    0.026 0.026 0.025 0.029 0.033  A 107027
   3180.66460 13.198 13.106 13.055 13.005 13.091    0.028 0.027 0.026 0.030 0.035  A 107351
   3183.63731 12.914 12.866 12.906 12.945 12.998    0.028 0.027 0.027 0.031 0.035  A 107654
   3185.63085 13.129 13.143 13.147 13.139 13.127    0.032 0.029 0.031 0.036 0.040  A 107930
   3384.82518 12.904 12.873 12.855 12.887 12.913    0.066 0.061 0.064 0.072 0.079  D 125950
   3395.83722 12.921 13.006 12.983 12.869 12.835    0.039 0.035 0.037 0.043 0.050  A 127322
   3398.82927 13.124 13.131 13.079 12.974 12.924    0.049 0.037 0.035 0.041 0.045  A 127701
   3402.82017 12.977 12.946 12.917 12.953 13.001    0.034 0.027 0.026 0.030 0.034  A 128159
   3405.83206 12.980 12.911 12.933 12.947 12.956    0.050 0.045 0.047 0.052 0.057  A 128637
   3408.82932 13.033 13.015 13.020 13.049 13.251    0.039 0.037 0.038 0.042 0.048  A 129097
   3411.82610 12.792 12.715 12.705 12.701 12.768    0.046 0.033 0.030 0.033 0.036  A 129552
   3414.80944 12.778 12.696 12.653 12.650 12.710    0.040 0.033 0.031 0.037 0.044  A 130008
   3417.81212 12.973 12.919 12.855 12.828 12.851    0.063 0.042 0.039 0.043 0.047  B 130477
   3420.78183 12.965 12.848 12.858 12.931 13.076    0.049 0.038 0.036 0.041 0.046  A 130954
   3423.78474 12.686 12.658 12.649 12.598 12.611    0.067 0.059 0.063 0.075 0.088  D 131420
   3425.82577 12.951 12.790 12.749 12.749 12.828    0.043 0.039 0.040 0.043 0.049  A 131745
   3427.83626 12.904 12.710 12.626 12.627 12.645    0.053 0.041 0.035 0.040 0.044  A 132058
   3431.82516 12.877 12.890 12.929 12.991 13.111    0.039 0.038 0.038 0.041 0.047  A 132428
   3433.88107 13.063 12.980 12.851 12.744 12.713    0.062 0.037 0.033 0.039 0.043  A 132770
   3438.76913 12.899 12.863 12.800 12.736 12.810    0.030 0.027 0.025 0.028 0.032  A 133224
   3442.76749 13.107 13.181 13.149 13.178 13.249    0.047 0.044 0.045 0.050 0.054  A 133633
   3444.79550 13.015 12.980 12.934 12.905 12.899    0.048 0.040 0.042 0.046 0.052  A 133982
   3446.83899 13.087 13.059 12.993 12.944 13.040    0.032 0.027 0.025 0.029 0.033  A 134642
   3454.76809 13.276 13.337 13.381 13.547 13.819    0.049 0.041 0.042 0.047 0.053  A 135873
   3456.76831 13.130 13.074 13.069 13.056 13.100    0.041 0.036 0.037 0.044 0.049  A 136227
   3458.78425 13.032 13.064 13.145 13.294 13.345    0.040 0.034 0.035 0.042 0.047  A 136587
   3460.79478 13.011 12.938 12.919 12.966 13.146    0.031 0.029 0.029 0.034 0.040  A 136953
   3463.68583 12.972 12.915 12.880 12.941 13.113    0.037 0.031 0.029 0.034 0.039  A 137335
   3465.74562 13.010 12.953 12.964 12.993 13.010    0.027 0.026 0.025 0.029 0.032  A 137690
   3468.73427 12.850 12.814 12.738 12.711 12.716    0.027 0.025 0.024 0.028 0.031  A 138132
   3470.76988 12.941 12.961 12.942 12.943 12.964    0.032 0.028 0.027 0.032 0.036  A 138449
   3473.65379 12.953 12.924 12.889 12.909 12.969    0.032 0.030 0.025 0.027 0.031  A 138883
   3475.73925 12.744 12.593 12.572 12.630 12.701    0.038 0.038 0.044 0.055 0.066  B 139242
   3477.74614 12.902 12.861 12.831 12.831 12.819    0.046 0.029 0.028 0.031 0.034  A 139581
   3479.70024 12.900 12.828 12.832 12.839 12.813    0.066 0.046 0.047 0.057 0.063  B 139876
   3481.70000 12.920 12.921 12.884 12.862 12.891    0.034 0.029 0.028 0.034 0.039  A 140197
   3487.66477 12.806 12.814 12.798 12.788 12.836    0.036 0.034 0.033 0.039 0.045  A 140786
   3490.67701 29.999 29.999 29.999 29.999 29.999    0.056 0.042 0.047 0.058 0.068  C 141151
   3492.67503 12.866 12.829 12.713 12.628 12.564    0.036 0.031 0.029 0.033 0.037  A 141490
   3496.67704 12.958 12.841 12.780 12.791 12.745    0.040 0.041 0.043 0.048 0.051  A 141769
   3499.67958 12.952 12.861 12.851 12.926 12.990    0.047 0.045 0.047 0.052 0.058  A 142128
   3501.71374 12.861 12.769 12.758 12.825 12.854    0.064 0.044 0.045 0.054 0.058  B 142475
   3503.70327 12.900 12.885 12.849 12.806 12.897    0.040 0.032 0.029 0.034 0.038  A 142829
   3506.71096 13.108 13.055 12.954 12.844 12.779    0.034 0.033 0.032 0.035 0.039  A 143167
   3509.70288 13.016 12.895 12.883 12.900 12.944    0.029 0.029 0.025 0.028 0.032  A 143444
   3511.73835 12.921 12.884 12.898 12.936 12.989    0.028 0.028 0.027 0.032 0.037  A 143704
   3515.73953 13.048 12.969 12.929 12.922 12.909    0.032 0.033 0.034 0.040 0.047  A 144082
   3517.73316 12.991 12.981 12.998 13.046 13.041    0.039 0.028 0.026 0.031 0.036  A 144375
   3521.63658 13.019 13.090 13.046 13.093 13.188    0.062 0.046 0.045 0.046 0.039  A 144840
   3523.64156 12.850 12.817 12.758 12.706 12.673    0.035 0.031 0.031 0.035 0.040  A 145195
   3525.66881 12.830 12.759 12.712 12.697 12.721    0.036 0.031 0.030 0.034 0.039  A 145503
   3529.66367 12.898 12.848 12.818 12.804 12.769    0.036 0.032 0.034 0.036 0.040  A 146204
   3538.63295 12.755 12.681 12.653 12.651 12.623    0.031 0.026 0.025 0.029 0.032  A 146842
   3540.65002 12.685 12.642 12.612 12.596 12.553    0.049 0.036 0.033 0.039 0.045  A 147169
   3543.61377 13.090 13.053 12.976 12.856 12.776    0.033 0.032 0.035 0.042 0.049  A 147547
   3550.64922 12.779 12.723 12.731 12.736 12.656    0.049 0.039 0.041 0.049 0.054  A 148219
   3552.69742 12.866 12.798 12.743 12.700 12.745    0.032 0.028 0.028 0.032 0.035  A 148483
   3555.69104 12.785 12.777 12.764 12.734 12.701    0.037 0.027 0.024 0.027 0.030  A 148941
   3558.69555 12.895 12.861 12.868 12.849 12.938    0.086 0.051 0.050 0.058 0.066  D 149249
   3560.70505 12.747 12.702 12.706 12.719 12.759    0.035 0.031 0.031 0.035 0.041  A 149584
   3563.50113 12.786 12.731 12.696 12.713 12.807    0.034 0.028 0.027 0.031 0.035  A 150037
   3570.59081 12.850 12.742 12.680 12.671 12.683    0.031 0.029 0.028 0.033 0.039  A 150746
   3573.65289 12.805 12.788 12.751 12.691 12.632    0.036 0.036 0.034 0.039 0.046  A 151118
   3575.67082 12.764 12.612 12.522 12.522 12.524    0.031 0.029 0.028 0.033 0.037  A 151485
   3578.55690 12.704 12.678 12.679 12.681 12.741    0.029 0.024 0.024 0.028 0.031  A 151948
   3584.57318 12.753 12.657 12.608 12.579 12.640    0.038 0.026 0.026 0.030 0.033  A 152999
   3586.60814 12.751 12.766 12.725 12.684 12.709    0.040 0.029 0.027 0.031 0.036  A 153346
   3591.53107 12.723 12.669 12.646 12.650 12.655    0.035 0.027 0.028 0.032 0.035  A 154155
   3593.54330 12.801 12.756 12.691 12.660 12.658    0.046 0.029 0.028 0.032 0.036  A 154509
   3597.57186 29.999 29.999 29.999 29.999 29.999    0.076 0.083 0.100 0.127 0.150  D 155114
   3601.56102 12.876 12.779 12.658 12.567 12.540    0.043 0.032 0.034 0.040 0.045  A 155534
   3603.56779 12.773 12.762 12.730 12.762 12.754    0.030 0.027 0.028 0.033 0.038  A 155860
   3606.57588 12.876 12.812 12.850 12.947 13.115    0.051 0.048 0.051 0.060 0.069  B 156177
   3618.49954 12.927 12.896 12.859 12.817 12.818    0.030 0.027 0.029 0.034 0.038  A 157239
   3620.53691 12.946 12.967 12.930 12.919 13.045    0.054 0.029 0.029 0.034 0.038  A 157557
   3630.49949 12.954 12.930 12.936 12.968 12.940    0.036 0.031 0.034 0.041 0.049  A 158739
   3633.49722 12.932 12.909 12.814 12.766 12.789    0.032 0.027 0.028 0.033 0.038  A 159178
   3642.49041 12.692 12.693 12.604 12.477 12.457    0.035 0.034 0.037 0.045 0.053  A 160265
   3725.85700 12.865 12.910 12.941 12.995 13.189    0.038 0.034 0.036 0.042 0.050  A 171076
   3733.84708 12.931 12.851 12.839 12.840 12.827    0.046 0.033 0.028 0.032 0.036  A 172008
   3737.83770 13.048 12.929 12.912 12.924 12.982    0.049 0.033 0.030 0.035 0.039  A 172557
   3741.82759 13.025 12.999 13.053 13.123 13.142    0.048 0.033 0.031 0.035 0.040  A 173089
   3745.82045 12.837 12.713 12.630 12.610 12.568    0.046 0.032 0.031 0.034 0.039  A 173613
   3749.81444 12.911 12.712 12.654 12.671 12.727    0.060 0.043 0.043 0.051 0.058  A 174157
   3753.80518 12.798 12.798 12.918 13.147 13.364    0.047 0.037 0.038 0.046 0.054  A 174705
   3757.80987 12.741 12.723 12.705 12.712 12.782    0.045 0.034 0.033 0.038 0.043  A 175258
   3760.83530 12.714 12.707 12.645 12.569 12.565    0.072 0.042 0.038 0.040 0.044  B 175686
   3763.84607 12.869 12.821 12.746 12.639 12.526    0.061 0.042 0.042 0.049 0.058  A 176083
   3767.80514 12.848 12.800 12.802 12.848 12.924    0.044 0.035 0.037 0.045 0.051  A 176624
   3770.84845 12.863 12.864 12.816 12.736 12.659    0.055 0.044 0.045 0.053 0.060  A 177044
   3774.78767 13.048 12.941 12.838 12.784 12.731    0.041 0.034 0.034 0.041 0.048  A 177549
   3778.77324 12.880 12.930 12.888 12.878 12.940    0.050 0.040 0.039 0.046 0.053  A 178149
   3782.84537 12.870 12.788 12.735 12.702 12.640    0.062 0.040 0.038 0.045 0.052  A 178587
   3788.85735 13.127 13.116 13.127 13.246 13.456    0.037 0.037 0.038 0.046 0.054  A 179050
   3791.79973 12.973 12.977 12.984 13.060 13.209    0.060 0.040 0.038 0.043 0.049  A 179452
   3794.80772 13.108 13.060 13.041 13.068 13.150    0.041 0.035 0.036 0.044 0.052  A 179889
   3797.77150 13.017 13.067 13.132 13.240 13.333    0.053 0.036 0.032 0.036 0.040  A 180305
   3800.75716 13.253 13.184 13.111 13.043 12.968    0.054 0.040 0.039 0.046 0.053  A 180708
   3803.76431 12.884 12.806 12.745 12.685 12.678    0.064 0.050 0.049 0.057 0.065  B 181068
   3806.73323 12.938 12.816 12.674 12.520 12.445    0.040 0.033 0.032 0.038 0.044  A 181500
   3809.76638 12.833 12.789 12.734 12.692 12.672    0.044 0.037 0.037 0.046 0.052  A 181863
   3811.80004 12.834 12.794 12.770 12.811 12.834    0.036 0.034 0.035 0.041 0.048  A 182193
   3814.72724 12.858 12.852 12.882 12.900 12.979    0.066 0.042 0.039 0.047 0.052  B 182647
   3816.77434 13.602 13.531 13.602 13.797 13.839    0.034 0.031 0.030 0.036 0.041  A 182977
   3818.89028 12.939 12.869 12.866 12.901 13.064    0.038 0.032 0.035 0.041 0.044  A 183341
   3821.71452 12.869 12.874 12.822 12.753 12.756    0.039 0.032 0.031 0.037 0.042  A 183762
   3823.76255 12.871 12.810 12.769 12.747 12.773    0.035 0.034 0.037 0.046 0.055  A 184104
   3825.81034 13.005 12.994 13.039 13.042 13.000    0.036 0.038 0.042 0.051 0.061  A 184458
   3828.68538 12.825 12.776 12.727 12.680 12.700    0.056 0.037 0.033 0.037 0.042  A 184932
   3830.76674 13.009 12.954 12.949 12.976 13.073    0.036 0.032 0.031 0.036 0.042  A 185287
   3832.73915 13.097 13.078 13.047 13.078 13.126    0.037 0.032 0.032 0.038 0.043  A 185632
   3834.71722 13.099 13.129 13.204 13.347 13.579    0.035 0.036 0.040 0.050 0.059  A 185969
   3836.72640 13.024 12.946 12.873 12.822 12.799    0.046 0.037 0.038 0.048 0.057  A 186308
   3848.71234 13.494 13.416 13.336 13.260 13.402    0.050 0.055 0.066 0.080 0.095  D 186938
   3850.72586 13.050 13.053 13.045 13.053 13.033    0.029 0.026 0.025 0.029 0.034  A 187283
   3852.74969 13.202 13.124 13.100 13.122 13.136    0.029 0.026 0.026 0.030 0.034  A 187644
   3855.60705 13.237 13.214 13.127 13.039 13.067    0.061 0.039 0.038 0.044 0.049  A 188089
   3859.70690 13.198 13.153 13.145 13.147 13.183    0.034 0.031 0.030 0.033 0.037  A 188691
   3861.69371 13.260 13.199 13.110 13.034 13.034    0.029 0.028 0.026 0.029 0.034  A 189033
   3863.65401 13.180 13.095 13.017 12.840 12.692    0.035 0.034 0.037 0.045 0.052  A 189363
   3865.66057 13.133 13.086 13.115 13.198 13.357    0.044 0.032 0.031 0.037 0.042  A 189717
   3867.69207 13.055 12.985 12.944 12.933 12.883    0.035 0.030 0.031 0.037 0.044  A 190046
   3869.71522 13.161 13.066 13.017 13.010 13.019    0.043 0.038 0.043 0.055 0.066  B 190396
   3871.70650 13.160 13.179 13.225 13.322 13.384    0.030 0.028 0.028 0.033 0.038  A 190764
   3874.80006 13.100 12.986 12.932 12.944 12.936    0.036 0.035 0.031 0.035 0.038  A 191071
   3877.55999 12.987 12.966 12.968 12.959 13.000    0.033 0.029 0.026 0.029 0.033  A 191470
   3880.62350 12.867 12.649 12.441 12.294 12.155    0.055 0.057 0.063 0.074 0.085  D 191802
   3882.64344 12.841 12.860 12.824 12.800 12.831    0.053 0.030 0.027 0.031 0.034  A 192095
   3886.75195 12.751 12.782 12.773 12.773 12.857    0.052 0.032 0.029 0.033 0.036  A 192509
   3892.71974 12.775 12.788 12.761 12.743 12.734    0.054 0.035 0.031 0.036 0.042  A 193552
   3894.69320 12.830 12.710 12.700 12.739 12.820    0.035 0.031 0.028 0.032 0.036  A 193874
   3897.73682 13.058 13.016 13.032 13.004 13.122    0.059 0.058 0.068 0.085 0.101  D 194222
   3900.53783 13.038 12.943 12.945 12.953 12.924    0.037 0.031 0.031 0.038 0.044  A 194624
   3902.57155 13.140 13.127 13.059 13.078 13.103    0.032 0.031 0.032 0.038 0.043  A 195006
   3904.59044 13.203 13.120 13.044 13.022 13.011    0.031 0.026 0.027 0.030 0.034  A 195396
   3906.60727 13.061 13.025 13.001 12.990 13.059    0.059 0.034 0.030 0.034 0.037  A 195779
   3908.59959 13.245 13.180 13.110 13.072 13.106    0.026 0.024 0.023 0.027 0.032  A 196165
   3981.55092 12.880 12.886 12.842 12.834 12.821    0.034 0.029 0.028 0.033 0.037  A 203316
   4104.82450 12.858 12.822 12.823 12.810 12.802    0.057 0.043 0.043 0.051 0.061  A 210763
   4107.85038 12.899 12.833 12.816 12.758 12.668    0.049 0.049 0.055 0.062 0.070  B 211176
   4121.80082 12.826 12.694 12.546 12.459 12.522    0.048 0.038 0.040 0.047 0.055  A 212020
   4127.84755 12.819 12.751 12.731 12.771 12.786    0.037 0.032 0.030 0.033 0.038  A 211875
   4131.79542 12.896 12.867 12.914 13.004 13.080    0.051 0.034 0.034 0.039 0.043  A 212371
   4134.81741 12.817 12.737 12.650 12.573 12.598    0.045 0.035 0.037 0.043 0.050  A 212789
   4137.81797 12.935 12.766 12.699 12.706 12.811    0.042 0.037 0.041 0.048 0.052  A 213194
   4146.82201 13.186 13.212 13.223 13.205 13.031    0.072 0.061 0.066 0.074 0.084  D 214474
   4150.82660 12.912 12.794 12.668 12.560 12.515    0.052 0.039 0.038 0.046 0.056  A 214880
   4153.79785 13.029 12.981 12.949 12.926 12.957    0.040 0.040 0.043 0.049 0.054  A 215332
   4156.78618 12.955 12.894 12.821 12.705 12.630    0.061 0.042 0.039 0.042 0.046  A 215762
   4159.76877 12.770 12.744 12.732 12.716 12.755    0.042 0.032 0.030 0.034 0.038  A 216191
   4161.84657 12.908 12.757 12.711 12.632 12.548    0.055 0.035 0.034 0.040 0.046  A 216536
   4163.82010 13.071 13.158 13.230 13.327 13.399    0.077 0.048 0.049 0.062 0.072  B 216818
   4166.80965 12.990 12.953 12.944 12.972 12.998    0.041 0.037 0.038 0.044 0.051  A 217207
   4172.80476 13.006 12.979 12.947 12.909 12.893    0.029 0.029 0.029 0.033 0.039  A 217968
   4175.73692 13.053 13.082 13.018 12.965 12.980    0.045 0.040 0.040 0.048 0.055  A 218414
   4178.79214 12.889 12.843 12.803 12.809 13.033    0.062 0.068 0.079 0.099 0.123  D 218742
   4181.71454 29.999 29.999 29.999 29.999 29.999    0.042 0.045 0.049 0.058 0.068  C 219139
   4183.77599 13.105 13.045 13.012 13.083 13.277    0.036 0.036 0.037 0.044 0.051  A 219452
   4185.80204 13.167 13.107 12.990 12.926 12.963    0.042 0.039 0.041 0.048 0.055  A 219747
   4189.69239 13.066 13.027 13.033 13.031 13.221    0.036 0.034 0.029 0.034 0.038  A 220104
   4191.71633 12.985 12.863 12.871 12.924 12.951    0.037 0.036 0.036 0.041 0.047  A 220435
   4193.72223 12.967 12.908 12.885 12.881 12.815    0.036 0.033 0.032 0.038 0.045  A 220762
   4196.77743 12.939 12.945 12.922 12.959 12.937    0.045 0.049 0.054 0.067 0.080  B 221094
   4199.66756 12.950 12.900 12.787 12.777 12.661    0.070 0.059 0.066 0.082 0.092  D 221391
   4202.72649 12.735 12.693 12.673 12.666 12.724    0.045 0.038 0.037 0.043 0.048  A 221659
   4204.74820 12.883 12.855 12.848 12.821 12.871    0.036 0.036 0.033 0.037 0.042  A 221988
   4207.77277 12.927 12.981 13.017 13.112 13.229    0.035 0.036 0.039 0.046 0.053  A 222272
   4213.76136 12.840 12.774 12.735 12.713 12.740    0.037 0.035 0.036 0.044 0.052  A 222629
   4216.74793 13.000 12.943 12.839 12.771 12.788    0.046 0.041 0.043 0.048 0.053  A 222906
   4227.68426 12.895 12.841 12.766 12.721 12.660    0.032 0.031 0.028 0.032 0.035  A 223173
   4229.68782 12.948 12.903 12.846 12.849 12.861    0.032 0.030 0.026 0.029 0.034  A 223531
   4231.69709 12.859 12.876 12.876 12.902 13.087    0.040 0.041 0.042 0.050 0.056  A 223892
   4233.69663 12.742 12.688 12.675 12.683 12.720    0.034 0.039 0.038 0.043 0.047  A 224238
   4235.69392 12.730 12.781 12.785 12.822 12.909    0.028 0.027 0.025 0.028 0.032  A 224605
   4246.60156 12.822 12.754 12.689 12.661 12.644    0.039 0.040 0.041 0.047 0.049  A 226207
   4253.68818 12.907 12.921 12.960 12.980 12.977    0.043 0.042 0.040 0.046 0.051  A 226863
   4255.71274 13.078 13.011 13.011 13.069 13.178    0.032 0.033 0.029 0.034 0.040  A 227101
   4257.71440 13.166 13.160 13.290 13.464 13.775    0.042 0.044 0.045 0.053 0.061  A 227448
   4269.73793 12.801 12.728 12.744 12.789 13.087    0.063 0.058 0.057 0.064 0.072  B 228188
   4272.70302 12.668 12.656 12.576 12.544 12.518    0.039 0.038 0.036 0.040 0.045  A 228402
   4274.69881 12.794 12.744 12.720 12.699 12.606    0.039 0.041 0.038 0.042 0.047  A 228711
   4277.62111 12.747 12.708 12.621 12.587 12.591    0.034 0.031 0.029 0.032 0.036  A 228999
   4283.71836 12.741 12.758 12.802 13.017 13.282    0.055 0.040 0.045 0.055 0.063  A 229665
   4285.68233 13.080 13.109 13.064 13.014 13.151    0.049 0.037 0.037 0.044 0.049  A 229997
   4289.67919 12.874 12.874 12.869 12.897 12.946    0.038 0.034 0.031 0.035 0.039  A 230351
   4291.67831 13.154 13.059 13.043 13.073 13.172    0.035 0.034 0.029 0.032 0.035  A 230701
   4293.66649 13.156 13.136 13.115 13.124 13.131    0.034 0.032 0.026 0.029 0.032  A 231064
   4295.68244 99.999 99.999 99.999 99.999 99.999    0.035 0.033 0.028 0.032 0.035  C 231409
   4297.67287 13.068 13.098 13.066 13.028 13.025    0.044 0.033 0.035 0.042 0.050  A 231757
   4299.64891 13.114 13.076 13.057 13.052 13.008    0.032 0.029 0.028 0.032 0.037  A 232122
   4301.60316 13.119 12.965 12.919 12.911 12.975    0.037 0.033 0.033 0.038 0.044  A 232457
   4303.61068 13.212 13.136 13.068 13.059 13.042    0.031 0.031 0.027 0.030 0.034  A 232756
   4305.60663 13.160 13.195 13.180 13.173 13.119    0.032 0.031 0.027 0.031 0.035  A 233127
   4307.60842 13.105 13.067 13.051 13.072 13.002    0.040 0.032 0.030 0.037 0.042  A 233469
   4309.65404 29.999 29.999 29.999 29.999 29.999    0.063 0.065 0.073 0.088 0.104  D 233799
   4312.56159 12.967 12.888 12.834 12.853 12.879    0.044 0.038 0.041 0.051 0.060  A 234197
   4315.56755 12.915 12.841 12.762 12.772 12.782    0.037 0.034 0.031 0.034 0.037  A 234543
   4317.62898 12.826 12.843 12.822 12.761 12.753    0.033 0.032 0.031 0.035 0.040  A 234829
   4330.51946 12.900 12.835 12.785 12.776 12.805    0.035 0.030 0.027 0.031 0.036  A 235277
   4332.53480 13.126 13.091 13.150 13.234 13.249    0.036 0.030 0.027 0.031 0.034  A 235645
   4334.55051 13.047 12.940 12.919 12.946 13.002    0.033 0.030 0.028 0.031 0.036  A 236007
   4338.58131 13.231 13.133 13.004 12.943 13.002    0.044 0.039 0.034 0.037 0.041  A 236412
   4341.52583 13.063 13.062 12.936 12.881 12.878    0.050 0.035 0.033 0.037 0.044  A 236884
   4345.55526 13.226 13.035 12.927 12.911 12.970    0.061 0.043 0.042 0.049 0.054  A 237575
   4347.55010 12.981 13.012 12.952 12.961 12.933    0.049 0.037 0.031 0.034 0.038  A 237925
   4349.54797 13.107 13.133 13.144 13.148 13.325    0.052 0.039 0.037 0.042 0.048  A 238261
   4352.51147 13.013 12.984 12.931 12.916 12.899    0.028 0.031 0.027 0.031 0.035  A 238717
   4355.51790 29.999 29.999 29.999 29.999 29.999    0.070 0.074 0.081 0.093 0.108  D 239129
   4357.51690 12.866 12.828 12.764 12.702 12.647    0.030 0.030 0.026 0.030 0.035  A 239421
   4359.50781 12.831 12.735 12.711 12.655 12.615    0.033 0.032 0.030 0.036 0.042  A 239755
   4361.51142 13.005 12.896 12.838 12.782 12.777    0.041 0.035 0.029 0.034 0.037  A 239984
   4371.48359 12.898 12.896 12.935 13.018 13.058    0.044 0.038 0.036 0.041 0.047  A 241418
   4436.85371 13.051 13.050 13.074 13.066 13.158    0.057 0.044 0.041 0.048 0.055  A 248229
   4455.84893 13.060 13.029 12.934 12.848 12.810    0.044 0.035 0.034 0.040 0.046  A 250410
   4459.84369 13.125 13.024 12.958 12.901 12.779    0.045 0.042 0.046 0.057 0.067  B 250876
   4463.85759 13.115 13.052 12.971 12.926 12.932    0.039 0.034 0.034 0.041 0.049  A 251379
   4467.83695 13.049 12.880 12.856 12.884 13.034    0.058 0.045 0.044 0.052 0.059  A 251820
   4471.85136 13.042 12.998 12.946 12.925 99.999    0.043 0.042 0.046 0.055 0.066  C 252230
   4478.82466 12.844 12.695 12.652 12.668 12.751    0.049 0.045 0.049 0.060 0.071  B 252939
   4482.82305 12.894 12.845 12.776 12.765 12.873    0.041 0.038 0.039 0.048 0.057  A 253379
   4486.80542 13.108 13.129 13.147 13.141 13.279    0.047 0.036 0.034 0.041 0.049  A 253765
   4493.83213 12.899 12.816 12.842 12.897 12.962    0.034 0.031 0.028 0.034 0.039  A 254592
   4497.84354 13.014 12.904 12.852 12.861 12.889    0.042 0.041 0.038 0.041 0.044  A 254828
   4500.83635 13.138 13.083 12.965 12.824 12.685    0.055 0.058 0.065 0.074 0.087  D 255206
   4504.79762 13.020 13.044 13.088 13.170 13.297    0.030 0.031 0.027 0.031 0.036  A 255757
   4507.82226 13.063 13.029 12.996 13.061 13.108    0.040 0.039 0.039 0.047 0.053  A 256203
   4510.81801 13.210 13.205 13.176 13.129 13.030    0.042 0.039 0.039 0.046 0.053  A 256608
   4514.85560 12.938 12.936 12.913 12.858 12.775    0.053 0.050 0.053 0.059 0.064  B 256965
   4517.80818 13.003 12.925 12.834 12.781 12.806    0.037 0.038 0.039 0.048 0.056  A 257319
   4519.83804 12.904 12.860 12.873 12.868 12.915    0.035 0.036 0.036 0.043 0.050  A 257639
   4522.78273 12.868 12.890 12.904 12.918 12.876    0.032 0.032 0.031 0.035 0.038  A 258047
   4524.84901 12.869 12.814 12.761 12.742 12.778    0.031 0.030 0.027 0.030 0.034  A 258355
   4527.76665 12.850 12.763 12.757 12.848 12.947    0.041 0.034 0.031 0.037 0.043  A 258773
   4530.75423 12.913 12.841 12.811 12.810 12.836    0.033 0.030 0.028 0.032 0.036  A 259224
   4533.82157 12.908 12.835 12.737 12.705 12.725    0.038 0.038 0.038 0.043 0.051  A 259637
   4536.75544 13.061 13.031 13.024 13.042 13.004    0.032 0.030 0.026 0.030 0.034  A 259971
   4538.80749 13.067 13.085 13.089 13.100 13.168    0.032 0.030 0.027 0.030 0.034  A 260285
   4541.72337 12.986 12.893 12.865 12.907 13.020    0.034 0.030 0.027 0.030 0.034  A 260698
   4543.79355 13.008 12.900 12.840 12.794 12.816    0.033 0.033 0.033 0.039 0.046  A 261032
   4545.76342 29.999 29.999 29.999 29.999 29.999    0.044 0.047 0.055 0.068 0.082  D 261313
   4547.77762 13.058 13.024 12.974 13.011 13.095    0.040 0.037 0.037 0.045 0.053  A 261653
   4552.76740 13.195 13.084 13.007 12.929 12.941    0.037 0.031 0.028 0.033 0.038  A 262291
   4554.78821 12.860 12.814 12.786 12.760 12.727    0.040 0.043 0.045 0.052 0.060  A 262591
   4557.69324 12.806 12.767 12.678 12.641 12.614    0.033 0.033 0.032 0.038 0.044  A 263045
   4559.75115 12.817 12.843 12.819 12.772 12.794    0.037 0.033 0.030 0.035 0.041  A 263394
   4561.80027 12.842 12.907 12.926 12.987 13.173    0.030 0.030 0.029 0.033 0.037  A 263747
   4564.67073 12.726 12.719 12.664 12.647 12.710    0.034 0.032 0.028 0.032 0.036  A 264206
   4566.72897 12.871 12.792 12.695 12.621 12.665    0.040 0.037 0.034 0.037 0.042  A 264557
   4568.74319 12.959 12.919 12.890 12.865 12.800    0.037 0.032 0.030 0.033 0.037  A 264871
   4570.80700 12.799 12.785 12.753 12.772 12.817    0.034 0.030 0.026 0.030 0.034  A 265219
   4572.69561 12.884 12.851 12.841 12.860 13.039    0.035 0.035 0.034 0.039 0.046  A 265532
   4574.68458 12.923 12.903 12.825 12.763 12.788    0.039 0.037 0.037 0.044 0.050  A 265852
#ndata= 19
#dataset= 3 ; 1 F1200-72_027
#desig= 130417-7751.0
#cra=   13.071316  13:04:16.7
#cdec= -77.850710 -77:51:02.6
#class= 0
#cmag_0= 12.990
#cmer_0=  0.191
#nskip_0= 0
#cmag_1= 12.974
#cmer_1=  0.196
#nskip_1= 0
#cmag_2= 12.980
#cmer_2=  0.201
#nskip_2= 0
#cmag_3= 13.010
#cmer_3=  0.195
#nskip_3= 0
#cmag_4= 13.056
#cmer_4=  0.205
#nskip_4= 0
#ra=   13.071316  13:04:16.7
#dec= -77.850710 -77:51:02.6
#     HJD      MAG_0  MAG_1  MAG_2  MAG_3  MAG_4    MER_0 MER_1 MER_2 MER_3 MER_4 GRADE FRAME
   1954.73451 13.135 13.051 13.107 13.106 13.177    0.045 0.040 0.034 0.037 0.041  A 9893
   2226.84565 13.158 13.186 13.176 13.222 13.371    0.054 0.044 0.037 0.043 0.044  A 39755
   2228.84307 13.230 13.164 13.166 13.190 13.148    0.050 0.047 0.040 0.047 0.047  A 40072
   2233.82613 13.055 13.059 13.059 13.044 13.098    0.053 0.047 0.039 0.044 0.044  A 40715
   2235.83022 12.916 13.007 12.985 13.011 13.128    0.052 0.044 0.037 0.040 0.041  A 41031
   2237.82994 12.900 12.819 12.838 12.933 12.982    0.058 0.051 0.042 0.047 0.048  B 41349
   2240.80963 13.185 13.112 12.964 12.932 12.998    0.056 0.049 0.041 0.046 0.048  B 41657
   2242.80906 12.848 12.890 12.958 13.066 13.088    0.064 0.056 0.048 0.055 0.056  B 41976
   2244.80968 12.876 12.834 12.906 13.101 13.264    0.067 0.060 0.053 0.059 0.061  B 42254
   2248.78966 12.724 12.565 12.601 12.714 12.767    0.067 0.057 0.047 0.052 0.053  B 42566
   2250.79308 12.716 12.724 12.661 12.666 12.726    0.066 0.055 0.046 0.051 0.052  B 42925
   2254.85704 12.871 12.844 12.821 12.738 12.762    0.078 0.065 0.054 0.059 0.062  B 43564
   2256.81322 12.839 13.005 12.951 12.931 12.873    0.082 0.066 0.054 0.057 0.058  B 43865
   3365.84911 12.971 12.909 12.901 12.950 13.034    0.050 0.038 0.037 0.045 0.050  A 125123
   3386.80979 13.269 13.155 13.146 13.272 13.302    0.046 0.041 0.042 0.049 0.056  A 126228
   3392.79681 13.165 13.050 12.993 12.980 13.002    0.058 0.047 0.046 0.050 0.056  A 126994
   3448.71134 29.999 29.999 29.999 29.999 29.999    0.043 0.039 0.037 0.039 0.043  C 134932
   3450.70266 12.951 13.082 13.061 13.058 13.005    0.047 0.037 0.034 0.039 0.044  A 135270
   3453.62984 13.004 12.982 13.013 13.029 13.071    0.043 0.036 0.036 0.043 0.050  A 135643
#ndata= 15
#dataset= 4 ; 1 F1320-72_028
#desig= 130416-7751.1
#cra=   13.071213  13:04:16.4
#cdec= -77.851571 -77:51:05.7
#class= 0
#cmag_0= 12.983
#cmer_0=  0.215
#nskip_0= 0
#cmag_1= 12.990
#cmer_1=  0.220
#nskip_1= 0
#cmag_2= 13.108
#cmer_2=  0.199
#nskip_2= 0
#cmag_3= 13.111
#cmer_3=  0.202
#nskip_3= 0
#cmag_4= 13.134
#cmer_4=  0.206
#nskip_4= 0
#ra=   13.071213  13:04:16.4
#dec= -77.851571 -77:51:05.7
#     HJD      MAG_0  MAG_1  MAG_2  MAG_3  MAG_4    MER_0 MER_1 MER_2 MER_3 MER_4 GRADE FRAME
   1889.83328 13.336 13.299 13.018 12.867 12.899    0.074 0.064 0.074 0.093 0.109  D 3151
   1954.77118 13.055 13.041 13.063 13.039 13.077    0.049 0.044 0.036 0.039 0.044  A 9908
   2054.56716 13.020 13.056 13.067 13.085 13.134    0.073 0.042 0.040 0.046 0.052  B 20223
   2243.84828 12.830 12.770 12.767 12.656 12.680    0.075 0.066 0.057 0.064 0.066  D 42150
   2250.83988 12.745 12.772 12.821 12.830 12.878    0.082 0.071 0.059 0.062 0.065  D 42945
   2252.82867 12.795 12.786 12.816 12.840 12.896    0.074 0.064 0.053 0.058 0.060  D 43263
   2255.84773 12.765 12.701 12.715 12.729 12.811    0.075 0.064 0.053 0.059 0.061  D 43721
   2257.83777 12.776 12.854 12.942 13.008 13.090    0.078 0.067 0.054 0.058 0.060  D 44038
   3363.83112 12.880 12.812 12.781 12.763 12.790    0.059 0.042 0.040 0.046 0.052  A 125001
   3384.80023 29.999 29.999 29.999 29.999 29.999    0.060 0.052 0.054 0.063 0.073  C 125941
   3387.82674 13.091 13.111 13.124 13.148 13.187    0.056 0.043 0.042 0.050 0.058  A 126384
   3390.83387 13.094 13.110 13.127 13.126 13.130    0.053 0.042 0.041 0.045 0.051  A 126790
   3448.79936 13.169 13.181 13.273 13.323 13.520    0.099 0.054 0.050 0.055 0.061  D 134960
   3450.78041 13.046 13.084 13.127 13.109 13.096    0.052 0.043 0.041 0.048 0.053  A 135299
   3453.67019 99.999 99.999 99.999 99.999 99.999    0.070 0.056 0.056 0.063 0.070  C 135657
