#ndata= 371
#dataset= 1 ; 1 F1352-08_314
#desig= 135500-0601.0
#cra=   13.916542  13:54:59.5
#cdec=  -6.017101 -6:01:01.6
#class= 0
#cmag_0= 12.993
#cmer_0=  0.239
#nskip_0= 0
#cmag_1= 12.917
#cmer_1=  0.223
#nskip_1= 0
#cmag_2= 12.860
#cmer_2=  0.217
#nskip_2= 0
#cmag_3= 12.815
#cmer_3=  0.215
#nskip_3= 1
#cmag_4= 12.810
#cmer_4=  0.221
#nskip_4= 1
#ra=   13.916542  13:54:59.5
#dec=  -6.017101 -6:01:01.6
#     HJD      MAG_0  MAG_1  MAG_2  MAG_3  MAG_4    MER_0 MER_1 MER_2 MER_3 MER_4 GRADE FRAME
   1904.86099 12.846 12.636 12.521 12.455 12.458    0.062 0.029 0.026 0.029 0.033  A 3926
   1906.85958 12.913 12.855 12.803 12.784 12.798    0.040 0.026 0.021 0.024 0.028  A 4248
   1919.84269 12.699 12.646 12.563 12.496 12.445    0.040 0.028 0.025 0.029 0.033  A 5391
   1921.83393 12.962 12.885 12.854 12.843 12.899    0.035 0.029 0.024 0.028 0.033  A 5707
   1928.80083 12.996 12.896 12.835 12.769 12.783    0.057 0.025 0.021 0.023 0.025  A 6843
   1929.87503 12.815 12.817 12.772 12.749 12.717    0.030 0.028 0.021 0.023 0.028  A 7028
   1931.81460 12.920 12.896 12.878 12.816 12.741    0.036 0.025 0.022 0.024 0.027  A 7340
   1933.82478 13.102 13.144 13.140 13.153 13.193    0.030 0.026 0.020 0.022 0.025  A 7671
   1935.87837 12.999 13.013 13.009 12.995 13.011    0.032 0.028 0.021 0.023 0.026  A 7973
   1938.80557 12.969 12.957 12.930 12.911 12.941    0.030 0.026 0.020 0.022 0.025  A 8311
   1940.82878 13.178 13.142 13.094 13.028 12.984    0.030 0.024 0.019 0.021 0.023  A 8562
   1946.77439 12.909 12.862 12.843 12.813 12.829    0.035 0.025 0.022 0.026 0.030  A 8839
   1948.81166 13.221 13.143 13.053 12.992 12.971    0.032 0.027 0.024 0.028 0.035  A 9102
   1950.77368 29.999 29.999 29.999 29.999 29.999    0.053 0.040 0.031 0.032 0.036  C 9423
   1955.81767 13.108 13.124 13.106 13.137 13.134    0.033 0.034 0.024 0.025 0.026  A 10108
   1958.80555 12.843 12.837 12.894 12.924 12.965    0.031 0.034 0.025 0.026 0.025  A 10274
   1961.79600 12.906 12.876 12.913 12.892 12.824    0.032 0.035 0.025 0.024 0.024  A 10548
   1965.80513 12.988 12.952 12.965 12.964 12.944    0.032 0.031 0.023 0.026 0.023  A 11249
   1966.80933 13.011 13.026 13.024 12.977 12.953    0.034 0.034 0.025 0.027 0.024  A 11433
   1984.74867 12.743 12.581 12.657 12.720 12.763    0.048 0.042 0.037 0.046 0.042  A 13010
   1996.71257 29.999 29.999 29.999 29.999 29.999    0.052 0.043 0.036 0.046 0.043  C 13872
   1997.71422 12.377 12.444 12.473 12.510 12.504    0.051 0.043 0.034 0.042 0.040  A 14079
   1999.70953 12.284 12.406 12.422 12.387 12.390    0.095 0.071 0.050 0.051 0.055  D 14475
   2018.66278 29.999 29.999 29.999 29.999 29.999    0.067 0.053 0.043 0.050 0.050  C 16212
   2026.65315 13.306 13.123 12.915 12.844 12.820    0.044 0.022 0.021 0.024 0.026  A 17414
   2027.64503 12.940 12.746 12.707 12.665 12.704    0.052 0.034 0.023 0.022 0.025  A 17628
   2030.62697 13.225 13.035 12.992 12.942 12.984    0.052 0.026 0.024 0.026 0.029  A 17797
   2032.62944 12.806 12.722 12.640 12.578 12.559    0.041 0.023 0.020 0.022 0.024  A 18230
   2033.62171 13.283 13.183 13.045 12.982 12.963    0.029 0.022 0.021 0.023 0.027  A 18446
   2052.57240 12.940 12.900 12.777 12.701 12.701    0.048 0.023 0.020 0.022 0.025  A 19794
   2053.58941 13.291 13.149 12.988 12.943 12.921    0.039 0.021 0.021 0.023 0.025  A 20011
   2056.58036 13.105 13.034 12.924 12.870 12.876    0.034 0.021 0.020 0.022 0.024  A 20669
   2058.57421 13.482 13.332 13.131 13.020 12.969    0.060 0.026 0.024 0.025 0.028  A 21125
   2079.51039 12.794 12.711 12.671 12.595 12.560    0.048 0.029 0.023 0.025 0.028  A 22781
   2104.54010 12.893 12.734 12.690 12.717 12.681    0.054 0.030 0.030 0.036 0.040  A 25970
   2125.52305 13.112 12.931 12.871 12.806 12.783    0.061 0.038 0.031 0.032 0.036  A 27816
   2468.52063 12.554 12.487 12.490 12.451 12.439    0.029 0.030 0.020 0.019 0.019  A 11664
   2482.50887 12.805 12.769 12.829 12.824 12.873    0.042 0.038 0.034 0.041 0.032  A 13102
   2491.52661 13.010 13.035 13.075 13.067 13.108    0.042 0.040 0.034 0.040 0.031  A 14193
   2495.47371 12.817 12.870 12.903 12.928 12.908    0.035 0.035 0.028 0.033 0.026  A 14732
   2501.46823 29.999 29.999 29.999 29.999 29.999    0.048 0.044 0.036 0.039 0.035  C 15937
   2643.85040 12.899 12.740 12.654 12.572 12.561    0.023 0.024 0.021 0.023 0.026  A 33513
   2650.85954 13.118 12.959 12.862 12.825 12.820    0.026 0.020 0.018 0.020 0.022  A 34377
   2653.85009 12.963 12.845 12.768 12.745 12.784    0.029 0.023 0.021 0.022 0.025  A 34832
   2660.83479 13.108 12.956 12.885 12.861 12.798    0.031 0.028 0.027 0.031 0.034  A 36023
   2666.81618 12.650 12.575 12.480 12.418 12.402    0.023 0.023 0.020 0.024 0.027  A 37027
   2670.82428 12.986 12.906 12.937 12.926 12.995    0.029 0.054 0.038 0.036 0.027  A 37670
   2673.83842 12.855 12.848 12.905 12.945 12.975    0.027 0.042 0.024 0.026 0.024  A 38179
   2676.81476 12.590 12.489 12.455 12.430 12.456    0.022 0.023 0.018 0.019 0.021  A 38710
   2678.85028 13.056 12.946 12.877 12.841 12.848    0.031 0.022 0.019 0.019 0.021  A 39065
   2680.82122 13.226 13.116 12.957 12.868 12.823    0.028 0.023 0.022 0.025 0.029  A 39383
   2684.81033 13.363 13.193 13.123 13.054 13.076    0.026 0.023 0.022 0.024 0.028  A 40066
   2686.81202 12.731 12.616 12.556 12.497 12.495    0.043 0.025 0.024 0.027 0.031  A 40433
   2688.79392 12.883 12.875 12.832 12.825 12.862    0.024 0.024 0.025 0.029 0.034  A 40788
   2692.85836 13.162 13.074 13.026 12.955 12.903    0.029 0.038 0.030 0.026 0.028  A 41503
   2694.78973 13.379 13.297 13.241 13.149 13.160    0.021 0.029 0.022 0.022 0.024  A 41831
   2697.80556 13.130 13.053 12.941 12.887 12.876    0.021 0.021 0.018 0.019 0.021  A 42389
   2701.77176 12.495 12.422 12.389 12.356 12.370    0.031 0.030 0.025 0.025 0.028  A 43142
   2703.76782 12.872 12.810 12.735 12.670 12.668    0.029 0.033 0.023 0.023 0.024  A 43523
   2707.75970 13.032 13.028 13.045 12.999 12.989    0.031 0.048 0.032 0.035 0.027  A 44259
   2709.73616 13.136 13.085 13.059 13.027 12.987    0.030 0.040 0.034 0.035 0.034  A 44612
   2711.73844 12.599 12.540 12.468 12.414 12.330    0.033 0.034 0.030 0.034 0.039  A 44984
   2713.72890 12.900 12.860 12.788 12.680 12.693    0.026 0.032 0.026 0.028 0.030  A 45356
   2714.84140 12.618 12.556 12.446 12.398 12.384    0.025 0.023 0.021 0.024 0.027  A 45599
   2722.73589 13.192 13.109 13.060 12.991 12.938    0.030 0.020 0.017 0.019 0.019  A 46719
   2724.76419 13.282 13.088 13.020 12.996 13.000    0.025 0.028 0.023 0.024 0.026  A 47115
   2726.74315 12.691 12.557 12.527 12.478 12.444    0.023 0.021 0.016 0.018 0.019  A 47507
   2728.73852 13.023 12.965 12.925 12.884 12.857    0.030 0.023 0.020 0.022 0.024  A 47900
   2730.73718 13.132 12.990 12.922 12.851 12.886    0.025 0.022 0.020 0.021 0.023  A 48308
   2733.72868 12.979 12.875 12.822 12.738 12.711    0.024 0.022 0.017 0.018 0.020  A 48658
   2735.72500 13.112 13.086 13.021 13.032 13.049    0.027 0.024 0.020 0.023 0.026  A 49062
   2739.71582 13.174 13.106 13.075 13.037 13.003    0.024 0.024 0.019 0.020 0.022  A 49790
   2741.69000 12.529 12.473 12.472 12.456 12.469    0.026 0.030 0.021 0.023 0.024  A 50173
   2742.83840 13.218 13.179 13.182 13.170 13.134    0.035 0.033 0.025 0.028 0.033  A 50440
   2747.71103 13.086 13.042 13.073 13.069 13.107    0.027 0.035 0.028 0.032 0.036  A 51033
   2750.74850 13.258 13.149 13.084 13.053 13.035    0.019 0.021 0.018 0.020 0.022  A 51679
   2752.69250 13.255 13.123 13.056 13.028 13.069    0.028 0.018 0.017 0.018 0.019  A 52046
   2755.64550 13.033 12.951 12.888 12.855 12.863    0.035 0.022 0.018 0.019 0.020  A 52461
   2756.82434 13.036 12.931 12.907 12.932 12.973    0.025 0.028 0.025 0.026 0.027  A 52731
   2760.67372 13.242 13.065 12.983 12.913 12.901    0.028 0.017 0.017 0.018 0.021  A 53439
   2763.64318 12.971 12.880 12.817 12.758 12.736    0.032 0.021 0.017 0.018 0.019  A 54026
   2764.74444 12.580 12.564 12.510 12.469 12.452    0.029 0.032 0.030 0.027 0.027  A 54291
   2766.76517 13.076 12.960 12.922 12.860 12.805    0.026 0.023 0.020 0.021 0.023  A 54578
   2770.64565 13.101 13.043 13.031 13.030 13.002    0.034 0.021 0.019 0.021 0.023  A 54858
   2775.63529 13.244 13.205 13.181 13.057 13.009    0.040 0.038 0.037 0.040 0.044  A 55080
   2782.61392 13.084 13.010 12.949 12.938 12.903    0.032 0.029 0.020 0.021 0.021  A 55703
   2783.75462 13.185 13.027 12.956 12.904 12.872    0.030 0.024 0.022 0.023 0.025  A 55981
   2785.67916 13.175 13.153 13.105 13.074 13.068    0.025 0.029 0.023 0.022 0.023  A 56372
   2787.63005 13.133 13.050 12.929 12.868 12.813    0.024 0.019 0.016 0.017 0.019  A 56790
   2791.75150 13.162 13.047 12.966 12.899 13.007    0.027 0.022 0.021 0.023 0.025  A 57594
   2796.53012 12.480 12.496 12.446 12.420 12.396    0.030 0.034 0.024 0.026 0.028  A 58339
   2805.67780 13.148 13.113 13.118 13.095 13.113    0.034 0.027 0.026 0.030 0.035  A 59223
   2809.67995 12.733 12.700 12.623 12.553 12.520    0.030 0.027 0.020 0.023 0.026  A 59522
   2811.63901 13.025 12.934 12.853 12.802 12.803    0.025 0.021 0.019 0.020 0.022  A 59956
   2813.61791 13.122 13.030 12.935 12.906 12.902    0.038 0.025 0.020 0.022 0.024  A 60403
   2820.63887 13.255 13.193 13.174 13.176 13.168    0.025 0.024 0.018 0.021 0.023  A 61514
   2824.65893 12.695 12.656 12.611 12.610 12.547    0.029 0.031 0.027 0.030 0.031  A 61943
   2830.48730 12.959 12.952 12.910 12.871 12.858    0.029 0.028 0.025 0.029 0.029  A 62447
   2838.56466 13.043 12.985 12.934 12.930 12.953    0.028 0.023 0.018 0.021 0.024  A 63870
   2843.55724 12.970 12.920 12.888 12.860 12.833    0.030 0.033 0.028 0.031 0.033  A 64875
   2851.51994 12.775 12.765 12.737 12.719 12.724    0.032 0.025 0.019 0.020 0.022  A 65392
   2858.50955 12.817 12.802 12.765 12.745 12.795    0.029 0.034 0.026 0.031 0.028  A 66270
   2866.51721 12.865 12.904 12.870 12.830 12.806    0.030 0.036 0.023 0.026 0.025  A 67510
   2875.49039 13.203 13.149 13.019 12.943 12.946    0.040 0.033 0.027 0.030 0.034  A 68491
   2877.48910 13.085 13.064 13.011 12.980 13.029    0.026 0.024 0.020 0.022 0.025  A 68888
   2879.49633 12.589 12.577 12.535 12.488 12.500    0.029 0.033 0.021 0.024 0.025  A 69197
   3007.85054 13.104 12.998 12.968 12.897 12.878    0.027 0.027 0.024 0.027 0.030  A 86808
   3011.85588 12.921 12.840 12.666 12.566 12.523    0.029 0.030 0.033 0.039 0.043  A 87332
   3031.82803 13.080 12.911 12.883 12.871 12.857    0.030 0.028 0.027 0.031 0.035  A 88905
   3041.85931 12.988 12.976 12.874 12.810 12.818    0.032 0.043 0.033 0.035 0.041  A 89733
   3054.82560 12.901 12.776 12.716 12.737 12.769    0.038 0.028 0.027 0.032 0.037  A 91468
   3057.83529 12.647 12.580 12.520 12.454 12.467    0.030 0.030 0.022 0.023 0.028  A 91883
   3060.80400 13.105 13.069 13.051 12.989 12.957    0.027 0.037 0.027 0.029 0.032  A 92269
   3067.78994 12.546 12.495 12.425 12.366 12.358    0.032 0.026 0.025 0.029 0.035  A 93098
   3069.83443 12.927 12.857 12.779 12.683 12.684    0.031 0.028 0.025 0.029 0.034  A 93406
   3078.74635 13.328 13.363 13.354 13.344 13.274    0.031 0.036 0.036 0.041 0.045  A 94607
   3080.80113 29.999 29.999 29.999 29.999 29.999    0.044 0.041 0.040 0.043 0.047  C 94916
   3085.78448 13.258 13.254 13.180 13.061 12.967    0.034 0.038 0.038 0.045 0.050  A 95349
   3087.78376 12.686 12.639 12.579 12.533 12.500    0.033 0.036 0.032 0.034 0.038  A 95658
   3092.76407 12.736 12.633 12.566 12.491 12.493    0.022 0.028 0.021 0.023 0.026  A 96421
   3096.76519 12.970 12.867 12.795 12.765 12.756    0.051 0.042 0.045 0.052 0.058  A 96694
   3105.73337 13.215 13.156 13.069 12.934 12.899    0.028 0.028 0.025 0.028 0.031  A 98095
   3107.73273 12.678 12.643 12.606 12.536 12.520    0.025 0.027 0.021 0.025 0.028  A 98411
   3109.73651 12.904 12.880 12.869 12.851 12.873    0.031 0.023 0.020 0.022 0.025  A 98723
   3111.82583 13.082 12.981 12.859 12.760 12.726    0.081 0.084 0.086 0.087 0.091  D 99065
   3114.66069 12.910 12.804 12.747 12.681 12.705    0.031 0.027 0.025 0.028 0.032  A 99497
   3116.69521 13.152 13.158 13.095 13.021 12.982    0.021 0.028 0.021 0.024 0.027  A 99835
   3121.68802 13.018 12.935 12.899 12.860 12.893    0.023 0.029 0.023 0.026 0.030  A 100104
   3134.66884 12.897 12.847 12.814 12.774 12.766    0.030 0.027 0.027 0.032 0.037  A 102150
   3142.67178 12.739 12.663 12.586 12.530 12.526    0.028 0.022 0.021 0.023 0.026  A 103118
   3145.68823 12.997 12.917 12.832 12.781 12.779    0.026 0.029 0.028 0.032 0.037  A 103429
   3153.60137 13.149 13.139 13.120 13.121 13.119    0.030 0.024 0.024 0.028 0.032  A 103749
   3158.58488 13.104 13.002 12.954 12.942 13.063    0.032 0.027 0.025 0.029 0.035  A 104384
   3165.60235 13.325 13.278 13.183 13.132 13.051    0.025 0.025 0.020 0.023 0.026  A 105356
   3168.62147 13.180 12.984 12.928 12.833 12.784    0.054 0.056 0.060 0.062 0.067  D 105746
   3171.61384 13.167 13.073 13.048 12.980 13.011    0.032 0.025 0.022 0.026 0.031  A 106175
   3175.60403 13.079 13.029 12.987 12.937 12.877    0.028 0.023 0.022 0.026 0.029  A 106575
   3177.60437 12.761 12.745 12.625 12.543 12.467    0.024 0.022 0.020 0.023 0.026  A 106894
   3179.63592 13.057 12.894 12.796 12.695 12.686    0.035 0.026 0.023 0.028 0.031  A 107211
   3185.52390 13.113 13.067 13.008 12.960 12.830    0.027 0.033 0.028 0.033 0.038  A 107892
   3187.55394 12.642 12.561 12.530 12.504 12.504    0.029 0.026 0.025 0.030 0.034  A 108244
   3190.59091 12.882 12.788 12.755 12.726 12.715    0.026 0.026 0.024 0.029 0.033  A 108587
   3393.87096 13.054 12.926 12.818 12.735 12.736    0.050 0.033 0.029 0.034 0.041  A 127079
   3397.83232 13.075 12.826 12.766 12.788 12.787    0.054 0.055 0.062 0.067 0.070  D 127570
   3404.85481 13.195 13.032 12.934 12.844 12.852    0.066 0.037 0.031 0.035 0.039  A 128487
   3407.84562 13.419 13.263 13.193 13.143 13.087    0.033 0.031 0.033 0.035 0.039  A 128953
   3410.86877 12.985 12.881 12.782 12.716 12.686    0.052 0.029 0.027 0.031 0.035  A 129419
   3413.84108 12.888 12.823 12.731 12.611 12.485    0.041 0.038 0.040 0.047 0.055  A 129855
   3416.82410 13.155 13.075 12.996 12.915 12.954    0.071 0.052 0.054 0.057 0.061  B 130337
   3419.81570 13.245 13.045 12.874 12.715 12.657    0.045 0.036 0.034 0.039 0.043  A 130802
   3422.80456 13.103 12.995 12.858 12.822 12.866    0.037 0.029 0.028 0.033 0.037  A 131270
   3425.78447 12.706 12.622 12.565 12.531 12.576    0.034 0.025 0.029 0.037 0.043  A 131728
   3431.83674 13.476 13.288 13.118 13.024 13.033    0.041 0.030 0.030 0.035 0.042  A 132431
   3434.77662 13.332 13.215 13.083 13.028 13.039    0.062 0.033 0.030 0.032 0.035  A 132886
   3438.78673 12.748 12.691 12.647 12.629 12.665    0.034 0.025 0.024 0.026 0.031  A 133229
   3442.77913 13.134 13.016 12.929 12.895 12.905    0.034 0.025 0.023 0.025 0.027  A 133636
   3446.80464 13.295 13.160 13.047 12.938 12.921    0.041 0.026 0.023 0.025 0.027  A 134628
   3458.76493 12.612 12.575 12.544 12.503 12.475    0.065 0.033 0.030 0.035 0.040  A 136578
   3460.77630 13.076 13.032 12.914 12.856 12.865    0.045 0.030 0.028 0.031 0.036  A 136945
   3463.70933 13.052 12.891 12.775 12.680 12.625    0.072 0.036 0.031 0.035 0.040  A 137342
   3465.76079 13.110 12.906 12.792 12.715 12.707    0.066 0.033 0.028 0.030 0.033  A 137694
   3468.74397 12.619 12.565 12.509 12.489 12.518    0.040 0.028 0.022 0.023 0.025  A 138134
   3470.83129 13.267 13.209 13.115 13.016 12.998    0.047 0.028 0.026 0.029 0.035  A 138468
   3473.66941 13.267 13.140 13.026 12.924 12.928    0.029 0.023 0.021 0.023 0.026  A 138887
   3475.76112 12.909 12.901 12.760 12.718 12.662    0.081 0.048 0.049 0.060 0.069  B 139247
   3479.71570 13.200 13.119 13.038 13.022 13.089    0.049 0.036 0.035 0.042 0.050  A 139880
   3481.69525 13.153 13.014 12.957 12.917 12.945    0.048 0.031 0.028 0.031 0.034  A 140194
   3489.70169 13.114 12.996 12.897 12.815 12.802    0.062 0.034 0.026 0.028 0.032  A 140973
   3491.70987 13.490 13.228 13.109 13.049 12.978    0.090 0.057 0.049 0.053 0.057  B 141333
   3497.72837 13.091 13.086 13.011 12.948 12.957    0.057 0.030 0.024 0.025 0.028  A 141947
   3500.74468 12.978 12.905 12.823 12.810 12.850    0.053 0.050 0.053 0.056 0.059  A 142305
   3517.60285 12.965 12.800 12.757 12.705 12.753    0.037 0.034 0.036 0.044 0.050  A 144328
   3520.67282 13.203 13.043 12.854 12.756 12.726    0.081 0.041 0.034 0.036 0.040  B 144684
   3522.67542 13.091 13.070 13.009 12.967 13.047    0.089 0.046 0.041 0.043 0.047  B 145033
   3524.69367 13.249 13.159 13.127 13.070 12.997    0.078 0.043 0.038 0.041 0.046  B 145357
   3526.68193 13.116 13.057 12.978 12.903 12.854    0.064 0.036 0.033 0.036 0.042  A 145694
   3528.68863 12.952 12.822 12.714 12.651 12.645    0.078 0.040 0.033 0.034 0.037  B 146026
   3530.70231 13.033 12.924 12.837 12.761 12.745    0.083 0.044 0.041 0.045 0.051  B 146392
   3542.68014 12.914 12.901 12.908 12.950 13.021    0.055 0.034 0.031 0.039 0.046  A 147438
   3550.56259 12.857 12.755 12.661 12.591 12.590    0.075 0.038 0.032 0.037 0.041  B 148189
   3552.64456 13.247 13.080 12.983 12.935 13.111    0.059 0.037 0.035 0.039 0.045  A 148464
   3555.64307 13.122 13.012 12.981 12.952 13.086    0.056 0.040 0.033 0.034 0.038  A 148924
   3558.65075 12.943 12.891 12.796 12.715 12.721    0.035 0.030 0.028 0.031 0.035  A 149234
   3561.47546 13.276 13.142 13.032 12.990 13.033    0.044 0.027 0.024 0.027 0.030  A 149690
   3573.56353 12.592 12.574 12.514 12.468 12.410    0.042 0.033 0.027 0.029 0.032  A 151087
   3575.58444 13.014 12.974 12.898 12.801 12.749    0.042 0.030 0.025 0.028 0.032  A 151455
   3577.59899 13.061 12.974 12.884 12.814 12.787    0.063 0.032 0.027 0.029 0.032  A 151791
   3583.53527 12.758 12.648 12.569 12.519 12.529    0.081 0.041 0.037 0.040 0.041  B 152800
   3586.50703 13.174 13.034 12.970 12.891 12.863    0.090 0.046 0.040 0.043 0.047  B 153318
   3588.54293 12.761 12.632 12.587 12.585 12.657    0.048 0.034 0.032 0.036 0.041  A 153633
   3600.49172 13.043 12.957 12.812 12.774 12.762    0.062 0.035 0.031 0.035 0.041  A 155354
   3602.51503 13.039 13.108 13.012 12.940 12.900    0.075 0.043 0.038 0.042 0.048  B 155693
   3736.86201 12.702 12.570 12.524 12.465 12.435    0.031 0.029 0.028 0.033 0.037  A 172427
   3740.85689 13.033 12.903 12.834 12.787 12.801    0.038 0.029 0.028 0.034 0.039  A 172984
   3744.85929 13.116 12.992 12.893 12.787 12.818    0.044 0.037 0.040 0.050 0.058  A 173491
   3748.84961 12.841 12.800 12.703 12.651 12.611    0.035 0.027 0.028 0.033 0.039  A 174026
   3752.84041 13.144 13.074 13.034 13.035 13.066    0.042 0.031 0.030 0.035 0.040  A 174586
   3760.83406 13.201 13.116 13.006 12.971 13.035    0.030 0.026 0.027 0.031 0.036  A 175685
   3769.84963 13.662 13.519 13.546 13.703 14.316    0.046 0.041 0.044 0.053 0.064  B 176897
   3773.83315 13.054 13.000 13.005 13.020 13.115    0.039 0.030 0.033 0.041 0.046  A 177424
   3781.80690 12.710 12.593 12.538 12.496 12.434    0.050 0.035 0.034 0.039 0.045  A 178542
   3787.86763 13.319 13.201 13.121 13.106 13.146    0.062 0.034 0.031 0.034 0.039  A 178919
   3790.80162 13.195 13.052 12.957 12.892 12.822    0.042 0.029 0.029 0.035 0.042  A 179302
   3793.79154 13.090 13.004 12.892 12.832 12.783    0.077 0.039 0.034 0.040 0.046  B 179743
   3796.79214 12.731 12.695 12.600 12.568 12.552    0.038 0.026 0.024 0.025 0.029  A 180167
   3804.81474 12.788 12.736 12.734 12.746 12.795    0.058 0.037 0.035 0.041 0.048  A 181228
   3807.85865 13.380 13.277 13.229 13.235 13.275    0.045 0.032 0.031 0.037 0.044  A 181574
   3813.78991 13.065 13.004 12.870 12.733 12.679    0.084 0.046 0.043 0.048 0.051  B 182507
   3816.72854 12.739 12.599 12.541 12.518 12.529    0.061 0.034 0.031 0.034 0.039  A 182961
   3821.72202 12.784 12.678 12.541 12.489 12.496    0.048 0.033 0.030 0.034 0.039  A 183763
   3823.76079 13.039 12.974 12.951 12.934 12.983    0.055 0.036 0.037 0.044 0.049  A 184102
   3825.78286 13.334 13.229 13.131 13.056 13.138    0.037 0.034 0.033 0.041 0.049  A 184447
   3828.69840 12.842 12.800 12.673 12.576 12.518    0.073 0.038 0.032 0.036 0.041  A 184935
   3830.74594 13.374 13.203 13.025 12.937 12.851    0.082 0.040 0.035 0.038 0.042  B 185278
   3832.73422 13.100 12.957 12.886 12.826 12.754    0.071 0.038 0.034 0.036 0.041  A 185629
   3834.71113 13.332 13.156 13.095 13.025 13.026    0.054 0.032 0.029 0.033 0.038  A 185966
   3836.72366 12.704 12.668 12.645 12.666 12.724    0.047 0.036 0.037 0.045 0.055  A 186306
   3847.74170 13.578 13.254 13.065 12.944 12.838    0.083 0.044 0.044 0.051 0.057  B 186773
   3849.70147 12.949 12.869 12.816 12.777 12.797    0.073 0.039 0.032 0.033 0.035  A 187114
   3851.70100 12.764 12.668 12.675 12.652 12.669    0.083 0.042 0.035 0.036 0.039  B 187459
   3853.73604 13.076 12.948 12.880 12.807 12.758    0.027 0.025 0.022 0.025 0.029  A 187820
   3855.82518 29.999 29.999 29.999 29.999 29.999    0.084 0.050 0.049 0.058 0.065  C 188155
   3858.62931 13.195 12.943 12.872 12.831 12.832    0.082 0.047 0.042 0.044 0.048  B 188523
   3862.64393 13.317 13.242 13.165 13.085 13.176    0.082 0.039 0.032 0.033 0.035  B 189203
   3868.64012 13.016 12.989 12.935 12.878 12.872    0.040 0.031 0.031 0.037 0.044  A 190195
   3870.63388 13.179 13.063 12.922 12.863 12.856    0.035 0.028 0.025 0.030 0.035  A 190555
   3872.63316 13.144 13.051 13.050 13.023 13.035    0.059 0.034 0.029 0.031 0.034  A 190928
   3881.63587 12.941 12.866 12.731 12.667 12.655    0.028 0.023 0.022 0.024 0.027  A 191991
   3883.72872 13.241 13.174 13.039 12.983 13.014    0.076 0.039 0.030 0.032 0.034  B 192292
   3887.69050 13.107 13.090 13.012 12.970 12.894    0.068 0.036 0.030 0.032 0.035  A 192676
   3896.56361 12.514 12.407 12.352 12.284 12.298    0.034 0.035 0.031 0.036 0.043  A 194008
   3898.58737 13.217 13.124 13.006 12.955 12.884    0.080 0.042 0.036 0.040 0.044  B 194336
   3900.61146 13.350 13.146 13.030 12.948 12.858    0.069 0.038 0.034 0.039 0.044  A 194648
   3902.62435 13.187 13.092 13.123 13.123 13.125    0.044 0.028 0.023 0.025 0.027  A 195025
   3904.64331 12.684 12.514 12.472 12.457 12.447    0.070 0.039 0.030 0.030 0.033  A 195414
   3906.66058 12.985 12.901 12.901 12.944 13.021    0.092 0.044 0.036 0.037 0.039  B 195798
   3908.65198 13.163 13.155 13.010 12.896 12.828    0.065 0.032 0.028 0.031 0.032  A 196183
   3912.66849 13.117 13.088 13.006 12.977 12.875    0.069 0.033 0.028 0.030 0.033  A 196754
   4125.84494 13.094 13.056 13.050 13.085 13.084    0.037 0.033 0.032 0.035 0.041  A 211607
   4129.84081 12.784 12.651 12.622 12.594 12.527    0.057 0.054 0.055 0.058 0.061  B 212134
   4132.86039 12.670 12.618 12.547 12.510 12.541    0.040 0.029 0.032 0.038 0.043  A 212524
   4136.82160 13.170 13.050 13.025 12.998 13.033    0.037 0.031 0.031 0.037 0.044  A 213046
   4149.83403 12.863 12.716 12.711 12.737 12.840    0.047 0.034 0.036 0.044 0.051  A 214725
   4152.80596 12.632 12.526 12.479 12.471 12.500    0.036 0.031 0.030 0.032 0.038  A 215177
   4158.79702 13.120 13.071 12.973 12.925 12.882    0.046 0.030 0.029 0.032 0.036  A 216043
   4160.84209 13.303 13.167 13.060 12.992 12.967    0.038 0.032 0.032 0.035 0.038  A 216372
   4182.72894 12.492 12.450 12.426 12.405 12.327    0.054 0.042 0.036 0.041 0.046  A 219290
   4184.76760 12.935 12.874 12.852 12.854 12.993    0.054 0.051 0.052 0.059 0.067  B 219592
   4202.69318 12.518 12.524 12.500 12.471 12.463    0.061 0.037 0.031 0.035 0.039  A 221646
   4204.72540 12.869 12.840 12.822 12.788 12.798    0.064 0.041 0.034 0.036 0.038  A 221979
   4207.75255 12.742 12.750 12.705 12.615 12.620    0.072 0.044 0.041 0.047 0.052  A 222264
   4215.70533 13.165 13.070 13.049 12.995 12.964    0.041 0.035 0.028 0.031 0.035  A 222707
   4228.68195 12.901 12.810 12.780 12.814 12.840    0.056 0.068 0.066 0.068 0.071  D 223359
   4230.68037 13.224 13.258 13.281 13.227 13.251    0.075 0.078 0.072 0.074 0.075  D 223701
   4232.67963 12.625 12.589 12.581 12.547 12.551    0.038 0.032 0.028 0.031 0.037  A 224045
   4234.67432 13.068 13.085 13.097 13.176 13.162    0.040 0.032 0.030 0.035 0.041  A 224412
   4250.59515 13.147 13.250 13.293 13.368 13.387    0.033 0.034 0.029 0.031 0.035  A 226660
   4256.57929 13.049 12.954 12.891 12.832 12.852    0.032 0.033 0.030 0.031 0.033  A 227230
   4258.61012 13.259 13.279 13.273 13.257 13.211    0.028 0.027 0.024 0.027 0.032  A 227506
   4282.52484 12.600 12.634 12.568 12.589 12.642    0.044 0.034 0.032 0.038 0.045  A 229432
   4284.54536 12.948 13.016 12.986 12.953 12.896    0.056 0.038 0.030 0.033 0.037  A 229774
   4286.54196 13.065 13.054 12.930 12.858 12.825    0.065 0.045 0.049 0.054 0.059  A 230138
   4290.56102 13.272 13.214 13.151 13.135 13.076    0.032 0.031 0.024 0.027 0.029  A 230469
   4292.52270 12.633 12.561 12.478 12.480 12.486    0.048 0.037 0.028 0.028 0.030  A 230832
   4294.53497 12.865 12.804 12.816 12.783 12.816    0.043 0.037 0.033 0.036 0.039  A 231191
   4296.52689 13.243 13.220 13.197 13.175 13.209    0.047 0.037 0.035 0.036 0.039  A 231531
   4305.47335 13.248 13.191 13.177 13.128 13.015    0.050 0.037 0.029 0.031 0.035  A 233086
   4307.53711 12.742 12.685 12.702 12.718 12.757    0.052 0.039 0.034 0.032 0.036  A 233444
   4310.57226 12.536 12.565 12.563 12.513 12.515    0.044 0.047 0.054 0.067 0.081  D 233873
   4315.56738 12.545 12.469 12.415 12.378 12.328    0.066 0.064 0.065 0.068 0.071  D 234544
   4319.51669 12.891 12.850 12.728 12.643 12.589    0.049 0.055 0.055 0.056 0.059  B 234942
   4337.48114 12.647 12.604 12.597 12.645 12.681    0.045 0.045 0.045 0.051 0.056  A 236322
   4350.47312 12.430 12.354 12.237 12.167 12.173    0.054 0.040 0.041 0.047 0.055  A 238394
   4485.87090 12.709 12.603 12.518 12.497 12.490    0.080 0.086 0.084 0.086 0.088  D 253669
   4498.87089 12.655 12.689 12.703 12.732 12.751    0.048 0.036 0.034 0.050 0.051  A 254979
   4505.84288 12.756 12.787 12.828 12.816 12.778    0.039 0.034 0.031 0.034 0.039  A 255915
   4508.83627 12.970 12.883 12.841 12.826 12.771    0.038 0.034 0.032 0.034 0.036  A 256341
   4511.82785 13.191 13.128 13.069 13.109 13.173    0.050 0.032 0.027 0.030 0.034  A 256742
   4526.78751 13.082 13.095 12.971 12.902 12.804    0.059 0.036 0.029 0.030 0.033  A 258628
   4532.76638 13.080 12.971 12.939 12.920 12.837    0.051 0.043 0.030 0.032 0.035  A 259526
   4538.80567 12.473 12.452 12.450 12.434 12.420    0.036 0.029 0.024 0.025 0.029  A 260283
   4541.74735 13.083 13.002 12.939 12.877 12.828    0.053 0.032 0.027 0.029 0.033  A 260705
   4543.80441 12.413 12.402 12.399 12.416 12.464    0.052 0.036 0.032 0.035 0.039  A 261034
   4555.84824 13.083 13.048 13.034 13.008 13.029    0.063 0.039 0.032 0.034 0.037  A 262768
   4558.70541 12.851 12.815 12.793 12.802 12.826    0.033 0.028 0.025 0.028 0.031  A 263215
   4560.75186 12.801 12.730 12.661 12.609 12.585    0.055 0.036 0.027 0.029 0.034  A 263561
   4565.68614 12.774 12.697 12.673 12.669 12.731    0.035 0.028 0.027 0.031 0.036  A 264376
   4569.72523 12.876 12.921 12.945 12.944 13.006    0.045 0.035 0.029 0.033 0.038  A 265026
#dataset= 1 ; 2 F1352-08_314
#desig= 135458-0601.1
#cra=   13.916221  13:54:58.4
#cdec=  -6.018493 -6:01:06.6
#class= 0
#cmag_0= 13.179
#cmer_0=  0.230
#nskip_0= 0
#cmag_1= 13.118
#cmer_1=  0.201
#nskip_1= 0
#cmag_2= 13.055
#cmer_2=  0.179
#nskip_2= 0
#cmag_3= 13.029
#cmer_3=  0.180
#nskip_3= 0
#cmag_4= 13.007
#cmer_4=  0.170
#nskip_4= 0
#ra=   13.916221  13:54:58.4
#dec=  -6.018493 -6:01:06.6
#     HJD      MAG_0  MAG_1  MAG_2  MAG_3  MAG_4    MER_0 MER_1 MER_2 MER_3 MER_4 GRADE FRAME
   1964.80481 12.792 12.749 12.754 12.745 12.748    0.032 0.034 0.024 0.025 0.023  A 11063
   1971.77357 12.821 12.897 12.908 12.898 12.864    0.037 0.036 0.028 0.030 0.027  A 11824
   1977.75071 12.686 12.639 12.761 12.904 12.906    0.048 0.042 0.038 0.045 0.041  A 12001
   1985.74089 29.999 29.999 29.999 29.999 29.999    0.045 0.041 0.035 0.042 0.038  C 13198
   1998.71277 12.732 12.764 12.800 12.834 12.871    0.058 0.047 0.039 0.048 0.048  A 14277
   2000.70884 13.063 12.990 12.998 13.012 13.054    0.057 0.046 0.037 0.046 0.044  A 14679
   2005.71154 29.999 29.999 29.999 29.999 29.999    0.083 0.060 0.051 0.058 0.059  C 14805
   2014.67267 12.675 12.574 12.674 12.743 12.737    0.064 0.050 0.040 0.048 0.048  A 15793
   2019.66394 29.999 29.999 29.999 29.999 29.999    0.081 0.063 0.049 0.058 0.061  D 16423
   2025.64271 13.420 13.295 13.165 13.084 13.089    0.041 0.022 0.021 0.023 0.026  A 17193
   2026.65315 13.288 13.109 12.905 12.823 12.822    0.044 0.022 0.021 0.024 0.026  A 17414
   2031.64396 13.018 12.980 12.852 12.828 12.838    0.043 0.024 0.022 0.025 0.027  A 18015
   2452.49394 12.848 12.842 12.853 12.843 12.785    0.027 0.030 0.022 0.025 0.021  A 9399
   2464.51215 13.132 13.159 13.126 13.158 13.091    0.029 0.030 0.024 0.026 0.021  A 10785
   2506.47700 29.999 29.999 29.999 29.999 29.999    0.058 0.055 0.045 0.050 0.046  C 16627
   2639.86370 13.163 13.034 12.881 12.864 12.896    0.030 0.026 0.025 0.029 0.033  A 32925
   2699.78090 13.352 13.237 13.120 13.044 12.999    0.023 0.023 0.020 0.022 0.024  A 42762
   2720.78523 13.184 13.091 12.953 12.900 12.994    0.026 0.025 0.026 0.028 0.031  A 46353
   2737.69578 13.270 13.206 13.057 12.961 12.961    0.036 0.018 0.017 0.019 0.022  A 49446
   2747.71103 13.120 13.135 13.109 13.128 13.113    0.027 0.035 0.028 0.032 0.036  A 51033
   2758.80396 29.999 29.999 29.999 29.999 29.999    0.024 0.021 0.020 0.022 0.023  C 53085
   2761.83508 13.072 13.015 12.989 12.957 12.954    0.033 0.030 0.030 0.035 0.039  A 53714
   2785.67916 13.201 13.118 13.095 13.077 13.037    0.025 0.029 0.023 0.022 0.023  A 56372
   2803.64401 29.999 29.999 29.999 29.999 29.999    0.061 0.065 0.064 0.078 0.093  D 58867
   2831.62955 29.999 29.999 29.999 29.999 29.999    0.029 0.027 0.022 0.026 0.031  C 62727
   2833.59123 29.999 29.999 29.999 29.999 29.999    0.066 0.069 0.078 0.097 0.115  D 63125
   2860.51439 13.185 13.131 13.140 13.144 13.076    0.031 0.028 0.022 0.026 0.028  A 66702
   3035.82500 13.323 13.172 13.040 12.989 12.964    0.034 0.032 0.029 0.033 0.036  A 89318
   3051.82866 13.207 13.151 13.027 12.943 12.900    0.023 0.029 0.023 0.027 0.030  A 91060
   3063.80376 29.999 29.999 29.999 29.999 29.999    0.074 0.085 0.094 0.105 0.122  D 92664
   3075.81270 29.999 29.999 29.999 29.999 29.999    0.034 0.029 0.028 0.033 0.037  C 94199
   3090.72211 13.488 13.672 13.728 13.670 13.644    0.080 0.078 0.066 0.065 0.072  D 96097
   3098.73779 29.999 29.999 29.999 29.999 29.999    0.058 0.072 0.076 0.080 0.085  D 97001
   3103.73791 13.308 13.347 13.339 13.340 13.361    0.031 0.029 0.026 0.030 0.034  A 97778
   3125.67538 13.434 13.331 13.222 13.202 13.253    0.027 0.021 0.020 0.023 0.028  A 100727
   3130.66280 29.999 29.999 29.999 29.999 29.999    0.034 0.033 0.032 0.037 0.046  C 101494
   3132.66641 29.999 29.999 29.999 29.999 29.999    0.051 0.064 0.072 0.078 0.083  D 101826
   3160.59629 29.999 29.999 29.999 29.999 29.999    0.034 0.031 0.027 0.032 0.037  C 104679
   3163.60216 13.303 13.183 13.058 12.936 12.879    0.028 0.022 0.019 0.022 0.024  A 105009
   3407.84562 13.456 13.309 13.182 13.115 13.114    0.033 0.031 0.033 0.035 0.039  A 128953
   3444.78953 13.087 12.965 12.853 12.826 12.815    0.048 0.033 0.033 0.040 0.046  A 133978
   3503.58950 13.289 13.198 13.140 13.122 13.131    0.032 0.023 0.022 0.024 0.027  A 142790
   3569.56490 13.130 13.037 12.926 12.853 12.849    0.030 0.027 0.022 0.026 0.029  A 150547
   3606.47699 29.999 29.999 29.999 29.999 29.999    0.060 0.049 0.049 0.054 0.060  C 156143
   3764.83043 13.484 13.337 13.176 13.098 13.078    0.051 0.033 0.034 0.040 0.046  A 176215
   3799.77832 13.345 13.259 13.151 13.087 13.117    0.046 0.034 0.034 0.038 0.043  A 180585
   3802.77559 13.461 13.328 13.166 13.097 13.145    0.042 0.038 0.043 0.049 0.058  A 180931
   3818.78246 13.197 13.152 13.021 12.906 12.847    0.046 0.031 0.029 0.035 0.040  A 183302
   3847.74170 13.566 13.227 13.005 12.820 12.666    0.083 0.044 0.044 0.051 0.057  B 186773
   3879.57128 13.204 13.242 13.364 13.421 13.219    0.046 0.043 0.048 0.060 0.067  B 191630
   3898.58737 13.195 13.088 12.964 12.912 12.887    0.080 0.042 0.036 0.040 0.044  B 194336
   4105.86020 29.999 29.999 29.999 29.999 29.999    0.039 0.030 0.031 0.037 0.044  C 210897
   4155.80953 13.425 13.230 13.116 13.125 13.090    0.057 0.051 0.054 0.057 0.059  B 215622
   4163.77878 29.999 29.999 29.999 29.999 29.999    0.051 0.038 0.043 0.053 0.061  C 216804
   4168.81894 29.999 29.999 29.999 29.999 29.999    0.037 0.033 0.029 0.032 0.038  C 217501
   4173.82017 29.999 29.999 29.999 29.999 29.999    0.070 0.051 0.051 0.057 0.060  C 218132
   4176.74837 29.999 29.999 29.999 29.999 29.999    0.044 0.035 0.034 0.039 0.045  C 218549
   4179.78033 29.999 29.999 29.999 29.999 29.999    0.067 0.046 0.040 0.045 0.051  C 218884
   4187.89397 12.764 12.835 12.947 13.055 13.053    0.037 0.037 0.033 0.038 0.045  A 219876
   4190.71225 29.999 29.999 29.999 29.999 29.999    0.071 0.064 0.069 0.074 0.077  D 220262
   4196.74406 29.999 29.999 29.999 29.999 29.999    0.066 0.049 0.050 0.063 0.077  C 221081
   4198.78110 29.999 29.999 29.999 29.999 29.999    0.076 0.053 0.057 0.068 0.080  D 221350
   4238.74377 13.005 13.170 13.318 13.365 13.243    0.047 0.043 0.038 0.045 0.053  A 225049
   4245.60269 29.999 29.999 29.999 29.999 29.999    0.051 0.049 0.054 0.067 0.080  D 226025
   4253.75242 29.999 29.999 29.999 29.999 29.999    0.048 0.043 0.038 0.044 0.049  C 226886
   4266.71077 13.334 13.335 13.344 13.378 13.243    0.044 0.045 0.042 0.047 0.054  A 227757
   4278.51835 13.170 13.134 13.089 13.048 13.091    0.030 0.028 0.025 0.027 0.031  A 229111
   4290.56102 13.128 13.183 13.133 13.065 12.958    0.032 0.031 0.024 0.027 0.029  A 230469
   4298.53151 13.134 13.170 13.153 13.093 13.042    0.045 0.038 0.033 0.039 0.047  A 231889
   4312.56403 29.999 29.999 29.999 29.999 29.999    0.073 0.057 0.056 0.061 0.069  C 234199
   4333.47998 29.999 29.999 29.999 29.999 29.999    0.050 0.038 0.037 0.041 0.045  C 235803
   4344.47231 29.999 29.999 29.999 29.999 29.999    0.070 0.092 0.139 0.189 0.213  D 237382
   4347.47524 29.999 29.999 29.999 29.999 29.999    0.085 0.088 0.109 0.147 0.165  D 237901
   4479.86411 29.999 29.999 29.999 29.999 29.999    0.050 0.051 0.058 0.066 0.072  C 253092
   4516.77584 29.999 29.999 29.999 29.999 29.999    0.044 0.043 0.046 0.057 0.071  C 257167
   4518.81263 29.999 29.999 29.999 29.999 29.999    0.035 0.035 0.034 0.042 0.051  C 257471
   4523.84430 29.999 29.999 29.999 29.999 29.999    0.043 0.033 0.027 0.030 0.035  C 258222
   4529.77602 29.999 29.999 29.999 29.999 29.999    0.046 0.034 0.028 0.030 0.034  C 259080
   4536.74634 29.999 29.999 29.999 29.999 29.999    0.045 0.033 0.027 0.030 0.034  C 259967
   4546.73944 29.999 29.999 29.999 29.999 29.999    0.042 0.035 0.033 0.039 0.047  C 261471
   4562.82141 29.999 29.999 29.999 29.999 29.999    0.069 0.041 0.033 0.036 0.038  C 263919
   4567.73453 29.999 29.999 29.999 29.999 29.999    0.048 0.038 0.034 0.037 0.042  C 264725
   4571.72639 13.340 13.326 13.284 13.275 13.280    0.035 0.034 0.027 0.029 0.034  A 265364
#ndata= 3
#dataset= 2 ; 1 F1424-08_315
#desig= 135459-0601.1
#cra=   13.916391  13:54:59.0
#cdec=  -6.018294 -6:01:05.9
#class= 0
#cmag_0= 13.124
#cmer_0=  0.172
#nskip_0= 0
#cmag_1= 13.018
#cmer_1=  0.172
#nskip_1= 0
#cmag_2= 12.933
#cmer_2=  0.131
#nskip_2= 0
#cmag_3= 12.889
#cmer_3=  0.099
#nskip_3= 0
#cmag_4= 12.888
#cmer_4=  0.085
#nskip_4= 0
#ra=   13.916391  13:54:59.0
#dec=  -6.018294 -6:01:05.9
#     HJD      MAG_0  MAG_1  MAG_2  MAG_3  MAG_4    MER_0 MER_1 MER_2 MER_3 MER_4 GRADE FRAME
   2724.76419 13.291 13.079 13.017 12.989 12.996    0.027 0.030 0.025 0.028 0.029  A 47115
   2728.75634 12.919 12.866 12.799 12.770 12.775    0.030 0.022 0.020 0.022 0.024  A 47908
   2783.77260 13.162 13.110 12.986 12.910 12.895    0.028 0.025 0.023 0.023 0.024  A 55988
#ndata= 8
#dataset= 3 ; 1 F1352+00_359
#desig= 135459-0601.1
#cra=   13.916511  13:54:59.4
#cdec=  -6.018503 -6:01:06.6
#class= 0
#cmag_0= 13.010
#cmer_0=  0.203
#nskip_0= 0
#cmag_1= 12.926
#cmer_1=  0.184
#nskip_1= 0
#cmag_2= 12.798
#cmer_2=  0.164
#nskip_2= 0
#cmag_3= 12.745
#cmer_3=  0.168
#nskip_3= 0
#cmag_4= 12.789
#cmer_4=  0.224
#nskip_4= 0
#ra=   13.916511  13:54:59.4
#dec=  -6.018503 -6:01:06.6
#     HJD      MAG_0  MAG_1  MAG_2  MAG_3  MAG_4    MER_0 MER_1 MER_2 MER_3 MER_4 GRADE FRAME
   2040.60328 29.999 29.999 29.999 29.999 29.999    0.073 0.069 0.080 0.096 0.114  D 19443
   3385.86801 12.774 12.714 12.639 12.586 12.572    0.041 0.029 0.028 0.033 0.037  A 126115
   3389.87200 13.198 13.155 13.132 13.120 13.113    0.034 0.028 0.030 0.037 0.043  A 126661
   3393.87096 13.038 12.919 12.793 12.722 12.724    0.052 0.036 0.035 0.041 0.048  A 127079
   3397.84796 13.136 13.065 12.892 12.818 12.848    0.033 0.027 0.028 0.033 0.039  A 127575
   3450.73306 12.764 12.612 12.532 12.461 12.394    0.041 0.029 0.030 0.035 0.041  A 135280
   3453.69154 29.999 29.999 29.999 29.999 29.999    0.039 0.033 0.033 0.039 0.047  C 135664
   4145.83935 13.206 13.080 12.941 12.943 13.174    0.052 0.042 0.046 0.053 0.059  B 214331
