#ndata= 58
#dataset= 1 ; 1 F1800-40_149
#desig= 180450-3514.0
#cra=   18.080658  18:04:50.4
#cdec= -35.232695 -35:13:57.7
#class= 0
#cmag_0= 10.731
#cmer_0=  0.104
#nskip_0= 1
#cmag_1= 10.746
#cmer_1=  0.119
#nskip_1= 0
#cmag_2= 10.746
#cmer_2=  0.118
#nskip_2= 0
#cmag_3= 10.760
#cmer_3=  0.121
#nskip_3= 0
#cmag_4= 10.779
#cmer_4=  0.126
#nskip_4= 0
#ra=   18.080658  18:04:50.4
#dec= -35.232695 -35:13:57.7
#     HJD      MAG_2  MAG_0  MAG_1  MAG_3  MAG_4    MER_2 MER_0 MER_1 MER_3 MER_4 GRADE FRAME
   2035.72705 10.693 10.836 10.759 10.684 10.672    0.095 0.082 0.082 0.116 0.134  D 18891
   2087.63899 10.756 10.694 10.754 10.760 10.775    0.040 0.065 0.041 0.047 0.052  A 24262
   2109.60174 10.747 10.711 10.747 10.771 10.776    0.032 0.045 0.035 0.038 0.044  A 26592
   2115.57163 10.702 10.701 10.712 10.706 10.720    0.034 0.047 0.036 0.039 0.045  A 26837
   2116.57664 10.655 10.657 10.645 10.662 10.677    0.032 0.044 0.034 0.037 0.043  A 27059
   2117.57550 10.680 10.637 10.670 10.686 10.699    0.035 0.047 0.035 0.041 0.047  A 27280
   2124.55146 10.668 10.626 10.654 10.699 10.701    0.037 0.052 0.038 0.045 0.050  A 27614
   2125.56730 10.695 10.659 10.679 10.704 10.716    0.038 0.049 0.038 0.045 0.050  A 27833
   2130.56789 10.664 10.645 10.678 10.663 10.653    0.031 0.042 0.033 0.038 0.042  A 28338
   2133.55142 10.679 10.688 10.708 10.686 10.697    0.033 0.048 0.035 0.039 0.044  A 28958
   2134.54494 10.670 10.641 10.676 10.683 10.682    0.034 0.049 0.036 0.040 0.045  A 29173
   2135.54601 10.715 10.714 10.720 10.745 10.759    0.035 0.050 0.036 0.040 0.046  A 29386
   2140.52774 10.720 10.677 10.683 10.749 10.773    0.039 0.051 0.040 0.047 0.053  A 30137
   2142.51725 10.704 10.689 10.692 10.715 10.718    0.035 0.057 0.037 0.041 0.046  A 30546
   2151.51481 10.762 10.714 10.737 10.782 10.818    0.044 0.061 0.043 0.052 0.058  A 31335
   2566.49718 10.917 10.969 10.914 10.929 10.949    0.031 0.042 0.032 0.036 0.039  A 23391
   2811.81572 10.561 10.534 10.579 10.576 10.571    0.034 0.043 0.037 0.038 0.043  A 60029
   2813.70912 10.573 10.601 10.570 10.581 10.604    0.027 0.037 0.030 0.031 0.035  A 60441
   2826.73553 10.762 10.755 10.740 10.768 10.798    0.028 0.033 0.032 0.033 0.036  A 62071
   2830.61263 10.758 10.734 10.741 10.761 10.767    0.050 0.051 0.051 0.060 0.067  A 62498
   2866.67894 10.699 10.690 10.701 10.709 10.744    0.029 0.033 0.031 0.033 0.037  A 67575
   2872.52558 10.661 10.653 10.689 10.651 10.635    0.029 0.033 0.034 0.034 0.037  A 68114
   2876.64020 10.688 10.667 10.675 10.703 10.725    0.028 0.039 0.029 0.033 0.038  A 68762
   2878.63041 10.664 10.723 10.654 10.675 10.710    0.038 0.038 0.038 0.044 0.050  A 69152
   2880.67818 10.792 10.817 10.800 10.803 10.831    0.092 0.079 0.081 0.110 0.125  D 69390
   2897.61694 10.832 10.859 10.822 10.851 10.877    0.034 0.043 0.045 0.038 0.041  A 71663
   2899.60138 10.888 10.811 10.896 10.886 10.881    0.056 0.056 0.056 0.067 0.077  B 72020
   2901.59960 10.791 10.776 10.752 10.809 10.794    0.064 0.066 0.067 0.075 0.088  D 72404
   2916.49019 10.703 10.697 10.700 10.722 10.757    0.040 0.043 0.038 0.048 0.053  A 74517
   2917.59014 10.715 10.688 10.729 10.724 10.726    0.031 0.034 0.031 0.036 0.040  A 74746
   2923.57980 10.916 10.899 10.912 10.953 10.981    0.038 0.038 0.035 0.045 0.051  A 75433
   2931.51275 11.009 10.981 11.017 11.028 11.017    0.029 0.034 0.029 0.034 0.037  A 76670
   2933.52211 11.047 10.995 11.045 11.060 11.079    0.031 0.035 0.031 0.037 0.043  A 77028
   2943.50283 10.962 10.961 10.946 10.978 10.989    0.034 0.039 0.032 0.039 0.045  A 78308
   2951.50800 10.854 10.857 10.860 10.860 10.897    0.039 0.039 0.038 0.047 0.053  A 79523
   3107.89134 10.884 10.881 10.853 10.907 10.931    0.036 0.037 0.036 0.044 0.051  A 98469
   3122.82749 10.482 10.463 10.471 10.485 99.999    0.030 0.033 0.030 0.036 0.041  C 100279
   3130.88156 10.660 10.674 10.665 10.661 10.670    0.035 0.035 0.034 0.042 0.048  A 101571
   3134.81947 10.834 10.842 10.826 10.834 10.816    0.037 0.035 0.037 0.045 0.052  A 102203
   3169.72032 10.805 10.821 10.783 10.819 10.823    0.030 0.033 0.031 0.036 0.041  A 105953
   3171.85324 10.797 10.831 10.785 10.837 10.887    0.065 0.053 0.057 0.079 0.091  D 106256
   3178.66149 10.718 10.713 10.723 10.706 10.733    0.042 0.039 0.040 0.050 0.058  A 107064
   3191.74947 10.836 10.831 10.856 10.851 10.886    0.038 0.039 0.036 0.045 0.052  A 108762
   3450.85023 10.814 10.800 10.827 10.835 10.853    0.045 0.062 0.046 0.052 0.060  A 135326
   3453.82351 10.843 10.833 10.833 10.858 10.875    0.040 0.049 0.039 0.049 0.055  A 135713
   3817.73100 99.999 99.999 99.999 99.999 99.999    0.048 0.052 0.044 0.058 0.065  C 183124
   3817.76397 10.715 10.677 10.699 10.732 10.757    0.046 0.053 0.044 0.055 0.062  A 183134
   3817.79346 10.725 10.724 10.703 10.766 10.800    0.048 0.057 0.047 0.057 0.065  A 183144
   3817.82384 10.696 10.642 10.697 10.714 10.752    0.047 0.055 0.046 0.055 0.063  A 183154
   3817.85291 10.682 10.654 10.665 10.700 10.730    0.044 0.047 0.043 0.053 0.059  A 183164
   3817.88154 10.707 10.706 10.694 10.750 10.787    0.047 0.062 0.048 0.055 0.061  A 183174
   3817.90940 10.666 10.704 10.675 10.691 10.717    0.048 0.065 0.050 0.056 0.062  A 183184
   3818.75047 10.679 10.686 10.681 10.686 10.715    0.046 0.054 0.046 0.055 0.060  A 183293
   3818.78028 10.704 10.687 10.677 10.735 10.762    0.046 0.055 0.045 0.054 0.060  A 183303
   3818.81001 10.714 10.615 10.684 10.748 10.790    0.050 0.083 0.054 0.057 0.064  B 183313
   3818.83776 10.662 10.621 10.658 10.664 10.676    0.049 0.069 0.051 0.056 0.063  B 183323
   3818.86603 11.179 11.264 11.210 11.205 11.263    0.045 0.059 0.043 0.053 0.061  A 183333
   3818.89487 10.698 10.652 10.699 10.696 10.707    0.046 0.064 0.050 0.053 0.060  A 183343
#ndata= 2
#dataset= 2 ; 1 F1840-40_150
#desig= 180451-3514.0
#cra=   18.080762  18:04:50.7
#cdec= -35.233847 -35:14:01.8
#class= 0
#cmag_0= 10.811
#cmer_0=  0.045
#nskip_0= 0
#cmag_1= 10.788
#cmer_1=  0.052
#nskip_1= 0
#cmag_2= 10.801
#cmer_2=  0.059
#nskip_2= 0
#cmag_3= 10.809
#cmer_3=  0.055
#nskip_3= 0
#cmag_4= 10.830
#cmer_4=  0.075
#nskip_4= 0
#ra=   18.080762  18:04:50.7
#dec= -35.233847 -35:14:01.8
#     HJD      MAG_2  MAG_0  MAG_1  MAG_3  MAG_4    MER_2 MER_0 MER_1 MER_3 MER_4 GRADE FRAME
   2853.74471 10.759 10.779 10.751 10.770 10.777    0.034 0.035 0.038 0.040 0.044  A 65705
   2894.70156 10.844 10.844 10.824 10.848 10.885    0.038 0.040 0.037 0.046 0.051  A 71105
#ndata= 855
#dataset= 3 ; 1 F1800-32_188
#desig= 180450-3514.0
#cra=   18.080651  18:04:50.3
#cdec= -35.232703 -35:13:57.7
#class= 0
#cmag_0= 10.719
#cmer_0=  0.073
#nskip_0= 44
#cmag_1= 10.715
#cmer_1=  0.055
#nskip_1= 82
#cmag_2= 10.718
#cmer_2=  0.040
#nskip_2= 128
#cmag_3= 10.729
#cmer_3=  0.049
#nskip_3= 105
#cmag_4= 10.745
#cmer_4=  0.057
#nskip_4= 86
#ra=   18.080651  18:04:50.3
#dec= -35.232703 -35:13:57.7
#     HJD      MAG_2  MAG_0  MAG_1  MAG_3  MAG_4    MER_2 MER_0 MER_1 MER_3 MER_4 GRADE FRAME
   1948.88020 10.712 10.650 10.667 10.720 10.725    0.036 0.041 0.035 0.045 0.051  A 9125
   1950.87395 10.698 10.682 10.677 10.711 10.716    0.032 0.040 0.034 0.039 0.044  A 9469
   1953.87054 10.695 10.668 10.670 10.685 10.695    0.044 0.058 0.051 0.050 0.057  B 9775
   1954.87335 10.653 10.633 10.657 10.647 10.642    0.045 0.061 0.051 0.053 0.062  B 9954
   1955.86392 10.669 10.687 10.671 10.678 10.687    0.037 0.051 0.043 0.042 0.048  A 10131
   1961.88187 10.685 10.706 10.679 10.691 10.699    0.039 0.055 0.046 0.044 0.051  A 10588
   1963.87360 10.721 10.674 10.715 10.717 10.721    0.044 0.063 0.052 0.049 0.053  B 10912
   1965.86687 10.687 10.710 10.708 10.696 10.689    0.045 0.064 0.054 0.050 0.057  D 11278
   1967.86944 10.700 10.730 10.723 10.726 10.725    0.040 0.058 0.048 0.045 0.050  B 11622
   1978.83274 10.580 10.560 10.586 10.534 10.567    0.054 0.075 0.063 0.060 0.067  D 12119
   1979.86003 10.553 10.573 10.557 10.566 10.588    0.059 0.082 0.070 0.062 0.069  D 12323
   1980.84108 10.544 10.529 10.536 10.526 10.544    0.054 0.076 0.066 0.060 0.065  D 12461
   1981.86062 10.563 10.587 10.574 10.577 10.588    0.050 0.072 0.059 0.054 0.061  D 12653
   1982.81052 10.588 10.543 10.585 10.569 10.577    0.050 0.072 0.060 0.055 0.059  D 12824
   2032.76320 10.819 10.846 10.816 10.838 10.847    0.027 0.038 0.027 0.033 0.038  A 18289
   2035.73164 10.730 10.733 10.729 10.721 10.732    0.045 0.057 0.041 0.055 0.061  B 18893
   2037.71615 10.684 10.668 10.670 10.704 10.751    0.034 0.051 0.033 0.040 0.045  A 19004
   2058.71099 10.637 10.657 10.625 10.650 10.662    0.032 0.061 0.034 0.036 0.040  A 21184
   2083.65152 10.713 10.756 10.723 10.720 10.745    0.037 0.052 0.035 0.045 0.050  A 23596
   2085.64677 10.747 10.698 10.743 10.762 10.787    0.028 0.044 0.028 0.034 0.038  A 23822
   2096.66724 10.798 10.781 10.790 10.836 10.875    0.042 0.044 0.036 0.053 0.061  B 25462
   2102.59734 29.999 29.999 29.999 29.999 29.999    0.029 0.046 0.031 0.034 0.039  C 25645
   2128.55309 10.683 10.670 10.698 10.690 10.707    0.029 0.044 0.030 0.035 0.039  A 27901
   2129.56343 10.683 10.673 10.675 10.694 10.712    0.027 0.035 0.026 0.032 0.036  A 28122
   2130.55905 10.674 10.706 10.679 10.675 10.714    0.028 0.041 0.028 0.033 0.037  A 28334
   2132.56416 10.663 10.626 10.662 10.672 10.694    0.027 0.038 0.027 0.032 0.036  A 28754
   2136.55466 10.661 10.656 10.651 10.661 10.686    0.027 0.036 0.028 0.031 0.036  A 29602
   2156.48797 10.830 10.834 10.825 10.843 10.842    0.035 0.041 0.035 0.041 0.047  A 31585
   2164.47852 10.849 10.803 10.861 10.833 10.827    0.034 0.046 0.035 0.040 0.045  A 31897
   2168.54968 10.816 10.792 10.810 10.827 10.857    0.032 0.040 0.031 0.038 0.043  A 32227
   2172.48929 10.788 10.758 10.791 10.789 10.792    0.031 0.041 0.032 0.038 0.042  A 32731
   2178.48638 10.720 10.698 10.726 10.731 10.738    0.037 0.052 0.038 0.043 0.049  A 33539
   2180.53133 10.683 10.675 10.662 10.691 10.699    0.039 0.054 0.040 0.046 0.052  A 33746
   2184.53135 11.000 10.995 11.007 10.999 11.019    0.036 0.050 0.036 0.043 0.048  A 34035
   2188.51177 10.561 10.571 10.557 10.572 10.576    0.033 0.043 0.035 0.039 0.045  A 34671
   2192.50133 10.554 10.531 10.548 10.561 10.566    0.033 0.046 0.034 0.040 0.046  A 35231
   2442.66555 10.649 10.630 10.649 10.658 10.676    0.037 0.049 0.043 0.041 0.046  A 8497
   2443.66181 10.672 10.639 10.670 10.670 10.692    0.038 0.045 0.042 0.044 0.048  A 8681
   2445.64548 10.749 10.737 10.747 10.767 10.779    0.027 0.033 0.027 0.032 0.036  A 9096
   2446.66869 10.780 10.739 10.798 10.791 10.813    0.033 0.041 0.037 0.038 0.044  A 9269
   2452.63045 10.905 10.875 10.891 10.889 10.925    0.049 0.067 0.057 0.053 0.060  D 9458
   2455.66951 10.976 10.948 11.001 10.931 10.919    0.101 0.086 0.090 0.126 0.151  D 9943
   2459.61753 10.981 10.938 10.948 11.008 11.037    0.064 0.068 0.064 0.075 0.090  D 10117
   2460.64804 10.925 10.927 10.911 10.935 10.947    0.034 0.046 0.040 0.037 0.041  A 10206
   2464.62142 10.903 10.867 10.910 10.906 10.903    0.042 0.061 0.050 0.046 0.049  B 10830
   2465.62283 10.849 10.876 10.863 10.836 10.874    0.043 0.063 0.053 0.048 0.051  B 11051
   2467.61483 10.895 10.870 10.902 10.905 10.934    0.033 0.042 0.038 0.037 0.042  A 11485
   2468.61401 10.886 10.875 10.884 10.908 10.911    0.033 0.042 0.038 0.038 0.043  A 11703
   2473.57372 10.904 10.883 10.908 10.916 10.940    0.051 0.070 0.058 0.055 0.061  D 12654
   2474.62488 10.837 10.892 10.863 10.838 10.830    0.041 0.055 0.047 0.045 0.051  A 12843
   2489.56270 10.756 10.729 10.744 10.761 10.795    0.048 0.061 0.053 0.055 0.062  B 13814
   2493.56263 10.775 10.755 10.730 10.778 10.790    0.044 0.063 0.052 0.048 0.051  B 14440
   2494.56813 10.789 10.775 10.757 10.803 10.840    0.074 0.085 0.076 0.084 0.095  D 14633
   2497.56474 10.747 10.756 10.749 10.760 10.775    0.044 0.058 0.050 0.049 0.055  B 15193
   2498.55286 10.768 10.732 10.747 10.791 10.813    0.048 0.058 0.051 0.054 0.061  B 15399
   2499.54418 10.776 10.766 10.747 10.796 10.816    0.056 0.061 0.056 0.066 0.075  D 15606
   2501.55007 10.736 10.746 10.727 10.746 10.756    0.037 0.049 0.044 0.040 0.046  A 15970
   2508.57288 10.725 10.702 10.737 10.729 10.744    0.048 0.062 0.054 0.053 0.059  D 16765
   2510.53298 10.728 10.693 10.730 10.726 10.770    0.026 0.029 0.026 0.032 0.037  A 16932
   2511.59465 99.999 99.999 99.999 99.999 99.999    0.049 0.051 0.049 0.059 0.070  C 17074
   2519.65595 10.810 10.764 10.797 10.817 10.833    0.026 0.033 0.030 0.030 0.035  A 18010
   2520.65120 10.828 10.806 10.827 10.846 10.859    0.022 0.027 0.022 0.027 0.031  A 18207
   2524.61567 10.945 10.910 10.926 10.940 10.961    0.049 0.060 0.053 0.055 0.062  B 18641
   2535.54548 10.959 10.935 10.957 10.975 10.990    0.030 0.036 0.031 0.036 0.041  A 19226
   2544.57959 10.961 10.886 10.976 10.986 11.026    0.035 0.048 0.039 0.040 0.047  A 19959
   2546.54186 10.909 10.935 10.877 10.941 10.964    0.026 0.041 0.032 0.031 0.037  A 20304
   2548.53547 10.935 10.978 10.907 10.950 10.977    0.030 0.043 0.033 0.035 0.040  A 20552
   2561.53196 10.931 10.984 10.935 10.950 10.971    0.030 0.038 0.033 0.036 0.041  A 22511
   2564.52949 11.016 10.979 10.989 11.046 11.081    0.047 0.056 0.051 0.055 0.061  B 23048
   2566.50397 10.972 10.971 10.968 10.995 11.061    0.032 0.041 0.030 0.039 0.044  A 23394
   2683.86887 10.709 10.713 10.699 10.709 10.737    0.029 0.039 0.030 0.034 0.040  A 39914
   2686.87577 10.697 10.730 10.701 10.720 10.745    0.031 0.038 0.029 0.038 0.044  A 40463
   2689.87131 10.643 10.695 10.634 10.665 10.700    0.036 0.037 0.035 0.044 0.050  A 41009
   2693.88896 10.656 10.669 10.634 10.668 10.684    0.041 0.041 0.041 0.048 0.055  A 41691
   2698.86180 10.718 10.776 10.725 10.731 10.740    0.036 0.041 0.035 0.044 0.053  A 42605
   2701.85776 10.790 10.793 10.791 10.814 10.821    0.026 0.034 0.027 0.032 0.036  A 43181
   2704.85017 10.871 10.862 10.865 10.882 10.895    0.028 0.034 0.028 0.033 0.038  A 43754
   2706.86878 10.874 10.909 10.862 10.906 10.952    0.028 0.032 0.027 0.034 0.039  A 44127
   2709.84443 10.806 10.820 10.778 10.817 10.827    0.034 0.041 0.044 0.037 0.041  A 44659
   2711.90005 10.785 10.773 10.774 10.797 10.821    0.049 0.043 0.047 0.059 0.067  B 45054
   2713.87899 10.750 10.726 10.732 10.773 10.773    0.043 0.040 0.043 0.053 0.058  B 45422
   2717.85445 10.722 10.696 10.679 10.747 10.782    0.050 0.045 0.050 0.060 0.068  B 45949
   2720.83199 10.655 10.653 10.639 10.643 10.682    0.041 0.043 0.042 0.051 0.058  B 46375
   2725.79487 10.622 10.636 10.637 10.636 10.645    0.036 0.041 0.038 0.043 0.051  A 47332
   2727.84877 10.635 10.638 10.627 10.661 10.671    0.029 0.036 0.029 0.034 0.037  A 47745
   2729.84289 10.666 10.723 10.662 10.671 10.677    0.035 0.040 0.039 0.042 0.048  A 48149
   2732.86245 10.758 10.717 10.694 10.825 10.861    0.040 0.038 0.041 0.049 0.055  A 48508
   2735.80431 10.708 10.745 10.702 10.726 10.745    0.029 0.032 0.028 0.035 0.040  A 49097
   2739.81940 10.701 10.668 10.707 10.699 10.709    0.032 0.037 0.037 0.037 0.043  A 49836
   2741.81546 10.679 10.692 10.677 10.691 10.697    0.030 0.034 0.031 0.036 0.042  A 50227
   2743.80771 10.659 10.652 10.630 10.670 10.683    0.031 0.039 0.037 0.037 0.042  A 50616
   2754.80296 10.668 10.625 10.663 10.684 10.694    0.025 0.031 0.028 0.030 0.034  A 52312
   2756.77543 10.668 10.681 10.665 10.685 10.689    0.027 0.029 0.028 0.032 0.037  A 52713
   2760.76073 10.654 10.681 10.648 10.671 10.695    0.027 0.029 0.026 0.034 0.038  A 53477
   2762.75044 10.701 10.666 10.688 10.713 10.732    0.061 0.056 0.057 0.075 0.088  D 53881
   2764.74987 10.640 10.655 10.617 10.646 10.670    0.026 0.029 0.026 0.032 0.036  A 54294
   2768.82994 10.682 10.661 10.688 10.685 10.704    0.027 0.035 0.027 0.033 0.038  A 54648
   2770.79934 10.661 10.667 10.656 10.661 10.689    0.029 0.035 0.033 0.034 0.039  A 54923
   2782.79300 10.797 10.780 10.780 10.798 10.817    0.028 0.037 0.028 0.033 0.038  A 55779
   2784.73386 10.801 10.792 10.821 10.809 10.833    0.026 0.029 0.025 0.032 0.036  A 56173
   2786.69695 10.810 10.865 10.798 10.825 10.836    0.026 0.033 0.030 0.030 0.035  A 56591
   2788.79955 10.839 10.798 10.822 10.859 10.858    0.075 0.065 0.066 0.093 0.111  D 56948
   2791.68125 10.788 10.809 10.773 10.785 10.812    0.033 0.037 0.036 0.039 0.044  A 57564
   2808.71678 10.587 10.487 10.586 10.590 10.594    0.048 0.049 0.044 0.059 0.068  B 59338
   2810.63537 10.531 10.577 10.531 10.546 10.555    0.026 0.031 0.026 0.031 0.036  A 59731
   2811.82114 10.551 10.535 10.575 10.549 10.542    0.034 0.037 0.034 0.041 0.048  A 60031
   2813.71154 10.549 10.598 10.553 10.569 10.592    0.025 0.038 0.024 0.030 0.034  A 60442
   2820.80517 10.768 10.780 10.740 10.774 10.781    0.032 0.040 0.036 0.038 0.043  A 61582
   2824.68219 10.721 10.756 10.739 10.700 10.697    0.082 0.074 0.074 0.100 0.121  D 61951
   2829.60691 10.703 10.749 10.723 10.684 10.644    0.056 0.057 0.054 0.069 0.084  D 62272
   2834.64492 10.765 10.715 10.747 10.773 10.817    0.075 0.065 0.067 0.094 0.112  D 63340
   2838.74860 10.781 10.803 10.797 10.793 10.791    0.028 0.033 0.030 0.034 0.038  A 63945
   2845.76179 10.840 10.828 10.836 10.870 10.888    0.035 0.043 0.039 0.040 0.044  A 65271
   2851.64377 10.815 10.806 10.835 10.804 10.800    0.030 0.034 0.033 0.035 0.040  A 65442
   2853.76147 10.797 10.785 10.766 10.815 10.828    0.027 0.032 0.030 0.032 0.036  A 65712
   2855.66040 10.752 10.783 10.769 10.751 10.749    0.040 0.048 0.044 0.047 0.053  A 66069
   2861.57062 10.733 10.698 10.718 10.736 10.754    0.032 0.033 0.033 0.040 0.046  A 66940
   2866.68129 10.751 10.728 10.743 10.766 10.782    0.029 0.035 0.029 0.034 0.039  A 67576
   2867.73874 10.706 10.699 10.693 10.729 10.752    0.034 0.037 0.035 0.042 0.048  A 67805
   2872.54010 10.652 10.659 10.655 10.670 10.678    0.026 0.032 0.029 0.031 0.036  A 68120
   2875.58062 10.713 10.703 10.712 10.720 10.733    0.025 0.030 0.025 0.030 0.034  A 68527
   2877.57172 10.730 10.698 10.707 10.753 10.789    0.026 0.032 0.026 0.032 0.036  A 68921
   2879.56962 10.706 10.701 10.709 10.719 10.748    0.031 0.035 0.033 0.036 0.042  A 69226
   2882.59311 10.779 10.752 10.766 10.787 10.821    0.029 0.035 0.029 0.034 0.039  A 69488
   2888.59394 10.898 10.875 10.916 10.880 10.881    0.036 0.046 0.043 0.041 0.047  A 70426
   2894.56975 10.879 10.825 10.868 10.897 10.927    0.028 0.033 0.027 0.034 0.039  A 71049
   2896.59092 10.872 10.867 10.864 10.897 10.914    0.028 0.031 0.027 0.033 0.038  A 71452
   2898.57854 10.847 10.868 10.855 10.857 10.863    0.026 0.029 0.025 0.032 0.035  A 71845
   2900.57335 10.827 10.827 10.812 10.841 10.858    0.029 0.033 0.029 0.034 0.039  A 72200
   2904.56009 10.734 10.759 10.718 10.759 10.777    0.031 0.042 0.033 0.036 0.042  A 72826
   2906.55842 10.725 10.736 10.721 10.753 10.758    0.025 0.032 0.026 0.030 0.034  A 73148
   2909.55995 10.662 10.691 10.652 10.683 10.705    0.026 0.030 0.025 0.032 0.036  A 73571
   2911.53160 10.672 10.689 10.666 10.677 10.701    0.027 0.032 0.026 0.032 0.037  A 73871
   2916.49740 10.705 10.729 10.706 10.681 10.688    0.059 0.055 0.059 0.069 0.078  D 74520
   2917.59473 10.729 10.743 10.733 10.742 10.758    0.033 0.035 0.031 0.040 0.047  A 74748
   2922.49931 10.849 10.889 10.832 10.845 10.887    0.040 0.054 0.050 0.047 0.052  B 75211
   2924.51820 10.940 10.931 10.937 10.946 10.967    0.032 0.038 0.033 0.037 0.043  A 75596
   2927.52921 10.954 10.947 10.953 10.958 11.000    0.029 0.030 0.028 0.035 0.040  A 75957
   2929.53028 10.982 10.991 10.957 10.994 11.028    0.029 0.032 0.027 0.035 0.040  A 76314
   2931.53466 10.993 11.009 10.986 11.019 11.048    0.030 0.035 0.028 0.036 0.041  A 76679
   2933.53827 11.057 11.003 11.053 11.068 11.109    0.031 0.035 0.029 0.037 0.043  A 77035
   2935.53952 11.020 11.009 11.026 11.045 11.073    0.029 0.031 0.027 0.035 0.040  A 77393
   2937.53684 11.030 10.998 11.038 11.052 11.075    0.028 0.030 0.027 0.034 0.038  A 77665
   2943.51190 10.950 10.924 10.957 10.963 10.970    0.030 0.034 0.028 0.037 0.043  A 78312
   2949.50784 10.933 10.933 10.905 10.975 11.022    0.038 0.036 0.035 0.047 0.054  A 79235
   3055.88545 10.880 10.894 10.873 10.879 10.890    0.032 0.031 0.029 0.039 0.044  A 91632
   3057.81931 10.881 10.876 10.860 10.911 10.954    0.047 0.047 0.047 0.055 0.063  B 91880
   3057.84763 10.892 10.895 10.890 10.893 10.912    0.039 0.038 0.038 0.046 0.052  A 91889
   3057.89800 10.825 10.841 10.830 10.826 10.837    0.037 0.034 0.033 0.046 0.053  A 91908
   3059.87707 10.863 10.898 10.864 10.877 10.907    0.037 0.034 0.033 0.045 0.052  A 92157
   3063.87776 10.857 10.863 10.853 10.878 10.911    0.044 0.038 0.039 0.054 0.064  B 92692
   3068.86823 10.798 10.803 10.790 10.818 10.841    0.034 0.033 0.032 0.041 0.048  A 93276
   3072.85676 99.999 10.707 10.730 99.999 99.999    0.034 0.032 0.032 0.041 0.047  C 93810
   3081.84413 10.799 10.795 10.808 10.804 99.999    0.030 0.032 0.029 0.036 0.041  C 95076
   3086.90721 10.875 10.891 10.883 10.886 10.894    0.031 0.036 0.031 0.037 0.043  A 95550
   3090.84661 10.890 10.916 10.900 10.897 10.919    0.034 0.034 0.032 0.042 0.048  A 96142
   3097.79378 10.957 10.907 10.957 10.959 10.985    0.037 0.035 0.033 0.044 0.051  A 96866
   3100.84321 10.965 10.978 10.952 10.977 10.985    0.039 0.037 0.037 0.048 0.057  A 97339
   3103.83779 10.962 10.946 10.950 10.980 11.008    0.044 0.041 0.041 0.055 0.065  B 97814
   3107.89394 10.870 10.874 10.874 10.874 10.890    0.037 0.036 0.038 0.045 0.052  A 98470
   3113.81863 10.653 10.679 10.631 10.664 10.676    0.030 0.034 0.029 0.036 0.042  A 99386
   3116.80730 10.621 10.579 10.633 10.622 10.630    0.028 0.030 0.028 0.034 0.039  A 99875
   3122.83016 10.549 10.551 10.541 10.565 10.579    0.034 0.038 0.032 0.041 0.047  A 100280
   3125.75309 10.553 10.554 10.558 10.558 10.570    0.036 0.035 0.034 0.043 0.049  A 100754
   3127.75579 10.596 10.591 10.594 10.602 10.631    0.051 0.044 0.045 0.063 0.074  D 101069
   3129.79353 10.654 10.676 10.651 10.666 10.685    0.062 0.060 0.053 0.075 0.090  D 101408
   3134.82215 10.852 10.835 10.841 10.858 10.898    0.034 0.037 0.033 0.042 0.049  A 102204
   3144.75764 11.055 11.010 11.041 11.068 11.080    0.033 0.039 0.032 0.039 0.047  A 103310
   3153.77117 11.078 11.073 11.038 11.110 11.129    0.027 0.029 0.027 0.034 0.038  A 103807
   3153.78710 11.064 11.063 11.050 11.089 11.104    0.029 0.030 0.029 0.035 0.040  A 103813
   3153.79494 11.060 11.053 11.057 11.084 11.090    0.029 0.031 0.029 0.035 0.041  A 103815
   3153.80019 11.078 11.073 11.059 11.120 11.149    0.028 0.029 0.029 0.034 0.038  A 103817
   3153.82158 11.075 11.082 11.067 11.093 11.130    0.032 0.032 0.032 0.039 0.045  A 103825
   3156.70944 11.022 11.046 11.000 11.080 11.109    0.042 0.038 0.037 0.052 0.061  B 104188
   3162.74535 11.016 11.012 11.025 11.036 11.048    0.032 0.034 0.031 0.040 0.045  A 104882
   3164.76446 10.997 11.017 10.990 11.030 11.066    0.027 0.029 0.026 0.033 0.038  A 105239
   3169.77561 10.937 10.975 10.940 10.949 10.972    0.029 0.032 0.028 0.036 0.040  A 105974
   3172.76091 10.737 10.758 10.748 10.751 10.746    0.034 0.034 0.033 0.041 0.047  A 106314
   3175.88617 10.721 10.721 10.718 10.726 10.750    0.033 0.033 0.032 0.040 0.047  A 106670
   3178.65348 10.744 10.719 10.734 10.758 10.766    0.032 0.030 0.029 0.039 0.044  A 107061
   3180.75055 10.743 10.743 10.709 10.779 10.815    0.029 0.035 0.027 0.035 0.040  A 107378
   3182.62357 10.760 10.780 10.732 10.781 10.808    0.029 0.030 0.028 0.035 0.040  A 107496
   3183.73788 10.781 10.787 10.775 10.808 10.819    0.028 0.030 0.027 0.035 0.040  A 107684
   3189.68041 10.799 10.804 10.795 10.814 10.830    0.036 0.036 0.034 0.044 0.052  A 108441
   3191.79407 10.861 10.857 10.860 10.869 10.869    0.043 0.040 0.039 0.053 0.062  B 108777
   3266.53878 10.667 10.639 10.666 10.674 10.690    0.024 0.029 0.027 0.029 0.033  A 115148
   3273.59809 10.619 10.601 10.618 10.621 10.630    0.031 0.032 0.030 0.037 0.042  A 116189
   3279.51782 10.488 10.474 10.452 10.495 10.495    0.027 0.034 0.027 0.032 0.036  A 116932
   3293.54849 10.656 10.647 10.656 10.676 10.673    0.031 0.037 0.034 0.036 0.042  A 118286
   3299.51176 10.789 10.786 10.804 10.785 10.797    0.028 0.031 0.029 0.035 0.041  A 118904
   3411.88501 10.787 10.780 10.794 10.778 10.787    0.032 0.032 0.028 0.040 0.044  A 129574
   3415.88365 10.772 10.769 10.758 10.774 10.790    0.034 0.065 0.036 0.039 0.043  A 130195
   3420.88984 10.649 10.723 10.672 10.624 10.587    0.087 0.086 0.075 0.108 0.125  D 130996
   3424.87650 10.617 10.601 10.599 10.622 10.622    0.046 0.078 0.047 0.053 0.059  B 131596
   3431.88721 10.467 10.376 10.465 10.472 10.482    0.048 0.081 0.048 0.056 0.062  B 132451
   3439.87863 10.595 10.574 10.595 10.612 10.632    0.045 0.053 0.040 0.056 0.063  B 133417
   3443.88543 10.701 10.692 10.696 10.710 10.735    0.027 0.036 0.027 0.033 0.037  A 133837
   3447.84224 10.764 10.746 10.757 10.769 10.786    0.048 0.085 0.049 0.055 0.059  B 134815
   3450.85023 10.829 10.826 10.836 10.842 10.854    0.040 0.057 0.041 0.048 0.054  A 135326
   3453.82351 10.856 10.857 10.847 10.862 10.883    0.042 0.051 0.040 0.050 0.058  B 135713
   3456.85896 10.948 10.978 10.957 10.948 10.966    0.035 0.036 0.031 0.043 0.049  A 136260
   3463.82451 10.896 10.869 10.898 10.897 10.899    0.030 0.032 0.027 0.036 0.041  A 137383
   3466.84489 10.883 10.864 10.861 10.894 10.915    0.028 0.038 0.027 0.035 0.039  A 137899
   3469.84767 10.878 10.879 10.859 10.924 10.935    0.029 0.040 0.030 0.034 0.039  A 138319
   3473.79462 10.766 10.771 10.772 10.772 10.767    0.025 0.030 0.026 0.030 0.035  A 138931
   3478.84288 10.704 10.702 10.696 10.710 10.717    0.036 0.037 0.032 0.043 0.049  A 139791
   3481.78010 10.683 10.682 10.676 10.694 10.698    0.029 0.032 0.026 0.036 0.041  A 140224
   3483.82330 10.666 10.640 10.652 10.669 10.692    0.033 0.041 0.031 0.039 0.045  A 140555
   3490.84670 10.647 10.655 10.637 10.650 10.669    0.036 0.036 0.032 0.045 0.052  A 141207
   3492.85354 10.627 10.609 10.612 10.640 10.658    0.031 0.035 0.027 0.039 0.044  A 141547
   3496.81253 10.691 10.673 10.670 10.712 10.722    0.028 0.033 0.029 0.034 0.038  A 141814
   3504.79665 10.664 10.638 10.638 10.683 10.705    0.032 0.034 0.030 0.039 0.044  A 143036
   3508.84198 10.709 10.691 10.682 10.719 10.737    0.026 0.035 0.030 0.032 0.036  A 143307
   3511.73096 10.703 10.651 10.692 10.712 10.742    0.029 0.047 0.033 0.035 0.040  A 143701
   3517.78021 10.713 10.688 10.690 10.725 10.756    0.030 0.037 0.030 0.037 0.042  A 144390
   3521.72547 10.712 10.765 10.705 10.737 10.750    0.042 0.081 0.045 0.048 0.051  B 144867
   3523.76489 10.640 10.647 10.627 10.656 10.658    0.039 0.033 0.033 0.048 0.056  A 145230
   3525.82748 10.621 10.565 10.622 10.624 10.626    0.029 0.055 0.033 0.034 0.037  A 145556
   3530.68429 10.707 10.718 10.703 10.726 10.744    0.030 0.047 0.031 0.035 0.039  A 146385
   3537.76665 10.668 10.606 10.679 10.666 10.667    0.029 0.052 0.032 0.035 0.038  A 146755
   3544.70301 10.811 10.785 10.793 10.824 10.855    0.033 0.039 0.031 0.041 0.045  A 147721
   3547.75557 10.847 10.883 10.846 10.867 10.860    0.033 0.061 0.035 0.038 0.041  A 148075
   3551.74748 10.809 10.774 10.803 10.810 10.847    0.037 0.059 0.037 0.043 0.048  A 148345
   3553.86534 10.980 10.911 10.974 10.997 11.037    0.082 0.063 0.070 0.103 0.127  D 148655
   3556.62334 10.810 10.770 10.810 10.811 10.799    0.028 0.054 0.031 0.033 0.037  A 149067
   3559.70586 10.847 10.884 10.832 10.868 10.870    0.032 0.051 0.033 0.036 0.039  A 149429
   3561.74560 10.889 10.912 10.894 10.890 10.904    0.042 0.086 0.047 0.046 0.049  B 149779
   3563.66471 10.869 10.902 10.850 10.896 10.896    0.032 0.061 0.036 0.036 0.039  A 150093
   3572.79997 10.742 10.767 10.712 10.775 10.791    0.038 0.037 0.035 0.047 0.055  A 151004
   3574.79188 10.728 10.689 10.699 10.739 10.759    0.035 0.040 0.035 0.043 0.049  A 151339
   3576.78925 10.688 10.659 10.698 10.690 10.692    0.029 0.039 0.028 0.034 0.039  A 151697
   3577.80096 10.727 10.725 10.744 10.727 10.736    0.034 0.045 0.032 0.041 0.047  A 151859
   3577.81614 10.742 10.711 10.721 10.763 10.809    0.042 0.040 0.038 0.051 0.057  B 151864
   3577.81858 10.730 10.724 10.733 10.742 10.760    0.046 0.044 0.043 0.054 0.060  B 151865
   3578.73792 10.666 10.611 10.650 10.676 10.695    0.027 0.047 0.030 0.032 0.036  A 152011
   3578.74038 10.687 10.662 10.662 10.691 10.701    0.025 0.042 0.027 0.030 0.034  A 152012
   3578.74450 10.685 10.685 10.669 10.694 10.696    0.031 0.042 0.031 0.037 0.042  A 152013
   3578.74690 10.720 10.728 10.722 10.701 10.712    0.083 0.084 0.076 0.099 0.112  D 152014
   3578.74942 10.618 10.662 10.672 10.570 10.535    0.083 0.085 0.074 0.100 0.118  D 152015
   3578.75197 10.654 10.636 10.658 10.650 10.643    0.045 0.044 0.041 0.052 0.059  B 152016
   3578.75447 10.755 10.771 10.764 10.772 10.772    0.037 0.042 0.035 0.044 0.048  A 152017
   3578.75696 10.700 10.676 10.680 10.703 10.702    0.048 0.063 0.047 0.056 0.062  B 152018
   3578.75947 10.699 10.712 10.712 10.701 10.699    0.044 0.059 0.044 0.050 0.055  B 152019
   3578.76199 10.736 10.716 10.731 10.744 10.758    0.033 0.033 0.031 0.039 0.044  A 152020
   3578.76454 10.694 10.673 10.695 10.700 10.729    0.027 0.034 0.027 0.033 0.037  A 152021
   3578.76716 10.719 10.735 10.710 10.737 10.748    0.031 0.055 0.032 0.037 0.040  A 152022
   3578.76978 10.692 10.678 10.704 10.690 10.688    0.027 0.029 0.025 0.033 0.038  A 152023
   3578.80025 10.720 10.706 10.699 10.729 10.735    0.090 0.078 0.078 0.112 0.131  D 152025
   3578.80268 10.669 10.859 10.758 10.657 10.720    0.091 0.082 0.083 0.102 0.115  D 152026
   3578.80523 10.694 10.651 10.677 10.713 10.744    0.084 0.074 0.075 0.098 0.110  D 152027
   3579.46871 10.692 10.712 10.693 10.697 10.703    0.028 0.033 0.025 0.035 0.040  A 152092
   3579.47124 10.694 10.640 10.684 10.712 10.732    0.027 0.035 0.024 0.033 0.037  A 152093
   3579.47385 10.705 10.707 10.710 10.704 10.717    0.026 0.035 0.024 0.032 0.036  A 152094
   3579.47635 10.739 10.752 10.731 10.751 10.756    0.026 0.040 0.025 0.031 0.035  A 152095
   3579.47882 10.728 10.725 10.697 10.761 10.768    0.024 0.027 0.022 0.029 0.033  A 152096
   3579.48141 10.702 10.677 10.693 10.720 10.742    0.024 0.034 0.022 0.030 0.033  A 152097
   3579.48413 10.744 10.766 10.725 10.752 10.767    0.026 0.037 0.024 0.031 0.035  A 152098
   3579.48671 10.678 10.689 10.671 10.692 10.705    0.028 0.032 0.026 0.034 0.039  A 152099
   3579.48936 10.704 10.713 10.695 10.721 10.729    0.025 0.026 0.022 0.030 0.034  A 152100
   3579.49203 10.697 10.680 10.682 10.721 10.733    0.023 0.031 0.021 0.028 0.032  A 152101
   3579.49460 10.696 10.670 10.702 10.697 10.704    0.024 0.027 0.022 0.029 0.033  A 152102
   3579.49724 10.724 10.777 10.733 10.731 10.764    0.033 0.066 0.036 0.038 0.042  A 152103
   3579.49984 10.725 10.711 10.712 10.752 10.775    0.024 0.027 0.022 0.029 0.032  A 152104
   3579.50247 10.696 10.673 10.699 10.699 10.719    0.024 0.032 0.023 0.029 0.033  A 152105
   3579.50505 10.710 10.735 10.705 10.726 10.740    0.025 0.033 0.025 0.030 0.033  A 152106
   3579.50770 10.713 10.681 10.707 10.724 10.737    0.024 0.031 0.023 0.029 0.033  A 152107
   3579.51034 10.704 10.709 10.688 10.729 10.736    0.023 0.028 0.021 0.028 0.032  A 152108
   3579.51293 10.706 10.680 10.711 10.701 10.706    0.025 0.031 0.023 0.030 0.033  A 152109
   3579.51556 10.692 10.683 10.691 10.697 10.730    0.024 0.029 0.022 0.029 0.032  A 152110
   3579.51811 10.713 10.718 10.693 10.715 10.736    0.023 0.025 0.022 0.029 0.032  A 152111
   3579.52071 10.716 10.728 10.714 10.733 10.748    0.024 0.034 0.024 0.030 0.032  A 152112
   3579.52339 99.999 99.999 99.999 99.999 99.999    0.024 0.029 0.022 0.030 0.034  C 152113
   3579.52608 10.731 10.754 10.719 10.751 10.747    0.023 0.028 0.022 0.029 0.032  A 152114
   3579.52867 10.705 10.701 10.688 10.715 10.725    0.024 0.027 0.023 0.029 0.033  A 152115
   3579.53142 10.692 10.642 10.685 10.708 10.710    0.026 0.034 0.024 0.031 0.035  A 152116
   3579.53476 10.698 10.706 10.686 10.711 10.725    0.023 0.025 0.021 0.028 0.031  A 152117
   3579.53739 10.696 10.708 10.711 10.696 10.721    0.026 0.046 0.029 0.032 0.035  A 152118
   3579.53998 10.690 10.702 10.674 10.716 10.716    0.024 0.033 0.024 0.029 0.033  A 152119
   3579.54261 10.696 10.697 10.699 10.704 10.717    0.024 0.036 0.025 0.029 0.033  A 152120
   3579.54610 10.725 10.731 10.717 10.739 10.745    0.024 0.034 0.024 0.029 0.032  A 152121
   3579.54876 10.714 10.695 10.715 10.729 10.754    0.023 0.027 0.022 0.029 0.031  A 152122
   3579.55227 10.717 10.693 10.721 10.731 10.730    0.023 0.028 0.022 0.028 0.031  A 152123
   3579.55491 10.713 10.711 10.710 10.723 10.735    0.023 0.025 0.021 0.028 0.031  A 152124
   3579.55757 10.707 10.658 10.699 10.727 10.739    0.023 0.029 0.021 0.029 0.033  A 152125
   3579.56021 10.671 10.668 10.671 10.687 10.695    0.024 0.028 0.023 0.029 0.033  A 152126
   3579.56283 10.720 10.708 10.718 10.726 10.722    0.023 0.023 0.021 0.029 0.032  A 152127
   3579.56546 10.680 10.679 10.685 10.681 10.686    0.028 0.048 0.030 0.032 0.035  A 152128
   3579.56806 10.710 10.718 10.706 10.724 10.743    0.022 0.024 0.020 0.027 0.030  A 152129
   3579.57061 10.707 10.696 10.720 10.708 10.720    0.022 0.025 0.021 0.027 0.030  A 152130
   3579.57328 10.711 10.721 10.712 10.717 10.720    0.021 0.024 0.019 0.027 0.030  A 152131
   3579.57673 10.726 10.706 10.699 10.746 10.761    0.026 0.044 0.027 0.031 0.034  A 152132
   3579.57948 10.736 10.756 10.726 10.771 10.780    0.026 0.045 0.028 0.031 0.034  A 152133
   3579.58211 11.040 11.235 11.076 11.044 11.050    0.024 0.036 0.025 0.029 0.032  A 152134
   3579.58645 10.730 10.696 10.735 10.726 10.736    0.022 0.030 0.022 0.027 0.030  A 152135
   3579.58990 10.739 10.725 10.710 10.758 10.778    0.022 0.031 0.023 0.027 0.031  A 152136
   3579.59255 10.728 10.689 10.723 10.740 10.751    0.024 0.028 0.022 0.029 0.033  A 152137
   3579.59534 10.687 10.679 10.658 10.696 10.698    0.022 0.027 0.022 0.027 0.031  A 152138
   3579.59797 10.684 10.681 10.659 10.691 10.702    0.022 0.023 0.022 0.027 0.030  A 152139
   3579.60137 10.682 10.694 10.678 10.692 10.705    0.023 0.030 0.022 0.027 0.030  A 152140
   3579.60403 10.720 10.703 10.713 10.722 10.750    0.026 0.048 0.029 0.030 0.033  A 152141
   3579.60664 10.697 10.653 10.706 10.703 10.703    0.025 0.044 0.028 0.029 0.032  A 152142
   3579.60939 10.724 10.764 10.716 10.746 10.753    0.023 0.029 0.023 0.028 0.031  A 152143
   3579.61199 10.718 10.718 10.710 10.727 10.731    0.023 0.036 0.024 0.028 0.032  A 152144
   3579.61466 10.715 10.708 10.705 10.730 10.748    0.025 0.032 0.023 0.030 0.033  A 152145
   3579.61733 10.680 10.687 10.679 10.697 10.717    0.023 0.026 0.021 0.027 0.031  A 152146
   3579.61990 10.693 10.667 10.687 10.711 10.724    0.024 0.032 0.024 0.029 0.032  A 152147
   3579.62255 10.710 10.695 10.705 10.717 10.752    0.023 0.033 0.023 0.028 0.030  A 152148
   3579.62507 10.692 10.623 10.671 10.706 10.728    0.029 0.061 0.033 0.034 0.037  A 152149
   3579.62787 10.705 10.696 10.711 10.727 10.741    0.028 0.056 0.030 0.034 0.038  A 152150
   3579.63054 10.725 10.725 10.723 10.728 10.761    0.027 0.053 0.030 0.031 0.035  A 152151
   3579.63315 10.720 10.721 10.692 10.726 10.746    0.028 0.056 0.031 0.033 0.036  A 152152
   3579.63577 10.673 10.633 10.660 10.685 10.707    0.028 0.057 0.031 0.034 0.037  A 152153
   3579.63838 10.723 10.732 10.713 10.749 10.768    0.024 0.033 0.023 0.029 0.033  A 152154
   3579.64188 10.696 10.726 10.701 10.697 10.712    0.025 0.036 0.024 0.030 0.034  A 152155
   3579.64452 10.701 10.726 10.693 10.703 10.726    0.034 0.069 0.038 0.038 0.041  A 152156
   3579.64717 10.728 10.719 10.727 10.736 10.773    0.033 0.068 0.038 0.037 0.041  A 152157
   3579.64993 10.647 10.605 10.624 10.651 10.654    0.031 0.063 0.036 0.035 0.038  A 152158
   3579.65254 10.726 10.688 10.733 10.743 10.761    0.030 0.060 0.034 0.034 0.037  A 152159
   3579.65517 10.709 10.686 10.682 10.722 10.736    0.024 0.040 0.026 0.030 0.033  A 152160
   3579.65787 10.681 10.673 10.659 10.679 10.693    0.029 0.058 0.032 0.034 0.037  A 152161
   3579.66044 10.673 10.605 10.695 10.671 10.661    0.026 0.051 0.030 0.032 0.035  A 152162
   3579.66312 10.691 10.659 10.695 10.684 10.678    0.028 0.061 0.032 0.034 0.037  A 152163
   3579.66571 10.720 10.717 10.701 10.726 10.737    0.024 0.040 0.025 0.029 0.033  A 152164
   3579.66833 10.705 10.735 10.699 10.720 10.722    0.028 0.057 0.030 0.033 0.036  A 152165
   3579.67087 10.696 10.702 10.688 10.711 10.723    0.028 0.050 0.028 0.032 0.036  A 152166
   3579.67420 10.674 10.626 10.664 10.687 10.709    0.027 0.054 0.029 0.032 0.035  A 152167
   3579.67683 10.688 10.671 10.712 10.693 10.692    0.028 0.057 0.031 0.033 0.036  A 152168
   3579.67951 10.681 10.666 10.651 10.685 10.706    0.025 0.046 0.028 0.030 0.034  A 152169
   3579.68222 10.687 10.662 10.665 10.694 10.701    0.026 0.048 0.027 0.031 0.034  A 152170
   3579.68467 10.678 10.623 10.678 10.676 10.699    0.026 0.052 0.029 0.031 0.035  A 152171
   3579.68732 10.709 10.658 10.721 10.697 10.707    0.029 0.060 0.032 0.034 0.037  A 152172
   3579.68988 10.714 10.685 10.708 10.720 10.746    0.031 0.062 0.034 0.035 0.039  A 152173
   3579.69265 10.711 10.716 10.690 10.717 10.746    0.031 0.063 0.034 0.036 0.039  A 152174
   3579.69533 10.820 10.888 10.815 10.844 10.841    0.033 0.068 0.037 0.038 0.041  A 152175
   3579.69816 10.709 10.767 10.699 10.726 10.730    0.031 0.060 0.033 0.035 0.039  A 152176
   3579.70079 10.703 10.704 10.690 10.716 10.728    0.025 0.044 0.027 0.031 0.034  A 152177
   3579.70355 10.720 10.718 10.703 10.726 10.748    0.026 0.048 0.028 0.031 0.033  A 152178
   3579.70623 10.743 10.787 10.733 10.776 10.783    0.029 0.058 0.031 0.033 0.037  A 152179
   3579.70879 10.689 10.649 10.706 10.704 10.706    0.028 0.059 0.032 0.034 0.036  A 152180
   3579.71152 99.999 99.999 99.999 99.999 99.999    0.025 0.039 0.024 0.031 0.034  C 152181
   3579.71409 99.999 99.999 99.999 99.999 99.999    0.030 0.061 0.033 0.035 0.039  C 152182
   3579.71673 10.680 10.674 10.659 10.692 10.697    0.026 0.046 0.028 0.031 0.034  A 152183
   3579.71940 10.716 10.685 10.709 10.721 10.742    0.026 0.049 0.028 0.031 0.035  A 152184
   3579.72209 10.731 10.749 10.731 10.726 10.742    0.032 0.057 0.033 0.037 0.041  A 152185
   3579.72467 10.686 10.657 10.677 10.695 10.708    0.029 0.056 0.031 0.034 0.038  A 152186
   3579.72733 10.684 10.651 10.671 10.681 10.693    0.026 0.045 0.027 0.031 0.035  A 152187
   3579.72991 10.724 10.732 10.742 10.719 10.711    0.026 0.044 0.027 0.031 0.035  A 152188
   3579.73253 10.683 10.625 10.683 10.696 10.724    0.027 0.047 0.029 0.032 0.035  A 152189
   3579.73521 10.707 10.701 10.705 10.698 10.721    0.025 0.043 0.026 0.030 0.034  A 152190
   3579.73786 10.692 10.697 10.673 10.689 10.698    0.025 0.036 0.025 0.030 0.034  A 152191
   3579.74050 10.697 10.679 10.667 10.694 10.710    0.025 0.045 0.027 0.030 0.034  A 152192
   3579.74310 10.716 10.715 10.711 10.725 10.753    0.024 0.027 0.022 0.030 0.033  A 152193
   3579.74563 10.736 10.693 10.717 10.751 10.785    0.028 0.050 0.029 0.033 0.036  A 152194
   3579.74827 10.712 10.744 10.692 10.737 10.737    0.026 0.044 0.028 0.032 0.035  A 152195
   3579.75097 10.711 10.662 10.712 10.713 10.738    0.024 0.037 0.024 0.029 0.033  A 152196
   3579.75373 10.697 10.680 10.681 10.708 10.735    0.025 0.032 0.023 0.030 0.034  A 152197
   3579.75712 10.719 10.730 10.717 10.730 10.749    0.030 0.055 0.033 0.035 0.038  A 152198
   3579.75975 10.706 10.687 10.692 10.712 10.722    0.025 0.030 0.023 0.030 0.034  A 152199
   3579.76242 10.680 10.645 10.675 10.688 10.695    0.025 0.033 0.024 0.030 0.034  A 152200
   3579.76512 10.712 10.715 10.695 10.732 10.756    0.024 0.031 0.023 0.030 0.034  A 152201
   3579.76859 10.713 10.727 10.703 10.722 10.748    0.026 0.040 0.026 0.032 0.035  A 152202
   3579.77134 10.677 10.647 10.669 10.682 10.699    0.029 0.047 0.029 0.034 0.037  A 152203
   3579.77394 10.708 10.695 10.707 10.724 10.739    0.024 0.024 0.022 0.030 0.033  A 152204
   3579.77664 10.711 10.710 10.707 10.720 10.735    0.025 0.026 0.022 0.030 0.034  A 152205
   3579.78002 10.725 10.688 10.734 10.725 10.731    0.024 0.025 0.022 0.029 0.033  A 152206
   3579.78255 10.698 10.675 10.709 10.690 10.689    0.026 0.025 0.024 0.032 0.036  A 152207
   3579.78529 10.704 10.689 10.700 10.713 10.739    0.027 0.037 0.026 0.032 0.036  A 152208
   3579.78798 10.683 10.660 10.666 10.691 10.715    0.025 0.033 0.024 0.031 0.035  A 152209
   3579.79167 10.727 10.697 10.723 10.739 10.768    0.025 0.027 0.023 0.031 0.035  A 152210
   3579.79927 10.721 10.730 10.715 10.747 10.759    0.033 0.034 0.030 0.041 0.047  A 152211
   3579.80185 10.681 10.697 10.683 10.693 10.707    0.029 0.037 0.026 0.035 0.039  A 152212
   3579.80449 10.775 10.797 10.773 10.781 10.797    0.026 0.035 0.023 0.032 0.036  A 152213
   3579.80711 10.710 10.716 10.701 10.714 10.730    0.027 0.033 0.025 0.033 0.037  A 152214
   3579.80980 10.696 10.659 10.697 10.707 10.710    0.029 0.030 0.027 0.034 0.038  A 152215
   3579.81236 10.692 10.652 10.676 10.725 10.756    0.036 0.044 0.033 0.042 0.046  A 152216
   3579.81506 10.704 10.711 10.690 10.726 10.739    0.051 0.054 0.048 0.057 0.061  B 152217
   3580.68311 10.693 10.690 10.710 10.684 10.691    0.037 0.059 0.036 0.045 0.052  A 152310
   3580.68636 10.711 10.655 10.728 10.698 10.683    0.035 0.062 0.037 0.041 0.046  A 152311
   3580.68874 10.723 10.684 10.713 10.731 10.771    0.036 0.066 0.038 0.042 0.047  A 152312
   3580.69124 10.731 10.745 10.738 10.735 10.760    0.037 0.068 0.039 0.043 0.047  A 152313
   3580.69383 10.725 10.740 10.701 10.738 10.752    0.037 0.071 0.039 0.043 0.047  B 152314
   3580.69641 10.720 10.749 10.736 10.715 10.710    0.037 0.068 0.040 0.042 0.046  A 152315
   3580.69886 10.717 10.721 10.715 10.717 10.730    0.034 0.062 0.036 0.040 0.044  A 152316
   3580.70154 10.723 10.663 10.719 10.732 10.759    0.035 0.063 0.036 0.042 0.046  A 152317
   3580.70408 10.752 10.743 10.734 10.770 10.803    0.032 0.041 0.031 0.039 0.044  A 152318
   3580.70695 10.722 10.682 10.712 10.747 10.758    0.035 0.063 0.037 0.042 0.047  A 152319
   3580.70967 10.713 10.704 10.716 10.718 10.732    0.032 0.051 0.032 0.039 0.043  A 152320
   3580.71239 10.738 10.727 10.723 10.758 10.761    0.031 0.049 0.031 0.037 0.043  A 152321
   3580.71510 10.691 10.643 10.664 10.701 10.740    0.034 0.056 0.034 0.040 0.045  A 152322
   3580.71777 10.727 10.707 10.725 10.730 10.746    0.034 0.062 0.036 0.040 0.044  A 152323
   3580.72040 10.749 10.769 10.737 10.761 10.788    0.031 0.044 0.031 0.037 0.042  A 152324
   3580.72309 10.673 10.626 10.677 10.682 10.694    0.035 0.064 0.036 0.041 0.046  A 152325
   3580.72587 10.745 10.746 10.726 10.751 10.781    0.032 0.047 0.032 0.038 0.043  A 152326
   3580.72849 10.681 10.629 10.694 10.693 10.706    0.032 0.049 0.031 0.037 0.042  A 152327
   3580.73094 10.669 10.608 10.667 10.675 10.700    0.033 0.054 0.034 0.039 0.043  A 152328
   3580.73379 10.739 10.747 10.732 10.746 10.778    0.030 0.040 0.029 0.037 0.042  A 152329
   3580.73650 10.719 10.644 10.717 10.734 10.755    0.031 0.045 0.030 0.037 0.042  A 152330
   3580.73995 10.711 10.712 10.695 10.722 10.742    0.028 0.026 0.025 0.035 0.040  A 152331
   3580.74262 10.725 10.710 10.720 10.728 10.745    0.028 0.030 0.026 0.035 0.040  A 152332
   3580.74533 10.707 10.706 10.696 10.734 10.759    0.029 0.030 0.026 0.036 0.041  A 152333
   3580.74804 10.714 10.715 10.714 10.720 10.724    0.029 0.035 0.027 0.036 0.040  A 152334
   3580.75065 10.720 10.689 10.721 10.720 10.728    0.028 0.029 0.026 0.035 0.040  A 152335
   3580.75313 10.720 10.734 10.718 10.736 10.734    0.030 0.046 0.030 0.036 0.041  A 152336
   3580.75574 10.730 10.724 10.719 10.741 10.755    0.028 0.031 0.026 0.035 0.039  A 152337
   3580.75838 10.704 10.726 10.696 10.726 10.745    0.028 0.028 0.024 0.034 0.039  A 152338
   3580.76100 10.683 10.685 10.685 10.696 10.707    0.029 0.031 0.027 0.037 0.041  A 152339
   3580.76357 10.691 10.697 10.682 10.694 10.729    0.028 0.027 0.025 0.036 0.041  A 152340
   3580.76614 10.691 10.668 10.687 10.700 10.716    0.030 0.029 0.027 0.037 0.042  A 152341
   3580.76876 10.714 10.704 10.698 10.724 10.753    0.030 0.035 0.028 0.037 0.043  A 152342
   3580.77147 10.723 10.711 10.715 10.749 10.765    0.030 0.030 0.026 0.038 0.044  A 152343
   3580.77424 10.722 10.687 10.723 10.733 10.745    0.030 0.030 0.026 0.037 0.042  A 152344
   3580.77672 10.706 10.714 10.698 10.733 10.745    0.030 0.028 0.026 0.037 0.042  A 152345
   3580.78013 10.711 10.717 10.716 10.721 10.726    0.029 0.025 0.026 0.036 0.041  A 152346
   3580.78272 10.725 10.708 10.715 10.738 10.753    0.031 0.028 0.027 0.037 0.043  A 152347
   3580.78810 10.696 10.710 10.677 10.717 10.743    0.029 0.031 0.026 0.035 0.041  A 152349
   3580.79056 10.710 10.719 10.712 10.713 10.742    0.029 0.030 0.026 0.037 0.043  A 152350
   3580.79321 10.688 10.702 10.688 10.687 10.716    0.031 0.029 0.027 0.039 0.044  A 152351
   3580.79574 10.690 10.635 10.691 10.697 10.704    0.033 0.038 0.030 0.041 0.045  A 152352
   3580.79837 10.717 10.685 10.697 10.735 10.742    0.031 0.033 0.028 0.039 0.045  A 152353
   3580.80083 10.715 10.702 10.705 10.731 10.752    0.031 0.028 0.027 0.039 0.045  A 152354
   3580.80345 10.740 10.724 10.714 10.767 10.770    0.030 0.027 0.027 0.038 0.044  A 152355
   3581.46839 10.730 10.748 10.731 10.751 10.775    0.032 0.028 0.027 0.041 0.048  A 152375
   3581.47093 10.711 10.678 10.700 10.719 10.752    0.028 0.035 0.025 0.035 0.040  A 152376
   3581.47434 10.725 10.708 10.728 10.737 10.751    0.025 0.025 0.022 0.031 0.035  A 152377
   3581.47681 10.730 10.717 10.726 10.750 10.768    0.025 0.023 0.022 0.031 0.035  A 152378
   3581.47944 10.709 10.709 10.697 10.726 10.739    0.025 0.030 0.022 0.032 0.036  A 152379
   3581.48196 10.715 10.692 10.689 10.730 10.765    0.026 0.026 0.022 0.032 0.036  A 152380
   3581.48447 10.720 10.732 10.722 10.733 10.750    0.026 0.034 0.023 0.032 0.036  A 152381
   3581.48700 10.723 10.733 10.714 10.732 10.771    0.024 0.026 0.022 0.030 0.034  A 152382
   3581.48945 10.683 10.700 10.685 10.703 10.710    0.024 0.029 0.021 0.030 0.034  A 152383
   3581.49199 10.727 10.692 10.721 10.749 10.756    0.025 0.040 0.022 0.032 0.036  A 152384
   3581.49451 10.704 10.659 10.698 10.717 10.731    0.025 0.033 0.023 0.031 0.035  A 152385
   3581.49694 10.690 10.687 10.688 10.709 10.713    0.024 0.027 0.023 0.030 0.034  A 152386
   3581.49939 10.727 10.742 10.723 10.730 10.741    0.025 0.031 0.023 0.031 0.035  A 152387
   3581.50268 10.733 10.735 10.714 10.765 10.778    0.024 0.032 0.024 0.030 0.035  A 152388
   3581.50517 99.999 99.999 99.999 99.999 99.999    0.024 0.029 0.022 0.030 0.033  C 152389
   3581.50773 10.721 10.686 10.711 10.735 10.746    0.027 0.038 0.027 0.033 0.037  A 152390
   3581.51043 10.713 10.689 10.717 10.722 10.734    0.025 0.034 0.024 0.031 0.035  A 152391
   3581.51297 10.706 10.723 10.710 10.712 10.735    0.026 0.038 0.023 0.032 0.036  A 152392
   3581.51562 10.705 10.728 10.705 10.716 10.735    0.024 0.025 0.022 0.030 0.034  A 152393
   3581.51815 10.703 10.714 10.692 10.720 10.735    0.026 0.035 0.023 0.031 0.036  A 152394
   3581.52061 10.713 10.677 10.684 10.730 10.753    0.025 0.035 0.024 0.031 0.034  A 152395
   3581.52322 10.698 10.700 10.710 10.698 10.714    0.024 0.032 0.024 0.029 0.034  A 152396
   3581.52571 10.726 10.738 10.715 10.750 10.776    0.024 0.027 0.022 0.029 0.033  A 152397
   3581.52843 10.710 10.669 10.706 10.729 10.748    0.024 0.026 0.022 0.030 0.034  A 152398
   3581.53103 10.704 10.688 10.676 10.716 10.740    0.024 0.031 0.023 0.030 0.033  A 152399
   3581.53357 10.739 10.735 10.747 10.747 10.757    0.025 0.040 0.026 0.030 0.033  A 152400
   3581.53618 10.728 10.726 10.717 10.762 10.779    0.023 0.025 0.021 0.028 0.032  A 152401
   3581.53865 99.999 99.999 99.999 99.999 99.999    0.024 0.025 0.021 0.029 0.033  C 152402
   3581.54125 10.711 10.690 10.701 10.709 10.734    0.022 0.026 0.021 0.028 0.031  A 152403
   3581.54379 10.710 10.684 10.710 10.715 10.726    0.022 0.026 0.020 0.026 0.030  A 152404
   3581.54704 10.694 10.679 10.700 10.694 10.703    0.021 0.025 0.019 0.027 0.030  A 152405
   3581.54962 10.685 10.682 10.706 10.683 10.688    0.023 0.023 0.022 0.028 0.032  A 152406
   3581.55218 10.717 10.691 10.731 10.712 99.999    0.021 0.027 0.021 0.026 0.030  C 152407
   3581.55464 10.712 10.732 10.694 10.727 10.737    0.024 0.035 0.024 0.029 0.032  A 152408
   3581.55716 10.701 10.673 10.721 10.699 10.692    0.022 0.028 0.021 0.027 0.030  A 152409
   3581.55967 10.697 10.703 10.681 10.714 10.728    0.024 0.032 0.023 0.029 0.032  A 152410
   3581.56234 10.722 10.709 10.717 10.730 10.749    0.025 0.045 0.026 0.029 0.032  A 152411
   3581.56493 10.711 10.692 10.713 10.710 10.737    0.023 0.028 0.022 0.028 0.031  A 152412
   3581.56743 10.714 10.721 10.721 10.713 10.722    0.023 0.032 0.020 0.028 0.031  A 152413
   3581.56989 10.705 10.705 10.712 10.712 10.726    0.024 0.027 0.024 0.029 0.032  A 152414
   3581.57246 10.730 10.732 10.720 10.751 10.768    0.024 0.028 0.022 0.029 0.033  A 152415
   3581.57505 10.748 10.757 10.747 10.769 10.792    0.023 0.025 0.021 0.028 0.032  A 152416
   3581.57778 10.721 10.713 10.701 10.744 10.767    0.024 0.024 0.022 0.029 0.032  A 152417
   3581.58041 10.698 10.607 10.700 10.708 10.714    0.029 0.051 0.031 0.034 0.036  A 152418
   3581.58298 10.728 10.730 10.733 10.723 10.733    0.024 0.040 0.025 0.029 0.032  A 152419
   3581.58542 10.679 10.646 10.681 10.669 10.676    0.026 0.050 0.028 0.031 0.034  A 152420
   3581.58796 99.999 99.999 99.999 99.999 99.999    0.024 0.033 0.023 0.029 0.032  C 152421
   3581.59048 10.702 10.698 10.716 10.716 10.719    0.023 0.032 0.022 0.028 0.031  A 152422
   3581.59295 10.708 10.714 10.696 10.724 10.736    0.023 0.036 0.022 0.028 0.031  A 152423
   3581.59549 99.999 99.999 99.999 99.999 99.999    0.023 0.029 0.020 0.028 0.031  C 152424
   3581.59802 10.658 10.612 10.650 10.661 10.661    0.028 0.059 0.032 0.032 0.036  A 152425
   3581.60048 10.706 10.685 10.700 10.707 10.730    0.025 0.036 0.025 0.031 0.034  A 152426
   3581.60301 10.708 10.705 10.716 10.725 10.733    0.022 0.026 0.021 0.028 0.031  A 152427
   3581.60574 10.736 10.727 10.714 10.750 10.783    0.024 0.026 0.023 0.029 0.033  A 152428
   3581.60828 10.735 10.789 10.733 10.738 10.753    0.029 0.054 0.033 0.033 0.036  A 152429
   3581.61075 10.702 10.696 10.673 10.701 10.726    0.029 0.059 0.033 0.033 0.036  A 152430
   3581.61332 10.707 10.698 10.717 10.719 10.735    0.025 0.029 0.024 0.029 0.032  A 152431
   3581.61578 10.720 10.693 10.682 10.726 10.756    0.028 0.055 0.032 0.033 0.036  A 152432
   3581.61840 10.688 10.689 10.668 10.697 10.707    0.031 0.067 0.037 0.036 0.039  A 152433
   3581.62085 10.692 10.695 10.704 10.692 10.684    0.025 0.039 0.026 0.030 0.033  A 152434
   3581.62336 10.725 10.648 10.735 10.727 10.733    0.027 0.054 0.030 0.031 0.034  A 152435
   3581.62587 10.676 10.655 10.662 10.691 10.712    0.029 0.061 0.032 0.034 0.037  A 152436
   3581.62838 10.689 10.618 10.686 10.690 10.690    0.025 0.049 0.028 0.030 0.033  A 152437
   3581.63094 10.706 10.640 10.711 10.716 10.717    0.025 0.049 0.028 0.030 0.033  A 152438
   3581.63344 10.701 10.704 10.711 10.697 10.702    0.024 0.034 0.024 0.029 0.032  A 152439
   3581.63609 10.688 10.665 10.650 10.694 10.706    0.026 0.049 0.030 0.030 0.034  A 152440
   3581.63873 10.697 10.637 10.696 10.705 10.709    0.024 0.045 0.026 0.029 0.032  A 152441
   3581.64133 10.696 10.665 10.670 10.701 10.709    0.024 0.046 0.026 0.030 0.033  A 152442
   3581.64381 10.710 10.706 10.694 10.721 10.726    0.024 0.048 0.027 0.029 0.033  A 152443
   3581.64639 10.720 10.750 10.709 10.739 10.739    0.023 0.042 0.026 0.028 0.032  A 152444
   3581.64884 10.705 10.718 10.704 10.714 10.729    0.022 0.041 0.025 0.026 0.030  A 152445
   3581.65136 10.712 10.760 10.710 10.729 10.721    0.026 0.049 0.029 0.030 0.034  A 152446
   3581.65386 10.717 10.753 10.722 10.711 10.729    0.025 0.046 0.028 0.029 0.033  A 152447
   3581.65642 10.712 10.759 10.719 10.724 10.727    0.025 0.052 0.028 0.030 0.034  A 152448
   3581.65886 10.713 10.746 10.705 10.735 10.745    0.026 0.048 0.027 0.031 0.034  A 152449
   3581.66145 10.727 10.688 10.727 10.736 10.763    0.022 0.031 0.022 0.027 0.030  A 152450
   3581.66399 10.701 10.649 10.704 10.706 10.731    0.024 0.044 0.026 0.029 0.032  A 152451
   3581.66654 10.690 10.625 10.693 10.691 10.701    0.025 0.051 0.028 0.029 0.033  A 152452
   3581.66900 10.698 10.691 10.678 10.695 10.705    0.024 0.044 0.026 0.029 0.032  A 152453
   3581.67162 10.688 10.626 10.685 10.682 10.697    0.026 0.052 0.030 0.031 0.035  A 152454
   3581.67407 10.713 10.662 10.711 10.705 10.704    0.026 0.054 0.029 0.031 0.034  A 152455
   3581.67653 10.701 10.708 10.709 10.691 10.680    0.029 0.061 0.033 0.033 0.037  A 152456
   3581.67904 10.751 10.763 10.757 10.761 10.762    0.024 0.047 0.027 0.030 0.033  A 152457
   3581.68165 10.731 10.744 10.742 10.733 10.726    0.027 0.054 0.031 0.033 0.036  A 152458
   3581.68418 10.694 10.684 10.686 10.703 10.719    0.027 0.057 0.030 0.032 0.035  A 152459
   3581.68674 10.692 10.617 10.693 10.699 10.721    0.025 0.043 0.026 0.030 0.034  A 152460
   3581.68928 10.720 10.712 10.700 10.728 10.741    0.027 0.054 0.030 0.032 0.035  A 152461
   3581.69185 10.726 10.700 10.699 10.730 10.741    0.027 0.055 0.030 0.032 0.035  A 152462
   3581.69440 10.726 10.765 10.713 10.751 10.756    0.025 0.050 0.028 0.030 0.034  A 152463
   3581.69690 10.664 10.644 10.662 10.670 10.675    0.027 0.054 0.030 0.032 0.034  A 152464
   3581.69934 10.684 10.643 10.663 10.694 10.727    0.030 0.062 0.033 0.035 0.039  A 152465
   3581.70275 10.725 10.709 10.731 10.724 10.733    0.028 0.060 0.031 0.033 0.037  A 152466
   3581.70518 10.723 10.728 10.736 10.729 10.732    0.025 0.046 0.027 0.031 0.033  A 152467
   3581.70781 10.682 10.596 10.677 10.700 10.740    0.027 0.056 0.031 0.032 0.036  A 152468
   3581.71027 10.694 10.684 10.670 10.709 10.741    0.029 0.061 0.032 0.034 0.037  A 152469
   3581.71375 10.714 10.741 10.712 10.732 10.740    0.025 0.049 0.028 0.030 0.033  A 152470
   3581.71623 10.686 10.632 10.681 10.699 10.715    0.025 0.048 0.028 0.030 0.033  A 152471
   3581.71871 10.705 10.669 10.679 10.711 10.723    0.030 0.061 0.033 0.035 0.038  A 152472
   3581.72125 10.757 10.755 10.753 10.761 10.771    0.022 0.037 0.025 0.027 0.031  A 152473
   3581.72369 10.709 10.747 10.691 10.719 10.725    0.023 0.035 0.023 0.029 0.032  A 152474
   3581.72700 10.723 10.715 10.752 10.728 10.717    0.027 0.057 0.031 0.032 0.035  A 152475
   3581.72960 10.704 10.662 10.709 10.709 10.731    0.026 0.048 0.028 0.030 0.034  A 152476
   3581.73209 99.999 99.999 99.999 99.999 99.999    0.022 0.025 0.020 0.027 0.030  C 152477
   3581.73459 10.705 10.697 10.699 10.712 10.727    0.023 0.027 0.022 0.027 0.031  A 152478
   3581.73722 10.715 10.726 10.718 10.729 10.735    0.023 0.036 0.025 0.027 0.031  A 152479
   3581.73977 10.712 10.705 10.701 10.715 10.743    0.022 0.034 0.023 0.027 0.031  A 152480
   3581.74246 10.717 10.734 10.713 10.731 10.735    0.023 0.035 0.024 0.027 0.031  A 152481
   3581.74503 10.724 10.712 10.701 10.725 10.747    0.022 0.035 0.023 0.027 0.030  A 152482
   3581.74748 10.729 10.721 10.707 10.743 10.756    0.020 0.020 0.020 0.025 0.029  A 152483
   3581.74997 10.723 10.709 10.730 10.742 10.748    0.021 0.023 0.020 0.026 0.030  A 152484
   3581.75266 10.715 10.680 10.708 10.732 10.763    0.021 0.027 0.021 0.026 0.029  A 152485
   3581.75521 10.725 10.722 10.721 10.740 10.746    0.021 0.022 0.020 0.025 0.029  A 152486
   3581.75850 10.713 10.724 10.718 10.725 10.729    0.022 0.035 0.025 0.027 0.030  A 152487
   3581.76100 10.710 10.692 10.679 10.718 10.741    0.021 0.027 0.022 0.027 0.030  A 152488
   3581.76350 10.693 10.681 10.679 10.702 10.697    0.022 0.030 0.024 0.027 0.030  A 152489
   3581.76604 10.714 10.703 10.710 10.723 10.732    0.021 0.025 0.021 0.026 0.029  A 152490
   3581.76930 10.732 10.706 10.720 10.750 10.770    0.022 0.028 0.021 0.027 0.031  A 152491
   3581.77173 10.692 10.660 10.700 10.685 10.679    0.022 0.026 0.020 0.028 0.031  A 152492
   3581.77423 10.727 10.731 10.721 10.745 10.781    0.022 0.024 0.020 0.027 0.030  A 152493
   3581.77667 10.681 10.660 10.684 10.696 10.704    0.024 0.039 0.026 0.029 0.033  A 152494
   3581.77918 10.690 10.694 10.690 10.706 10.714    0.023 0.028 0.023 0.027 0.030  A 152495
   3581.78171 10.724 10.709 10.710 10.742 10.763    0.022 0.025 0.022 0.027 0.030  A 152496
   3581.78428 10.676 10.685 10.662 10.683 10.699    0.022 0.025 0.021 0.027 0.031  A 152497
   3581.78676 10.715 10.728 10.731 10.727 10.727    0.024 0.036 0.025 0.029 0.032  A 152498
   3581.78921 10.706 10.696 10.702 10.718 10.730    0.022 0.022 0.021 0.028 0.032  A 152499
   3581.79176 10.745 10.745 10.722 10.759 10.790    0.023 0.024 0.022 0.028 0.031  A 152500
   3581.79429 10.728 10.724 10.727 10.738 10.769    0.023 0.030 0.021 0.029 0.033  A 152501
   3581.79695 10.712 10.702 10.700 10.724 10.735    0.023 0.022 0.021 0.028 0.032  A 152502
   3581.79947 10.731 10.708 10.721 10.741 10.771    0.023 0.024 0.022 0.028 0.032  A 152503
   3581.80454 10.733 10.720 10.709 10.756 10.799    0.029 0.030 0.026 0.034 0.038  A 152505
   3581.80705 10.722 10.694 10.725 10.718 10.726    0.037 0.041 0.035 0.042 0.046  A 152506
   3581.80959 10.701 10.676 10.707 10.723 10.733    0.056 0.057 0.055 0.061 0.066  D 152507
   3582.46917 10.712 10.719 10.694 10.726 10.740    0.027 0.029 0.024 0.033 0.037  A 152576
   3582.47170 10.723 10.671 10.724 10.727 10.736    0.025 0.030 0.024 0.030 0.034  A 152577
   3582.47428 10.737 10.731 10.737 10.739 10.747    0.024 0.030 0.022 0.029 0.034  A 152578
   3582.47678 10.726 10.711 10.732 10.730 10.741    0.023 0.029 0.021 0.029 0.033  A 152579
   3582.47930 10.715 10.704 10.725 10.723 10.736    0.024 0.030 0.023 0.030 0.033  A 152580
   3582.48178 10.733 10.700 10.733 10.749 10.756    0.024 0.026 0.023 0.029 0.033  A 152581
   3582.48426 10.719 10.738 10.704 10.745 10.757    0.023 0.029 0.022 0.028 0.033  A 152582
   3582.48680 10.728 10.726 10.718 10.747 10.746    0.025 0.033 0.023 0.030 0.034  A 152583
   3582.48931 10.708 10.682 10.698 10.729 99.999    0.027 0.046 0.025 0.033 0.035  C 152584
   3582.49179 10.713 10.677 10.714 10.712 10.718    0.025 0.027 0.023 0.030 0.034  A 152585
   3582.49428 10.742 10.742 10.728 10.757 10.781    0.025 0.030 0.024 0.030 0.034  A 152586
   3582.49675 10.722 10.695 10.694 10.750 10.768    0.024 0.032 0.024 0.029 0.033  A 152587
   3582.50081 10.718 10.695 10.711 10.725 10.737    0.023 0.028 0.021 0.028 0.031  A 152588
   3582.50319 10.735 10.717 10.741 10.737 10.740    0.023 0.027 0.022 0.028 0.032  A 152589
   3582.50569 10.720 10.711 10.714 10.729 10.756    0.024 0.028 0.022 0.030 0.033  A 152590
   3582.50816 10.739 10.766 10.734 10.749 10.750    0.024 0.036 0.022 0.029 0.033  A 152591
   3582.51063 10.717 10.715 10.725 10.718 10.729    0.025 0.035 0.022 0.030 0.034  A 152592
   3582.51311 10.702 10.671 10.678 10.717 10.738    0.025 0.038 0.026 0.030 0.034  A 152593
   3582.51564 10.688 10.662 10.706 10.680 10.677    0.024 0.032 0.023 0.030 0.033  A 152594
   3582.51813 10.709 10.674 10.719 10.709 10.708    0.024 0.035 0.023 0.029 0.033  A 152595
   3582.52064 10.712 10.709 10.692 10.718 10.736    0.025 0.036 0.025 0.030 0.033  A 152596
   3582.52314 99.999 10.728 10.719 99.999 99.999    0.025 0.033 0.024 0.030 0.033  C 152597
   3582.52563 10.728 10.728 10.698 10.753 10.768    0.025 0.032 0.023 0.030 0.033  A 152598
   3582.52810 10.723 10.665 10.699 10.735 10.747    0.030 0.062 0.034 0.035 0.038  A 152599
   3582.53137 10.757 10.791 10.755 10.776 10.777    0.030 0.044 0.031 0.034 0.038  A 152600
   3582.53383 10.691 10.633 10.705 10.695 10.700    0.027 0.045 0.028 0.032 0.036  A 152601
   3582.53632 10.697 10.650 10.672 10.712 10.732    0.027 0.041 0.028 0.031 0.035  A 152602
   3582.53882 10.734 10.758 10.718 10.739 10.756    0.030 0.057 0.034 0.034 0.037  A 152603
   3582.54131 10.689 10.646 10.689 10.701 10.702    0.029 0.058 0.033 0.033 0.036  A 152604
   3582.54382 10.716 10.699 10.733 10.710 10.719    0.022 0.023 0.020 0.027 0.031  A 152605
   3582.54712 10.715 10.713 10.707 10.719 10.743    0.024 0.031 0.025 0.029 0.032  A 152606
   3582.54949 10.753 10.732 10.738 10.766 10.795    0.023 0.023 0.021 0.028 0.031  A 152607
   3582.55200 10.732 10.720 10.730 10.752 10.772    0.025 0.036 0.024 0.030 0.034  A 152608
   3582.55453 10.709 10.702 10.707 10.734 10.758    0.024 0.034 0.024 0.029 0.032  A 152609
   3582.55702 10.707 10.701 10.700 10.733 10.752    0.024 0.027 0.022 0.029 0.031  A 152610
   3582.55950 10.707 10.666 10.713 10.709 10.720    0.025 0.027 0.025 0.029 0.032  A 152611
   3582.56276 10.690 10.683 10.703 10.678 10.686    0.022 0.026 0.021 0.027 0.029  A 152612
   3582.56524 10.738 10.745 10.721 10.747 10.759    0.022 0.029 0.022 0.027 0.031  A 152613
   3582.56772 10.740 10.734 10.743 10.747 10.774    0.022 0.029 0.022 0.027 0.030  A 152614
   3582.57021 10.725 10.710 10.722 10.739 10.741    0.026 0.046 0.028 0.030 0.034  A 152615
   3582.57266 10.747 10.753 10.737 10.761 10.787    0.023 0.023 0.021 0.028 0.032  A 152616
   3582.57517 10.733 10.710 10.714 10.747 10.775    0.022 0.033 0.022 0.027 0.031  A 152617
   3582.57766 10.728 10.732 10.722 10.735 10.753    0.026 0.036 0.026 0.030 0.033  A 152618
   3582.58020 10.690 10.648 10.666 10.698 10.723    0.026 0.048 0.028 0.030 0.034  A 152619
   3582.58270 10.739 10.736 10.746 10.763 10.789    0.027 0.049 0.029 0.031 0.034  A 152620
   3582.58601 10.734 10.735 10.721 10.766 10.784    0.024 0.041 0.026 0.029 0.032  A 152621
   3582.58839 10.699 10.633 10.700 10.705 10.723    0.022 0.031 0.022 0.027 0.030  A 152622
   3582.59087 10.703 10.725 10.688 10.712 10.712    0.021 0.028 0.022 0.026 0.029  A 152623
   3582.59330 10.708 10.717 10.702 10.711 10.720    0.021 0.024 0.020 0.026 0.029  A 152624
   3582.59659 10.676 10.651 10.649 10.672 10.667    0.025 0.047 0.028 0.029 0.032  A 152625
   3582.59896 10.725 10.771 10.710 10.751 10.751    0.025 0.048 0.028 0.029 0.032  A 152626
   3582.60148 10.717 10.663 10.728 10.720 10.728    0.022 0.033 0.023 0.027 0.030  A 152627
   3582.60643 10.729 10.708 10.740 10.737 10.748    0.023 0.031 0.022 0.029 0.031  A 152629
   3582.60893 10.712 10.693 10.714 10.718 10.722    0.024 0.034 0.024 0.029 0.032  A 152630
   3582.61145 10.726 10.719 10.721 10.732 10.757    0.021 0.023 0.019 0.026 0.029  A 152631
   3582.61470 10.746 10.751 10.739 10.751 10.774    0.026 0.046 0.028 0.030 0.033  A 152632
   3582.61800 10.710 10.696 10.696 10.718 10.730    0.028 0.054 0.032 0.032 0.035  A 152633
   3582.62052 10.702 10.657 10.708 10.708 10.716    0.029 0.058 0.033 0.034 0.037  A 152634
   3582.62300 10.704 10.660 10.717 10.702 10.709    0.026 0.046 0.029 0.030 0.033  A 152635
   3582.62548 10.687 10.659 10.657 10.710 10.722    0.029 0.056 0.032 0.033 0.036  A 152636
   3582.62800 10.742 10.751 10.748 10.746 10.757    0.025 0.044 0.028 0.029 0.032  A 152637
   3582.63128 10.697 10.685 10.706 10.715 10.717    0.023 0.031 0.023 0.028 0.031  A 152638
   3582.63375 10.708 10.676 10.719 10.707 10.710    0.024 0.031 0.022 0.028 0.031  A 152639
   3582.63622 10.719 10.729 10.697 10.730 10.758    0.034 0.071 0.039 0.038 0.041  B 152640
   3582.63874 10.724 10.688 10.737 10.719 10.721    0.032 0.063 0.036 0.036 0.038  A 152641
   3582.64205 10.750 10.755 10.720 10.785 10.784    0.028 0.058 0.033 0.033 0.036  A 152642
   3582.64443 10.710 10.754 10.698 10.712 10.731    0.032 0.063 0.035 0.036 0.039  A 152643
   3582.64695 10.715 10.650 10.718 10.724 10.727    0.031 0.060 0.033 0.034 0.037  A 152644
   3582.64943 10.659 10.605 10.637 10.670 10.679    0.031 0.064 0.036 0.036 0.039  A 152645
   3582.65195 10.658 10.608 10.616 10.664 10.678    0.032 0.066 0.037 0.036 0.039  A 152646
   3582.65445 10.738 10.736 10.708 10.750 10.768    0.027 0.050 0.029 0.032 0.035  A 152647
   3582.65772 10.723 10.705 10.735 10.727 10.724    0.023 0.031 0.022 0.028 0.032  A 152648
   3582.66020 10.736 10.714 10.711 10.735 10.751    0.034 0.070 0.038 0.038 0.041  B 152649
   3582.66349 10.744 10.769 10.738 10.741 10.757    0.028 0.047 0.029 0.033 0.036  A 152650
   3582.66599 10.714 10.669 10.714 10.725 10.732    0.032 0.070 0.037 0.037 0.040  B 152651
   3582.66850 10.686 10.630 10.681 10.691 99.999    0.026 0.049 0.029 0.031 0.034  C 152652
   3582.67103 10.726 10.716 10.717 10.727 10.731    0.028 0.057 0.031 0.032 0.035  A 152653
   3582.67354 10.728 10.744 10.712 10.735 10.744    0.029 0.061 0.033 0.034 0.036  A 152654
   3582.67607 10.723 10.719 10.708 10.736 10.743    0.028 0.058 0.032 0.032 0.035  A 152655
   3582.67857 10.690 10.627 10.692 10.685 10.709    0.030 0.062 0.034 0.034 0.037  A 152656
   3582.68099 10.682 10.627 10.687 10.675 10.684    0.033 0.069 0.039 0.037 0.040  A 152657
   3582.68351 10.701 10.610 10.688 10.712 10.715    0.033 0.067 0.037 0.036 0.040  A 152658
   3582.68601 10.731 10.720 10.734 10.729 10.735    0.033 0.066 0.036 0.037 0.039  A 152659
   3582.68851 10.719 10.688 10.689 10.725 10.731    0.033 0.067 0.038 0.037 0.040  A 152660
   3582.69097 10.706 10.660 10.696 10.712 10.724    0.035 0.073 0.039 0.038 0.042  B 152661
   3582.69344 10.749 10.744 10.736 10.753 10.769    0.029 0.058 0.032 0.033 0.036  A 152662
   3582.69594 10.719 10.696 10.730 10.739 10.763    0.030 0.057 0.032 0.033 0.037  A 152663
   3582.69843 10.657 10.579 10.647 10.660 10.667    0.032 0.068 0.037 0.037 0.040  A 152664
   3582.70096 10.666 10.612 10.637 10.667 10.678    0.035 0.073 0.040 0.039 0.042  B 152665
   3582.70347 10.737 10.764 10.748 10.734 10.745    0.031 0.049 0.031 0.036 0.040  A 152666
   3582.70674 10.718 10.736 10.751 10.717 10.706    0.038 0.072 0.041 0.043 0.047  B 152667
   3582.70924 10.689 10.683 10.694 10.696 10.711    0.043 0.074 0.045 0.050 0.055  B 152668
   3582.71172 10.645 10.599 10.621 10.649 10.674    0.039 0.070 0.040 0.045 0.049  B 152669
   3582.71418 10.750 10.711 10.757 10.744 10.751    0.047 0.071 0.046 0.055 0.061  B 152670
   3582.71671 10.748 10.785 10.757 10.744 10.763    0.036 0.064 0.039 0.042 0.046  A 152671
   3582.71999 10.655 10.588 10.640 10.669 10.677    0.037 0.064 0.039 0.044 0.049  A 152672
   3582.72238 10.743 10.760 10.727 10.754 10.766    0.034 0.051 0.034 0.040 0.046  A 152673
   3582.72488 10.731 10.728 10.727 10.743 10.747    0.037 0.070 0.040 0.043 0.046  B 152674
   3582.72738 10.683 10.630 10.651 10.699 10.721    0.033 0.057 0.034 0.039 0.043  A 152675
   3582.72985 10.736 10.724 10.713 10.752 10.760    0.034 0.062 0.037 0.039 0.043  A 152676
   3582.73237 10.700 10.700 10.703 10.713 10.718    0.029 0.039 0.027 0.036 0.040  A 152677
   3582.73483 10.764 10.775 10.750 10.792 10.806    0.027 0.029 0.025 0.033 0.037  A 152678
   3582.73733 10.707 10.726 10.713 10.706 10.718    0.027 0.029 0.025 0.033 0.037  A 152679
   3582.73982 10.705 10.685 10.696 10.715 10.724    0.032 0.055 0.033 0.038 0.043  A 152680
   3582.74232 10.751 10.772 10.743 10.751 10.760    0.027 0.030 0.025 0.033 0.038  A 152681
   3582.74480 10.707 10.713 10.705 10.711 10.716    0.028 0.031 0.026 0.034 0.038  A 152682
   3582.74731 10.710 10.691 10.731 10.703 10.714    0.029 0.035 0.027 0.035 0.040  A 152683
   3582.75058 10.733 10.711 10.722 10.757 10.771    0.028 0.025 0.025 0.035 0.039  A 152684
   3582.75306 10.749 10.767 10.750 10.769 10.778    0.028 0.033 0.026 0.036 0.040  A 152685
   3582.75554 10.745 10.765 10.732 10.756 10.797    0.031 0.049 0.032 0.037 0.042  A 152686
   3582.75806 10.716 10.696 10.726 10.730 10.740    0.029 0.034 0.027 0.035 0.039  A 152687
   3582.76052 10.754 10.751 10.739 10.764 10.791    0.028 0.042 0.028 0.034 0.039  A 152688
   3582.76301 10.716 10.650 10.698 10.725 10.750    0.031 0.051 0.033 0.037 0.041  A 152689
   3582.76551 10.727 10.718 10.703 10.740 10.774    0.032 0.050 0.034 0.038 0.043  A 152690
   3582.76877 10.733 10.728 10.736 10.756 10.782    0.029 0.026 0.026 0.036 0.041  A 152691
   3582.77125 10.721 10.695 10.724 10.735 10.748    0.029 0.033 0.026 0.036 0.041  A 152692
   3583.64535 10.687 10.638 10.671 10.699 10.702    0.033 0.068 0.037 0.038 0.042  A 152837
   3585.70755 10.734 10.680 10.719 10.744 10.759    0.033 0.060 0.035 0.037 0.039  A 153203
   3587.71938 10.778 10.805 10.771 10.793 10.806    0.030 0.039 0.030 0.036 0.041  A 153551
   3590.57353 10.790 10.764 10.789 10.809 10.818    0.025 0.033 0.022 0.030 0.033  A 153990
   3592.57806 10.796 10.815 10.801 10.807 10.823    0.026 0.032 0.023 0.031 0.035  A 154344
   3599.63721 10.890 10.895 10.877 10.915 10.939    0.032 0.033 0.031 0.039 0.045  A 155266
   3601.69268 10.854 10.826 10.840 10.867 10.882    0.032 0.032 0.028 0.039 0.044  A 155574
   3603.69529 10.887 10.889 10.899 10.907 10.923    0.029 0.033 0.029 0.036 0.041  A 155903
   3607.52986 10.942 10.963 10.930 10.962 10.957    0.026 0.037 0.026 0.031 0.035  A 156242
   3616.63155 10.866 10.876 10.850 10.873 10.878    0.043 0.039 0.041 0.050 0.057  B 157056
   3619.55020 10.842 10.837 10.831 10.840 10.847    0.028 0.038 0.027 0.033 0.038  A 157406
   3621.60180 10.871 10.835 10.876 10.867 10.863    0.035 0.032 0.031 0.041 0.046  A 157727
   3628.52468 10.903 10.911 10.891 10.901 10.902    0.034 0.035 0.034 0.042 0.049  A 158415
   3630.59172 10.879 10.917 10.878 10.874 10.896    0.034 0.048 0.035 0.041 0.047  A 158773
   3632.59758 10.845 10.800 10.844 10.851 10.844    0.031 0.029 0.028 0.039 0.045  A 159085
   3634.62971 10.765 10.778 10.774 10.760 10.757    0.036 0.047 0.034 0.043 0.050  A 159371
   3639.50335 10.749 10.731 10.755 10.762 10.760    0.026 0.034 0.027 0.030 0.034  A 159889
   3642.51990 10.642 10.633 10.647 10.641 10.646    0.031 0.034 0.031 0.038 0.042  A 160276
   3644.57985 10.642 10.616 10.615 10.645 10.659    0.041 0.059 0.040 0.048 0.055  A 160590
   3648.54674 10.672 10.678 10.660 10.674 10.683    0.027 0.031 0.026 0.032 0.036  A 161001
   3654.49900 10.816 10.730 10.811 10.834 10.847    0.031 0.045 0.031 0.038 0.042  A 161835
   3656.54999 10.846 10.818 10.826 10.863 10.881    0.030 0.034 0.029 0.037 0.042  A 162150
   3659.52594 10.870 10.850 10.878 10.875 10.864    0.033 0.030 0.031 0.041 0.046  A 162593
   3661.54159 10.892 10.910 10.888 10.909 10.906    0.036 0.035 0.031 0.044 0.051  A 162902
   3663.54561 10.871 10.847 10.835 10.882 10.890    0.030 0.034 0.028 0.037 0.041  A 163182
   3666.55131 10.902 10.878 10.914 10.894 10.886    0.031 0.042 0.030 0.037 0.041  A 163625
   3670.50541 10.860 10.846 10.842 10.859 10.888    0.026 0.033 0.027 0.031 0.035  A 164070
   3673.51261 10.913 10.867 10.890 10.922 10.948    0.028 0.041 0.029 0.033 0.037  A 164505
   3676.50982 11.515 11.678 11.543 11.526 11.543    0.029 0.030 0.028 0.034 0.038  A 164934
   3786.81108 10.741 10.738 10.732 10.742 10.753    0.078 0.055 0.062 0.099 0.114  D 178761
   3786.81351 10.802 10.772 10.779 10.851 10.892    0.042 0.038 0.035 0.053 0.059  B 178762
   3786.81764 10.734 10.771 10.741 10.751 10.788    0.036 0.038 0.033 0.044 0.049  A 178763
   3786.82002 10.758 10.743 10.748 10.789 10.801    0.036 0.039 0.033 0.044 0.050  A 178764
   3786.82333 10.762 10.732 10.756 10.774 10.786    0.040 0.045 0.034 0.049 0.055  A 178765
   3786.82574 10.752 10.738 10.744 10.770 10.779    0.040 0.043 0.034 0.049 0.056  A 178766
   3786.82828 10.734 10.719 10.727 10.730 10.725    0.038 0.044 0.034 0.048 0.054  A 178767
   3786.83079 10.770 10.760 10.772 10.775 10.786    0.037 0.037 0.032 0.046 0.052  A 178768
   3786.83328 10.748 10.748 10.750 10.756 10.770    0.037 0.040 0.032 0.045 0.052  A 178769
   3786.83581 10.766 10.754 10.765 10.773 10.785    0.037 0.038 0.032 0.046 0.053  A 178770
   3786.83829 10.773 10.764 10.764 10.782 10.814    0.036 0.034 0.031 0.045 0.052  A 178771
   3786.84084 10.753 10.728 10.744 10.764 10.788    0.041 0.049 0.037 0.050 0.059  B 178772
   3786.84415 10.788 10.791 10.769 10.800 10.805    0.038 0.043 0.031 0.046 0.053  A 178773
   3786.84671 10.781 10.785 10.772 10.782 10.790    0.037 0.043 0.034 0.045 0.050  A 178774
   3786.85013 10.771 10.789 10.784 10.768 10.771    0.043 0.043 0.035 0.055 0.064  B 178775
   3786.85251 10.805 10.767 10.806 10.813 10.838    0.035 0.036 0.031 0.043 0.049  A 178776
   3786.85510 10.768 10.739 10.763 10.785 10.810    0.033 0.038 0.029 0.040 0.045  A 178777
   3786.85760 10.769 10.775 10.760 10.797 10.821    0.032 0.035 0.028 0.039 0.046  A 178778
   3786.86012 10.750 10.773 10.755 10.770 10.785    0.034 0.036 0.030 0.043 0.048  A 178779
   3786.86262 10.762 10.757 10.758 10.778 10.820    0.036 0.042 0.031 0.045 0.051  A 178780
   3786.86596 10.779 10.784 10.785 10.789 10.795    0.034 0.044 0.029 0.042 0.048  A 178781
   3786.86835 10.757 10.727 10.757 10.768 10.775    0.032 0.035 0.028 0.039 0.045  A 178782
   3786.87089 10.776 10.721 10.757 10.810 10.830    0.034 0.040 0.030 0.041 0.047  A 178783
   3786.87340 99.999 99.999 99.999 99.999 99.999    0.032 0.034 0.029 0.039 0.045  C 178784
   3786.87591 10.793 10.781 10.791 10.802 10.823    0.032 0.034 0.028 0.039 0.044  A 178785
   3786.87848 10.771 10.787 10.750 10.794 10.809    0.031 0.030 0.028 0.038 0.043  A 178786
   3786.88100 10.797 10.772 10.793 10.820 10.822    0.032 0.038 0.028 0.039 0.044  A 178787
   3786.88347 10.746 10.705 10.751 10.748 99.999    0.032 0.033 0.029 0.039 0.043  C 178788
   3786.88599 10.754 10.724 10.763 10.742 10.739    0.033 0.029 0.028 0.039 0.044  A 178789
   3786.88850 10.734 10.736 10.743 10.724 10.717    0.034 0.041 0.032 0.041 0.046  A 178790
   3786.89100 99.999 99.999 99.999 99.999 99.999    0.034 0.041 0.031 0.042 0.047  C 178791
   3786.89348 10.774 10.781 10.757 10.794 10.823    0.034 0.032 0.030 0.043 0.048  A 178792
   3786.89595 10.749 10.728 10.743 10.759 10.781    0.036 0.037 0.030 0.044 0.050  A 178793
   3787.80163 10.761 10.750 10.746 10.777 10.804    0.037 0.038 0.033 0.045 0.051  A 178897
   3787.80412 10.755 10.744 10.740 10.763 10.801    0.036 0.040 0.033 0.044 0.050  A 178898
   3787.80659 10.720 10.750 10.719 10.731 10.753    0.039 0.051 0.034 0.048 0.054  A 178899
   3787.80919 10.738 10.715 10.747 10.733 10.741    0.042 0.042 0.037 0.052 0.060  B 178900
   3787.81173 10.746 10.742 10.732 10.768 10.801    0.035 0.040 0.032 0.044 0.049  A 178901
   3787.81422 10.778 10.734 10.773 10.788 10.792    0.040 0.043 0.035 0.049 0.056  A 178902
   3787.81752 10.764 10.710 10.761 10.761 10.766    0.038 0.042 0.034 0.047 0.053  A 178903
   3787.82011 10.767 10.775 10.755 10.786 10.806    0.039 0.041 0.033 0.050 0.057  B 178904
   3787.82259 10.753 10.740 10.739 10.776 10.790    0.037 0.049 0.032 0.045 0.050  A 178905
   3787.82510 99.999 99.999 99.999 99.999 99.999    0.036 0.036 0.032 0.045 0.051  C 178906
   3791.86758 10.740 10.707 10.739 10.761 10.781    0.038 0.037 0.033 0.047 0.053  A 179476
   3795.88295 10.683 10.653 10.652 10.698 10.727    0.031 0.045 0.032 0.037 0.041  A 180062
   3799.87928 10.614 10.592 10.615 10.612 10.632    0.032 0.037 0.029 0.040 0.045  A 180615
   3803.87765 10.552 10.502 10.549 10.552 10.580    0.044 0.060 0.041 0.053 0.061  B 181106
   3806.88784 10.561 10.484 10.552 10.568 10.604    0.038 0.060 0.040 0.044 0.049  A 181553
   3810.87733 10.628 10.614 10.633 10.623 10.646    0.038 0.065 0.040 0.046 0.050  A 182054
   3814.83987 10.699 10.657 10.690 10.715 10.726    0.041 0.057 0.039 0.048 0.053  A 182685
   3819.84458 10.671 10.600 10.642 10.673 10.685    0.043 0.082 0.047 0.049 0.054  B 183486
   3822.86687 10.716 10.729 10.719 10.737 10.754    0.032 0.040 0.030 0.040 0.045  A 183977
   3825.87250 10.667 10.685 10.668 10.668 10.684    0.041 0.044 0.037 0.052 0.060  B 184480
   3828.86043 10.716 10.632 10.715 10.728 10.737    0.034 0.053 0.036 0.039 0.044  A 184987
   3832.81506 10.764 10.798 10.773 10.788 10.802    0.036 0.057 0.037 0.042 0.047  A 185658
   3835.82798 10.712 10.738 10.702 10.715 10.716    0.037 0.037 0.031 0.046 0.054  A 186173
   3848.85389 10.692 10.706 10.685 10.720 10.734    0.047 0.048 0.039 0.058 0.065  B 186987
   3851.80125 10.696 10.703 10.702 10.721 10.731    0.034 0.052 0.035 0.039 0.042  A 187493
   3856.83908 10.629 10.614 10.610 10.655 10.686    0.033 0.037 0.029 0.040 0.045  A 188301
   3859.77775 10.660 10.674 10.656 10.673 10.677    0.033 0.054 0.035 0.039 0.044  A 188714
   3861.80233 10.651 10.645 10.632 10.660 10.661    0.036 0.059 0.037 0.040 0.045  A 189071
   3863.83180 10.711 10.731 10.705 10.718 10.741    0.035 0.069 0.039 0.040 0.043  A 189415
   3865.78574 10.704 10.655 10.697 10.733 10.764    0.035 0.064 0.037 0.041 0.045  A 189752
   3867.78728 10.713 10.717 10.705 10.725 10.763    0.033 0.042 0.033 0.040 0.045  A 190071
   3872.80249 10.743 10.722 10.722 10.746 10.771    0.036 0.052 0.036 0.043 0.049  A 190986
   3876.69592 10.820 10.776 10.771 10.841 10.880    0.071 0.074 0.066 0.081 0.090  D 191359
   3882.71684 10.789 10.796 10.772 10.821 10.839    0.030 0.035 0.026 0.036 0.040  A 192118
   3886.79333 10.792 10.815 10.795 10.811 10.811    0.032 0.060 0.034 0.037 0.041  A 192522
   3891.67230 10.667 10.703 10.650 10.694 10.704    0.029 0.050 0.031 0.034 0.038  A 193363
   3893.72018 10.611 10.621 10.590 10.620 10.635    0.028 0.031 0.029 0.035 0.039  A 193737
   3896.73301 10.592 10.612 10.605 10.591 10.574    0.039 0.043 0.039 0.046 0.055  A 194066
   3900.72924 10.576 10.572 10.560 10.576 10.581    0.038 0.055 0.035 0.047 0.053  A 194685
   3902.73610 10.594 10.574 10.605 10.610 10.619    0.028 0.033 0.027 0.034 0.039  A 195064
   3904.76446 10.553 10.492 10.531 10.563 10.579    0.042 0.082 0.047 0.046 0.049  B 195454
   3906.77005 10.687 10.689 10.666 10.708 10.708    0.034 0.051 0.035 0.039 0.044  A 195836
   3908.83606 10.703 10.653 10.713 10.707 10.702    0.033 0.055 0.036 0.037 0.041  A 196243
   3912.74970 10.743 10.725 10.716 10.751 10.759    0.026 0.035 0.025 0.031 0.035  A 196781
   4152.89398 10.693 10.708 10.666 10.718 10.734    0.034 0.043 0.034 0.042 0.047  A 215208
   4156.88741 10.709 10.754 10.716 10.731 10.752    0.046 0.053 0.044 0.053 0.060  B 215795
   4160.87890 10.680 10.675 10.666 10.693 10.722    0.040 0.043 0.035 0.048 0.054  A 216387
   4164.86875 10.665 10.638 10.664 10.662 10.663    0.047 0.067 0.042 0.057 0.064  B 216982
   4168.88237 10.667 10.636 10.644 10.689 10.707    0.039 0.054 0.040 0.046 0.053  A 217523
   4174.86538 10.676 10.622 10.654 10.680 10.706    0.033 0.046 0.034 0.040 0.045  A 218305
   4177.89181 10.662 10.662 10.638 10.670 10.694    0.040 0.057 0.041 0.046 0.052  A 218692
   4181.85503 10.640 10.640 10.606 10.673 10.697    0.061 0.057 0.054 0.075 0.088  D 219186
   4185.84099 10.590 10.617 10.581 10.608 10.603    0.040 0.047 0.038 0.047 0.054  A 219760
   4189.83155 10.599 10.588 10.583 10.630 10.643    0.033 0.040 0.035 0.038 0.044  A 220150
   4192.81943 10.619 10.633 10.610 10.627 99.999    0.035 0.039 0.034 0.041 0.048  C 220624
   4196.84772 10.676 10.627 10.679 10.694 10.698    0.053 0.055 0.049 0.066 0.077  D 221118
   4202.86084 10.761 10.736 10.746 10.765 10.798    0.036 0.051 0.038 0.041 0.046  A 221706
   4205.82098 10.739 10.713 10.752 10.738 10.739    0.037 0.053 0.037 0.045 0.051  A 222173
   4213.86781 10.768 10.773 10.747 10.784 10.785    0.037 0.043 0.036 0.045 0.053  A 222664
   4216.86141 10.774 10.746 10.772 10.771 10.791    0.036 0.042 0.037 0.041 0.048  A 222945
   4228.82787 10.696 10.654 10.674 10.696 10.699    0.039 0.053 0.048 0.045 0.052  B 223410
   4230.81313 10.674 10.631 10.686 10.681 10.717    0.030 0.037 0.031 0.035 0.040  A 223747
   4232.82039 10.652 10.630 10.643 10.657 10.677    0.040 0.044 0.039 0.049 0.056  A 224093
   4234.86191 10.643 10.611 10.623 10.659 10.677    0.032 0.036 0.032 0.039 0.046  A 224475
   4245.72677 10.601 10.609 10.582 10.599 10.605    0.059 0.057 0.054 0.073 0.088  D 226068
   4247.71102 10.724 10.715 10.702 10.755 10.772    0.030 0.037 0.032 0.036 0.043  A 226428
   4255.76275 10.649 10.650 10.636 10.656 10.666    0.042 0.040 0.038 0.052 0.061  B 227118
   4258.68623 10.657 10.645 10.669 10.662 10.670    0.034 0.038 0.035 0.041 0.048  A 227532
   4269.75920 10.650 10.626 10.644 10.660 10.689    0.038 0.045 0.038 0.045 0.054  A 228195
   4273.66851 10.688 10.675 10.654 10.684 10.694    0.041 0.047 0.043 0.047 0.052  A 228507
   4278.67015 10.718 10.709 10.719 10.721 10.739    0.031 0.036 0.031 0.037 0.043  A 229162
   4282.68859 10.713 10.648 10.697 10.713 10.725    0.044 0.064 0.044 0.053 0.060  B 229487
   4284.69215 10.751 10.763 10.740 10.783 10.792    0.033 0.038 0.033 0.040 0.046  A 229823
   4286.68534 10.767 10.760 10.764 10.773 10.819    0.057 0.061 0.052 0.071 0.083  D 230186
   4290.68466 10.793 10.747 10.806 10.800 10.819    0.039 0.051 0.044 0.045 0.051  A 230511
   4292.64502 10.718 10.748 10.743 10.723 10.722    0.032 0.050 0.037 0.038 0.042  A 230874
   4294.65381 10.673 10.641 10.655 10.671 10.676    0.059 0.067 0.058 0.069 0.078  D 231230
   4296.64346 10.681 10.695 10.691 10.699 10.712    0.038 0.060 0.041 0.044 0.048  A 231571
   4298.64885 10.708 10.710 10.671 10.740 10.747    0.039 0.053 0.040 0.047 0.054  A 231930
   4300.62014 99.999 10.651 10.660 99.999 99.999    0.037 0.047 0.035 0.045 0.052  C 232277
   4302.67075 10.708 10.704 10.696 10.716 10.721    0.032 0.043 0.034 0.039 0.045  A 232606
   4304.61289 10.764 10.718 10.743 10.768 10.789    0.033 0.044 0.037 0.038 0.043  A 232948
   4310.60412 10.834 10.846 10.841 10.847 10.848    0.037 0.045 0.037 0.044 0.051  A 233883
   4312.60116 10.743 10.711 10.740 10.735 10.731    0.039 0.059 0.040 0.048 0.053  A 234210
   4315.60368 10.796 10.817 10.783 10.812 10.823    0.038 0.052 0.044 0.044 0.049  A 234554
   4317.66070 10.776 10.782 10.771 10.784 10.784    0.036 0.041 0.037 0.043 0.050  A 234839
   4329.65032 10.796 10.787 10.790 10.804 10.815    0.035 0.046 0.038 0.040 0.046  A 235141
   4331.58097 10.722 10.681 10.709 10.708 10.710    0.035 0.056 0.040 0.041 0.046  A 235475
   4338.52289 10.717 10.681 10.696 10.724 10.738    0.039 0.054 0.043 0.044 0.051  A 236389
   4340.57829 10.718 10.718 10.739 10.708 10.614    0.038 0.057 0.040 0.045 0.053  A 236746
   4342.58295 10.692 10.689 10.708 10.698 10.714    0.040 0.061 0.043 0.047 0.053  A 237078
   4344.57995 10.689 10.685 10.701 10.689 10.682    0.039 0.062 0.046 0.045 0.050  A 237419
   4346.58241 10.753 10.761 10.736 10.769 10.763    0.033 0.061 0.036 0.038 0.042  A 237760
   4348.58406 10.751 10.729 10.752 10.744 10.766    0.031 0.055 0.034 0.036 0.040  A 238115
   4350.57922 10.760 10.752 10.741 10.772 10.779    0.039 0.064 0.041 0.046 0.051  A 238430
   4352.59146 10.781 10.800 10.778 10.785 10.776    0.041 0.043 0.041 0.048 0.054  A 238746
   4355.58051 10.852 10.861 10.833 10.848 99.999    0.032 0.052 0.035 0.037 0.042  C 239152
   4357.59050 10.878 10.891 10.879 10.896 10.908    0.038 0.046 0.039 0.044 0.050  A 239446
   4359.55541 10.889 10.856 10.873 10.897 10.915    0.033 0.050 0.036 0.039 0.045  A 239771
   4365.50943 10.922 10.923 10.906 10.935 10.962    0.032 0.036 0.033 0.039 0.045  A 240604
   4368.59314 99.999 99.999 99.999 99.999 99.999    0.038 0.041 0.038 0.046 0.054  C 240971
   4373.50930 10.854 10.820 10.836 10.871 10.890    0.035 0.052 0.036 0.043 0.049  A 241733
   4376.53805 10.829 10.820 10.826 10.840 10.851    0.033 0.041 0.034 0.038 0.043  A 242086
   4378.55782 10.796 10.817 10.797 10.805 10.827    0.038 0.037 0.036 0.044 0.051  A 242394
   4380.58508 10.808 10.811 10.788 10.815 10.835    0.037 0.041 0.034 0.045 0.051  A 242703
   4383.54402 10.847 10.850 10.865 10.844 10.839    0.028 0.036 0.031 0.034 0.038  A 243148
   4386.52583 10.860 10.858 10.850 10.882 10.895    0.031 0.037 0.033 0.036 0.041  A 243612
   4392.50561 10.860 10.822 10.869 10.857 10.854    0.030 0.031 0.029 0.037 0.043  A 244476
   4408.50929 10.920 10.910 10.893 10.953 10.961    0.030 0.036 0.029 0.037 0.043  A 245687
   4507.88590 10.805 10.805 10.790 10.829 10.856    0.046 0.060 0.044 0.055 0.063  B 256226
   4518.86943 10.931 10.895 10.917 10.932 10.946    0.042 0.055 0.042 0.051 0.060  B 257492
   4523.86572 10.902 10.848 10.902 10.899 10.900    0.038 0.059 0.041 0.044 0.050  A 258231
   4529.86078 10.817 10.812 10.793 10.831 10.849    0.031 0.036 0.031 0.037 0.044  A 259109
   4533.88429 10.772 10.788 10.746 10.801 10.805    0.041 0.044 0.040 0.049 0.055  A 259658
   4537.84876 10.734 10.696 10.744 10.738 10.741    0.032 0.045 0.035 0.038 0.043  A 260153
   4540.87358 10.738 10.740 10.717 10.748 10.745    0.043 0.059 0.043 0.050 0.057  B 260588
   4547.87608 10.859 10.882 10.849 10.883 10.900    0.039 0.055 0.040 0.047 0.054  A 261685
   4557.83069 10.858 10.850 10.837 10.870 10.873    0.033 0.039 0.032 0.039 0.045  A 263090
   4560.85425 10.882 10.858 10.868 10.904 10.909    0.033 0.041 0.035 0.039 0.044  A 263597
   4563.84755 10.873 10.841 10.872 10.892 10.910    0.030 0.035 0.031 0.036 0.041  A 264092
   4566.83495 10.900 10.915 10.891 10.908 10.909    0.032 0.047 0.035 0.038 0.043  A 264592
   4569.82395 10.905 10.863 10.903 10.926 10.940    0.032 0.041 0.033 0.038 0.043  A 265052
   4572.79499 10.914 10.913 10.877 10.937 10.922    0.037 0.041 0.037 0.045 0.053  A 265564
   4574.81398 10.861 10.885 10.842 10.884 10.897    0.034 0.043 0.031 0.041 0.047  A 265895
#ndata= 15
#dataset= 4 ; 1 F1836-32_189
#desig= 180451-3514.0
#cra=   18.080696  18:04:50.5
#cdec= -35.232574 -35:13:57.3
#class= 0
#cmag_0= 10.622
#cmer_0=  0.079
#nskip_0= 0
#cmag_1= 10.704
#cmer_1=  0.089
#nskip_1= 0
#cmag_2= 10.721
#cmer_2=  0.088
#nskip_2= 0
#cmag_3= 10.752
#cmer_3=  0.083
#nskip_3= 0
#cmag_4= 10.754
#cmer_4=  0.084
#nskip_4= 0
#ra=   18.080696  18:04:50.5
#dec= -35.232574 -35:13:57.3
#     HJD      MAG_2  MAG_0  MAG_1  MAG_3  MAG_4    MER_2 MER_0 MER_1 MER_3 MER_4 GRADE FRAME
   2463.64977 10.860 10.702 10.854 10.882 10.885    0.040 0.052 0.046 0.046 0.052  B 10624
   2490.59777 10.721 10.634 10.690 10.733 10.768    0.055 0.087 0.069 0.057 0.059  D 14047
   2544.58263 10.898 10.762 10.863 10.938 10.950    0.036 0.050 0.040 0.042 0.047  B 19960
   2726.80840 10.626 10.479 10.610 10.657 10.651    0.033 0.039 0.034 0.038 0.042  A 47538
   2728.85753 10.621 10.508 10.614 10.654 10.657    0.038 0.042 0.038 0.044 0.051  A 47951
   2763.78241 10.570 10.477 10.525 10.618 10.628    0.031 0.040 0.035 0.036 0.040  A 54088
   2770.81927 10.651 10.572 10.630 10.683 10.676    0.033 0.040 0.036 0.039 0.043  A 54932
   2834.84500 10.763 10.657 10.716 10.805 10.819    0.050 0.051 0.048 0.060 0.069  B 63422
   2853.58778 10.757 10.671 10.727 10.774 10.793    0.037 0.045 0.040 0.043 0.047  A 65641
   2853.69561 10.742 10.644 10.705 10.772 10.778    0.042 0.047 0.043 0.048 0.052  B 65685
   2855.72501 10.737 10.632 10.700 10.774 10.777    0.053 0.063 0.056 0.059 0.067  B 66097
   2894.59851 10.850 10.709 10.821 10.864 10.863    0.039 0.046 0.038 0.045 0.051  A 71061
   2894.66571 10.893 10.751 10.856 10.928 10.927    0.058 0.057 0.054 0.066 0.075  B 71090
   3177.74120 10.653 10.586 10.643 10.681 10.675    0.048 0.051 0.049 0.056 0.064  B 106931
   3177.87539 10.687 10.606 10.674 10.727 10.738    0.060 0.059 0.058 0.072 0.083  D 106977
