#ndata= 362
#dataset= 1 ; 1 F1800-32_188
#desig= 180917-2814.0
#cra=   18.154644  18:09:16.7
#cdec= -28.232696 -28:13:57.7
#class= 0
#cmag_0= 11.371
#cmer_0=  0.139
#nskip_0= 10
#cmag_1= 11.359
#cmer_1=  0.100
#nskip_1= 48
#cmag_2= 11.390
#cmer_2=  0.117
#nskip_2= 25
#cmag_3= 11.426
#cmer_3=  0.142
#nskip_3= 10
#cmag_4= 11.455
#cmer_4=  0.146
#nskip_4= 11
#ra=   18.154644  18:09:16.7
#dec= -28.232696 -28:13:57.7
#     HJD      MAG_1  MAG_0  MAG_2  MAG_3  MAG_4    MER_1 MER_0 MER_2 MER_3 MER_4 GRADE FRAME
   1948.88020 11.713 11.695 11.724 11.752 11.730    0.035 0.041 0.036 0.045 0.051  A 9125
   1950.87395 11.730 11.740 11.734 11.770 11.820    0.034 0.040 0.032 0.039 0.044  A 9469
   1953.87054 11.725 11.780 11.754 11.781 11.840    0.051 0.058 0.044 0.050 0.057  B 9775
   1961.88187 11.697 11.692 11.715 11.743 11.817    0.046 0.055 0.039 0.044 0.051  A 10588
   1963.87360 11.707 11.751 11.709 11.768 11.812    0.052 0.063 0.044 0.049 0.053  B 10912
   1965.86687 11.655 11.727 11.654 11.686 11.695    0.054 0.064 0.045 0.050 0.057  D 11278
   1967.86944 11.735 11.715 11.739 11.745 11.769    0.048 0.058 0.040 0.045 0.050  B 11622
   1978.83274 11.607 11.546 11.617 11.603 11.648    0.063 0.075 0.054 0.060 0.067  D 12119
   1979.86003 11.668 11.571 11.694 11.739 11.759    0.070 0.082 0.059 0.062 0.069  D 12323
   1980.84108 11.598 11.533 11.584 11.595 11.643    0.066 0.076 0.054 0.060 0.065  D 12461
   1981.86062 11.562 11.611 11.557 11.542 11.562    0.059 0.072 0.050 0.054 0.061  D 12653
   1982.81052 11.522 11.553 11.497 11.538 11.591    0.060 0.072 0.050 0.055 0.059  D 12824
   2032.76320 11.558 11.484 11.600 11.635 11.671    0.027 0.038 0.027 0.033 0.038  A 18289
   2035.73164 11.595 11.533 11.684 11.778 11.830    0.041 0.057 0.045 0.055 0.061  B 18893
   2037.71615 11.635 11.659 11.676 11.722 11.725    0.033 0.051 0.034 0.040 0.045  A 19004
   2058.71099 11.299 11.337 11.320 11.342 11.372    0.034 0.061 0.032 0.036 0.040  A 21184
   2083.65152 11.348 11.296 11.368 11.420 11.486    0.035 0.052 0.037 0.045 0.050  A 23596
   2085.64677 11.301 11.295 11.354 11.396 11.457    0.028 0.044 0.028 0.034 0.038  A 23822
   2096.66724 11.314 11.268 11.356 11.428 11.485    0.036 0.044 0.042 0.053 0.061  B 25462
   2102.59734 11.223 11.229 11.253 11.276 11.298    0.031 0.046 0.029 0.034 0.039  A 25645
   2104.60814 11.296 11.249 11.304 11.330 11.369    0.028 0.037 0.028 0.033 0.038  A 25998
   2105.60825 11.284 11.272 11.289 11.320 11.356    0.027 0.037 0.027 0.032 0.037  A 26217
   2106.61364 11.260 11.220 11.277 11.313 11.347    0.030 0.046 0.030 0.035 0.038  A 26425
   2109.60412 11.257 11.250 11.275 11.306 11.341    0.031 0.041 0.030 0.035 0.040  A 26593
   2115.56434 11.212 11.214 11.244 11.258 11.304    0.032 0.045 0.030 0.035 0.039  A 26835
   2116.57901 11.279 11.281 11.280 11.278 11.325    0.032 0.042 0.030 0.035 0.039  A 27060
   2117.57787 11.300 11.247 11.310 11.342 11.383    0.030 0.041 0.028 0.034 0.038  A 27281
   2124.58794 11.186 11.142 11.200 11.215 11.250    0.028 0.037 0.031 0.038 0.043  A 27629
   2125.56972 11.156 11.119 11.186 11.219 11.251    0.030 0.040 0.031 0.038 0.044  A 27834
   2128.55309 11.128 11.148 11.154 11.180 11.221    0.030 0.044 0.029 0.035 0.039  A 27901
   2129.56343 11.156 11.144 11.166 11.179 11.207    0.026 0.035 0.027 0.032 0.036  A 28122
   2130.55905 11.188 11.188 11.215 11.242 11.290    0.028 0.041 0.028 0.033 0.037  A 28334
   2132.56416 11.205 11.217 11.229 11.255 11.293    0.027 0.038 0.027 0.032 0.036  A 28754
   2134.54727 11.262 11.206 11.254 11.266 11.316    0.032 0.045 0.030 0.035 0.039  A 29174
   2135.55509 11.268 11.217 11.282 11.306 11.337    0.029 0.042 0.029 0.034 0.039  A 29390
   2136.55466 11.301 11.307 11.327 11.337 11.365    0.028 0.036 0.027 0.031 0.036  A 29602
   2140.53006 11.311 11.305 11.340 11.365 11.389    0.038 0.051 0.037 0.042 0.050  A 30138
   2141.55059 11.322 11.272 11.328 11.358 11.396    0.027 0.036 0.028 0.033 0.037  A 30358
   2142.54026 11.311 11.316 11.343 11.372 11.382    0.028 0.038 0.028 0.034 0.038  A 30556
   2144.50877 11.335 11.321 11.341 11.342 11.363    0.028 0.040 0.028 0.034 0.038  A 30950
   2145.51555 11.334 11.325 11.354 11.380 11.414    0.029 0.041 0.029 0.036 0.039  A 31159
   2151.51267 11.232 11.224 11.249 11.252 11.267    0.038 0.047 0.036 0.042 0.047  A 31334
   2442.66555 11.231 11.239 11.251 11.265 11.277    0.043 0.049 0.037 0.041 0.046  A 8497
   2443.66181 11.221 11.274 11.252 11.275 11.288    0.042 0.045 0.038 0.044 0.048  A 8681
   2445.64548 11.295 11.251 11.319 11.345 11.357    0.027 0.033 0.027 0.032 0.036  A 9096
   2446.66869 11.259 11.277 11.259 11.287 11.296    0.037 0.041 0.033 0.038 0.044  A 9269
   2452.63045 11.251 11.242 11.280 11.304 11.343    0.057 0.067 0.049 0.053 0.060  D 9458
   2455.66951 11.161 11.259 11.052 10.984 10.908    0.090 0.086 0.101 0.126 0.151  D 9943
   2459.61753 11.219 11.249 11.240 11.262 11.319    0.064 0.068 0.064 0.075 0.090  D 10117
   2460.64804 11.189 11.182 11.212 11.222 11.252    0.040 0.046 0.034 0.037 0.041  A 10206
   2464.62142 11.156 11.184 11.156 11.155 11.186    0.050 0.061 0.042 0.046 0.049  B 10830
   2465.62283 11.151 11.170 11.157 11.168 11.186    0.053 0.063 0.043 0.048 0.051  B 11051
   2467.61483 11.177 11.168 11.197 11.213 11.250    0.038 0.042 0.033 0.037 0.042  A 11485
   2468.61401 11.147 11.196 11.187 11.193 11.238    0.038 0.042 0.033 0.038 0.043  A 11703
   2473.57372 11.279 11.259 11.273 11.300 11.328    0.058 0.070 0.051 0.055 0.061  D 12654
   2474.62488 11.311 11.255 11.323 11.379 11.394    0.047 0.055 0.041 0.045 0.051  A 12843
   2489.56270 11.382 11.420 11.426 11.444 11.507    0.053 0.061 0.048 0.055 0.062  B 13814
   2493.56263 11.419 11.445 11.457 11.485 11.513    0.052 0.063 0.044 0.048 0.051  B 14440
   2494.56813 11.488 11.491 11.500 11.567 11.562    0.076 0.085 0.074 0.084 0.095  D 14633
   2497.56474 11.473 11.471 11.499 11.513 11.549    0.050 0.058 0.044 0.049 0.055  B 15193
   2498.55286 11.510 11.491 11.546 11.571 11.594    0.051 0.058 0.048 0.054 0.061  B 15399
   2499.54418 11.525 11.519 11.527 11.532 11.567    0.056 0.061 0.056 0.066 0.075  D 15606
   2501.55007 11.584 11.553 11.601 11.628 11.670    0.044 0.049 0.037 0.040 0.046  A 15970
   2508.57288 11.634 11.643 11.667 11.667 11.696    0.054 0.062 0.048 0.053 0.059  D 16765
   2510.53298 11.618 11.624 11.652 11.693 11.753    0.026 0.029 0.026 0.032 0.037  A 16932
   2511.59465 99.999 99.999 99.999 99.999 99.999    0.049 0.051 0.049 0.059 0.070  C 17074
   2519.65595 11.682 11.670 11.717 11.744 11.804    0.030 0.033 0.026 0.030 0.035  A 18010
   2520.65120 11.734 11.750 11.775 11.808 11.870    0.022 0.027 0.022 0.027 0.031  A 18207
   2524.61567 11.710 11.715 11.697 11.706 11.742    0.053 0.060 0.049 0.055 0.062  B 18641
   2535.54548 11.758 11.762 11.798 11.811 11.843    0.031 0.036 0.030 0.036 0.041  A 19226
   2546.54186 11.805 11.836 11.842 11.859 11.894    0.032 0.041 0.026 0.031 0.037  A 20304
   2548.53547 11.870 11.864 11.889 11.926 11.987    0.033 0.043 0.030 0.035 0.040  A 20552
   2561.53196 11.870 11.886 11.912 11.971 12.019    0.033 0.038 0.030 0.036 0.041  A 22511
   2564.52949 11.895 11.984 11.937 11.970 12.054    0.051 0.056 0.047 0.055 0.061  B 23048
   2566.50397 11.828 11.794 11.899 11.958 12.035    0.030 0.041 0.032 0.039 0.044  A 23394
   2683.86887 11.381 11.381 11.420 11.444 11.490    0.030 0.039 0.029 0.034 0.040  A 39914
   2686.87577 11.317 11.354 11.340 11.370 11.415    0.029 0.038 0.031 0.038 0.044  A 40463
   2689.87131 11.332 11.343 11.362 11.393 11.428    0.035 0.037 0.036 0.044 0.050  A 41009
   2693.88896 11.242 11.252 11.284 11.303 11.363    0.041 0.041 0.041 0.048 0.055  A 41691
   2698.86180 11.264 11.212 11.281 11.281 11.325    0.035 0.041 0.036 0.044 0.053  A 42605
   2701.85776 11.246 11.245 11.270 11.286 11.290    0.027 0.034 0.026 0.032 0.036  A 43181
   2704.85017 11.267 11.231 11.280 11.292 11.308    0.028 0.034 0.028 0.033 0.038  A 43754
   2706.86878 11.254 11.257 11.271 11.275 11.297    0.027 0.032 0.028 0.034 0.039  A 44127
   2709.84443 11.217 11.276 11.261 11.275 11.282    0.044 0.041 0.034 0.037 0.041  A 44659
   2711.90005 11.239 11.193 11.264 11.271 11.303    0.047 0.043 0.049 0.059 0.067  B 45054
   2713.87899 11.209 11.232 11.233 11.235 11.256    0.043 0.040 0.043 0.053 0.058  B 45422
   2717.85445 11.181 11.184 11.193 11.173 11.196    0.050 0.045 0.050 0.060 0.068  B 45949
   2720.83199 11.282 11.216 11.297 11.309 11.313    0.042 0.043 0.041 0.051 0.058  B 46375
   2725.79487 11.279 11.300 11.297 11.305 11.333    0.038 0.041 0.036 0.043 0.051  A 47332
   2729.84289 11.257 11.301 11.268 11.254 11.279    0.039 0.040 0.035 0.042 0.048  A 48149
   2732.86245 11.369 11.351 11.405 11.493 11.481    0.041 0.038 0.040 0.049 0.055  A 48508
   2735.80431 11.295 11.295 11.308 11.328 11.362    0.028 0.032 0.029 0.035 0.040  A 49097
   2739.81940 11.267 11.226 11.260 11.266 11.308    0.037 0.037 0.032 0.037 0.043  A 49836
   2741.81546 11.162 11.174 11.180 11.189 11.212    0.031 0.034 0.030 0.036 0.042  A 50227
   2743.80771 11.175 11.084 11.164 11.175 11.212    0.037 0.039 0.031 0.037 0.042  A 50616
   2754.80296 11.271 11.314 11.310 11.344 11.371    0.028 0.031 0.025 0.030 0.034  A 52312
   2756.77543 11.298 11.295 11.319 11.337 11.386    0.028 0.029 0.027 0.032 0.037  A 52713
   2760.76073 11.273 11.312 11.278 11.294 11.333    0.026 0.029 0.027 0.034 0.038  A 53477
   2762.75044 11.184 11.260 11.214 11.218 11.258    0.057 0.056 0.061 0.075 0.088  D 53881
   2764.74987 11.192 11.178 11.193 11.227 11.239    0.026 0.029 0.026 0.032 0.036  A 54294
   2768.82994 11.102 11.152 11.119 11.145 11.165    0.027 0.035 0.027 0.033 0.038  A 54648
   2782.79300 11.238 11.228 11.254 11.286 11.331    0.028 0.037 0.028 0.033 0.038  A 55779
   2784.73386 11.256 11.248 11.267 11.287 11.319    0.025 0.029 0.026 0.032 0.036  A 56173
   2786.69695 11.270 11.304 11.305 11.325 11.360    0.030 0.033 0.026 0.030 0.035  A 56591
   2788.79955 11.341 11.351 11.374 11.431 11.522    0.066 0.065 0.075 0.093 0.111  D 56948
   2791.68125 11.337 11.392 11.348 11.362 11.399    0.036 0.037 0.033 0.039 0.044  A 57564
   2808.71678 11.309 11.303 11.325 11.315 11.309    0.044 0.049 0.048 0.059 0.068  B 59338
   2810.63537 11.257 11.266 11.260 11.265 11.292    0.026 0.031 0.026 0.031 0.036  A 59731
   2811.82114 11.256 11.238 11.288 11.296 11.326    0.034 0.037 0.034 0.041 0.048  A 60031
   2813.71154 11.230 11.231 11.249 11.270 11.301    0.024 0.038 0.025 0.030 0.034  A 60442
   2820.80517 11.191 11.162 11.173 11.202 11.221    0.036 0.040 0.032 0.038 0.043  A 61582
   2824.68219 11.177 11.196 11.250 11.305 11.433    0.074 0.074 0.082 0.100 0.121  D 61951
   2829.60691 11.505 11.500 11.511 11.515 11.578    0.054 0.057 0.056 0.069 0.084  D 62272
   2834.64492 11.687 11.741 11.656 11.596 11.655    0.067 0.065 0.075 0.094 0.112  D 63340
   2838.74860 11.510 11.486 11.495 11.510 11.545    0.030 0.033 0.028 0.034 0.038  A 63945
   2845.76179 11.396 11.387 11.396 11.419 11.446    0.039 0.043 0.035 0.040 0.044  A 65271
   2851.64377 11.397 11.388 11.408 11.425 11.456    0.033 0.034 0.030 0.035 0.040  A 65442
   2853.76147 11.462 11.439 11.471 11.491 11.522    0.030 0.032 0.027 0.032 0.036  A 65712
   2861.57062 11.548 11.549 11.590 11.628 11.663    0.033 0.033 0.032 0.040 0.046  A 66940
   2866.68129 11.566 11.535 11.577 11.589 11.611    0.029 0.035 0.029 0.034 0.039  A 67576
   2867.73874 11.574 11.590 11.601 11.626 11.661    0.035 0.037 0.034 0.042 0.048  A 67805
   2872.54010 11.616 11.608 11.639 11.662 11.704    0.029 0.032 0.026 0.031 0.036  A 68120
   2875.58062 11.545 11.539 11.562 11.593 11.617    0.025 0.030 0.025 0.030 0.034  A 68527
   2877.57172 11.548 11.528 11.558 11.561 11.569    0.026 0.032 0.026 0.032 0.036  A 68921
   2879.56962 11.591 11.600 11.607 11.616 11.640    0.033 0.035 0.031 0.036 0.042  A 69226
   2882.59311 11.529 11.533 11.542 11.558 11.558    0.029 0.035 0.029 0.034 0.039  A 69488
   2888.59394 11.533 11.495 11.530 11.542 11.585    0.043 0.046 0.036 0.041 0.047  A 70426
   2894.56975 11.602 11.585 11.621 11.644 11.694    0.027 0.033 0.028 0.034 0.039  A 71049
   2896.59092 11.619 11.595 11.631 11.639 11.650    0.027 0.031 0.028 0.033 0.038  A 71452
   2898.57854 11.709 11.687 11.751 11.802 11.853    0.025 0.029 0.026 0.032 0.035  A 71845
   2900.57335 11.748 11.725 11.766 11.800 11.816    0.029 0.033 0.029 0.034 0.039  A 72200
   2904.56009 11.824 11.840 11.844 11.888 11.948    0.033 0.042 0.031 0.036 0.042  A 72826
   2906.55842 12.373 12.804 12.352 12.376 12.444    0.026 0.032 0.025 0.030 0.034  A 73148
   2909.55995 11.874 11.864 11.925 11.967 12.007    0.025 0.030 0.026 0.032 0.036  A 73571
   2911.53160 11.847 11.791 11.886 11.917 11.979    0.026 0.032 0.027 0.032 0.037  A 73871
   2916.49740 11.812 11.691 11.820 11.871 11.904    0.059 0.055 0.059 0.069 0.078  D 74520
   2917.59473 11.651 11.640 11.708 11.744 11.801    0.031 0.035 0.033 0.040 0.047  A 74748
   2922.49931 11.563 11.547 11.556 11.566 11.578    0.050 0.054 0.040 0.047 0.052  B 75211
   2924.51820 11.452 11.447 11.457 11.473 11.510    0.033 0.038 0.032 0.037 0.043  A 75596
   2927.52921 11.415 11.425 11.439 11.466 11.479    0.028 0.030 0.029 0.035 0.040  A 75957
   2929.53028 11.489 11.472 11.496 11.524 11.557    0.027 0.032 0.029 0.035 0.040  A 76314
   2931.53466 11.542 11.549 11.568 11.609 11.663    0.028 0.035 0.030 0.036 0.041  A 76679
   2933.53827 11.558 11.533 11.579 11.602 11.614    0.029 0.035 0.031 0.037 0.043  A 77035
   2935.53952 11.626 11.601 11.642 11.664 11.698    0.027 0.031 0.029 0.035 0.040  A 77393
   2937.53684 11.657 11.601 11.708 11.775 11.836    0.027 0.030 0.028 0.034 0.038  A 77665
   2943.51190 11.703 11.664 11.718 11.752 11.783    0.028 0.034 0.030 0.037 0.043  A 78312
   2949.50784 11.600 11.619 11.647 11.694 11.772    0.035 0.036 0.038 0.047 0.054  A 79235
   3055.88545 11.281 11.248 11.310 11.354 11.403    0.029 0.031 0.032 0.039 0.044  A 91632
   3057.81931 11.261 11.224 11.267 11.269 11.288    0.047 0.047 0.047 0.055 0.063  B 91880
   3057.84763 11.269 11.277 11.274 11.281 11.306    0.038 0.038 0.039 0.046 0.052  A 91889
   3057.89800 11.247 11.257 11.284 11.325 11.379    0.033 0.034 0.037 0.046 0.053  A 91908
   3059.87707 11.353 11.367 11.386 11.428 11.444    0.033 0.034 0.037 0.045 0.052  A 92157
   3063.87776 11.311 11.323 11.324 11.341 11.413    0.039 0.038 0.044 0.054 0.064  B 92692
   3068.86823 11.304 11.343 11.349 11.381 11.389    0.032 0.033 0.034 0.041 0.048  A 93276
   3072.85676 11.334 11.320 99.999 99.999 99.999    0.032 0.032 0.034 0.041 0.047  C 93810
   3081.84413 11.249 11.280 11.263 11.276 99.999    0.029 0.032 0.030 0.036 0.041  C 95076
   3086.90721 11.268 11.298 11.287 11.296 11.306    0.031 0.036 0.031 0.037 0.043  A 95550
   3090.84661 11.248 11.242 11.250 11.256 11.268    0.032 0.034 0.034 0.042 0.048  A 96142
   3097.79378 11.256 11.271 11.259 11.284 11.311    0.033 0.035 0.037 0.044 0.051  A 96866
   3100.84321 11.264 11.283 11.273 11.289 11.323    0.037 0.037 0.039 0.048 0.057  A 97339
   3103.83779 11.209 11.240 11.224 11.235 11.259    0.041 0.041 0.044 0.055 0.065  B 97814
   3107.89394 11.262 11.300 11.310 11.336 11.367    0.038 0.036 0.037 0.045 0.052  A 98470
   3113.81863 11.363 11.368 11.397 11.441 11.481    0.029 0.034 0.030 0.036 0.042  A 99386
   3116.80730 11.316 11.302 11.305 11.298 11.295    0.028 0.030 0.028 0.034 0.039  A 99875
   3122.83016 11.203 11.140 11.233 11.259 11.268    0.032 0.038 0.034 0.041 0.047  A 100280
   3125.75309 11.192 11.165 11.208 11.216 11.235    0.034 0.035 0.036 0.043 0.049  A 100754
   3127.75579 11.212 11.177 11.236 11.264 11.290    0.045 0.044 0.051 0.063 0.074  D 101069
   3129.79353 11.239 11.200 11.256 11.259 11.287    0.053 0.060 0.062 0.075 0.090  D 101408
   3144.75764 11.244 11.302 11.266 11.294 11.335    0.032 0.039 0.033 0.039 0.047  A 103310
   3153.77117 11.085 11.090 11.106 11.121 11.150    0.027 0.029 0.027 0.034 0.038  A 103807
   3153.78710 11.118 11.135 11.139 11.155 11.175    0.029 0.030 0.029 0.035 0.040  A 103813
   3153.79494 11.110 11.147 11.135 11.162 11.183    0.029 0.031 0.029 0.035 0.041  A 103815
   3153.80019 11.102 11.119 11.119 11.133 11.169    0.029 0.029 0.028 0.034 0.038  A 103817
   3153.82158 11.068 11.109 11.110 11.127 11.156    0.032 0.032 0.032 0.039 0.045  A 103825
   3156.70944 11.136 11.158 11.153 11.170 11.191    0.037 0.038 0.042 0.052 0.061  B 104188
   3162.74535 11.321 11.318 11.330 11.345 11.368    0.031 0.034 0.032 0.040 0.045  A 104882
   3164.76446 11.366 11.378 11.391 11.426 11.462    0.026 0.029 0.027 0.033 0.038  A 105239
   3169.77561 11.443 11.453 11.474 11.515 11.573    0.028 0.032 0.029 0.036 0.040  A 105974
   3172.76091 11.419 11.379 11.437 11.464 11.502    0.033 0.034 0.034 0.041 0.047  A 106314
   3175.88617 11.384 11.377 11.400 11.418 11.458    0.032 0.033 0.033 0.040 0.047  A 106670
   3178.65348 11.343 11.374 11.378 11.412 11.444    0.029 0.030 0.032 0.039 0.044  A 107061
   3180.75055 11.352 11.355 11.353 11.358 11.386    0.027 0.035 0.029 0.035 0.040  A 107378
   3182.62357 11.321 11.330 11.342 11.352 11.393    0.028 0.030 0.029 0.035 0.040  A 107496
   3183.73788 11.331 11.326 11.358 11.385 11.422    0.027 0.030 0.028 0.035 0.040  A 107684
   3189.68041 11.228 11.267 11.258 11.279 11.317    0.034 0.036 0.036 0.044 0.052  A 108441
   3191.79407 11.250 11.219 11.244 11.252 11.274    0.039 0.040 0.043 0.053 0.062  B 108777
   3266.53878 11.634 11.620 11.651 11.668 11.697    0.027 0.029 0.024 0.029 0.033  A 115148
   3273.59809 11.628 11.679 11.661 11.669 11.688    0.030 0.032 0.031 0.037 0.042  A 116189
   3279.51782 11.763 11.714 11.793 11.823 11.853    0.027 0.034 0.027 0.032 0.036  A 116932
   3293.54849 12.058 12.017 12.103 12.168 12.240    0.034 0.037 0.031 0.036 0.042  A 118286
   3299.51176 11.790 11.796 11.844 11.875 11.894    0.029 0.031 0.028 0.035 0.041  A 118904
   3579.60137 11.363 11.345 11.390 11.433 11.450    0.022 0.030 0.023 0.027 0.030  A 152140
   3579.60403 11.365 11.388 11.410 11.439 11.494    0.029 0.048 0.026 0.030 0.033  A 152141
   3579.60664 11.388 11.398 11.440 11.472 11.513    0.028 0.044 0.025 0.029 0.032  A 152142
   3579.60939 11.385 11.349 11.412 11.431 11.452    0.023 0.029 0.023 0.028 0.031  A 152143
   3579.61199 11.464 11.405 11.490 11.525 11.582    0.024 0.036 0.023 0.028 0.032  A 152144
   3579.61466 11.367 11.383 11.401 11.439 11.495    0.023 0.032 0.025 0.030 0.033  A 152145
   3579.61733 11.391 11.380 11.403 11.417 11.456    0.021 0.026 0.023 0.027 0.031  A 152146
   3579.61990 11.415 11.395 11.429 11.438 11.455    0.024 0.032 0.024 0.029 0.032  A 152147
   3579.62255 11.388 11.389 11.438 11.472 11.504    0.023 0.033 0.023 0.028 0.030  A 152148
   3579.62507 11.393 11.416 11.437 11.477 11.499    0.033 0.061 0.029 0.034 0.037  A 152149
   3579.62787 11.392 11.424 11.440 11.500 11.525    0.030 0.056 0.028 0.034 0.038  A 152150
   3579.63054 11.377 11.316 11.405 11.434 11.495    0.030 0.053 0.027 0.031 0.035  A 152151
   3579.63315 11.348 11.345 11.381 11.410 11.460    0.031 0.056 0.028 0.033 0.036  A 152152
   3579.63577 11.428 11.439 11.472 11.507 11.537    0.031 0.057 0.028 0.034 0.037  A 152153
   3579.63838 11.374 11.388 11.420 11.476 11.532    0.023 0.033 0.024 0.029 0.033  A 152154
   3579.64188 11.389 11.320 11.425 11.461 11.506    0.024 0.036 0.025 0.030 0.034  A 152155
   3579.64452 11.422 11.402 11.468 11.501 11.523    0.038 0.069 0.034 0.038 0.041  A 152156
   3579.64717 11.402 11.363 11.431 11.449 11.459    0.038 0.068 0.033 0.037 0.041  A 152157
   3579.64993 11.403 11.468 11.420 11.436 11.435    0.036 0.063 0.031 0.035 0.038  A 152158
   3579.65254 11.357 11.310 11.390 11.415 11.436    0.034 0.060 0.030 0.034 0.037  A 152159
   3579.65517 11.421 11.405 11.436 11.439 11.474    0.026 0.040 0.024 0.030 0.033  A 152160
   3579.65787 11.414 11.422 11.438 11.451 11.468    0.032 0.058 0.029 0.034 0.037  A 152161
   3579.66044 11.395 11.379 11.409 11.410 11.398    0.030 0.051 0.026 0.032 0.035  A 152162
   3579.66312 11.424 11.454 11.432 11.457 11.467    0.032 0.061 0.028 0.034 0.037  A 152163
   3579.66571 11.398 11.430 11.421 11.434 11.443    0.025 0.040 0.024 0.029 0.033  A 152164
   3579.66833 11.344 11.354 11.389 11.415 11.439    0.030 0.057 0.028 0.033 0.036  A 152165
   3579.67087 11.381 11.341 11.434 11.478 11.495    0.028 0.050 0.028 0.032 0.036  A 152166
   3579.67420 11.361 11.296 11.412 11.468 11.506    0.029 0.054 0.027 0.032 0.035  A 152167
   3579.67683 11.334 11.304 11.369 11.391 11.431    0.031 0.057 0.028 0.033 0.036  A 152168
   3579.67951 11.393 11.378 11.433 11.458 11.493    0.028 0.046 0.025 0.030 0.034  A 152169
   3579.68222 11.339 11.325 11.398 11.453 11.491    0.027 0.048 0.026 0.031 0.034  A 152170
   3579.68467 11.333 11.340 11.373 11.397 11.427    0.029 0.052 0.026 0.031 0.035  A 152171
   3579.68732 11.340 11.329 11.403 11.423 11.454    0.032 0.060 0.029 0.034 0.037  A 152172
   3579.68988 11.386 11.322 11.417 11.453 11.484    0.034 0.062 0.031 0.035 0.039  A 152173
   3579.69265 11.359 11.321 11.385 11.402 11.435    0.034 0.063 0.031 0.036 0.039  A 152174
   3579.69533 11.376 11.375 11.407 11.420 11.438    0.037 0.068 0.033 0.038 0.041  A 152175
   3579.69816 11.387 11.412 11.403 11.435 11.475    0.033 0.060 0.031 0.035 0.039  A 152176
   3579.70079 11.408 11.426 11.434 11.459 11.507    0.027 0.044 0.025 0.031 0.034  A 152177
   3579.70355 11.372 11.316 11.390 11.408 11.404    0.028 0.048 0.026 0.031 0.033  A 152178
   3579.70623 11.431 11.436 11.450 11.448 11.458    0.031 0.058 0.029 0.033 0.037  A 152179
   3579.70879 11.409 11.439 11.443 11.440 11.448    0.032 0.059 0.028 0.034 0.036  A 152180
   3579.71152 99.999 99.999 99.999 99.999 99.999    0.024 0.039 0.025 0.031 0.034  C 152181
   3579.71409 99.999 99.999 99.999 99.999 99.999    0.033 0.061 0.030 0.035 0.039  C 152182
   3579.71673 11.408 11.414 11.426 11.451 11.466    0.028 0.046 0.026 0.031 0.034  A 152183
   3579.71940 11.382 11.363 11.425 11.462 11.506    0.028 0.049 0.026 0.031 0.035  A 152184
   3579.72209 11.357 11.321 11.406 11.435 11.459    0.033 0.057 0.032 0.037 0.041  A 152185
   3579.72467 11.426 11.437 11.460 11.494 11.519    0.031 0.056 0.029 0.034 0.038  A 152186
   3579.72733 11.388 11.415 11.420 11.451 11.494    0.027 0.045 0.026 0.031 0.035  A 152187
   3579.72991 11.382 11.308 11.408 11.436 11.459    0.027 0.044 0.026 0.031 0.035  A 152188
   3579.73253 11.422 11.398 11.444 11.500 11.545    0.029 0.047 0.027 0.032 0.035  A 152189
   3579.73521 11.339 11.319 11.355 11.366 11.423    0.026 0.043 0.025 0.030 0.034  A 152190
   3579.73786 11.376 11.384 11.386 11.399 11.391    0.025 0.036 0.025 0.030 0.034  A 152191
   3579.74050 11.390 11.378 11.404 11.406 11.422    0.027 0.045 0.025 0.030 0.034  A 152192
   3579.74310 11.385 11.350 11.428 11.451 11.493    0.022 0.027 0.024 0.030 0.033  A 152193
   3579.74563 11.394 11.357 11.428 11.463 11.459    0.029 0.050 0.028 0.033 0.036  A 152194
   3579.74827 11.336 11.333 11.380 11.401 11.450    0.028 0.044 0.026 0.032 0.035  A 152195
   3579.75097 11.710 11.769 11.686 11.687 11.694    0.024 0.037 0.024 0.029 0.033  A 152196
   3581.57778 11.351 11.360 11.387 11.416 11.434    0.022 0.024 0.024 0.029 0.032  A 152417
   3581.58041 11.350 11.308 11.380 11.409 11.454    0.031 0.051 0.029 0.034 0.036  A 152418
   3581.58298 11.369 11.358 11.393 11.417 11.440    0.025 0.040 0.024 0.029 0.032  A 152419
   3581.58542 11.311 11.318 11.350 11.378 11.408    0.028 0.050 0.026 0.031 0.034  A 152420
   3581.58796 99.999 99.999 99.999 99.999 99.999    0.023 0.033 0.024 0.029 0.032  C 152421
   3581.59048 11.396 11.400 11.429 11.447 11.454    0.022 0.032 0.023 0.028 0.031  A 152422
   3581.59295 11.349 11.308 11.358 11.364 11.385    0.022 0.036 0.023 0.028 0.031  A 152423
   3581.59549 99.999 99.999 99.999 99.999 99.999    0.020 0.029 0.023 0.028 0.031  C 152424
   3581.59802 11.401 11.314 11.426 11.469 11.511    0.032 0.059 0.028 0.032 0.036  A 152425
   3581.60048 11.359 11.345 11.395 11.440 11.492    0.025 0.036 0.025 0.031 0.034  A 152426
   3581.60301 11.402 11.416 11.436 11.457 11.486    0.021 0.026 0.022 0.028 0.031  A 152427
   3581.60574 11.361 11.320 11.385 11.400 11.423    0.023 0.026 0.024 0.029 0.033  A 152428
   3581.60828 11.377 11.395 11.414 11.456 11.490    0.033 0.054 0.029 0.033 0.036  A 152429
   3581.61075 11.328 11.335 11.388 11.426 11.441    0.033 0.059 0.029 0.033 0.036  A 152430
   3581.61332 11.385 11.361 11.428 11.473 11.507    0.024 0.029 0.025 0.029 0.032  A 152431
   3581.61578 11.374 11.344 11.415 11.444 11.469    0.032 0.055 0.028 0.033 0.036  A 152432
   3581.61840 11.401 11.391 11.401 11.419 11.436    0.037 0.067 0.031 0.036 0.039  A 152433
   3581.62085 11.344 11.351 11.400 11.441 11.493    0.026 0.039 0.025 0.030 0.033  A 152434
   3581.62336 11.387 11.352 11.421 11.458 11.500    0.030 0.054 0.027 0.031 0.034  A 152435
   3581.62587 11.381 11.407 11.410 11.433 11.466    0.032 0.061 0.029 0.034 0.037  A 152436
   3581.62838 11.411 11.398 11.430 11.466 11.509    0.028 0.049 0.025 0.030 0.033  A 152437
   3581.63094 11.403 11.401 11.422 11.436 11.476    0.028 0.049 0.025 0.030 0.033  A 152438
   3581.63344 11.414 11.382 11.435 11.445 11.475    0.024 0.034 0.024 0.029 0.032  A 152439
   3581.63609 11.388 11.394 11.407 11.435 11.463    0.030 0.049 0.026 0.030 0.034  A 152440
   3581.63873 11.371 11.405 11.410 11.446 11.468    0.026 0.045 0.024 0.029 0.032  A 152441
   3581.64133 11.352 11.374 11.388 11.432 11.470    0.026 0.046 0.024 0.030 0.033  A 152442
   3581.64381 11.348 11.334 11.375 11.388 11.422    0.027 0.048 0.024 0.029 0.033  A 152443
   3581.64639 11.304 11.301 11.358 11.379 11.408    0.026 0.042 0.023 0.028 0.032  A 152444
   3581.64884 11.388 11.389 11.435 11.472 11.506    0.025 0.041 0.022 0.026 0.030  A 152445
   3581.65136 11.349 11.331 11.368 11.373 11.419    0.029 0.049 0.026 0.030 0.034  A 152446
   3581.65386 11.398 11.351 11.408 11.407 11.437    0.028 0.046 0.025 0.029 0.033  A 152447
   3581.65642 11.365 11.300 11.393 11.414 11.441    0.028 0.052 0.025 0.030 0.034  A 152448
   3581.65886 11.357 11.347 11.384 11.392 11.405    0.027 0.048 0.026 0.031 0.034  A 152449
   3581.66145 11.331 11.321 11.360 11.394 11.422    0.022 0.031 0.022 0.027 0.030  A 152450
   3581.66399 11.313 11.310 11.351 11.383 11.410    0.026 0.044 0.024 0.029 0.032  A 152451
   3581.66654 11.335 11.325 11.370 11.410 11.439    0.028 0.051 0.025 0.029 0.033  A 152452
   3581.66900 11.360 11.315 11.374 11.384 11.406    0.026 0.044 0.024 0.029 0.032  A 152453
   3581.67162 11.323 11.249 11.332 11.356 11.404    0.030 0.052 0.026 0.031 0.035  A 152454
   3581.67407 11.329 11.290 11.362 11.389 11.413    0.029 0.054 0.026 0.031 0.034  A 152455
   3581.67653 11.323 11.279 11.343 11.353 11.381    0.033 0.061 0.029 0.033 0.037  A 152456
   3581.67904 11.363 11.375 11.386 11.404 11.436    0.027 0.047 0.024 0.030 0.033  A 152457
   3581.68165 11.377 11.377 11.383 11.382 11.383    0.031 0.054 0.027 0.033 0.036  A 152458
   3581.68418 11.377 11.360 11.402 11.419 11.440    0.030 0.057 0.027 0.032 0.035  A 152459
   3581.68674 11.383 11.350 11.400 11.421 11.436    0.026 0.043 0.025 0.030 0.034  A 152460
   3581.68928 11.307 11.300 11.348 11.363 11.381    0.030 0.054 0.027 0.032 0.035  A 152461
   3581.69185 11.325 11.319 11.367 11.392 11.426    0.030 0.055 0.027 0.032 0.035  A 152462
   3581.69440 11.350 11.388 11.393 11.416 11.435    0.028 0.050 0.025 0.030 0.034  A 152463
   3581.69690 11.386 11.364 11.397 11.423 11.457    0.030 0.054 0.027 0.032 0.034  A 152464
   3581.69934 11.341 11.321 11.375 11.400 11.406    0.033 0.062 0.030 0.035 0.039  A 152465
   3581.70275 11.328 11.318 11.378 11.420 11.437    0.031 0.060 0.028 0.033 0.037  A 152466
   3581.70518 11.378 11.374 11.415 11.446 11.467    0.027 0.046 0.025 0.031 0.033  A 152467
   3581.70781 11.380 11.378 11.399 11.427 11.445    0.031 0.056 0.027 0.032 0.036  A 152468
   3581.71027 11.363 11.338 11.393 11.419 11.447    0.032 0.061 0.029 0.034 0.037  A 152469
   3581.71375 11.367 11.335 11.403 11.423 11.442    0.028 0.049 0.025 0.030 0.033  A 152470
   3581.71623 11.436 11.457 11.476 11.515 11.572    0.028 0.048 0.025 0.030 0.033  A 152471
   3581.71871 11.378 11.393 11.405 11.419 11.419    0.033 0.061 0.030 0.035 0.038  A 152472
   3581.72125 11.360 11.370 11.407 11.459 11.522    0.025 0.037 0.022 0.027 0.031  A 152473
   3581.72369 11.387 11.398 11.416 11.452 11.477    0.023 0.035 0.023 0.029 0.032  A 152474
   3581.72700 11.407 11.392 11.426 11.459 11.485    0.031 0.057 0.027 0.032 0.035  A 152475
   3581.72960 11.382 11.395 11.421 11.456 11.475    0.028 0.048 0.026 0.030 0.034  A 152476
   3581.73209 99.999 99.999 99.999 99.999 99.999    0.020 0.025 0.022 0.027 0.030  C 152477
   3581.73459 11.388 11.348 11.409 11.446 11.490    0.022 0.027 0.023 0.027 0.031  A 152478
   3581.73722 11.364 11.304 11.388 11.420 11.424    0.025 0.036 0.023 0.027 0.031  A 152479
   3581.73977 11.348 11.365 11.354 11.366 11.404    0.023 0.034 0.022 0.027 0.031  A 152480
   3581.74246 11.380 11.334 11.415 11.444 11.485    0.024 0.035 0.023 0.027 0.031  A 152481
   3581.74503 11.376 11.395 11.426 11.466 11.489    0.023 0.035 0.022 0.027 0.030  A 152482
   3581.74748 11.375 11.403 11.387 11.410 11.430    0.020 0.020 0.020 0.025 0.029  A 152483
   3581.74997 11.359 11.366 11.391 11.395 11.418    0.020 0.023 0.021 0.026 0.030  A 152484
   3581.75266 11.379 11.373 11.406 11.451 11.495    0.021 0.027 0.021 0.026 0.029  A 152485
   3581.75521 11.374 11.370 11.433 11.485 11.534    0.020 0.022 0.021 0.025 0.029  A 152486
   3581.75850 11.360 11.360 11.407 11.435 11.494    0.025 0.035 0.022 0.027 0.030  A 152487
   3581.76100 11.463 11.507 11.476 11.485 11.493    0.022 0.027 0.021 0.027 0.030  A 152488
   3582.61470 11.376 11.382 11.414 11.440 11.467    0.028 0.046 0.026 0.030 0.033  A 152632
   3582.61800 11.388 11.351 11.426 11.465 11.488    0.032 0.054 0.028 0.032 0.035  A 152633
   3582.62052 11.401 11.424 11.438 11.495 11.520    0.033 0.058 0.029 0.034 0.037  A 152634
   3582.62300 11.383 11.320 11.403 11.426 11.443    0.029 0.046 0.026 0.030 0.033  A 152635
   3582.62548 11.391 11.416 11.432 11.464 11.487    0.032 0.056 0.029 0.033 0.036  A 152636
   3582.62800 11.404 11.355 11.426 11.445 11.484    0.028 0.044 0.025 0.029 0.032  A 152637
   3582.63128 11.373 11.364 11.403 11.444 11.496    0.023 0.031 0.023 0.028 0.031  A 152638
   3582.63375 11.378 11.359 11.390 11.407 11.439    0.022 0.031 0.024 0.028 0.031  A 152639
   3582.63622 11.401 11.345 11.426 11.447 11.473    0.039 0.071 0.034 0.038 0.041  B 152640
   3582.63874 11.448 11.416 11.465 11.476 11.504    0.036 0.063 0.032 0.036 0.038  A 152641
   3582.64205 11.334 11.315 11.396 11.434 11.471    0.033 0.058 0.028 0.033 0.036  A 152642
   3582.64443 11.359 11.346 11.403 11.437 11.457    0.035 0.063 0.032 0.036 0.039  A 152643
   3582.64695 11.375 11.348 11.405 11.422 11.427    0.033 0.060 0.031 0.034 0.037  A 152644
   3582.64943 11.426 11.404 11.447 11.470 11.493    0.036 0.064 0.031 0.036 0.039  A 152645
   3582.65195 11.432 11.482 11.442 11.466 11.517    0.037 0.066 0.032 0.036 0.039  A 152646
   3582.65445 11.423 11.435 11.460 11.488 11.497    0.029 0.050 0.027 0.032 0.035  A 152647
   3582.65772 11.364 11.340 11.385 11.398 11.413    0.022 0.031 0.023 0.028 0.032  A 152648
   3582.66020 11.410 11.428 11.432 11.441 11.458    0.038 0.070 0.034 0.038 0.041  B 152649
   3582.66349 11.410 11.414 11.445 11.478 11.507    0.029 0.047 0.028 0.033 0.036  A 152650
   3582.66599 11.344 11.329 11.383 11.376 11.380    0.037 0.070 0.032 0.037 0.040  B 152651
   3582.66850 11.318 11.314 11.379 11.419 99.999    0.029 0.049 0.026 0.031 0.034  C 152652
   3582.67103 11.423 11.433 11.451 11.482 11.497    0.031 0.057 0.028 0.032 0.035  A 152653
   3582.67354 11.381 11.406 11.405 11.448 11.453    0.033 0.061 0.029 0.034 0.036  A 152654
   3582.67607 11.362 11.378 11.409 11.445 11.480    0.032 0.058 0.028 0.032 0.035  A 152655
   3582.67857 11.346 11.313 11.386 11.428 11.460    0.034 0.062 0.030 0.034 0.037  A 152656
   3582.68099 11.318 11.283 11.361 11.371 11.362    0.039 0.069 0.033 0.037 0.040  A 152657
   3582.68351 11.290 11.255 11.338 11.382 11.394    0.037 0.067 0.033 0.036 0.040  A 152658
   3582.68601 11.394 11.387 11.442 11.487 11.534    0.036 0.066 0.033 0.037 0.039  A 152659
   3582.68851 11.357 11.340 11.402 11.436 11.472    0.038 0.067 0.033 0.037 0.040  A 152660
   3582.69097 11.323 11.251 11.350 11.376 11.403    0.039 0.073 0.035 0.038 0.042  B 152661
   3582.69344 11.329 11.249 11.349 11.367 11.371    0.032 0.058 0.029 0.033 0.036  A 152662
   3582.69594 11.390 11.410 11.427 11.475 11.508    0.032 0.057 0.030 0.033 0.037  A 152663
   3582.69843 11.397 11.383 11.435 11.470 11.508    0.037 0.068 0.032 0.037 0.040  A 152664
   3582.70096 11.392 11.362 11.431 11.468 11.483    0.040 0.073 0.035 0.039 0.042  B 152665
   3582.70347 11.369 11.311 11.406 11.445 11.468    0.031 0.049 0.031 0.036 0.040  A 152666
   3582.70674 11.372 11.408 11.381 11.388 11.406    0.041 0.072 0.038 0.043 0.047  B 152667
   3582.70924 11.397 11.437 11.414 11.419 11.403    0.045 0.074 0.043 0.050 0.055  B 152668
   3582.71172 11.398 11.387 11.425 11.427 11.410    0.040 0.070 0.039 0.045 0.049  B 152669
   3582.71418 11.363 11.361 11.379 11.388 11.386    0.046 0.071 0.047 0.055 0.061  B 152670
   3582.71671 11.327 11.297 11.342 11.320 11.315    0.039 0.064 0.036 0.042 0.046  A 152671
   3582.71999 11.361 11.410 11.390 11.399 11.422    0.039 0.064 0.037 0.044 0.049  A 152672
   3582.72238 11.325 11.318 11.365 11.411 11.430    0.034 0.051 0.034 0.040 0.046  A 152673
#ndata= 15
#dataset= 2 ; 1 F1836-32_189
#desig= 180917-2814.0
#cra=   18.154602  18:09:16.6
#cdec= -28.232613 -28:13:57.4
#class= 0
#cmag_0= 11.331
#cmer_0=  0.123
#nskip_0= 2
#cmag_1= 11.369
#cmer_1=  0.106
#nskip_1= 1
#cmag_2= 11.425
#cmer_2=  0.123
#nskip_2= 1
#cmag_3= 11.463
#cmer_3=  0.136
#nskip_3= 0
#cmag_4= 11.466
#cmer_4=  0.130
#nskip_4= 0
#ra=   18.154602  18:09:16.6
#dec= -28.232613 -28:13:57.4
#     HJD      MAG_1  MAG_0  MAG_2  MAG_3  MAG_4    MER_1 MER_0 MER_2 MER_3 MER_4 GRADE FRAME
   2463.64977 11.183 11.033 11.202 11.253 11.275    0.046 0.052 0.040 0.046 0.052  B 10624
   2544.58263 11.826 11.707 11.889 11.941 11.919    0.040 0.050 0.036 0.042 0.047  B 19960
   2726.80840 11.217 11.152 11.275 11.339 11.354    0.034 0.039 0.033 0.038 0.042  A 47538
   2728.85753 11.276 11.214 11.322 11.374 11.394    0.038 0.042 0.038 0.044 0.051  A 47951
   2763.78241 11.146 11.081 11.220 11.273 11.299    0.035 0.040 0.031 0.036 0.040  A 54088
   2770.81927 11.083 11.067 11.150 11.185 11.234    0.036 0.040 0.033 0.039 0.043  A 54932
   2834.84500 11.489 11.450 11.575 11.646 11.631    0.048 0.051 0.050 0.060 0.069  B 63422
   2853.58778 11.398 11.297 11.433 11.505 11.523    0.040 0.045 0.037 0.043 0.047  A 65641
   2853.69561 11.344 11.340 11.415 11.457 11.491    0.043 0.047 0.042 0.048 0.052  B 65685
   2855.72501 11.376 11.346 11.447 11.482 11.439    0.056 0.063 0.053 0.059 0.067  B 66097
   2894.59851 11.543 11.506 11.614 11.680 11.708    0.038 0.046 0.039 0.045 0.051  A 71061
   2894.66571 11.476 11.437 11.591 11.693 11.753    0.054 0.057 0.058 0.066 0.075  B 71090
   3177.74120 11.328 11.273 11.372 11.415 11.406    0.049 0.051 0.048 0.056 0.064  B 106931
   3177.87539 11.299 11.278 11.364 11.427 11.486    0.058 0.059 0.060 0.072 0.083  D 106977
#dataset= 2 ; 2 F1836-32_189
#desig= 180918-2813.9
#cra=   18.154965  18:09:17.9
#cdec= -28.231359 -28:13:52.9
#class= 0
#cmag_0= 11.494
#cmer_0=  0.000
#nskip_0= 0
#cmag_1= 11.594
#cmer_1=  0.000
#nskip_1= 0
#cmag_2= 11.644
#cmer_2=  0.000
#nskip_2= 0
#cmag_3= 11.700
#cmer_3=  0.000
#nskip_3= 0
#cmag_4= 11.677
#cmer_4=  0.000
#nskip_4= 0
#ra=   18.154965  18:09:17.9
#dec= -28.231359 -28:13:52.9
#     HJD      MAG_1  MAG_0  MAG_2  MAG_3  MAG_4    MER_1 MER_0 MER_2 MER_3 MER_4 GRADE FRAME
   2490.59777 11.595 11.495 11.644 11.701 11.678    0.069 0.087 0.055 0.057 0.059  D 14047
#ndata= 325
#dataset= 3 ; 1 F1808-24_232
#desig= 180917-2814.0
#cra=   18.154647  18:09:16.7
#cdec= -28.232868 -28:13:58.3
#class= 0
#cmag_0= 11.537
#cmer_0=  0.272
#nskip_0= 16
#cmag_1= 11.556
#cmer_1=  0.267
#nskip_1= 15
#cmag_2= 11.590
#cmer_2=  0.266
#nskip_2= 18
#cmag_3= 11.627
#cmer_3=  0.272
#nskip_3= 13
#cmag_4= 11.644
#cmer_4=  0.277
#nskip_4= 4
#ra=   18.154647  18:09:16.7
#dec= -28.232868 -28:13:58.3
#     HJD      MAG_1  MAG_0  MAG_2  MAG_3  MAG_4    MER_1 MER_0 MER_2 MER_3 MER_4 GRADE FRAME
   1954.88454 11.766 11.752 11.797 11.826 11.888    0.055 0.063 0.050 0.057 0.063  A 9959
   1955.86596 11.730 11.708 11.756 11.799 11.805    0.048 0.051 0.041 0.045 0.049  A 10132
   2136.55710 11.242 11.196 11.268 11.294 11.311    0.052 0.067 0.044 0.049 0.052  A 29603
   2156.49497 11.256 11.204 11.286 11.323 11.327    0.048 0.057 0.043 0.049 0.053  A 31588
   2158.51009 11.273 11.256 11.306 11.339 11.355    0.054 0.066 0.048 0.052 0.058  A 31807
   2164.48102 11.244 11.250 11.265 11.295 11.293    0.050 0.061 0.044 0.050 0.055  A 31898
   2168.55209 11.231 11.189 11.257 11.296 11.320    0.050 0.065 0.046 0.052 0.059  A 32228
   2172.49169 11.179 11.120 11.201 11.237 11.261    0.049 0.062 0.044 0.049 0.055  A 32732
   2178.48879 11.254 11.196 11.288 11.324 11.340    0.051 0.063 0.047 0.054 0.058  A 33540
   2180.52929 11.250 11.243 11.286 11.326 11.343    0.052 0.065 0.047 0.054 0.059  A 33745
   2184.52696 11.382 11.346 11.419 11.478 11.499    0.050 0.066 0.046 0.052 0.059  A 34033
   2188.50507 11.507 11.442 11.534 11.587 11.612    0.047 0.057 0.042 0.048 0.052  A 34668
   2192.49927 11.565 11.553 11.592 11.632 11.643    0.050 0.063 0.046 0.052 0.058  A 35230
   2195.49979 11.577 11.575 11.604 11.626 11.665    0.050 0.062 0.046 0.052 0.057  A 35770
   2199.48969 11.531 11.499 11.575 11.592 11.605    0.052 0.071 0.048 0.054 0.060  A 36433
   2206.50627 11.618 11.637 11.648 11.691 11.727    0.050 0.063 0.047 0.054 0.060  A 37432
   2543.47993 99.999 99.999 99.999 99.999 99.999    0.046 0.057 0.042 0.046 0.050  C 19848
   2543.51930 11.767 11.788 11.783 11.846 11.881    0.049 0.059 0.045 0.050 0.055  A 19865
   2543.55070 11.830 11.800 11.841 11.869 11.917    0.077 0.079 0.080 0.093 0.105  D 19878
   2545.49966 99.999 99.999 99.999 99.999 99.999    0.047 0.054 0.037 0.040 0.043  C 20113
   2545.51380 11.864 11.811 11.868 11.883 11.917    0.044 0.053 0.036 0.039 0.042  A 20119
   2545.52078 11.864 11.874 11.882 11.937 11.965    0.047 0.059 0.039 0.043 0.046  A 20122
   2545.52760 11.823 11.813 11.847 11.887 11.913    0.047 0.063 0.041 0.044 0.048  A 20125
   2545.53446 11.793 11.817 11.816 11.866 11.877    0.045 0.060 0.039 0.043 0.047  A 20128
   2545.54132 11.850 11.828 11.884 11.933 11.970    0.045 0.058 0.039 0.043 0.047  A 20131
   2545.54826 11.832 11.854 11.861 11.884 11.900    0.044 0.056 0.038 0.042 0.044  A 20134
   2545.55512 11.834 11.767 11.835 11.850 11.860    0.044 0.055 0.037 0.040 0.043  A 20137
   2545.56195 11.868 11.789 11.890 11.902 11.924    0.045 0.055 0.039 0.042 0.046  A 20140
   2545.56887 99.999 99.999 99.999 99.999 99.999    0.045 0.059 0.039 0.043 0.046  C 20143
   2545.57579 11.775 11.807 11.810 11.861 11.905    0.046 0.056 0.039 0.041 0.046  A 20146
   2546.51141 11.844 11.884 11.853 11.881 11.885    0.052 0.064 0.049 0.055 0.060  A 20291
   2546.52324 11.836 11.828 11.856 11.882 11.934    0.054 0.056 0.043 0.046 0.049  A 20296
   2546.53496 11.842 11.754 11.866 11.893 11.929    0.049 0.068 0.043 0.049 0.052  A 20301
   2546.54656 11.862 11.856 11.903 11.974 12.018    0.047 0.064 0.041 0.046 0.050  A 20306
   2546.55808 11.841 11.779 11.882 11.904 11.876    0.047 0.063 0.040 0.045 0.048  A 20311
   2546.56957 11.840 11.794 11.877 11.903 11.934    0.050 0.064 0.044 0.048 0.053  A 20316
   2547.48158 11.838 11.798 11.891 11.943 11.956    0.050 0.063 0.045 0.051 0.055  A 20356
   2547.49349 11.828 11.857 11.851 11.885 11.940    0.049 0.062 0.043 0.047 0.050  A 20361
   2547.50514 11.875 11.901 11.916 11.962 12.003    0.048 0.057 0.039 0.043 0.048  A 20366
   2547.51678 11.916 11.766 11.934 11.955 11.962    0.056 0.066 0.044 0.045 0.047  A 20371
   2547.52835 11.878 11.862 11.898 11.922 11.958    0.051 0.067 0.044 0.048 0.052  A 20376
   2547.53984 11.839 11.778 11.853 11.891 11.895    0.051 0.074 0.045 0.050 0.053  A 20381
   2547.55147 11.872 11.821 11.888 11.893 11.902    0.050 0.065 0.041 0.044 0.048  A 20386
   2548.48129 11.919 11.925 11.965 12.042 12.160    0.050 0.057 0.044 0.049 0.055  A 20529
   2548.49332 99.999 99.999 99.999 99.999 99.999    0.045 0.056 0.038 0.041 0.044  C 20534
   2548.50513 11.908 11.880 11.901 11.932 99.999    0.047 0.054 0.039 0.043 0.045  C 20539
   2548.51700 11.857 11.874 11.887 11.939 11.978    0.046 0.059 0.039 0.042 0.044  A 20544
   2548.52858 11.856 11.851 11.889 11.940 11.955    0.045 0.057 0.038 0.041 0.044  A 20549
   2548.55161 11.843 11.896 11.885 11.955 12.002    0.047 0.061 0.039 0.044 0.048  A 20559
   2548.56363 11.823 11.905 11.850 11.892 11.940    0.046 0.059 0.040 0.044 0.047  A 20564
   2549.48160 11.867 11.851 11.856 11.914 11.921    0.050 0.058 0.043 0.046 0.049  A 20713
   2549.49354 11.920 11.973 11.942 12.003 12.048    0.049 0.058 0.040 0.041 0.043  A 20718
   2549.50517 11.946 11.953 11.957 11.986 12.023    0.050 0.059 0.039 0.040 0.044  A 20723
   2549.52836 11.892 11.842 11.915 11.964 11.996    0.046 0.059 0.038 0.041 0.044  A 20733
   2549.53977 11.899 11.818 11.925 11.961 11.964    0.047 0.060 0.038 0.041 0.045  A 20738
   2549.55138 11.905 11.830 11.928 11.967 11.994    0.047 0.059 0.038 0.040 0.043  A 20743
   2549.56293 11.926 11.901 11.945 11.955 11.985    0.048 0.062 0.041 0.044 0.047  A 20748
   2552.48250 12.005 12.066 11.951 11.933 11.938    0.069 0.086 0.056 0.061 0.062  D 21079
   2552.49893 12.135 12.248 12.095 12.086 12.047    0.067 0.080 0.055 0.056 0.058  B 21086
   2552.51509 11.901 11.952 11.971 11.995 11.993    0.066 0.081 0.054 0.056 0.057  B 21093
   2552.53107 11.982 12.034 11.972 11.979 11.971    0.067 0.080 0.056 0.056 0.058  B 21100
   2552.54723 11.957 11.915 11.972 11.992 11.960    0.065 0.080 0.054 0.056 0.057  B 21107
   2553.48304 11.909 11.936 12.003 12.096 12.154    0.050 0.062 0.043 0.047 0.052  A 21262
   2553.49493 11.874 11.876 99.999 99.999 99.999    0.054 0.067 0.044 0.048 0.050  C 21267
   2553.50676 11.954 11.944 11.977 12.006 12.042    0.051 0.068 0.042 0.045 0.048  A 21272
   2553.51624 11.867 11.851 11.871 11.912 11.905    0.052 0.069 0.047 0.050 0.054  A 21276
   2553.52776 11.931 11.853 11.992 12.055 12.135    0.051 0.068 0.047 0.048 0.051  A 21281
   2553.53926 11.895 11.845 11.914 11.950 11.975    0.050 0.068 0.044 0.047 0.050  A 21286
   2553.54874 11.887 11.944 11.902 11.937 11.963    0.049 0.064 0.044 0.046 0.049  A 21290
   2561.49449 11.879 11.822 11.912 11.953 11.947    0.045 0.057 0.040 0.044 0.048  A 22495
   2561.50589 11.858 11.862 11.904 11.962 12.007    0.046 0.057 0.040 0.044 0.049  A 22500
   2561.51367 11.854 11.824 11.871 11.899 11.889    0.047 0.059 0.042 0.047 0.052  A 22503
   2561.52048 11.844 11.768 11.848 11.890 11.886    0.046 0.059 0.042 0.049 0.053  A 22506
   2561.52739 11.890 11.893 11.925 11.989 12.021    0.045 0.058 0.041 0.045 0.049  A 22509
   2562.49968 11.834 11.782 11.834 11.868 11.879    0.047 0.058 0.043 0.048 0.052  A 22677
   2562.51580 11.820 11.780 11.846 11.905 11.956    0.051 0.061 0.046 0.049 0.054  A 22684
   2562.52301 11.873 11.785 11.900 11.914 11.937    0.051 0.059 0.044 0.048 0.051  A 22687
   2562.52984 11.815 11.858 11.872 11.956 11.983    0.049 0.065 0.044 0.049 0.054  A 22690
   2563.49366 11.906 11.922 11.914 11.961 12.040    0.051 0.058 0.044 0.048 0.052  A 22855
   2563.51596 11.846 11.799 11.875 11.917 11.910    0.050 0.055 0.042 0.046 0.049  A 22863
   2563.52782 11.830 11.847 11.856 11.897 11.970    0.048 0.058 0.041 0.044 0.048  A 22868
   2564.48685 11.787 11.873 11.842 11.876 11.857    0.059 0.066 0.051 0.056 0.062  A 23030
   2564.49674 11.876 11.812 11.909 11.953 11.982    0.055 0.061 0.046 0.050 0.055  A 23034
   2564.50832 11.750 11.798 11.790 11.828 11.869    0.052 0.059 0.043 0.046 0.051  A 23039
   2564.52005 11.835 11.876 11.910 11.957 11.967    0.053 0.060 0.045 0.048 0.051  A 23044
   2565.48731 11.859 11.842 11.874 11.901 11.922    0.051 0.058 0.044 0.050 0.056  A 23208
   2565.49899 11.854 11.841 11.871 11.901 11.933    0.046 0.056 0.038 0.041 0.044  A 23213
   2565.51057 11.826 11.802 11.906 11.974 12.029    0.047 0.058 0.040 0.044 0.048  A 23218
   2565.52216 11.858 11.823 11.870 11.884 11.880    0.045 0.056 0.038 0.043 0.046  A 23223
   2566.48768 11.773 11.783 11.798 11.826 11.923    0.050 0.061 0.046 0.053 0.059  A 23387
   2566.49936 11.873 11.799 11.849 11.853 11.823    0.047 0.058 0.041 0.045 0.051  A 23392
   2566.51097 11.874 11.828 11.906 11.950 11.964    0.048 0.059 0.041 0.045 0.050  A 23397
   2568.48832 11.843 11.947 11.863 11.893 11.933    0.057 0.061 0.051 0.057 0.062  A 23542
   2568.50468 11.815 11.808 11.852 11.894 11.935    0.051 0.056 0.043 0.047 0.050  A 23549
   2683.88517 11.373 11.375 11.389 11.436 11.440    0.047 0.056 0.042 0.048 0.053  A 39921
   2684.87447 11.347 11.290 11.353 11.358 11.394    0.047 0.058 0.043 0.049 0.053  A 40096
   2686.87345 11.389 11.371 11.379 11.402 11.398    0.051 0.057 0.044 0.050 0.054  A 40462
   2686.88749 11.404 11.346 11.414 11.418 11.433    0.047 0.055 0.044 0.049 0.053  A 40468
   2688.87046 11.358 11.308 11.370 11.400 11.419    0.051 0.056 0.045 0.049 0.055  A 40823
   2689.86436 11.377 11.400 11.410 11.475 11.482    0.051 0.058 0.045 0.051 0.055  A 41006
   2689.88299 11.333 11.296 11.336 11.400 11.448    0.050 0.060 0.045 0.051 0.057  A 41014
   2690.86490 11.277 11.322 11.291 11.316 11.326    0.056 0.061 0.050 0.057 0.064  A 41191
   2690.88145 11.352 11.327 11.314 11.334 11.354    0.051 0.060 0.050 0.058 0.064  A 41198
   2698.86646 11.266 11.215 11.296 11.324 11.309    0.052 0.060 0.048 0.055 0.060  A 42607
   2698.88568 11.242 11.216 11.236 11.266 11.271    0.054 0.061 0.051 0.057 0.065  A 42615
   2699.85034 11.278 11.192 11.294 11.319 11.338    0.050 0.057 0.043 0.047 0.052  A 42794
   2699.86692 11.257 11.225 11.253 11.280 11.289    0.050 0.056 0.044 0.051 0.055  A 42801
   2699.88320 11.287 11.252 11.308 11.347 11.349    0.046 0.056 0.041 0.046 0.050  A 42808
   2700.86171 11.253 11.237 11.284 11.323 11.346    0.048 0.059 0.043 0.047 0.051  A 42991
   2700.88000 11.257 11.258 11.290 11.330 11.368    0.054 0.059 0.044 0.047 0.051  A 42999
   2700.89885 11.256 11.196 11.277 11.298 11.319    0.048 0.062 0.042 0.046 0.050  A 43007
   2701.85047 11.259 11.314 11.284 11.321 11.334    0.048 0.057 0.041 0.045 0.049  A 43178
   2701.86703 99.999 99.999 99.999 99.999 99.999    0.047 0.054 0.042 0.048 0.051  C 43185
   2701.88357 11.266 11.242 11.268 11.291 11.312    0.047 0.058 0.043 0.049 0.052  A 43192
   2702.87718 11.357 11.331 11.421 11.429 11.460    0.050 0.057 0.041 0.045 0.049  A 43376
   2702.89616 11.251 11.297 11.302 11.348 11.372    0.054 0.060 0.048 0.054 0.059  A 43384
   2704.84100 11.240 11.234 11.256 11.265 11.281    0.045 0.055 0.041 0.045 0.050  A 43750
   2704.85708 11.239 11.221 11.267 11.291 11.311    0.046 0.058 0.041 0.046 0.050  A 43757
   2704.87310 11.298 11.223 11.324 11.349 11.356    0.052 0.061 0.047 0.052 0.059  A 43762
   2704.89018 11.256 11.284 11.269 11.315 11.345    0.047 0.056 0.043 0.047 0.052  A 43769
   3190.86837 11.300 11.291 11.305 11.318 11.351    0.055 0.060 0.049 0.057 0.064  A 108683
   3190.87079 11.271 11.260 11.266 11.284 11.325    0.055 0.059 0.050 0.058 0.066  A 108684
   3190.87568 11.258 11.268 11.272 11.294 11.313    0.059 0.063 0.056 0.065 0.072  A 108686
   3190.87892 11.231 11.257 11.238 11.258 11.275    0.069 0.074 0.068 0.077 0.088  D 108687
   3191.61023 11.299 11.256 11.313 11.340 11.363    0.078 0.079 0.079 0.094 0.109  D 108713
   3191.61269 11.271 11.241 11.286 11.300 11.296    0.062 0.067 0.055 0.061 0.066  A 108714
   3191.61748 11.295 11.261 11.304 11.342 11.389    0.056 0.062 0.049 0.055 0.058  A 108715
   3191.62226 11.203 11.203 11.211 11.233 11.252    0.057 0.065 0.053 0.060 0.068  A 108716
   3191.62475 11.351 11.236 11.363 11.387 11.382    0.056 0.064 0.050 0.057 0.063  A 108717
   3191.62722 11.245 11.273 11.254 11.290 11.301    0.051 0.059 0.045 0.050 0.055  A 108718
   3191.63211 11.297 11.288 11.307 11.332 11.345    0.050 0.058 0.044 0.050 0.054  A 108720
   3191.63460 11.241 11.234 11.243 11.245 11.250    0.051 0.058 0.045 0.050 0.055  A 108721
   3191.63954 11.302 11.288 11.301 11.335 11.341    0.051 0.055 0.043 0.048 0.054  A 108723
   3191.64677 11.247 11.249 11.259 11.299 11.314    0.058 0.064 0.055 0.066 0.074  A 108725
   3191.67075 11.210 11.197 11.222 11.263 11.263    0.056 0.059 0.050 0.058 0.065  A 108733
   3191.69961 11.203 11.207 11.233 11.261 11.290    0.055 0.060 0.049 0.057 0.063  A 108743
   3191.81002 11.274 11.254 11.296 11.354 11.399    0.056 0.062 0.052 0.061 0.069  A 108783
   3191.86524 11.338 11.309 11.357 11.430 11.442    0.056 0.063 0.053 0.061 0.070  A 108803
   3416.88184 11.331 11.318 11.373 11.425 11.454    0.051 0.063 0.047 0.053 0.058  A 130354
   3421.88669 11.345 11.318 11.389 11.433 11.446    0.059 0.069 0.058 0.065 0.072  A 131137
   3425.87873 11.329 11.323 11.324 11.331 11.332    0.053 0.063 0.051 0.058 0.065  A 131765
   3443.89567 11.402 11.337 11.423 11.444 11.457    0.049 0.061 0.043 0.048 0.053  A 133841
   3447.85234 11.380 11.359 11.407 11.436 11.461    0.051 0.066 0.045 0.050 0.054  A 134819
   3450.86865 11.354 11.315 11.364 11.413 11.439    0.048 0.060 0.045 0.053 0.061  A 135333
   3453.83370 11.298 11.236 11.334 11.372 11.393    0.051 0.066 0.048 0.056 0.063  A 135717
   3456.86397 11.295 11.310 11.320 11.370 11.386    0.052 0.064 0.049 0.056 0.060  A 136262
   3459.72949 11.319 11.271 11.356 11.396 11.434    0.053 0.064 0.049 0.056 0.061  A 136747
   3459.73200 11.349 11.304 11.397 11.442 11.455    0.052 0.066 0.049 0.056 0.062  A 136748
   3459.73457 11.293 11.321 11.330 11.357 11.378    0.052 0.062 0.048 0.055 0.061  A 136749
   3460.72673 11.344 11.326 11.392 11.423 11.458    0.057 0.068 0.057 0.064 0.073  A 136930
   3460.72919 11.342 11.328 11.373 11.447 11.459    0.056 0.066 0.055 0.064 0.070  A 136931
   3463.83614 11.377 11.354 11.387 11.408 11.408    0.052 0.068 0.048 0.056 0.062  A 137387
   3465.74239 11.404 11.356 11.426 11.463 11.479    0.050 0.062 0.046 0.052 0.056  A 137689
   3466.72654 11.394 11.333 11.420 11.457 11.512    0.055 0.067 0.052 0.059 0.064  A 137859
   3466.72905 11.414 11.370 11.457 11.510 11.542    0.052 0.064 0.048 0.053 0.059  A 137860
   3466.86338 11.394 11.363 11.432 11.501 11.534    0.051 0.060 0.047 0.052 0.057  A 137905
   3467.70930 11.371 11.381 11.400 11.412 11.419    0.051 0.062 0.047 0.053 0.058  A 137949
   3467.84537 11.335 11.341 11.367 11.395 11.410    0.053 0.070 0.046 0.052 0.058  A 137993
   3469.85440 11.346 11.316 11.390 11.436 11.451    0.054 0.072 0.047 0.053 0.057  A 138321
   3469.90801 11.359 11.302 11.378 11.421 11.446    0.051 0.067 0.045 0.050 0.055  A 138339
   3473.81181 11.303 11.266 11.310 11.326 11.333    0.047 0.055 0.041 0.046 0.050  A 138937
   3476.82908 11.239 11.237 11.265 11.300 11.312    0.051 0.063 0.049 0.055 0.060  A 139437
   3478.86079 11.175 11.185 11.210 11.245 11.252    0.056 0.064 0.052 0.060 0.068  A 139797
   3481.79450 11.248 11.264 11.276 11.331 11.333    0.055 0.073 0.049 0.057 0.063  A 140229
   3483.83435 11.173 11.158 11.196 11.201 11.214    0.055 0.073 0.049 0.055 0.061  A 140559
   3490.85506 11.320 11.291 11.330 11.374 11.384    0.061 0.087 0.055 0.063 0.069  D 141210
   3492.86111 11.300 11.274 11.322 11.357 11.359    0.052 0.062 0.048 0.054 0.059  A 141550
   3496.82670 11.406 11.402 11.434 11.475 11.517    0.049 0.055 0.043 0.049 0.054  A 141819
   3500.78528 11.407 11.395 11.420 11.456 11.474    0.058 0.082 0.050 0.055 0.061  B 142320
   3502.85004 11.494 11.524 11.549 11.603 11.641    0.064 0.095 0.057 0.062 0.069  D 142695
   3504.81350 11.394 11.372 11.422 11.469 11.485    0.057 0.072 0.052 0.058 0.064  A 143042
   3508.88147 11.354 11.334 11.365 11.415 11.433    0.046 0.050 0.040 0.044 0.049  A 143320
   3511.75422 11.344 11.242 11.357 11.396 11.405    0.051 0.071 0.045 0.051 0.055  A 143709
   3517.78272 11.394 11.399 11.448 11.498 11.534    0.052 0.064 0.046 0.052 0.058  A 144391
   3523.77480 11.484 11.401 11.506 11.551 11.576    0.054 0.069 0.048 0.053 0.056  A 145233
   3525.83661 11.447 11.472 11.484 11.530 11.539    0.059 0.085 0.052 0.058 0.061  D 145559
   3528.69841 11.365 11.331 11.411 11.459 11.484    0.053 0.069 0.047 0.051 0.055  A 146029
   3530.74329 11.333 11.276 11.343 11.367 11.388    0.055 0.076 0.049 0.054 0.059  B 146406
   3538.72305 11.272 11.280 11.290 11.337 11.352    0.053 0.074 0.047 0.052 0.057  A 146871
   3540.71981 11.268 11.205 11.281 11.287 11.300    0.056 0.072 0.052 0.059 0.065  A 147191
   3544.71492 11.404 11.411 11.421 11.461 11.506    0.057 0.069 0.054 0.062 0.070  A 147725
   3547.76585 11.327 11.286 11.363 11.390 11.405    0.054 0.076 0.047 0.053 0.057  B 148079
   3551.75774 11.400 11.392 11.415 11.434 11.469    0.060 0.083 0.051 0.054 0.058  B 148349
   3554.73084 11.401 11.368 11.427 11.461 11.501    0.048 0.057 0.041 0.046 0.051  A 148788
   3556.81590 11.360 11.384 11.392 11.414 11.439    0.054 0.076 0.047 0.053 0.058  B 149125
   3559.82417 11.392 11.408 11.410 11.443 11.453    0.062 0.075 0.057 0.062 0.067  B 149469
   3562.60889 11.421 11.418 11.444 11.476 11.484    0.051 0.063 0.047 0.050 0.054  A 149902
   3564.64728 11.450 11.388 11.484 11.533 11.594    0.048 0.055 0.042 0.047 0.051  A 150252
   3572.81199 11.485 11.463 11.497 11.556 11.608    0.054 0.058 0.050 0.058 0.065  A 151008
   3575.56785 11.467 11.454 11.489 11.544 11.574    0.049 0.058 0.042 0.047 0.052  A 151448
   3577.61589 11.386 11.312 11.413 11.454 11.464    0.057 0.084 0.049 0.053 0.058  B 151795
   3583.72316 11.372 11.328 11.385 11.403 11.420    0.053 0.069 0.047 0.051 0.056  A 152864
   3585.75562 11.476 11.423 11.506 11.528 11.533    0.051 0.064 0.046 0.050 0.054  A 153219
   3588.53856 11.510 11.450 11.527 11.549 11.591    0.054 0.068 0.048 0.054 0.059  A 153630
   3590.64995 11.628 11.605 11.648 11.706 11.704    0.060 0.091 0.051 0.057 0.061  D 154016
   3592.65121 11.634 11.593 11.650 11.657 11.627    0.060 0.081 0.052 0.056 0.061  B 154368
   3599.66678 11.805 11.783 11.824 11.840 11.889    0.050 0.055 0.046 0.053 0.060  A 155276
   3601.70319 11.779 11.699 11.798 11.826 11.859    0.052 0.061 0.049 0.056 0.061  A 155578
   3604.50827 11.925 11.896 11.987 12.055 12.104    0.056 0.067 0.053 0.060 0.068  A 155998
   3608.52591 11.763 11.770 11.791 11.838 11.884    0.055 0.076 0.047 0.053 0.058  B 156431
   3617.60975 11.768 11.716 11.791 11.855 11.905    0.056 0.060 0.055 0.061 0.068  A 157126
   3622.56042 11.789 11.735 11.831 11.890 11.921    0.055 0.067 0.050 0.055 0.060  A 157880
   3628.55892 11.850 11.820 11.910 11.975 11.989    0.047 0.051 0.042 0.047 0.053  A 158427
   3630.64011 11.786 11.740 11.816 11.858 11.927    0.054 0.063 0.051 0.059 0.065  A 158791
   3633.51534 11.873 11.865 11.923 11.958 11.961    0.052 0.060 0.048 0.055 0.061  A 159184
   3635.57711 11.809 11.755 11.888 11.945 12.036    0.068 0.078 0.066 0.074 0.082  D 159520
   3639.56101 11.849 11.840 11.884 11.957 12.007    0.053 0.072 0.045 0.050 0.055  A 159910
   3642.56378 11.792 11.757 11.836 11.877 11.903    0.051 0.054 0.046 0.050 0.055  A 160292
   3644.58621 11.808 11.747 11.843 11.892 11.976    0.060 0.078 0.057 0.064 0.071  B 160592
   3648.55326 11.747 11.759 11.805 11.895 11.949    0.050 0.063 0.044 0.049 0.055  A 161003
   3654.51841 11.694 11.655 11.704 11.722 11.777    0.051 0.064 0.046 0.052 0.058  A 161842
   3656.56070 11.659 11.643 11.699 11.745 11.792    0.054 0.069 0.048 0.055 0.060  A 162154
   3659.53366 11.635 11.614 11.671 11.727 11.804    0.051 0.061 0.046 0.053 0.060  A 162596
   3661.54686 11.669 11.634 11.704 11.762 11.819    0.055 0.066 0.052 0.059 0.066  A 162904
   3663.55113 11.594 11.503 11.629 11.667 11.663    0.053 0.069 0.047 0.053 0.059  A 163184
   3668.50071 11.597 11.587 11.608 11.649 11.659    0.047 0.054 0.041 0.046 0.051  A 163786
   3671.50474 11.939 11.951 11.953 11.985 12.028    0.047 0.054 0.042 0.046 0.051  A 164218
   3674.50807 11.684 11.641 99.999 99.999 99.999    0.051 0.068 0.045 0.049 0.054  C 164649
   3792.87749 11.367 11.350 11.373 11.395 11.387    0.062 0.069 0.063 0.072 0.081  A 179634
   3796.87280 11.297 11.286 11.329 11.380 11.413    0.052 0.070 0.047 0.052 0.057  A 180196
   3800.87763 11.244 11.203 11.259 11.317 11.353    0.053 0.064 0.050 0.058 0.066  A 180737
   3804.85712 11.238 11.234 11.266 11.311 11.346    0.056 0.065 0.054 0.060 0.066  A 181244
   3808.85429 11.611 11.694 11.669 11.736 11.754    0.054 0.065 0.052 0.060 0.066  A 181733
   3812.85274 11.222 11.181 11.252 11.301 11.312    0.054 0.063 0.050 0.059 0.064  A 182370
   3819.85578 11.255 11.165 11.301 11.360 11.398    0.061 0.085 0.055 0.061 0.066  D 183490
   3822.87699 11.344 11.342 11.388 11.470 11.538    0.062 0.088 0.055 0.061 0.066  D 183981
   3826.84583 11.288 11.233 11.324 11.373 11.408    0.060 0.087 0.055 0.062 0.068  D 184642
   3829.86734 11.366 11.394 11.399 11.437 11.490    0.052 0.062 0.048 0.055 0.060  A 185152
   3832.86039 11.405 11.364 11.438 11.478 11.481    0.052 0.063 0.048 0.053 0.060  A 185674
   3835.85550 11.321 11.294 11.388 11.475 11.526    0.052 0.060 0.049 0.056 0.062  A 186182
   3851.81032 11.269 11.230 11.322 11.374 11.426    0.059 0.084 0.051 0.057 0.060  B 187496
   3859.83296 11.302 11.258 11.325 11.355 11.370    0.056 0.072 0.051 0.057 0.062  A 188733
   3861.81984 11.235 11.221 11.297 11.346 11.379    0.054 0.074 0.048 0.053 0.059  A 189077
   3863.83753 11.283 11.293 11.329 11.373 11.398    0.051 0.068 0.046 0.052 0.057  A 189417
   3865.79237 11.303 11.295 11.331 11.359 11.395    0.051 0.061 0.046 0.052 0.057  A 189754
   3867.79038 11.308 11.310 11.350 11.378 11.393    0.054 0.066 0.049 0.055 0.062  A 190072
   3874.75628 11.404 11.332 11.417 11.454 11.464    0.057 0.082 0.049 0.054 0.058  B 191055
   3880.74684 11.589 11.565 11.620 11.659 11.679    0.053 0.070 0.047 0.052 0.056  A 191841
   3883.72642 11.609 11.621 11.655 11.694 11.703    0.056 0.080 0.049 0.053 0.058  B 192291
   3887.73328 11.599 11.536 11.622 11.654 11.662    0.049 0.060 0.043 0.049 0.054  A 192690
   3889.75715 11.688 11.584 11.726 11.780 11.796    0.053 0.065 0.049 0.056 0.060  A 193025
   3891.76261 11.704 11.696 11.714 11.733 11.738    0.048 0.056 0.042 0.047 0.051  A 193393
   3893.74539 11.821 11.742 11.838 11.885 11.903    0.047 0.054 0.042 0.048 0.053  A 193746
   3900.73773 11.929 11.827 12.017 12.119 12.180    0.055 0.066 0.053 0.060 0.067  A 194688
   3902.74121 11.941 11.843 11.989 12.052 12.094    0.053 0.070 0.047 0.053 0.057  A 195066
   3904.77258 11.948 11.921 11.976 12.009 12.046    0.059 0.088 0.050 0.055 0.059  D 195457
   3906.77506 11.946 11.840 11.988 12.062 12.089    0.060 0.087 0.051 0.057 0.062  D 195838
   3908.84492 11.952 11.869 12.024 12.107 12.184    0.057 0.074 0.050 0.055 0.060  A 196246
   3912.76417 11.981 11.967 12.042 12.104 12.146    0.051 0.067 0.045 0.050 0.055  A 196786
   4153.89215 11.545 11.518 11.580 11.631 11.635    0.049 0.061 0.047 0.054 0.061  A 215366
   4157.88907 11.695 11.663 11.737 11.796 11.831    0.053 0.067 0.050 0.057 0.061  A 215921
   4161.88186 11.765 11.770 11.793 11.830 11.852    0.050 0.060 0.047 0.053 0.059  A 216549
   4174.87100 11.800 11.776 11.862 11.919 11.956    0.047 0.053 0.044 0.049 0.055  A 218307
   4178.85562 11.810 11.781 11.838 11.879 11.926    0.064 0.069 0.067 0.081 0.092  D 218764
   4181.88150 12.096 12.074 12.135 12.217 12.212    0.060 0.062 0.062 0.073 0.084  A 219195
   4185.85323 11.869 11.858 11.941 12.012 12.025    0.053 0.058 0.051 0.059 0.066  A 219764
   4189.84688 11.896 11.884 11.945 11.977 11.996    0.049 0.052 0.044 0.049 0.054  A 220155
   4192.82423 11.877 11.788 11.926 11.976 12.010    0.047 0.054 0.044 0.050 0.055  A 220626
   4196.85414 99.999 99.999 99.999 99.999 99.999    0.062 0.065 0.065 0.076 0.087  D 221120
   4202.86312 11.884 11.859 11.918 11.963 11.978    0.049 0.058 0.045 0.051 0.056  A 221707
   4205.83309 11.955 11.938 11.978 12.010 12.025    0.050 0.060 0.047 0.054 0.059  A 222177
   4215.81554 12.048 12.004 12.066 12.151 12.206    0.051 0.055 0.046 0.052 0.056  A 222746
   4228.83265 11.806 11.726 11.820 11.869 11.871    0.051 0.065 0.045 0.050 0.055  A 223412
   4230.81873 11.851 11.834 11.892 11.943 11.971    0.046 0.052 0.040 0.046 0.051  A 223749
   4232.87454 11.708 11.694 11.753 11.826 11.872    0.050 0.064 0.044 0.050 0.055  A 224112
   4234.87307 11.789 11.817 11.783 11.816 11.832    0.055 0.070 0.049 0.057 0.064  A 224479
   4237.75626 11.891 11.866 11.919 11.990 12.194    0.080 0.079 0.087 0.103 0.119  D 224916
   4245.74071 11.834 11.842 11.891 11.970 12.088    0.066 0.072 0.069 0.084 0.097  D 226073
   4247.72240 11.781 11.785 11.799 11.851 11.870    0.052 0.059 0.047 0.052 0.058  A 226432
   4250.84391 11.808 11.766 11.833 11.866 11.872    0.053 0.057 0.050 0.056 0.063  A 226716
   4255.76920 11.576 11.576 11.584 11.617 11.646    0.055 0.061 0.050 0.059 0.068  A 227120
   4258.68867 11.608 11.556 11.631 11.680 11.721    0.047 0.051 0.041 0.047 0.053  A 227533
   4268.63158 11.594 11.608 11.588 11.602 11.614    0.062 0.077 0.059 0.066 0.073  B 227980
   4273.81264 11.617 11.639 11.653 11.705 11.754    0.047 0.050 0.042 0.046 0.051  A 228555
   4278.68491 11.653 11.624 11.698 11.755 11.788    0.047 0.056 0.042 0.048 0.052  A 229167
   4283.68360 11.714 11.690 11.756 11.826 11.821    0.052 0.060 0.050 0.058 0.065  A 229651
   4285.68023 11.585 11.525 11.660 11.699 11.708    0.056 0.072 0.049 0.055 0.061  A 229995
   4291.67548 11.486 11.457 11.541 11.582 11.613    0.047 0.051 0.040 0.045 0.049  A 230699
   4293.66443 11.421 11.387 11.447 11.487 11.503    0.046 0.049 0.039 0.044 0.049  A 231062
   4295.68037 11.369 11.389 11.405 11.432 11.451    0.050 0.061 0.042 0.047 0.051  A 231407
   4297.67079 11.364 11.374 11.398 11.426 11.425    0.053 0.068 0.049 0.057 0.064  A 231755
   4299.64605 11.290 11.274 11.343 11.368 11.383    0.049 0.060 0.043 0.047 0.053  A 232120
   4301.62817 11.306 11.266 11.351 11.404 11.426    0.055 0.071 0.050 0.057 0.063  A 232465
   4303.62699 11.349 11.326 11.375 11.396 11.413    0.046 0.048 0.039 0.045 0.050  A 232761
   4305.61767 11.424 11.398 11.419 11.446 11.442    0.047 0.052 0.041 0.046 0.051  A 233130
   4310.60913 11.430 11.348 11.483 11.544 11.568    0.052 0.062 0.046 0.051 0.056  A 233885
   4312.60618 11.438 11.471 11.459 11.485 11.506    0.056 0.075 0.052 0.058 0.066  B 234212
   4315.60871 11.490 11.499 11.522 11.550 11.569    0.048 0.054 0.040 0.046 0.050  A 234556
   4317.66919 11.449 11.445 11.460 11.496 11.529    0.048 0.052 0.043 0.048 0.053  A 234842
   4330.59081 11.238 11.144 11.266 11.298 11.316    0.052 0.065 0.044 0.049 0.053  A 235300
   4332.58829 11.291 11.264 11.316 11.355 11.384    0.050 0.059 0.044 0.048 0.052  A 235662
   4338.60327 11.371 11.355 11.371 11.425 11.460    0.048 0.055 0.042 0.048 0.053  A 236419
   4340.66422 11.337 11.296 11.355 11.398 11.439    0.052 0.063 0.047 0.053 0.060  A 236778
   4342.65846 11.327 11.296 11.322 11.348 11.348    0.055 0.066 0.049 0.055 0.062  A 237106
   4344.65799 11.228 11.230 11.277 11.314 11.352    0.055 0.064 0.051 0.058 0.066  A 237448
   4346.65584 11.315 11.322 11.349 11.395 11.408    0.049 0.058 0.044 0.049 0.053  A 237787
   4348.66427 11.273 11.244 11.307 11.354 11.354    0.050 0.066 0.044 0.048 0.053  A 238143
   4350.66953 11.286 11.283 11.301 11.355 11.363    0.061 0.084 0.053 0.058 0.062  B 238460
   4353.53681 11.309 11.266 11.320 11.338 11.337    0.048 0.054 0.041 0.044 0.049  A 238825
   4355.62493 11.324 11.348 11.379 11.422 11.436    0.051 0.061 0.045 0.048 0.053  A 239169
   4357.62938 11.349 11.282 11.368 11.405 11.433    0.051 0.057 0.045 0.049 0.054  A 239461
   4365.51721 11.306 11.261 11.310 11.339 11.351    0.048 0.053 0.041 0.046 0.051  A 240607
   4368.59575 11.213 11.244 11.249 11.272 11.269    0.053 0.062 0.048 0.055 0.062  A 240972
   4373.51191 11.208 11.190 11.243 11.288 11.293    0.060 0.084 0.055 0.062 0.067  B 241734
   4376.54067 11.216 11.201 11.237 11.281 11.292    0.052 0.065 0.045 0.049 0.053  A 242087
   4378.56413 11.202 11.148 11.228 11.254 11.271    0.057 0.071 0.050 0.055 0.061  A 242396
   4380.58768 11.264 11.182 11.290 11.326 11.351    0.052 0.059 0.048 0.055 0.061  A 242704
   4383.54662 11.292 11.284 11.318 11.352 11.359    0.048 0.054 0.042 0.047 0.052  A 243149
   4386.52843 11.280 11.200 11.283 11.322 11.329    0.048 0.054 0.043 0.048 0.053  A 243613
   4392.51487 11.277 11.240 11.305 11.343 11.361    0.051 0.060 0.047 0.052 0.058  A 244479
   4403.51114 11.331 11.300 11.383 11.445 11.492    0.048 0.055 0.043 0.049 0.054  A 245220
   4409.50771 11.291 11.286 11.340 11.386 11.425    0.049 0.056 0.044 0.050 0.055  A 245828
   4519.87888 11.264 11.244 11.280 11.279 11.274    0.054 0.065 0.052 0.060 0.066  A 257653
   4523.87644 11.254 11.282 11.279 11.305 11.325    0.053 0.067 0.046 0.053 0.058  A 258235
   4529.87183 11.157 11.146 11.175 11.218 11.262    0.050 0.055 0.048 0.056 0.063  A 259113
   4533.89420 11.270 11.257 11.277 11.307 11.327    0.052 0.056 0.048 0.054 0.059  A 259661
   4537.87034 11.313 11.280 11.302 11.322 11.327    0.048 0.053 0.043 0.049 0.054  A 260161
   4541.85002 11.369 11.316 11.389 11.425 11.445    0.048 0.055 0.044 0.049 0.053  A 260739
   4557.84310 11.273 11.249 11.295 11.318 11.330    0.047 0.051 0.042 0.048 0.055  A 263094
   4560.85933 11.274 11.245 11.281 11.303 11.301    0.051 0.065 0.045 0.052 0.057  A 263599
   4563.85317 11.256 11.264 11.309 11.347 11.351    0.047 0.050 0.042 0.048 0.053  A 264094
   4566.85224 11.315 11.312 11.360 11.406 11.446    0.051 0.057 0.047 0.052 0.058  A 264597
   4569.84499 11.349 11.370 11.387 11.430 11.468    0.047 0.052 0.042 0.048 0.052  A 265059
   4572.80716 11.351 11.391 11.395 11.431 11.451    0.049 0.055 0.044 0.051 0.058  A 265568
   4574.82489 11.372 11.349 11.396 11.445 11.453    0.055 0.072 0.049 0.055 0.059  A 265899
