#ndata= 211
#dataset= 1 ; 1 F1800-40_149
#desig= 181045-3612.0
#cra=   18.179028  18:10:44.5
#cdec= -36.199879 -36:11:59.6
#class= 0
#cmag_0= 10.731
#cmer_0=  0.054
#nskip_0= 1
#cmag_1= 10.744
#cmer_1=  0.052
#nskip_1= 2
#cmag_2= 10.750
#cmer_2=  0.050
#nskip_2= 1
#cmag_3= 10.743
#cmer_3=  0.054
#nskip_3= 2
#cmag_4= 10.708
#cmer_4=  0.056
#nskip_4= 2
#ra=   18.179028  18:10:44.5
#dec= -36.199879 -36:11:59.6
#     HJD      MAG_2  MAG_0  MAG_1  MAG_3  MAG_4    MER_2 MER_0 MER_1 MER_3 MER_4 GRADE FRAME
   1947.88374 10.779 10.725 10.777 10.774 10.745    0.036 0.047 0.037 0.042 0.047  A 8999
   1950.86934 10.734 10.710 10.719 10.742 10.707    0.034 0.044 0.037 0.040 0.046  A 9467
   1961.88650 10.795 10.789 10.830 10.818 10.778    0.034 0.045 0.041 0.039 0.044  A 10590
   1963.86687 10.774 10.757 10.767 10.770 10.742    0.037 0.053 0.045 0.041 0.043  A 10909
   1965.86244 10.753 10.738 10.742 10.742 10.676    0.038 0.050 0.044 0.042 0.045  A 11276
   1967.86500 10.737 10.777 10.752 10.730 10.703    0.034 0.049 0.042 0.038 0.041  A 11620
   1978.81197 10.688 10.707 10.690 10.686 10.610    0.045 0.061 0.053 0.050 0.054  B 12110
   1979.84605 10.727 10.706 10.732 10.702 10.645    0.046 0.063 0.055 0.051 0.052  B 12317
   1980.82505 10.678 10.658 10.656 10.667 10.612    0.044 0.059 0.052 0.048 0.051  B 12454
   1981.84012 10.725 10.695 10.735 10.706 10.691    0.040 0.054 0.048 0.046 0.048  A 12644
   1982.80377 10.718 10.730 10.711 10.689 10.653    0.040 0.056 0.048 0.044 0.047  A 12821
   1994.78866 10.685 10.663 10.661 10.645 10.587    0.050 0.074 0.064 0.052 0.054  D 13511
   1997.80247 10.647 10.615 10.630 10.609 10.565    0.051 0.077 0.066 0.053 0.055  D 14117
   2025.75974 10.725 10.659 10.713 10.731 10.709    0.030 0.042 0.031 0.036 0.039  A 17244
   2032.76086 10.752 10.721 10.731 10.757 10.751    0.030 0.044 0.031 0.035 0.040  A 18288
   2033.75875 10.721 10.709 10.700 10.715 10.673    0.030 0.043 0.032 0.035 0.040  A 18506
   2035.72705 10.612 10.611 10.636 10.530 10.468    0.095 0.082 0.082 0.116 0.134  D 18891
   2080.59240 10.776 10.741 10.751 10.798 10.785    0.041 0.072 0.044 0.047 0.054  B 22876
   2083.64911 10.752 10.738 10.743 10.755 10.731    0.040 0.052 0.040 0.047 0.052  A 23595
   2087.63899 10.769 10.736 10.762 10.768 10.749    0.040 0.065 0.041 0.047 0.052  A 24262
   2096.66485 10.758 10.670 10.721 10.813 10.788    0.089 0.073 0.075 0.111 0.135  D 25461
   2103.61244 10.725 10.683 10.713 10.719 10.676    0.037 0.054 0.038 0.043 0.047  A 25798
   2109.60174 10.734 10.733 10.721 10.727 10.691    0.032 0.045 0.035 0.038 0.044  A 26592
   2115.57163 10.711 10.690 10.684 10.719 10.693    0.034 0.047 0.036 0.039 0.045  A 26837
   2116.57664 10.703 10.703 10.710 10.699 10.664    0.032 0.044 0.034 0.037 0.043  A 27059
   2117.57550 10.704 10.669 10.698 10.709 10.697    0.035 0.047 0.035 0.041 0.047  A 27280
   2124.55146 10.712 10.701 10.678 10.713 10.666    0.037 0.052 0.038 0.045 0.050  A 27614
   2125.56730 10.720 10.686 10.689 10.721 10.687    0.038 0.049 0.038 0.045 0.050  A 27833
   2130.56789 10.682 10.635 10.686 10.682 10.662    0.031 0.042 0.033 0.038 0.042  A 28338
   2133.55142 10.694 10.669 10.705 10.690 10.659    0.033 0.048 0.035 0.039 0.044  A 28958
   2134.54494 10.689 10.675 10.670 10.700 10.677    0.034 0.049 0.036 0.040 0.045  A 29173
   2135.54601 10.715 10.649 10.725 10.700 10.657    0.035 0.050 0.036 0.040 0.046  A 29386
   2140.52774 10.705 10.660 10.705 10.694 10.680    0.039 0.051 0.040 0.047 0.053  A 30137
   2142.51725 10.703 10.730 10.681 10.694 10.666    0.035 0.057 0.037 0.041 0.046  A 30546
   2151.51481 10.735 10.681 10.719 10.744 10.729    0.044 0.061 0.043 0.052 0.058  A 31335
   2441.66561 10.835 10.808 10.859 10.817 10.755    0.035 0.036 0.037 0.041 0.045  A 8290
   2442.66312 99.999 10.812 10.816 99.999 99.999    0.031 0.041 0.037 0.033 0.035  C 8496
   2443.65941 10.801 10.793 10.812 10.786 10.747    0.021 0.026 0.027 0.025 0.028  A 8680
   2444.65222 10.837 10.807 10.844 10.819 10.767    0.025 0.028 0.028 0.029 0.032  A 8882
   2446.66627 10.831 10.805 10.828 10.849 10.812    0.026 0.031 0.031 0.030 0.033  A 9268
   2452.62571 10.794 10.808 10.784 10.782 10.741    0.051 0.066 0.059 0.052 0.057  B 9456
   2459.61282 10.847 10.849 10.835 10.820 10.817    0.056 0.061 0.059 0.066 0.077  B 10115
   2460.64339 99.999 99.999 99.999 99.999 99.999    0.031 0.038 0.037 0.034 0.037  C 10204
   2463.64063 10.770 10.789 10.764 10.757 10.722    0.031 0.033 0.034 0.037 0.042  A 10620
   2464.61902 10.756 10.733 10.764 10.765 10.718    0.030 0.043 0.038 0.033 0.033  A 10829
   2465.62043 10.774 10.750 10.747 10.750 10.725    0.030 0.045 0.038 0.033 0.033  A 11050
   2466.60753 10.761 10.751 10.726 10.750 10.711    0.029 0.037 0.034 0.033 0.035  A 11263
   2467.61244 10.769 10.753 10.771 10.768 10.738    0.036 0.037 0.038 0.042 0.046  A 11484
   2470.53720 10.769 10.791 10.774 10.770 10.713    0.038 0.055 0.046 0.040 0.041  A 11950
   2474.62250 10.753 10.772 10.767 10.740 10.700    0.037 0.048 0.042 0.040 0.042  A 12842
   2481.55857 99.999 99.999 99.999 99.999 99.999    0.055 0.079 0.067 0.055 0.057  D 12962
   2482.59589 10.757 10.740 10.770 10.745 10.697    0.045 0.070 0.056 0.048 0.046  B 13137
   2486.57132 10.737 10.738 10.736 10.708 10.662    0.056 0.083 0.068 0.053 0.054  D 13292
   2489.56035 10.761 10.778 10.767 10.749 10.699    0.043 0.055 0.048 0.048 0.053  A 13813
   2493.56026 10.790 10.789 10.780 10.779 10.739    0.043 0.059 0.051 0.044 0.047  A 14439
   2494.56346 99.999 99.999 99.999 99.999 99.999    0.040 0.048 0.045 0.045 0.050  C 14631
   2495.56736 10.773 10.759 10.763 10.745 10.709    0.038 0.059 0.048 0.041 0.040  A 14770
   2497.55787 10.794 10.764 10.800 10.782 10.708    0.036 0.049 0.043 0.039 0.041  A 15190
   2498.54597 10.754 10.758 10.730 10.745 10.709    0.036 0.043 0.040 0.040 0.044  A 15396
   2499.53951 10.777 10.781 10.798 10.775 10.735    0.023 0.030 0.029 0.026 0.029  A 15604
   2501.54772 10.752 10.764 10.743 10.748 10.716    0.025 0.034 0.032 0.028 0.030  A 15969
   2508.57056 10.765 10.746 10.763 10.756 10.715    0.038 0.050 0.044 0.041 0.046  A 16764
   2510.53066 10.781 10.764 10.778 10.780 10.750    0.030 0.034 0.032 0.036 0.041  A 16931
   2511.59233 10.732 10.706 10.729 10.741 10.729    0.043 0.043 0.044 0.052 0.060  A 17073
   2512.65139 10.684 10.721 10.657 10.655 10.613    0.052 0.071 0.059 0.059 0.061  B 17262
   2519.65366 10.767 10.701 10.774 10.754 10.726    0.025 0.032 0.030 0.030 0.032  A 18009
   2521.65567 10.743 10.718 10.750 10.728 10.708    0.027 0.037 0.030 0.031 0.034  A 18405
   2524.61338 10.756 10.788 10.750 10.723 10.689    0.050 0.061 0.054 0.056 0.062  B 18640
   2543.51237 10.687 10.675 10.675 10.672 10.631    0.031 0.035 0.031 0.037 0.041  A 19862
   2544.49166 10.684 10.747 10.692 10.667 10.636    0.031 0.042 0.037 0.033 0.035  A 19921
   2545.55285 10.715 10.647 10.715 10.695 10.670    0.026 0.037 0.028 0.030 0.034  A 20136
   2547.53527 10.693 10.713 10.713 10.685 10.652    0.028 0.048 0.036 0.032 0.037  A 20379
   2552.52426 10.635 10.719 10.656 10.583 10.545    0.051 0.076 0.061 0.052 0.053  B 21097
   2560.48978 10.640 10.662 10.622 10.636 10.608    0.031 0.045 0.036 0.036 0.041  A 22345
   2561.51828 10.646 10.676 10.644 10.641 10.617    0.030 0.042 0.031 0.035 0.040  A 22505
   2564.52232 10.670 10.646 10.691 10.645 10.603    0.034 0.042 0.040 0.037 0.041  A 23045
   2566.49718 10.672 10.593 10.669 10.669 10.631    0.031 0.042 0.032 0.036 0.039  A 23391
   2568.53853 10.666 10.679 10.647 10.663 10.651    0.035 0.039 0.037 0.038 0.041  A 23562
   2678.87312 10.710 10.707 10.721 10.679 10.624    0.034 0.036 0.034 0.040 0.045  A 39077
   2688.87290 10.723 10.731 10.709 10.731 10.710    0.035 0.039 0.033 0.042 0.047  A 40824
   2693.86357 10.712 10.704 10.673 10.722 10.693    0.032 0.036 0.032 0.037 0.042  A 41680
   2698.85680 10.702 10.684 10.698 10.707 10.664    0.038 0.042 0.040 0.046 0.052  A 42603
   2701.84353 10.734 10.738 10.700 10.766 10.743    0.028 0.036 0.033 0.033 0.036  A 43175
   2704.84566 10.732 10.656 10.724 10.715 10.669    0.028 0.035 0.028 0.032 0.035  A 43752
   2706.86653 10.744 10.726 10.741 10.748 10.727    0.028 0.033 0.030 0.033 0.036  A 44126
   2711.83090 10.743 10.732 10.753 10.739 10.709    0.026 0.033 0.031 0.031 0.034  A 45025
   2713.86742 10.730 10.708 10.734 10.734 10.706    0.026 0.030 0.027 0.030 0.034  A 45417
   2717.84758 10.712 10.739 10.706 10.708 10.686    0.033 0.035 0.033 0.038 0.041  A 45946
   2720.81780 10.732 10.753 10.720 10.735 10.718    0.036 0.038 0.040 0.042 0.047  A 46369
   2725.78682 10.744 10.747 10.751 10.735 10.709    0.029 0.034 0.028 0.033 0.037  A 47329
   2729.83267 10.744 10.764 10.750 10.732 10.710    0.036 0.041 0.038 0.041 0.044  A 48145
   2732.86927 10.793 10.747 10.782 10.788 10.746    0.028 0.032 0.028 0.033 0.037  A 48511
   2734.83991 10.755 10.704 10.751 10.747 10.719    0.028 0.030 0.030 0.033 0.037  A 48910
   2736.81316 10.738 10.750 10.748 10.731 10.697    0.028 0.032 0.033 0.033 0.037  A 49290
   2738.82916 10.772 10.718 10.765 10.764 10.740    0.028 0.030 0.028 0.032 0.035  A 49675
   2740.80750 10.760 10.750 10.748 10.732 10.690    0.035 0.036 0.041 0.043 0.046  A 50027
   2742.80840 99.999 99.999 99.999 99.999 99.999    0.036 0.036 0.036 0.043 0.049  C 50429
   2754.80976 10.733 10.707 10.720 10.724 10.674    0.028 0.034 0.028 0.033 0.037  A 52315
   2756.77009 10.728 10.724 10.742 10.723 10.669    0.027 0.029 0.029 0.032 0.036  A 52711
   2758.80878 10.715 10.722 10.704 10.696 10.658    0.025 0.026 0.028 0.029 0.032  A 53088
   2760.75837 10.731 10.708 10.715 10.734 10.677    0.026 0.032 0.027 0.031 0.035  A 53476
   2762.74581 10.661 10.668 10.672 10.648 10.633    0.085 0.073 0.075 0.104 0.121  D 53879
   2764.74750 10.679 10.747 10.680 10.666 10.651    0.031 0.032 0.037 0.034 0.037  A 54293
   2768.83207 10.725 10.677 10.723 10.707 10.679    0.027 0.034 0.028 0.032 0.035  A 54649
   2782.77636 10.764 10.720 10.765 10.758 10.708    0.028 0.035 0.036 0.032 0.036  A 55772
   2784.73145 10.768 10.701 10.787 10.759 10.716    0.024 0.027 0.030 0.028 0.031  A 56172
   2786.69223 10.763 10.750 10.763 10.765 10.755    0.029 0.031 0.029 0.032 0.034  A 56589
   2787.85465 10.857 10.758 10.842 10.842 10.792    0.037 0.039 0.035 0.043 0.047  A 56886
   2791.65946 10.741 10.786 10.739 10.739 10.718    0.032 0.034 0.036 0.035 0.038  A 57556
   2795.74352 10.729 10.692 10.742 10.726 10.710    0.031 0.032 0.035 0.036 0.042  A 58198
   2808.70976 10.720 10.732 10.730 10.722 10.686    0.027 0.031 0.030 0.033 0.036  A 59335
   2810.63295 10.699 10.719 10.696 10.680 10.656    0.024 0.030 0.026 0.027 0.031  A 59730
   2811.81572 10.719 10.711 10.726 10.714 10.686    0.034 0.043 0.037 0.038 0.043  A 60029
   2813.70912 10.700 10.698 10.722 10.697 10.645    0.027 0.037 0.030 0.031 0.035  A 60441
   2820.70452 10.655 10.649 10.649 10.661 10.635    0.026 0.027 0.029 0.032 0.036  A 61540
   2822.73361 10.596 10.565 10.569 10.605 10.553    0.088 0.077 0.079 0.111 0.129  D 61900
   2826.73553 10.673 10.617 10.677 10.658 10.627    0.028 0.033 0.032 0.033 0.036  A 62071
   2830.61263 10.654 10.661 10.648 10.662 10.644    0.050 0.051 0.051 0.060 0.067  A 62498
   2835.62683 10.640 10.629 10.601 10.642 10.625    0.029 0.031 0.032 0.034 0.039  A 63530
   2838.62847 10.612 10.627 10.610 10.608 10.573    0.030 0.031 0.034 0.035 0.038  A 63895
   2840.68315 10.653 10.634 10.615 10.649 10.636    0.028 0.031 0.032 0.034 0.039  A 64351
   2842.66518 10.632 10.602 10.614 10.617 10.607    0.089 0.074 0.079 0.109 0.131  D 64755
   2845.67292 10.650 10.602 10.655 10.656 10.622    0.031 0.036 0.035 0.036 0.039  A 65235
   2851.58670 10.646 10.627 10.664 10.640 10.592    0.025 0.027 0.029 0.031 0.035  A 65418
   2855.62088 10.602 10.623 10.599 10.573 10.527    0.039 0.045 0.042 0.043 0.047  A 66053
   2861.56826 10.661 10.651 10.642 10.654 10.643    0.029 0.029 0.031 0.036 0.041  A 66939
   2862.67814 10.660 10.697 10.648 10.650 10.620    0.037 0.037 0.038 0.043 0.048  A 67189
   2866.67894 10.727 10.710 10.712 10.702 10.675    0.029 0.033 0.031 0.033 0.037  A 67575
   2867.73639 10.721 10.673 10.718 10.710 10.673    0.030 0.035 0.032 0.035 0.038  A 67804
   2872.52558 10.718 10.723 10.698 10.703 10.676    0.029 0.033 0.034 0.034 0.037  A 68114
   2874.72286 10.736 10.720 10.722 10.743 10.725    0.030 0.036 0.030 0.035 0.039  A 68399
   2876.64020 10.767 10.749 10.771 10.790 10.761    0.028 0.039 0.029 0.033 0.038  A 68762
   2878.63041 10.731 10.685 10.754 10.718 10.690    0.038 0.038 0.038 0.044 0.050  A 69152
   2880.67818 10.749 10.694 10.737 10.700 10.633    0.092 0.079 0.081 0.110 0.125  D 69390
   2883.55984 10.782 10.757 10.781 10.790 10.752    0.026 0.031 0.028 0.030 0.032  A 69596
   2888.49522 10.722 10.741 10.707 10.713 10.677    0.030 0.032 0.034 0.035 0.039  A 70385
   2892.49597 10.795 10.744 10.789 10.798 10.756    0.033 0.051 0.036 0.039 0.043  A 70625
   2897.61694 10.774 10.692 10.791 10.758 10.697    0.034 0.043 0.045 0.038 0.041  A 71663
   2899.60138 10.810 10.776 10.822 10.807 10.779    0.056 0.056 0.056 0.067 0.077  B 72020
   2901.59960 10.734 10.780 10.708 10.737 10.696    0.064 0.066 0.067 0.075 0.088  D 72404
   2904.64002 10.819 10.770 10.812 10.835 10.795    0.045 0.046 0.042 0.050 0.056  A 72859
   2906.63544 99.999 99.999 99.999 99.999 99.999    0.027 0.030 0.028 0.032 0.036  C 73180
   2910.50320 10.800 10.734 10.780 10.797 10.758    0.028 0.036 0.029 0.033 0.037  A 73668
   2916.49019 10.856 10.815 10.834 10.859 10.838    0.040 0.043 0.038 0.048 0.053  A 74517
   2917.59014 10.775 10.760 10.781 10.785 10.753    0.031 0.034 0.031 0.036 0.040  A 74746
   2921.58927 10.719 10.702 10.720 10.704 10.660    0.041 0.038 0.038 0.050 0.057  A 75066
   2923.57980 10.758 10.758 10.748 10.768 10.768    0.038 0.038 0.035 0.045 0.051  A 75433
   2928.57731 10.750 10.698 10.754 10.734 10.719    0.032 0.036 0.031 0.038 0.043  A 76166
   2931.51275 10.769 10.721 10.772 10.780 10.748    0.029 0.034 0.029 0.034 0.037  A 76670
   2933.52211 10.737 10.758 10.732 10.734 10.682    0.031 0.035 0.031 0.037 0.043  A 77028
   2935.52339 10.769 10.698 10.759 10.789 10.774    0.032 0.039 0.032 0.038 0.042  A 77386
   2937.52244 10.784 10.748 10.774 10.792 10.769    0.031 0.039 0.031 0.037 0.042  A 77659
   2943.50283 10.794 10.751 10.775 10.798 10.758    0.034 0.039 0.032 0.039 0.045  A 78308
   2947.50711 10.754 10.715 10.745 10.744 10.695    0.037 0.039 0.036 0.045 0.051  A 78957
   2951.50800 10.754 10.760 10.747 10.759 10.718    0.039 0.039 0.038 0.047 0.053  A 79523
   3054.88419 10.817 10.830 10.810 10.803 10.768    0.031 0.033 0.032 0.037 0.040  A 91491
   3055.81717 10.788 10.785 10.772 10.792 10.768    0.045 0.043 0.044 0.048 0.053  A 91609
   3057.82422 10.747 10.741 10.749 10.729 10.697    0.040 0.041 0.042 0.047 0.051  A 91881
   3059.85594 10.771 10.799 10.784 10.758 10.719    0.031 0.035 0.031 0.036 0.040  A 92150
   3062.88171 10.860 10.854 10.858 10.905 10.928    0.092 0.074 0.078 0.116 0.138  D 92561
   3067.89681 10.776 10.781 10.793 10.771 10.725    0.031 0.033 0.032 0.037 0.043  A 93136
   3075.86116 10.825 10.808 10.799 10.826 10.793    0.031 0.033 0.031 0.036 0.042  A 94210
   3080.85228 10.788 10.772 10.800 10.763 10.718    0.037 0.038 0.036 0.043 0.048  A 94934
   3086.89861 10.814 10.778 10.797 10.800 10.754    0.032 0.035 0.031 0.038 0.043  A 95547
   3090.83658 10.744 10.737 10.742 10.737 10.741    0.040 0.040 0.037 0.046 0.052  A 96139
   3096.91284 10.793 10.770 10.789 10.783 10.739    0.034 0.037 0.036 0.040 0.046  A 96745
   3099.83336 10.768 10.748 10.773 10.735 99.999    0.034 0.036 0.033 0.041 0.046  C 97185
   3102.85879 10.723 10.706 10.725 10.729 10.677    0.041 0.042 0.038 0.049 0.056  A 97666
   3107.89134 10.752 10.712 10.753 10.739 10.698    0.036 0.037 0.036 0.044 0.051  A 98469
   3110.83003 99.999 99.999 99.999 99.999 99.999    0.028 0.033 0.028 0.033 0.038  C 98915
   3113.80802 10.779 10.744 10.783 10.758 10.698    0.031 0.033 0.030 0.037 0.042  A 99382
   3114.71911 10.793 10.747 10.788 10.793 10.753    0.039 0.042 0.040 0.044 0.048  A 99519
   3116.79617 10.792 10.763 10.789 10.786 10.747    0.028 0.030 0.028 0.033 0.037  A 99871
   3122.82749 10.764 10.729 10.768 10.742 99.999    0.030 0.033 0.030 0.036 0.041  C 100279
   3125.75038 10.787 10.765 10.777 10.781 10.746    0.037 0.035 0.034 0.044 0.050  A 100753
   3127.74793 10.814 10.806 10.777 10.827 10.783    0.053 0.045 0.047 0.064 0.074  B 101066
   3129.79093 10.690 10.747 10.692 10.674 10.614    0.068 0.064 0.060 0.083 0.097  D 101407
   3130.88156 10.785 10.722 10.781 10.794 10.757    0.035 0.035 0.034 0.042 0.048  A 101571
   3144.75345 10.759 10.782 10.756 10.747 10.712    0.029 0.030 0.028 0.034 0.038  A 103309
   3152.86228 10.766 10.735 10.761 10.754 10.723    0.036 0.034 0.034 0.044 0.050  A 103673
   3154.70184 10.759 10.720 10.771 10.751 10.714    0.029 0.031 0.029 0.035 0.039  A 103963
   3157.81800 10.773 10.734 10.752 10.776 10.764    0.084 0.074 0.078 0.096 0.107  D 104290
   3162.70343 10.775 10.784 10.767 10.758 10.712    0.031 0.030 0.032 0.037 0.041  A 104867
   3164.73369 10.772 10.743 10.768 10.751 10.725    0.030 0.031 0.031 0.035 0.040  A 105229
   3167.75173 10.784 10.805 10.760 10.781 10.737    0.028 0.029 0.028 0.034 0.038  A 105623
   3169.72032 10.730 10.786 10.751 10.715 10.674    0.030 0.033 0.031 0.036 0.041  A 105953
   3171.85324 10.759 10.741 10.772 10.734 10.720    0.065 0.053 0.057 0.079 0.091  D 106256
   3178.66149 10.818 10.792 10.808 10.825 10.789    0.042 0.039 0.040 0.050 0.058  A 107064
   3180.76054 10.809 10.809 10.804 10.795 10.766    0.032 0.041 0.032 0.038 0.043  A 107381
   3183.74281 10.799 10.753 10.793 10.791 10.757    0.031 0.032 0.031 0.036 0.041  A 107686
   3191.74947 10.852 10.853 10.830 10.862 10.843    0.038 0.039 0.036 0.045 0.052  A 108762
   3266.53629 10.743 10.745 10.729 10.746 10.719    0.024 0.028 0.027 0.027 0.031  A 115147
   3278.60864 10.731 10.717 10.703 10.719 10.688    0.042 0.043 0.041 0.049 0.056  A 116835
   3292.53450 10.784 10.787 10.759 10.779 10.744    0.039 0.037 0.038 0.047 0.054  A 118245
   3298.50418 10.801 10.786 10.803 10.791 10.769    0.032 0.034 0.032 0.039 0.045  A 118761
   3410.88309 29.999 29.999 29.999 29.999 29.999    0.041 0.052 0.039 0.049 0.055  C 129426
   3450.85023 10.710 10.692 10.705 10.712 10.682    0.045 0.062 0.046 0.052 0.060  A 135326
   3453.82351 10.691 10.659 10.681 10.681 10.638    0.040 0.049 0.039 0.049 0.055  A 135713
   3817.73100 99.999 99.999 99.999 99.999 99.999    0.048 0.052 0.044 0.058 0.065  C 183124
   3817.76397 10.829 10.816 10.810 10.833 10.797    0.046 0.053 0.044 0.055 0.062  A 183134
   3817.79346 10.822 10.781 10.802 10.843 10.827    0.048 0.057 0.047 0.057 0.065  A 183144
   3817.82384 10.801 10.746 10.780 10.790 10.731    0.047 0.055 0.046 0.055 0.063  A 183154
   3817.85291 10.870 10.815 10.833 10.882 10.846    0.044 0.047 0.043 0.053 0.059  A 183164
   3817.88154 10.822 10.828 10.815 10.821 10.782    0.047 0.062 0.048 0.055 0.061  A 183174
   3817.90940 10.810 10.749 10.802 10.801 10.790    0.048 0.065 0.050 0.056 0.062  A 183184
   3818.75047 10.824 10.766 10.812 10.827 10.818    0.046 0.054 0.046 0.055 0.060  A 183293
   3818.78028 10.802 10.712 10.775 10.795 10.753    0.046 0.055 0.045 0.054 0.060  A 183303
   3818.81001 11.049 10.955 11.033 11.049 10.992    0.050 0.083 0.054 0.057 0.064  B 183313
   3818.83776 10.852 10.888 10.845 10.837 10.820    0.049 0.069 0.051 0.056 0.063  B 183323
   3818.86603 10.849 10.863 10.846 10.843 10.785    0.045 0.059 0.043 0.053 0.061  A 183333
   3818.89487 10.811 10.736 10.790 10.824 10.798    0.046 0.064 0.050 0.053 0.060  A 183343
#ndata= 31
#dataset= 2 ; 1 F1840-40_150
#desig= 181045-3612.0
#cra=   18.179041  18:10:44.5
#cdec= -36.199798 -36:11:59.3
#class= 0
#cmag_0= 10.672
#cmer_0=  0.054
#nskip_0= 1
#cmag_1= 10.683
#cmer_1=  0.059
#nskip_1= 0
#cmag_2= 10.693
#cmer_2=  0.054
#nskip_2= 0
#cmag_3= 10.694
#cmer_3=  0.052
#nskip_3= 0
#cmag_4= 10.659
#cmer_4=  0.051
#nskip_4= 0
#ra=   18.179041  18:10:44.5
#dec= -36.199798 -36:11:59.3
#     HJD      MAG_2  MAG_0  MAG_1  MAG_3  MAG_4    MER_2 MER_0 MER_1 MER_3 MER_4 GRADE FRAME
   2463.64063 10.745 10.761 10.736 10.740 10.698    0.031 0.035 0.036 0.036 0.040  A 10620
   2490.60669 10.670 10.709 10.705 10.671 10.656    0.044 0.064 0.054 0.048 0.047  B 14051
   2690.88552 10.692 10.702 10.685 10.691 10.661    0.045 0.042 0.045 0.054 0.061  B 41200
   2719.85576 10.732 10.719 10.707 10.714 10.663    0.039 0.042 0.042 0.046 0.051  A 46191
   2726.80613 10.731 10.709 10.737 10.723 10.687    0.027 0.032 0.030 0.032 0.035  A 47537
   2728.85526 10.785 10.734 10.799 10.779 10.737    0.035 0.036 0.037 0.040 0.044  A 47950
   2763.78454 10.668 10.674 10.672 10.677 10.632    0.027 0.032 0.029 0.032 0.035  A 54089
   2770.82138 10.687 10.685 10.662 10.680 10.639    0.030 0.030 0.034 0.035 0.039  A 54933
   2775.82968 10.683 10.706 10.683 10.657 10.625    0.041 0.041 0.043 0.048 0.055  A 55163
   2853.74471 10.605 10.597 10.591 10.604 10.573    0.034 0.035 0.038 0.040 0.044  A 65705
   2894.70156 10.760 10.721 10.736 10.785 10.753    0.038 0.040 0.037 0.046 0.051  A 71105
   3056.89196 10.793 10.790 10.797 10.795 10.752    0.035 0.034 0.034 0.042 0.048  A 91769
   3634.50818 10.702 10.573 10.661 10.720 10.684    0.043 0.056 0.044 0.049 0.055  A 159334
   3634.51058 10.719 10.711 10.708 10.718 10.698    0.046 0.070 0.048 0.053 0.058  B 159335
   3634.51305 10.669 10.655 10.648 10.685 10.666    0.042 0.055 0.043 0.049 0.055  A 159336
   3634.51559 10.686 10.673 10.668 10.684 10.653    0.040 0.049 0.039 0.047 0.052  A 159337
   3634.51809 10.661 10.647 10.655 10.666 10.632    0.043 0.059 0.044 0.049 0.055  A 159338
   3634.52061 10.634 10.620 10.625 10.642 10.601    0.041 0.055 0.042 0.048 0.055  A 159339
   3634.52463 10.672 10.718 10.680 10.662 10.630    0.041 0.048 0.041 0.049 0.056  A 159340
   3634.52792 10.680 10.602 10.665 10.681 10.629    0.045 0.067 0.047 0.051 0.057  A 159341
   3634.53045 10.660 10.602 10.641 10.673 10.629    0.043 0.062 0.045 0.049 0.056  A 159342
   3634.53295 10.668 10.660 10.652 10.679 10.654    0.045 0.061 0.046 0.051 0.057  A 159343
   3634.53546 10.680 10.656 10.662 10.683 10.641    0.044 0.061 0.044 0.051 0.057  A 159344
   3634.53796 10.659 10.602 10.634 10.672 10.654    0.042 0.061 0.044 0.048 0.054  A 159345
   3634.54038 10.670 10.720 10.678 10.668 10.632    0.046 0.070 0.048 0.052 0.058  B 159346
   3634.54290 10.679 10.677 10.666 10.676 10.638    0.044 0.060 0.045 0.051 0.057  A 159347
   3634.54948 10.644 10.622 10.626 10.664 10.641    0.043 0.049 0.042 0.050 0.057  A 159349
   3634.55533 10.643 10.623 10.622 10.653 10.631    0.041 0.052 0.042 0.047 0.052  A 159351
   3634.56066 10.692 10.653 10.694 10.680 10.639    0.043 0.047 0.041 0.049 0.055  A 159353
   3634.56665 10.881 10.936 10.883 10.868 10.822    0.042 0.048 0.040 0.049 0.055  A 159355
   3634.58091 10.661 10.639 10.651 10.657 10.610    0.040 0.042 0.038 0.048 0.055  A 159360
#ndata= 677
#dataset= 3 ; 1 F1800-32_188
#desig= 181045-3612.0
#cra=   18.179028  18:10:44.5
#cdec= -36.199878 -36:11:59.6
#class= 0
#cmag_0= 10.700
#cmer_0=  0.043
#nskip_0= 13
#cmag_1= 10.714
#cmer_1=  0.031
#nskip_1= 29
#cmag_2= 10.718
#cmer_2=  0.034
#nskip_2= 23
#cmag_3= 10.709
#cmer_3=  0.035
#nskip_3= 20
#cmag_4= 10.670
#cmer_4=  0.033
#nskip_4= 27
#ra=   18.179028  18:10:44.5
#dec= -36.199878 -36:11:59.6
#     HJD      MAG_2  MAG_0  MAG_1  MAG_3  MAG_4    MER_2 MER_0 MER_1 MER_3 MER_4 GRADE FRAME
   1954.87335 10.765 10.787 10.765 10.723 10.681    0.045 0.061 0.051 0.053 0.062  B 9954
   1955.86392 10.769 10.797 10.776 10.753 10.691    0.037 0.051 0.043 0.042 0.048  A 10131
   2136.55466 10.700 10.715 10.706 10.699 10.670    0.027 0.036 0.028 0.031 0.036  A 29602
   2156.48797 10.694 10.706 10.695 10.680 10.637    0.035 0.041 0.035 0.041 0.047  A 31585
   2164.47852 10.770 10.765 10.758 10.768 10.725    0.034 0.046 0.035 0.040 0.045  A 31897
   2168.54968 10.793 10.693 10.767 10.802 10.772    0.032 0.040 0.031 0.038 0.043  A 32227
   2172.48929 10.787 10.770 10.770 10.786 10.765    0.031 0.041 0.032 0.038 0.042  A 32731
   2178.48638 10.768 10.786 10.761 10.745 10.693    0.037 0.052 0.038 0.043 0.049  A 33539
   2180.53133 10.760 10.738 10.768 10.750 10.703    0.039 0.054 0.040 0.046 0.052  A 33746
   2184.53135 10.752 10.689 10.733 10.737 10.717    0.036 0.050 0.036 0.043 0.048  A 34035
   2188.51177 10.781 10.717 10.779 10.770 10.741    0.033 0.043 0.035 0.039 0.045  A 34671
   2192.50133 10.777 10.689 10.767 10.761 10.734    0.033 0.046 0.034 0.040 0.046  A 35231
   3411.88501 10.757 10.771 10.763 10.746 10.696    0.032 0.032 0.028 0.040 0.044  A 129574
   3415.88365 10.795 10.757 10.770 10.792 10.755    0.034 0.065 0.036 0.039 0.043  A 130195
   3420.88984 10.802 10.837 10.821 10.785 10.744    0.087 0.086 0.075 0.108 0.125  D 130996
   3424.87650 10.790 10.677 10.763 10.791 10.740    0.046 0.078 0.047 0.053 0.059  B 131596
   3431.88721 10.689 10.600 10.678 10.666 10.611    0.048 0.081 0.048 0.056 0.062  B 132451
   3439.87863 10.733 10.644 10.722 10.730 10.678    0.045 0.053 0.040 0.056 0.063  B 133417
   3443.88543 10.726 10.726 10.731 10.710 10.687    0.027 0.036 0.027 0.033 0.037  A 133837
   3447.84224 10.711 10.676 10.701 10.707 10.668    0.048 0.085 0.049 0.055 0.059  B 134815
   3450.85023 10.702 10.684 10.695 10.698 10.664    0.040 0.057 0.041 0.048 0.054  A 135326
   3453.82351 10.685 10.652 10.680 10.666 10.622    0.042 0.051 0.040 0.050 0.058  B 135713
   3456.85896 10.657 10.661 10.666 10.630 10.571    0.035 0.036 0.031 0.043 0.049  A 136260
   3463.82451 10.677 10.671 10.682 10.674 10.623    0.030 0.032 0.027 0.036 0.041  A 137383
   3466.84489 10.643 10.603 10.641 10.638 10.608    0.028 0.038 0.027 0.035 0.039  A 137899
   3469.84767 10.670 10.620 10.660 10.671 10.644    0.029 0.040 0.030 0.034 0.039  A 138319
   3473.79462 10.632 10.624 10.630 10.609 10.558    0.025 0.030 0.026 0.030 0.035  A 138931
   3478.84288 10.644 10.617 10.641 10.628 10.598    0.036 0.037 0.032 0.043 0.049  A 139791
   3481.78010 10.644 10.610 10.645 10.631 10.597    0.029 0.032 0.026 0.036 0.041  A 140224
   3483.82330 10.632 10.596 10.652 10.605 10.571    0.033 0.041 0.031 0.039 0.045  A 140555
   3490.84670 10.590 10.595 10.592 10.585 10.569    0.036 0.036 0.032 0.045 0.052  A 141207
   3492.85354 10.669 10.641 10.655 10.664 10.625    0.031 0.035 0.027 0.039 0.044  A 141547
   3496.81253 10.618 10.631 10.606 10.610 10.572    0.028 0.033 0.029 0.034 0.038  A 141814
   3504.79665 10.636 10.669 10.656 10.621 10.570    0.032 0.034 0.030 0.039 0.044  A 143036
   3508.84198 10.654 10.628 10.643 10.628 10.600    0.026 0.035 0.030 0.032 0.036  A 143307
   3511.73096 10.665 10.673 10.670 10.652 10.613    0.029 0.047 0.033 0.035 0.040  A 143701
   3517.78021 10.709 10.711 10.713 10.695 10.647    0.030 0.037 0.030 0.037 0.042  A 144390
   3521.72547 10.760 10.721 10.745 10.764 10.769    0.042 0.081 0.045 0.048 0.051  B 144867
   3523.76489 10.713 10.660 10.710 10.693 10.643    0.039 0.033 0.033 0.048 0.056  A 145230
   3525.82748 10.708 10.625 10.693 10.706 10.649    0.029 0.055 0.033 0.034 0.037  A 145556
   3530.68429 10.746 10.765 10.767 10.729 10.705    0.030 0.047 0.031 0.035 0.039  A 146385
   3537.76665 10.716 10.685 10.697 10.706 10.665    0.029 0.052 0.032 0.035 0.038  A 146755
   3544.70301 10.757 10.683 10.748 10.746 10.704    0.033 0.039 0.031 0.041 0.045  A 147721
   3547.75557 10.694 10.637 10.680 10.683 10.641    0.033 0.061 0.035 0.038 0.041  A 148075
   3551.74748 10.702 10.694 10.700 10.697 10.673    0.037 0.059 0.037 0.043 0.048  A 148345
   3553.86534 10.670 10.664 10.652 10.644 10.574    0.082 0.063 0.070 0.103 0.127  D 148655
   3556.62334 10.719 10.699 10.714 10.711 10.664    0.028 0.054 0.031 0.033 0.037  A 149067
   3559.70586 10.696 10.707 10.693 10.692 10.654    0.032 0.051 0.033 0.036 0.039  A 149429
   3561.74560 10.713 10.746 10.713 10.695 10.669    0.042 0.086 0.047 0.046 0.049  B 149779
   3563.66471 10.705 10.641 10.705 10.692 10.654    0.032 0.061 0.036 0.036 0.039  A 150093
   3572.79997 10.805 10.774 10.815 10.789 10.757    0.038 0.037 0.035 0.047 0.055  A 151004
   3574.79188 10.705 10.663 10.710 10.682 10.640    0.035 0.040 0.035 0.043 0.049  A 151339
   3576.78925 10.696 10.642 10.695 10.684 10.639    0.029 0.039 0.028 0.034 0.039  A 151697
   3577.80096 10.715 10.677 10.697 10.720 10.692    0.034 0.045 0.032 0.041 0.047  A 151859
   3577.81614 10.725 10.700 10.696 10.724 10.699    0.042 0.040 0.038 0.051 0.057  B 151864
   3577.81858 10.745 10.739 10.734 10.741 10.716    0.046 0.044 0.043 0.054 0.060  B 151865
   3578.73792 10.717 10.713 10.701 10.720 10.686    0.027 0.047 0.030 0.032 0.036  A 152011
   3578.74038 10.688 10.660 10.686 10.680 10.637    0.025 0.042 0.027 0.030 0.034  A 152012
   3578.74450 10.731 10.727 10.724 10.721 10.666    0.031 0.042 0.031 0.037 0.042  A 152013
   3578.74690 10.721 10.689 10.700 10.714 10.685    0.083 0.084 0.076 0.099 0.112  D 152014
   3578.74942 10.731 10.700 10.712 10.761 10.726    0.083 0.085 0.074 0.100 0.118  D 152015
   3578.75197 10.693 10.655 10.700 10.678 10.633    0.045 0.044 0.041 0.052 0.059  B 152016
   3578.75447 10.733 10.702 10.732 10.710 10.666    0.037 0.042 0.035 0.044 0.048  A 152017
   3578.75696 10.764 10.780 10.750 10.750 10.704    0.048 0.063 0.047 0.056 0.062  B 152018
   3578.75947 10.704 10.645 10.707 10.684 10.642    0.044 0.059 0.044 0.050 0.055  B 152019
   3578.76199 10.722 10.689 10.714 10.708 10.654    0.033 0.033 0.031 0.039 0.044  A 152020
   3578.76454 10.735 10.725 10.739 10.728 10.704    0.027 0.034 0.027 0.033 0.037  A 152021
   3578.76716 10.703 10.609 10.694 10.683 10.644    0.031 0.055 0.032 0.037 0.040  A 152022
   3578.76978 10.684 10.684 10.693 10.676 10.633    0.027 0.029 0.025 0.033 0.038  A 152023
   3578.80025 10.701 10.648 10.691 10.711 10.707    0.090 0.078 0.078 0.112 0.131  D 152025
   3578.80268 10.920 10.875 10.873 10.963 10.960    0.091 0.082 0.083 0.102 0.115  D 152026
   3578.80523 10.723 10.688 10.733 10.708 10.674    0.084 0.074 0.075 0.098 0.110  D 152027
   3579.46871 10.726 10.733 10.719 10.724 10.691    0.028 0.033 0.025 0.035 0.040  A 152092
   3579.47124 10.699 10.685 10.697 10.675 10.624    0.027 0.035 0.024 0.033 0.037  A 152093
   3579.47385 10.709 10.704 10.701 10.703 10.658    0.026 0.035 0.024 0.032 0.036  A 152094
   3579.47635 10.719 10.681 10.729 10.693 10.651    0.026 0.040 0.025 0.031 0.035  A 152095
   3579.47882 10.702 10.681 10.691 10.683 10.630    0.024 0.027 0.022 0.029 0.033  A 152096
   3579.48141 10.709 10.699 10.719 10.687 10.646    0.024 0.034 0.022 0.030 0.033  A 152097
   3579.48413 10.734 10.703 10.725 10.727 10.696    0.026 0.037 0.024 0.031 0.035  A 152098
   3579.48671 10.728 10.718 10.714 10.725 10.683    0.028 0.032 0.026 0.034 0.039  A 152099
   3579.48936 10.723 10.671 10.731 10.703 10.669    0.025 0.026 0.022 0.030 0.034  A 152100
   3579.49203 10.737 10.730 10.723 10.722 10.674    0.023 0.031 0.021 0.028 0.032  A 152101
   3579.49460 10.718 10.713 10.712 10.712 10.666    0.024 0.027 0.022 0.029 0.033  A 152102
   3579.49724 10.675 10.640 10.662 10.654 10.595    0.033 0.066 0.036 0.038 0.042  A 152103
   3579.49984 10.695 10.659 10.699 10.685 10.650    0.024 0.027 0.022 0.029 0.032  A 152104
   3579.50247 10.704 10.714 10.702 10.702 10.663    0.024 0.032 0.023 0.029 0.033  A 152105
   3579.50505 10.714 10.705 10.703 10.701 10.674    0.025 0.033 0.025 0.030 0.033  A 152106
   3579.50770 10.731 10.713 10.735 10.707 10.649    0.024 0.031 0.023 0.029 0.033  A 152107
   3579.51034 10.726 10.706 10.708 10.716 10.675    0.023 0.028 0.021 0.028 0.032  A 152108
   3579.51293 10.732 10.718 10.717 10.739 10.693    0.025 0.031 0.023 0.030 0.033  A 152109
   3579.51556 10.715 10.673 10.712 10.703 10.650    0.024 0.029 0.022 0.029 0.032  A 152110
   3579.51811 10.733 10.725 10.729 10.726 10.699    0.023 0.025 0.022 0.029 0.032  A 152111
   3579.52071 10.724 10.670 10.720 10.707 10.677    0.024 0.034 0.024 0.030 0.032  A 152112
   3579.52339 99.999 99.999 99.999 99.999 99.999    0.024 0.029 0.022 0.030 0.034  C 152113
   3579.52608 10.721 10.696 10.716 10.704 10.664    0.023 0.028 0.022 0.029 0.032  A 152114
   3579.52867 10.697 10.681 10.699 10.686 10.652    0.024 0.027 0.023 0.029 0.033  A 152115
   3579.53142 10.690 10.682 10.667 10.689 10.652    0.026 0.034 0.024 0.031 0.035  A 152116
   3579.53476 10.734 10.677 10.723 10.729 10.703    0.023 0.025 0.021 0.028 0.031  A 152117
   3579.53739 10.735 10.748 10.722 10.742 10.717    0.026 0.046 0.029 0.032 0.035  A 152118
   3579.53998 10.726 10.656 10.718 10.718 10.698    0.024 0.033 0.024 0.029 0.033  A 152119
   3579.54261 10.710 10.694 10.710 10.693 10.654    0.024 0.036 0.025 0.029 0.033  A 152120
   3579.54610 10.705 10.711 10.700 10.702 10.659    0.024 0.034 0.024 0.029 0.032  A 152121
   3579.54876 10.706 10.709 10.697 10.705 10.665    0.023 0.027 0.022 0.029 0.031  A 152122
   3579.55227 10.715 10.715 10.702 10.712 10.674    0.023 0.028 0.022 0.028 0.031  A 152123
   3579.55491 10.720 10.709 10.694 10.729 10.691    0.023 0.025 0.021 0.028 0.031  A 152124
   3579.55757 10.706 10.676 10.695 10.701 10.654    0.023 0.029 0.021 0.029 0.033  A 152125
   3579.56021 10.718 10.715 10.707 10.718 10.693    0.024 0.028 0.023 0.029 0.033  A 152126
   3579.56283 10.732 10.684 10.720 10.727 10.690    0.023 0.023 0.021 0.029 0.032  A 152127
   3579.56546 10.739 10.746 10.723 10.736 10.690    0.028 0.048 0.030 0.032 0.035  A 152128
   3579.56806 10.723 10.689 10.711 10.713 10.674    0.022 0.024 0.020 0.027 0.030  A 152129
   3579.57061 10.723 10.707 10.718 10.711 10.686    0.022 0.025 0.021 0.027 0.030  A 152130
   3579.57328 10.704 10.660 10.699 10.698 10.662    0.021 0.024 0.019 0.027 0.030  A 152131
   3579.57673 10.704 10.645 10.689 10.699 10.653    0.026 0.044 0.027 0.031 0.034  A 152132
   3579.57948 10.739 10.736 10.735 10.731 10.700    0.026 0.045 0.028 0.031 0.034  A 152133
   3579.58211 10.728 10.726 10.723 10.714 10.656    0.024 0.036 0.025 0.029 0.032  A 152134
   3579.58645 10.729 10.703 10.734 10.724 10.697    0.022 0.030 0.022 0.027 0.030  A 152135
   3579.58990 10.729 10.710 10.722 10.731 10.694    0.022 0.031 0.023 0.027 0.031  A 152136
   3579.59255 10.720 10.694 10.723 10.701 10.681    0.024 0.028 0.022 0.029 0.033  A 152137
   3579.59534 10.688 10.701 10.693 10.678 10.631    0.022 0.027 0.022 0.027 0.031  A 152138
   3579.59797 10.713 10.715 10.695 10.713 10.681    0.022 0.023 0.022 0.027 0.030  A 152139
   3579.60137 10.720 10.709 10.707 10.705 10.660    0.023 0.030 0.022 0.027 0.030  A 152140
   3579.60403 10.725 10.745 10.714 10.723 10.708    0.026 0.048 0.029 0.030 0.033  A 152141
   3579.60664 10.705 10.675 10.712 10.692 10.651    0.025 0.044 0.028 0.029 0.032  A 152142
   3579.60939 10.704 10.696 10.689 10.691 10.660    0.023 0.029 0.023 0.028 0.031  A 152143
   3579.61199 10.705 10.672 10.703 10.697 10.648    0.023 0.036 0.024 0.028 0.032  A 152144
   3579.61466 10.716 10.724 10.703 10.713 10.679    0.025 0.032 0.023 0.030 0.033  A 152145
   3579.61733 10.710 10.669 10.718 10.696 10.656    0.023 0.026 0.021 0.027 0.031  A 152146
   3579.61990 10.742 10.702 10.752 10.726 10.694    0.024 0.032 0.024 0.029 0.032  A 152147
   3579.62255 10.748 10.749 10.755 10.733 10.712    0.023 0.033 0.023 0.028 0.030  A 152148
   3579.62507 10.707 10.637 10.715 10.690 10.661    0.029 0.061 0.033 0.034 0.037  A 152149
   3579.62787 10.727 10.693 10.710 10.736 10.691    0.028 0.056 0.030 0.034 0.038  A 152150
   3579.63054 10.732 10.747 10.750 10.712 10.658    0.027 0.053 0.030 0.031 0.035  A 152151
   3579.63315 10.734 10.733 10.734 10.736 10.712    0.028 0.056 0.031 0.033 0.036  A 152152
   3579.63577 10.722 10.665 10.732 10.706 10.673    0.028 0.057 0.031 0.034 0.037  A 152153
   3579.63838 10.740 10.701 10.740 10.740 10.697    0.024 0.033 0.023 0.029 0.033  A 152154
   3579.64188 10.737 10.741 10.747 10.720 10.676    0.025 0.036 0.024 0.030 0.034  A 152155
   3579.64452 10.724 10.742 10.729 10.708 10.672    0.034 0.069 0.038 0.038 0.041  A 152156
   3579.64717 10.709 10.709 10.707 10.692 10.661    0.033 0.068 0.038 0.037 0.041  A 152157
   3579.64993 10.707 10.633 10.691 10.705 10.666    0.031 0.063 0.036 0.035 0.038  A 152158
   3579.65254 10.724 10.735 10.715 10.720 10.681    0.030 0.060 0.034 0.034 0.037  A 152159
   3579.65517 10.709 10.659 10.717 10.693 10.654    0.024 0.040 0.026 0.030 0.033  A 152160
   3579.65787 10.693 10.615 10.690 10.687 10.655    0.029 0.058 0.032 0.034 0.037  A 152161
   3579.66044 10.711 10.689 10.683 10.705 10.665    0.026 0.051 0.030 0.032 0.035  A 152162
   3579.66312 10.704 10.630 10.694 10.698 10.658    0.028 0.061 0.032 0.034 0.037  A 152163
   3579.66571 10.722 10.635 10.712 10.720 10.681    0.024 0.040 0.025 0.029 0.033  A 152164
   3579.66833 10.742 10.773 10.738 10.726 10.688    0.028 0.057 0.030 0.033 0.036  A 152165
   3579.67087 10.760 10.772 10.750 10.766 10.732    0.028 0.050 0.028 0.032 0.036  A 152166
   3579.67420 10.736 10.756 10.728 10.738 10.708    0.027 0.054 0.029 0.032 0.035  A 152167
   3579.67683 10.737 10.762 10.744 10.721 10.678    0.028 0.057 0.031 0.033 0.036  A 152168
   3579.67951 10.729 10.755 10.732 10.721 10.670    0.025 0.046 0.028 0.030 0.034  A 152169
   3579.68222 10.693 10.736 10.701 10.682 10.635    0.026 0.048 0.027 0.031 0.034  A 152170
   3579.68467 10.728 10.736 10.712 10.718 10.682    0.026 0.052 0.029 0.031 0.035  A 152171
   3579.68732 10.727 10.703 10.727 10.717 10.687    0.029 0.060 0.032 0.034 0.037  A 152172
   3579.68988 10.718 10.677 10.688 10.716 10.690    0.031 0.062 0.034 0.035 0.039  A 152173
   3579.69265 10.715 10.702 10.715 10.712 10.669    0.031 0.063 0.034 0.036 0.039  A 152174
   3579.69533 10.693 10.623 10.663 10.690 10.662    0.033 0.068 0.037 0.038 0.041  A 152175
   3579.69816 10.694 10.661 10.663 10.694 10.645    0.031 0.060 0.033 0.035 0.039  A 152176
   3579.70079 10.706 10.712 10.691 10.689 10.660    0.025 0.044 0.027 0.031 0.034  A 152177
   3579.70355 10.728 10.744 10.720 10.720 10.684    0.026 0.048 0.028 0.031 0.033  A 152178
   3579.70623 10.701 10.650 10.669 10.696 10.651    0.029 0.058 0.031 0.033 0.037  A 152179
   3579.70879 10.721 10.669 10.723 10.695 10.649    0.028 0.059 0.032 0.034 0.036  A 152180
   3579.71152 99.999 99.999 99.999 99.999 99.999    0.025 0.039 0.024 0.031 0.034  C 152181
   3579.71409 99.999 99.999 99.999 99.999 99.999    0.030 0.061 0.033 0.035 0.039  C 152182
   3579.71673 10.723 10.695 10.697 10.720 10.678    0.026 0.046 0.028 0.031 0.034  A 152183
   3579.71940 10.746 10.791 10.752 10.727 10.704    0.026 0.049 0.028 0.031 0.035  A 152184
   3579.72209 10.697 10.673 10.693 10.695 10.672    0.032 0.057 0.033 0.037 0.041  A 152185
   3579.72467 10.724 10.684 10.699 10.720 10.700    0.029 0.056 0.031 0.034 0.038  A 152186
   3579.72733 10.714 10.712 10.698 10.707 10.661    0.026 0.045 0.027 0.031 0.035  A 152187
   3579.72991 10.711 10.715 10.713 10.720 10.688    0.026 0.044 0.027 0.031 0.035  A 152188
   3579.73253 10.699 10.638 10.680 10.707 10.668    0.027 0.047 0.029 0.032 0.035  A 152189
   3579.73521 10.725 10.734 10.727 10.733 10.705    0.025 0.043 0.026 0.030 0.034  A 152190
   3579.73786 10.726 10.665 10.720 10.718 10.686    0.025 0.036 0.025 0.030 0.034  A 152191
   3579.74050 10.729 10.706 10.723 10.724 10.698    0.025 0.045 0.027 0.030 0.034  A 152192
   3579.74310 10.718 10.684 10.706 10.718 10.693    0.024 0.027 0.022 0.030 0.033  A 152193
   3579.74563 10.720 10.706 10.724 10.697 10.647    0.028 0.050 0.029 0.033 0.036  A 152194
   3579.74827 11.033 11.188 11.097 10.982 10.937    0.026 0.044 0.028 0.032 0.035  A 152195
   3579.75097 10.886 10.907 10.882 10.862 10.809    0.024 0.037 0.024 0.029 0.033  A 152196
   3579.75373 10.725 10.651 10.712 10.710 10.660    0.025 0.032 0.023 0.030 0.034  A 152197
   3579.75712 10.710 10.734 10.723 10.697 10.667    0.030 0.055 0.033 0.035 0.038  A 152198
   3579.75975 10.716 10.639 10.709 10.707 10.675    0.025 0.030 0.023 0.030 0.034  A 152199
   3579.76242 10.705 10.663 10.704 10.689 10.653    0.025 0.033 0.024 0.030 0.034  A 152200
   3579.76512 10.700 10.667 10.697 10.684 10.639    0.024 0.031 0.023 0.030 0.034  A 152201
   3579.76859 10.711 10.728 10.712 10.687 10.637    0.026 0.040 0.026 0.032 0.035  A 152202
   3579.77134 10.706 10.656 10.705 10.699 10.687    0.029 0.047 0.029 0.034 0.037  A 152203
   3579.77394 10.701 10.678 10.697 10.689 10.656    0.024 0.024 0.022 0.030 0.033  A 152204
   3579.77664 10.705 10.685 10.708 10.691 10.640    0.025 0.026 0.022 0.030 0.034  A 152205
   3579.78002 10.711 10.699 10.708 10.704 10.671    0.024 0.025 0.022 0.029 0.033  A 152206
   3579.78255 10.721 10.702 10.731 10.698 10.661    0.026 0.025 0.024 0.032 0.036  A 152207
   3579.78529 10.698 10.667 10.691 10.697 10.668    0.027 0.037 0.026 0.032 0.036  A 152208
   3579.78798 10.747 10.725 10.733 10.749 10.701    0.025 0.033 0.024 0.031 0.035  A 152209
   3579.79167 10.725 10.682 10.720 10.706 10.661    0.025 0.027 0.023 0.031 0.035  A 152210
   3579.79927 10.689 10.683 10.673 10.672 10.646    0.033 0.034 0.030 0.041 0.047  A 152211
   3579.80185 10.717 10.664 10.714 10.692 10.643    0.029 0.037 0.026 0.035 0.039  A 152212
   3579.80449 10.701 10.705 10.695 10.692 10.658    0.026 0.035 0.023 0.032 0.036  A 152213
   3579.80711 10.702 10.720 10.711 10.691 10.664    0.027 0.033 0.025 0.033 0.037  A 152214
   3579.80980 10.719 10.714 10.718 10.712 10.658    0.029 0.030 0.027 0.034 0.038  A 152215
   3579.81236 10.719 10.691 10.714 10.694 10.637    0.036 0.044 0.033 0.042 0.046  A 152216
   3579.81506 10.692 10.652 10.686 10.683 10.662    0.051 0.054 0.048 0.057 0.061  B 152217
   3580.68311 10.732 10.751 10.725 10.726 10.680    0.037 0.059 0.036 0.045 0.052  A 152310
   3580.68636 10.715 10.630 10.712 10.704 10.665    0.035 0.062 0.037 0.041 0.046  A 152311
   3580.68874 10.701 10.632 10.687 10.697 10.669    0.036 0.066 0.038 0.042 0.047  A 152312
   3580.69124 10.697 10.617 10.667 10.709 10.674    0.037 0.068 0.039 0.043 0.047  A 152313
   3580.69383 10.669 10.611 10.640 10.677 10.640    0.037 0.071 0.039 0.043 0.047  B 152314
   3580.69641 10.689 10.616 10.678 10.693 10.655    0.037 0.068 0.040 0.042 0.046  A 152315
   3580.69886 10.737 10.752 10.744 10.732 10.707    0.034 0.062 0.036 0.040 0.044  A 152316
   3580.70154 10.733 10.681 10.730 10.740 10.715    0.035 0.063 0.036 0.042 0.046  A 152317
   3580.70408 10.724 10.692 10.721 10.719 10.710    0.032 0.041 0.031 0.039 0.044  A 152318
   3580.70695 10.739 10.746 10.726 10.735 10.689    0.035 0.063 0.037 0.042 0.047  A 152319
   3580.70967 10.747 10.737 10.729 10.761 10.735    0.032 0.051 0.032 0.039 0.043  A 152320
   3580.71239 10.729 10.677 10.733 10.721 10.699    0.031 0.049 0.031 0.037 0.043  A 152321
   3580.71510 10.756 10.738 10.740 10.767 10.766    0.034 0.056 0.034 0.040 0.045  A 152322
   3580.71777 10.898 10.903 10.881 10.911 10.883    0.034 0.062 0.036 0.040 0.044  A 152323
   3580.72040 11.291 11.254 11.309 11.253 11.237    0.031 0.044 0.031 0.037 0.042  A 152324
   3580.72309 11.343 11.411 11.345 11.333 11.280    0.035 0.064 0.036 0.041 0.046  A 152325
   3580.72587 11.266 11.414 11.342 11.201 11.173    0.032 0.047 0.032 0.038 0.043  A 152326
   3580.72849 11.314 11.446 11.317 11.305 11.231    0.032 0.049 0.031 0.037 0.042  A 152327
   3580.73094 10.803 10.774 10.776 10.814 10.782    0.033 0.054 0.034 0.039 0.043  A 152328
   3580.73379 10.756 10.719 10.741 10.778 10.752    0.030 0.040 0.029 0.037 0.042  A 152329
   3580.73650 10.774 10.756 10.750 10.780 10.734    0.031 0.045 0.030 0.037 0.042  A 152330
   3580.73995 10.719 10.685 10.716 10.712 10.681    0.028 0.026 0.025 0.035 0.040  A 152331
   3580.74262 10.727 10.731 10.724 10.717 10.691    0.028 0.030 0.026 0.035 0.040  A 152332
   3580.74533 10.698 10.658 10.691 10.685 10.638    0.029 0.030 0.026 0.036 0.041  A 152333
   3580.74804 10.715 10.723 10.712 10.706 10.679    0.029 0.035 0.027 0.036 0.040  A 152334
   3580.75065 10.721 10.678 10.720 10.714 10.665    0.028 0.029 0.026 0.035 0.040  A 152335
   3580.75313 11.139 11.168 11.171 11.105 11.004    0.030 0.046 0.030 0.036 0.041  A 152336
   3580.75574 10.928 10.899 10.940 10.889 10.817    0.028 0.031 0.026 0.035 0.039  A 152337
   3580.75838 10.690 10.699 10.684 10.691 10.646    0.028 0.028 0.024 0.034 0.039  A 152338
   3580.76100 10.696 10.653 10.700 10.693 10.653    0.029 0.031 0.027 0.037 0.041  A 152339
   3580.76357 10.699 10.696 10.695 10.690 10.633    0.028 0.027 0.025 0.036 0.041  A 152340
   3580.76614 10.738 10.694 10.733 10.716 10.675    0.030 0.029 0.027 0.037 0.042  A 152341
   3580.76876 10.701 10.684 10.697 10.702 10.658    0.030 0.035 0.028 0.037 0.043  A 152342
   3580.77147 10.714 10.718 10.714 10.700 10.656    0.030 0.030 0.026 0.038 0.044  A 152343
   3580.77424 10.710 10.688 10.715 10.695 10.643    0.030 0.030 0.026 0.037 0.042  A 152344
   3580.77672 10.713 10.707 10.711 10.702 10.664    0.030 0.028 0.026 0.037 0.042  A 152345
   3580.78013 10.706 10.694 10.708 10.691 10.644    0.029 0.025 0.026 0.036 0.041  A 152346
   3580.78272 10.706 10.679 10.712 10.692 10.633    0.031 0.028 0.027 0.037 0.043  A 152347
   3580.78810 10.713 10.711 10.695 10.710 10.676    0.029 0.031 0.026 0.035 0.041  A 152349
   3580.79056 10.703 10.679 10.711 10.697 10.651    0.029 0.030 0.026 0.037 0.043  A 152350
   3580.79321 10.707 10.682 10.711 10.690 10.651    0.031 0.029 0.027 0.039 0.044  A 152351
   3580.79574 10.709 10.654 10.706 10.702 10.659    0.033 0.038 0.030 0.041 0.045  A 152352
   3580.79837 10.700 10.661 10.694 10.691 10.672    0.031 0.033 0.028 0.039 0.045  A 152353
   3580.80083 10.752 10.698 10.738 10.749 10.698    0.031 0.028 0.027 0.039 0.045  A 152354
   3580.80345 10.712 10.696 10.712 10.715 10.673    0.030 0.027 0.027 0.038 0.044  A 152355
   3581.46839 10.728 10.729 10.724 10.724 10.687    0.032 0.028 0.027 0.041 0.048  A 152375
   3581.47093 10.758 10.735 10.752 10.740 10.704    0.028 0.035 0.025 0.035 0.040  A 152376
   3581.47434 10.713 10.678 10.704 10.699 10.648    0.025 0.025 0.022 0.031 0.035  A 152377
   3581.47681 10.717 10.709 10.707 10.698 10.652    0.025 0.023 0.022 0.031 0.035  A 152378
   3581.47944 10.741 10.687 10.735 10.715 10.660    0.025 0.030 0.022 0.032 0.036  A 152379
   3581.48196 10.715 10.722 10.712 10.707 10.666    0.026 0.026 0.022 0.032 0.036  A 152380
   3581.48447 10.719 10.711 10.711 10.716 10.673    0.026 0.034 0.023 0.032 0.036  A 152381
   3581.48700 10.734 10.691 10.731 10.719 10.685    0.024 0.026 0.022 0.030 0.034  A 152382
   3581.48945 10.714 10.708 10.705 10.707 10.656    0.024 0.029 0.021 0.030 0.034  A 152383
   3581.49199 10.704 10.721 10.702 10.692 10.654    0.025 0.040 0.022 0.032 0.036  A 152384
   3581.49451 10.734 10.750 10.732 10.732 10.702    0.025 0.033 0.023 0.031 0.035  A 152385
   3581.49694 10.704 10.657 10.698 10.687 10.655    0.024 0.027 0.023 0.030 0.034  A 152386
   3581.49939 10.722 10.701 10.709 10.710 10.680    0.025 0.031 0.023 0.031 0.035  A 152387
   3581.50268 10.732 10.734 10.722 10.720 10.685    0.024 0.032 0.024 0.030 0.035  A 152388
   3581.50517 99.999 99.999 99.999 99.999 99.999    0.024 0.029 0.022 0.030 0.033  C 152389
   3581.50773 10.759 10.751 10.744 10.767 10.731    0.027 0.038 0.027 0.033 0.037  A 152390
   3581.51043 10.724 10.698 10.709 10.717 10.673    0.025 0.034 0.024 0.031 0.035  A 152391
   3581.51297 10.724 10.653 10.710 10.705 10.661    0.026 0.038 0.023 0.032 0.036  A 152392
   3581.51562 10.739 10.702 10.741 10.722 10.679    0.024 0.025 0.022 0.030 0.034  A 152393
   3581.51815 10.756 10.728 10.747 10.751 10.706    0.026 0.035 0.023 0.031 0.036  A 152394
   3581.52061 10.867 10.874 10.880 10.845 10.809    0.025 0.035 0.024 0.031 0.034  A 152395
   3581.52322 10.740 10.725 10.715 10.731 10.685    0.024 0.032 0.024 0.029 0.034  A 152396
   3581.52571 10.733 10.726 10.720 10.729 10.699    0.024 0.027 0.022 0.029 0.033  A 152397
   3581.52843 10.713 10.707 10.698 10.693 10.648    0.024 0.026 0.022 0.030 0.034  A 152398
   3581.53103 10.737 10.694 10.740 10.722 10.692    0.024 0.031 0.023 0.030 0.033  A 152399
   3581.53357 10.716 10.710 10.696 10.722 10.689    0.025 0.040 0.026 0.030 0.033  A 152400
   3581.53618 10.736 10.715 10.728 10.732 10.706    0.023 0.025 0.021 0.028 0.032  A 152401
   3581.53865 99.999 99.999 99.999 99.999 99.999    0.024 0.025 0.021 0.029 0.033  C 152402
   3581.54125 10.717 10.699 10.707 10.700 10.650    0.022 0.026 0.021 0.028 0.031  A 152403
   3581.54379 10.728 10.718 10.717 10.713 10.663    0.022 0.026 0.020 0.026 0.030  A 152404
   3581.54704 10.731 10.690 10.726 10.717 10.668    0.021 0.025 0.019 0.027 0.030  A 152405
   3581.54962 10.704 10.692 10.692 10.703 10.655    0.023 0.023 0.022 0.028 0.032  A 152406
   3581.55218 10.702 10.697 10.687 10.689 99.999    0.021 0.027 0.021 0.026 0.030  C 152407
   3581.55464 10.717 10.692 10.715 10.720 10.686    0.024 0.035 0.024 0.029 0.032  A 152408
   3581.55716 10.721 10.719 10.705 10.719 10.686    0.022 0.028 0.021 0.027 0.030  A 152409
   3581.55967 10.731 10.702 10.730 10.726 10.680    0.024 0.032 0.023 0.029 0.032  A 152410
   3581.56234 10.718 10.669 10.729 10.699 10.668    0.025 0.045 0.026 0.029 0.032  A 152411
   3581.56493 10.711 10.708 10.681 10.711 10.673    0.023 0.028 0.022 0.028 0.031  A 152412
   3581.56743 10.713 10.686 10.711 10.689 10.651    0.023 0.032 0.020 0.028 0.031  A 152413
   3581.56989 10.727 10.671 10.722 10.710 10.670    0.024 0.027 0.024 0.029 0.032  A 152414
   3581.57246 10.706 10.717 10.707 10.697 10.652    0.024 0.028 0.022 0.029 0.033  A 152415
   3581.57505 10.719 10.713 10.721 10.705 10.661    0.023 0.025 0.021 0.028 0.032  A 152416
   3581.57778 10.704 10.705 10.693 10.701 10.656    0.024 0.024 0.022 0.029 0.032  A 152417
   3581.58041 10.714 10.700 10.708 10.706 10.683    0.029 0.051 0.031 0.034 0.036  A 152418
   3581.58298 10.701 10.633 10.701 10.687 10.649    0.024 0.040 0.025 0.029 0.032  A 152419
   3581.58542 10.728 10.749 10.710 10.735 10.725    0.026 0.050 0.028 0.031 0.034  A 152420
   3581.58796 99.999 99.999 99.999 99.999 99.999    0.024 0.033 0.023 0.029 0.032  C 152421
   3581.59048 10.712 10.665 10.720 10.696 10.665    0.023 0.032 0.022 0.028 0.031  A 152422
   3581.59295 10.722 10.722 10.706 10.713 10.674    0.023 0.036 0.022 0.028 0.031  A 152423
   3581.59549 99.999 99.999 99.999 99.999 99.999    0.023 0.029 0.020 0.028 0.031  C 152424
   3581.59802 10.709 10.721 10.711 10.688 10.643    0.028 0.059 0.032 0.032 0.036  A 152425
   3581.60048 10.727 10.708 10.719 10.723 10.690    0.025 0.036 0.025 0.031 0.034  A 152426
   3581.60301 10.726 10.665 10.724 10.723 10.699    0.022 0.026 0.021 0.028 0.031  A 152427
   3581.60574 10.729 10.724 10.722 10.709 10.673    0.024 0.026 0.023 0.029 0.033  A 152428
   3581.60828 10.700 10.693 10.682 10.695 10.660    0.029 0.054 0.033 0.033 0.036  A 152429
   3581.61075 10.725 10.752 10.723 10.709 10.664    0.029 0.059 0.033 0.033 0.036  A 152430
   3581.61332 10.711 10.687 10.700 10.703 10.661    0.025 0.029 0.024 0.029 0.032  A 152431
   3581.61578 10.712 10.732 10.708 10.701 10.663    0.028 0.055 0.032 0.033 0.036  A 152432
   3581.61840 10.690 10.619 10.667 10.680 10.630    0.031 0.067 0.037 0.036 0.039  A 152433
   3581.62085 10.722 10.736 10.721 10.715 10.666    0.025 0.039 0.026 0.030 0.033  A 152434
   3581.62336 10.730 10.701 10.723 10.714 10.663    0.027 0.054 0.030 0.031 0.034  A 152435
   3581.62587 10.707 10.626 10.708 10.691 10.657    0.029 0.061 0.032 0.034 0.037  A 152436
   3581.62838 10.711 10.661 10.691 10.699 10.658    0.025 0.049 0.028 0.030 0.033  A 152437
   3581.63094 10.705 10.662 10.686 10.696 10.651    0.025 0.049 0.028 0.030 0.033  A 152438
   3581.63344 10.696 10.711 10.683 10.684 10.636    0.024 0.034 0.024 0.029 0.032  A 152439
   3581.63609 10.690 10.645 10.686 10.672 10.634    0.026 0.049 0.030 0.030 0.034  A 152440
   3581.63873 10.707 10.665 10.679 10.702 10.672    0.024 0.045 0.026 0.029 0.032  A 152441
   3581.64133 10.690 10.642 10.690 10.674 10.638    0.024 0.046 0.026 0.030 0.033  A 152442
   3581.64381 10.744 10.713 10.751 10.741 10.685    0.024 0.048 0.027 0.029 0.033  A 152443
   3581.64639 10.706 10.722 10.711 10.700 10.653    0.023 0.042 0.026 0.028 0.032  A 152444
   3581.64884 10.729 10.738 10.739 10.723 10.677    0.022 0.041 0.025 0.026 0.030  A 152445
   3581.65136 10.719 10.741 10.736 10.691 10.656    0.026 0.049 0.029 0.030 0.034  A 152446
   3581.65386 10.719 10.711 10.706 10.709 10.670    0.025 0.046 0.028 0.029 0.033  A 152447
   3581.65642 10.711 10.721 10.701 10.691 10.650    0.025 0.052 0.028 0.030 0.034  A 152448
   3581.65886 10.724 10.723 10.732 10.699 10.650    0.026 0.048 0.027 0.031 0.034  A 152449
   3581.66145 10.707 10.713 10.692 10.698 10.661    0.022 0.031 0.022 0.027 0.030  A 152450
   3581.66399 10.715 10.741 10.697 10.710 10.678    0.024 0.044 0.026 0.029 0.032  A 152451
   3581.66654 10.742 10.735 10.739 10.731 10.701    0.025 0.051 0.028 0.029 0.033  A 152452
   3581.66900 10.728 10.702 10.727 10.721 10.677    0.024 0.044 0.026 0.029 0.032  A 152453
   3581.67162 10.721 10.740 10.711 10.710 10.674    0.026 0.052 0.030 0.031 0.035  A 152454
   3581.67407 10.728 10.728 10.738 10.714 10.686    0.026 0.054 0.029 0.031 0.034  A 152455
   3581.67653 10.717 10.667 10.718 10.710 10.690    0.029 0.061 0.033 0.033 0.037  A 152456
   3581.67904 10.698 10.658 10.705 10.686 10.653    0.024 0.047 0.027 0.030 0.033  A 152457
   3581.68165 10.719 10.686 10.735 10.696 10.655    0.027 0.054 0.031 0.033 0.036  A 152458
   3581.68418 10.720 10.728 10.706 10.709 10.673    0.027 0.057 0.030 0.032 0.035  A 152459
   3581.68674 10.716 10.718 10.721 10.694 10.648    0.025 0.043 0.026 0.030 0.034  A 152460
   3581.68928 10.730 10.702 10.728 10.730 10.683    0.027 0.054 0.030 0.032 0.035  A 152461
   3581.69185 10.725 10.733 10.721 10.727 10.689    0.027 0.055 0.030 0.032 0.035  A 152462
   3581.69440 10.698 10.641 10.676 10.693 10.662    0.025 0.050 0.028 0.030 0.034  A 152463
   3581.69690 10.745 10.744 10.738 10.733 10.688    0.027 0.054 0.030 0.032 0.034  A 152464
   3581.69934 10.725 10.739 10.725 10.721 10.684    0.030 0.062 0.033 0.035 0.039  A 152465
   3581.70275 10.724 10.719 10.738 10.722 10.679    0.028 0.060 0.031 0.033 0.037  A 152466
   3581.70518 10.725 10.675 10.716 10.715 10.673    0.025 0.046 0.027 0.031 0.033  A 152467
   3581.70781 10.723 10.703 10.730 10.698 10.665    0.027 0.056 0.031 0.032 0.036  A 152468
   3581.71027 10.738 10.761 10.745 10.723 10.682    0.029 0.061 0.032 0.034 0.037  A 152469
   3581.71375 10.715 10.688 10.724 10.695 10.660    0.025 0.049 0.028 0.030 0.033  A 152470
   3581.71623 10.716 10.691 10.709 10.709 10.666    0.025 0.048 0.028 0.030 0.033  A 152471
   3581.71871 10.735 10.763 10.724 10.738 10.707    0.030 0.061 0.033 0.035 0.038  A 152472
   3581.72125 10.730 10.736 10.718 10.731 10.698    0.022 0.037 0.025 0.027 0.031  A 152473
   3581.72369 10.719 10.700 10.711 10.711 10.688    0.023 0.035 0.023 0.029 0.032  A 152474
   3581.72700 10.700 10.638 10.696 10.703 10.670    0.027 0.057 0.031 0.032 0.035  A 152475
   3581.72960 10.708 10.633 10.699 10.711 10.673    0.026 0.048 0.028 0.030 0.034  A 152476
   3581.73209 99.999 99.999 99.999 99.999 99.999    0.022 0.025 0.020 0.027 0.030  C 152477
   3581.73459 10.726 10.664 10.727 10.707 10.659    0.023 0.027 0.022 0.027 0.031  A 152478
   3581.73722 10.719 10.718 10.725 10.718 10.678    0.023 0.036 0.025 0.027 0.031  A 152479
   3581.73977 10.740 10.698 10.746 10.718 10.678    0.022 0.034 0.023 0.027 0.031  A 152480
   3581.74246 10.721 10.729 10.723 10.711 10.663    0.023 0.035 0.024 0.027 0.031  A 152481
   3581.74503 10.713 10.672 10.714 10.697 10.651    0.022 0.035 0.023 0.027 0.030  A 152482
   3581.74748 10.724 10.685 10.729 10.709 10.663    0.020 0.020 0.020 0.025 0.029  A 152483
   3581.74997 10.725 10.737 10.708 10.728 10.689    0.021 0.023 0.020 0.026 0.030  A 152484
   3581.75266 10.706 10.672 10.690 10.711 10.660    0.021 0.027 0.021 0.026 0.029  A 152485
   3581.75521 10.720 10.702 10.719 10.705 10.681    0.021 0.022 0.020 0.025 0.029  A 152486
   3581.75850 10.709 10.729 10.713 10.698 10.672    0.022 0.035 0.025 0.027 0.030  A 152487
   3581.76100 10.711 10.686 10.718 10.687 10.634    0.021 0.027 0.022 0.027 0.030  A 152488
   3581.76350 10.703 10.679 10.718 10.689 10.649    0.022 0.030 0.024 0.027 0.030  A 152489
   3581.76604 10.726 10.722 10.718 10.723 10.686    0.021 0.025 0.021 0.026 0.029  A 152490
   3581.76930 10.724 10.701 10.725 10.697 10.641    0.022 0.028 0.021 0.027 0.031  A 152491
   3581.77173 10.717 10.704 10.711 10.705 10.663    0.022 0.026 0.020 0.028 0.031  A 152492
   3581.77423 10.729 10.730 10.704 10.727 10.679    0.022 0.024 0.020 0.027 0.030  A 152493
   3581.77667 10.704 10.729 10.695 10.694 10.666    0.024 0.039 0.026 0.029 0.033  A 152494
   3581.77918 10.716 10.702 10.728 10.704 10.659    0.023 0.028 0.023 0.027 0.030  A 152495
   3581.78171 10.720 10.706 10.691 10.718 10.680    0.022 0.025 0.022 0.027 0.030  A 152496
   3581.78428 10.723 10.728 10.709 10.725 10.683    0.022 0.025 0.021 0.027 0.031  A 152497
   3581.78676 10.753 10.725 10.761 10.734 10.682    0.024 0.036 0.025 0.029 0.032  A 152498
   3581.78921 10.731 10.719 10.731 10.710 10.661    0.022 0.022 0.021 0.028 0.032  A 152499
   3581.79176 10.734 10.723 10.710 10.740 10.717    0.023 0.024 0.022 0.028 0.031  A 152500
   3581.79429 10.714 10.705 10.707 10.703 10.667    0.023 0.030 0.021 0.029 0.033  A 152501
   3581.79695 10.708 10.706 10.713 10.696 10.657    0.023 0.022 0.021 0.028 0.032  A 152502
   3581.79947 10.709 10.700 10.708 10.693 10.649    0.023 0.024 0.022 0.028 0.032  A 152503
   3581.80454 10.745 10.731 10.735 10.737 10.695    0.029 0.030 0.026 0.034 0.038  A 152505
   3581.80705 10.713 10.730 10.696 10.705 10.660    0.037 0.041 0.035 0.042 0.046  A 152506
   3581.80959 10.719 10.707 10.713 10.711 10.670    0.056 0.057 0.055 0.061 0.066  D 152507
   3582.46917 10.727 10.720 10.708 10.720 10.685    0.027 0.029 0.024 0.033 0.037  A 152576
   3582.47170 10.713 10.669 10.712 10.695 10.648    0.025 0.030 0.024 0.030 0.034  A 152577
   3582.47428 10.690 10.711 10.683 10.689 10.644    0.024 0.030 0.022 0.029 0.034  A 152578
   3582.47678 10.712 10.705 10.711 10.692 10.650    0.023 0.029 0.021 0.029 0.033  A 152579
   3582.47930 10.724 10.677 10.719 10.706 10.656    0.024 0.030 0.023 0.030 0.033  A 152580
   3582.48178 10.743 10.710 10.739 10.728 10.688    0.024 0.026 0.023 0.029 0.033  A 152581
   3582.48426 10.733 10.690 10.737 10.723 10.688    0.023 0.029 0.022 0.028 0.033  A 152582
   3582.48680 10.728 10.709 10.702 10.734 10.703    0.025 0.033 0.023 0.030 0.034  A 152583
   3582.48931 10.731 10.725 10.726 10.730 99.999    0.027 0.046 0.025 0.033 0.035  C 152584
   3582.49179 10.734 10.734 10.727 10.727 10.679    0.025 0.027 0.023 0.030 0.034  A 152585
   3582.49428 10.712 10.698 10.693 10.713 10.687    0.025 0.030 0.024 0.030 0.034  A 152586
   3582.49675 10.725 10.713 10.725 10.710 10.682    0.024 0.032 0.024 0.029 0.033  A 152587
   3582.50081 10.722 10.723 10.706 10.718 10.686    0.023 0.028 0.021 0.028 0.031  A 152588
   3582.50319 10.714 10.722 10.701 10.711 10.675    0.023 0.027 0.022 0.028 0.032  A 152589
   3582.50569 10.719 10.659 10.708 10.717 10.679    0.024 0.028 0.022 0.030 0.033  A 152590
   3582.50816 10.715 10.652 10.711 10.688 10.635    0.024 0.036 0.022 0.029 0.033  A 152591
   3582.51063 10.729 10.729 10.722 10.722 10.690    0.025 0.035 0.022 0.030 0.034  A 152592
   3582.51311 10.737 10.752 10.732 10.732 10.699    0.025 0.038 0.026 0.030 0.034  A 152593
   3582.51564 10.699 10.711 10.686 10.709 10.691    0.024 0.032 0.023 0.030 0.033  A 152594
   3582.51813 10.695 10.659 10.680 10.688 10.652    0.024 0.035 0.023 0.029 0.033  A 152595
   3582.52064 10.717 10.704 10.733 10.701 10.658    0.025 0.036 0.025 0.030 0.033  A 152596
   3582.52314 99.999 10.683 10.736 99.999 99.999    0.025 0.033 0.024 0.030 0.033  C 152597
   3582.52563 10.716 10.673 10.717 10.701 10.673    0.025 0.032 0.023 0.030 0.033  A 152598
   3582.52810 10.731 10.714 10.714 10.719 10.678    0.030 0.062 0.034 0.035 0.038  A 152599
   3582.53137 10.737 10.724 10.728 10.733 10.695    0.030 0.044 0.031 0.034 0.038  A 152600
   3582.53383 10.716 10.662 10.677 10.724 10.686    0.027 0.045 0.028 0.032 0.036  A 152601
   3582.53632 10.715 10.678 10.709 10.713 10.677    0.027 0.041 0.028 0.031 0.035  A 152602
   3582.53882 10.709 10.712 10.725 10.698 10.656    0.030 0.057 0.034 0.034 0.037  A 152603
   3582.54131 10.703 10.646 10.683 10.705 10.697    0.029 0.058 0.033 0.033 0.036  A 152604
   3582.54382 10.711 10.718 10.707 10.698 10.659    0.022 0.023 0.020 0.027 0.031  A 152605
   3582.54712 10.698 10.710 10.697 10.677 10.627    0.024 0.031 0.025 0.029 0.032  A 152606
   3582.54949 10.726 10.725 10.729 10.708 10.662    0.023 0.023 0.021 0.028 0.031  A 152607
   3582.55200 10.715 10.731 10.706 10.706 10.665    0.025 0.036 0.024 0.030 0.034  A 152608
   3582.55453 10.710 10.694 10.707 10.700 10.678    0.024 0.034 0.024 0.029 0.032  A 152609
   3582.55702 10.726 10.731 10.714 10.728 10.688    0.024 0.027 0.022 0.029 0.031  A 152610
   3582.55950 10.691 10.665 10.686 10.681 10.640    0.025 0.027 0.025 0.029 0.032  A 152611
   3582.56276 10.715 10.698 10.725 10.693 10.650    0.022 0.026 0.021 0.027 0.029  A 152612
   3582.56524 10.714 10.680 10.710 10.700 10.652    0.022 0.029 0.022 0.027 0.031  A 152613
   3582.56772 10.701 10.701 10.694 10.691 10.655    0.022 0.029 0.022 0.027 0.030  A 152614
   3582.57021 10.699 10.701 10.712 10.682 10.632    0.026 0.046 0.028 0.030 0.034  A 152615
   3582.57266 10.735 10.732 10.732 10.724 10.687    0.023 0.023 0.021 0.028 0.032  A 152616
   3582.57517 10.715 10.696 10.689 10.709 10.679    0.022 0.033 0.022 0.027 0.031  A 152617
   3582.57766 10.735 10.708 10.733 10.723 10.670    0.026 0.036 0.026 0.030 0.033  A 152618
   3582.58020 10.749 10.742 10.744 10.747 10.705    0.026 0.048 0.028 0.030 0.034  A 152619
   3582.58270 10.702 10.664 10.708 10.691 10.656    0.027 0.049 0.029 0.031 0.034  A 152620
   3582.58601 10.723 10.728 10.724 10.706 10.671    0.024 0.041 0.026 0.029 0.032  A 152621
   3582.58839 10.731 10.704 10.726 10.725 10.696    0.022 0.031 0.022 0.027 0.030  A 152622
   3582.59087 10.711 10.715 10.695 10.697 10.665    0.021 0.028 0.022 0.026 0.029  A 152623
   3582.59330 10.713 10.707 10.704 10.709 10.659    0.021 0.024 0.020 0.026 0.029  A 152624
   3582.59659 10.701 10.750 10.700 10.682 10.642    0.025 0.047 0.028 0.029 0.032  A 152625
   3582.59896 10.674 10.640 10.662 10.660 10.628    0.025 0.048 0.028 0.029 0.032  A 152626
   3582.60148 10.698 10.689 10.709 10.680 10.642    0.022 0.033 0.023 0.027 0.030  A 152627
   3582.60643 10.682 10.651 10.689 10.660 10.603    0.023 0.031 0.022 0.029 0.031  A 152629
   3582.60893 10.707 10.723 10.713 10.683 10.640    0.024 0.034 0.024 0.029 0.032  A 152630
   3582.61145 10.718 10.683 10.716 10.707 10.681    0.021 0.023 0.019 0.026 0.029  A 152631
   3582.61470 10.721 10.726 10.731 10.707 10.677    0.026 0.046 0.028 0.030 0.033  A 152632
   3582.61800 10.727 10.748 10.716 10.720 10.687    0.028 0.054 0.032 0.032 0.035  A 152633
   3582.62052 10.674 10.621 10.642 10.674 10.637    0.029 0.058 0.033 0.034 0.037  A 152634
   3582.62300 10.714 10.726 10.714 10.692 10.650    0.026 0.046 0.029 0.030 0.033  A 152635
   3582.62548 10.702 10.621 10.694 10.689 10.657    0.029 0.056 0.032 0.033 0.036  A 152636
   3582.62800 10.708 10.742 10.697 10.688 10.645    0.025 0.044 0.028 0.029 0.032  A 152637
   3582.63128 10.717 10.730 10.703 10.708 10.667    0.023 0.031 0.023 0.028 0.031  A 152638
   3582.63375 10.715 10.717 10.706 10.708 10.660    0.024 0.031 0.022 0.028 0.031  A 152639
   3582.63622 10.714 10.714 10.726 10.697 10.663    0.034 0.071 0.039 0.038 0.041  B 152640
   3582.63874 10.740 10.726 10.722 10.734 10.689    0.032 0.063 0.036 0.036 0.038  A 152641
   3582.64205 10.724 10.731 10.722 10.719 10.701    0.028 0.058 0.033 0.033 0.036  A 152642
   3582.64443 10.723 10.737 10.738 10.702 10.661    0.032 0.063 0.035 0.036 0.039  A 152643
   3582.64695 10.747 10.752 10.733 10.750 10.719    0.031 0.060 0.033 0.034 0.037  A 152644
   3582.64943 10.746 10.662 10.729 10.742 10.697    0.031 0.064 0.036 0.036 0.039  A 152645
   3582.65195 10.713 10.624 10.716 10.701 10.681    0.032 0.066 0.037 0.036 0.039  A 152646
   3582.65445 10.673 10.606 10.686 10.647 10.616    0.027 0.050 0.029 0.032 0.035  A 152647
   3582.65772 10.720 10.689 10.710 10.709 10.668    0.023 0.031 0.022 0.028 0.032  A 152648
   3582.66020 10.698 10.607 10.672 10.702 10.647    0.034 0.070 0.038 0.038 0.041  B 152649
   3582.66349 10.699 10.703 10.703 10.681 10.629    0.028 0.047 0.029 0.033 0.036  A 152650
   3582.66599 10.746 10.770 10.745 10.737 10.716    0.032 0.070 0.037 0.037 0.040  B 152651
   3582.66850 10.715 10.723 10.728 10.692 99.999    0.026 0.049 0.029 0.031 0.034  C 152652
   3582.67103 10.722 10.613 10.710 10.727 10.685    0.028 0.057 0.031 0.032 0.035  A 152653
   3582.67354 10.695 10.621 10.679 10.698 10.659    0.029 0.061 0.033 0.034 0.036  A 152654
   3582.67607 10.734 10.752 10.719 10.725 10.688    0.028 0.058 0.032 0.032 0.035  A 152655
   3582.67857 10.735 10.761 10.724 10.738 10.711    0.030 0.062 0.034 0.034 0.037  A 152656
   3582.68099 10.744 10.736 10.753 10.736 10.704    0.033 0.069 0.039 0.037 0.040  A 152657
   3582.68351 10.766 10.760 10.769 10.755 10.736    0.033 0.067 0.037 0.036 0.040  A 152658
   3582.68601 10.724 10.648 10.722 10.713 10.688    0.033 0.066 0.036 0.037 0.039  A 152659
   3582.68851 10.714 10.714 10.708 10.718 10.672    0.033 0.067 0.038 0.037 0.040  A 152660
   3582.69097 10.736 10.719 10.736 10.747 10.714    0.035 0.073 0.039 0.038 0.042  B 152661
   3582.69344 10.725 10.685 10.720 10.726 10.697    0.029 0.058 0.032 0.033 0.036  A 152662
   3582.69594 10.720 10.664 10.720 10.700 10.673    0.030 0.057 0.032 0.033 0.037  A 152663
   3582.69843 10.744 10.774 10.742 10.721 10.672    0.032 0.068 0.037 0.037 0.040  A 152664
   3582.70096 10.710 10.721 10.716 10.697 10.657    0.035 0.073 0.040 0.039 0.042  B 152665
   3582.70347 10.706 10.664 10.698 10.696 10.658    0.031 0.049 0.031 0.036 0.040  A 152666
   3582.70674 10.662 10.577 10.642 10.661 10.616    0.038 0.072 0.041 0.043 0.047  B 152667
   3582.70924 10.682 10.664 10.672 10.646 10.582    0.043 0.074 0.045 0.050 0.055  B 152668
   3582.71172 10.720 10.739 10.727 10.699 10.668    0.039 0.070 0.040 0.045 0.049  B 152669
   3582.71418 10.727 10.748 10.716 10.745 10.703    0.047 0.071 0.046 0.055 0.061  B 152670
   3582.71671 10.739 10.723 10.715 10.748 10.709    0.036 0.064 0.039 0.042 0.046  A 152671
   3582.71999 10.789 10.764 10.776 10.780 10.746    0.037 0.064 0.039 0.044 0.049  A 152672
   3582.72238 10.715 10.739 10.706 10.709 10.679    0.034 0.051 0.034 0.040 0.046  A 152673
   3582.72488 10.693 10.576 10.687 10.693 10.668    0.037 0.070 0.040 0.043 0.046  B 152674
   3582.72738 10.702 10.629 10.712 10.681 10.642    0.033 0.057 0.034 0.039 0.043  A 152675
   3582.72985 10.730 10.771 10.741 10.706 10.660    0.034 0.062 0.037 0.039 0.043  A 152676
   3582.73237 10.747 10.674 10.729 10.750 10.710    0.029 0.039 0.027 0.036 0.040  A 152677
   3582.73483 10.729 10.735 10.716 10.729 10.709    0.027 0.029 0.025 0.033 0.037  A 152678
   3582.73733 10.717 10.709 10.701 10.717 10.688    0.027 0.029 0.025 0.033 0.037  A 152679
   3582.73982 10.734 10.649 10.723 10.722 10.668    0.032 0.055 0.033 0.038 0.043  A 152680
   3582.74232 10.741 10.743 10.737 10.721 10.677    0.027 0.030 0.025 0.033 0.038  A 152681
   3582.74480 10.725 10.725 10.731 10.699 10.657    0.028 0.031 0.026 0.034 0.038  A 152682
   3582.74731 10.721 10.734 10.713 10.708 10.666    0.029 0.035 0.027 0.035 0.040  A 152683
   3582.75058 10.691 10.678 10.691 10.672 10.637    0.028 0.025 0.025 0.035 0.039  A 152684
   3582.75306 10.705 10.715 10.704 10.685 10.637    0.028 0.033 0.026 0.036 0.040  A 152685
   3582.75554 10.681 10.672 10.701 10.658 10.618    0.031 0.049 0.032 0.037 0.042  A 152686
   3582.75806 10.672 10.700 10.679 10.646 10.614    0.029 0.034 0.027 0.035 0.039  A 152687
   3582.76052 10.701 10.723 10.709 10.677 10.634    0.028 0.042 0.028 0.034 0.039  A 152688
   3582.76301 10.687 10.640 10.658 10.683 10.620    0.031 0.051 0.033 0.037 0.041  A 152689
   3582.76551 10.698 10.644 10.696 10.691 10.656    0.032 0.050 0.034 0.038 0.043  A 152690
   3582.76877 10.695 10.663 10.695 10.693 10.675    0.029 0.026 0.026 0.036 0.041  A 152691
   3582.77125 10.716 10.687 10.702 10.719 10.688    0.029 0.033 0.026 0.036 0.041  A 152692
   3583.64535 10.731 10.745 10.714 10.736 10.719    0.033 0.068 0.037 0.038 0.042  A 152837
   3585.70755 10.720 10.702 10.702 10.711 10.669    0.033 0.060 0.035 0.037 0.039  A 153203
   3587.71938 10.691 10.723 10.689 10.668 10.637    0.030 0.039 0.030 0.036 0.041  A 153551
   3590.57353 10.708 10.730 10.700 10.704 10.667    0.025 0.033 0.022 0.030 0.033  A 153990
   3592.57806 10.715 10.704 10.711 10.707 10.665    0.026 0.032 0.023 0.031 0.035  A 154344
   3599.63721 10.711 10.673 10.723 10.697 10.658    0.032 0.033 0.031 0.039 0.045  A 155266
   3601.69268 10.690 10.687 10.678 10.687 10.639    0.032 0.032 0.028 0.039 0.044  A 155574
   3603.69529 10.704 10.679 10.699 10.680 10.624    0.029 0.033 0.029 0.036 0.041  A 155903
   3607.52986 10.667 10.619 10.679 10.643 10.601    0.026 0.037 0.026 0.031 0.035  A 156242
   3616.63155 10.595 10.603 10.583 10.603 10.561    0.043 0.039 0.041 0.050 0.057  B 157056
   3619.55020 10.641 10.618 10.618 10.638 10.601    0.028 0.038 0.027 0.033 0.038  A 157406
   3621.60180 10.684 10.658 10.676 10.678 10.647    0.035 0.032 0.031 0.041 0.046  A 157727
   3628.52468 10.660 10.672 10.684 10.652 10.618    0.034 0.035 0.034 0.042 0.049  A 158415
   3630.59172 10.670 10.712 10.674 10.656 10.621    0.034 0.048 0.035 0.041 0.047  A 158773
   3632.59758 10.664 10.659 10.665 10.651 10.620    0.031 0.029 0.028 0.039 0.045  A 159085
   3634.62971 10.679 10.669 10.693 10.663 10.635    0.036 0.047 0.034 0.043 0.050  A 159371
   3639.50335 10.686 10.671 10.708 10.666 10.621    0.026 0.034 0.027 0.030 0.034  A 159889
   3642.51990 10.701 10.698 10.689 10.699 10.665    0.031 0.034 0.031 0.038 0.042  A 160276
   3644.57985 10.753 10.744 10.760 10.744 10.701    0.041 0.059 0.040 0.048 0.055  A 160590
   3648.54674 10.797 10.789 10.812 10.773 10.717    0.027 0.031 0.026 0.032 0.036  A 161001
   3654.49900 10.766 10.745 10.760 10.761 10.718    0.031 0.045 0.031 0.038 0.042  A 161835
   3656.54999 10.763 10.739 10.740 10.761 10.743    0.030 0.034 0.029 0.037 0.042  A 162150
   3659.52594 10.764 10.757 10.763 10.752 10.715    0.033 0.030 0.031 0.041 0.046  A 162593
   3661.54159 10.797 10.732 10.783 10.782 10.744    0.036 0.035 0.031 0.044 0.051  A 162902
   3663.54561 10.788 10.762 10.762 10.783 10.730    0.030 0.034 0.028 0.037 0.041  A 163182
   3666.55131 10.777 10.749 10.784 10.756 10.725    0.031 0.042 0.030 0.037 0.041  A 163625
   3670.50541 10.803 10.761 10.786 10.801 10.768    0.026 0.033 0.027 0.031 0.035  A 164070
   3673.51261 10.793 10.785 10.781 10.779 10.739    0.028 0.041 0.029 0.033 0.037  A 164505
   3676.50982 10.785 10.770 10.770 10.785 10.741    0.029 0.030 0.028 0.034 0.038  A 164934
   3786.81108 11.223 11.428 11.270 11.237 11.166    0.078 0.055 0.062 0.099 0.114  D 178761
   3786.81351 10.718 10.679 10.701 10.708 10.656    0.042 0.038 0.035 0.053 0.059  B 178762
   3786.81764 10.729 10.679 10.712 10.720 10.672    0.036 0.038 0.033 0.044 0.049  A 178763
   3786.82002 10.746 10.719 10.732 10.741 10.699    0.036 0.039 0.033 0.044 0.050  A 178764
   3786.82333 10.743 10.719 10.727 10.757 10.733    0.040 0.045 0.034 0.049 0.055  A 178765
   3786.82574 10.753 10.728 10.747 10.754 10.712    0.040 0.043 0.034 0.049 0.056  A 178766
   3786.82828 10.761 10.760 10.753 10.760 10.736    0.038 0.044 0.034 0.048 0.054  A 178767
   3786.83079 10.748 10.729 10.732 10.756 10.732    0.037 0.037 0.032 0.046 0.052  A 178768
   3786.83328 10.719 10.700 10.718 10.695 10.623    0.037 0.040 0.032 0.045 0.052  A 178769
   3786.83581 10.757 10.744 10.742 10.765 10.721    0.037 0.038 0.032 0.046 0.053  A 178770
   3786.83829 10.756 10.734 10.761 10.745 10.724    0.036 0.034 0.031 0.045 0.052  A 178771
   3786.84084 10.772 10.671 10.739 10.762 10.721    0.041 0.049 0.037 0.050 0.059  B 178772
   3786.84415 10.759 10.753 10.751 10.751 10.714    0.038 0.043 0.031 0.046 0.053  A 178773
   3786.84671 10.741 10.766 10.734 10.732 10.696    0.037 0.043 0.034 0.045 0.050  A 178774
   3786.85013 10.742 10.695 10.729 10.748 10.696    0.043 0.043 0.035 0.055 0.064  B 178775
   3786.85251 10.726 10.708 10.724 10.715 10.671    0.035 0.036 0.031 0.043 0.049  A 178776
   3786.85510 10.754 10.745 10.742 10.754 10.718    0.033 0.038 0.029 0.040 0.045  A 178777
   3786.85760 10.766 10.762 10.751 10.759 10.728    0.032 0.035 0.028 0.039 0.046  A 178778
   3786.86012 10.762 10.751 10.750 10.762 10.726    0.034 0.036 0.030 0.043 0.048  A 178779
   3786.86262 10.751 10.709 10.748 10.738 10.726    0.036 0.042 0.031 0.045 0.051  A 178780
   3786.86596 10.724 10.733 10.725 10.715 10.668    0.034 0.044 0.029 0.042 0.048  A 178781
   3786.86835 10.721 10.732 10.727 10.707 10.645    0.032 0.035 0.028 0.039 0.045  A 178782
   3786.87089 10.716 10.723 10.711 10.705 10.663    0.034 0.040 0.030 0.041 0.047  A 178783
   3786.87340 99.999 99.999 99.999 99.999 99.999    0.032 0.034 0.029 0.039 0.045  C 178784
   3786.87591 10.715 10.694 10.715 10.712 10.655    0.032 0.034 0.028 0.039 0.044  A 178785
   3786.87848 10.742 10.744 10.751 10.714 10.672    0.031 0.030 0.028 0.038 0.043  A 178786
   3786.88100 10.717 10.732 10.712 10.708 10.666    0.032 0.038 0.028 0.039 0.044  A 178787
   3786.88347 10.743 10.702 10.724 10.748 99.999    0.032 0.033 0.029 0.039 0.043  C 178788
   3786.88599 10.770 10.722 10.761 10.765 10.721    0.033 0.029 0.028 0.039 0.044  A 178789
   3786.88850 10.773 10.768 10.774 10.759 10.702    0.034 0.041 0.032 0.041 0.046  A 178790
   3786.89100 99.999 99.999 99.999 99.999 99.999    0.034 0.041 0.031 0.042 0.047  C 178791
   3786.89348 10.729 10.673 10.728 10.695 10.641    0.034 0.032 0.030 0.043 0.048  A 178792
   3786.89595 10.744 10.672 10.730 10.727 10.687    0.036 0.037 0.030 0.044 0.050  A 178793
   3787.80163 10.768 10.705 10.745 10.779 10.748    0.037 0.038 0.033 0.045 0.051  A 178897
   3787.80412 10.722 10.701 10.708 10.712 10.673    0.036 0.040 0.033 0.044 0.050  A 178898
   3787.80659 10.744 10.673 10.727 10.727 10.692    0.039 0.051 0.034 0.048 0.054  A 178899
   3787.80919 10.695 10.694 10.693 10.684 10.629    0.042 0.042 0.037 0.052 0.060  B 178900
   3787.81173 10.691 10.664 10.693 10.665 10.613    0.035 0.040 0.032 0.044 0.049  A 178901
   3787.81422 10.721 10.726 10.716 10.721 10.665    0.040 0.043 0.035 0.049 0.056  A 178902
   3787.81752 10.737 10.718 10.731 10.735 10.699    0.038 0.042 0.034 0.047 0.053  A 178903
   3787.82011 10.746 10.693 10.734 10.736 10.703    0.039 0.041 0.033 0.050 0.057  B 178904
   3787.82259 10.737 10.737 10.737 10.724 10.671    0.037 0.049 0.032 0.045 0.050  A 178905
   3787.82510 99.999 99.999 99.999 99.999 99.999    0.036 0.036 0.032 0.045 0.051  C 178906
   3791.86758 10.739 10.727 10.738 10.732 10.694    0.038 0.037 0.033 0.047 0.053  A 179476
   3795.88295 10.769 10.790 10.783 10.766 10.713    0.031 0.045 0.032 0.037 0.041  A 180062
   3799.87928 10.813 10.779 10.793 10.810 10.762    0.032 0.037 0.029 0.040 0.045  A 180615
   3803.87765 10.804 10.820 10.812 10.799 10.747    0.044 0.060 0.041 0.053 0.061  B 181106
   3806.88784 10.784 10.775 10.777 10.766 10.715    0.038 0.060 0.040 0.044 0.049  A 181553
   3810.87733 10.832 10.792 10.815 10.829 10.776    0.038 0.065 0.040 0.046 0.050  A 182054
   3814.83987 10.798 10.744 10.767 10.793 10.752    0.041 0.057 0.039 0.048 0.053  A 182685
   3819.84458 10.825 10.733 10.801 10.820 10.764    0.043 0.082 0.047 0.049 0.054  B 183486
   3822.86687 10.788 10.765 10.787 10.767 10.700    0.032 0.040 0.030 0.040 0.045  A 183977
   3825.87250 10.761 10.750 10.764 10.751 10.711    0.041 0.044 0.037 0.052 0.060  B 184480
   3828.86043 10.772 10.793 10.789 10.747 10.707    0.034 0.053 0.036 0.039 0.044  A 184987
   3832.81506 10.799 10.763 10.772 10.801 10.762    0.036 0.057 0.037 0.042 0.047  A 185658
   3835.82798 10.761 10.747 10.770 10.749 10.691    0.037 0.037 0.031 0.046 0.054  A 186173
   3848.85389 10.727 10.708 10.720 10.717 10.663    0.047 0.048 0.039 0.058 0.065  B 186987
   3851.80125 10.746 10.746 10.743 10.735 10.702    0.034 0.052 0.035 0.039 0.042  A 187493
   3856.83908 10.741 10.706 10.733 10.743 10.680    0.033 0.037 0.029 0.040 0.045  A 188301
   3859.77775 10.674 10.649 10.652 10.662 10.624    0.033 0.054 0.035 0.039 0.044  A 188714
   3861.80233 10.688 10.632 10.705 10.668 10.651    0.036 0.059 0.037 0.040 0.045  A 189071
   3863.83180 10.719 10.673 10.712 10.705 10.667    0.035 0.069 0.039 0.040 0.043  A 189415
   3865.78574 10.697 10.582 10.689 10.680 10.651    0.035 0.064 0.037 0.041 0.045  A 189752
   3867.78728 10.713 10.692 10.717 10.690 10.647    0.033 0.042 0.033 0.040 0.045  A 190071
   3872.80249 10.733 10.733 10.724 10.728 10.701    0.036 0.052 0.036 0.043 0.049  A 190986
   3876.69592 10.653 10.687 10.661 10.651 10.607    0.071 0.074 0.066 0.081 0.090  D 191359
   3882.71684 10.702 10.678 10.702 10.692 10.649    0.030 0.035 0.026 0.036 0.040  A 192118
   3886.79333 10.812 10.761 10.810 10.789 10.744    0.032 0.060 0.034 0.037 0.041  A 192522
   3891.67230 10.741 10.735 10.743 10.731 10.691    0.029 0.050 0.031 0.034 0.038  A 193363
   3893.72018 10.725 10.740 10.726 10.709 10.652    0.028 0.031 0.029 0.035 0.039  A 193737
   3896.73301 10.698 10.705 10.711 10.671 10.607    0.039 0.043 0.039 0.046 0.055  A 194066
   3900.72924 10.754 10.770 10.758 10.741 10.696    0.038 0.055 0.035 0.047 0.053  A 194685
   3902.73610 10.788 10.792 10.801 10.785 10.764    0.028 0.033 0.027 0.034 0.039  A 195064
   3904.76446 10.798 10.835 10.799 10.797 10.787    0.042 0.082 0.047 0.046 0.049  B 195454
   3906.77005 10.770 10.757 10.776 10.756 10.696    0.034 0.051 0.035 0.039 0.044  A 195836
   3908.83606 10.795 10.813 10.783 10.789 10.737    0.033 0.055 0.036 0.037 0.041  A 196243
   3912.74970 10.780 10.750 10.782 10.763 10.714    0.026 0.035 0.025 0.031 0.035  A 196781
   4152.89398 10.749 10.753 10.744 10.741 10.708    0.034 0.043 0.034 0.042 0.047  A 215208
   4156.88741 10.773 10.748 10.757 10.777 10.748    0.046 0.053 0.044 0.053 0.060  B 215795
   4160.87890 10.750 10.707 10.741 10.728 10.694    0.040 0.043 0.035 0.048 0.054  A 216387
   4164.86875 10.866 10.819 10.852 10.853 10.829    0.047 0.067 0.042 0.057 0.064  B 216982
   4168.88237 10.740 10.700 10.742 10.721 10.679    0.039 0.054 0.040 0.046 0.053  A 217523
   4174.86538 10.724 10.724 10.737 10.708 10.654    0.033 0.046 0.034 0.040 0.045  A 218305
   4177.89181 10.750 10.686 10.744 10.748 10.713    0.040 0.057 0.041 0.046 0.052  A 218692
   4181.85503 10.712 10.671 10.732 10.689 10.655    0.061 0.057 0.054 0.075 0.088  D 219186
   4185.84099 10.737 10.694 10.730 10.725 10.683    0.040 0.047 0.038 0.047 0.054  A 219760
   4189.83155 10.717 10.710 10.703 10.705 10.655    0.033 0.040 0.035 0.038 0.044  A 220150
   4192.81943 10.702 10.688 10.694 10.700 99.999    0.035 0.039 0.034 0.041 0.048  C 220624
   4196.84772 10.662 10.663 10.654 10.658 10.611    0.053 0.055 0.049 0.066 0.077  D 221118
   4202.86084 10.704 10.683 10.690 10.692 10.647    0.036 0.051 0.038 0.041 0.046  A 221706
   4205.82098 10.730 10.732 10.722 10.738 10.701    0.037 0.053 0.037 0.045 0.051  A 222173
   4213.86781 10.709 10.720 10.686 10.700 10.672    0.037 0.043 0.036 0.045 0.053  A 222664
   4216.86141 10.667 10.607 10.688 10.633 10.589    0.036 0.042 0.037 0.041 0.048  A 222945
   4228.82787 10.586 10.600 10.578 10.565 10.538    0.039 0.053 0.048 0.045 0.052  B 223410
   4230.81313 10.645 10.590 10.667 10.618 10.574    0.030 0.037 0.031 0.035 0.040  A 223747
   4232.82039 10.642 10.631 10.641 10.638 10.591    0.040 0.044 0.039 0.049 0.056  A 224093
   4234.86191 10.603 10.597 10.613 10.594 10.552    0.032 0.036 0.032 0.039 0.046  A 224475
   4245.72677 10.601 10.577 10.620 10.574 10.518    0.059 0.057 0.054 0.073 0.088  D 226068
   4247.71102 10.638 10.620 10.636 10.609 10.556    0.030 0.037 0.032 0.036 0.043  A 226428
   4255.76275 10.654 10.638 10.679 10.623 10.573    0.042 0.040 0.038 0.052 0.061  B 227118
   4258.68623 10.680 10.685 10.687 10.666 10.627    0.034 0.038 0.035 0.041 0.048  A 227532
   4269.75920 10.671 10.680 10.675 10.675 10.632    0.038 0.045 0.038 0.045 0.054  A 228195
   4273.66851 10.690 10.718 10.678 10.668 10.625    0.041 0.047 0.043 0.047 0.052  A 228507
   4278.67015 10.722 10.693 10.737 10.699 10.654    0.031 0.036 0.031 0.037 0.043  A 229162
   4282.68859 10.756 10.756 10.756 10.759 10.736    0.044 0.064 0.044 0.053 0.060  B 229487
   4284.69215 10.772 10.714 10.778 10.760 10.727    0.033 0.038 0.033 0.040 0.046  A 229823
   4286.68534 10.720 10.719 10.701 10.709 10.680    0.057 0.061 0.052 0.071 0.083  D 230186
   4290.68466 10.747 10.754 10.760 10.734 10.694    0.039 0.051 0.044 0.045 0.051  A 230511
   4292.64502 10.744 10.702 10.720 10.720 10.679    0.032 0.050 0.037 0.038 0.042  A 230874
   4294.65381 10.753 10.798 10.771 10.754 10.739    0.059 0.067 0.058 0.069 0.078  D 231230
   4296.64346 10.732 10.724 10.705 10.736 10.702    0.038 0.060 0.041 0.044 0.048  A 231571
   4298.64885 10.759 10.696 10.765 10.746 10.688    0.039 0.053 0.040 0.047 0.054  A 231930
   4300.62014 99.999 10.726 10.749 99.999 99.999    0.037 0.047 0.035 0.045 0.052  C 232277
   4302.67075 10.748 10.753 10.780 10.731 10.705    0.032 0.043 0.034 0.039 0.045  A 232606
   4304.61289 10.729 10.733 10.741 10.714 10.686    0.033 0.044 0.037 0.038 0.043  A 232948
   4310.60412 10.733 10.714 10.740 10.711 10.647    0.037 0.045 0.037 0.044 0.051  A 233883
   4312.60116 10.702 10.655 10.720 10.668 10.638    0.039 0.059 0.040 0.048 0.053  A 234210
   4315.60368 10.714 10.776 10.738 10.687 10.651    0.038 0.052 0.044 0.044 0.049  A 234554
   4317.66070 10.714 10.697 10.706 10.680 10.628    0.036 0.041 0.037 0.043 0.050  A 234839
   4329.65032 10.691 10.706 10.678 10.684 10.644    0.035 0.046 0.038 0.040 0.046  A 235141
   4331.58097 10.642 10.646 10.631 10.617 10.572    0.035 0.056 0.040 0.041 0.046  A 235475
   4338.52289 10.666 10.614 10.667 10.641 10.596    0.039 0.054 0.043 0.044 0.051  A 236389
   4340.57829 10.690 10.611 10.712 10.667 10.625    0.038 0.057 0.040 0.045 0.053  A 236746
   4342.58295 10.661 10.617 10.650 10.646 10.627    0.040 0.061 0.043 0.047 0.053  A 237078
   4344.57995 10.694 10.696 10.686 10.672 10.645    0.039 0.062 0.046 0.045 0.050  A 237419
   4346.58241 10.682 10.609 10.662 10.682 10.652    0.033 0.061 0.036 0.038 0.042  A 237760
   4348.58406 10.693 10.703 10.694 10.684 10.638    0.031 0.055 0.034 0.036 0.040  A 238115
   4350.57922 10.648 10.575 10.604 10.670 10.671    0.039 0.064 0.041 0.046 0.051  A 238430
   4352.59146 10.627 10.615 10.630 10.601 10.559    0.041 0.043 0.041 0.048 0.054  A 238746
   4355.58051 10.676 10.677 10.691 10.653 99.999    0.032 0.052 0.035 0.037 0.042  C 239152
   4357.59050 10.619 10.617 10.601 10.609 10.576    0.038 0.046 0.039 0.044 0.050  A 239446
   4359.55541 10.620 10.601 10.631 10.608 10.568    0.033 0.050 0.036 0.039 0.045  A 239771
   4365.50943 10.606 10.598 10.628 10.585 10.543    0.032 0.036 0.033 0.039 0.045  A 240604
   4368.59314 99.999 99.999 99.999 99.999 99.999    0.038 0.041 0.038 0.046 0.054  C 240971
   4373.50930 10.640 10.616 10.648 10.630 10.626    0.035 0.052 0.036 0.043 0.049  A 241733
   4376.53805 10.642 10.638 10.624 10.641 10.600    0.033 0.041 0.034 0.038 0.043  A 242086
   4378.55782 10.695 10.645 10.685 10.695 10.652    0.038 0.037 0.036 0.044 0.051  A 242394
   4380.58508 10.645 10.649 10.639 10.639 10.612    0.037 0.041 0.034 0.045 0.051  A 242703
   4383.54402 10.640 10.640 10.634 10.629 10.589    0.028 0.036 0.031 0.034 0.038  A 243148
   4386.52583 10.683 10.668 10.683 10.679 10.654    0.031 0.037 0.033 0.036 0.041  A 243612
   4392.50561 10.723 10.710 10.699 10.728 10.688    0.030 0.031 0.029 0.037 0.043  A 244476
   4408.50929 10.734 10.749 10.725 10.734 10.694    0.030 0.036 0.029 0.037 0.043  A 245687
   4507.88590 10.646 10.693 10.648 10.638 10.602    0.046 0.060 0.044 0.055 0.063  B 256226
   4518.86943 10.705 10.692 10.714 10.678 10.635    0.042 0.055 0.042 0.051 0.060  B 257492
   4523.86572 10.678 10.604 10.687 10.657 10.607    0.038 0.059 0.041 0.044 0.050  A 258231
   4529.86078 10.706 10.665 10.714 10.681 10.636    0.031 0.036 0.031 0.037 0.044  A 259109
   4533.88429 10.690 10.679 10.687 10.658 10.603    0.041 0.044 0.040 0.049 0.055  A 259658
   4537.84876 10.672 10.669 10.686 10.660 10.621    0.032 0.045 0.035 0.038 0.043  A 260153
   4540.87358 10.697 10.653 10.667 10.684 10.629    0.043 0.059 0.043 0.050 0.057  B 260588
   4547.87608 10.751 10.778 10.762 10.729 10.709    0.039 0.055 0.040 0.047 0.054  A 261685
   4557.83069 10.753 10.737 10.765 10.720 10.661    0.033 0.039 0.032 0.039 0.045  A 263090
   4560.85425 10.739 10.747 10.760 10.717 10.662    0.033 0.041 0.035 0.039 0.044  A 263597
   4563.84755 10.738 10.747 10.736 10.707 10.645    0.030 0.035 0.031 0.036 0.041  A 264092
   4566.83495 10.757 10.750 10.778 10.737 10.707    0.032 0.047 0.035 0.038 0.043  A 264592
   4569.82395 10.764 10.779 10.741 10.765 10.712    0.032 0.041 0.033 0.038 0.043  A 265052
   4572.79499 10.738 10.782 10.742 10.719 10.658    0.037 0.041 0.037 0.045 0.053  A 265564
   4574.81398 10.761 10.762 10.767 10.742 10.688    0.034 0.043 0.031 0.041 0.047  A 265895
#ndata= 21
#dataset= 4 ; 1 F1836-32_189
#desig= 181045-3611.9
#cra=   18.179059  18:10:44.6
#cdec= -36.198891 -36:11:56.0
#class= 0
#cmag_0= 10.683
#cmer_0=  0.047
#nskip_0= 0
#cmag_1= 10.711
#cmer_1=  0.041
#nskip_1= 0
#cmag_2= 10.724
#cmer_2=  0.042
#nskip_2= 0
#cmag_3= 10.732
#cmer_3=  0.045
#nskip_3= 0
#cmag_4= 10.696
#cmer_4=  0.044
#nskip_4= 0
#ra=   18.179059  18:10:44.6
#dec= -36.198891 -36:11:56.0
#     HJD      MAG_2  MAG_0  MAG_1  MAG_3  MAG_4    MER_2 MER_0 MER_1 MER_3 MER_4 GRADE FRAME
   4154.88127 29.999 29.999 29.999 29.999 29.999    0.047 0.081 0.048 0.054 0.060  D 215500
   4158.88383 10.738 10.734 10.720 10.755 10.749    0.053 0.085 0.053 0.061 0.069  D 216073
   4162.87102 10.762 10.707 10.725 10.791 10.757    0.053 0.060 0.048 0.063 0.072  B 216706
   4166.87013 10.767 10.755 10.756 10.767 10.720    0.054 0.082 0.051 0.064 0.071  D 217228
   4175.85889 10.599 10.702 10.644 10.562 10.543    0.101 0.083 0.089 0.122 0.144  D 218453
   4179.86089 10.752 10.666 10.747 10.746 10.692    0.040 0.045 0.039 0.048 0.055  B 218914
   4182.88384 10.751 10.655 10.729 10.763 10.703    0.047 0.070 0.048 0.054 0.062  D 219343
   4185.87868 10.740 10.688 10.716 10.733 10.690    0.043 0.047 0.042 0.050 0.056  B 219773
   4192.84177 10.705 10.633 10.693 10.710 10.663    0.036 0.046 0.038 0.043 0.049  A 220632
   4196.88042 10.815 10.723 10.755 10.846 10.777    0.058 0.054 0.052 0.070 0.080  B 221129
   4205.86148 10.692 10.635 10.680 10.672 10.636    0.041 0.046 0.040 0.049 0.055  B 222187
   4228.84957 10.622 10.579 10.615 10.640 10.606    0.038 0.055 0.042 0.043 0.050  B 223418
   4520.87889 10.639 10.589 10.619 10.645 10.639    0.047 0.047 0.044 0.057 0.065  B 257786
   4530.87870 10.700 10.705 10.719 10.706 10.680    0.040 0.065 0.045 0.047 0.052  B 259263
   4537.87502 10.694 10.651 10.676 10.696 10.662    0.034 0.043 0.037 0.040 0.045  A 260163
   4541.86912 10.705 10.674 10.678 10.733 10.672    0.035 0.047 0.037 0.040 0.045  A 260745
   4557.85847 10.733 10.716 10.723 10.742 10.711    0.036 0.044 0.037 0.042 0.047  A 263100
   4560.87954 10.770 10.703 10.754 10.789 10.753    0.037 0.042 0.038 0.044 0.049  A 263606
   4564.83294 99.999 99.999 99.999 99.999 99.999    0.038 0.059 0.043 0.042 0.048  C 264257
   4567.85290 10.761 10.700 10.730 10.773 10.744    0.039 0.051 0.042 0.044 0.048  B 264763
   4570.84943 10.745 10.721 10.730 10.779 10.733    0.036 0.050 0.040 0.042 0.047  B 265234
