#ndata= 3
#dataset= 1 ; 1 F1800-48_114
#desig= 181422-4002.0
#cra=   18.239539  18:14:22.3
#cdec= -40.033168 -40:01:59.4
#class= 0
#cmag_0= 12.717
#cmer_0=  0.055
#nskip_0= 0
#cmag_1= 12.804
#cmer_1=  0.046
#nskip_1= 0
#cmag_2= 12.853
#cmer_2=  0.105
#nskip_2= 0
#cmag_3= 12.908
#cmer_3=  0.176
#nskip_3= 0
#cmag_4= 12.906
#cmer_4=  0.184
#nskip_4= 0
#ra=   18.239539  18:14:22.3
#dec= -40.033168 -40:01:59.4
#     HJD      MAG_0  MAG_1  MAG_2  MAG_3  MAG_4    MER_0 MER_1 MER_2 MER_3 MER_4 GRADE FRAME
   2140.51371 12.756 12.836 12.926 13.032 13.035    0.054 0.041 0.038 0.043 0.049  A 30131
   2151.49387 12.679 12.773 12.780 12.784 12.776    0.061 0.042 0.042 0.050 0.055  A 31326
#dataset= 1 ; 2 F1800-48_114
#desig= 181423-4002.1
#cra=   18.239702  18:14:22.9
#cdec= -40.034411 -40:02:03.9
#class= 0
#cmag_0= 12.718
#cmer_0=  0.000
#nskip_0= 0
#cmag_1= 12.704
#cmer_1=  0.000
#nskip_1= 0
#cmag_2= 12.703
#cmer_2=  0.000
#nskip_2= 0
#cmag_3= 12.708
#cmer_3=  0.000
#nskip_3= 0
#cmag_4= 12.712
#cmer_4=  0.000
#nskip_4= 0
#ra=   18.239702  18:14:22.9
#dec= -40.034411 -40:02:03.9
#     HJD      MAG_0  MAG_1  MAG_2  MAG_3  MAG_4    MER_0 MER_1 MER_2 MER_3 MER_4 GRADE FRAME
   2151.49387 12.719 12.704 12.703 12.709 12.713    0.061 0.042 0.042 0.050 0.055  A 31326
#ndata= 410
#dataset= 2 ; 1 F1800-40_149
#desig= 181422-4002.0
#cra=   18.239550  18:14:22.4
#cdec= -40.033198 -40:01:59.5
#class= 0
#cmag_0= 12.989
#cmer_0=  0.280
#nskip_0= 0
#cmag_1= 13.054
#cmer_1=  0.286
#nskip_1= 0
#cmag_2= 13.136
#cmer_2=  0.316
#nskip_2= 0
#cmag_3= 13.208
#cmer_3=  0.366
#nskip_3= 2
#cmag_4= 13.257
#cmer_4=  0.457
#nskip_4= 1
#ra=   18.239550  18:14:22.4
#dec= -40.033198 -40:01:59.5
#     HJD      MAG_0  MAG_1  MAG_2  MAG_3  MAG_4    MER_0 MER_1 MER_2 MER_3 MER_4 GRADE FRAME
   1947.88374 12.874 12.962 13.005 13.011 12.963    0.047 0.037 0.036 0.042 0.047  A 8999
   1950.86934 12.883 12.940 12.986 13.032 13.006    0.044 0.037 0.034 0.040 0.046  A 9467
   1954.85921 29.999 29.999 29.999 29.999 29.999    0.056 0.048 0.042 0.049 0.055  C 9948
   1955.85720 12.985 13.056 13.173 13.305 13.494    0.042 0.037 0.033 0.037 0.042  A 10128
   1961.88650 13.215 13.194 13.224 13.290 13.415    0.045 0.041 0.034 0.039 0.044  A 10590
   1963.86687 13.226 13.167 13.297 13.363 13.459    0.053 0.045 0.037 0.041 0.043  A 10909
   1965.86244 13.268 13.425 13.489 13.472 13.500    0.050 0.044 0.038 0.042 0.045  A 11276
   1967.86500 13.324 13.371 13.383 13.521 13.721    0.049 0.042 0.034 0.038 0.041  A 11620
   1978.81197 29.999 29.999 29.999 29.999 29.999    0.061 0.053 0.045 0.050 0.054  C 12110
   1979.84605 13.158 13.175 13.240 13.273 13.556    0.063 0.055 0.046 0.051 0.052  B 12317
   1980.82505 29.999 29.999 29.999 29.999 29.999    0.059 0.052 0.044 0.048 0.051  C 12454
   1981.84012 29.999 29.999 29.999 29.999 29.999    0.054 0.048 0.040 0.046 0.048  C 12644
   1982.80377 13.532 13.479 13.667 13.941 14.537    0.056 0.048 0.040 0.044 0.047  A 12821
   1994.78866 29.999 29.999 29.999 29.999 29.999    0.074 0.064 0.050 0.052 0.054  D 13511
   1997.80247 29.999 29.999 29.999 29.999 29.999    0.077 0.066 0.051 0.053 0.055  D 14117
   2025.75974 13.354 13.405 13.484 13.578 13.635    0.042 0.031 0.030 0.036 0.039  A 17244
   2032.76086 13.383 13.487 13.590 13.707 13.545    0.044 0.031 0.030 0.035 0.040  A 18288
   2033.75875 13.349 13.525 13.769 13.941 13.765    0.043 0.032 0.030 0.035 0.040  A 18506
   2035.72705 13.295 13.496 13.844 13.979 13.611    0.082 0.082 0.095 0.116 0.134  D 18891
   2080.59240 13.257 13.248 13.305 13.301 13.110    0.072 0.044 0.041 0.047 0.054  B 22876
   2083.64911 13.152 13.225 13.256 13.245 13.235    0.052 0.040 0.040 0.047 0.052  A 23595
   2087.63899 13.236 13.246 13.342 13.398 13.225    0.065 0.041 0.040 0.047 0.052  A 24262
   2096.66485 29.999 29.999 29.999 29.999 29.999    0.073 0.075 0.089 0.111 0.135  D 25461
   2103.61244 13.186 13.276 13.324 13.262 13.318    0.054 0.038 0.037 0.043 0.047  A 25798
   2109.60174 13.194 13.255 13.306 13.345 13.311    0.045 0.035 0.032 0.038 0.044  A 26592
   2115.57163 13.044 12.988 12.968 12.969 12.876    0.047 0.036 0.034 0.039 0.045  A 26837
   2116.57664 13.065 13.070 13.184 13.301 13.351    0.044 0.034 0.032 0.037 0.043  A 27059
   2117.57550 13.018 13.126 13.236 13.314 13.208    0.047 0.035 0.035 0.041 0.047  A 27280
   2124.55146 13.008 13.017 13.057 13.024 12.885    0.052 0.038 0.037 0.045 0.050  A 27614
   2125.56730 12.893 12.960 13.115 13.242 13.175    0.049 0.038 0.038 0.045 0.050  A 27833
   2130.56789 12.861 12.855 12.927 12.935 12.798    0.042 0.033 0.031 0.038 0.042  A 28338
   2133.55142 12.755 12.799 12.851 12.883 12.850    0.048 0.035 0.033 0.039 0.044  A 28958
   2134.54494 12.688 12.801 12.841 12.835 12.799    0.049 0.036 0.034 0.040 0.045  A 29173
   2135.54601 12.770 12.858 12.908 12.907 12.808    0.050 0.036 0.035 0.040 0.046  A 29386
   2142.51725 12.692 12.761 12.781 12.753 12.705    0.057 0.037 0.035 0.041 0.046  A 30546
   2156.48339 12.906 13.003 13.075 13.185 13.275    0.049 0.036 0.034 0.039 0.044  A 31583
   2164.49210 12.903 13.007 13.103 13.157 13.251    0.036 0.033 0.029 0.033 0.038  A 31903
   2172.48251 12.834 12.903 12.976 13.038 13.058    0.043 0.033 0.032 0.037 0.042  A 32728
   2178.48417 13.014 12.992 13.018 13.077 13.085    0.041 0.036 0.035 0.040 0.045  A 33538
   2180.52232 12.986 13.064 13.174 13.243 13.418    0.050 0.037 0.035 0.041 0.046  A 33742
   2184.52458 12.781 12.769 12.796 12.837 12.958    0.053 0.037 0.036 0.042 0.047  A 34032
   2188.50271 12.842 12.881 12.914 12.937 12.952    0.043 0.034 0.031 0.036 0.041  A 34667
   2191.50958 12.752 12.787 12.820 12.853 12.926    0.047 0.034 0.032 0.038 0.043  A 35067
   2194.51258 12.769 12.769 12.799 12.788 12.746    0.049 0.035 0.033 0.039 0.043  A 35597
   2441.66561 13.648 13.751 13.902 14.187 14.546    0.036 0.037 0.035 0.041 0.045  A 8290
   2442.66312 13.912 13.965 99.999 99.999 99.999    0.041 0.037 0.031 0.033 0.035  C 8496
   2443.65941 13.732 13.872 14.114 14.492 15.192    0.026 0.027 0.021 0.025 0.028  A 8680
   2444.65222 13.811 13.952 14.288 14.775 15.238    0.028 0.028 0.025 0.029 0.032  A 8882
   2446.66627 13.544 13.676 13.818 14.074 14.288    0.031 0.031 0.026 0.030 0.033  A 9268
   2452.62571 29.999 29.999 29.999 29.999 29.999    0.066 0.059 0.051 0.052 0.057  C 9456
   2459.61282 29.999 29.999 29.999 29.999 29.999    0.061 0.059 0.056 0.066 0.077  C 10115
   2460.64339 99.999 99.999 99.999 99.999 99.999    0.038 0.037 0.031 0.034 0.037  C 10204
   2463.64063 13.181 13.290 13.329 13.392 13.448    0.033 0.034 0.031 0.037 0.042  A 10620
   2464.61902 13.418 13.468 13.582 13.688 13.793    0.043 0.038 0.030 0.033 0.033  A 10829
   2465.62043 13.416 13.384 13.452 13.503 13.663    0.045 0.038 0.030 0.033 0.033  A 11050
   2466.60753 13.383 13.468 13.653 13.817 14.144    0.037 0.034 0.029 0.033 0.035  A 11263
   2467.61244 13.261 13.287 13.439 13.608 13.694    0.037 0.038 0.036 0.042 0.046  A 11484
   2470.53720 13.250 13.297 13.344 13.413 13.503    0.055 0.046 0.038 0.040 0.041  A 11950
   2474.62250 13.339 13.339 13.535 13.692 13.864    0.048 0.042 0.037 0.040 0.042  A 12842
   2481.55857 29.999 29.999 29.999 29.999 29.999    0.079 0.067 0.055 0.055 0.057  D 12962
   2482.59589 13.658 13.801 13.719 13.894 14.405    0.070 0.056 0.045 0.048 0.046  B 13137
   2486.57132 29.999 29.999 29.999 29.999 29.999    0.083 0.068 0.056 0.053 0.054  D 13292
   2489.56035 29.999 29.999 29.999 29.999 29.999    0.055 0.048 0.043 0.048 0.053  C 13813
   2493.56026 29.999 29.999 29.999 29.999 29.999    0.059 0.051 0.043 0.044 0.047  C 14439
   2494.56346 29.999 29.999 29.999 29.999 29.999    0.048 0.045 0.040 0.045 0.050  C 14631
   2495.56736 13.944 13.997 14.079 14.185 15.028    0.059 0.048 0.038 0.041 0.040  A 14770
   2497.55787 13.732 13.609 13.622 13.748 13.994    0.049 0.043 0.036 0.039 0.041  A 15190
   2498.54597 13.663 13.665 13.767 13.928 14.155    0.043 0.040 0.036 0.040 0.044  A 15396
   2499.53951 13.368 13.404 13.548 13.761 13.973    0.030 0.029 0.023 0.026 0.029  A 15604
   2501.54772 13.562 13.573 13.572 13.661 13.818    0.034 0.032 0.025 0.028 0.030  A 15969
   2508.57056 13.213 13.348 13.500 13.574 13.919    0.050 0.044 0.038 0.041 0.046  A 16764
   2510.53066 13.217 13.329 13.474 13.642 13.759    0.034 0.032 0.030 0.036 0.041  A 16931
   2511.59233 13.192 13.338 13.432 13.582 13.648    0.043 0.044 0.043 0.052 0.060  A 17073
   2512.65139 29.999 29.999 29.999 29.999 29.999    0.071 0.059 0.052 0.059 0.061  C 17262
   2519.65366 13.194 13.196 13.240 13.259 13.210    0.032 0.030 0.025 0.030 0.032  A 18009
   2521.65567 13.147 13.274 13.368 13.407 13.441    0.037 0.030 0.027 0.031 0.034  A 18405
   2524.61338 29.999 29.999 29.999 29.999 29.999    0.061 0.054 0.050 0.056 0.062  C 18640
   2543.51237 12.982 13.070 13.126 13.106 13.068    0.035 0.031 0.031 0.037 0.041  A 19862
   2544.49166 13.287 13.293 13.478 13.640 13.904    0.042 0.037 0.031 0.033 0.035  A 19921
   2545.55285 13.124 13.222 13.271 13.245 13.183    0.037 0.028 0.026 0.030 0.034  A 20136
   2547.53527 12.966 13.171 13.249 13.322 13.414    0.048 0.036 0.028 0.032 0.037  A 20379
   2552.52426 13.308 13.220 13.246 13.324 13.384    0.076 0.061 0.051 0.052 0.053  B 21097
   2560.48978 12.898 12.927 12.981 13.014 13.020    0.045 0.036 0.031 0.036 0.041  A 22345
   2561.51828 12.859 12.926 12.988 13.022 12.947    0.042 0.031 0.030 0.035 0.040  A 22505
   2564.52232 13.245 13.203 13.339 13.401 13.630    0.042 0.040 0.034 0.037 0.041  A 23045
   2566.49718 12.956 12.981 13.098 13.241 13.271    0.042 0.032 0.031 0.036 0.039  A 23391
   2568.53853 13.067 13.126 13.178 13.257 13.403    0.039 0.037 0.035 0.038 0.041  A 23562
   2678.87312 12.884 12.966 12.998 13.051 12.954    0.036 0.034 0.034 0.040 0.045  A 39077
   2688.87290 12.856 12.889 12.958 13.027 13.002    0.039 0.033 0.035 0.042 0.047  A 40824
   2693.86357 12.902 13.056 13.147 13.164 13.160    0.036 0.032 0.032 0.037 0.042  A 41680
   2698.85680 12.886 12.838 12.827 12.791 12.931    0.042 0.040 0.038 0.046 0.052  A 42603
   2701.84353 12.866 12.991 12.996 13.033 13.056    0.036 0.033 0.028 0.033 0.036  A 43175
   2704.84566 12.772 12.814 12.871 12.878 12.820    0.035 0.028 0.028 0.032 0.035  A 43752
   2706.86653 12.812 12.892 12.987 13.041 13.019    0.033 0.030 0.028 0.033 0.036  A 44126
   2711.83090 12.743 12.762 12.787 12.804 12.817    0.033 0.031 0.026 0.031 0.034  A 45025
   2713.86742 12.746 12.763 12.831 12.902 12.925    0.030 0.027 0.026 0.030 0.034  A 45417
   2717.84758 12.630 12.744 12.770 12.807 12.891    0.035 0.033 0.033 0.038 0.041  A 45946
   2720.81780 12.746 12.771 12.843 12.982 13.004    0.038 0.040 0.036 0.042 0.047  A 46369
   2725.78682 12.730 12.751 12.824 12.911 12.904    0.034 0.028 0.029 0.033 0.037  A 47329
   2729.83267 12.692 12.673 12.682 12.720 12.667    0.041 0.038 0.036 0.041 0.044  A 48145
   2732.86927 12.667 12.726 12.780 12.820 12.811    0.032 0.028 0.028 0.033 0.037  A 48511
   2734.83991 12.689 12.707 12.764 12.787 12.834    0.030 0.030 0.028 0.033 0.037  A 48910
   2736.81316 12.720 12.795 12.828 12.887 12.904    0.032 0.033 0.028 0.033 0.037  A 49290
   2738.82916 12.785 12.884 12.969 13.036 13.088    0.030 0.028 0.028 0.032 0.035  A 49675
   2740.80750 12.823 12.892 12.962 13.039 13.033    0.036 0.041 0.035 0.043 0.046  A 50027
   2742.80840 99.999 99.999 99.999 99.999 99.999    0.036 0.036 0.036 0.043 0.049  C 50429
   2754.80976 12.757 12.793 12.882 12.966 12.981    0.034 0.028 0.028 0.033 0.037  A 52315
   2756.77009 12.776 12.804 12.876 12.908 12.888    0.029 0.029 0.027 0.032 0.036  A 52711
   2758.80878 12.759 12.865 12.899 12.925 12.910    0.026 0.028 0.025 0.029 0.032  A 53088
   2760.75837 12.828 12.894 12.959 13.014 12.927    0.032 0.027 0.026 0.031 0.035  A 53476
   2762.74581 29.999 29.999 29.999 29.999 29.999    0.073 0.075 0.085 0.104 0.121  D 53879
   2764.74750 12.640 12.805 12.866 12.913 12.919    0.032 0.037 0.031 0.034 0.037  A 54293
   2768.83207 12.696 12.732 12.818 12.872 12.886    0.034 0.028 0.027 0.032 0.035  A 54649
   2782.77636 12.808 12.810 12.890 12.954 12.936    0.035 0.036 0.028 0.032 0.036  A 55772
   2784.73145 12.760 12.788 12.840 12.851 12.896    0.027 0.030 0.024 0.028 0.031  A 56172
   2786.69223 12.778 12.813 12.840 12.822 12.820    0.031 0.029 0.029 0.032 0.034  A 56589
   2787.85465 12.693 12.801 12.887 12.985 13.029    0.039 0.035 0.037 0.043 0.047  A 56886
   2791.65946 12.832 12.856 12.992 13.145 13.223    0.034 0.036 0.032 0.035 0.038  A 57556
   2795.74352 12.752 12.728 12.719 12.771 12.777    0.032 0.035 0.031 0.036 0.042  A 58198
   2808.70976 12.766 12.782 12.809 12.796 12.782    0.031 0.030 0.027 0.033 0.036  A 59335
   2810.63295 12.783 12.805 12.879 12.974 13.041    0.030 0.026 0.024 0.027 0.031  A 59730
   2811.81572 12.757 12.773 12.825 12.844 12.897    0.043 0.037 0.034 0.038 0.043  A 60029
   2813.70912 12.594 12.597 12.690 12.743 12.732    0.037 0.030 0.027 0.031 0.035  A 60441
   2820.70452 12.616 12.642 12.717 12.741 12.723    0.027 0.029 0.026 0.032 0.036  A 61540
   2822.73361 12.544 12.926 13.487 16.822 99.999    0.077 0.079 0.088 0.111 0.129  D 61900
   2826.73553 12.721 12.683 12.777 12.851 12.970    0.033 0.032 0.028 0.033 0.036  A 62071
   2830.61263 12.764 12.763 12.898 13.016 13.159    0.051 0.051 0.050 0.060 0.067  A 62498
   2835.62683 12.720 12.822 12.869 12.964 13.033    0.031 0.032 0.029 0.034 0.039  A 63530
   2838.62847 12.647 12.693 12.691 12.716 12.780    0.031 0.034 0.030 0.035 0.038  A 63895
   2840.68315 12.698 12.729 12.745 12.741 12.811    0.031 0.032 0.028 0.034 0.039  A 64351
   2842.66518 29.999 29.999 29.999 29.999 29.999    0.074 0.079 0.089 0.109 0.131  D 64755
   2845.67292 12.931 13.005 13.014 13.031 13.075    0.036 0.035 0.031 0.036 0.039  A 65235
   2851.58670 12.937 12.973 13.032 13.089 13.128    0.027 0.029 0.025 0.031 0.035  A 65418
   2855.62088 12.922 13.077 13.132 13.246 13.431    0.045 0.042 0.039 0.043 0.047  A 66053
   2861.56826 12.962 12.960 13.046 13.131 13.161    0.029 0.031 0.029 0.036 0.041  A 66939
   2862.67814 12.871 12.910 12.962 12.996 13.109    0.037 0.038 0.037 0.043 0.048  A 67189
   2866.67894 12.815 12.919 12.995 13.072 13.125    0.033 0.031 0.029 0.033 0.037  A 67575
   2867.73639 12.801 13.062 13.200 13.199 13.180    0.035 0.032 0.030 0.035 0.038  A 67804
   2872.52558 12.831 12.853 12.881 12.925 13.006    0.033 0.034 0.029 0.034 0.037  A 68114
   2874.72286 13.085 13.108 13.109 13.163 13.219    0.036 0.030 0.030 0.035 0.039  A 68399
   2876.64020 12.533 12.616 12.699 12.749 12.745    0.039 0.029 0.028 0.033 0.038  A 68762
   2878.63041 12.641 12.688 12.747 12.768 12.842    0.038 0.038 0.038 0.044 0.050  A 69152
   2880.67818 12.266 12.437 12.673 13.026 13.508    0.079 0.081 0.092 0.110 0.125  D 69390
   2883.55984 12.619 12.665 12.682 12.679 12.660    0.031 0.028 0.026 0.030 0.032  A 69596
   2888.49522 12.601 12.696 12.709 12.724 12.695    0.032 0.034 0.030 0.035 0.039  A 70385
   2892.49597 12.720 12.753 12.794 12.774 12.711    0.051 0.036 0.033 0.039 0.043  A 70625
   2897.61694 12.827 12.909 12.964 13.057 13.087    0.043 0.045 0.034 0.038 0.041  A 71663
   2899.60138 12.860 13.081 13.223 13.415 13.555    0.056 0.056 0.056 0.067 0.077  B 72020
   2901.59960 29.999 29.999 29.999 29.999 29.999    0.066 0.067 0.064 0.075 0.088  D 72404
   2904.64002 13.072 13.130 13.312 13.627 14.164    0.046 0.042 0.045 0.050 0.056  A 72859
   2906.63544 99.999 99.999 99.999 99.999 99.999    0.030 0.028 0.027 0.032 0.036  C 73180
   2910.50320 13.078 13.106 13.200 13.261 13.269    0.036 0.029 0.028 0.033 0.037  A 73668
   2916.49019 13.008 13.027 13.159 13.416 13.633    0.043 0.038 0.040 0.048 0.053  A 74517
   2917.59014 12.955 13.089 13.196 13.282 13.306    0.034 0.031 0.031 0.036 0.040  A 74746
   2921.58927 12.943 13.156 13.365 13.553 13.654    0.038 0.038 0.041 0.050 0.057  A 75066
   2923.57980 12.829 12.894 12.932 12.897 12.837    0.038 0.035 0.038 0.045 0.051  A 75433
   2928.57731 12.855 12.933 13.002 13.017 12.943    0.036 0.031 0.032 0.038 0.043  A 76166
   2931.51275 12.846 12.937 13.047 13.132 13.161    0.034 0.029 0.029 0.034 0.037  A 76670
   2933.52211 12.969 13.046 13.114 13.138 13.098    0.035 0.031 0.031 0.037 0.043  A 77028
   2935.52339 12.926 13.000 13.090 13.113 13.088    0.039 0.032 0.032 0.038 0.042  A 77386
   2937.52244 12.878 12.894 12.961 12.998 13.010    0.039 0.031 0.031 0.037 0.042  A 77659
   2943.50283 13.032 13.121 13.193 13.288 13.303    0.039 0.032 0.034 0.039 0.045  A 78308
   2947.50711 13.120 13.111 13.153 13.175 13.233    0.039 0.036 0.037 0.045 0.051  A 78957
   2951.50800 13.004 13.083 13.268 13.464 13.561    0.039 0.038 0.039 0.047 0.053  A 79523
   3054.88419 12.898 12.994 13.260 13.478 13.536    0.033 0.032 0.031 0.037 0.040  A 91491
   3055.81717 12.938 12.995 13.045 13.119 13.108    0.043 0.044 0.045 0.048 0.053  A 91609
   3057.82422 12.968 12.959 12.960 12.922 12.836    0.041 0.042 0.040 0.047 0.051  A 91881
   3059.85594 12.918 13.025 13.105 13.074 13.032    0.035 0.031 0.031 0.036 0.040  A 92150
   3062.88171 29.999 29.999 29.999 29.999 29.999    0.074 0.078 0.092 0.116 0.138  D 92561
   3067.89681 12.947 13.100 13.165 13.211 13.242    0.033 0.032 0.031 0.037 0.043  A 93136
   3075.86116 13.005 13.101 13.212 13.295 13.265    0.033 0.031 0.031 0.036 0.042  A 94210
   3080.85228 12.965 13.090 13.148 13.113 13.053    0.038 0.036 0.037 0.043 0.048  A 94934
   3086.89861 12.771 12.847 12.938 13.007 13.027    0.035 0.031 0.032 0.038 0.043  A 95547
   3090.83658 12.707 12.713 12.673 12.632 12.561    0.040 0.037 0.040 0.046 0.052  A 96139
   3096.91284 12.737 12.823 12.871 12.864 12.818    0.037 0.036 0.034 0.040 0.046  A 96745
   3099.83336 12.808 12.911 13.050 13.111 99.999    0.036 0.033 0.034 0.041 0.046  C 97185
   3102.85879 12.826 12.844 12.913 12.902 12.947    0.042 0.038 0.041 0.049 0.056  A 97666
   3107.89134 12.735 12.878 13.043 13.251 13.437    0.037 0.036 0.036 0.044 0.051  A 98469
   3110.83003 99.999 99.999 99.999 99.999 99.999    0.033 0.028 0.028 0.033 0.038  C 98915
   3113.80802 12.724 12.785 12.833 12.882 12.872    0.033 0.030 0.031 0.037 0.042  A 99382
   3114.71911 12.759 12.772 12.807 12.840 12.835    0.042 0.040 0.039 0.044 0.048  A 99519
   3116.79617 12.786 12.877 12.958 13.006 13.067    0.030 0.028 0.028 0.033 0.037  A 99871
   3122.82749 12.996 13.116 13.189 13.368 99.999    0.033 0.030 0.030 0.036 0.041  C 100279
   3125.75038 12.804 12.878 12.960 12.974 12.962    0.035 0.034 0.037 0.044 0.050  A 100753
   3127.74793 12.778 12.770 12.798 12.859 13.005    0.045 0.047 0.053 0.064 0.074  B 101066
   3129.79093 29.999 29.999 29.999 29.999 29.999    0.064 0.060 0.068 0.083 0.097  D 101407
   3130.88156 13.009 13.091 13.174 13.394 13.445    0.035 0.034 0.035 0.042 0.048  A 101571
   3144.75345 12.808 12.811 12.842 12.876 12.921    0.030 0.028 0.029 0.034 0.038  A 103309
   3152.86228 12.759 12.775 12.833 12.858 12.837    0.034 0.034 0.036 0.044 0.050  A 103673
   3154.70184 12.837 12.910 12.970 13.037 13.086    0.031 0.029 0.029 0.035 0.039  A 103963
   3157.81800 12.604 12.614 12.713 12.966 13.129    0.074 0.078 0.084 0.096 0.107  D 104290
   3162.70343 12.733 12.797 12.835 12.850 12.896    0.030 0.032 0.031 0.037 0.041  A 104867
   3164.73369 12.780 12.813 12.901 12.923 12.855    0.031 0.031 0.030 0.035 0.040  A 105229
   3167.75173 12.811 12.926 13.052 13.181 13.245    0.029 0.028 0.028 0.034 0.038  A 105623
   3169.72032 12.809 12.863 12.962 13.085 13.111    0.033 0.031 0.030 0.036 0.041  A 105953
   3171.85324 12.824 12.894 12.914 12.909 12.964    0.053 0.057 0.065 0.079 0.091  D 106256
   3178.66149 12.823 12.924 12.939 12.904 12.937    0.039 0.040 0.042 0.050 0.058  A 107064
   3180.76054 12.799 12.916 13.001 13.013 12.984    0.041 0.032 0.032 0.038 0.043  A 107381
   3183.74281 12.895 12.916 12.934 12.878 12.808    0.032 0.031 0.031 0.036 0.041  A 107686
   3191.74947 12.810 12.881 12.938 12.968 12.977    0.039 0.036 0.038 0.045 0.052  A 108762
   3266.53629 12.661 12.706 12.797 12.876 12.967    0.028 0.027 0.024 0.027 0.031  A 115147
   3278.60864 12.694 12.721 12.864 13.088 13.172    0.043 0.041 0.042 0.049 0.056  A 116835
   3292.53450 12.785 12.819 12.894 12.946 13.058    0.037 0.038 0.039 0.047 0.054  A 118245
   3298.50418 12.620 12.710 12.815 12.902 12.882    0.034 0.032 0.032 0.039 0.045  A 118761
   3404.88403 29.999 29.999 29.999 29.999 29.999    0.066 0.044 0.045 0.053 0.060  C 128499
   3410.88309 13.618 13.711 13.714 13.654 13.435    0.052 0.039 0.041 0.049 0.055  A 129426
   3414.88178 13.554 13.634 13.904 14.374 14.808    0.040 0.035 0.037 0.044 0.050  A 130036
   3418.87955 13.416 13.592 13.856 14.168 14.048    0.084 0.057 0.056 0.064 0.069  B 130666
   3422.86890 29.999 29.999 29.999 29.999 29.999    0.051 0.046 0.050 0.059 0.067  C 131296
   3426.86242 13.392 13.471 13.565 13.593 13.474    0.043 0.036 0.038 0.044 0.050  A 131927
   3443.87503 13.387 13.427 13.419 13.292 13.273    0.057 0.041 0.038 0.044 0.049  A 133833
   3446.88537 13.454 13.559 13.797 14.064 14.031    0.040 0.031 0.033 0.039 0.043  A 134660
   3450.85023 13.256 13.303 13.273 13.149 13.080    0.062 0.046 0.045 0.052 0.060  A 135326
   3453.80279 13.135 13.150 13.271 13.460 13.264    0.050 0.043 0.045 0.054 0.061  A 135705
   3453.82351 13.405 13.427 13.506 13.632 13.821    0.049 0.039 0.040 0.049 0.055  A 135713
   3456.84081 13.206 13.251 13.318 13.290 13.088    0.058 0.041 0.041 0.049 0.055  A 136254
   3463.81654 13.205 13.218 13.260 13.281 13.118    0.069 0.046 0.043 0.050 0.055  B 137380
   3466.85065 13.108 13.107 99.999 99.999 99.999    0.037 0.032 0.033 0.039 0.045  C 137901
   3469.84212 13.078 13.130 13.241 13.316 13.221    0.043 0.033 0.035 0.041 0.045  A 138317
   3472.86391 13.170 13.141 13.189 13.212 13.126    0.050 0.038 0.037 0.042 0.047  A 138779
   3475.82595 13.102 13.195 13.279 13.379 13.265    0.053 0.047 0.054 0.066 0.075  B 139270
   3478.78756 13.223 13.209 13.242 13.299 13.186    0.065 0.044 0.042 0.047 0.052  A 139773
   3481.78940 13.073 13.103 13.206 13.307 13.300    0.060 0.040 0.039 0.045 0.052  A 140227
   3483.82058 13.087 13.229 13.403 13.543 13.486    0.052 0.039 0.040 0.046 0.052  A 140554
   3489.86652 13.237 13.123 13.169 13.219 13.157    0.047 0.044 0.049 0.059 0.069  B 141032
   3491.88992 13.237 13.339 13.424 13.426 13.367    0.069 0.048 0.046 0.054 0.059  B 141394
   3499.78427 13.241 13.296 13.536 13.817 14.220    0.046 0.041 0.044 0.054 0.062  A 142162
   3502.75037 12.956 13.002 13.006 12.992 12.954    0.046 0.038 0.039 0.046 0.051  A 142662
   3504.78985 13.225 13.309 13.394 13.559 13.676    0.046 0.039 0.039 0.044 0.049  A 143034
   3510.82468 13.078 13.145 13.213 13.237 13.219    0.033 0.032 0.029 0.035 0.039  A 143545
   3512.73038 13.041 13.131 99.999 99.999 99.999    0.036 0.033 0.033 0.040 0.045  C 143891
   3517.77501 12.750 12.743 12.736 12.722 12.702    0.046 0.036 0.036 0.042 0.048  A 144388
   3521.73467 12.799 12.866 12.883 12.929 12.958    0.048 0.039 0.040 0.047 0.053  A 144870
   3523.77132 12.776 12.793 12.846 12.929 99.999    0.084 0.055 0.054 0.062 0.067  C 145232
   3525.83400 12.781 12.833 12.916 12.970 12.934    0.074 0.049 0.044 0.047 0.051  B 145558
   3528.68716 12.768 12.840 12.936 13.034 13.030    0.052 0.038 0.035 0.039 0.042  A 146025
   3530.72938 12.803 12.885 12.963 12.977 12.910    0.052 0.037 0.036 0.042 0.047  A 146401
   3539.65622 12.636 12.821 12.917 12.806 12.664    0.080 0.059 0.062 0.072 0.081  B 147039
   3544.70032 12.677 12.758 12.832 12.886 12.877    0.081 0.052 0.051 0.059 0.065  B 147720
   3547.75284 12.888 12.962 13.135 13.322 13.357    0.066 0.042 0.038 0.044 0.049  A 148074
   3551.74481 12.903 12.949 12.982 12.944 12.947    0.068 0.048 0.045 0.051 0.057  B 148344
   3553.86272 13.089 13.433 14.025 15.521 99.999    0.062 0.066 0.075 0.093 0.111  D 148654
   3556.61734 12.841 12.935 12.987 13.000 12.967    0.041 0.032 0.031 0.036 0.041  A 149065
   3559.65093 12.776 12.913 13.049 13.098 13.158    0.091 0.057 0.055 0.060 0.064  B 149411
   3561.66521 13.103 13.098 13.175 13.256 13.183    0.049 0.036 0.034 0.040 0.045  A 149752
   3563.63391 12.971 13.002 13.064 13.119 13.149    0.047 0.034 0.033 0.040 0.045  A 150083
   3574.78547 12.927 12.948 13.007 13.083 13.221    0.045 0.039 0.037 0.045 0.052  A 151337
   3576.78662 12.870 12.914 12.904 12.845 12.815    0.048 0.035 0.035 0.041 0.046  A 151696
   3582.78507 99.999 99.999 99.999 99.999 99.999    0.046 0.035 0.037 0.043 0.049  C 152697
   3584.75114 12.730 12.810 12.869 12.875 12.855    0.074 0.045 0.041 0.046 0.051  B 153049
   3586.68947 99.999 99.999 99.999 99.999 99.999    0.076 0.046 0.041 0.046 0.051  C 153373
   3593.55661 12.643 12.753 12.811 12.828 12.823    0.035 0.029 0.029 0.035 0.040  A 154512
   3599.59462 12.621 12.753 12.801 12.789 12.737    0.034 0.034 0.033 0.040 0.045  A 155253
   3601.66452 12.779 12.788 12.790 12.759 12.751    0.071 0.054 0.058 0.071 0.081  B 155564
   3603.66385 12.736 12.794 12.841 12.865 12.830    0.046 0.035 0.034 0.041 0.047  A 155892
   3606.66320 12.843 12.897 12.935 12.928 12.921    0.048 0.038 0.038 0.045 0.051  A 156207
   3616.49767 13.002 13.043 13.148 13.260 13.272    0.040 0.038 0.037 0.041 0.045  A 157011
   3618.60179 12.820 12.823 12.921 13.034 13.057    0.048 0.038 0.038 0.042 0.047  A 157273
   3620.60528 12.723 12.769 12.787 12.747 12.689    0.071 0.044 0.040 0.047 0.053  B 157579
   3628.49132 12.690 12.700 12.686 12.662 12.640    0.035 0.035 0.035 0.042 0.048  A 158404
   3630.57205 12.628 12.701 12.709 12.687 12.692    0.041 0.036 0.037 0.044 0.050  A 158766
   3632.57919 12.660 12.751 12.852 12.981 13.045    0.040 0.035 0.037 0.045 0.052  A 159078
   3634.60725 12.596 12.657 12.736 12.775 12.802    0.043 0.034 0.035 0.043 0.049  A 159363
   3637.61923 12.795 12.860 12.897 12.922 12.856    0.037 0.038 0.036 0.042 0.046  A 159703
   3641.57576 12.667 12.759 12.794 12.781 12.788    0.034 0.029 0.030 0.035 0.040  A 160156
   3643.62026 12.621 12.645 12.695 12.731 12.768    0.036 0.032 0.030 0.036 0.041  A 160450
   3647.55667 12.730 12.718 12.780 12.828 12.900    0.032 0.030 0.028 0.033 0.038  A 160877
   3654.49371 12.821 12.899 12.984 13.051 13.025    0.053 0.039 0.039 0.045 0.052  A 161833
   3656.54468 99.999 99.999 99.999 99.999 99.999    0.042 0.032 0.034 0.040 0.046  C 162148
   3659.52089 12.949 12.975 13.018 13.085 13.123    0.038 0.036 0.036 0.043 0.049  A 162591
   3661.53924 12.896 13.009 13.106 13.213 13.333    0.045 0.036 0.039 0.047 0.053  A 162901
   3663.54306 12.837 12.920 12.961 12.964 13.029    0.042 0.033 0.035 0.041 0.047  A 163181
   3666.54497 12.849 12.895 12.903 12.884 12.846    0.042 0.036 0.036 0.042 0.047  A 163623
   3670.50303 12.806 12.861 12.918 12.925 12.880    0.038 0.033 0.032 0.037 0.041  A 164069
   3673.51026 12.775 12.811 99.999 99.999 99.999    0.046 0.035 0.033 0.039 0.044  C 164504
   3676.50738 12.747 12.869 12.965 12.991 12.960    0.047 0.038 0.036 0.042 0.047  A 164933
   3767.87772 12.631 12.724 12.721 12.630 12.575    0.045 0.039 0.042 0.051 0.058  A 176649
   3774.88655 12.929 13.072 13.260 13.455 13.817    0.047 0.042 0.044 0.054 0.060  A 177583
   3791.87572 12.656 12.732 12.795 12.869 12.888    0.047 0.040 0.044 0.051 0.058  A 179479
   3795.87709 12.680 12.732 12.779 12.848 12.943    0.049 0.036 0.036 0.042 0.047  A 180060
   3803.86526 12.795 12.888 13.007 13.116 13.052    0.064 0.049 0.050 0.059 0.067  A 181102
   3806.87455 12.966 13.056 13.172 13.308 13.387    0.049 0.038 0.039 0.046 0.052  A 181548
   3810.86534 13.182 13.370 13.711 14.089 14.271    0.056 0.041 0.042 0.049 0.055  A 182050
   3814.85063 12.995 12.982 13.012 13.001 12.926    0.060 0.046 0.046 0.054 0.060  A 182689
   3817.73100 99.999 99.999 99.999 99.999 99.999    0.052 0.044 0.048 0.058 0.065  C 183124
   3817.76397 13.425 13.528 13.811 14.013 13.935    0.053 0.044 0.046 0.055 0.062  A 183134
   3817.79346 13.228 13.381 13.560 13.719 13.569    0.057 0.047 0.048 0.057 0.065  A 183144
   3817.82384 13.240 13.312 13.412 13.551 13.782    0.055 0.046 0.047 0.055 0.063  A 183154
   3817.85291 13.195 13.216 13.308 13.338 13.199    0.047 0.043 0.044 0.053 0.059  A 183164
   3817.88154 13.302 13.398 13.474 13.508 13.298    0.062 0.048 0.047 0.055 0.061  A 183174
   3817.90940 13.226 13.313 13.360 13.338 13.312    0.065 0.050 0.048 0.056 0.062  A 183184
   3818.75047 13.138 13.179 13.263 13.284 13.203    0.054 0.046 0.046 0.055 0.060  A 183293
   3818.78028 13.224 13.242 13.268 13.362 13.408    0.055 0.045 0.046 0.054 0.060  A 183303
   3818.81001 29.999 29.999 29.999 29.999 29.999    0.083 0.054 0.050 0.057 0.064  C 183313
   3818.83776 13.267 13.285 13.345 13.356 13.382    0.069 0.051 0.049 0.056 0.063  B 183323
   3818.86603 13.127 13.193 13.233 13.291 13.301    0.059 0.043 0.045 0.053 0.061  A 183333
   3818.89487 13.252 13.424 13.659 13.882 13.774    0.064 0.050 0.046 0.053 0.060  A 183343
   3819.83248 13.135 13.189 13.323 13.378 13.280    0.060 0.044 0.044 0.050 0.057  A 183482
   3822.86444 13.233 13.320 13.478 13.601 13.523    0.047 0.036 0.038 0.045 0.050  A 183976
   3825.85961 13.569 13.659 13.646 13.556 13.319    0.045 0.044 0.051 0.063 0.074  B 184475
   3829.81893 13.576 13.679 13.809 13.946 13.977    0.040 0.034 0.036 0.043 0.049  A 185136
   3832.83783 13.192 13.248 13.321 13.373 13.239    0.065 0.044 0.042 0.049 0.056  A 185666
   3835.83326 13.377 13.490 13.645 13.718 13.763    0.047 0.038 0.040 0.048 0.056  A 186175
   3847.85540 13.269 13.262 13.300 13.327 13.199    0.060 0.045 0.047 0.057 0.065  A 186811
   3850.79804 13.251 13.269 13.307 13.293 13.267    0.080 0.049 0.045 0.051 0.056  B 187308
   3852.84525 13.209 13.348 13.450 13.379 13.146    0.057 0.043 0.045 0.052 0.059  A 187676
   3855.78777 13.225 13.302 13.470 13.577 13.838    0.070 0.059 0.064 0.078 0.090  D 188143
   3858.77707 13.409 13.442 13.544 13.668 13.656    0.063 0.044 0.040 0.045 0.051  A 188571
   3860.84328 13.420 13.569 13.818 14.078 14.334    0.039 0.034 0.034 0.040 0.044  A 188897
   3862.83173 13.328 13.477 13.604 13.620 13.544    0.042 0.031 0.031 0.037 0.042  A 189260
   3864.75915 13.273 13.397 13.569 13.778 13.929    0.079 0.048 0.044 0.051 0.055  B 189577
   3866.76219 13.332 13.420 13.520 13.506 13.400    0.059 0.041 0.039 0.047 0.053  A 189930
   3868.78516 13.387 13.456 13.629 13.820 13.658    0.049 0.042 0.044 0.052 0.059  A 190243
   3872.79988 13.352 13.465 13.496 13.487 13.483    0.053 0.039 0.039 0.047 0.053  A 190985
   3879.77988 29.999 29.999 29.999 29.999 29.999    0.083 0.088 0.102 0.126 0.148  D 191692
   3882.71417 13.475 13.570 13.668 13.715 13.595    0.048 0.035 0.034 0.041 0.046  A 192117
   3886.75724 99.999 99.999 99.999 99.999 99.999    0.042 0.033 0.033 0.040 0.045  C 192510
   3892.72766 13.499 13.517 13.525 13.559 13.669    0.042 0.034 0.033 0.039 0.045  A 193554
   3894.71976 13.674 13.749 13.919 14.056 14.234    0.033 0.032 0.031 0.037 0.041  A 193882
   3900.72629 13.309 13.637 13.962 14.310 14.726    0.045 0.037 0.039 0.048 0.056  A 194684
   3902.73348 13.348 13.382 13.458 13.472 13.400    0.039 0.033 0.033 0.040 0.045  A 195063
   3904.76183 13.337 13.379 13.508 13.621 13.731    0.043 0.039 0.037 0.043 0.047  A 195453
   3906.76419 13.433 13.507 13.587 13.668 13.685    0.049 0.039 0.037 0.043 0.047  A 195834
   3908.83021 13.320 13.438 13.528 13.527 13.533    0.049 0.037 0.035 0.042 0.047  A 196241
   4152.88631 12.824 12.881 12.994 13.125 13.224    0.049 0.040 0.039 0.045 0.050  A 215205
   4156.88158 12.895 12.824 12.813 12.776 12.768    0.067 0.052 0.051 0.058 0.064  B 215793
   4160.87653 12.718 12.789 12.785 12.702 12.649    0.074 0.049 0.049 0.058 0.064  B 216386
   4164.86027 12.751 12.832 12.819 12.735 12.672    0.063 0.050 0.053 0.064 0.071  B 216979
   4168.86280 12.804 12.866 13.001 13.051 13.111    0.055 0.048 0.041 0.048 0.054  A 217517
   4174.85056 29.999 29.999 29.999 29.999 29.999    0.041 0.034 0.034 0.041 0.047  C 218300
   4177.87410 12.533 12.615 12.725 12.841 12.870    0.041 0.036 0.038 0.047 0.053  A 218686
   4181.83864 12.895 12.973 13.016 13.056 13.038    0.054 0.054 0.060 0.073 0.085  D 219181
   4184.88518 12.642 12.798 12.880 13.020 13.042    0.068 0.063 0.073 0.089 0.105  D 219627
   4188.87881 12.596 12.567 12.625 12.646 12.717    0.045 0.044 0.044 0.050 0.056  A 220011
   4191.83391 12.763 12.787 12.832 12.912 12.986    0.041 0.037 0.037 0.045 0.052  A 220474
   4194.81112 12.846 12.872 12.930 13.012 13.031    0.051 0.039 0.038 0.045 0.052  A 220936
   4202.84995 12.809 12.883 12.959 13.105 13.251    0.042 0.039 0.039 0.044 0.049  A 221702
   4205.80904 12.779 12.864 12.948 13.030 13.106    0.040 0.036 0.037 0.044 0.050  A 222169
   4213.85393 12.501 12.541 12.579 12.638 12.743    0.040 0.038 0.038 0.046 0.054  A 222660
   4216.85165 12.731 12.771 12.836 12.876 12.934    0.041 0.044 0.038 0.041 0.046  A 222942
   4228.82531 12.856 12.913 13.028 13.165 13.304    0.038 0.034 0.033 0.039 0.044  A 223409
   4230.80979 12.918 12.905 12.950 13.051 13.327    0.041 0.038 0.035 0.041 0.046  A 223746
   4232.81292 12.860 12.939 12.937 13.042 13.246    0.040 0.036 0.037 0.043 0.049  A 224091
   4234.85070 12.692 12.676 12.724 12.742 12.738    0.046 0.037 0.036 0.043 0.049  A 224471
   4245.72014 12.575 12.512 12.618 12.732 12.971    0.055 0.058 0.065 0.080 0.093  D 226066
   4247.70513 29.999 29.999 29.999 29.999 29.999    0.039 0.036 0.032 0.038 0.043  C 226426
   4250.82986 12.896 12.907 12.940 13.064 13.085    0.044 0.040 0.038 0.045 0.051  A 226711
   4255.75447 12.801 12.826 12.901 12.952 13.043    0.037 0.038 0.040 0.049 0.057  A 227115
   4258.68006 12.954 12.989 13.040 13.061 13.046    0.037 0.034 0.033 0.039 0.045  A 227530
   4266.72275 13.040 13.124 13.387 13.932 18.364    0.057 0.059 0.064 0.076 0.089  D 227760
   4268.72660 13.029 13.250 13.424 13.477 13.727    0.054 0.055 0.060 0.072 0.083  B 228012
   4272.65519 12.922 12.876 12.991 13.108 13.282    0.041 0.038 0.034 0.040 0.044  A 228385
   4274.68990 12.933 12.956 13.040 13.175 13.387    0.041 0.039 0.036 0.039 0.044  A 228707
   4277.66524 12.868 12.996 13.099 13.157 13.184    0.038 0.036 0.032 0.038 0.043  A 229013
   4282.68026 12.932 13.200 13.326 13.458 13.819    0.048 0.042 0.045 0.054 0.062  A 229484
   4284.68381 12.989 12.985 12.993 13.022 13.033    0.044 0.037 0.035 0.043 0.049  A 229820
   4286.67763 12.713 12.817 12.905 13.136 13.482    0.048 0.047 0.050 0.061 0.071  B 230183
   4290.67641 29.999 29.999 29.999 29.999 29.999    0.044 0.041 0.036 0.041 0.045  C 230508
   4292.65072 13.060 13.051 13.061 13.047 13.111    0.039 0.036 0.032 0.038 0.042  A 230876
   4294.65876 12.916 13.140 13.352 13.668 13.645    0.048 0.047 0.046 0.054 0.061  A 231232
   4296.64837 12.943 12.996 12.994 13.043 13.139    0.040 0.038 0.038 0.043 0.048  A 231573
   4298.65374 13.100 13.183 13.257 13.312 13.534    0.037 0.036 0.038 0.047 0.056  A 231932
   4300.61757 13.162 13.151 13.293 13.498 13.648    0.068 0.048 0.046 0.052 0.058  B 232276
   4302.66254 13.082 13.110 13.130 13.175 13.225    0.037 0.033 0.031 0.037 0.043  A 232604
   4304.61034 13.155 13.212 13.223 13.196 13.292    0.041 0.036 0.032 0.037 0.041  A 232947
   4310.60157 13.151 13.270 13.568 13.913 14.318    0.043 0.038 0.036 0.044 0.050  A 233882
   4312.59860 13.185 13.222 13.416 13.770 14.034    0.050 0.042 0.042 0.051 0.059  A 234209
   4315.60113 13.435 13.424 13.593 13.797 14.347    0.041 0.037 0.032 0.038 0.042  A 234553
   4317.65819 13.399 13.511 13.642 13.838 14.286    0.035 0.034 0.032 0.038 0.042  A 234838
   4329.53502 13.277 13.487 13.621 13.602 13.449    0.047 0.045 0.047 0.054 0.060  A 235100
   4331.53698 13.552 13.520 13.683 13.971 14.623    0.039 0.033 0.030 0.035 0.041  A 235458
   4333.53333 13.224 13.217 13.250 13.327 13.421    0.046 0.037 0.033 0.039 0.045  A 235820
   4338.51434 29.999 29.999 29.999 29.999 29.999    0.043 0.038 0.035 0.040 0.045  C 236386
   4340.57579 13.363 13.531 13.690 13.813 14.209    0.043 0.037 0.035 0.042 0.048  A 236745
   4342.58047 13.117 13.204 13.363 13.581 14.028    0.043 0.037 0.038 0.045 0.052  A 237077
   4344.57746 13.128 13.141 13.270 13.354 13.422    0.045 0.038 0.037 0.044 0.049  A 237418
   4346.57994 13.038 13.093 13.129 13.236 13.312    0.041 0.039 0.036 0.043 0.051  A 237759
   4348.58159 13.072 13.051 13.141 13.244 13.272    0.037 0.034 0.032 0.038 0.043  A 238114
   4350.57676 12.983 12.988 13.061 13.186 13.312    0.046 0.038 0.036 0.042 0.048  A 238429
   4352.58899 13.258 13.249 13.311 13.419 13.514    0.036 0.036 0.035 0.040 0.044  A 238745
   4355.57806 12.878 12.923 12.998 13.016 12.994    0.041 0.035 0.033 0.039 0.044  A 239151
   4357.58803 12.888 12.981 13.126 13.225 13.289    0.042 0.039 0.037 0.042 0.047  A 239445
   4359.55213 12.854 12.895 12.937 12.953 12.890    0.038 0.035 0.035 0.043 0.050  A 239770
   4365.49796 12.985 12.946 12.902 12.845 12.831    0.042 0.035 0.032 0.038 0.043  A 240600
   4368.57314 29.999 29.999 29.999 29.999 29.999    0.045 0.040 0.038 0.046 0.053  C 240964
   4372.59864 13.022 13.067 13.162 13.148 13.148    0.047 0.041 0.046 0.056 0.065  A 241620
   4375.60334 13.157 13.257 13.324 13.339 13.312    0.037 0.034 0.032 0.037 0.041  A 241948
   4378.50501 13.098 13.135 13.157 13.143 13.037    0.047 0.038 0.038 0.043 0.047  A 242376
   4380.56009 13.209 13.271 13.349 13.393 13.495    0.045 0.039 0.039 0.046 0.051  A 242694
   4383.53295 13.133 13.265 13.280 13.299 13.366    0.034 0.031 0.030 0.036 0.041  A 243144
   4386.51811 13.339 13.426 13.507 13.573 13.705    0.036 0.033 0.031 0.037 0.041  A 243609
   4392.49714 13.085 13.084 13.123 13.209 13.083    0.043 0.035 0.036 0.042 0.047  A 244473
   4400.50462 13.016 13.144 13.328 13.501 13.589    0.043 0.038 0.041 0.050 0.058  A 244938
   4409.51408 12.937 13.053 13.106 13.165 13.228    0.059 0.041 0.038 0.044 0.051  A 245830
   4494.88017 13.001 12.976 13.040 13.335 13.597    0.041 0.040 0.042 0.052 0.059  A 254732
   4504.88377 13.096 12.982 12.932 13.011 13.221    0.050 0.042 0.041 0.050 0.056  A 255786
   4508.88491 29.999 29.999 29.999 29.999 29.999    0.062 0.043 0.042 0.048 0.055  C 256358
   4518.87474 12.781 12.906 13.002 13.158 13.267    0.048 0.042 0.043 0.052 0.060  A 257494
   4522.87709 12.635 12.682 12.720 12.755 12.788    0.042 0.035 0.033 0.040 0.046  A 258079
   4529.85835 12.839 12.793 12.888 12.970 13.100    0.040 0.034 0.034 0.040 0.044  A 259108
   4533.87840 12.696 12.794 12.845 12.892 12.839    0.048 0.042 0.042 0.048 0.055  A 259656
   4537.84370 12.734 12.822 12.893 12.954 13.052    0.039 0.035 0.034 0.040 0.047  A 260151
   4540.86788 12.917 12.916 12.978 13.102 13.099    0.049 0.043 0.044 0.051 0.058  A 260586
   4547.83524 12.889 12.991 13.143 13.327 13.405    0.046 0.039 0.042 0.050 0.056  A 261672
   4559.85123 12.955 13.036 13.090 13.142 13.136    0.036 0.034 0.033 0.040 0.045  A 263426
   4562.86230 12.803 12.872 13.000 13.137 13.210    0.046 0.038 0.037 0.044 0.050  A 263933
   4565.87866 12.921 12.955 12.970 13.007 13.070    0.046 0.036 0.034 0.041 0.046  A 264438
   4568.84687 12.736 12.896 13.030 13.193 13.421    0.051 0.044 0.044 0.050 0.054  A 264896
   4571.80941 12.726 12.740 12.785 12.836 12.949    0.042 0.038 0.035 0.042 0.046  A 265392
   4574.77250 12.631 12.662 12.617 12.611 12.574    0.049 0.039 0.037 0.045 0.051  A 265882
#ndata= 83
#dataset= 3 ; 1 F1840-40_150
#desig= 181423-4002.0
#cra=   18.239613  18:14:22.6
#cdec= -40.033339 -40:02:00.0
#class= 0
#cmag_0= 12.830
#cmer_0=  0.224
#nskip_0= 0
#cmag_1= 12.861
#cmer_1=  0.245
#nskip_1= 0
#cmag_2= 12.918
#cmer_2=  0.265
#nskip_2= 0
#cmag_3= 12.956
#cmer_3=  0.297
#nskip_3= 0
#cmag_4= 12.908
#cmer_4=  0.284
#nskip_4= 1
#ra=   18.239613  18:14:22.6
#dec= -40.033339 -40:02:00.0
#     HJD      MAG_0  MAG_1  MAG_2  MAG_3  MAG_4    MER_0 MER_1 MER_2 MER_3 MER_4 GRADE FRAME
   2463.64063 13.219 13.295 13.333 13.406 13.453    0.035 0.036 0.031 0.036 0.040  A 10620
   2490.60669 13.481 13.662 13.901 14.051 14.063    0.064 0.054 0.044 0.048 0.047  B 14051
   2683.89171 12.958 12.940 13.006 13.042 13.113    0.040 0.037 0.036 0.043 0.049  A 39924
   2690.88552 12.915 12.938 13.064 13.277 13.488    0.042 0.045 0.045 0.054 0.061  B 41200
   2719.85576 12.825 12.787 12.835 12.821 12.804    0.042 0.042 0.039 0.046 0.051  A 46191
   2726.80613 12.772 12.742 12.749 12.780 12.786    0.032 0.030 0.027 0.032 0.035  A 47537
   2728.85526 12.673 12.714 12.769 12.780 12.783    0.036 0.037 0.035 0.040 0.044  A 47950
   2763.78454 12.695 12.724 12.752 12.775 12.792    0.032 0.029 0.027 0.032 0.035  A 54089
   2770.82138 12.761 12.762 12.759 12.772 12.787    0.030 0.034 0.030 0.035 0.039  A 54933
   2775.82968 12.782 12.768 12.799 12.844 12.924    0.041 0.043 0.041 0.048 0.055  A 55163
   2826.76159 12.572 12.623 12.657 12.740 12.832    0.041 0.041 0.038 0.044 0.049  A 62082
   2853.74471 12.910 12.933 12.942 12.988 13.011    0.035 0.038 0.034 0.040 0.044  A 65705
   2894.70156 12.888 13.042 13.187 13.302 13.392    0.040 0.037 0.038 0.046 0.051  A 71105
   3056.89196 12.981 12.977 13.056 13.169 13.182    0.034 0.034 0.035 0.042 0.048  A 91769
   3450.83649 13.476 13.707 13.796 13.752 13.619    0.075 0.047 0.044 0.048 0.053  B 135321
   3453.81769 13.416 13.443 13.420 13.453 13.534    0.069 0.046 0.045 0.053 0.059  B 135711
   3634.50818 12.827 12.771 12.792 12.806 12.868    0.056 0.044 0.043 0.049 0.055  A 159334
   3634.51058 12.620 12.659 12.695 12.724 12.607    0.070 0.048 0.046 0.053 0.058  B 159335
   3634.51305 12.540 12.591 12.625 12.632 12.577    0.055 0.043 0.042 0.049 0.055  A 159336
   3634.51559 12.740 12.720 12.825 12.918 12.881    0.049 0.039 0.040 0.047 0.052  A 159337
   3634.51809 12.570 12.667 12.686 12.684 12.670    0.059 0.044 0.043 0.049 0.055  A 159338
   3634.52061 12.682 12.653 12.698 12.702 12.701    0.055 0.042 0.041 0.048 0.055  A 159339
   3634.52463 12.651 12.717 12.764 12.795 12.728    0.048 0.041 0.041 0.049 0.056  A 159340
   3634.52792 12.557 12.667 12.731 12.787 12.773    0.067 0.047 0.045 0.051 0.057  A 159341
   3634.53045 12.703 12.721 12.744 12.737 12.769    0.062 0.045 0.043 0.049 0.056  A 159342
   3634.53295 12.688 12.658 12.687 12.737 12.728    0.061 0.046 0.045 0.051 0.057  A 159343
   3634.53546 12.626 12.627 12.660 12.671 12.645    0.061 0.044 0.044 0.051 0.057  A 159344
   3634.53796 12.585 12.647 12.729 12.779 12.679    0.061 0.044 0.042 0.048 0.054  A 159345
   3634.54038 12.867 12.814 12.896 13.063 13.040    0.070 0.048 0.046 0.052 0.058  B 159346
   3634.54290 12.624 12.698 12.733 12.761 12.751    0.060 0.045 0.044 0.051 0.057  A 159347
   3634.54948 12.666 12.685 12.764 12.885 12.956    0.049 0.042 0.043 0.050 0.057  A 159349
   3634.55533 12.619 12.634 12.696 12.776 12.828    0.052 0.042 0.041 0.047 0.052  A 159351
   3634.56066 12.662 12.723 12.736 12.746 12.726    0.047 0.041 0.043 0.049 0.055  A 159353
   3634.56665 12.648 12.663 12.703 12.675 12.589    0.048 0.040 0.042 0.049 0.055  A 159355
   3634.58091 12.613 12.611 12.660 12.734 12.725    0.042 0.038 0.040 0.048 0.055  A 159360
   3812.85900 13.243 13.291 13.236 13.085 12.869    0.043 0.038 0.038 0.046 0.053  A 182372
   3826.85598 13.348 13.399 13.487 13.604 13.512    0.057 0.040 0.038 0.046 0.052  A 184645
   3896.76215 13.358 13.280 13.239 13.147 13.045    0.039 0.040 0.038 0.044 0.050  A 194076
   4153.88324 12.583 12.612 12.663 12.695 12.673    0.053 0.041 0.038 0.045 0.050  A 215363
   4157.88011 12.832 12.838 12.935 12.991 12.875    0.047 0.041 0.042 0.048 0.054  A 215918
   4161.87209 12.816 12.790 12.783 12.818 12.762    0.079 0.047 0.047 0.054 0.060  B 216546
   4165.86929 12.874 12.991 13.006 13.020 13.047    0.049 0.045 0.051 0.062 0.071  B 217119
   4178.89740 12.568 12.495 12.494 12.502 12.383    0.062 0.053 0.063 0.078 0.091  D 218779
   4182.84391 12.599 12.652 12.699 12.712 12.698    0.052 0.042 0.040 0.046 0.053  A 219330
   4185.87212 12.669 12.632 12.669 12.593 12.510    0.045 0.039 0.040 0.046 0.052  A 219771
   4189.85277 12.670 12.686 12.684 12.688 12.664    0.040 0.036 0.030 0.035 0.040  A 220157
   4192.83933 12.559 12.629 12.655 12.664 12.497    0.059 0.047 0.047 0.057 0.065  B 220631
   4196.87385 12.764 12.769 12.789 12.820 12.618    0.057 0.051 0.054 0.065 0.075  B 221127
   4202.89046 12.702 12.771 12.774 12.741 12.643    0.040 0.037 0.034 0.038 0.043  A 221717
   4205.85324 12.742 12.773 12.868 12.927 12.815    0.043 0.037 0.037 0.043 0.048  A 222184
   4213.90161 12.762 12.754 12.762 12.736 12.779    0.042 0.037 0.035 0.042 0.049  A 222676
   4228.85511 12.800 12.836 12.891 12.946 12.836    0.041 0.038 0.032 0.037 0.042  A 223420
   4230.82784 12.723 12.828 12.855 12.857 12.726    0.038 0.033 0.029 0.033 0.037  A 223752
   4232.90140 12.718 12.729 12.805 12.822 12.701    0.049 0.037 0.033 0.039 0.043  A 224121
   4235.77649 12.731 12.794 12.800 12.786 12.752    0.036 0.031 0.029 0.033 0.038  A 224632
   4238.76365 12.935 13.172 13.551 14.090 14.448    0.049 0.047 0.047 0.055 0.064  B 225056
   4272.68736 13.019 13.103 13.235 13.333 13.391    0.038 0.037 0.033 0.038 0.042  A 228396
   4274.71883 12.835 12.896 12.952 12.983 12.837    0.039 0.037 0.035 0.040 0.044  A 228717
   4277.68144 12.876 12.935 12.945 12.956 13.033    0.046 0.041 0.036 0.041 0.046  A 229018
   4283.70621 12.843 12.899 12.946 12.919 12.793    0.048 0.043 0.044 0.054 0.062  B 229659
   4285.69160 12.832 12.823 12.777 12.745 12.656    0.045 0.039 0.037 0.044 0.050  A 229999
   4289.68775 13.025 12.974 12.950 12.872 12.783    0.039 0.036 0.032 0.037 0.042  A 230353
   4291.68765 12.866 12.880 12.929 12.994 12.961    0.043 0.037 0.031 0.036 0.038  A 230703
   4293.67510 12.875 12.868 12.968 13.079 12.947    0.037 0.035 0.029 0.032 0.036  A 231066
   4295.69183 12.939 13.000 13.023 13.026 12.987    0.041 0.036 0.031 0.036 0.041  A 231411
   4297.68230 12.921 12.942 12.982 12.959 12.878    0.046 0.038 0.038 0.045 0.054  A 231759
   4299.65831 13.065 13.052 13.134 13.119 12.986    0.043 0.034 0.031 0.036 0.041  A 232124
   4301.64583 13.072 13.082 13.165 13.279 13.247    0.051 0.040 0.037 0.043 0.048  A 232471
   4312.62975 13.271 13.390 13.500 13.574 13.543    0.050 0.039 0.038 0.047 0.054  A 234221
   4315.63581 13.161 13.229 13.296 13.357 13.303    0.037 0.036 0.031 0.035 0.038  A 234566
   4340.60271 13.215 13.316 13.309 13.280 13.123    0.043 0.038 0.034 0.039 0.044  A 236755
   4508.88983 12.699 12.729 12.779 12.863 12.810    0.043 0.040 0.042 0.051 0.060  A 256360
   4519.89289 12.678 12.700 12.734 12.765 12.738    0.050 0.044 0.044 0.051 0.059  A 257658
   4523.89137 12.709 12.714 12.809 12.890 12.840    0.045 0.037 0.033 0.039 0.044  A 258240
   4530.86898 12.841 12.870 12.995 13.121 13.044    0.040 0.034 0.032 0.037 0.041  A 259260
   4537.86172 12.755 12.824 12.867 12.886 12.852    0.034 0.032 0.030 0.034 0.038  A 260158
   4540.88933 12.886 12.817 12.872 12.928 12.820    0.050 0.042 0.044 0.052 0.059  B 260593
   4552.85276 12.847 12.843 12.873 12.895 12.998    0.052 0.039 0.036 0.041 0.046  A 262319
   4557.85599 12.844 12.855 12.877 12.904 12.923    0.038 0.034 0.031 0.036 0.041  A 263099
   4560.87692 12.862 12.892 12.962 12.969 12.922    0.037 0.035 0.034 0.040 0.045  A 263605
   4563.89086 12.751 12.746 12.782 12.831 12.789    0.042 0.039 0.037 0.041 0.044  A 264107
   4566.90311 12.661 12.727 12.804 12.858 12.812    0.044 0.036 0.034 0.040 0.045  A 264613
   4572.84014 12.699 12.695 12.803 12.893 12.818    0.036 0.036 0.034 0.039 0.044  A 265580
#ndata= 2
#dataset= 4 ; 1 F1800-32_188
#desig= 181423-4001.9
#cra=   18.239605  18:14:22.6
#cdec= -40.032480 -40:01:56.9
#class= 0
#cmag_0= 13.244
#cmer_0=  0.101
#nskip_0= 0
#cmag_1= 13.303
#cmer_1=  0.090
#nskip_1= 0
#cmag_2= 13.338
#cmer_2=  0.157
#nskip_2= 0
#cmag_3= 13.343
#cmer_3=  0.337
#nskip_3= 0
#cmag_4= 13.388
#cmer_4=  0.513
#nskip_4= 0
#ra=   18.239605  18:14:22.6
#dec= -40.032480 -40:01:56.9
#     HJD      MAG_0  MAG_1  MAG_2  MAG_3  MAG_4    MER_0 MER_1 MER_2 MER_3 MER_4 GRADE FRAME
   3450.85023 13.172 13.240 13.227 13.105 13.027    0.057 0.041 0.040 0.048 0.054  A 135326
   3453.82351 13.317 13.367 13.451 13.582 13.750    0.051 0.040 0.042 0.050 0.058  B 135713
#ndata= 5
#dataset= 5 ; 1 F1836-32_189
#desig= 181423-4002.1
#cra=   18.239602  18:14:22.6
#cdec= -40.034459 -40:02:04.1
#class= 0
#cmag_0= 13.421
#cmer_0=  0.312
#nskip_0= 0
#cmag_1= 13.497
#cmer_1=  0.332
#nskip_1= 0
#cmag_2= 13.622
#cmer_2=  0.379
#nskip_2= 0
#cmag_3= 13.655
#cmer_3=  0.393
#nskip_3= 0
#cmag_4= 13.605
#cmer_4=  0.383
#nskip_4= 0
#ra=   18.239602  18:14:22.6
#dec= -40.034459 -40:02:04.1
#     HJD      MAG_0  MAG_1  MAG_2  MAG_3  MAG_4    MER_0 MER_1 MER_2 MER_3 MER_4 GRADE FRAME
   3448.85937 13.499 13.550 13.653 13.702 13.659    0.049 0.039 0.041 0.046 0.050  B 134980
   3449.85633 13.399 13.533 13.608 13.619 13.507    0.062 0.044 0.044 0.052 0.058  B 135146
   3450.83649 13.466 13.705 13.811 13.772 13.658    0.077 0.047 0.046 0.052 0.057  D 135321
   3452.85351 13.255 13.422 13.598 13.625 13.601    0.061 0.043 0.043 0.049 0.054  B 135570
   3453.81769 13.389 13.428 13.432 13.467 13.576    0.069 0.045 0.045 0.054 0.058  D 135711
