#ndata= 497
#dataset= 1 ; 1 F1836-32_189
#desig= 184021-2835.0
#cra=   18.672523  18:40:21.1
#cdec= -28.583326 -28:34:60.0
#class= 0
#cmag_0= 12.645
#cmer_0=  1.266
#nskip_0= 17
#cmag_1= 12.664
#cmer_1=  1.286
#nskip_1= 16
#cmag_2= 12.686
#cmer_2=  1.324
#nskip_2= 16
#cmag_3= 12.724
#cmer_3=  1.403
#nskip_3= 15
#cmag_4= 12.654
#cmer_4=  1.413
#nskip_4= 38
#ra=   18.672523  18:40:21.1
#dec= -28.583326 -28:34:60.0
#     HJD      MAG_0  MAG_1  MAG_2  MAG_3  MAG_4    MER_0 MER_1 MER_2 MER_3 MER_4 GRADE FRAME
   1948.89210 29.999 29.999 29.999 29.999 29.999    0.058 0.047 0.049 0.059 0.068  C 9129
   1964.87743 29.999 29.999 29.999 29.999 29.999    0.048 0.042 0.035 0.039 0.044  C 11096
   1966.87107 29.999 29.999 29.999 29.999 29.999    0.050 0.044 0.036 0.041 0.045  C 11461
   1978.85767 29.999 29.999 29.999 29.999 29.999    0.066 0.056 0.048 0.054 0.056  C 12130
   1979.88943 29.999 29.999 29.999 29.999 29.999    0.068 0.058 0.048 0.052 0.055  D 12336
   1982.82623 29.999 29.999 29.999 29.999 29.999    0.061 0.052 0.044 0.049 0.050  C 12831
   1994.82265 29.999 29.999 29.999 29.999 29.999    0.076 0.064 0.051 0.055 0.058  D 13526
   2016.77863 29.999 29.999 29.999 29.999 29.999    0.080 0.067 0.053 0.056 0.058  D 16021
   2026.83213 13.601 13.576 13.605 13.572 13.404    0.059 0.038 0.036 0.042 0.047  B 17492
   2027.79760 13.346 13.300 13.236 13.148 13.121    0.047 0.031 0.031 0.038 0.043  A 17697
   2030.78687 13.275 13.204 13.213 13.231 13.165    0.048 0.033 0.032 0.038 0.043  A 17866
   2032.78512 13.272 13.191 13.155 13.208 13.167    0.040 0.031 0.030 0.035 0.040  A 18299
   2033.77403 13.121 13.063 13.067 13.050 13.164    0.046 0.032 0.031 0.036 0.041  A 18513
   2035.75593 13.144 13.174 13.083 13.053 12.928    0.067 0.060 0.067 0.083 0.094  D 18904
   2037.74884 12.871 12.874 12.904 12.923 12.911    0.061 0.039 0.039 0.046 0.052  B 19012
   2056.73372 11.599 11.683 11.661 11.641 11.640    0.069 0.040 0.038 0.043 0.049  D 20737
   2058.72414 11.609 11.558 11.525 11.508 11.531    0.068 0.040 0.038 0.044 0.049  D 21190
   2064.78570 11.107 11.156 11.117 11.115 11.109    0.047 0.039 0.042 0.051 0.058  B 21608
   2065.70004 11.155 11.144 11.138 11.196 11.199    0.064 0.051 0.057 0.071 0.082  D 21725
   2069.76841 10.828 10.788 10.808 10.794 10.793    0.049 0.034 0.034 0.040 0.046  A 22353
   2070.76016 10.760 10.757 10.757 10.754 10.763    0.045 0.034 0.035 0.039 0.044  A 22569
   2080.61515 10.530 10.463 10.454 10.453 10.450    0.063 0.037 0.035 0.040 0.045  B 22886
   2083.67173 10.426 10.371 10.379 10.376 10.363    0.065 0.049 0.052 0.062 0.071  B 23605
   2085.66292 10.362 10.394 10.374 10.376 10.375    0.046 0.033 0.033 0.038 0.043  A 23827
   2087.66168 10.252 10.359 10.360 10.361 10.372    0.066 0.040 0.037 0.043 0.048  B 24272
   2088.65368 10.373 10.384 10.378 10.387 10.393    0.061 0.038 0.035 0.040 0.045  B 24497
   2102.61100 10.507 10.549 10.538 10.533 10.540    0.056 0.036 0.035 0.042 0.046  B 25651
   2103.62855 10.515 10.560 10.545 10.546 10.554    0.046 0.034 0.033 0.038 0.043  A 25805
   2104.63463 10.566 10.545 10.568 10.567 10.589    0.045 0.034 0.032 0.038 0.042  A 26007
   2106.62517 10.620 10.627 10.616 10.615 10.629    0.048 0.034 0.034 0.040 0.045  A 26430
   2114.78214 10.867 10.854 10.879 10.883 10.880    0.060 0.047 0.048 0.057 0.064  B 26723
   2117.58947 10.928 10.914 10.920 10.920 10.917    0.052 0.034 0.034 0.040 0.045  B 27286
   2124.61372 11.251 11.256 11.309 11.347 11.393    0.065 0.066 0.074 0.091 0.109  D 27640
   2125.58364 11.280 11.286 11.273 11.267 11.255    0.044 0.037 0.037 0.044 0.049  A 27840
   2129.57523 11.476 11.468 11.468 11.469 11.486    0.042 0.032 0.031 0.036 0.041  A 28127
   2130.58205 11.495 11.488 11.502 11.511 11.545    0.047 0.034 0.033 0.039 0.043  A 28344
   2132.57598 11.626 11.642 11.623 11.613 11.618    0.044 0.032 0.032 0.039 0.044  A 28759
   2133.57009 11.620 11.597 11.617 11.613 11.635    0.046 0.035 0.033 0.039 0.043  A 28966
   2134.57299 11.670 11.625 11.659 11.675 11.687    0.044 0.034 0.031 0.037 0.042  A 29185
   2135.56468 11.736 11.733 11.750 11.761 11.794    0.050 0.035 0.034 0.040 0.045  B 29394
   2136.56651 11.765 11.752 11.781 11.765 11.769    0.040 0.032 0.030 0.035 0.039  A 29607
   2140.54193 11.980 11.967 11.957 11.952 11.975    0.060 0.042 0.042 0.048 0.054  B 30143
   2141.56025 12.015 11.968 11.955 11.955 11.977    0.051 0.036 0.034 0.040 0.045  B 30362
   2143.54582 12.092 12.068 12.051 12.021 12.036    0.052 0.035 0.034 0.042 0.047  B 30761
   2144.54593 12.157 12.152 12.159 12.158 12.153    0.045 0.033 0.033 0.039 0.044  A 30964
   2145.54141 12.141 12.116 12.130 12.164 12.183    0.048 0.035 0.034 0.040 0.045  A 31169
   2151.58654 12.504 12.415 12.392 12.396 12.424    0.074 0.050 0.049 0.056 0.064  D 31364
   2442.68015 12.383 12.358 12.386 12.412 12.435    0.039 0.034 0.026 0.028 0.029  A 8503
   2443.67751 12.418 12.450 12.465 12.433 12.461    0.037 0.035 0.032 0.036 0.039  A 8688
   2444.67944 12.505 12.454 12.431 12.388 12.368    0.033 0.031 0.025 0.029 0.033  A 8894
   2446.68217 12.686 12.679 12.746 12.805 12.977    0.050 0.047 0.043 0.050 0.055  B 9275
   2455.69495 12.872 12.800 12.837 12.874 13.009    0.043 0.042 0.039 0.045 0.052  A 9954
   2460.67389 12.995 13.015 13.078 13.111 13.057    0.038 0.036 0.028 0.031 0.032  A 10217
   2464.63285 13.419 13.450 13.500 13.548 13.792    0.053 0.045 0.036 0.039 0.040  B 10835
   2465.63657 13.691 13.604 13.596 13.583 13.736    0.061 0.053 0.045 0.047 0.050  B 11057
   2466.62930 13.320 13.480 13.649 13.916 14.036    0.048 0.042 0.036 0.039 0.040  A 11272
   2467.62859 13.469 13.424 13.397 13.381 13.396    0.041 0.038 0.032 0.036 0.039  A 11491
   2468.62777 13.658 13.704 13.699 13.772 13.899    0.045 0.042 0.038 0.043 0.046  A 11709
   2470.57691 13.648 13.800 13.951 14.132 14.808    0.054 0.045 0.036 0.039 0.040  B 11967
   2473.59657 29.999 29.999 29.999 29.999 29.999    0.053 0.046 0.038 0.042 0.041  C 12664
   2482.61713 29.999 29.999 29.999 29.999 29.999    0.069 0.057 0.046 0.048 0.049  D 13146
   2489.57674 29.999 29.999 29.999 29.999 29.999    0.049 0.043 0.036 0.040 0.042  C 13820
   2493.57218 29.999 29.999 29.999 29.999 29.999    0.056 0.047 0.039 0.042 0.043  C 14444
   2497.57434 29.999 29.999 29.999 29.999 29.999    0.046 0.042 0.035 0.038 0.040  C 15197
   2499.56280 29.999 29.999 29.999 29.999 29.999    0.040 0.037 0.030 0.033 0.037  C 15614
   2508.66435 29.999 29.999 29.999 29.999 29.999    0.049 0.046 0.040 0.044 0.050  C 16803
   2510.63933 13.974 13.999 14.050 14.201 14.175    0.036 0.032 0.029 0.034 0.040  A 16976
   2519.57730 29.999 29.999 29.999 29.999 29.999    0.078 0.063 0.050 0.052 0.051  D 17977
   2521.58299 14.214 14.331 14.488 14.511 14.336    0.037 0.029 0.027 0.031 0.034  A 18374
   2526.60872 29.999 29.999 29.999 29.999 29.999    0.040 0.027 0.026 0.030 0.034  C 18830
   2544.58263 14.229 14.601 15.825 99.999 17.192    0.050 0.040 0.036 0.042 0.047  C 19960
   2549.57287 14.383 14.518 14.783 15.268 15.212    0.040 0.033 0.029 0.031 0.034  A 20752
   2552.55480 29.999 29.999 29.999 29.999 29.999    0.075 0.058 0.049 0.052 0.054  D 21110
   2561.49293 14.263 14.398 14.494 14.480 14.189    0.036 0.029 0.028 0.032 0.037  A 22494
   2566.52981 14.446 14.574 14.852 14.876 14.429    0.036 0.030 0.030 0.035 0.039  A 23405
   2684.88144 11.187 11.180 11.172 11.190 11.213    0.036 0.033 0.033 0.039 0.044  A 40099
   2688.88164 11.174 11.157 11.151 11.184 11.206    0.039 0.037 0.038 0.046 0.052  B 40828
   2698.88735 11.345 11.300 11.305 11.280 11.284    0.044 0.044 0.042 0.052 0.059  B 42616
   2702.86934 11.442 11.477 11.461 11.470 11.458    0.036 0.033 0.028 0.033 0.037  A 43373
   2711.85363 11.613 11.623 11.617 11.622 11.633    0.036 0.030 0.029 0.034 0.038  A 45035
   2713.88055 11.702 11.699 11.697 11.732 11.744    0.035 0.031 0.030 0.035 0.039  A 45423
   2720.84295 11.913 11.884 11.908 11.903 11.904    0.038 0.035 0.035 0.041 0.046  A 46380
   2726.80840 12.185 12.130 12.137 12.183 12.224    0.039 0.034 0.033 0.038 0.042  A 47538
   2728.85753 12.170 12.187 12.161 12.149 12.162    0.042 0.038 0.038 0.044 0.051  A 47951
   2730.86895 12.310 12.356 12.320 12.249 12.261    0.035 0.030 0.030 0.034 0.038  A 48367
   2733.88077 12.370 12.357 12.377 12.381 12.344    0.033 0.032 0.028 0.033 0.037  A 48724
   2735.85498 12.420 12.349 12.338 12.320 12.320    0.033 0.031 0.030 0.034 0.039  A 49119
   2737.85456 12.435 12.417 12.440 12.458 12.460    0.036 0.035 0.028 0.033 0.038  A 49513
   2739.86553 12.616 12.558 12.490 12.458 12.401    0.034 0.029 0.027 0.032 0.036  A 49856
   2741.83844 12.776 12.883 12.907 13.016 12.988    0.039 0.044 0.043 0.052 0.057  B 50237
   2743.83514 12.672 12.688 12.701 12.648 12.735    0.033 0.030 0.029 0.034 0.038  A 50628
   2747.86327 12.840 12.788 12.724 12.696 12.618    0.043 0.042 0.047 0.055 0.062  B 51098
   2755.78626 13.184 13.144 13.161 13.177 13.222    0.029 0.030 0.026 0.029 0.032  A 52524
   2757.79449 13.134 13.210 13.265 13.367 13.446    0.034 0.033 0.031 0.037 0.041  A 52943
   2759.85935 13.425 13.342 13.403 13.544 13.578    0.042 0.036 0.035 0.041 0.045  A 53314
   2761.79481 13.366 13.227 13.202 13.194 13.297    0.032 0.032 0.030 0.035 0.040  A 53698
   2763.78241 13.485 13.497 13.421 13.436 13.426    0.040 0.035 0.031 0.036 0.040  A 54088
   2770.81927 13.254 13.298 13.321 13.295 13.303    0.040 0.036 0.033 0.039 0.043  A 54932
   2784.75624 13.887 13.932 14.055 14.414 14.359    0.030 0.031 0.027 0.031 0.035  A 56183
   2786.71800 13.636 13.590 13.555 13.489 13.456    0.033 0.029 0.025 0.029 0.033  A 56600
   2790.73919 13.820 13.836 13.966 14.101 14.251    0.032 0.028 0.025 0.030 0.033  A 57369
   2808.75604 29.999 29.999 29.999 29.999 29.999    0.047 0.033 0.035 0.042 0.049  C 59353
   2809.72730 29.999 29.999 29.999 29.999 29.999    0.039 0.034 0.028 0.032 0.035  C 59541
   2809.78760 14.091 14.020 13.936 13.946 14.023    0.033 0.028 0.026 0.031 0.036  A 59566
   2810.69344 29.999 29.999 29.999 29.999 29.999    0.043 0.048 0.047 0.056 0.063  C 59755
   2810.75191 14.134 14.098 14.194 14.270 14.987    0.035 0.029 0.026 0.032 0.035  A 59778
   2811.62915 13.967 13.994 14.001 13.995 13.776    0.033 0.030 0.027 0.031 0.033  A 59951
   2811.76682 29.999 29.999 29.999 29.999 29.999    0.040 0.037 0.034 0.040 0.045  C 60009
   2811.83087 29.999 29.999 29.999 29.999 29.999    0.038 0.036 0.036 0.041 0.047  C 60035
   2812.61526 29.999 29.999 29.999 29.999 29.999    0.036 0.033 0.030 0.035 0.039  C 60172
   2812.74594 29.999 29.999 29.999 29.999 29.999    0.037 0.032 0.031 0.036 0.041  C 60228
   2812.92587 13.995 13.980 14.078 14.246 14.329    0.036 0.033 0.034 0.041 0.047  A 60302
   2813.78440 13.933 13.927 14.054 14.077 13.835    0.042 0.041 0.036 0.042 0.046  A 60473
   2813.90401 29.999 29.999 29.999 29.999 29.999    0.042 0.038 0.041 0.048 0.054  C 60523
   2813.90624 29.999 29.999 29.999 29.999 29.999    0.042 0.034 0.035 0.043 0.049  C 60524
   2813.90846 29.999 29.999 29.999 29.999 29.999    0.036 0.034 0.035 0.041 0.048  C 60525
   2813.91067 29.999 29.999 29.999 29.999 29.999    0.036 0.032 0.035 0.041 0.047  C 60526
   2813.92398 29.999 29.999 29.999 29.999 29.999    0.037 0.032 0.034 0.040 0.045  C 60532
   2813.92842 29.999 29.999 29.999 29.999 29.999    0.037 0.034 0.035 0.041 0.048  C 60534
   2813.93731 13.991 14.137 14.429 14.670 15.059    0.036 0.033 0.035 0.042 0.047  A 60538
   2813.94176 29.999 29.999 29.999 29.999 29.999    0.049 0.049 0.051 0.056 0.061  C 60540
   2813.94397 29.999 29.999 29.999 29.999 29.999    0.064 0.063 0.065 0.073 0.077  D 60541
   2814.82467 14.409 14.483 14.659 15.060 15.100    0.031 0.028 0.028 0.032 0.036  A 60730
   2815.80718 14.276 14.493 14.767 14.951 14.909    0.036 0.027 0.027 0.033 0.036  A 60823
   2816.80155 14.214 14.333 14.516 14.910 14.758    0.035 0.028 0.028 0.033 0.036  A 60925
   2819.70829 29.999 29.999 29.999 29.999 29.999    0.035 0.033 0.028 0.033 0.037  C 61319
   2820.60734 14.235 14.384 14.453 14.608 14.455    0.031 0.029 0.026 0.032 0.035  A 61500
   2820.70968 29.999 29.999 29.999 29.999 29.999    0.036 0.037 0.031 0.038 0.039  C 61542
   2820.82463 29.999 29.999 29.999 29.999 29.999    0.037 0.032 0.031 0.037 0.042  C 61590
   2821.60930 29.999 29.999 29.999 29.999 29.999    0.040 0.039 0.032 0.039 0.041  C 61722
   2821.81298 29.999 29.999 29.999 29.999 29.999    0.034 0.029 0.027 0.033 0.037  C 61806
   2829.63183 29.999 29.999 29.999 29.999 29.999    0.080 0.081 0.087 0.107 0.127  D 62282
   2829.78388 29.999 29.999 29.999 29.999 29.999    0.039 0.036 0.032 0.037 0.042  C 62347
   2829.87082 29.999 29.999 29.999 29.999 29.999    0.039 0.036 0.032 0.037 0.042  C 62383
   2830.63163 29.999 29.999 29.999 29.999 29.999    0.046 0.046 0.043 0.050 0.056  C 62506
   2834.72524 29.999 29.999 29.999 29.999 29.999    0.050 0.050 0.052 0.064 0.075  C 63373
   2834.84500 29.999 29.999 29.999 29.999 29.999    0.051 0.048 0.050 0.060 0.069  C 63422
   2835.70005 29.999 29.999 29.999 29.999 29.999    0.035 0.033 0.030 0.035 0.040  C 63561
   2836.55888 29.999 29.999 29.999 29.999 29.999    0.036 0.037 0.033 0.039 0.042  C 63646
   2836.62925 29.999 29.999 29.999 29.999 29.999    0.060 0.065 0.070 0.086 0.103  D 63676
   2838.60775 29.999 29.999 29.999 29.999 29.999    0.039 0.043 0.040 0.046 0.047  C 63886
   2838.76299 13.982 14.088 14.168 14.375 14.497    0.032 0.028 0.027 0.032 0.037  A 63951
   2839.60953 29.999 29.999 29.999 29.999 29.999    0.031 0.032 0.026 0.031 0.035  C 64099
   2840.61121 29.999 29.999 29.999 29.999 29.999    0.030 0.031 0.027 0.032 0.037  C 64320
   2840.72896 14.316 14.376 14.810 15.399 99.999    0.037 0.036 0.031 0.037 0.042  C 64370
   2841.59720 29.999 29.999 29.999 29.999 29.999    0.033 0.034 0.029 0.036 0.040  C 64528
   2843.54834 29.999 29.999 29.999 29.999 29.999    0.044 0.044 0.040 0.047 0.051  C 64869
   2843.64858 29.999 29.999 29.999 29.999 29.999    0.035 0.033 0.029 0.033 0.038  C 64912
   2843.72667 29.999 29.999 29.999 29.999 29.999    0.033 0.033 0.028 0.033 0.037  C 64946
   2845.58878 29.999 29.999 29.999 29.999 29.999    0.032 0.031 0.026 0.030 0.033  C 65201
   2845.74031 29.999 29.999 29.999 29.999 29.999    0.034 0.032 0.026 0.030 0.033  C 65262
   2854.54240 29.999 29.999 29.999 29.999 29.999    0.031 0.031 0.026 0.030 0.033  C 65843
   2854.60138 29.999 29.999 29.999 29.999 29.999    0.032 0.031 0.027 0.030 0.034  C 65867
   2854.72345 14.227 14.348 14.520 14.762 14.687    0.031 0.029 0.025 0.029 0.032  A 65917
   2858.59826 29.999 29.999 29.999 29.999 29.999    0.033 0.033 0.029 0.033 0.036  C 66305
   2863.50361 29.999 29.999 29.999 29.999 29.999    0.035 0.037 0.035 0.041 0.048  C 67325
   2866.58114 29.999 29.999 29.999 29.999 29.999    0.033 0.033 0.028 0.032 0.035  C 67534
   2867.63009 14.372 14.502 14.650 14.972 15.340    0.033 0.031 0.028 0.032 0.035  A 67758
   2867.68814 29.999 29.999 29.999 29.999 29.999    0.041 0.035 0.031 0.036 0.040  C 67783
   2868.63476 29.999 29.999 29.999 29.999 29.999    0.045 0.041 0.037 0.041 0.046  C 67973
   2872.56419 29.999 29.999 29.999 29.999 29.999    0.037 0.028 0.026 0.030 0.033  C 68130
   2874.55722 13.970 14.038 14.026 14.060 14.294    0.040 0.043 0.038 0.042 0.048  A 68335
   2874.67200 14.404 14.427 14.537 14.830 14.653    0.029 0.027 0.026 0.030 0.035  A 68383
   2875.53869 29.999 29.999 29.999 29.999 29.999    0.044 0.047 0.040 0.046 0.050  C 68509
   2877.58393 29.999 29.999 29.999 29.999 29.999    0.044 0.043 0.036 0.042 0.043  C 68926
   2878.48628 29.999 29.999 29.999 29.999 29.999    0.036 0.036 0.030 0.035 0.038  C 69091
   2878.58777 29.999 29.999 29.999 29.999 29.999    0.040 0.039 0.034 0.039 0.043  C 69134
   2879.48850 29.999 29.999 29.999 29.999 29.999    0.033 0.033 0.028 0.032 0.035  C 69191
   2883.51305 14.047 13.976 13.971 13.855 13.884    0.030 0.032 0.026 0.031 0.035  A 69576
   2884.49832 29.999 29.999 29.999 29.999 29.999    0.034 0.035 0.030 0.035 0.039  C 69766
   2884.59841 14.320 14.408 14.317 14.356 14.120    0.033 0.029 0.027 0.032 0.036  A 69802
   2885.49895 29.999 29.999 29.999 29.999 29.999    0.032 0.032 0.027 0.031 0.034  C 69967
   2893.50336 29.999 29.999 29.999 29.999 29.999    0.043 0.042 0.035 0.040 0.044  C 70823
   2893.67689 13.866 13.639 13.653 13.677 13.826    0.039 0.034 0.035 0.041 0.046  A 70896
   2895.49523 29.999 29.999 29.999 29.999 29.999    0.040 0.042 0.038 0.047 0.047  C 71214
   2896.61527 29.999 29.999 29.999 29.999 29.999    0.035 0.031 0.028 0.033 0.037  C 71462
   2897.58932 14.165 14.146 14.185 14.219 14.036    0.045 0.034 0.031 0.034 0.040  A 71651
   2898.48920 14.004 13.905 13.921 13.979 13.933    0.032 0.033 0.028 0.033 0.037  A 71807
   2898.67784 29.999 29.999 29.999 29.999 29.999    0.035 0.031 0.030 0.036 0.040  C 71887
   2899.48428 29.999 29.999 29.999 29.999 29.999    0.045 0.047 0.045 0.054 0.062  C 71970
   2900.48171 14.129 14.390 14.470 14.454 14.402    0.040 0.030 0.027 0.031 0.036  A 72161
   2900.58345 14.107 14.015 14.016 14.120 14.022    0.036 0.029 0.029 0.034 0.039  A 72204
   2901.48491 29.999 29.999 29.999 29.999 29.999    0.041 0.042 0.037 0.044 0.049  C 72355
   2901.58609 29.999 29.999 29.999 29.999 29.999    0.060 0.060 0.053 0.064 0.073  C 72398
   2902.48235 14.085 14.104 14.121 14.211 14.087    0.036 0.031 0.027 0.032 0.035  A 72443
   2903.48240 29.999 29.999 29.999 29.999 29.999    0.071 0.074 0.081 0.101 0.118  D 72629
   2904.63581 13.791 13.847 13.973 14.234 14.440    0.046 0.041 0.043 0.050 0.056  B 72857
   2906.48334 13.857 13.992 14.036 14.016 14.153    0.033 0.033 0.027 0.031 0.035  A 73116
   2909.63623 13.877 13.992 13.965 13.849 13.596    0.038 0.033 0.034 0.039 0.044  A 73594
   2910.48297 29.999 29.999 29.999 29.999 29.999    0.043 0.038 0.038 0.047 0.054  C 73659
   2910.58725 13.768 13.758 13.938 14.252 14.332    0.035 0.033 0.032 0.038 0.042  A 73703
   2916.61955 13.943 13.905 14.108 14.545 14.454    0.036 0.031 0.031 0.038 0.042  A 74571
   2917.49560 13.687 13.637 13.623 13.629 13.659    0.038 0.029 0.030 0.035 0.040  A 74706
   2917.57915 13.483 13.406 13.291 13.179 13.124    0.035 0.031 0.032 0.039 0.045  A 74741
   2921.50688 13.486 13.426 13.400 13.374 13.524    0.034 0.034 0.036 0.045 0.053  A 75034
   2922.50232 13.414 13.463 13.415 13.351 13.500    0.046 0.043 0.035 0.039 0.043  A 75212
   2923.49365 13.295 13.317 13.306 13.255 13.154    0.035 0.029 0.029 0.034 0.038  A 75396
   2923.59693 13.377 13.339 13.249 13.232 13.348    0.035 0.032 0.034 0.041 0.046  A 75440
   2924.49096 13.335 13.342 13.310 13.307 13.432    0.034 0.029 0.028 0.033 0.038  A 75584
   2924.59312 13.662 13.434 13.304 13.245 13.593    0.039 0.038 0.042 0.051 0.057  B 75627
   2927.49260 13.040 12.923 12.917 12.974 13.069    0.032 0.030 0.028 0.033 0.037  A 75941
   2928.49261 13.132 13.216 13.251 13.304 13.338    0.036 0.032 0.034 0.040 0.045  A 76130
   2928.59497 12.972 12.993 12.948 12.929 12.880    0.034 0.033 0.033 0.040 0.044  A 76173
   2929.49343 12.956 12.981 13.058 13.117 13.076    0.038 0.034 0.035 0.041 0.046  A 76298
   2929.59661 13.119 13.035 13.041 13.042 13.005    0.033 0.032 0.030 0.036 0.040  A 76342
   2930.49342 12.802 12.827 12.742 12.628 12.639    0.036 0.029 0.028 0.032 0.037  A 76483
   2930.59581 12.838 12.817 12.789 12.823 12.928    0.034 0.031 0.031 0.038 0.043  A 76524
   2931.49389 12.674 12.674 12.649 12.647 12.653    0.036 0.030 0.029 0.034 0.039  A 76662
   2932.49487 12.668 12.634 12.594 12.525 12.545    0.036 0.029 0.029 0.034 0.038  A 76840
   2933.49496 12.549 12.501 12.477 12.443 12.457    0.037 0.033 0.033 0.039 0.043  A 77016
   2934.49496 12.386 12.400 12.385 12.412 12.457    0.037 0.030 0.031 0.037 0.042  A 77189
   2935.49860 12.246 12.242 12.245 12.256 12.269    0.039 0.031 0.032 0.040 0.045  A 77375
   2936.49657 12.110 12.136 12.134 12.133 12.099    0.035 0.031 0.033 0.038 0.043  A 77544
   2939.49766 11.725 11.696 11.683 11.691 11.691    0.036 0.030 0.031 0.035 0.040  A 77758
   2944.51342 11.160 11.143 11.161 11.161 11.170    0.035 0.032 0.033 0.039 0.045  A 78476
   2945.51618 11.063 11.070 11.076 11.087 11.070    0.040 0.035 0.037 0.045 0.050  A 78654
   2946.51458 11.004 10.976 10.982 10.995 10.999    0.037 0.030 0.030 0.036 0.040  A 78789
   2947.52607 10.866 10.910 10.923 10.938 10.951    0.042 0.036 0.037 0.044 0.051  A 78964
   2949.51098 10.843 10.821 10.840 10.858 10.879    0.036 0.035 0.035 0.042 0.048  A 79236
   2950.50611 10.750 10.749 10.749 10.741 10.755    0.038 0.038 0.039 0.048 0.056  B 79396
   2953.50816 10.642 10.618 10.614 10.600 10.606    0.038 0.038 0.038 0.047 0.053  B 79783
   2955.50580 10.542 10.552 10.557 10.565 10.566    0.038 0.035 0.037 0.044 0.051  A 80037
   2956.50632 10.531 10.546 10.532 10.532 10.534    0.035 0.034 0.034 0.039 0.045  A 80185
   2958.50741 10.480 10.434 10.455 10.461 10.471    0.036 0.035 0.034 0.040 0.047  A 80474
   2959.50878 10.476 10.476 10.483 10.494 10.504    0.044 0.045 0.049 0.059 0.067  B 80618
   3059.88951 13.064 13.067 13.133 13.328 13.326    0.037 0.035 0.036 0.043 0.050  A 92162
   3062.89332 13.014 13.029 13.086 13.161 13.381    0.055 0.057 0.063 0.078 0.089  D 92564
   3064.89387 13.067 13.056 13.114 13.177 13.144    0.036 0.036 0.038 0.045 0.051  A 92841
   3068.88852 13.185 13.067 13.090 13.208 13.241    0.036 0.034 0.035 0.041 0.047  A 93284
   3069.87528 13.379 13.329 13.309 13.409 13.515    0.036 0.035 0.036 0.042 0.049  A 93423
   3070.86353 13.304 13.338 13.533 13.773 13.936    0.041 0.041 0.042 0.050 0.056  B 93561
   3071.87463 13.508 13.554 13.528 13.606 13.546    0.038 0.037 0.038 0.045 0.051  A 93706
   3072.88338 13.376 13.306 13.332 13.356 13.483    0.035 0.032 0.032 0.038 0.044  A 93820
   3073.86587 13.439 13.413 13.371 13.288 13.082    0.036 0.035 0.036 0.042 0.049  A 93949
   3074.86981 13.585 13.501 13.577 13.704 13.632    0.037 0.035 0.036 0.042 0.048  A 94072
   3075.86557 13.262 13.230 13.232 13.242 13.276    0.034 0.034 0.033 0.039 0.044  A 94212
   3076.87574 13.464 13.386 13.342 13.255 13.186    0.034 0.032 0.033 0.039 0.043  A 94351
   3081.85971 13.546 13.493 13.530 13.605 13.466    0.038 0.037 0.039 0.047 0.054  B 95082
   3087.83260 13.707 13.668 13.682 13.669 13.705    0.040 0.038 0.038 0.044 0.050  A 95677
   3087.86356 13.702 13.748 13.773 13.755 13.654    0.035 0.034 0.035 0.041 0.047  A 95687
   3088.83342 29.999 29.999 29.999 29.999 29.999    0.039 0.037 0.037 0.043 0.048  C 95833
   3089.84680 13.652 13.822 13.927 14.128 14.138    0.035 0.034 0.034 0.040 0.046  A 95984
   3089.85464 13.704 13.916 14.030 14.096 14.225    0.036 0.034 0.034 0.041 0.047  A 95987
   3090.85103 29.999 29.999 29.999 29.999 29.999    0.034 0.034 0.035 0.042 0.046  C 96144
   3092.84294 13.759 13.819 13.828 13.837 13.873    0.039 0.039 0.037 0.041 0.046  A 96453
   3099.82479 29.999 29.999 29.999 29.999 29.999    0.039 0.037 0.040 0.046 0.054  C 97182
   3100.82434 13.857 13.739 13.718 13.765 13.642    0.035 0.036 0.037 0.044 0.050  A 97333
   3103.82696 29.999 29.999 29.999 29.999 29.999    0.042 0.040 0.043 0.052 0.060  C 97811
   3107.91677 29.999 29.999 29.999 29.999 29.999    0.040 0.036 0.037 0.044 0.049  C 98478
   3109.81947 29.999 29.999 29.999 29.999 29.999    0.037 0.033 0.032 0.037 0.042  C 98752
   3110.81344 14.264 14.137 14.209 14.430 14.714    0.036 0.032 0.032 0.038 0.043  A 98909
   3111.80335 14.205 14.258 14.589 15.089 14.822    0.035 0.033 0.034 0.041 0.047  A 99059
   3113.81003 29.999 29.999 29.999 29.999 29.999    0.043 0.042 0.042 0.048 0.053  C 99383
   3114.79616 14.192 14.186 14.236 14.401 14.261    0.036 0.034 0.033 0.040 0.044  A 99545
   3116.79817 14.516 14.563 14.967 16.096 15.855    0.034 0.031 0.030 0.036 0.040  A 99872
   3118.83528 29.999 29.999 29.999 29.999 29.999    0.032 0.031 0.031 0.036 0.040  C 99988
   3124.77457 14.272 14.354 14.551 14.721 14.354    0.031 0.029 0.029 0.035 0.040  A 100595
   3127.81950 14.219 14.380 14.940 99.999 99.999    0.042 0.041 0.043 0.052 0.060  C 101089
   3128.85247 13.967 14.123 14.416 14.813 15.808    0.040 0.035 0.034 0.040 0.047  A 101274
   3129.75783 29.999 29.999 29.999 29.999 29.999    0.041 0.040 0.042 0.050 0.056  C 101404
   3130.75655 29.999 29.999 29.999 29.999 29.999    0.044 0.043 0.047 0.056 0.064  C 101526
   3131.75532 29.999 29.999 29.999 29.999 29.999    0.036 0.036 0.037 0.044 0.051  C 101689
   3142.72675 14.492 14.521 14.686 14.955 14.840    0.032 0.031 0.030 0.034 0.038  A 103133
   3146.72167 29.999 29.999 29.999 29.999 29.999    0.034 0.033 0.033 0.040 0.045  C 103546
   3156.70394 29.999 29.999 29.999 29.999 29.999    0.039 0.037 0.040 0.047 0.054  C 104186
   3163.71808 29.999 29.999 29.999 29.999 29.999    0.032 0.032 0.031 0.036 0.041  C 105047
   3163.83041 29.999 29.999 29.999 29.999 29.999    0.040 0.037 0.038 0.045 0.050  C 105087
   3164.66656 29.999 29.999 29.999 29.999 29.999    0.033 0.030 0.030 0.036 0.041  C 105206
   3164.88565 14.864 15.573 99.999 99.999 99.999    0.039 0.033 0.032 0.038 0.043  C 105283
   3165.65648 14.405 14.720 15.298 16.009 15.088    0.035 0.032 0.033 0.038 0.042  A 105374
   3165.75966 29.999 29.999 29.999 29.999 29.999    0.041 0.044 0.044 0.053 0.062  C 105407
   3166.85168 14.273 14.330 14.308 14.234 14.253    0.052 0.034 0.031 0.037 0.043  B 105480
   3167.71165 14.385 14.274 14.456 14.629 14.195    0.031 0.029 0.029 0.035 0.040  A 105609
   3169.64776 29.999 29.999 29.999 29.999 29.999    0.035 0.033 0.032 0.037 0.041  C 105927
   3169.74888 29.999 29.999 29.999 29.999 29.999    0.033 0.033 0.031 0.036 0.041  C 105964
   3169.86451 29.999 29.999 29.999 29.999 29.999    0.034 0.031 0.031 0.037 0.042  C 106007
   3171.69783 29.999 29.999 29.999 29.999 29.999    0.040 0.039 0.039 0.046 0.051  C 106201
   3175.73600 14.353 14.455 14.773 16.034 17.244    0.034 0.031 0.031 0.036 0.041  A 106620
   3179.63095 29.999 29.999 29.999 29.999 29.999    0.034 0.033 0.032 0.037 0.042  C 107208
   3180.76329 29.999 29.999 29.999 29.999 29.999    0.040 0.031 0.031 0.037 0.041  C 107382
   3182.80497 29.999 29.999 29.999 29.999 29.999    0.040 0.040 0.043 0.052 0.060  C 107561
   3183.65894 29.999 29.999 29.999 29.999 29.999    0.031 0.030 0.031 0.036 0.039  C 107661
   3185.60747 29.999 29.999 29.999 29.999 29.999    0.038 0.038 0.039 0.044 0.049  C 107921
   3185.70728 29.999 29.999 29.999 29.999 29.999    0.037 0.035 0.033 0.040 0.046  C 107954
   3189.88144 29.999 29.999 29.999 29.999 29.999    0.046 0.048 0.052 0.063 0.074  C 108509
   3190.81464 13.838 13.687 13.633 13.657 13.575    0.039 0.038 0.039 0.046 0.053  B 108665
   3191.77565 29.999 29.999 29.999 29.999 29.999    0.043 0.042 0.042 0.050 0.058  C 108771
   3266.48503 11.296 11.278 11.264 11.257 11.249    0.037 0.032 0.030 0.035 0.040  A 115127
   3266.58280 11.292 11.294 11.297 11.302 11.310    0.033 0.031 0.026 0.031 0.034  A 115164
   3272.50662 11.250 11.315 11.317 11.318 11.333    0.065 0.046 0.039 0.045 0.050  B 116034
   3272.61157 11.292 11.283 11.309 11.317 11.334    0.065 0.046 0.046 0.057 0.066  B 116064
   3273.52216 11.298 11.281 11.309 11.307 11.317    0.053 0.042 0.039 0.044 0.049  B 116167
   3274.50100 11.338 11.308 11.308 11.297 11.324    0.034 0.032 0.030 0.035 0.040  A 116290
   3274.60650 11.307 11.330 11.324 11.299 11.283    0.047 0.041 0.040 0.048 0.056  B 116321
   3275.48549 11.344 11.269 11.220 11.168 11.158    0.065 0.068 0.079 0.102 0.121  D 116426
   3276.60762 11.415 11.347 11.360 11.348 11.471    0.081 0.087 0.101 0.126 0.152  D 116567
   3277.48710 11.431 11.341 11.324 11.335 11.354    0.071 0.048 0.038 0.044 0.049  D 116658
   3277.60770 11.246 11.325 11.318 11.323 11.363    0.048 0.039 0.037 0.044 0.050  A 116697
   3278.48849 11.408 11.373 11.347 11.347 11.337    0.053 0.038 0.034 0.040 0.046  B 116795
   3278.60675 11.381 11.314 11.331 11.346 11.353    0.048 0.040 0.039 0.046 0.051  B 116834
   3279.48554 11.327 11.347 11.333 11.331 11.330    0.041 0.036 0.034 0.041 0.046  A 116920
   3292.49033 11.466 11.427 11.436 11.446 11.473    0.050 0.050 0.048 0.059 0.068  B 118230
   3293.50751 11.430 11.445 11.428 11.417 11.446    0.036 0.034 0.030 0.034 0.039  A 118273
   3294.50145 11.410 11.392 11.423 11.432 11.441    0.040 0.034 0.029 0.033 0.037  A 118337
   3299.51757 11.555 11.498 11.490 11.502 11.510    0.040 0.034 0.034 0.041 0.047  A 118905
   3561.68032 10.412 10.375 10.385 10.392 10.401    0.085 0.046 0.041 0.046 0.051  D 149757
   3572.80280 10.330 10.388 10.359 10.373 10.382    0.042 0.042 0.043 0.053 0.060  B 151005
   3582.81539 10.458 10.468 10.468 10.471 10.481    0.039 0.035 0.037 0.043 0.048  A 152708
   3585.55752 10.595 10.571 10.570 10.561 10.565    0.039 0.033 0.033 0.038 0.043  A 153153
   3589.60696 10.691 10.679 10.690 10.682 10.703    0.059 0.036 0.034 0.039 0.044  B 153833
   3594.53425 10.910 10.905 10.891 10.882 10.883    0.045 0.038 0.034 0.040 0.044  A 154664
   3600.57198 11.221 11.213 11.218 11.227 11.313    0.077 0.076 0.088 0.111 0.133  D 155380
   3602.56963 11.216 11.222 11.229 11.199 11.207    0.052 0.037 0.038 0.046 0.051  B 155711
   3609.52098 11.624 11.590 11.600 11.584 11.594    0.044 0.033 0.034 0.040 0.044  A 156600
   3621.61087 12.330 12.310 12.325 12.340 12.279    0.043 0.040 0.042 0.047 0.053  B 157730
   3628.52795 12.624 12.599 12.653 12.729 12.758    0.039 0.036 0.033 0.039 0.045  A 158416
   3630.59502 12.584 12.619 12.606 12.520 12.562    0.046 0.038 0.037 0.045 0.050  A 158774
   3632.60332 12.591 12.621 12.699 12.784 12.948    0.039 0.034 0.036 0.043 0.049  A 159086
   3644.52734 13.208 13.102 13.097 13.089 13.148    0.052 0.042 0.045 0.052 0.057  B 160572
   3648.52864 13.421 13.456 13.543 13.754 13.837    0.037 0.034 0.032 0.036 0.040  A 160994
   3655.50059 13.457 13.353 13.354 13.274 13.308    0.067 0.046 0.044 0.049 0.054  B 161975
   3657.58131 13.335 13.439 13.422 13.398 13.548    0.063 0.045 0.041 0.047 0.053  B 162301
   3660.52413 29.999 29.999 29.999 29.999 29.999    0.040 0.037 0.040 0.047 0.053  C 162744
   3671.53042 13.801 13.713 13.643 13.622 13.512    0.037 0.031 0.030 0.035 0.040  A 164227
   3874.76669 10.890 10.863 10.838 10.828 10.825    0.058 0.040 0.038 0.044 0.048  B 191059
   3883.79979 10.931 10.920 10.904 10.904 10.911    0.065 0.042 0.039 0.044 0.049  B 192315
   4305.62651 29.999 29.999 29.999 29.999 29.999    0.045 0.038 0.033 0.038 0.042  C 233133
   4312.62428 29.999 29.999 29.999 29.999 29.999    0.062 0.046 0.046 0.053 0.061  C 234219
   4411.52242 13.698 13.629 13.593 13.685 13.778    0.049 0.037 0.037 0.043 0.050  A 246059
#dataset= 1 ; 2 F1836-32_189
#desig= 184022-2834.8
#cra=   18.672766  18:40:22.0
#cdec= -28.580264 -28:34:48.9
#class= 0
#cmag_0= 11.844
#cmer_0=  0.890
#nskip_0= 0
#cmag_1= 11.696
#cmer_1=  0.207
#nskip_1= 0
#cmag_2= 11.650
#cmer_2=  0.024
#nskip_2= 0
#cmag_3= 11.624
#cmer_3=  0.045
#nskip_3= 0
#cmag_4= 11.641
#cmer_4=  0.090
#nskip_4= 0
#ra=   18.672766  18:40:22.0
#dec= -28.580264 -28:34:48.9
#     HJD      MAG_0  MAG_1  MAG_2  MAG_3  MAG_4    MER_0 MER_1 MER_2 MER_3 MER_4 GRADE FRAME
   1953.89497 29.999 29.999 29.999 29.999 29.999    0.064 0.060 0.056 0.066 0.074  C 9786
   1962.86901 29.999 29.999 29.999 29.999 29.999    0.056 0.048 0.041 0.046 0.051  C 10730
   1981.82539 29.999 29.999 29.999 29.999 29.999    0.056 0.048 0.042 0.047 0.050  C 12638
   2056.73372 12.471 11.842 11.667 11.593 11.577    0.069 0.040 0.038 0.043 0.049  D 20737
   2495.58157 29.999 29.999 29.999 29.999 29.999    0.060 0.050 0.040 0.042 0.042  C 14776
   2498.56471 29.999 29.999 29.999 29.999 29.999    0.052 0.047 0.042 0.048 0.052  C 15404
   2501.56200 29.999 29.999 29.999 29.999 29.999    0.057 0.048 0.041 0.045 0.049  C 15975
   2524.57339 29.999 29.999 29.999 29.999 29.999    0.052 0.047 0.041 0.045 0.047  C 18624
   2810.81245 29.999 29.999 29.999 29.999 29.999    0.035 0.030 0.030 0.035 0.040  C 59802
   2811.70661 29.999 29.999 29.999 29.999 29.999    0.035 0.035 0.027 0.031 0.035  C 59984
   2811.90411 29.999 29.999 29.999 29.999 29.999    0.041 0.035 0.036 0.043 0.047  C 60066
   2812.80446 29.999 29.999 29.999 29.999 29.999    0.039 0.033 0.034 0.042 0.048  C 60252
   2813.91289 29.999 29.999 29.999 29.999 29.999    0.037 0.032 0.034 0.040 0.045  C 60527
   2813.93065 29.999 29.999 29.999 29.999 29.999    0.035 0.032 0.034 0.039 0.045  C 60535
   2813.93509 29.999 29.999 29.999 29.999 29.999    0.036 0.031 0.032 0.039 0.044  C 60537
   2813.93954 29.999 29.999 29.999 29.999 29.999    0.041 0.038 0.040 0.046 0.051  C 60539
   2821.71106 29.999 29.999 29.999 29.999 29.999    0.031 0.030 0.026 0.032 0.036  C 61763
   2826.69086 29.999 29.999 29.999 29.999 29.999    0.054 0.052 0.052 0.063 0.071  C 62052
   2826.83488 29.999 29.999 29.999 29.999 29.999    0.045 0.042 0.037 0.041 0.043  C 62113
   2829.74612 29.999 29.999 29.999 29.999 29.999    0.045 0.043 0.041 0.046 0.053  C 62331
   2829.80519 29.999 29.999 29.999 29.999 29.999    0.038 0.033 0.027 0.032 0.037  C 62356
   2836.77238 29.999 29.999 29.999 29.999 29.999    0.037 0.035 0.035 0.043 0.049  C 63730
   2836.84992 29.999 29.999 29.999 29.999 29.999    0.046 0.047 0.050 0.060 0.069  C 63763
   2840.71490 29.999 29.999 29.999 29.999 29.999    0.032 0.030 0.028 0.033 0.036  C 64364
   2840.81852 29.999 29.999 29.999 29.999 29.999    0.038 0.037 0.038 0.046 0.053  C 64407
   2854.79114 29.999 29.999 29.999 29.999 29.999    0.035 0.035 0.030 0.035 0.038  C 65946
   2855.52975 29.999 29.999 29.999 29.999 29.999    0.045 0.041 0.034 0.038 0.041  C 66014
   2855.63066 29.999 29.999 29.999 29.999 29.999    0.038 0.037 0.033 0.039 0.043  C 66057
   2855.72501 29.999 29.999 29.999 29.999 29.999    0.063 0.056 0.053 0.059 0.067  C 66097
   2856.78568 29.999 29.999 29.999 29.999 29.999    0.045 0.044 0.040 0.046 0.053  C 66117
   2862.65294 29.999 29.999 29.999 29.999 29.999    0.033 0.033 0.030 0.037 0.043  C 67179
   2864.53661 29.999 29.999 29.999 29.999 29.999    0.036 0.036 0.033 0.037 0.042  C 67388
   2867.53271 29.999 29.999 29.999 29.999 29.999    0.040 0.036 0.033 0.038 0.042  C 67718
   2867.74162 29.999 29.999 29.999 29.999 29.999    0.040 0.037 0.032 0.037 0.041  C 67806
   2868.50907 29.999 29.999 29.999 29.999 29.999    0.035 0.034 0.030 0.034 0.037  C 67920
   2876.62418 29.999 29.999 29.999 29.999 29.999    0.048 0.044 0.036 0.041 0.043  C 68755
   2876.71778 29.999 29.999 29.999 29.999 29.999    0.035 0.032 0.031 0.034 0.039  C 68793
   2877.48365 29.999 29.999 29.999 29.999 29.999    0.034 0.034 0.028 0.032 0.035  C 68883
   2882.69035 29.999 29.999 29.999 29.999 29.999    0.078 0.083 0.099 0.119 0.141  D 69526
   2892.58899 29.999 29.999 29.999 29.999 29.999    0.062 0.050 0.036 0.043 0.047  C 70656
   2893.60724 29.999 29.999 29.999 29.999 29.999    0.038 0.031 0.032 0.039 0.043  C 70867
   2894.50261 29.999 29.999 29.999 29.999 29.999    0.033 0.032 0.029 0.034 0.038  C 71020
   2895.59669 29.999 29.999 29.999 29.999 29.999    0.036 0.030 0.029 0.034 0.038  C 71254
   2896.51236 29.999 29.999 29.999 29.999 29.999    0.032 0.031 0.027 0.031 0.035  C 71420
   2904.48283 29.999 29.999 29.999 29.999 29.999    0.041 0.030 0.026 0.030 0.034  C 72793
   2905.48814 29.999 29.999 29.999 29.999 29.999    0.033 0.032 0.027 0.032 0.035  C 72917
   2909.48429 29.999 29.999 29.999 29.999 29.999    0.060 0.059 0.064 0.076 0.089  D 73539
   2911.48453 29.999 29.999 29.999 29.999 29.999    0.032 0.031 0.026 0.031 0.034  C 73851
   2916.50046 29.999 29.999 29.999 29.999 29.999    0.038 0.035 0.036 0.042 0.048  C 74521
   2918.55194 11.217 11.550 11.634 11.658 11.706    0.048 0.049 0.052 0.064 0.078  B 74861
   3082.86015 29.999 29.999 29.999 29.999 29.999    0.037 0.036 0.038 0.046 0.052  C 95232
   3088.84674 29.999 29.999 29.999 29.999 29.999    0.037 0.035 0.035 0.041 0.045  C 95838
   3093.86049 29.999 29.999 29.999 29.999 29.999    0.032 0.030 0.030 0.036 0.041  C 96574
   3097.83105 29.999 29.999 29.999 29.999 29.999    0.034 0.032 0.033 0.039 0.043  C 96878
   3098.83010 29.999 29.999 29.999 29.999 29.999    0.037 0.035 0.038 0.045 0.051  C 97037
   3101.83364 29.999 29.999 29.999 29.999 29.999    0.037 0.036 0.038 0.046 0.052  C 97496
   3102.83895 29.999 29.999 29.999 29.999 29.999    0.039 0.038 0.039 0.047 0.054  C 97659
   3108.82078 29.999 29.999 29.999 29.999 29.999    0.034 0.032 0.031 0.037 0.043  C 98598
   3112.80733 29.999 29.999 29.999 29.999 29.999    0.035 0.031 0.032 0.038 0.043  C 99218
   3115.79760 29.999 29.999 29.999 29.999 29.999    0.035 0.032 0.034 0.041 0.045  C 99713
   3122.86691 29.999 29.999 29.999 29.999 29.999    0.034 0.033 0.033 0.039 0.045  C 100291
   3125.74501 29.999 29.999 29.999 29.999 29.999    0.039 0.038 0.040 0.048 0.055  C 100752
   3125.84092 29.999 29.999 29.999 29.999 29.999    0.034 0.034 0.036 0.043 0.049  C 100786
   3126.86372 29.999 29.999 29.999 29.999 29.999    0.033 0.033 0.031 0.038 0.043  C 100951
   3127.72516 29.999 29.999 29.999 29.999 29.999    0.060 0.063 0.069 0.080 0.092  D 101059
   3128.74500 29.999 29.999 29.999 29.999 29.999    0.043 0.045 0.045 0.052 0.059  C 101235
   3130.87556 29.999 29.999 29.999 29.999 29.999    0.038 0.034 0.035 0.042 0.048  C 101569
   3141.83503 29.999 29.999 29.999 29.999 29.999    0.045 0.048 0.049 0.058 0.068  C 103014
   3142.83147 29.999 29.999 29.999 29.999 29.999    0.034 0.032 0.029 0.033 0.037  C 103172
   3146.83468 29.999 29.999 29.999 29.999 29.999    0.035 0.035 0.036 0.043 0.049  C 103587
   3154.74185 29.999 29.999 29.999 29.999 29.999    0.031 0.030 0.029 0.035 0.040  C 103978
   3154.82964 29.999 29.999 29.999 29.999 29.999    0.032 0.030 0.030 0.037 0.041  C 104006
   3156.82416 29.999 29.999 29.999 29.999 29.999    0.032 0.030 0.030 0.036 0.041  C 104231
   3157.76189 29.999 29.999 29.999 29.999 29.999    0.038 0.035 0.037 0.045 0.051  C 104279
   3158.71653 29.999 29.999 29.999 29.999 29.999    0.037 0.037 0.039 0.046 0.054  C 104429
   3162.77090 29.999 29.999 29.999 29.999 29.999    0.033 0.035 0.034 0.040 0.046  C 104891
   3164.76941 29.999 29.999 29.999 29.999 29.999    0.033 0.031 0.030 0.036 0.039  C 105241
   3168.70831 29.999 29.999 29.999 29.999 29.999    0.035 0.030 0.029 0.035 0.041  C 105774
   3168.86283 29.999 29.999 29.999 29.999 29.999    0.033 0.033 0.031 0.036 0.041  C 105826
   3170.84373 29.999 29.999 29.999 29.999 29.999    0.036 0.034 0.034 0.041 0.047  C 106079
   3171.81906 29.999 29.999 29.999 29.999 29.999    0.036 0.033 0.033 0.039 0.045  C 106243
   3172.69780 29.999 29.999 29.999 29.999 29.999    0.055 0.054 0.058 0.071 0.081  D 106292
   3172.81619 29.999 29.999 29.999 29.999 29.999    0.046 0.047 0.052 0.064 0.076  C 106333
   3174.79317 29.999 29.999 29.999 29.999 29.999    0.036 0.035 0.035 0.042 0.048  C 106458
   3175.89686 29.999 29.999 29.999 29.999 29.999    0.033 0.032 0.031 0.037 0.042  C 106674
   3176.68216 29.999 29.999 29.999 29.999 29.999    0.032 0.030 0.029 0.035 0.040  C 106779
   3177.63026 29.999 29.999 29.999 29.999 29.999    0.034 0.032 0.032 0.038 0.043  C 106901
   3178.63805 29.999 29.999 29.999 29.999 29.999    0.036 0.035 0.036 0.042 0.048  C 107055
   3178.74618 29.999 29.999 29.999 29.999 29.999    0.034 0.035 0.036 0.043 0.049  C 107089
   3179.76345 29.999 29.999 29.999 29.999 29.999    0.036 0.037 0.040 0.049 0.057  C 107245
   3179.87475 29.999 29.999 29.999 29.999 29.999    0.034 0.032 0.031 0.038 0.044  C 107282
   3180.88147 29.999 29.999 29.999 29.999 29.999    0.038 0.036 0.035 0.042 0.049  C 107424
   3182.66291 29.999 29.999 29.999 29.999 29.999    0.034 0.030 0.030 0.037 0.041  C 107508
   3184.60938 29.999 29.999 29.999 29.999 29.999    0.039 0.034 0.034 0.040 0.046  C 107823
   3186.62139 29.999 29.999 29.999 29.999 29.999    0.034 0.033 0.034 0.040 0.045  C 108096
   3189.72666 29.999 29.999 29.999 29.999 29.999    0.042 0.043 0.046 0.056 0.066  C 108459
   3190.69358 29.999 29.999 29.999 29.999 29.999    0.040 0.042 0.038 0.044 0.050  C 108622
   3191.66288 29.999 29.999 29.999 29.999 29.999    0.039 0.039 0.037 0.044 0.052  C 108730
   3427.86931 29.999 29.999 29.999 29.999 29.999    0.038 0.034 0.037 0.046 0.052  C 132071
   3430.88228 29.999 29.999 29.999 29.999 29.999    0.066 0.042 0.039 0.045 0.049  C 132281
   3983.51952 29.999 29.999 29.999 29.999 29.999    0.081 0.056 0.055 0.063 0.071  D 203579
   4346.59295 29.999 29.999 29.999 29.999 29.999    0.041 0.035 0.033 0.038 0.043  C 237764
   4348.59461 29.999 29.999 29.999 29.999 29.999    0.047 0.036 0.034 0.039 0.044  C 238119
   4350.59469 29.999 29.999 29.999 29.999 29.999    0.047 0.038 0.037 0.043 0.048  C 238435
   4357.50005 29.999 29.999 29.999 29.999 29.999    0.041 0.037 0.032 0.038 0.042  C 239415
   4359.49785 29.999 29.999 29.999 29.999 29.999    0.038 0.035 0.033 0.040 0.046  C 239751
   4365.51269 29.999 29.999 29.999 29.999 29.999    0.043 0.036 0.033 0.039 0.044  C 240605
   4372.55284 29.999 29.999 29.999 29.999 29.999    0.069 0.048 0.047 0.054 0.060  D 241604
   4393.51277 29.999 29.999 29.999 29.999 29.999    0.050 0.039 0.040 0.048 0.054  C 244609
   4407.53592 29.999 29.999 29.999 29.999 29.999    0.044 0.040 0.040 0.044 0.049  C 245545
#dataset= 1 ; 3 F1836-32_189
#desig= 184020-2835.1
#cra=   18.672204  18:40:19.9
#cdec= -28.584798 -28:35:05.3
#class= 0
#cmag_0= 14.039
#cmer_0=  0.378
#nskip_0= 0
#cmag_1= 14.131
#cmer_1=  0.481
#nskip_1= 0
#cmag_2= 14.280
#cmer_2=  0.625
#nskip_2= 0
#cmag_3= 14.310
#cmer_3=  0.639
#nskip_3= 1
#cmag_4= 14.271
#cmer_4=  0.748
#nskip_4= 0
#ra=   18.672204  18:40:19.9
#dec= -28.584798 -28:35:05.3
#     HJD      MAG_0  MAG_1  MAG_2  MAG_3  MAG_4    MER_0 MER_1 MER_2 MER_3 MER_4 GRADE FRAME
   1950.89155 29.999 29.999 29.999 29.999 29.999    0.048 0.043 0.040 0.048 0.054  C 9476
   2025.78644 13.579 13.472 13.464 13.445 13.391    0.041 0.031 0.030 0.035 0.039  A 17256
   2474.64343 29.999 29.999 29.999 29.999 29.999    0.054 0.047 0.041 0.045 0.048  C 12851
   2481.58280 29.999 29.999 29.999 29.999 29.999    0.072 0.059 0.049 0.052 0.053  D 12972
   2486.58542 29.999 29.999 29.999 29.999 29.999    0.082 0.068 0.056 0.053 0.056  D 13298
   2491.58146 29.999 29.999 29.999 29.999 29.999    0.083 0.069 0.055 0.054 0.055  D 14213
   2494.57996 29.999 29.999 29.999 29.999 29.999    0.065 0.059 0.055 0.061 0.068  C 14638
   2535.54852 29.999 29.999 29.999 29.999 29.999    0.042 0.030 0.029 0.033 0.036  C 19227
   2768.85015 29.999 29.999 29.999 29.999 29.999    0.046 0.048 0.049 0.059 0.069  C 54657
   2782.82490 13.752 13.795 13.811 13.818 13.700    0.034 0.033 0.028 0.033 0.037  A 55793
   2802.88298 29.999 29.999 29.999 29.999 29.999    0.047 0.049 0.051 0.062 0.073  C 58816
   2809.87629 29.999 29.999 29.999 29.999 29.999    0.040 0.035 0.035 0.040 0.045  C 59603
   2810.86847 14.279 14.480 14.861 15.542 15.761    0.038 0.033 0.032 0.037 0.041  A 59825
   2812.68637 29.999 29.999 29.999 29.999 29.999    0.033 0.032 0.027 0.031 0.035  C 60202
   2813.72513 14.048 14.063 14.034 13.999 13.939    0.037 0.033 0.028 0.032 0.035  A 60448
   2813.84959 29.999 29.999 29.999 29.999 29.999    0.041 0.038 0.035 0.039 0.043  C 60500
   2813.91732 29.999 29.999 29.999 29.999 29.999    0.036 0.034 0.035 0.041 0.046  C 60529
   2813.92177 29.999 29.999 29.999 29.999 29.999    0.036 0.032 0.034 0.040 0.046  C 60531
   2813.93287 29.999 29.999 29.999 29.999 29.999    0.034 0.031 0.033 0.040 0.044  C 60536
   2813.94619 29.999 29.999 29.999 29.999 29.999    0.080 0.081 0.085 0.093 0.099  D 60542
   2819.86049 29.999 29.999 29.999 29.999 29.999    0.041 0.039 0.037 0.043 0.048  C 61384
   2822.70097 29.999 29.999 29.999 29.999 29.999    0.041 0.042 0.041 0.050 0.057  C 61886
   2824.68922 29.999 29.999 29.999 29.999 29.999    0.074 0.074 0.081 0.098 0.114  D 61954
   2826.80657 29.999 29.999 29.999 29.999 29.999    0.039 0.036 0.031 0.036 0.039  C 62101
   2829.81255 29.999 29.999 29.999 29.999 29.999    0.038 0.035 0.031 0.035 0.039  C 62359
   2829.83176 29.999 29.999 29.999 29.999 29.999    0.038 0.037 0.032 0.037 0.041  C 62367
   2835.56858 29.999 29.999 29.999 29.999 29.999    0.039 0.040 0.039 0.048 0.054  C 63519
   2841.76568 29.999 29.999 29.999 29.999 29.999    0.047 0.049 0.058 0.075 0.089  D 64583
   2841.83084 29.999 29.999 29.999 29.999 29.999    0.043 0.041 0.041 0.049 0.056  C 64607
   2844.78964 29.999 29.999 29.999 29.999 29.999    0.036 0.033 0.028 0.032 0.036  C 65065
   2851.65566 29.999 29.999 29.999 29.999 29.999    0.029 0.030 0.025 0.030 0.033  C 65447
   2853.80325 29.999 29.999 29.999 29.999 29.999    0.038 0.037 0.034 0.040 0.044  C 65729
   2854.65908 29.999 29.999 29.999 29.999 29.999    0.031 0.030 0.024 0.029 0.032  C 65891
   2862.59073 29.999 29.999 29.999 29.999 29.999    0.033 0.034 0.030 0.037 0.043  C 67154
   2875.69231 14.443 14.570 14.724 14.594 14.325    0.038 0.030 0.028 0.033 0.037  A 68574
   2877.68414 14.121 14.323 14.618 14.822 14.658    0.037 0.029 0.028 0.033 0.037  A 68967
   2879.69121 14.235 14.350 14.538 14.629 14.508    0.033 0.029 0.028 0.033 0.037  A 69277
   2882.53633 29.999 29.999 29.999 29.999 29.999    0.038 0.038 0.035 0.041 0.046  C 69464
   2883.67068 14.044 14.138 14.220 14.224 14.213    0.032 0.030 0.027 0.032 0.035  A 69633
   2884.68900 14.233 14.469 14.766 14.900 14.665    0.034 0.032 0.030 0.036 0.040  A 69841
   2897.48855 29.999 29.999 29.999 29.999 29.999    0.054 0.055 0.055 0.062 0.070  C 71609
   2898.58865 14.143 14.155 14.261 14.307 14.282    0.031 0.028 0.027 0.032 0.036  A 71849
   2905.60743 29.999 29.999 29.999 29.999 29.999    0.033 0.028 0.028 0.033 0.037  C 72968
   2906.58523 14.447 14.900 14.849 14.624 14.137    0.036 0.028 0.026 0.031 0.035  A 73159
   2908.48368 14.028 14.043 14.100 14.083 13.820    0.047 0.028 0.027 0.031 0.035  A 73364
   2908.61507 13.935 13.870 13.847 13.824 13.622    0.032 0.027 0.028 0.032 0.036  A 73419
   2911.58483 13.976 13.955 14.162 14.456 14.337    0.033 0.028 0.027 0.032 0.036  A 73893
   2922.60454 13.413 13.441 13.483 13.536 13.549    0.035 0.033 0.033 0.040 0.045  A 75256
   3091.84207 29.999 29.999 29.999 29.999 29.999    0.036 0.034 0.034 0.041 0.047  C 96291
   3144.76737 14.362 14.490 14.701 14.790 14.669    0.031 0.030 0.029 0.033 0.037  A 103314
   3153.80243 14.136 14.272 14.480 14.835 14.858    0.031 0.030 0.028 0.034 0.038  A 103818
   3157.91794 13.973 14.017 14.032 13.968 13.781    0.041 0.035 0.035 0.043 0.049  A 104321
   3183.78689 14.061 14.109 14.254 14.426 14.241    0.037 0.037 0.040 0.048 0.056  B 107702
   3191.88203 29.999 29.999 29.999 29.999 29.999    0.042 0.042 0.045 0.055 0.065  C 108809
   3452.86366 14.348 14.812 15.741 17.459 16.385    0.080 0.050 0.045 0.053 0.061  D 135574
   3655.50059 13.576 13.560 13.578 13.680 13.671    0.067 0.046 0.044 0.049 0.054  B 161975
   3677.52324 13.972 13.896 13.945 14.070 99.999    0.041 0.032 0.033 0.038 0.043  C 165087
   4402.50244 13.967 13.987 14.136 14.302 14.066    0.057 0.042 0.040 0.047 0.053  B 245076
#ndata= 8
#dataset= 2 ; 1 F1912-32_190
#desig= 184021-2835.0
#cra=   18.672589  18:40:21.3
#cdec= -28.583420 -28:35:00.3
#class= 0
#cmag_0= 12.253
#cmer_0=  0.115
#nskip_0= 1
#cmag_1= 12.246
#cmer_1=  0.114
#nskip_1= 1
#cmag_2= 12.261
#cmer_2=  0.116
#nskip_2= 1
#cmag_3= 12.317
#cmer_3=  0.122
#nskip_3= 1
#cmag_4= 12.319
#cmer_4=  0.130
#nskip_4= 1
#ra=   18.672589  18:40:21.3
#dec= -28.583420 -28:35:00.3
#     HJD      MAG_0  MAG_1  MAG_2  MAG_3  MAG_4    MER_0 MER_1 MER_2 MER_3 MER_4 GRADE FRAME
   2454.68367 29.999 29.999 29.999 29.999 29.999    0.053 0.051 0.045 0.051 0.055  C 9871
   2490.61863 29.999 29.999 29.999 29.999 29.999    0.061 0.051 0.042 0.047 0.046  C 14056
   2703.87988 11.484 11.437 11.443 11.470 11.490    0.035 0.033 0.032 0.037 0.041  A 43574
   2726.82620 12.197 12.195 12.185 12.204 12.192    0.034 0.032 0.028 0.032 0.035  A 47546
   2728.86355 12.310 12.298 12.337 12.430 12.449    0.036 0.034 0.034 0.039 0.044  A 47954
   2744.85345 12.706 12.740 12.788 12.789 12.829    0.032 0.032 0.031 0.036 0.040  A 50813
   2770.84143 29.999 29.999 29.999 29.999 29.999    0.035 0.040 0.034 0.040 0.041  C 54942
   2840.72896 14.314 14.387 14.824 15.429 99.999    0.040 0.037 0.033 0.040 0.045  C 64370
#ndata= 187
#dataset= 3 ; 1 F1840-24_233
#desig= 184021-2835.0
#cra=   18.672472  18:40:20.9
#cdec= -28.583372 -28:35:00.1
#class= 0
#cmag_0= 12.352
#cmer_0=  1.244
#nskip_0= 0
#cmag_1= 12.342
#cmer_1=  1.259
#nskip_1= 0
#cmag_2= 12.372
#cmer_2=  1.300
#nskip_2= 0
#cmag_3= 12.394
#cmer_3=  1.368
#nskip_3= 0
#cmag_4= 12.334
#cmer_4=  1.298
#nskip_4= 3
#ra=   18.672472  18:40:20.9
#dec= -28.583372 -28:35:00.1
#     HJD      MAG_0  MAG_1  MAG_2  MAG_3  MAG_4    MER_0 MER_1 MER_2 MER_3 MER_4 GRADE FRAME
   1954.89079 29.999 29.999 29.999 29.999 29.999    0.065 0.055 0.050 0.059 0.068  C 9962
   2156.50685 12.677 12.645 12.630 12.620 12.552    0.049 0.038 0.036 0.041 0.046  A 31593
   2167.48509 13.036 13.043 13.000 12.927 12.911    0.047 0.035 0.033 0.038 0.042  A 32034
   2171.48640 13.164 13.134 13.092 13.036 12.973    0.046 0.036 0.035 0.041 0.047  A 32536
   2173.53618 13.284 13.167 13.137 13.197 13.126    0.048 0.036 0.034 0.039 0.043  A 32938
   2179.49240 13.351 13.324 13.266 13.282 13.227    0.056 0.045 0.040 0.045 0.050  A 33644
   2184.50940 13.470 13.449 13.420 13.321 13.325    0.053 0.040 0.037 0.043 0.047  A 34025
   2188.48976 13.654 13.569 13.406 13.311 13.214    0.050 0.039 0.034 0.039 0.043  A 34661
   2191.50120 13.712 13.666 13.598 13.508 13.536    0.049 0.037 0.034 0.039 0.042  A 35063
   2194.50890 13.660 13.636 13.666 13.631 13.502    0.055 0.038 0.035 0.041 0.044  A 35595
   2206.50014 13.896 14.136 14.170 13.972 13.842    0.048 0.036 0.033 0.040 0.044  A 37429
   3427.88019 29.999 29.999 29.999 29.999 29.999    0.036 0.031 0.032 0.039 0.046  C 132075
   3431.87865 29.999 29.999 29.999 29.999 29.999    0.034 0.031 0.034 0.041 0.047  C 132448
   3444.85575 29.999 29.999 29.999 29.999 29.999    0.045 0.035 0.041 0.051 0.058  C 134006
   3447.88485 29.999 29.999 29.999 29.999 29.999    0.086 0.049 0.047 0.053 0.058  D 134831
   3452.86366 14.380 14.804 15.735 17.450 16.381    0.082 0.048 0.045 0.051 0.057  D 135574
   3455.83191 29.999 29.999 29.999 29.999 29.999    0.049 0.039 0.044 0.055 0.063  C 136076
   3458.86408 29.999 29.999 29.999 29.999 29.999    0.052 0.036 0.035 0.042 0.048  C 136617
   3464.84218 29.999 29.999 29.999 29.999 29.999    0.035 0.027 0.027 0.032 0.036  C 137565
   3467.89127 29.999 29.999 29.999 29.999 29.999    0.037 0.028 0.028 0.033 0.039  C 138009
   3470.88462 29.999 29.999 29.999 29.999 29.999    0.038 0.028 0.031 0.038 0.043  C 138482
   3473.86325 14.322 14.485 14.815 15.678 17.277    0.036 0.030 0.027 0.032 0.036  A 138954
   3476.87703 29.999 29.999 29.999 29.999 29.999    0.042 0.034 0.036 0.041 0.046  C 139453
   3479.84262 29.999 29.999 29.999 29.999 29.999    0.045 0.032 0.032 0.037 0.040  C 139921
   3482.82618 29.999 29.999 29.999 29.999 29.999    0.073 0.056 0.060 0.073 0.080  D 140386
   3490.87754 29.999 29.999 29.999 29.999 29.999    0.057 0.041 0.042 0.049 0.056  C 141218
   3496.84845 14.168 14.333 14.685 15.100 14.721    0.039 0.031 0.029 0.033 0.037  A 141827
   3500.80826 14.021 14.050 14.096 14.041 14.358    0.067 0.041 0.037 0.042 0.046  A 142328
   3502.86932 29.999 29.999 29.999 29.999 29.999    0.054 0.037 0.036 0.042 0.047  C 142702
   3506.78865 29.999 29.999 29.999 29.999 29.999    0.045 0.036 0.035 0.041 0.045  C 143194
   3509.80269 29.999 29.999 29.999 29.999 29.999    0.035 0.029 0.027 0.031 0.036  C 143478
   3512.71088 29.999 29.999 29.999 29.999 29.999    0.034 0.029 0.031 0.037 0.041  C 143885
   3517.88093 29.999 29.999 29.999 29.999 29.999    0.079 0.065 0.071 0.087 0.104  D 144423
   3521.76821 13.927 13.855 99.999 99.999 99.999    0.079 0.043 0.040 0.047 0.051  C 144881
   3524.89193 13.517 13.466 13.386 13.279 13.209    0.039 0.034 0.037 0.044 0.049  A 145424
   3525.57787 13.548 13.486 13.396 13.256 13.172    0.037 0.033 0.035 0.040 0.045  A 145475
   3526.72120 13.584 13.690 13.786 13.839 13.771    0.036 0.030 0.033 0.040 0.045  A 145706
   3528.78128 13.423 13.376 13.357 13.357 13.330    0.054 0.036 0.033 0.037 0.040  A 146057
   3538.74557 11.698 11.676 11.667 11.673 11.672    0.033 0.027 0.027 0.031 0.035  A 146879
   3540.73321 11.428 11.427 11.403 11.409 11.399    0.052 0.039 0.040 0.049 0.055  A 147196
   3552.75210 10.630 10.609 10.611 10.600 10.608    0.076 0.053 0.056 0.065 0.074  B 148502
   3555.74661 10.515 10.514 10.528 10.534 10.555    0.045 0.035 0.033 0.038 0.044  A 148960
   3559.64879 10.535 10.492 10.472 10.477 10.489    0.057 0.034 0.032 0.037 0.039  A 149410
   3561.68551 10.532 10.466 10.432 10.432 10.443    0.075 0.045 0.040 0.043 0.046  B 149759
   3563.66756 10.414 10.393 10.390 10.383 10.395    0.037 0.028 0.027 0.033 0.036  A 150094
   3572.81557 10.386 10.353 10.343 10.351 10.366    0.043 0.043 0.046 0.056 0.065  B 151009
   3574.82528 10.325 10.296 10.316 10.318 10.344    0.047 0.040 0.039 0.047 0.055  A 151350
   3577.58904 10.401 10.376 10.380 10.384 10.397    0.058 0.035 0.031 0.036 0.040  A 151785
   3583.73455 10.554 10.514 10.528 10.526 10.540    0.052 0.035 0.033 0.038 0.042  A 152868
   3585.76395 10.521 10.516 10.530 10.528 10.542    0.067 0.041 0.037 0.041 0.045  A 153222
   3587.79063 10.615 10.614 10.603 10.600 10.604    0.037 0.032 0.032 0.037 0.043  A 153575
   3590.58503 99.999 99.999 99.999 99.999 99.999    0.063 0.038 0.034 0.037 0.041  C 153994
   3592.59735 10.917 10.830 10.819 10.821 10.840    0.074 0.043 0.039 0.044 0.047  B 154350
   3600.58279 11.144 11.154 11.167 11.189 11.185    0.081 0.080 0.093 0.120 0.143  D 155383
   3602.57732 11.225 11.201 11.229 11.233 11.238    0.039 0.031 0.033 0.040 0.046  A 155714
   3604.58379 11.435 11.376 11.333 11.325 11.347    0.044 0.040 0.044 0.053 0.062  A 156023
   3609.52373 11.591 11.607 11.579 11.565 11.592    0.037 0.029 0.030 0.035 0.039  A 156601
   3617.62402 12.049 11.963 11.973 11.970 12.032    0.046 0.045 0.047 0.054 0.062  A 157130
   3620.52719 12.133 12.104 12.081 12.040 12.080    0.065 0.041 0.036 0.040 0.044  A 157553
   3622.56364 12.276 12.268 12.304 12.303 12.364    0.060 0.041 0.039 0.045 0.050  A 157881
   3628.56889 12.503 12.443 12.393 12.352 12.323    0.037 0.034 0.031 0.038 0.044  A 158430
   3630.64606 12.524 12.615 12.639 12.696 12.811    0.048 0.038 0.038 0.046 0.052  A 158793
   3632.64831 12.717 12.661 12.758 12.762 12.770    0.051 0.039 0.038 0.045 0.051  A 159102
   3635.56047 12.678 12.759 12.737 12.734 12.783    0.063 0.048 0.050 0.062 0.070  B 159514
   3641.61875 12.977 12.991 12.941 12.948 12.947    0.032 0.027 0.027 0.031 0.034  A 160170
   3644.53075 13.016 12.896 12.839 12.777 12.707    0.059 0.043 0.044 0.052 0.058  A 160573
   3648.53396 13.156 13.150 13.069 13.041 12.967    0.031 0.027 0.026 0.032 0.036  A 160996
   3650.55752 13.286 13.247 13.273 13.286 13.278    0.031 0.027 0.027 0.031 0.034  A 161285
   3655.50599 13.535 13.486 13.468 13.389 13.452    0.073 0.052 0.048 0.054 0.058  B 161977
   3657.58661 13.390 13.301 13.355 13.349 13.386    0.041 0.032 0.034 0.040 0.045  A 162303
   3660.52934 13.607 13.528 13.621 13.654 13.693    0.057 0.040 0.041 0.049 0.054  A 162746
   3662.56073 29.999 29.999 29.999 29.999 29.999    0.042 0.039 0.043 0.053 0.061  C 163042
   3664.56839 13.568 13.379 13.232 13.116 13.049    0.035 0.029 0.031 0.037 0.041  A 163336
   3668.54922 29.999 29.999 29.999 29.999 29.999    0.038 0.030 0.028 0.033 0.037  C 163802
   3671.53403 13.945 13.890 13.804 13.910 13.947    0.036 0.029 0.028 0.033 0.037  A 164228
   3674.53894 13.698 13.715 13.719 13.714 13.880    0.030 0.027 0.028 0.034 0.038  A 164659
   3677.52589 13.957 13.985 14.209 14.342 14.683    0.037 0.027 0.027 0.032 0.037  A 165088
   3792.88203 29.999 29.999 29.999 29.999 29.999    0.049 0.049 0.056 0.068 0.080  D 179636
   3796.88827 29.999 29.999 29.999 29.999 29.999    0.030 0.027 0.027 0.033 0.037  C 180202
   3800.88810 29.999 29.999 29.999 29.999 29.999    0.034 0.033 0.039 0.050 0.059  C 180741
   3804.86653 29.999 29.999 29.999 29.999 29.999    0.037 0.037 0.043 0.053 0.061  C 181248
   3808.87142 29.999 29.999 29.999 29.999 29.999    0.036 0.035 0.040 0.050 0.057  C 181739
   3812.87277 13.823 13.798 13.827 13.887 13.956    0.034 0.032 0.036 0.043 0.050  A 182377
   3819.87111 13.291 13.203 13.209 13.262 13.312    0.034 0.031 0.034 0.042 0.047  A 183496
   3823.85182 12.759 12.667 12.601 12.540 12.498    0.052 0.039 0.041 0.051 0.057  A 184134
   3827.84167 12.325 12.258 12.246 12.259 12.282    0.043 0.032 0.033 0.039 0.043  A 184809
   3830.88187 11.880 11.840 11.856 11.860 11.883    0.037 0.032 0.036 0.043 0.048  A 185326
   3834.82569 11.544 11.533 11.512 11.484 11.488    0.066 0.042 0.040 0.047 0.052  A 186006
   3837.85987 11.468 11.488 11.466 11.474 11.497    0.040 0.035 0.038 0.046 0.053  A 186523
   3848.86907 99.999 99.999 99.999 99.999 99.999    0.054 0.048 0.052 0.062 0.070  C 186993
   3851.83503 10.992 10.994 10.994 10.996 11.023    0.039 0.028 0.028 0.034 0.038  A 187505
   3859.85359 10.870 10.857 10.850 10.854 10.869    0.056 0.040 0.039 0.045 0.050  A 188740
   3862.78903 10.896 10.816 10.817 10.822 10.841    0.062 0.039 0.035 0.040 0.043  A 189245
   3864.78787 10.882 10.834 10.814 10.826 10.848    0.059 0.040 0.039 0.046 0.050  A 189587
   3866.81227 10.835 10.792 10.786 10.795 10.793    0.042 0.029 0.030 0.037 0.042  A 189940
   3868.80490 10.801 10.810 10.808 10.812 10.821    0.038 0.034 0.036 0.044 0.051  A 190250
   3874.77558 10.766 10.804 10.799 10.799 10.819    0.054 0.034 0.032 0.037 0.041  A 191062
   3877.76180 10.767 10.818 10.805 10.796 10.793    0.056 0.038 0.034 0.038 0.041  A 191530
   3880.81312 10.943 10.870 10.864 10.864 10.883    0.043 0.033 0.032 0.038 0.044  A 191864
   3883.81347 10.990 10.974 10.947 10.945 10.955    0.067 0.040 0.035 0.041 0.044  A 192320
   3887.75317 11.009 10.971 10.975 11.000 11.014    0.039 0.031 0.032 0.038 0.042  A 192697
   3889.79364 11.128 11.113 11.088 11.103 11.121    0.037 0.033 0.030 0.036 0.040  A 193038
   3891.77571 11.191 11.157 11.147 11.142 11.151    0.036 0.030 0.029 0.034 0.038  A 193398
   3893.77286 11.254 11.229 11.188 11.175 11.171    0.032 0.029 0.028 0.033 0.038  A 193755
   3900.75624 11.494 11.444 11.482 11.504 11.529    0.073 0.048 0.046 0.054 0.061  A 194694
   3902.75969 11.518 11.532 11.531 11.542 11.559    0.046 0.033 0.032 0.038 0.044  A 195073
   3904.78622 11.700 11.644 11.626 11.628 11.677    0.034 0.029 0.030 0.034 0.038  A 195462
   3906.79908 11.705 11.755 11.742 11.759 11.814    0.053 0.037 0.034 0.039 0.044  A 195846
   3909.71324 11.776 11.826 11.816 11.821 11.821    0.058 0.035 0.031 0.036 0.039  A 196400
   3913.72453 12.079 12.000 11.996 11.978 11.976    0.045 0.031 0.030 0.035 0.038  A 196963
   3983.52627 29.999 29.999 29.999 29.999 29.999    0.079 0.053 0.054 0.064 0.073  C 203581
   4155.89410 10.753 10.734 10.737 10.730 10.739    0.051 0.035 0.038 0.046 0.051  A 215651
   4159.88158 10.787 10.761 10.733 10.722 10.721    0.047 0.035 0.038 0.046 0.053  A 216229
   4163.88764 10.823 10.758 10.748 10.741 10.756    0.059 0.044 0.049 0.060 0.068  B 216834
   4167.87588 10.807 10.754 10.774 10.791 10.810    0.042 0.035 0.037 0.045 0.052  A 217396
   4179.86317 10.852 10.869 10.866 10.862 10.877    0.050 0.044 0.048 0.057 0.064  B 218915
   4182.88613 10.994 10.975 10.967 10.962 10.984    0.043 0.036 0.036 0.042 0.048  A 219344
   4185.89920 11.040 11.019 11.005 10.988 10.987    0.041 0.037 0.038 0.047 0.053  A 219780
   4189.86898 11.129 11.144 11.119 11.118 11.130    0.051 0.040 0.036 0.041 0.045  A 220162
   4192.85148 11.198 11.202 11.196 11.193 11.227    0.041 0.035 0.035 0.043 0.049  A 220635
   4196.88522 11.313 11.287 11.285 11.267 11.276    0.068 0.058 0.063 0.078 0.091  D 221131
   4202.89859 11.394 11.422 11.382 11.352 11.366    0.063 0.043 0.042 0.047 0.054  A 221720
   4205.86782 11.572 11.518 11.520 11.565 11.632    0.040 0.035 0.037 0.044 0.051  A 222189
   4215.83776 11.828 11.787 11.778 11.763 11.747    0.051 0.046 0.043 0.049 0.055  A 222754
   4229.84978 12.430 12.372 12.340 12.317 12.303    0.049 0.036 0.033 0.038 0.043  A 223587
   4231.85335 12.479 12.421 12.376 12.370 12.372    0.050 0.037 0.035 0.040 0.045  A 223946
   4234.77936 12.627 12.638 12.618 12.624 12.622    0.052 0.037 0.034 0.040 0.045  A 224448
   4245.77282 12.773 12.695 12.607 12.534 12.511    0.055 0.057 0.064 0.079 0.094  D 226084
   4247.74985 13.011 12.933 12.831 12.724 12.828    0.040 0.037 0.038 0.046 0.053  A 226442
   4256.78152 13.407 13.394 13.388 13.312 13.267    0.042 0.033 0.031 0.037 0.042  A 227301
   4259.70875 29.999 29.999 29.999 29.999 29.999    0.066 0.066 0.076 0.091 0.107  D 227701
   4272.68252 13.571 13.494 13.476 13.483 13.351    0.043 0.038 0.035 0.039 0.045  A 228394
   4274.72551 13.635 13.574 13.641 13.664 13.776    0.043 0.038 0.034 0.037 0.041  A 228719
   4277.68817 29.999 29.999 29.999 29.999 29.999    0.045 0.041 0.039 0.043 0.047  C 229020
   4283.71382 29.999 29.999 29.999 29.999 29.999    0.062 0.046 0.048 0.059 0.066  C 229662
   4285.70830 29.999 29.999 29.999 29.999 29.999    0.052 0.040 0.038 0.046 0.052  C 230005
   4289.70367 29.999 29.999 29.999 29.999 29.999    0.048 0.038 0.034 0.040 0.045  C 230359
   4291.70436 29.999 29.999 29.999 29.999 29.999    0.049 0.041 0.036 0.041 0.044  C 230709
   4293.69181 14.087 13.932 14.007 14.319 14.612    0.050 0.037 0.032 0.036 0.039  A 231072
   4295.70501 14.005 14.241 14.427 14.485 14.494    0.049 0.035 0.031 0.035 0.039  A 231416
   4297.69620 14.132 14.249 14.442 14.542 15.205    0.057 0.042 0.042 0.050 0.058  A 231764
   4299.67221 13.958 14.013 14.082 14.155 14.132    0.049 0.034 0.032 0.037 0.042  A 232129
   4301.65650 29.999 29.999 29.999 29.999 29.999    0.046 0.035 0.034 0.041 0.047  C 232475
   4303.65737 29.999 29.999 29.999 29.999 29.999    0.050 0.039 0.034 0.039 0.043  C 232772
   4305.63489 29.999 29.999 29.999 29.999 29.999    0.052 0.044 0.035 0.039 0.044  C 233136
   4310.73579 29.999 29.999 29.999 29.999 29.999    0.052 0.041 0.039 0.046 0.053  C 233930
   4312.75712 29.999 29.999 29.999 29.999 29.999    0.065 0.046 0.043 0.050 0.056  C 234265
   4315.75427 13.791 13.821 14.090 14.504 14.365    0.056 0.051 0.050 0.059 0.068  B 234608
   4319.59581 29.999 29.999 29.999 29.999 29.999    0.043 0.038 0.036 0.041 0.045  C 234967
   4330.59385 14.024 14.013 14.052 13.979 13.847    0.052 0.038 0.033 0.038 0.042  A 235301
   4332.59135 29.999 29.999 29.999 29.999 29.999    0.053 0.038 0.035 0.039 0.043  C 235663
   4338.61557 29.999 29.999 29.999 29.999 29.999    0.048 0.040 0.035 0.042 0.047  C 236423
   4340.67665 29.999 29.999 29.999 29.999 29.999    0.055 0.043 0.039 0.046 0.052  C 236782
   4342.67009 29.999 29.999 29.999 29.999 29.999    0.058 0.046 0.046 0.054 0.060  C 237110
   4344.67412 29.999 29.999 29.999 29.999 29.999    0.062 0.046 0.047 0.056 0.062  C 237453
   4346.67096 13.975 14.077 14.240 14.206 14.200    0.056 0.043 0.034 0.039 0.043  A 237792
   4348.67599 29.999 29.999 29.999 29.999 29.999    0.046 0.036 0.033 0.037 0.041  C 238147
   4350.68432 29.999 29.999 29.999 29.999 29.999    0.054 0.039 0.037 0.043 0.049  C 238465
   4353.54678 29.999 29.999 29.999 29.999 29.999    0.037 0.033 0.030 0.035 0.040  C 238828
   4355.63411 29.999 29.999 29.999 29.999 29.999    0.041 0.035 0.034 0.039 0.043  C 239172
   4357.63801 29.999 29.999 29.999 29.999 29.999    0.046 0.039 0.036 0.040 0.045  C 239464
   4360.48693 29.999 29.999 29.999 29.999 29.999    0.043 0.037 0.036 0.044 0.050  C 239900
   4365.52299 29.999 29.999 29.999 29.999 29.999    0.042 0.035 0.033 0.039 0.043  C 240609
   4368.60761 29.999 29.999 29.999 29.999 29.999    0.043 0.038 0.037 0.044 0.051  C 240976
   4372.62663 14.008 13.924 14.114 14.272 13.978    0.056 0.042 0.043 0.051 0.059  A 241629
   4375.62609 29.999 29.999 29.999 29.999 29.999    0.048 0.036 0.034 0.039 0.042  C 241956
   4378.50841 29.999 29.999 29.999 29.999 29.999    0.068 0.043 0.040 0.045 0.050  C 242377
   4380.56352 29.999 29.999 29.999 29.999 29.999    0.057 0.041 0.040 0.046 0.051  C 242695
   4383.53637 29.999 29.999 29.999 29.999 29.999    0.043 0.032 0.029 0.034 0.038  C 243145
   4385.59459 14.241 14.303 14.476 14.595 14.310    0.043 0.035 0.031 0.036 0.040  A 243477
   4387.59902 29.999 29.999 29.999 29.999 29.999    0.047 0.038 0.033 0.037 0.042  C 243796
   4393.52214 29.999 29.999 29.999 29.999 29.999    0.071 0.049 0.048 0.055 0.059  C 244612
   4402.55391 14.349 14.535 14.549 14.410 14.290    0.040 0.035 0.035 0.042 0.048  A 245087
   4408.52391 14.034 13.940 13.835 13.745 13.474    0.041 0.030 0.031 0.037 0.043  A 245692
   4520.89283 12.105 12.084 12.077 12.108 12.128    0.045 0.043 0.046 0.056 0.065  B 257791
   4524.89617 12.282 12.245 12.209 12.214 12.220    0.042 0.036 0.035 0.041 0.047  A 258372
   4530.88117 12.446 12.405 12.392 12.373 12.427    0.040 0.032 0.032 0.038 0.044  A 259264
   4537.88342 12.674 12.686 12.665 12.628 12.612    0.042 0.035 0.033 0.039 0.044  A 260166
   4541.87505 12.897 12.823 12.844 12.916 12.884    0.058 0.039 0.036 0.042 0.046  A 260747
   4545.87326 13.008 13.035 13.077 13.140 13.124    0.044 0.040 0.046 0.058 0.067  B 261349
   4552.84268 13.115 13.063 13.020 13.019 13.017    0.039 0.034 0.034 0.039 0.045  A 262316
   4557.86076 13.456 13.406 13.387 13.450 13.405    0.038 0.033 0.033 0.039 0.044  A 263101
   4560.89057 13.484 13.360 13.352 13.333 13.278    0.054 0.039 0.036 0.042 0.047  A 263610
   4564.83903 13.479 13.437 13.414 13.329 13.227    0.046 0.036 0.033 0.040 0.044  A 264259
   4567.87766 13.650 13.618 13.572 13.565 13.460    0.045 0.036 0.037 0.042 0.047  A 264771
   4570.89126 13.668 13.659 13.801 14.048 14.401    0.043 0.035 0.032 0.038 0.042  A 265246
   4573.82505 29.999 29.999 29.999 29.999 29.999    0.048 0.039 0.038 0.045 0.052  C 265743
