#ndata= 307
#dataset= 1 ; 1 F1840+08_413
#desig= 184149+0603.1
#cra=   18.696951  18:41:49.0
#cdec=   6.052289 06:03:08.2
#class= 0
#cmag_0= 13.913
#cmer_0=  0.322
#nskip_0= 0
#cmag_1= 13.842
#cmer_1=  0.311
#nskip_1= 0
#cmag_2= 13.769
#cmer_2=  0.258
#nskip_2= 0
#cmag_3= 13.800
#cmer_3=  0.294
#nskip_3= 0
#cmag_4= 13.941
#cmer_4=  0.392
#nskip_4= 0
#ra=   18.696951  18:41:49.0
#dec=   6.052289 06:03:08.2
#     HJD      MAG_0  MAG_1  MAG_2  MAG_3  MAG_4    MER_0 MER_1 MER_2 MER_3 MER_4 GRADE FRAME
   2568.50143 29.999 29.999 29.999 29.999 29.999    0.036 0.037 0.033 0.036 0.038  C 23547
   2729.86514 13.914 13.870 13.947 14.175 14.545    0.035 0.043 0.034 0.034 0.036  A 48159
   2733.87093 13.939 13.765 13.595 13.503 13.574    0.026 0.026 0.023 0.028 0.031  A 48720
   2736.84452 13.459 13.533 13.502 13.402 13.390    0.031 0.036 0.029 0.032 0.035  A 49303
   2749.86449 13.772 13.747 13.677 13.721 13.882    0.031 0.030 0.024 0.027 0.031  A 51544
   2758.84179 13.764 13.612 13.608 13.620 13.705    0.027 0.028 0.026 0.030 0.033  A 53103
   2764.79794 13.920 13.742 13.657 13.651 13.728    0.028 0.022 0.021 0.025 0.027  A 54315
   2769.81496 29.999 29.999 29.999 29.999 29.999    0.070 0.073 0.083 0.101 0.121  D 54726
   2775.83580 29.999 29.999 29.999 29.999 29.999    0.038 0.039 0.038 0.043 0.049  C 55166
   2826.69965 29.999 29.999 29.999 29.999 29.999    0.040 0.039 0.036 0.042 0.047  C 62056
   2830.64710 13.770 13.742 13.694 13.759 13.907    0.027 0.027 0.022 0.026 0.028  A 62513
   2832.62565 29.999 29.999 29.999 29.999 29.999    0.029 0.029 0.025 0.030 0.033  C 62954
   2840.72141 13.709 13.582 13.540 13.515 13.522    0.034 0.032 0.030 0.034 0.039  A 64367
   2845.69851 13.521 13.493 13.546 13.658 13.834    0.029 0.029 0.023 0.025 0.027  A 65245
   2851.70191 13.867 13.908 13.963 14.040 14.223    0.027 0.028 0.025 0.029 0.032  A 65467
   2854.56247 13.735 13.712 13.812 14.022 14.341    0.027 0.028 0.022 0.025 0.027  A 65852
   2867.69465 13.544 13.706 13.937 14.216 14.688    0.036 0.028 0.026 0.029 0.031  A 67786
   2884.58193 13.849 13.780 13.797 13.953 14.174    0.028 0.025 0.022 0.025 0.028  A 69795
   2901.52717 29.999 29.999 29.999 29.999 29.999    0.043 0.036 0.034 0.040 0.046  C 72373
   2922.53069 29.999 29.999 29.999 29.999 29.999    0.041 0.033 0.028 0.034 0.038  C 75224
   2927.53744 14.062 14.027 14.059 14.159 14.442    0.030 0.026 0.025 0.029 0.033  A 75960
   2936.51709 29.999 29.999 29.999 29.999 29.999    0.056 0.055 0.057 0.068 0.080  D 77552
   3104.89850 13.535 13.520 13.644 14.021 14.543    0.043 0.039 0.040 0.048 0.056  A 98000
   3116.86160 13.497 13.428 13.455 13.517 13.680    0.030 0.034 0.030 0.033 0.036  A 99892
   3125.80347 29.999 29.999 29.999 29.999 29.999    0.061 0.057 0.059 0.064 0.070  D 100773
   3127.82398 29.999 29.999 29.999 29.999 29.999    0.066 0.072 0.072 0.077 0.085  D 101091
   3132.84181 13.618 13.546 13.474 13.453 13.594    0.035 0.039 0.035 0.041 0.048  A 101887
   3158.80812 29.999 29.999 29.999 29.999 29.999    0.036 0.029 0.031 0.037 0.043  C 104462
   3182.69334 14.006 13.927 13.866 13.853 13.939    0.030 0.037 0.028 0.031 0.036  A 107520
   3186.69849 29.999 29.999 29.999 29.999 29.999    0.038 0.037 0.036 0.043 0.050  C 108123
   3189.72843 29.999 29.999 29.999 29.999 29.999    0.037 0.034 0.033 0.039 0.047  C 108460
   3279.57733 13.873 13.896 13.845 13.917 14.144    0.040 0.031 0.028 0.033 0.037  A 116952
   3292.49909 29.999 29.999 29.999 29.999 29.999    0.042 0.040 0.040 0.049 0.059  C 118232
   3299.52089 29.999 29.999 29.999 29.999 29.999    0.046 0.033 0.029 0.034 0.038  C 118906
   3449.89448 14.373 14.286 14.154 14.122 14.197    0.059 0.039 0.040 0.047 0.053  A 135161
   3520.75675 13.949 13.802 13.717 13.643 13.637    0.117 0.060 0.058 0.064 0.069  D 144712
   3551.78750 14.006 13.833 13.754 13.771 13.943    0.050 0.038 0.038 0.043 0.048  A 148359
   3554.74437 13.854 13.704 13.571 13.515 13.476    0.038 0.030 0.025 0.030 0.033  A 148793
   3560.68578 14.716 14.768 14.505 14.235 13.945    0.105 0.062 0.057 0.062 0.067  D 149577
   3569.66694 13.557 13.452 13.356 13.300 13.261    0.042 0.033 0.028 0.032 0.036  A 150582
   3592.59097 14.486 14.436 14.101 14.024 14.104    0.081 0.052 0.047 0.050 0.051  B 154348
   3604.56092 29.999 29.999 29.999 29.999 29.999    0.042 0.041 0.044 0.053 0.062  C 156015
   3619.59639 14.274 14.170 13.836 13.640 13.575    0.087 0.045 0.038 0.042 0.046  D 157422
   3625.62438 29.999 29.999 29.999 29.999 29.999    0.051 0.054 0.060 0.073 0.086  D 158164
   3631.52907 29.999 29.999 29.999 29.999 29.999    0.042 0.033 0.032 0.039 0.044  C 158918
   3642.57653 29.999 29.999 29.999 29.999 29.999    0.040 0.037 0.036 0.038 0.041  C 160296
   3646.55788 13.855 13.796 13.677 13.602 13.581    0.032 0.029 0.025 0.028 0.032  A 160741
   3649.52415 13.994 13.759 13.671 13.803 13.990    0.046 0.035 0.034 0.040 0.044  A 161141
   3651.53014 14.383 14.166 13.817 13.809 13.909    0.055 0.034 0.032 0.036 0.040  A 161417
   3656.53991 13.991 13.827 13.685 13.654 13.588    0.034 0.027 0.029 0.034 0.039  A 162146
   3664.51230 13.840 13.727 13.815 13.849 13.793    0.068 0.040 0.035 0.040 0.045  A 163318
   3829.87132 13.973 13.658 13.382 13.225 13.165    0.041 0.031 0.032 0.038 0.044  A 185154
   3857.82890 13.602 13.491 13.534 13.645 13.907    0.051 0.045 0.051 0.061 0.071  B 188418
   3883.80146 14.520 14.343 14.171 14.110 14.256    0.043 0.030 0.030 0.036 0.040  A 192316
   3893.76277 14.083 13.898 99.999 99.999 99.999    0.044 0.031 0.028 0.033 0.038  C 193752
   4179.90856 29.999 29.999 29.999 29.999 29.999    0.044 0.043 0.045 0.054 0.065  C 218930
   4202.91380 14.346 14.258 14.123 14.103 14.398    0.047 0.037 0.036 0.039 0.045  A 221725
   4205.88859 29.999 29.999 29.999 29.999 29.999    0.047 0.037 0.037 0.043 0.050  C 222196
   4229.84078 14.138 14.009 99.999 99.999 99.999    0.056 0.037 0.033 0.036 0.043  C 223584
   4234.79820 13.667 13.683 13.726 13.882 14.023    0.061 0.043 0.035 0.040 0.045  A 224454
   4245.78507 29.999 29.999 29.999 29.999 29.999    0.054 0.057 0.064 0.080 0.096  D 226089
   4256.86133 14.010 14.091 14.119 14.268 14.330    0.037 0.032 0.029 0.035 0.040  A 227328
   4269.77703 29.999 29.999 29.999 29.999 29.999    0.047 0.045 0.047 0.057 0.066  C 228202
   4286.69882 29.999 29.999 29.999 29.999 29.999    0.060 0.061 0.069 0.086 0.102  D 230191
   4290.69815 13.582 13.656 13.713 13.766 13.843    0.042 0.036 0.031 0.035 0.038  A 230516
   4292.67822 13.864 13.860 13.877 13.942 14.069    0.044 0.035 0.029 0.033 0.037  A 230886
   4302.69611 13.597 13.486 13.430 13.408 13.582    0.052 0.041 0.038 0.041 0.046  A 232616
   4304.64073 13.953 13.945 13.867 13.836 13.846    0.039 0.033 0.028 0.032 0.036  A 232958
   4310.70022 29.999 29.999 29.999 29.999 29.999    0.053 0.040 0.036 0.041 0.047  C 233918
   4340.63060 29.999 29.999 29.999 29.999 29.999    0.044 0.038 0.036 0.042 0.049  C 236765
   4344.62221 29.999 29.999 29.999 29.999 29.999    0.052 0.041 0.037 0.042 0.049  C 237435
   4357.61454 14.084 14.182 14.210 14.197 14.465    0.047 0.039 0.034 0.038 0.042  A 239455
   4359.58899 13.911 13.965 13.993 14.042 99.999    0.047 0.036 0.032 0.037 0.042  C 239783
   4376.56267 14.000 13.931 13.847 13.775 13.938    0.049 0.035 0.031 0.035 0.039  A 242095
   4387.50346 29.999 29.999 29.999 29.999 29.999    0.049 0.037 0.030 0.035 0.038  C 243762
#dataset= 1 ; 2 F1840+08_413
#desig= 184150+0603.1
#cra=   18.697248  18:41:50.1
#cdec=   6.050987 06:03:03.6
#class= 0
#cmag_0= 13.721
#cmer_0=  0.206
#nskip_0= 0
#cmag_1= 13.701
#cmer_1=  0.229
#nskip_1= 0
#cmag_2= 13.685
#cmer_2=  0.254
#nskip_2= 0
#cmag_3= 13.707
#cmer_3=  0.290
#nskip_3= 2
#cmag_4= 13.793
#cmer_4=  0.371
#nskip_4= 1
#ra=   18.697248  18:41:50.1
#dec=   6.050987 06:03:03.6
#     HJD      MAG_0  MAG_1  MAG_2  MAG_3  MAG_4    MER_0 MER_1 MER_2 MER_3 MER_4 GRADE FRAME
   2178.55070 13.514 13.432 13.301 13.217 13.316    0.061 0.039 0.034 0.038 0.043  A 33564
   2193.49740 13.409 13.379 13.384 13.365 13.366    0.050 0.034 0.029 0.032 0.036  A 35411
   2510.65563 13.586 13.539 13.522 13.468 13.542    0.031 0.029 0.025 0.029 0.033  A 16983
   2526.61100 13.518 13.536 13.487 13.502 13.532    0.032 0.020 0.019 0.021 0.024  A 18831
   2535.55791 13.588 13.683 13.651 13.605 13.556    0.032 0.025 0.023 0.026 0.029  A 19231
   2558.49325 13.465 13.561 13.633 13.693 13.661    0.040 0.035 0.028 0.030 0.031  A 21987
   2559.51464 29.999 29.999 29.999 29.999 29.999    0.054 0.054 0.058 0.069 0.081  D 22176
   2560.51916 29.999 29.999 29.999 29.999 29.999    0.053 0.030 0.027 0.030 0.033  C 22357
   2706.89148 13.602 13.614 13.630 13.599 13.667    0.034 0.031 0.024 0.027 0.030  A 44137
   2709.89338 13.647 13.676 13.685 13.804 13.974    0.034 0.032 0.030 0.034 0.038  A 44680
   2712.89228 29.999 29.999 29.999 29.999 29.999    0.029 0.027 0.024 0.026 0.029  C 45233
   2724.88475 13.961 13.738 13.692 13.722 13.887    0.027 0.029 0.025 0.029 0.032  A 47168
   2726.88144 13.572 13.440 13.458 13.600 13.948    0.034 0.033 0.031 0.037 0.040  A 47569
   2738.91675 13.716 13.624 13.572 13.560 13.613    0.032 0.022 0.021 0.025 0.029  A 49712
   2740.89736 13.675 13.556 13.609 13.690 13.788    0.032 0.021 0.020 0.023 0.026  A 50056
   2742.86674 13.837 13.789 13.870 14.018 14.294    0.032 0.029 0.028 0.034 0.038  A 50454
   2744.86311 13.568 13.690 13.692 13.609 13.670    0.034 0.032 0.028 0.031 0.034  A 50817
   2754.85930 13.972 13.957 13.873 13.928 14.180    0.034 0.020 0.020 0.023 0.025  A 52337
   2756.83256 13.932 13.870 13.814 13.862 14.020    0.039 0.021 0.020 0.023 0.026  A 52736
   2760.82261 29.999 29.999 29.999 29.999 29.999    0.029 0.033 0.029 0.034 0.039  C 53503
   2782.83095 13.477 13.449 13.470 13.490 13.533    0.028 0.030 0.024 0.026 0.029  A 55796
   2784.76677 13.613 13.657 13.690 13.672 13.769    0.026 0.028 0.022 0.025 0.027  A 56188
   2790.75737 13.953 13.851 13.862 13.855 13.845    0.029 0.026 0.023 0.026 0.027  A 57377
   2805.85311 13.848 13.685 13.796 14.069 15.138    0.040 0.037 0.040 0.047 0.054  A 59250
   2809.74743 13.780 13.795 13.828 13.956 13.946    0.032 0.023 0.023 0.026 0.029  A 59550
   2810.85339 14.019 14.103 14.283 14.466 14.684    0.029 0.024 0.023 0.026 0.030  A 59819
   2812.67631 13.511 13.446 13.473 13.532 13.707    0.028 0.026 0.024 0.027 0.030  A 60198
   2814.84469 13.918 14.143 14.299 14.570 14.868    0.032 0.030 0.025 0.028 0.030  A 60738
   2819.70978 13.448 13.378 13.346 13.362 13.470    0.028 0.027 0.022 0.025 0.029  A 61320
   2830.64710 13.560 13.694 13.639 13.607 13.541    0.027 0.027 0.022 0.026 0.028  A 62513
   2833.73652 13.517 13.652 13.783 14.012 14.409    0.031 0.032 0.031 0.037 0.042  A 63185
   2835.63574 13.600 13.564 13.687 13.841 14.010    0.032 0.028 0.025 0.030 0.034  A 63534
   2838.65689 13.361 13.381 13.437 13.490 13.600    0.032 0.033 0.028 0.035 0.035  A 63907
   2840.70478 13.699 13.653 13.574 13.544 13.570    0.036 0.030 0.023 0.028 0.030  A 64360
   2858.60533 13.887 13.860 13.816 13.909 14.086    0.025 0.027 0.023 0.027 0.030  A 66308
   2859.65557 13.424 13.439 13.463 13.532 13.597    0.030 0.029 0.023 0.028 0.032  A 66548
   2861.62949 13.708 13.722 13.790 13.885 14.202    0.040 0.038 0.033 0.040 0.041  A 66965
   2866.58799 13.847 13.885 14.080 14.295 14.351    0.030 0.025 0.023 0.026 0.029  A 67537
   2872.57322 14.002 13.938 13.928 13.989 13.992    0.030 0.023 0.020 0.023 0.025  A 68134
   2875.60683 14.004 14.026 13.996 14.012 14.231    0.035 0.023 0.022 0.025 0.029  A 68538
   2877.59756 13.645 13.660 13.669 13.695 99.999    0.030 0.023 0.021 0.024 0.028  C 68932
   2879.59822 13.893 13.861 13.783 13.803 13.889    0.023 0.022 0.019 0.022 0.024  A 69238
   2882.62178 29.999 29.999 29.999 29.999 29.999    0.037 0.029 0.030 0.034 0.039  C 69500
   2884.58193 13.794 13.809 13.774 13.855 14.012    0.028 0.025 0.022 0.025 0.028  A 69795
   2885.60129 13.533 13.449 13.426 13.531 13.688    0.028 0.022 0.021 0.025 0.028  A 70010
   2888.60146 13.841 13.759 13.837 13.974 14.023    0.040 0.027 0.025 0.030 0.033  A 70429
   2893.51266 14.061 13.957 13.957 14.073 14.113    0.035 0.026 0.025 0.030 0.034  A 70827
   2894.57832 29.999 29.999 29.999 29.999 29.999    0.036 0.034 0.031 0.036 0.038  C 71052
   2895.52303 13.645 13.689 13.768 13.855 14.037    0.030 0.032 0.024 0.028 0.030  A 71226
   2897.53660 14.001 13.904 13.754 13.701 13.784    0.034 0.026 0.023 0.026 0.029  A 71629
   2904.60867 29.999 29.999 29.999 29.999 29.999    0.054 0.051 0.052 0.060 0.066  C 72846
   2908.49405 13.627 13.598 13.619 13.547 13.503    0.039 0.033 0.026 0.031 0.033  A 73368
   2910.50655 13.675 13.636 13.626 13.600 13.590    0.035 0.022 0.021 0.024 0.026  A 73669
   2912.52290 13.691 13.543 13.566 13.683 13.809    0.031 0.029 0.026 0.029 0.033  A 74054
   2915.54917 13.853 13.738 13.640 13.713 13.854    0.033 0.028 0.027 0.030 0.034  A 74348
   2924.53598 13.774 13.690 13.681 13.695 13.922    0.036 0.028 0.025 0.029 0.033  A 75603
   2932.51005 14.038 14.111 14.272 14.364 14.476    0.039 0.025 0.023 0.026 0.029  A 76846
   2934.51439 13.454 13.378 13.302 13.221 13.160    0.035 0.025 0.024 0.028 0.031  A 77197
   2940.49876 29.999 29.999 29.999 29.999 29.999    0.050 0.049 0.053 0.063 0.073  C 77945
   3078.89057 13.799 13.604 13.573 13.691 13.911    0.038 0.038 0.038 0.043 0.049  A 94661
   3081.90126 29.999 29.999 29.999 29.999 29.999    0.038 0.039 0.042 0.050 0.058  C 95097
   3088.89073 29.999 29.999 29.999 29.999 29.999    0.047 0.044 0.044 0.048 0.052  C 95853
   3092.88578 13.947 13.898 13.923 13.994 14.074    0.043 0.045 0.044 0.046 0.051  A 96469
   3097.91620 13.716 13.629 13.592 13.638 13.974    0.035 0.030 0.028 0.032 0.037  A 96906
   3101.90074 29.999 29.999 29.999 29.999 29.999    0.052 0.049 0.048 0.054 0.061  C 97520
   3107.90541 13.754 13.720 13.749 13.877 13.945    0.032 0.037 0.034 0.041 0.048  A 98474
   3110.89833 14.071 14.202 14.412 14.708 15.043    0.050 0.043 0.041 0.046 0.051  A 98934
   3113.88200 13.658 13.608 13.680 13.798 13.954    0.031 0.035 0.028 0.032 0.037  A 99408
   3122.86364 13.511 13.612 13.640 13.683 13.669    0.030 0.030 0.028 0.034 0.039  A 100290
   3130.80721 13.625 13.659 13.765 13.773 14.102    0.060 0.058 0.058 0.065 0.070  D 101544
   3141.88052 13.373 13.306 13.236 13.296 13.514    0.045 0.042 0.046 0.056 0.065  A 103031
   3146.75793 13.804 13.635 13.627 13.674 13.817    0.046 0.046 0.044 0.048 0.051  A 103560
   3153.80993 13.793 13.688 13.655 13.683 13.745    0.028 0.026 0.024 0.028 0.031  A 103821
   3156.75500 13.790 13.909 13.963 13.956 13.920    0.028 0.031 0.026 0.030 0.034  A 104205
   3162.73650 13.441 13.364 13.307 13.251 13.137    0.034 0.038 0.033 0.038 0.042  A 104879
   3164.76597 29.999 29.999 29.999 29.999 29.999    0.028 0.028 0.026 0.030 0.034  C 105240
   3169.77990 13.681 13.552 13.471 13.407 13.419    0.032 0.026 0.025 0.030 0.035  A 105976
   3172.76256 29.999 29.999 29.999 29.999 29.999    0.034 0.034 0.033 0.040 0.046  C 106315
   3176.70741 13.495 13.435 13.418 13.417 13.510    0.032 0.032 0.029 0.033 0.037  A 106788
   3179.68558 13.554 13.570 13.605 13.692 13.760    0.038 0.039 0.035 0.038 0.042  A 107226
   3184.68051 13.580 13.541 13.437 13.439 13.476    0.048 0.048 0.045 0.047 0.050  A 107848
   3271.59107 13.686 13.690 13.740 13.895 13.992    0.041 0.030 0.026 0.031 0.035  A 115920
   3274.59281 13.682 13.563 13.477 13.437 13.392    0.034 0.030 0.029 0.034 0.038  A 116317
   3277.56170 13.520 13.540 13.615 13.687 13.819    0.046 0.035 0.033 0.039 0.045  A 116682
   3295.49312 13.594 13.565 13.619 13.696 13.757    0.033 0.028 0.022 0.025 0.029  A 118478
   3434.90296 13.968 14.378 14.639 15.029 15.617    0.056 0.036 0.036 0.041 0.045  A 132931
   3445.90831 13.821 13.679 13.614 13.635 13.670    0.041 0.030 0.030 0.036 0.042  A 134275
   3449.89448 14.510 14.407 14.313 14.302 14.208    0.059 0.039 0.040 0.047 0.053  A 135161
   3453.87769 14.089 14.161 14.049 14.099 14.430    0.088 0.046 0.043 0.049 0.053  D 135733
   3456.90173 13.583 13.629 13.557 13.505 13.507    0.050 0.032 0.033 0.040 0.047  A 136277
   3463.88107 13.578 13.473 13.332 13.206 13.151    0.040 0.031 0.031 0.038 0.044  A 137402
   3467.86581 13.675 13.555 13.466 13.377 13.349    0.034 0.028 0.028 0.032 0.037  A 138000
   3470.91824 13.934 13.847 13.846 13.965 14.270    0.039 0.031 0.031 0.036 0.043  A 138494
   3473.87999 13.618 13.554 13.499 13.471 13.502    0.036 0.028 0.026 0.030 0.034  A 138960
   3476.89070 13.653 13.576 13.511 13.601 13.675    0.042 0.035 0.036 0.043 0.047  A 139458
   3479.86424 14.314 14.309 14.143 14.060 14.047    0.045 0.033 0.033 0.037 0.041  A 139928
   3482.84829 29.999 29.999 29.999 29.999 29.999    0.057 0.054 0.061 0.074 0.086  D 140394
   3487.84871 29.999 29.999 29.999 29.999 29.999    0.039 0.031 0.031 0.037 0.042  C 140843
   3490.85890 13.470 13.414 13.379 13.392 13.602    0.041 0.035 0.039 0.047 0.054  A 141212
   3492.86568 14.104 14.066 13.894 13.726 13.588    0.039 0.029 0.032 0.038 0.045  A 141552
   3496.84522 13.811 13.778 13.747 13.799 13.873    0.033 0.029 0.026 0.030 0.034  A 141826
   3500.81956 13.509 13.504 13.482 13.542 13.496    0.070 0.040 0.036 0.040 0.045  A 142332
   3503.79782 13.703 13.654 13.599 13.630 13.693    0.059 0.037 0.033 0.036 0.040  A 142861
   3506.83331 13.697 13.677 13.636 13.604 13.603    0.039 0.033 0.031 0.037 0.042  A 143209
   3509.80448 13.644 13.730 13.712 13.691 13.655    0.035 0.028 0.024 0.028 0.032  A 143479
   3512.75020 13.661 13.866 13.948 13.921 14.118    0.056 0.039 0.042 0.051 0.058  A 143898
   3516.78366 13.628 13.578 13.565 13.628 13.731    0.035 0.030 0.030 0.037 0.042  A 144223
   3522.78166 13.745 13.831 13.807 13.867 14.006    0.091 0.056 0.051 0.054 0.059  D 145069
   3526.87387 13.982 13.963 13.875 13.896 13.957    0.047 0.044 0.037 0.040 0.044  A 145760
   3529.74907 13.890 13.817 13.810 13.816 13.735    0.044 0.029 0.029 0.034 0.037  A 146232
   3537.77935 29.999 29.999 29.999 29.999 29.999    0.068 0.049 0.045 0.053 0.060  C 146760
   3539.73919 13.463 13.476 13.475 13.482 13.566    0.043 0.031 0.030 0.035 0.039  A 147066
   3542.69303 29.999 29.999 29.999 29.999 29.999    0.042 0.031 0.034 0.041 0.046  C 147442
   3544.75278 13.685 13.638 13.566 13.585 13.670    0.047 0.038 0.035 0.039 0.044  A 147738
   3547.79865 13.625 13.575 13.597 13.677 13.695    0.037 0.029 0.029 0.032 0.036  A 148090
   3551.78750 13.808 13.706 13.752 13.816 13.949    0.050 0.038 0.038 0.043 0.048  A 148359
   3558.65752 13.603 13.422 13.368 13.355 13.452    0.043 0.030 0.031 0.038 0.042  A 149235
   3560.68578 14.013 14.090 14.108 14.135 14.230    0.105 0.062 0.057 0.062 0.067  D 149577
   3562.69447 13.773 13.724 13.667 13.648 13.628    0.074 0.051 0.044 0.045 0.048  B 149927
   3564.67576 13.885 13.889 13.885 13.989 14.008    0.049 0.031 0.027 0.031 0.035  A 150262
   3571.69240 13.687 13.669 13.760 13.880 14.171    0.034 0.030 0.029 0.034 0.040  A 150926
   3574.69991 13.656 13.725 99.999 99.999 99.999    0.039 0.032 0.028 0.034 0.038  C 151306
   3576.71387 13.996 14.017 13.917 13.794 13.752    0.056 0.036 0.032 0.035 0.040  A 151669
   3578.69444 13.452 13.391 13.394 13.404 13.586    0.076 0.043 0.037 0.040 0.043  B 151996
   3583.66296 13.675 13.678 13.602 13.533 13.500    0.056 0.039 0.033 0.037 0.040  A 152843
   3585.72353 13.588 13.586 13.494 13.401 13.365    0.076 0.047 0.039 0.041 0.044  B 153208
   3587.72837 13.925 14.058 14.062 13.991 13.843    0.033 0.030 0.028 0.033 0.039  A 153554
   3590.58203 13.722 13.749 13.647 13.624 13.690    0.042 0.028 0.027 0.031 0.034  A 153993
   3592.59097 14.058 14.287 14.295 14.368 14.796    0.081 0.052 0.047 0.050 0.051  B 154348
   3599.68440 13.843 13.848 13.936 14.086 14.056    0.035 0.035 0.035 0.041 0.048  A 155279
   3602.52696 13.702 13.559 13.511 13.452 13.463    0.070 0.040 0.038 0.044 0.049  A 155695
   3608.55122 13.648 13.702 13.663 13.636 13.626    0.063 0.036 0.032 0.037 0.041  A 156440
   3617.54183 13.718 13.791 13.781 13.744 13.629    0.037 0.031 0.029 0.035 0.041  A 157104
   3619.59639 13.737 13.590 13.453 13.476 13.686    0.087 0.045 0.038 0.042 0.046  D 157422
   3621.64676 13.732 13.788 13.778 13.717 13.609    0.046 0.035 0.035 0.041 0.046  A 157743
   3628.60431 13.764 13.878 14.037 14.264 14.458    0.037 0.034 0.031 0.038 0.044  A 158442
   3633.54960 13.549 13.500 13.523 13.580 13.692    0.074 0.042 0.038 0.044 0.049  B 159196
   3639.57238 13.907 13.947 13.928 13.987 14.053    0.045 0.032 0.027 0.031 0.034  A 159914
   3646.55788 13.719 13.673 13.621 13.555 13.552    0.032 0.029 0.025 0.028 0.032  A 160741
   3651.53014 13.896 13.961 13.901 13.861 13.855    0.055 0.034 0.032 0.036 0.040  A 161417
   3653.54497 13.498 13.376 13.229 13.093 13.021    0.067 0.043 0.043 0.051 0.059  A 161728
   3656.53991 13.836 13.670 13.539 13.588 13.736    0.034 0.027 0.029 0.034 0.039  A 162146
   3659.51699 13.489 13.511 13.509 13.467 13.329    0.048 0.035 0.035 0.042 0.047  A 162589
   3661.53455 13.597 13.618 13.656 13.711 13.640    0.049 0.037 0.036 0.043 0.049  A 162899
   3668.50465 13.699 13.610 13.527 13.546 13.610    0.038 0.030 0.027 0.030 0.034  A 163787
   3672.50081 13.451 13.347 13.300 13.275 13.309    0.058 0.037 0.032 0.036 0.040  A 164354
   3809.90580 13.634 13.579 13.548 13.518 13.429    0.049 0.040 0.041 0.049 0.056  A 181910
   3813.89727 29.999 29.999 29.999 29.999 29.999    0.036 0.032 0.033 0.040 0.046  C 182546
   3817.88592 13.984 14.038 13.989 13.995 14.241    0.072 0.040 0.040 0.047 0.055  A 183176
   3821.88017 13.484 13.397 13.300 13.240 13.241    0.054 0.037 0.036 0.041 0.047  A 183818
   3825.87821 13.541 13.454 13.247 13.124 13.057    0.043 0.041 0.047 0.058 0.067  B 184482
   3829.87132 13.578 13.531 13.408 13.327 13.253    0.041 0.031 0.032 0.038 0.044  A 185154
   3833.86285 29.999 29.999 29.999 29.999 29.999    0.041 0.034 0.039 0.047 0.055  C 185848
   3836.89522 13.704 13.800 13.783 13.791 13.865    0.039 0.033 0.034 0.041 0.049  A 186366
   3848.88211 13.829 13.726 13.577 13.463 13.490    0.056 0.047 0.051 0.060 0.068  B 186998
   3851.84787 13.874 13.845 13.741 13.745 13.831    0.038 0.030 0.030 0.034 0.039  A 187509
   3860.81242 13.699 13.585 13.504 13.452 13.583    0.039 0.031 0.030 0.034 0.039  A 188887
   3862.84405 13.614 13.567 13.504 13.456 13.480    0.061 0.039 0.033 0.037 0.040  A 189265
   3864.80451 13.424 13.354 13.319 13.290 13.380    0.046 0.034 0.034 0.039 0.044  A 189593
   3866.82676 13.924 13.799 13.756 13.790 13.745    0.075 0.045 0.039 0.044 0.049  B 189946
   3868.81695 29.999 29.999 29.999 29.999 29.999    0.050 0.040 0.039 0.046 0.053  C 190255
   3870.78257 13.589 13.460 13.377 13.335 13.489    0.039 0.033 0.036 0.042 0.049  A 190608
   3872.82157 13.551 13.518 13.460 13.450 13.497    0.078 0.043 0.039 0.045 0.050  B 190993
   3880.77717 13.836 13.775 13.779 13.765 13.875    0.041 0.031 0.027 0.031 0.036  A 191852
   3883.80146 14.208 14.067 13.924 13.882 14.054    0.043 0.030 0.030 0.036 0.040  A 192316
   3887.77118 29.999 29.999 29.999 29.999 29.999    0.063 0.040 0.036 0.042 0.046  C 192704
   3889.88518 13.742 13.670 13.672 13.699 13.821    0.041 0.034 0.031 0.036 0.041  A 193071
   3891.78573 13.781 13.794 13.785 13.835 13.886    0.037 0.030 0.029 0.033 0.037  A 193402
   3893.76277 13.770 13.815 99.999 99.999 99.999    0.044 0.031 0.028 0.033 0.038  C 193752
   3896.76728 14.005 14.001 14.031 14.329 14.660    0.043 0.038 0.037 0.044 0.051  A 194078
   3898.77158 13.447 13.406 13.399 13.389 13.470    0.068 0.047 0.042 0.048 0.053  A 194396
   3900.84092 29.999 29.999 29.999 29.999 29.999    0.044 0.036 0.039 0.048 0.055  C 194721
   3903.70613 13.717 13.654 13.604 13.540 13.650    0.048 0.031 0.030 0.034 0.039  A 195244
   3905.72893 13.936 13.905 13.767 13.651 13.624    0.046 0.027 0.029 0.034 0.038  A 195629
   3907.74454 13.717 13.649 13.569 13.438 13.368    0.038 0.028 0.029 0.033 0.037  A 196021
   3909.85645 13.431 13.324 13.217 13.177 13.226    0.049 0.035 0.034 0.039 0.044  A 196448
   3913.81354 14.254 14.262 14.140 13.891 13.942    0.064 0.037 0.033 0.036 0.042  A 196995
   4175.90586 13.762 13.707 13.740 13.895 13.927    0.056 0.045 0.045 0.053 0.061  A 218469
   4183.89420 13.650 13.782 13.738 13.751 13.827    0.057 0.043 0.043 0.051 0.060  A 219491
   4189.90319 13.521 13.420 13.510 13.592 13.618    0.040 0.037 0.034 0.038 0.043  A 220174
   4192.89588 13.576 13.550 13.555 13.588 13.634    0.040 0.035 0.032 0.038 0.043  A 220651
   4202.91380 14.422 14.470 14.355 14.316 14.395    0.047 0.037 0.036 0.039 0.045  A 221725
   4213.89204 13.520 13.460 13.446 13.520 13.633    0.051 0.044 0.044 0.044 0.051  A 222673
   4227.83749 13.494 13.644 13.650 13.692 13.662    0.049 0.038 0.032 0.036 0.040  A 223227
   4229.84078 14.081 13.959 99.999 99.999 99.999    0.056 0.037 0.033 0.036 0.043  C 223584
   4231.84675 13.625 13.502 13.361 13.226 13.249    0.042 0.034 0.031 0.036 0.042  A 223944
   4247.76292 13.834 13.881 13.916 13.935 13.896    0.040 0.034 0.031 0.036 0.041  A 226447
   4251.81108 29.999 29.999 29.999 29.999 29.999    0.054 0.051 0.051 0.059 0.068  C 226760
   4254.70940 13.852 13.767 13.835 13.930 14.181    0.051 0.037 0.034 0.040 0.047  A 227036
   4256.86133 13.726 13.761 13.783 13.902 14.068    0.037 0.032 0.029 0.035 0.040  A 227328
   4259.73093 29.999 29.999 29.999 29.999 29.999    0.072 0.072 0.081 0.102 0.122  D 227709
   4273.69649 13.555 13.514 13.523 13.511 13.471    0.043 0.043 0.050 0.066 0.079  D 228517
   4278.69389 13.603 13.512 13.482 13.530 13.563    0.033 0.030 0.028 0.033 0.039  A 229171
   4282.70194 13.421 13.483 13.571 13.827 13.966    0.040 0.037 0.040 0.048 0.057  A 229492
   4284.70629 13.845 13.826 13.893 14.017 14.296    0.062 0.040 0.036 0.042 0.046  A 229828
   4294.67918 13.722 13.702 13.614 13.547 13.561    0.051 0.038 0.032 0.037 0.041  A 231240
   4296.67917 13.809 13.672 13.609 13.540 13.521    0.063 0.042 0.038 0.044 0.049  A 231583
   4298.68523 13.722 13.730 13.819 14.012 14.216    0.043 0.038 0.037 0.046 0.055  A 231943
   4300.64863 13.373 13.407 13.356 13.375 13.390    0.053 0.058 0.044 0.051 0.060  B 232287
   4304.64073 13.840 13.960 13.937 14.035 13.999    0.039 0.033 0.028 0.032 0.036  A 232958
   4308.65099 13.879 14.175 14.542 15.219 99.999    0.047 0.043 0.047 0.057 0.067  C 233653
   4312.72774 13.654 13.845 13.916 14.258 14.787    0.050 0.039 0.038 0.047 0.053  A 234255
   4315.72499 29.999 29.999 29.999 29.999 29.999    0.052 0.048 0.047 0.055 0.062  C 234598
   4319.59849 13.736 13.802 13.885 13.979 14.176    0.041 0.032 0.027 0.031 0.035  A 234968
   4330.57357 13.724 13.622 13.601 13.605 13.557    0.056 0.038 0.032 0.037 0.041  A 235294
   4332.57282 13.841 13.687 13.601 13.560 13.573    0.058 0.046 0.035 0.038 0.042  A 235657
   4334.57699 13.604 13.520 13.556 13.586 13.623    0.038 0.030 0.028 0.032 0.035  A 236015
   4338.57596 13.977 14.041 14.155 14.458 14.806    0.040 0.036 0.031 0.035 0.040  A 236409
   4342.62658 13.524 13.638 13.627 13.674 13.702    0.044 0.039 0.039 0.048 0.055  A 237094
   4346.62260 13.584 13.450 13.405 13.364 13.342    0.046 0.034 0.030 0.034 0.039  A 237775
   4348.62503 13.871 13.814 13.709 13.600 13.571    0.042 0.034 0.032 0.036 0.041  A 238130
   4350.62966 13.792 13.794 13.810 13.906 14.097    0.065 0.047 0.040 0.044 0.050  A 238447
   4353.51926 13.797 13.788 13.758 13.769 13.731    0.044 0.033 0.029 0.033 0.037  A 238819
   4355.61052 13.531 13.499 13.457 13.472 13.571    0.050 0.035 0.029 0.034 0.037  A 239163
   4361.56070 13.435 13.526 13.567 13.620 13.666    0.043 0.036 0.029 0.033 0.036  A 240000
   4363.56066 13.854 13.815 13.794 13.952 14.187    0.045 0.036 0.030 0.034 0.038  A 240312
   4365.58078 13.592 13.537 13.458 13.446 13.579    0.047 0.037 0.033 0.037 0.042  A 240630
   4369.54706 13.384 13.460 13.540 13.724 14.018    0.044 0.040 0.039 0.047 0.054  A 241111
   4371.56253 13.899 13.863 13.892 13.933 14.060    0.043 0.039 0.039 0.047 0.053  A 241445
   4373.57238 13.608 13.586 13.525 13.406 13.585    0.056 0.038 0.034 0.037 0.042  A 241743
   4379.50634 13.572 13.480 13.408 13.352 13.506    0.056 0.037 0.031 0.035 0.039  A 242531
   4381.56278 13.576 13.482 13.444 13.400 13.542    0.048 0.039 0.039 0.044 0.049  A 242850
   4384.52685 13.794 13.688 13.602 13.542 13.510    0.047 0.037 0.033 0.036 0.039  A 243291
   4389.50549 29.999 29.999 29.999 29.999 29.999    0.046 0.040 0.036 0.040 0.045  C 244061
   4403.50099 99.999 99.999 99.999 99.999 99.999    0.061 0.040 0.036 0.041 0.045  C 245216
   4540.89490 13.444 13.354 13.313 13.240 13.196    0.043 0.040 0.042 0.049 0.057  A 260595
   4552.88008 13.828 13.829 13.883 13.990 14.013    0.048 0.035 0.033 0.038 0.043  A 262328
   4559.91573 13.956 13.922 14.038 14.325 14.687    0.057 0.040 0.037 0.042 0.048  A 263447
   4563.86558 13.821 13.766 13.716 13.749 13.882    0.047 0.036 0.033 0.038 0.044  A 264099
   4567.85508 13.733 13.711 13.678 13.687 13.700    0.042 0.035 0.034 0.037 0.042  A 264764
   4570.89368 13.459 13.424 13.432 13.488 13.565    0.040 0.033 0.029 0.035 0.039  A 265247
   4573.85487 13.813 13.818 13.917 14.139 14.492    0.050 0.037 0.035 0.041 0.048  A 265753
#ndata= 4
#dataset= 2 ; 1 F1912+08_414
#desig= 184150+0603.0
#cra=   18.697177  18:41:49.8
#cdec=   6.050216 06:03:00.8
#class= 0
#cmag_0= 13.629
#cmer_0=  0.018
#nskip_0= 0
#cmag_1= 13.663
#cmer_1=  0.019
#nskip_1= 0
#cmag_2= 13.672
#cmer_2=  0.052
#nskip_2= 0
#cmag_3= 13.647
#cmer_3=  0.099
#nskip_3= 0
#cmag_4= 13.702
#cmer_4=  0.302
#nskip_4= 0
#ra=   18.697177  18:41:49.8
#dec=   6.050216 06:03:00.8
#     HJD      MAG_0  MAG_1  MAG_2  MAG_3  MAG_4    MER_0 MER_1 MER_2 MER_3 MER_4 GRADE FRAME
   2728.87477 13.624 13.704 13.727 13.665 13.584    0.034 0.031 0.031 0.037 0.044  A 47959
   2751.82249 13.597 13.731 13.798 13.803 14.010    0.039 0.048 0.037 0.039 0.042  A 51905
   2840.72141 13.666 13.553 13.493 13.475 13.515    0.039 0.039 0.038 0.043 0.049  A 64367
   2894.57832 29.999 29.999 29.999 29.999 29.999    0.040 0.037 0.035 0.041 0.044  C 71052
