#ndata= 1
#dataset= 1 ; 1 F0520+00_343
#desig= 050916+0625.0
#cra=    5.154514  05:09:16.2
#cdec=   6.417385 06:25:02.6
#class= 0
#cmag_0= 11.519
#cmer_0=  0.000
#nskip_0= 0
#cmag_1= 11.466
#cmer_1=  0.000
#nskip_1= 0
#cmag_2= 11.459
#cmer_2=  0.000
#nskip_2= 0
#cmag_3= 11.451
#cmer_3=  0.000
#nskip_3= 0
#cmag_4= 11.452
#cmer_4=  0.000
#nskip_4= 0
#ra=    5.154514  05:09:16.2
#dec=   6.417385 06:25:02.6
#     HJD      MAG_1  MAG_0  MAG_2  MAG_3  MAG_4    MER_1 MER_0 MER_2 MER_3 MER_4 GRADE FRAME
   3373.68547 11.467 11.519 11.459 11.452 11.453    0.041 0.078 0.036 0.042 0.047  B 125370
#ndata= 14
#dataset= 2 ; 1 F0448+08_387
#desig= 050916+0625.0
#cra=    5.154531  05:09:16.3
#cdec=   6.416205 06:24:58.3
#class= 0
#cmag_0= 11.459
#cmer_0=  0.041
#nskip_0= 0
#cmag_1= 11.477
#cmer_1=  0.046
#nskip_1= 0
#cmag_2= 11.484
#cmer_2=  0.050
#nskip_2= 0
#cmag_3= 11.491
#cmer_3=  0.057
#nskip_3= 0
#cmag_4= 11.482
#cmer_4=  0.066
#nskip_4= 0
#ra=    5.154531  05:09:16.3
#dec=   6.416205 06:24:58.3
#     HJD      MAG_1  MAG_0  MAG_2  MAG_3  MAG_4    MER_1 MER_0 MER_2 MER_3 MER_4 GRADE FRAME
   2628.65829 11.499 11.522 11.478 11.464 11.425    0.038 0.040 0.034 0.041 0.046  A 30728
   2660.59588 11.530 11.471 11.515 11.529 11.505    0.044 0.037 0.031 0.034 0.034  A 35920
   2947.75929 11.561 11.530 11.546 11.557 11.553    0.034 0.031 0.027 0.029 0.033  A 79056
   3676.64795 11.484 11.438 11.494 11.508 11.535    0.031 0.035 0.031 0.035 0.041  A 164978
   3676.67709 11.461 11.459 11.464 11.472 11.443    0.031 0.040 0.030 0.035 0.040  A 164988
   3676.70658 11.402 11.437 11.418 11.425 11.388    0.031 0.039 0.032 0.037 0.043  A 164998
   3676.73520 11.487 11.455 11.526 11.551 11.551    0.032 0.038 0.032 0.036 0.042  A 165008
   3677.65969 11.468 11.428 11.454 11.442 11.421    0.034 0.053 0.032 0.036 0.039  A 165121
   3677.68884 11.417 11.416 11.434 11.446 11.442    0.027 0.032 0.025 0.029 0.033  A 165131
   3677.71811 11.474 11.450 11.460 11.462 11.468    0.031 0.049 0.027 0.031 0.034  A 165141
   3677.74572 11.481 11.431 11.461 11.438 11.427    0.027 0.034 0.026 0.030 0.034  A 165151
   3677.77598 11.471 11.495 11.473 11.477 11.483    0.044 0.082 0.038 0.040 0.043  B 165161
   3677.80728 11.509 11.486 11.537 11.553 11.566    0.030 0.040 0.029 0.034 0.039  A 165171
   3677.83676 11.482 11.433 11.491 11.509 11.508    0.030 0.040 0.028 0.032 0.037  A 165181
#ndata= 335
#dataset= 3 ; 1 F0520+08_388
#desig= 050917+0625.0
#cra=    5.154645  05:09:16.7
#cdec=   6.416161 06:24:58.2
#class= 0
#cmag_0= 11.510
#cmer_0=  0.071
#nskip_0= 1
#cmag_1= 11.507
#cmer_1=  0.058
#nskip_1= 1
#cmag_2= 11.513
#cmer_2=  0.052
#nskip_2= 3
#cmag_3= 11.520
#cmer_3=  0.059
#nskip_3= 2
#cmag_4= 11.510
#cmer_4=  0.067
#nskip_4= 1
#ra=    5.154645  05:09:16.7
#dec=   6.416161 06:24:58.2
#     HJD      MAG_1  MAG_0  MAG_2  MAG_3  MAG_4    MER_1 MER_0 MER_2 MER_3 MER_4 GRADE FRAME
   1979.53389 11.423 11.468 11.457 11.474 11.415    0.047 0.053 0.038 0.043 0.040  A 12184
   1984.50873 11.580 11.576 11.602 11.590 11.501    0.043 0.048 0.035 0.038 0.036  A 12909
   2000.49902 11.330 11.370 11.281 11.252 11.176    0.062 0.071 0.052 0.052 0.055  B 14594
   2493.90805 11.465 11.411 11.470 11.475 11.419    0.060 0.063 0.055 0.062 0.060  A 14594
   2496.91005 11.515 11.509 11.504 11.534 11.498    0.039 0.040 0.034 0.039 0.034  A 15132
   2498.91761 11.489 11.496 11.511 11.513 11.467    0.045 0.044 0.041 0.045 0.043  A 15561
   2502.91332 11.518 11.515 11.496 11.524 11.490    0.040 0.039 0.034 0.039 0.032  A 16344
   2520.86324 11.448 11.456 11.446 11.455 11.443    0.036 0.035 0.027 0.029 0.033  A 18298
   2539.82788 29.999 29.999 29.999 29.999 29.999    0.056 0.071 0.049 0.056 0.057  C 19602
   2552.79599 11.525 11.536 11.518 11.523 11.465    0.028 0.027 0.022 0.024 0.025  A 21212
   2557.78420 11.542 11.525 11.556 11.544 11.518    0.031 0.030 0.022 0.024 0.024  A 21931
   2559.79459 11.492 11.513 11.491 11.497 11.478    0.031 0.029 0.026 0.026 0.026  A 22295
   2561.78637 11.530 11.542 11.544 11.577 11.583    0.024 0.026 0.022 0.025 0.027  A 22618
   2621.69420 11.562 11.555 11.555 11.563 11.563    0.029 0.031 0.023 0.026 0.027  A 29822
   2623.65781 11.550 11.545 11.543 11.532 11.526    0.028 0.029 0.024 0.028 0.029  A 30138
   2628.65829 11.495 11.534 11.485 11.475 11.442    0.033 0.034 0.033 0.039 0.044  A 30728
   2632.79267 11.497 11.447 11.525 11.550 11.561    0.027 0.046 0.025 0.028 0.032  A 31998
   2635.65621 11.472 11.512 11.490 11.490 11.439    0.021 0.023 0.019 0.020 0.022  A 32233
   2637.66929 11.542 11.519 11.528 11.522 11.514    0.021 0.022 0.018 0.020 0.021  A 32530
   2639.66460 11.524 11.516 11.502 11.517 11.526    0.023 0.022 0.019 0.020 0.022  A 32836
   2641.66727 11.534 11.519 11.534 11.548 11.548    0.026 0.028 0.025 0.028 0.031  A 33120
   2643.67436 11.533 11.564 11.537 11.567 11.550    0.027 0.029 0.026 0.029 0.032  A 33434
   2645.64482 11.565 11.544 11.558 11.569 11.558    0.025 0.026 0.023 0.024 0.026  A 33719
   2647.62983 11.584 11.578 11.599 11.612 11.588    0.030 0.031 0.031 0.035 0.040  A 34009
   2650.60611 11.597 11.618 11.615 11.633 11.605    0.022 0.024 0.020 0.022 0.024  A 34265
   2652.61175 11.631 11.617 11.647 11.667 11.660    0.023 0.024 0.022 0.026 0.028  A 34573
   2657.57571 11.506 11.516 11.518 11.539 11.511    0.031 0.033 0.027 0.030 0.034  A 35398
   2659.59375 11.473 11.502 11.494 11.526 11.486    0.028 0.028 0.021 0.023 0.026  A 35748
   2661.59063 11.497 11.499 11.492 11.479 11.451    0.024 0.029 0.022 0.024 0.027  A 36089
   2663.58933 11.480 11.510 11.498 11.495 11.458    0.027 0.027 0.023 0.024 0.026  A 36427
   2665.58915 11.509 11.500 11.506 11.490 11.477    0.028 0.034 0.023 0.024 0.026  A 36778
   2667.58848 11.545 11.581 11.551 11.539 11.542    0.026 0.033 0.021 0.022 0.025  A 37082
   2669.58256 11.722 11.702 11.702 11.643 11.610    0.061 0.064 0.062 0.065 0.070  B 37406
   2671.58149 11.564 11.590 11.599 11.603 11.596    0.026 0.034 0.024 0.025 0.027  A 37735
   2673.57588 11.554 11.616 11.566 11.590 11.605    0.029 0.033 0.023 0.024 0.025  A 38070
   2675.56354 11.603 11.592 11.615 11.630 11.614    0.030 0.032 0.025 0.027 0.030  A 38424
   2677.55927 11.659 11.599 11.658 11.656 11.614    0.044 0.034 0.025 0.026 0.026  A 38769
   2683.52807 11.535 11.548 11.544 11.548 11.529    0.037 0.034 0.029 0.032 0.036  A 39767
   2685.54954 11.428 11.516 11.434 11.428 11.434    0.041 0.039 0.034 0.038 0.043  A 40139
   2689.56910 11.449 11.486 11.471 11.491 11.447    0.030 0.046 0.027 0.030 0.034  A 40879
   2693.56780 11.496 11.489 11.516 11.522 11.520    0.037 0.036 0.023 0.023 0.024  A 41552
   2695.55968 11.472 11.501 11.497 11.498 11.495    0.027 0.029 0.020 0.022 0.024  A 41918
   2697.55890 11.504 11.537 11.513 11.519 11.525    0.043 0.039 0.026 0.026 0.026  A 42247
   2699.55976 11.485 11.539 11.508 11.545 11.613    0.031 0.036 0.023 0.023 0.025  A 42668
   2701.55528 11.558 11.600 11.552 11.546 11.520    0.029 0.036 0.023 0.024 0.027  A 43050
   2703.55289 11.489 11.490 11.524 11.521 11.515    0.041 0.048 0.023 0.025 0.026  A 43432
   2705.54484 11.534 11.565 11.530 11.530 11.530    0.028 0.034 0.023 0.023 0.025  A 43803
   2711.50228 11.547 11.555 11.544 11.556 11.513    0.033 0.032 0.031 0.035 0.040  A 44888
   2713.52414 11.543 11.565 11.534 11.546 11.522    0.035 0.036 0.037 0.044 0.050  A 45271
   2715.52174 11.498 11.528 11.513 11.509 11.534    0.031 0.036 0.027 0.031 0.035  A 45645
   2721.51185 11.549 11.537 11.530 11.526 11.515    0.029 0.038 0.027 0.030 0.033  A 46431
   2723.51840 11.450 11.460 11.487 11.510 11.526    0.026 0.029 0.024 0.026 0.028  A 46822
   2725.51750 11.485 11.486 11.499 11.512 11.516    0.022 0.028 0.019 0.021 0.024  A 47213
   2727.51320 11.459 11.448 11.491 11.502 11.504    0.024 0.029 0.021 0.023 0.025  A 47601
   2729.51339 11.518 11.520 11.508 11.516 11.511    0.024 0.031 0.022 0.025 0.029  A 48010
   2733.50087 11.524 11.542 11.519 11.537 11.545    0.028 0.043 0.025 0.027 0.031  A 48563
   2740.47620 11.468 11.459 11.501 11.513 11.512    0.041 0.035 0.030 0.030 0.031  A 49898
   2742.48122 11.462 11.497 11.443 11.453 11.437    0.029 0.030 0.027 0.031 0.035  A 50295
   2859.92312 11.444 11.440 11.463 11.460 11.451    0.027 0.026 0.022 0.023 0.026  A 66659
   2877.90304 11.555 11.575 11.572 11.586 11.565    0.026 0.025 0.023 0.025 0.027  A 69061
   2884.88489 11.432 11.439 11.440 11.431 11.406    0.029 0.035 0.026 0.030 0.034  A 69923
   2893.86376 11.456 11.433 11.466 11.474 11.495    0.031 0.031 0.031 0.036 0.040  A 70972
   2896.85400 11.494 11.526 11.486 11.480 11.458    0.033 0.029 0.029 0.032 0.035  A 71564
   2906.83688 11.564 11.590 11.569 11.556 11.548    0.023 0.023 0.019 0.021 0.023  A 73257
   2910.84687 11.590 11.590 11.587 11.592 11.588    0.029 0.025 0.022 0.024 0.026  A 73813
   2912.84552 11.515 11.493 11.530 11.546 11.499    0.048 0.050 0.047 0.053 0.059  A 74187
   2916.79393 11.569 11.543 11.568 11.559 11.511    0.033 0.033 0.026 0.030 0.033  A 74644
   2918.84872 11.590 11.532 11.589 11.596 11.576    0.054 0.048 0.056 0.066 0.079  B 74976
   2922.78112 11.480 11.470 11.492 11.499 11.482    0.033 0.030 0.029 0.034 0.039  A 75330
   2924.81769 11.585 11.516 11.603 11.617 11.641    0.028 0.027 0.027 0.031 0.035  A 75703
   2929.85313 11.485 11.432 11.472 11.445 11.400    0.040 0.042 0.037 0.043 0.049  A 76451
   2931.84134 11.477 11.504 11.496 11.516 11.493    0.025 0.046 0.024 0.026 0.030  A 76803
   2934.78628 11.492 11.487 11.498 11.498 11.496    0.033 0.029 0.029 0.031 0.030  A 77311
   2939.80640 11.499 11.451 11.484 11.468 11.448    0.025 0.032 0.019 0.021 0.022  A 77887
   2943.76685 11.484 11.494 11.488 11.492 11.463    0.032 0.035 0.024 0.024 0.026  A 78417
   2945.75530 11.508 11.526 11.539 11.583 11.588    0.043 0.042 0.036 0.041 0.043  A 78755
   2947.75929 11.557 11.544 11.557 11.571 11.570    0.040 0.039 0.033 0.039 0.044  A 79056
   2949.78766 11.568 11.573 11.567 11.569 11.551    0.024 0.032 0.023 0.026 0.030  A 79340
   2956.78131 11.667 11.622 11.641 11.655 11.660    0.029 0.033 0.027 0.032 0.037  A 80293
   2958.80830 11.667 11.682 11.638 11.630 11.585    0.028 0.030 0.025 0.029 0.033  A 80589
   2961.72786 11.600 11.614 11.594 11.587 11.581    0.028 0.026 0.024 0.027 0.031  A 80953
   2963.75502 11.573 11.599 11.545 11.551 11.542    0.058 0.054 0.065 0.067 0.069  D 81244
   2967.76508 11.482 11.508 11.477 11.468 11.448    0.029 0.029 0.026 0.030 0.032  A 81817
   2970.71841 11.449 11.433 11.453 11.451 11.436    0.029 0.030 0.024 0.026 0.031  A 82148
   2975.69469 11.473 11.472 11.482 11.495 11.479    0.028 0.022 0.022 0.025 0.028  A 82737
   2977.69931 11.429 11.433 11.421 11.437 11.424    0.041 0.037 0.040 0.047 0.057  A 83009
   2979.70868 11.548 11.569 11.538 11.536 11.502    0.027 0.030 0.025 0.030 0.033  A 83280
   2983.70818 11.667 11.654 11.691 11.697 11.637    0.030 0.032 0.030 0.034 0.041  A 83803
   2985.75836 11.611 11.611 11.605 11.620 11.614    0.027 0.035 0.026 0.031 0.036  A 84081
   2987.79264 11.581 11.614 11.593 11.604 11.603    0.027 0.037 0.023 0.027 0.031  A 84363
   2990.69030 11.532 11.530 11.518 11.501 11.487    0.024 0.028 0.023 0.026 0.030  A 84661
   2992.70639 11.548 11.551 11.570 11.581 11.582    0.023 0.033 0.022 0.025 0.028  A 84944
   2994.77403 11.532 11.490 11.533 11.535 11.509    0.031 0.031 0.027 0.031 0.036  A 85234
   2997.62606 11.471 11.479 11.490 11.502 11.468    0.030 0.030 0.027 0.030 0.032  A 85577
   3000.65622 11.503 11.478 11.497 11.497 11.492    0.025 0.028 0.022 0.025 0.028  A 85861
   3006.66585 11.476 11.502 11.494 11.534 11.546    0.025 0.028 0.023 0.028 0.032  A 86597
   3011.63165 11.506 11.495 11.520 11.523 11.515    0.028 0.030 0.029 0.034 0.040  A 87244
   3013.63764 11.557 11.555 11.557 11.567 11.577    0.028 0.030 0.030 0.035 0.040  A 87511
   3016.64731 11.522 11.526 11.512 11.526 11.510    0.025 0.026 0.024 0.029 0.033  A 87746
   3018.64372 11.500 11.516 11.520 11.521 11.519    0.025 0.029 0.023 0.025 0.028  A 88016
   3031.58511 11.556 11.565 11.560 11.555 11.513    0.024 0.026 0.023 0.026 0.030  A 88829
   3033.59472 11.514 11.501 11.509 11.501 11.479    0.025 0.027 0.023 0.027 0.031  A 89010
   3042.58935 11.531 11.500 11.523 11.525 11.495    0.030 0.033 0.029 0.034 0.039  A 89776
   3044.62710 11.562 11.556 11.522 11.494 11.498    0.042 0.052 0.043 0.048 0.052  A 90052
   3047.58834 11.565 11.566 11.582 11.605 11.582    0.029 0.045 0.028 0.034 0.039  A 90447
   3050.57473 11.544 11.557 11.544 11.562 11.558    0.027 0.031 0.023 0.027 0.030  A 90839
   3053.57948 11.599 11.635 11.624 11.644 11.654    0.035 0.038 0.037 0.041 0.044  A 91245
   3055.61051 11.559 11.513 11.555 11.533 11.501    0.037 0.042 0.038 0.043 0.050  A 91535
   3057.61932 11.482 11.511 11.500 11.507 11.516    0.028 0.031 0.025 0.029 0.033  A 91813
   3060.55621 11.516 11.560 11.499 11.515 11.495    0.035 0.048 0.035 0.042 0.048  A 92188
   3068.55534 11.658 11.671 11.665 11.666 11.681    0.028 0.033 0.027 0.033 0.038  A 93164
   3070.58575 11.539 11.530 11.609 11.660 11.647    0.035 0.039 0.033 0.039 0.045  A 93463
   3073.56617 11.561 11.550 11.557 11.577 11.580    0.033 0.029 0.033 0.040 0.047  A 93847
   3076.57451 11.559 11.588 11.595 11.615 11.612    0.038 0.039 0.039 0.044 0.048  A 94247
   3078.57663 11.528 11.471 11.507 11.500 11.484    0.033 0.034 0.037 0.043 0.045  A 94549
   3081.53506 11.520 11.548 11.495 11.500 11.507    0.026 0.028 0.026 0.031 0.036  A 94972
   3085.55953 11.453 11.432 11.443 11.452 11.425    0.027 0.028 0.025 0.029 0.033  A 95272
   3088.53106 11.523 11.514 11.529 11.520 11.476    0.040 0.038 0.043 0.049 0.054  A 95727
   3093.48996 11.529 11.480 11.565 11.614 11.603    0.053 0.049 0.057 0.060 0.073  B 96478
   3097.49984 11.567 11.548 11.565 11.580 11.564    0.029 0.033 0.026 0.031 0.035  A 96762
   3100.49377 11.501 11.490 11.474 11.452 11.448    0.031 0.034 0.031 0.037 0.043  A 97224
   3103.48480 11.583 11.565 11.571 11.568 11.549    0.028 0.029 0.027 0.032 0.037  A 97691
   3106.48863 11.542 11.505 11.532 11.535 11.540    0.028 0.026 0.024 0.028 0.032  A 98168
   3109.47799 11.531 11.469 11.532 11.544 11.545    0.028 0.031 0.025 0.029 0.033  A 98636
   3112.47216 11.641 11.692 11.615 11.601 11.606    0.030 0.040 0.027 0.031 0.035  A 99101
   3115.46955 11.478 11.516 11.501 11.520 11.506    0.029 0.037 0.029 0.035 0.038  A 99601
   3265.85559 11.456 11.417 11.476 11.503 11.543    0.033 0.037 0.029 0.033 0.038  A 115100
   3269.85493 11.461 11.438 11.466 11.462 11.453    0.031 0.035 0.022 0.024 0.026  A 115718
   3272.88472 11.464 11.446 11.486 11.521 11.490    0.029 0.033 0.028 0.033 0.038  A 116143
   3279.83941 11.489 11.463 11.480 11.466 11.439    0.031 0.036 0.028 0.032 0.036  A 117036
   3294.85797 11.437 11.422 11.463 11.473 11.457    0.035 0.038 0.030 0.034 0.038  A 118459
   3298.81153 11.479 11.431 11.467 11.462 11.466    0.029 0.043 0.023 0.025 0.027  A 118862
   3355.65352 11.525 11.534 11.507 11.496 11.496    0.027 0.042 0.026 0.028 0.031  A 124367
   3365.66705 11.550 11.561 11.563 11.587 11.622    0.049 0.082 0.045 0.053 0.058  A 125063
   3373.68547 11.490 11.579 11.475 11.474 11.480    0.046 0.083 0.044 0.049 0.053  A 125370
   3385.56799 11.552 11.606 11.543 11.531 11.488    0.033 0.050 0.035 0.043 0.047  A 126009
   3387.59747 11.602 11.684 11.584 11.570 11.556    0.049 0.095 0.043 0.048 0.052  B 126303
   3394.58137 11.506 11.521 11.503 11.491 11.463    0.043 0.070 0.038 0.042 0.046  A 127119
   3396.60422 11.516 11.491 11.507 11.509 11.515    0.047 0.084 0.042 0.048 0.053  A 127364
   3398.64359 11.573 11.673 11.550 11.542 11.556    0.048 0.084 0.042 0.047 0.051  A 127635
   3398.68719 11.468 11.434 11.474 11.466 11.436    0.052 0.090 0.046 0.050 0.056  A 127650
   3398.68959 11.528 11.553 11.534 11.541 11.551    0.038 0.051 0.039 0.046 0.052  A 127651
   3398.69212 11.499 11.477 11.517 11.535 11.545    0.041 0.059 0.040 0.047 0.054  A 127652
   3398.69708 99.999 99.999 99.999 99.999 99.999    0.036 0.048 0.037 0.045 0.050  C 127654
   3398.69956 11.487 11.454 11.506 11.515 11.473    0.038 0.049 0.038 0.045 0.051  A 127655
   3398.70203 11.481 11.488 11.476 11.474 11.474    0.036 0.044 0.038 0.046 0.053  A 127656
   3398.70702 11.483 11.507 11.481 11.481 11.461    0.037 0.045 0.040 0.048 0.055  A 127658
   3398.70952 11.484 11.520 11.481 11.484 11.456    0.038 0.045 0.041 0.047 0.054  A 127659
   3398.71202 11.467 11.450 11.474 11.477 11.493    0.036 0.042 0.039 0.047 0.054  A 127660
   3398.71449 11.489 11.498 11.485 11.479 11.490    0.039 0.052 0.041 0.048 0.056  A 127661
   3399.59393 11.489 11.520 11.489 11.506 11.506    0.045 0.067 0.042 0.047 0.052  A 127750
   3399.69532 11.516 11.521 11.511 11.502 11.504    0.047 0.080 0.042 0.047 0.052  A 127780
   3400.54080 11.419 11.427 11.438 11.458 11.460    0.033 0.045 0.031 0.035 0.040  A 127875
   3400.56833 11.570 11.576 11.591 11.616 11.610    0.050 0.088 0.050 0.055 0.061  A 127885
   3400.59621 11.532 11.558 11.536 11.547 11.552    0.049 0.082 0.045 0.050 0.055  A 127895
   3400.62296 11.441 11.457 11.439 11.444 11.410    0.038 0.056 0.035 0.040 0.045  A 127905
   3400.65372 11.464 11.500 11.482 11.477 11.467    0.037 0.050 0.036 0.041 0.046  A 127915
   3400.68445 11.477 11.381 11.500 11.519 11.520    0.041 0.063 0.037 0.042 0.047  A 127925
   3400.70255 11.472 11.484 11.483 11.491 11.457    0.037 0.057 0.034 0.039 0.044  A 127931
   3403.68975 11.470 11.478 11.471 11.491 11.507    0.035 0.056 0.032 0.034 0.037  A 128268
   3406.55747 11.531 11.452 11.583 11.648 11.744    0.050 0.072 0.052 0.061 0.069  A 128690
   3408.57589 11.352 11.328 11.373 11.386 11.368    0.051 0.084 0.046 0.049 0.053  A 129008
   3410.63125 11.523 11.519 11.530 11.531 11.546    0.038 0.073 0.035 0.039 0.044  A 129345
   3413.56046 11.590 11.637 11.604 11.620 11.623    0.046 0.069 0.043 0.049 0.055  A 129750
   3415.56269 11.542 11.579 11.537 11.545 11.537    0.040 0.070 0.033 0.035 0.037  A 130080
   3424.59821 11.505 11.496 11.529 11.560 11.561    0.042 0.071 0.040 0.046 0.052  A 131493
   3426.59674 11.496 11.557 11.483 11.478 11.443    0.035 0.057 0.033 0.037 0.041  A 131826
   3428.60153 11.517 11.517 11.520 11.530 11.480    0.052 0.083 0.052 0.058 0.062  A 132138
   3430.60405 11.439 11.419 11.441 11.439 11.433    0.046 0.086 0.040 0.043 0.046  A 132180
   3432.60506 11.425 11.429 11.448 11.450 11.414    0.039 0.053 0.039 0.042 0.048  A 132507
   3436.52459 11.546 11.584 11.545 11.553 11.525    0.041 0.059 0.043 0.052 0.061  A 132946
   3439.51221 11.467 11.544 11.463 11.461 11.486    0.047 0.091 0.043 0.047 0.050  A 133284
   3442.51515 11.429 11.372 11.452 11.476 11.474    0.035 0.084 0.031 0.033 0.036  A 133547
   3447.50416 11.486 11.504 11.497 11.502 11.510    0.042 0.084 0.037 0.040 0.042  A 134698
   3449.55747 11.443 11.450 11.439 11.436 11.403    0.045 0.078 0.042 0.048 0.056  A 135039
   3452.50666 11.431 11.442 11.432 11.449 11.458    0.048 0.083 0.041 0.047 0.052  A 135443
   3455.50720 11.489 11.487 11.493 11.492 11.495    0.050 0.086 0.046 0.049 0.053  A 135958
   3457.52657 11.372 11.335 11.384 11.378 11.391    0.050 0.096 0.047 0.053 0.058  B 136321
   3460.49697 11.575 11.615 11.560 11.568 11.556    0.042 0.080 0.033 0.035 0.039  A 136848
   3462.52825 11.521 11.560 11.516 11.506 11.493    0.040 0.055 0.038 0.042 0.045  A 137132
   3465.48522 11.580 11.583 11.579 11.573 11.572    0.037 0.056 0.033 0.035 0.038  A 137615
   3469.48746 11.536 11.487 11.541 11.549 11.556    0.038 0.077 0.031 0.034 0.037  A 138199
   3475.47078 11.572 11.646 11.557 11.547 11.514    0.036 0.065 0.034 0.040 0.045  A 139156
   3603.91919 11.504 11.529 11.524 11.554 11.527    0.031 0.040 0.032 0.038 0.043  A 155978
   3619.89904 11.503 11.506 11.524 11.534 11.557    0.032 0.041 0.029 0.033 0.037  A 157518
   3629.86566 11.582 11.571 11.611 11.631 11.590    0.033 0.038 0.030 0.035 0.040  A 158694
   3633.86754 11.555 11.577 11.554 11.549 11.547    0.033 0.042 0.034 0.041 0.046  A 159293
   3639.85490 11.504 11.488 11.526 11.546 11.542    0.030 0.039 0.027 0.030 0.035  A 160010
   3643.83732 11.467 11.502 11.465 11.468 11.445    0.031 0.044 0.026 0.029 0.033  A 160521
   3647.85507 11.445 11.468 11.454 11.450 11.405    0.031 0.032 0.025 0.028 0.030  A 160947
   3650.83581 11.427 11.448 11.442 11.449 11.460    0.034 0.048 0.027 0.030 0.033  A 161379
   3653.83202 11.472 11.502 11.474 11.475 11.478    0.044 0.071 0.043 0.050 0.057  A 161806
   3658.85252 11.514 11.501 11.501 11.488 11.449    0.033 0.048 0.030 0.035 0.038  A 162548
   3661.80666 11.468 11.473 11.490 11.521 11.508    0.035 0.043 0.037 0.042 0.049  A 162991
   3665.83741 11.476 11.465 11.480 11.487 11.491    0.031 0.041 0.032 0.037 0.042  A 163570
   3669.79460 11.506 11.549 11.515 11.535 11.500    0.028 0.035 0.024 0.028 0.033  A 164027
   3672.77689 11.470 11.507 11.485 11.505 11.467    0.031 0.044 0.029 0.033 0.037  A 164445
   3675.76728 11.459 11.424 11.483 11.496 11.485    0.038 0.070 0.034 0.036 0.038  A 164873
   3680.77423 11.463 11.426 11.475 11.480 11.464    0.028 0.038 0.025 0.029 0.031  A 165394
   3699.70749 11.552 11.523 11.572 11.583 11.578    0.035 0.049 0.035 0.040 0.043  A 167927
   3702.70083 11.569 11.562 11.576 11.587 11.570    0.028 0.040 0.025 0.029 0.033  A 168320
   3705.68831 11.497 11.535 11.496 11.500 11.470    0.028 0.038 0.030 0.036 0.040  A 168722
   3708.67791 11.446 11.434 11.443 11.440 11.424    0.025 0.036 0.025 0.029 0.034  A 169134
   3712.70041 11.461 11.463 11.466 11.469 11.466    0.036 0.058 0.032 0.035 0.037  A 169424
   3714.70631 11.484 11.484 11.485 11.483 11.503    0.043 0.084 0.037 0.040 0.043  A 169716
   3716.78558 11.497 11.532 11.521 11.551 11.609    0.041 0.074 0.038 0.044 0.050  A 169995
   3720.69127 11.484 11.470 11.511 11.524 11.516    0.045 0.054 0.042 0.047 0.052  A 170454
   3722.74892 11.527 11.537 11.537 11.530 11.512    0.044 0.077 0.042 0.049 0.057  A 170732
   3725.68165 11.478 11.530 11.484 11.476 11.472    0.032 0.048 0.031 0.037 0.041  A 171015
   3727.69938 11.462 11.392 11.459 11.449 11.434    0.047 0.076 0.045 0.053 0.057  A 171295
   3730.75055 11.472 11.505 11.473 11.471 11.442    0.046 0.075 0.043 0.047 0.051  A 171587
   3733.74149 11.440 11.417 11.445 11.446 11.430    0.031 0.047 0.029 0.032 0.035  A 171970
   3736.67442 11.441 11.389 11.448 11.455 11.412    0.037 0.056 0.033 0.035 0.039  A 172362
   3741.64619 11.576 11.601 11.555 11.546 11.551    0.032 0.047 0.030 0.034 0.037  A 173026
   3743.76255 11.507 11.442 11.508 11.505 11.489    0.040 0.065 0.036 0.040 0.044  A 173320
   3748.61315 11.583 11.676 11.578 11.609 11.605    0.045 0.077 0.043 0.049 0.054  A 173946
   3750.64590 11.546 11.573 11.573 11.602 11.620    0.048 0.084 0.042 0.047 0.052  A 174241
   3753.65333 11.484 11.451 11.508 11.525 11.554    0.040 0.076 0.035 0.039 0.043  A 174652
   3755.71138 11.416 11.388 11.430 11.451 11.433    0.044 0.064 0.041 0.046 0.052  A 174943
   3758.60254 11.364 11.308 11.389 11.411 11.390    0.034 0.054 0.030 0.033 0.037  A 175329
   3760.66343 11.388 11.342 11.390 11.388 11.381    0.049 0.092 0.043 0.045 0.050  B 175629
   3763.61728 11.460 11.435 11.475 11.488 11.506    0.049 0.083 0.046 0.051 0.057  A 176008
   3765.67956 11.533 11.684 11.527 11.537 11.530    0.047 0.089 0.044 0.048 0.051  A 176308
   3768.59469 11.442 11.396 11.444 11.437 11.429    0.042 0.080 0.038 0.041 0.044  A 176698
   3775.53930 11.437 11.440 11.415 11.416 11.414    0.045 0.077 0.043 0.050 0.056  A 177608
   3779.62169 11.557 11.499 11.594 11.636 11.639    0.051 0.083 0.047 0.053 0.062  A 178246
   3783.57550 11.540 11.542 11.568 11.589 11.631    0.047 0.076 0.045 0.052 0.059  A 178650
   3788.58198 11.491 11.519 11.497 11.509 11.504    0.033 0.046 0.034 0.040 0.044  A 178958
   3791.55957 11.444 11.425 11.462 11.482 11.497    0.045 0.085 0.040 0.045 0.047  A 179374
   3794.54927 11.524 11.564 11.537 11.545 11.536    0.040 0.061 0.037 0.042 0.047  A 179808
   3796.60782 11.516 11.539 11.518 11.521 11.485    0.036 0.063 0.031 0.035 0.039  A 180110
   3802.50959 11.512 11.500 11.507 11.481 11.445    0.056 0.096 0.051 0.055 0.061  B 180851
   3805.50963 11.516 11.511 11.540 11.574 11.586    0.042 0.062 0.041 0.046 0.053  A 181271
   3808.54832 11.443 11.479 11.445 11.449 11.462    0.039 0.056 0.040 0.047 0.054  A 181629
   3810.54391 11.409 11.437 11.413 11.413 11.393    0.036 0.050 0.040 0.050 0.060  A 181950
   3812.56141 11.478 11.503 11.494 11.510 11.509    0.041 0.055 0.040 0.045 0.051  A 182276
   3815.52890 11.536 11.638 11.539 11.553 11.555    0.047 0.089 0.043 0.047 0.052  A 182742
   3818.52043 11.835 11.906 11.800 11.794 11.728    0.043 0.077 0.039 0.042 0.047  A 183215
   3821.51831 11.453 11.463 11.438 11.429 11.404    0.037 0.047 0.036 0.041 0.045  A 183702
   3824.51019 11.547 11.612 11.524 11.511 11.496    0.038 0.066 0.035 0.040 0.044  A 184189
   3830.47839 11.508 11.514 11.523 11.563 11.607    0.040 0.058 0.039 0.044 0.049  A 185190
   3833.48828 11.558 11.554 11.541 11.528 11.510    0.042 0.064 0.041 0.048 0.057  A 185719
   3836.48318 11.496 11.524 11.491 11.482 11.501    0.044 0.063 0.047 0.058 0.068  A 186231
   3983.88134 11.535 11.515 11.528 11.521 11.521    0.029 0.037 0.028 0.032 0.036  A 203693
   4091.65493 11.532 11.502 11.534 11.540 11.541    0.048 0.087 0.041 0.044 0.047  A 209388
   4103.64215 11.428 11.377 11.430 11.420 11.367    0.039 0.054 0.041 0.048 0.054  A 210593
   4105.67290 11.454 11.395 11.464 11.461 11.459    0.052 0.089 0.051 0.058 0.064  A 210831
   4107.68329 11.524 11.516 11.551 11.573 11.576    0.030 0.041 0.027 0.032 0.036  A 211116
   4111.68469 11.420 11.402 11.434 11.439 11.411    0.053 0.098 0.049 0.055 0.060  B 211400
   4125.61693 11.471 11.467 11.484 11.496 11.501    0.039 0.067 0.034 0.038 0.041  A 211527
   4130.56792 11.509 11.586 11.509 11.520 11.505    0.052 0.090 0.045 0.051 0.055  A 212166
   4132.58141 11.511 11.525 11.502 11.500 11.507    0.042 0.072 0.040 0.045 0.052  A 212425
   4134.61371 11.511 11.538 11.511 11.509 11.516    0.045 0.085 0.042 0.048 0.054  A 212718
   4136.61372 11.577 11.624 11.579 11.586 11.594    0.038 0.073 0.033 0.036 0.042  A 212973
   4147.64453 11.481 11.431 11.480 11.467 11.448    0.033 0.048 0.030 0.036 0.040  A 214566
   4151.58940 11.492 11.440 11.501 11.504 11.484    0.039 0.084 0.034 0.037 0.039  A 214946
   4153.59081 11.425 11.383 11.441 11.450 11.439    0.040 0.080 0.034 0.037 0.040  A 215260
   4159.60323 11.371 11.357 11.370 11.357 11.313    0.059 0.098 0.060 0.066 0.071  B 216134
   4161.60679 11.473 11.462 11.480 11.481 11.503    0.049 0.070 0.052 0.060 0.067  A 216453
   4164.55033 11.523 11.593 11.511 11.501 11.464    0.043 0.085 0.043 0.051 0.057  A 216874
   4167.53736 11.496 11.492 11.505 11.508 11.496    0.051 0.076 0.044 0.045 0.048  A 217281
   4173.54436 11.712 11.722 11.726 11.739 11.726    0.037 0.057 0.032 0.036 0.040  A 218041
   4175.55977 11.566 11.556 11.590 11.602 11.545    0.036 0.052 0.032 0.036 0.041  A 218355
   4179.55255 11.573 11.628 11.560 11.557 11.524    0.040 0.058 0.035 0.039 0.045  A 218808
   4185.48861 11.475 11.513 11.476 11.491 11.486    0.036 0.046 0.035 0.041 0.047  A 219642
   4189.51381 11.482 11.464 11.498 11.503 11.477    0.037 0.049 0.031 0.035 0.040  A 220052
   4192.49488 11.524 11.459 99.999 99.999 99.999    0.042 0.064 0.040 0.047 0.052  C 220513
   4196.51005 11.443 11.357 11.460 11.459 11.429    0.052 0.067 0.054 0.065 0.077  B 221002
   4203.49523 11.403 11.383 11.430 11.443 11.398    0.045 0.063 0.043 0.049 0.055  A 221736
   4332.89926 11.501 11.490 11.493 11.465 11.459    0.036 0.043 0.034 0.040 0.047  A 235766
   4339.90914 11.510 11.488 11.498 11.505 11.497    0.037 0.048 0.032 0.036 0.041  A 236683
   4343.88080 11.469 11.513 11.498 11.507 11.539    0.046 0.058 0.045 0.052 0.057  A 237362
   4349.87875 11.565 11.642 11.551 11.530 11.499    0.039 0.056 0.035 0.039 0.043  A 238375
   4354.88581 11.474 11.501 11.466 11.458 11.426    0.035 0.042 0.032 0.037 0.041  A 239082
   4358.86918 11.414 11.459 11.449 11.465 11.439    0.038 0.042 0.035 0.037 0.041  A 239709
   4362.86059 11.490 11.501 11.504 11.508 11.489    0.034 0.039 0.030 0.033 0.036  A 240246
   4365.87211 11.482 11.474 11.485 11.477 11.475    0.035 0.039 0.029 0.032 0.037  A 240731
   4369.83462 11.462 11.432 11.441 11.425 11.387    0.041 0.045 0.040 0.047 0.054  A 241208
   4372.86470 11.503 11.508 11.514 11.522 11.510    0.042 0.053 0.043 0.051 0.059  A 241707
   4376.88911 11.518 11.528 11.527 11.552 11.531    0.036 0.041 0.036 0.043 0.050  A 242210
   4379.84713 11.457 11.470 11.480 11.488 11.489    0.031 0.037 0.028 0.032 0.036  A 242642
   4382.84152 11.482 11.482 11.493 11.497 11.441    0.033 0.038 0.030 0.035 0.038  A 243093
   4385.85079 11.441 11.472 11.456 11.466 11.424    0.034 0.038 0.028 0.032 0.035  A 243566
   4391.80683 11.539 11.512 11.562 11.562 11.535    0.061 0.077 0.067 0.083 0.099  D 244437
   4399.82548 11.497 11.464 11.513 11.502 11.484    0.045 0.064 0.043 0.049 0.056  A 244894
   4403.81712 11.527 11.504 11.537 11.549 11.561    0.034 0.041 0.031 0.036 0.041  A 245320
   4407.79843 11.538 11.521 11.546 11.554 11.544    0.046 0.047 0.045 0.050 0.047  A 245634
   4410.75694 11.555 11.575 11.557 11.563 11.538    0.039 0.059 0.035 0.037 0.040  A 246007
   4413.80153 11.505 11.477 11.504 11.506 11.492    0.040 0.043 0.039 0.045 0.050  A 246302
   4420.77456 11.457 11.460 11.434 11.407 11.378    0.043 0.049 0.046 0.056 0.065  A 246504
   4423.75336 11.555 11.546 11.546 11.545 11.517    0.038 0.048 0.039 0.046 0.051  A 246770
   4426.81471 11.517 11.515 11.520 11.539 11.518    0.048 0.058 0.051 0.063 0.075  B 246996
   4431.74414 11.462 11.458 11.459 11.452 11.383    0.038 0.048 0.036 0.042 0.048  A 247567
   4437.68790 11.479 11.450 11.494 11.513 11.510    0.034 0.052 0.030 0.033 0.037  A 248295
   4440.68095 11.477 11.441 11.481 11.478 11.460    0.032 0.046 0.027 0.030 0.034  A 248676
   4443.69119 11.575 11.582 11.576 11.578 11.580    0.034 0.041 0.033 0.038 0.041  A 249002
   4448.76093 11.502 11.526 11.493 11.489 11.451    0.036 0.055 0.031 0.035 0.039  A 249548
   4453.72733 11.501 11.522 11.512 11.532 11.532    0.045 0.070 0.041 0.045 0.049  A 250152
   4458.66929 11.575 11.596 11.593 11.625 11.663    0.041 0.061 0.040 0.047 0.054  A 250707
   4460.78291 11.457 11.416 11.464 11.474 11.455    0.042 0.048 0.040 0.047 0.056  A 250948
   4463.63938 11.452 11.434 11.464 11.473 11.459    0.032 0.041 0.029 0.032 0.034  A 251307
   4465.72499 11.511 11.550 11.535 11.568 11.552    0.043 0.052 0.046 0.055 0.064  A 251554
   4468.68875 11.439 11.455 11.438 11.449 11.450    0.036 0.050 0.035 0.040 0.045  A 251880
   4474.70641 11.561 11.503 11.524 11.517 11.510    0.063 0.083 0.044 0.044 0.049  B 252488
   4477.65260 11.629 11.685 11.648 11.673 11.681    0.043 0.074 0.038 0.041 0.045  A 252781
   4479.72093 11.546 11.569 11.546 11.556 11.556    0.039 0.059 0.035 0.040 0.047  A 253044
   4483.56649 11.513 11.474 11.546 11.577 11.603    0.042 0.068 0.038 0.045 0.050  A 253432
   4486.59678 11.411 11.304 11.432 11.439 11.419    0.051 0.082 0.047 0.055 0.063  A 253693
   4488.62984 11.419 11.445 11.415 11.418 11.420    0.048 0.053 0.053 0.066 0.079  B 253938
   4490.64381 11.486 11.431 11.495 11.487 11.474    0.031 0.044 0.031 0.037 0.044  A 254162
   4492.68964 11.453 11.486 11.449 11.440 11.424    0.039 0.059 0.035 0.041 0.045  A 254416
   4494.69940 11.448 11.438 11.470 11.480 11.499    0.039 0.063 0.034 0.038 0.041  A 254668
   4498.66895 11.492 11.511 11.497 11.490 11.483    0.038 0.051 0.037 0.039 0.043  A 254915
   4501.61844 11.481 11.436 11.476 11.462 11.432    0.043 0.072 0.038 0.042 0.046  A 255278
   4504.58700 11.572 11.556 11.604 11.634 11.664    0.042 0.050 0.041 0.050 0.058  A 255692
   4506.65216 11.557 11.608 11.564 11.575 11.584    0.048 0.067 0.046 0.054 0.063  A 255998
   4509.57082 11.613 11.622 11.617 11.622 11.589    0.047 0.067 0.042 0.047 0.055  A 256400
   4517.53593 11.398 11.410 11.412 11.424 11.429    0.048 0.051 0.053 0.065 0.078  B 257230
   4519.59966 11.514 11.512 11.511 11.506 11.470    0.047 0.071 0.042 0.050 0.057  A 257555
   4522.53939 11.550 11.470 11.544 11.528 11.507    0.041 0.049 0.042 0.049 0.055  A 257965
   4524.56047 11.558 11.582 11.568 11.591 11.617    0.044 0.066 0.040 0.046 0.051  A 258265
   4527.53563 11.605 11.633 11.621 11.628 11.654    0.042 0.061 0.040 0.046 0.051  A 258698
   4529.58767 11.529 11.527 11.536 11.540 11.505    0.043 0.055 0.045 0.051 0.058  A 259021
   4532.56670 11.547 11.539 11.550 11.551 11.552    0.040 0.054 0.036 0.040 0.045  A 259462
   4535.55953 11.437 11.389 11.479 11.509 11.485    0.046 0.063 0.043 0.047 0.052  A 259746
   4540.52050 11.488 11.462 11.510 11.514 11.509    0.043 0.058 0.040 0.047 0.053  A 260469
   4542.55342 99.999 99.999 99.999 99.999 99.999    0.043 0.052 0.041 0.047 0.054  C 260799
   4547.55924 11.451 11.476 11.445 11.470 11.469    0.048 0.068 0.048 0.057 0.066  A 261579
   4553.51646 11.504 11.488 11.510 11.504 11.493    0.040 0.058 0.036 0.040 0.045  A 262356
   4556.50921 11.432 11.366 11.431 11.427 11.435    0.045 0.068 0.042 0.049 0.054  A 262810
   4559.50343 11.548 11.607 11.537 11.540 11.549    0.043 0.064 0.041 0.046 0.053  A 263313
   4562.48711 99.999 99.999 99.999 99.999 99.999    0.037 0.047 0.034 0.040 0.046  C 263813
   4568.49103 11.482 11.544 11.457 11.433 11.436    0.052 0.071 0.054 0.065 0.076  B 264791
   4572.47164 11.465 11.467 11.488 11.477 11.431    0.042 0.047 0.041 0.050 0.059  A 265455
   4575.46769 11.436 11.401 11.467 11.503 11.443    0.052 0.079 0.051 0.059 0.065  A 265939
