#ndata= 557
#dataset= 1 ; 1 F0520-40_130
#desig= 053627-3836.8
#cra=    5.607574  05:36:27.3
#cdec= -38.613508 -38:36:48.6
#class= 0
#cmag_0= 12.897
#cmer_0=  0.247
#nskip_0= 0
#cmag_1= 12.929
#cmer_1=  0.257
#nskip_1= 0
#cmag_2= 12.961
#cmer_2=  0.244
#nskip_2= 0
#cmag_3= 12.984
#cmer_3=  0.229
#nskip_3= 0
#cmag_4= 12.997
#cmer_4=  0.207
#nskip_4= 0
#ra=    5.607574  05:36:27.3
#dec= -38.613508 -38:36:48.6
#     HJD      MAG_0  MAG_1  MAG_2  MAG_3  MAG_4    MER_0 MER_1 MER_2 MER_3 MER_4 GRADE FRAME
   2172.77059 13.225 13.155 13.065 13.030 12.898    0.040 0.030 0.025 0.028 0.032  A 32847
   2188.83002 13.080 13.054 13.077 13.115 13.073    0.043 0.038 0.031 0.034 0.033  A 34719
   2213.72472 29.999 29.999 29.999 29.999 29.999    0.043 0.039 0.031 0.035 0.037  C 38125
   2214.73644 12.885 12.889 12.950 12.980 12.995    0.049 0.040 0.035 0.038 0.039  A 38279
   2228.71518 29.999 29.999 29.999 29.999 29.999    0.054 0.046 0.039 0.047 0.044  C 40014
   2232.70607 29.999 29.999 29.999 29.999 29.999    0.048 0.041 0.032 0.038 0.037  C 40504
   2234.69975 12.763 12.694 12.736 12.761 12.777    0.051 0.045 0.036 0.042 0.041  A 40816
   2235.69619 12.937 13.061 13.101 13.140 13.143    0.045 0.040 0.032 0.037 0.036  A 40970
   2236.69787 29.999 29.999 29.999 29.999 29.999    0.056 0.050 0.040 0.047 0.047  C 41130
   2240.69266 12.523 12.612 12.694 12.789 12.944    0.057 0.047 0.040 0.046 0.046  A 41604
   2241.69162 29.999 29.999 29.999 29.999 29.999    0.056 0.048 0.039 0.044 0.046  C 41763
   2249.68110 29.999 29.999 29.999 29.999 29.999    0.067 0.054 0.044 0.051 0.054  C 42713
   2252.67052 29.999 29.999 29.999 29.999 29.999    0.068 0.055 0.044 0.052 0.053  C 43193
   2269.65277 29.999 29.999 29.999 29.999 29.999    0.086 0.066 0.053 0.062 0.064  C 45245
   2497.86658 29.999 29.999 29.999 29.999 29.999    0.042 0.041 0.035 0.040 0.036  C 15326
   2661.66143 29.999 29.999 29.999 29.999 29.999    0.024 0.024 0.020 0.021 0.024  C 36120
   2745.52721 29.999 29.999 29.999 29.999 29.999    0.047 0.049 0.053 0.060 0.067  C 50884
   3071.50463 29.999 29.999 29.999 29.999 29.999    0.027 0.029 0.026 0.029 0.035  C 93583
   3776.62987 29.999 29.999 29.999 29.999 29.999    0.058 0.036 0.034 0.039 0.046  C 177794
   4176.58783 29.999 29.999 29.999 29.999 29.999    0.055 0.039 0.035 0.039 0.045  C 218498
   4180.54001 29.999 29.999 29.999 29.999 29.999    0.047 0.033 0.028 0.032 0.036  C 218954
   4193.52410 29.999 29.999 29.999 29.999 29.999    0.073 0.055 0.060 0.074 0.081  D 220695
   4300.92935 29.999 29.999 29.999 29.999 29.999    0.046 0.041 0.041 0.047 0.053  C 232384
   4304.91398 29.999 29.999 29.999 29.999 29.999    0.047 0.046 0.043 0.047 0.050  C 233051
   4344.88185 29.999 29.999 29.999 29.999 29.999    0.065 0.047 0.045 0.051 0.057  C 237526
   4377.82851 29.999 29.999 29.999 29.999 29.999    0.044 0.040 0.040 0.046 0.051  C 242324
   4398.82359 29.999 29.999 29.999 29.999 29.999    0.040 0.034 0.033 0.039 0.047  C 244778
   4406.79839 29.999 29.999 29.999 29.999 29.999    0.054 0.056 0.056 0.064 0.072  C 245480
   4427.75388 29.999 29.999 29.999 29.999 29.999    0.053 0.039 0.036 0.042 0.047  C 247093
   4430.68436 29.999 29.999 29.999 29.999 29.999    0.039 0.037 0.034 0.039 0.045  C 247427
   4458.69384 29.999 29.999 29.999 29.999 29.999    0.047 0.038 0.037 0.044 0.050  C 250716
   4485.69011 29.999 29.999 29.999 29.999 29.999    0.043 0.040 0.040 0.047 0.054  C 253608
   4536.50383 12.960 12.970 13.017 13.048 13.128    0.041 0.035 0.031 0.036 0.042  A 259885
#dataset= 1 ; 2 F0520-40_130
#desig= 053627-3837.2
#cra=    5.607620  05:36:27.4
#cdec= -38.620176 -38:37:12.6
#class= 0
#cmag_0= 13.233
#cmer_0=  0.240
#nskip_0= 1
#cmag_1= 13.210
#cmer_1=  0.236
#nskip_1= 1
#cmag_2= 13.185
#cmer_2=  0.231
#nskip_2= 1
#cmag_3= 13.192
#cmer_3=  0.237
#nskip_3= 1
#cmag_4= 13.222
#cmer_4=  0.268
#nskip_4= 1
#ra=    5.607620  05:36:27.4
#dec= -38.620176 -38:37:12.6
#     HJD      MAG_0  MAG_1  MAG_2  MAG_3  MAG_4    MER_0 MER_1 MER_2 MER_3 MER_4 GRADE FRAME
   1978.58847 29.999 29.999 29.999 29.999 29.999    0.059 0.050 0.042 0.049 0.045  C 12036
   1981.53889 13.234 13.302 13.305 13.292 13.398    0.044 0.039 0.033 0.038 0.033  A 12520
   1994.57585 13.062 13.141 13.198 13.291 13.334    0.058 0.051 0.043 0.048 0.042  A 13423
   1997.50703 29.999 29.999 29.999 29.999 29.999    0.083 0.065 0.050 0.054 0.053  C 13993
   2186.85041 29.999 29.999 29.999 29.999 29.999    0.044 0.040 0.032 0.034 0.035  C 34466
   2192.80882 12.981 12.933 12.894 12.906 12.871    0.042 0.033 0.027 0.029 0.032  A 35365
   2216.73579 29.999 29.999 29.999 29.999 29.999    0.046 0.043 0.036 0.042 0.040  C 38613
   2217.74232 29.999 29.999 29.999 29.999 29.999    0.048 0.043 0.035 0.041 0.040  C 38784
   2219.73612 29.999 29.999 29.999 29.999 29.999    0.070 0.063 0.056 0.060 0.065  C 38955
   2224.71656 29.999 29.999 29.999 29.999 29.999    0.045 0.040 0.034 0.040 0.038  C 39382
   2225.76755 29.999 29.999 29.999 29.999 29.999    0.050 0.043 0.034 0.039 0.039  C 39566
   2227.72890 29.999 29.999 29.999 29.999 29.999    0.049 0.043 0.034 0.040 0.040  C 39855
   2237.69689 29.999 29.999 29.999 29.999 29.999    0.054 0.048 0.040 0.046 0.046  C 41289
   2239.68765 29.999 29.999 29.999 29.999 29.999    0.055 0.049 0.040 0.048 0.049  C 41444
   2243.68466 29.999 29.999 29.999 29.999 29.999    0.071 0.059 0.048 0.055 0.057  C 42077
   2253.66872 29.999 29.999 29.999 29.999 29.999    0.077 0.058 0.048 0.056 0.055  C 43354
   2254.67039 29.999 29.999 29.999 29.999 29.999    0.065 0.053 0.042 0.050 0.050  C 43483
   2255.66454 29.999 29.999 29.999 29.999 29.999    0.071 0.058 0.046 0.053 0.052  C 43640
   2256.66345 29.999 29.999 29.999 29.999 29.999    0.083 0.062 0.049 0.054 0.053  C 43798
   2257.66183 29.999 29.999 29.999 29.999 29.999    0.074 0.061 0.050 0.054 0.055  C 43959
   2262.65673 29.999 29.999 29.999 29.999 29.999    0.082 0.068 0.053 0.056 0.058  C 44552
   2471.91733 29.999 29.999 29.999 29.999 29.999    0.041 0.040 0.034 0.038 0.035  C 12598
   2503.87023 29.999 29.999 29.999 29.999 29.999    0.073 0.065 0.061 0.071 0.071  C 16528
   2544.88590 13.159 13.238 13.180 13.100 13.058    0.030 0.034 0.034 0.035 0.040  A 20089
   2935.81133 13.349 13.497 13.480 13.507 13.461    0.027 0.029 0.023 0.024 0.026  A 77509
   2982.74010 29.999 29.999 29.999 29.999 29.999    0.029 0.033 0.033 0.040 0.047  C 83688
   3001.64740 13.267 13.141 13.044 12.974 12.992    0.040 0.037 0.036 0.037 0.040  A 85991
   3191.94039 29.999 29.999 29.999 29.999 29.999    0.075 0.073 0.069 0.075 0.082  D 108830
   3422.60162 29.999 29.999 29.999 29.999 29.999    0.066 0.063 0.077 0.099 0.119  D 131197
   3636.86820 29.999 29.999 29.999 29.999 29.999    0.035 0.038 0.035 0.042 0.046  C 159661
   4111.71955 11.057 11.119 11.169 11.185 11.193    0.060 0.035 0.030 0.033 0.036  A 211413
   4174.52851 29.999 29.999 29.999 29.999 29.999    0.073 0.045 0.042 0.047 0.051  C 218192
   4348.84264 29.999 29.999 29.999 29.999 29.999    0.066 0.045 0.042 0.047 0.051  C 238205
   4357.84950 13.302 13.261 13.197 13.154 13.181    0.039 0.034 0.028 0.031 0.033  A 239536
   4364.80104 29.999 29.999 29.999 29.999 29.999    0.036 0.033 0.028 0.031 0.035  C 240558
   4402.77694 13.496 13.427 13.324 13.399 13.541    0.037 0.032 0.029 0.033 0.038  A 245160
   4409.74638 29.999 29.999 29.999 29.999 29.999    0.057 0.043 0.039 0.042 0.045  C 245897
   4432.73037 29.999 29.999 29.999 29.999 29.999    0.046 0.033 0.026 0.029 0.032  C 247698
   4448.76227 29.999 29.999 29.999 29.999 29.999    0.066 0.041 0.034 0.037 0.041  C 249549
   4466.63794 29.999 29.999 29.999 29.999 29.999    0.039 0.034 0.031 0.034 0.038  C 251643
   4477.65617 29.999 29.999 29.999 29.999 29.999    0.079 0.056 0.060 0.066 0.070  C 252783
   4479.73366 29.999 29.999 29.999 29.999 29.999    0.065 0.051 0.052 0.057 0.062  C 253049
#dataset= 1 ; 3 F0520-40_130
#desig= 053628-3837.0
#cra=    5.607881  05:36:28.4
#cdec= -38.616706 -38:37:00.1
#class= 0
#cmag_0= 12.909
#cmer_0=  0.180
#nskip_0= 0
#cmag_1= 12.911
#cmer_1=  0.190
#nskip_1= 0
#cmag_2= 12.915
#cmer_2=  0.199
#nskip_2= 0
#cmag_3= 12.917
#cmer_3=  0.215
#nskip_3= 1
#cmag_4= 12.935
#cmer_4=  0.237
#nskip_4= 1
#ra=    5.607881  05:36:28.4
#dec= -38.616706 -38:37:00.1
#     HJD      MAG_0  MAG_1  MAG_2  MAG_3  MAG_4    MER_0 MER_1 MER_2 MER_3 MER_4 GRADE FRAME
   1868.70702 13.176 13.187 13.138 13.085 13.040    0.057 0.029 0.025 0.026 0.029  A 109
   1869.69695 12.830 12.866 12.881 12.895 12.965    0.032 0.019 0.017 0.020 0.022  A 268
   1870.70457 12.727 12.713 12.708 12.689 12.704    0.069 0.033 0.029 0.032 0.032  A 419
   1871.71064 13.144 13.156 13.163 13.159 13.160    0.070 0.024 0.020 0.022 0.025  A 552
   1872.70216 12.913 12.926 12.901 12.852 12.800    0.054 0.025 0.021 0.023 0.026  A 709
   1873.70417 12.724 12.681 12.680 12.677 12.682    0.045 0.022 0.020 0.022 0.026  A 872
   1874.69561 13.003 13.067 13.111 13.137 13.218    0.053 0.022 0.020 0.023 0.026  A 1030
   1875.69343 13.075 13.057 13.046 13.047 13.089    0.035 0.019 0.017 0.020 0.023  A 1189
   1876.69225 12.720 12.701 12.699 12.682 12.661    0.060 0.032 0.021 0.030 0.031  A 1350
   1877.69264 12.847 12.852 12.839 12.847 12.889    0.034 0.025 0.021 0.025 0.028  A 1510
   1878.68685 13.065 13.044 13.040 13.026 13.031    0.039 0.027 0.022 0.025 0.028  A 1665
   1879.68573 12.780 12.766 12.791 12.832 12.888    0.026 0.022 0.017 0.019 0.022  A 1820
   1881.67643 13.173 13.072 13.042 12.999 13.018    0.029 0.021 0.018 0.020 0.023  A 2130
   1884.65800 13.132 13.099 13.145 13.187 13.207    0.033 0.022 0.020 0.023 0.026  A 2271
   1885.67494 12.906 12.908 12.946 12.957 12.939    0.035 0.026 0.019 0.020 0.024  A 2438
   1886.67406 12.694 12.706 12.696 12.706 12.688    0.033 0.024 0.019 0.021 0.022  A 2599
   1887.66493 13.101 13.150 13.153 13.136 13.182    0.030 0.023 0.020 0.023 0.027  A 2754
   1888.66436 12.903 12.890 12.802 12.758 12.782    0.037 0.025 0.022 0.026 0.029  A 2913
   1889.66549 12.767 12.680 12.637 12.563 12.521    0.042 0.031 0.026 0.031 0.035  A 3075
   1899.64032 12.799 12.802 12.803 12.785 12.800    0.030 0.026 0.021 0.023 0.026  A 3194
   1900.65844 13.093 13.102 13.081 13.059 13.056    0.034 0.028 0.021 0.023 0.026  A 3360
   1902.62723 12.759 12.686 12.622 12.565 12.581    0.031 0.022 0.018 0.019 0.022  A 3503
   1903.65020 13.067 13.078 13.090 13.060 13.075    0.040 0.026 0.021 0.023 0.025  A 3673
   1904.63328 12.935 12.917 12.908 12.904 12.904    0.043 0.025 0.023 0.024 0.026  A 3825
   1905.63777 12.730 12.695 12.723 12.780 12.853    0.026 0.022 0.017 0.019 0.022  A 3989
   1906.62615 12.983 12.992 12.969 12.909 12.903    0.030 0.023 0.019 0.020 0.023  A 4147
   1907.64014 13.108 13.069 13.029 12.979 12.987    0.034 0.024 0.020 0.021 0.023  A 4312
   1913.60245 12.985 13.041 12.997 13.013 13.063    0.026 0.022 0.019 0.022 0.025  A 4594
   1914.62269 12.867 12.831 12.876 12.909 12.855    0.030 0.022 0.019 0.021 0.024  A 4762
   1915.62645 12.827 12.765 12.781 12.793 12.807    0.039 0.025 0.021 0.022 0.026  A 4922
   1918.60284 12.805 12.860 12.922 13.009 13.129    0.031 0.028 0.022 0.025 0.028  A 5127
   1919.60817 13.092 13.158 13.216 13.238 13.234    0.031 0.026 0.021 0.024 0.028  A 5289
   1920.62133 12.945 12.986 13.012 12.986 12.953    0.035 0.025 0.021 0.023 0.027  A 5455
   1921.60745 12.690 12.641 12.643 12.644 12.632    0.030 0.026 0.020 0.021 0.024  A 5609
   1922.60640 13.126 13.111 13.142 13.184 13.207    0.031 0.030 0.022 0.023 0.024  A 5760
   1924.60876 12.750 12.766 12.785 12.778 12.797    0.034 0.025 0.022 0.024 0.028  A 6094
   1925.61114 12.898 12.812 12.757 12.724 12.739    0.032 0.024 0.018 0.023 0.026  A 6265
   1928.60333 12.929 12.818 12.824 12.841 12.942    0.031 0.026 0.019 0.020 0.023  A 6762
   1930.56572 12.771 12.773 12.829 12.860 12.922    0.026 0.026 0.019 0.020 0.023  A 7062
   1935.53818 13.140 13.112 13.067 13.031 13.098    0.031 0.028 0.022 0.023 0.025  A 7873
   1937.65197 12.817 12.770 12.793 12.802 12.839    0.028 0.026 0.019 0.022 0.024  A 8146
   1939.59669 13.052 12.987 12.982 12.996 13.044    0.028 0.027 0.019 0.021 0.023  A 8371
   1941.60427 12.692 12.747 12.761 12.764 12.744    0.032 0.031 0.023 0.023 0.026  A 8603
   1947.63158 12.808 12.762 12.757 12.780 12.945    0.039 0.029 0.025 0.028 0.031  A 8920
   1949.62233 13.030 13.031 12.972 12.996 13.023    0.032 0.027 0.023 0.026 0.030  A 9184
   1952.55648 12.923 12.935 12.890 12.899 12.958    0.036 0.033 0.025 0.027 0.030  A 9551
   1958.55836 13.242 13.179 13.168 13.145 13.175    0.033 0.033 0.025 0.028 0.026  A 10168
   1964.54538 13.249 13.295 13.291 13.315 13.272    0.034 0.032 0.025 0.029 0.026  A 10951
   1966.56782 12.820 12.804 12.843 12.849 12.873    0.040 0.036 0.028 0.034 0.028  A 11333
   1968.55068 12.891 13.008 13.027 13.030 13.022    0.046 0.040 0.031 0.036 0.034  A 11668
   1985.50766 12.803 12.853 12.813 12.746 12.834    0.052 0.044 0.038 0.046 0.041  A 13104
   2000.50208 29.999 29.999 29.999 29.999 29.999    0.086 0.064 0.050 0.054 0.056  C 14595
   2033.47200 12.917 12.785 12.806 12.792 12.785    0.034 0.045 0.033 0.034 0.032  A 18386
   2096.94433 12.840 12.890 12.853 12.801 12.795    0.057 0.032 0.030 0.036 0.041  A 25585
   2103.94207 12.635 12.698 12.739 12.774 12.838    0.058 0.033 0.030 0.033 0.038  A 25940
   2105.92408 12.894 12.908 12.907 12.919 12.892    0.064 0.032 0.027 0.028 0.031  A 26357
   2114.90939 13.168 13.272 13.491 13.807 14.015    0.059 0.045 0.046 0.053 0.061  A 26780
   2116.90822 12.705 12.664 12.693 12.740 12.754    0.052 0.030 0.026 0.028 0.032  A 27205
   2128.87722 12.688 12.711 12.717 12.737 12.772    0.060 0.029 0.026 0.028 0.032  A 28045
   2129.88652 12.844 12.850 12.842 12.812 12.686    0.059 0.030 0.025 0.027 0.030  A 28264
   2130.91786 13.072 13.153 13.204 13.260 13.301    0.061 0.034 0.028 0.030 0.032  A 28493
   2131.89287 12.994 12.947 12.935 12.958 13.059    0.053 0.027 0.024 0.026 0.029  A 28683
   2133.86418 13.158 13.149 13.153 13.142 13.073    0.046 0.030 0.026 0.029 0.032  A 29099
   2135.86242 12.691 12.651 12.635 12.662 12.713    0.066 0.042 0.039 0.044 0.050  A 29525
   2166.84384 12.945 12.915 12.897 12.863 12.827    0.048 0.034 0.029 0.031 0.033  A 32000
   2167.90034 12.838 12.874 12.792 12.777 12.766    0.051 0.033 0.028 0.031 0.034  A 32212
   2169.79896 12.846 12.821 12.830 12.832 12.827    0.039 0.030 0.026 0.028 0.031  A 32488
   2183.76953 12.693 12.777 12.832 12.905 12.936    0.050 0.037 0.032 0.034 0.039  A 33946
   2185.78943 13.018 13.002 13.073 13.121 13.030    0.046 0.038 0.031 0.033 0.037  A 34334
   2190.73809 12.917 12.947 13.042 13.118 13.261    0.046 0.036 0.029 0.032 0.036  A 34983
   2191.83711 29.999 29.999 29.999 29.999 29.999    0.045 0.037 0.030 0.031 0.033  C 35201
   2193.85900 12.678 12.630 12.616 12.652 12.727    0.041 0.036 0.029 0.031 0.033  A 35566
   2194.82127 12.880 12.891 12.915 13.052 13.135    0.041 0.037 0.029 0.031 0.031  A 35730
   2198.79056 13.093 13.038 13.125 13.230 13.309    0.046 0.034 0.028 0.031 0.034  A 36382
   2199.84078 12.856 12.918 13.030 13.070 13.119    0.044 0.044 0.036 0.041 0.043  A 36584
   2201.71244 12.919 12.914 12.877 12.898 13.021    0.043 0.035 0.028 0.030 0.032  A 36776
   2202.76704 12.824 12.868 12.863 12.844 12.796    0.038 0.035 0.028 0.030 0.031  A 36966
   2204.70489 29.999 29.999 29.999 29.999 29.999    0.060 0.054 0.053 0.060 0.066  C 37241
   2206.70426 12.988 12.833 12.760 12.758 12.741    0.042 0.034 0.028 0.030 0.034  A 37516
   2208.74071 12.783 12.837 12.833 12.866 12.857    0.044 0.035 0.029 0.031 0.035  A 37723
   2215.74307 12.337 12.516 12.707 12.798 12.778    0.047 0.043 0.035 0.040 0.040  A 38450
   2226.72713 12.946 12.910 13.012 13.122 13.327    0.048 0.042 0.034 0.040 0.039  A 39701
   2229.71758 29.999 29.999 29.999 29.999 29.999    0.057 0.047 0.039 0.045 0.044  C 40178
   2230.71075 12.883 12.954 13.039 13.087 13.243    0.052 0.046 0.038 0.044 0.042  A 40340
   2233.70610 29.999 29.999 29.999 29.999 29.999    0.054 0.045 0.036 0.042 0.041  C 40661
   2242.68226 29.999 29.999 29.999 29.999 29.999    0.066 0.052 0.043 0.050 0.052  C 41920
   2244.68959 29.999 29.999 29.999 29.999 29.999    0.070 0.058 0.048 0.054 0.054  C 42200
   2247.68223 29.999 29.999 29.999 29.999 29.999    0.072 0.057 0.048 0.057 0.058  C 42351
   2248.68183 29.999 29.999 29.999 29.999 29.999    0.069 0.055 0.046 0.054 0.055  C 42517
   2251.68277 29.999 29.999 29.999 29.999 29.999    0.069 0.055 0.043 0.048 0.048  C 43036
   2258.66781 29.999 29.999 29.999 29.999 29.999    0.074 0.058 0.046 0.052 0.053  C 44122
   2260.65324 29.999 29.999 29.999 29.999 29.999    0.079 0.060 0.050 0.057 0.057  C 44245
   2261.65329 29.999 29.999 29.999 29.999 29.999    0.079 0.064 0.051 0.054 0.056  C 44406
   2495.88026 29.999 29.999 29.999 29.999 29.999    0.078 0.071 0.066 0.073 0.071  D 14908
   2499.86673 12.925 12.892 12.913 12.932 12.906    0.034 0.035 0.027 0.031 0.025  A 15748
   2501.91969 13.099 13.243 13.336 13.394 13.255    0.038 0.039 0.035 0.039 0.037  A 16133
   2519.84972 13.128 13.094 13.037 13.011 12.932    0.029 0.030 0.023 0.025 0.026  A 18090
   2521.84220 12.637 12.617 12.666 12.733 12.885    0.042 0.036 0.033 0.037 0.041  A 18485
   2552.75663 12.743 12.810 12.798 12.804 12.797    0.028 0.023 0.021 0.020 0.022  A 21196
   2553.88742 29.999 29.999 29.999 29.999 29.999    0.076 0.063 0.052 0.057 0.061  C 21431
   2556.81015 12.887 12.850 12.843 12.833 99.999    0.038 0.036 0.032 0.039 0.033  C 21765
   2560.75231 12.943 12.989 13.008 13.001 12.991    0.028 0.027 0.021 0.023 0.027  A 22455
   2562.73367 12.672 12.702 12.717 12.677 12.723    0.037 0.025 0.021 0.023 0.025  A 22775
   2565.75441 12.828 12.822 12.846 12.897 12.984    0.032 0.026 0.023 0.026 0.029  A 23322
   2574.73715 13.200 13.217 13.204 13.310 13.374    0.046 0.039 0.032 0.036 0.033  A 24390
   2578.71671 12.763 12.734 12.739 12.733 12.766    0.023 0.025 0.018 0.019 0.019  A 24980
   2621.68207 12.763 12.762 12.783 12.771 12.741    0.022 0.025 0.023 0.022 0.023  A 29818
   2623.62940 12.731 12.686 12.657 12.636 12.659    0.030 0.034 0.026 0.024 0.027  A 30127
   2624.77300 12.783 12.702 12.675 12.657 12.685    0.041 0.026 0.024 0.027 0.030  A 30308
   2627.75746 12.785 12.933 12.945 12.930 12.940    0.034 0.030 0.024 0.027 0.030  A 30622
   2629.77192 12.991 13.103 13.125 13.150 13.254    0.046 0.028 0.024 0.024 0.027  A 30928
   2634.65561 13.034 13.017 12.998 13.001 12.978    0.024 0.031 0.019 0.019 0.021  A 32084
   2636.69125 12.784 12.879 12.886 12.893 12.870    0.028 0.039 0.023 0.022 0.022  A 32393
   2640.67834 12.643 12.655 12.683 12.710 12.753    0.030 0.027 0.019 0.020 0.022  A 32998
   2642.67617 12.993 13.017 13.027 13.062 13.094    0.023 0.023 0.017 0.018 0.020  A 33282
   2644.67204 13.135 13.070 13.079 13.068 13.096    0.036 0.029 0.022 0.022 0.024  A 33585
   2646.65140 12.778 12.747 12.731 12.715 12.758    0.028 0.030 0.018 0.019 0.020  A 33878
   2649.64091 12.669 12.796 12.840 12.884 12.954    0.022 0.022 0.019 0.020 0.022  A 34127
   2651.62027 13.009 12.985 12.965 12.968 12.961    0.025 0.024 0.020 0.020 0.022  A 34428
   2652.77886 13.105 13.113 13.086 13.048 13.082    0.036 0.030 0.030 0.030 0.030  A 34647
   2654.62160 13.067 13.006 13.073 13.142 13.137    0.031 0.031 0.024 0.028 0.029  A 34888
   2657.65258 12.978 13.039 13.140 13.200 13.178    0.025 0.027 0.023 0.025 0.027  A 35432
   2659.66428 12.579 12.621 12.672 12.720 12.760    0.024 0.025 0.022 0.022 0.024  A 35779
   2663.66017 12.949 12.927 12.913 12.900 12.934    0.022 0.022 0.020 0.020 0.022  A 36458
   2665.65293 12.739 12.697 12.659 12.619 12.639    0.022 0.023 0.020 0.020 0.021  A 36806
   2667.65233 13.081 13.107 13.066 13.027 13.018    0.026 0.024 0.020 0.020 0.022  A 37110
   2669.64176 12.713 12.673 12.681 12.658 99.999    0.027 0.024 0.020 0.021 0.024  C 37432
   2671.64077 12.940 12.961 12.925 12.867 12.956    0.030 0.028 0.022 0.021 0.023  A 37761
   2673.63524 12.980 12.952 12.937 12.917 12.943    0.024 0.020 0.018 0.020 0.022  A 38096
   2675.62296 12.759 12.707 12.700 12.735 12.718    0.023 0.028 0.023 0.021 0.023  A 38450
   2677.60468 12.886 12.929 12.917 12.904 12.932    0.026 0.041 0.029 0.024 0.026  A 38789
   2679.59482 12.978 12.970 12.995 13.036 13.080    0.029 0.031 0.023 0.023 0.024  A 39116
   2681.58654 12.658 12.632 12.676 12.702 12.731    0.028 0.028 0.022 0.023 0.025  A 39436
   2683.59455 13.100 13.067 13.042 13.042 12.986    0.025 0.025 0.022 0.022 0.024  A 39796
   2685.60474 12.683 12.718 12.743 12.784 12.888    0.044 0.035 0.029 0.031 0.032  A 40163
   2689.60762 13.142 13.070 13.036 13.015 12.987    0.046 0.035 0.027 0.028 0.031  A 40896
   2691.60165 12.701 12.682 12.694 12.717 12.724    0.059 0.057 0.045 0.040 0.030  B 41267
   2693.61403 13.017 12.965 12.953 12.941 12.972    0.040 0.033 0.023 0.023 0.022  A 41572
   2695.60195 12.788 12.770 12.758 12.740 12.754    0.028 0.030 0.023 0.022 0.022  A 41936
   2697.60547 12.716 12.761 12.750 12.700 12.660    0.029 0.027 0.029 0.029 0.027  A 42267
   2701.59638 12.715 12.725 12.735 12.732 12.742    0.035 0.028 0.022 0.021 0.023  A 43068
   2703.59213 12.970 12.981 13.010 13.046 13.098    0.037 0.030 0.022 0.022 0.024  A 43449
   2705.58420 13.029 13.032 13.108 13.186 13.404    0.045 0.042 0.032 0.034 0.035  A 43820
   2707.58230 12.691 12.683 12.682 12.665 12.692    0.029 0.023 0.019 0.019 0.021  A 44185
   2709.56887 13.041 13.111 13.110 13.123 13.210    0.037 0.040 0.034 0.035 0.027  A 44543
   2711.57325 12.896 12.882 12.905 12.913 12.938    0.034 0.028 0.023 0.023 0.025  A 44918
   2713.58539 12.811 12.771 12.785 12.803 12.828    0.032 0.028 0.022 0.025 0.027  A 45297
   2715.58070 13.091 13.116 13.099 13.125 13.247    0.034 0.039 0.029 0.031 0.034  A 45670
   2719.51331 12.849 12.826 12.844 12.852 12.972    0.032 0.032 0.024 0.025 0.024  A 46046
   2721.55378 13.109 13.117 13.080 13.061 13.043    0.042 0.026 0.022 0.025 0.028  A 46449
   2723.55576 12.612 12.726 12.717 12.712 12.740    0.041 0.028 0.022 0.025 0.027  A 46838
   2725.55252 13.082 13.029 13.083 13.088 13.122    0.035 0.039 0.024 0.026 0.023  A 47228
   2727.54606 12.848 12.828 12.845 12.877 12.906    0.025 0.025 0.020 0.020 0.022  A 47615
   2729.54409 12.834 12.774 12.759 12.733 12.714    0.035 0.034 0.023 0.025 0.029  A 48023
   2733.53181 12.718 12.702 12.742 12.758 12.773    0.035 0.040 0.025 0.027 0.030  A 48576
   2735.52741 13.007 12.970 12.986 12.976 13.028    0.037 0.027 0.021 0.022 0.025  A 48980
   2737.51928 13.102 13.237 13.211 13.233 13.269    0.044 0.034 0.021 0.024 0.025  A 49373
   2739.54433 12.711 12.679 12.614 12.603 12.583    0.030 0.034 0.024 0.026 0.028  A 49719
   2741.51949 13.104 13.119 13.098 13.045 13.042    0.036 0.026 0.024 0.025 0.029  A 50102
   2743.51708 12.964 12.925 12.934 12.945 13.065    0.031 0.034 0.026 0.030 0.034  A 50504
   2750.48422 13.168 13.189 13.209 13.220 13.215    0.026 0.023 0.022 0.022 0.023  A 51572
   2752.49866 12.665 12.702 12.733 12.733 12.747    0.028 0.031 0.021 0.020 0.022  A 51966
   2755.49881 12.697 12.639 12.665 12.667 12.692    0.027 0.024 0.020 0.020 0.022  A 52401
   2757.49569 13.086 13.028 13.009 13.005 13.011    0.020 0.020 0.018 0.020 0.022  A 52816
   2760.48690 13.153 13.130 13.104 13.053 13.092    0.022 0.022 0.020 0.023 0.024  A 53362
   2762.48803 12.727 12.766 12.763 12.778 12.745    0.029 0.029 0.029 0.033 0.036  A 53771
   2764.47708 12.794 12.821 99.999 99.999 99.999    0.029 0.022 0.020 0.022 0.024  C 54179
   2766.47146 13.116 13.166 13.171 13.175 13.166    0.027 0.022 0.020 0.022 0.024  A 54455
   2770.47264 12.982 12.964 12.956 12.961 12.984    0.020 0.021 0.021 0.024 0.026  A 54787
   2776.45375 12.993 12.977 12.970 13.011 13.118    0.033 0.036 0.037 0.037 0.039  A 55231
   2820.93981 12.861 12.914 12.869 12.911 12.889    0.042 0.036 0.033 0.037 0.038  A 61640
   2831.93526 12.841 12.864 12.889 12.955 12.989    0.032 0.031 0.026 0.030 0.033  A 62858
   2836.94119 12.783 12.872 12.894 12.937 12.959    0.028 0.029 0.026 0.031 0.035  A 63805
   2840.92776 12.704 12.740 12.708 12.695 12.713    0.024 0.028 0.023 0.026 0.028  A 64455
   2844.94186 12.760 12.802 12.823 12.817 12.763    0.032 0.033 0.027 0.032 0.031  A 65131
   2853.93876 12.607 12.652 12.644 12.618 12.636    0.026 0.026 0.021 0.024 0.028  A 65789
   2858.91158 13.073 13.022 12.966 12.906 12.928    0.023 0.025 0.019 0.023 0.026  A 66439
   2861.87775 13.031 13.057 13.007 13.010 13.069    0.027 0.029 0.024 0.029 0.033  A 67064
   2867.86660 13.128 13.162 13.256 13.269 13.372    0.027 0.034 0.028 0.035 0.035  A 67860
   2876.82430 13.073 13.082 13.182 13.288 13.444    0.029 0.027 0.022 0.024 0.027  A 68839
   2884.81143 12.669 12.728 12.764 12.816 12.867    0.031 0.028 0.025 0.028 0.032  A 69892
   2893.79186 12.802 12.778 12.880 12.974 13.038    0.026 0.028 0.024 0.028 0.032  A 70942
   2895.83598 12.805 12.859 12.862 12.894 12.879    0.022 0.027 0.020 0.022 0.024  A 71356
   2897.86510 12.818 12.822 12.834 12.845 12.877    0.023 0.025 0.021 0.022 0.024  A 71767
   2900.81177 12.826 12.823 12.820 12.829 12.849    0.025 0.029 0.026 0.029 0.031  A 72298
   2905.82303 13.071 13.089 13.101 13.069 13.077    0.024 0.032 0.024 0.024 0.024  A 73060
   2908.85883 12.786 12.769 12.754 12.767 12.822    0.025 0.023 0.023 0.026 0.029  A 73506
   2911.81537 12.780 12.767 12.787 12.845 12.937    0.027 0.032 0.025 0.029 0.031  A 73990
   2915.84697 13.102 13.043 12.997 12.983 13.004    0.026 0.026 0.023 0.024 0.027  A 74476
   2922.73020 12.539 12.538 12.571 12.546 12.517    0.033 0.045 0.041 0.045 0.047  A 75309
   2924.79202 13.095 13.183 13.209 13.217 13.254    0.029 0.035 0.031 0.032 0.034  A 75693
   2927.74234 13.154 13.084 13.098 13.141 13.177    0.023 0.027 0.024 0.026 0.027  A 76048
   2929.76676 12.716 12.719 12.724 12.757 12.809    0.025 0.022 0.019 0.020 0.022  A 76415
   2933.80810 12.707 12.708 12.716 12.716 12.712    0.026 0.021 0.020 0.022 0.024  A 77145
   2935.81133 13.054 13.037 13.044 13.127 13.284    0.027 0.029 0.023 0.024 0.026  A 77509
   2939.79115 12.590 12.659 12.730 12.775 12.717    0.037 0.034 0.024 0.029 0.026  A 77881
   2943.73303 13.138 13.190 13.211 13.251 13.272    0.026 0.053 0.037 0.037 0.032  A 78403
   2945.73521 12.604 12.599 12.693 12.796 12.946    0.036 0.039 0.033 0.037 0.040  A 78747
   2947.76138 13.109 13.165 13.197 13.169 13.222    0.040 0.024 0.024 0.026 0.029  A 79058
   2954.77819 13.071 13.070 13.061 13.105 13.184    0.033 0.028 0.027 0.032 0.038  A 79997
   2959.70375 13.257 13.320 13.355 13.297 13.125    0.029 0.031 0.032 0.038 0.044  A 80691
   2961.77154 12.849 12.863 12.900 12.938 12.963    0.035 0.022 0.019 0.023 0.026  A 80971
   2964.68439 12.706 12.693 12.695 12.700 12.729    0.024 0.025 0.023 0.026 0.030  A 81363
   2966.74386 13.164 13.163 13.228 13.285 13.355    0.028 0.027 0.028 0.033 0.038  A 81672
   2968.78794 12.655 12.623 12.599 12.600 12.607    0.029 0.031 0.034 0.040 0.044  A 81965
   2971.67593 12.783 12.771 12.818 12.866 12.935    0.025 0.020 0.019 0.022 0.025  A 82261
   2974.67170 12.589 12.546 12.565 12.556 12.610    0.023 0.022 0.020 0.023 0.026  A 82587
   2978.70855 12.760 12.820 12.849 12.856 12.891    0.036 0.021 0.020 0.023 0.027  A 83155
   2980.72845 12.910 12.874 12.822 12.819 12.846    0.024 0.025 0.022 0.025 0.028  A 83412
   2984.79608 12.676 12.553 12.502 12.590 12.745    0.054 0.057 0.058 0.062 0.066  B 83966
   2987.63440 12.777 12.741 12.745 12.747 12.757    0.022 0.021 0.019 0.022 0.025  A 84304
   2989.68655 12.995 12.964 12.956 12.957 13.050    0.026 0.023 0.019 0.021 0.025  A 84541
   2991.70612 12.728 12.672 12.690 12.731 12.753    0.034 0.037 0.040 0.045 0.049  A 84806
   2996.61563 12.696 12.605 12.567 12.546 12.550    0.049 0.050 0.053 0.054 0.058  B 85435
   3001.64740 13.281 13.210 13.183 13.127 13.072    0.040 0.037 0.036 0.037 0.040  A 85991
   3005.63546 12.898 12.911 12.945 13.002 13.040    0.020 0.021 0.021 0.024 0.027  A 86459
   3007.64326 13.129 13.168 13.192 13.175 13.182    0.025 0.025 0.023 0.026 0.029  A 86723
   3009.68871 12.771 12.758 12.753 12.739 12.807    0.028 0.028 0.028 0.034 0.040  A 86991
   3011.68641 13.130 13.200 13.329 13.482 13.509    0.027 0.025 0.026 0.031 0.036  A 87266
   3013.70086 12.760 12.754 12.715 12.658 12.610    0.024 0.023 0.023 0.028 0.031  A 87537
   3016.69904 12.647 12.631 12.661 12.717 12.807    0.024 0.025 0.025 0.030 0.035  A 87766
   3018.68951 13.031 13.024 13.040 13.045 13.017    0.023 0.023 0.021 0.023 0.027  A 88034
   3023.58576 13.121 13.202 13.227 13.310 13.453    0.026 0.025 0.025 0.030 0.035  A 88276
   3025.69936 12.823 12.823 12.820 12.856 12.955    0.027 0.028 0.026 0.030 0.035  A 88449
   3029.69953 12.751 12.723 12.638 12.566 12.517    0.034 0.037 0.044 0.055 0.064  B 88650
   3031.74195 13.079 13.124 13.035 12.972 12.926    0.030 0.030 0.029 0.033 0.039  A 88875
   3033.74270 12.811 12.835 12.804 12.803 12.844    0.026 0.023 0.022 0.025 0.028  A 89063
   3036.60354 13.191 13.194 13.219 13.259 13.273    0.027 0.024 0.023 0.027 0.029  A 89349
   3040.60916 12.945 12.973 13.014 12.997 12.959    0.026 0.024 0.025 0.030 0.035  A 89590
   3043.59523 13.102 13.150 13.190 13.171 13.189    0.027 0.026 0.028 0.033 0.038  A 89912
   3045.61429 12.932 12.868 12.876 12.913 12.968    0.023 0.023 0.022 0.026 0.030  A 90186
   3048.59715 12.792 12.780 12.761 12.729 12.708    0.027 0.028 0.029 0.034 0.038  A 90583
   3050.68683 13.172 13.235 13.294 13.324 13.304    0.024 0.025 0.022 0.026 0.029  A 90880
   3053.59905 12.962 12.924 12.942 12.948 12.975    0.022 0.022 0.020 0.023 0.026  A 91253
   3055.65039 12.745 12.727 12.603 12.505 12.516    0.047 0.046 0.049 0.058 0.070  B 91550
   3057.65792 13.023 13.056 13.040 13.003 12.964    0.046 0.039 0.039 0.042 0.045  A 91826
   3060.56832 12.691 12.671 12.646 12.636 12.622    0.022 0.022 0.023 0.027 0.030  A 92193
   3062.58510 13.121 13.126 13.123 13.106 13.095    0.023 0.023 0.023 0.027 0.030  A 92463
   3064.62593 12.715 12.743 12.795 12.833 12.830    0.024 0.023 0.023 0.026 0.030  A 92744
   3067.63461 12.802 12.786 12.747 12.758 12.792    0.029 0.028 0.028 0.032 0.037  A 93047
   3069.65548 13.296 13.332 13.386 13.447 13.612    0.031 0.035 0.037 0.045 0.055  A 93347
   3070.51382 12.773 12.750 12.746 12.778 12.820    0.037 0.038 0.039 0.048 0.057  A 93439
   3072.59775 12.993 13.025 13.013 12.983 12.954    0.037 0.041 0.044 0.054 0.064  B 93736
   3074.64185 12.674 12.675 12.720 12.701 12.738    0.025 0.025 0.024 0.029 0.033  A 93990
   3077.53611 13.064 13.073 13.154 13.264 13.396    0.022 0.024 0.022 0.026 0.030  A 94386
   3079.57098 12.949 12.945 12.910 12.878 12.824    0.027 0.026 0.026 0.031 0.035  A 94690
   3081.59317 13.139 13.130 13.088 13.060 13.071    0.024 0.023 0.022 0.026 0.030  A 94991
   3085.59383 13.112 13.142 13.174 13.131 13.076    0.027 0.027 0.026 0.031 0.036  A 95283
   3087.58985 12.724 12.746 12.710 12.638 12.483    0.046 0.044 0.046 0.054 0.064  B 95594
   3090.50109 13.300 13.359 13.258 13.093 13.073    0.042 0.042 0.044 0.049 0.057  A 96020
   3092.53056 12.650 12.594 12.576 12.577 12.563    0.025 0.024 0.023 0.027 0.031  A 96341
   3096.53175 12.661 12.683 12.637 12.568 12.509    0.032 0.028 0.026 0.030 0.035  A 96619
   3098.55541 12.856 12.886 12.876 12.949 13.009    0.030 0.029 0.029 0.035 0.040  A 96942
   3100.56454 12.925 12.914 12.831 12.752 12.762    0.029 0.028 0.029 0.035 0.042  A 97248
   3103.50923 13.058 13.090 13.142 13.142 13.131    0.025 0.025 0.023 0.028 0.032  A 97699
   3105.52459 12.746 12.676 12.586 12.497 12.468    0.051 0.052 0.053 0.058 0.064  B 98023
   3107.54016 13.032 13.064 13.008 12.962 12.946    0.027 0.025 0.024 0.027 0.030  A 98346
   3110.49059 13.155 13.113 13.204 13.343 13.458    0.025 0.023 0.022 0.026 0.029  A 98804
   3112.51823 12.682 12.682 12.668 12.656 12.673    0.023 0.025 0.022 0.026 0.030  A 99118
   3114.53445 13.161 13.138 13.142 13.126 12.998    0.026 0.024 0.022 0.026 0.030  A 99456
   3121.48389 12.658 12.619 12.617 12.596 12.612    0.031 0.024 0.022 0.026 0.029  A 100037
   3123.51383 13.167 13.193 13.186 13.270 13.377    0.026 0.026 0.024 0.027 0.031  A 100335
   3126.49948 13.353 13.351 13.301 13.194 13.203    0.028 0.026 0.025 0.029 0.034  A 100834
   3129.48774 29.999 29.999 29.999 29.999 29.999    0.035 0.032 0.034 0.041 0.049  C 101315
   3132.47788 13.110 13.056 13.067 13.081 13.101    0.037 0.045 0.049 0.053 0.058  A 101764
   3277.83639 12.794 12.814 12.901 13.000 12.994    0.038 0.032 0.025 0.027 0.032  A 116763
   3298.83701 13.156 13.109 13.132 13.193 13.196    0.039 0.029 0.021 0.022 0.025  A 118872
   3355.63423 12.963 12.954 13.014 13.017 12.992    0.060 0.045 0.046 0.048 0.050  A 124362
   3357.74187 12.738 12.634 12.624 12.610 12.627    0.098 0.056 0.052 0.056 0.058  B 124617
   3380.80325 12.929 12.871 12.893 12.923 13.068    0.055 0.061 0.068 0.083 0.097  D 125556
   3383.70814 12.581 12.558 12.510 12.446 12.488    0.041 0.030 0.030 0.036 0.041  A 125781
   3385.72004 13.057 13.110 13.152 13.212 13.176    0.048 0.034 0.030 0.033 0.037  A 126063
   3389.77070 13.023 13.081 13.110 13.040 12.997    0.039 0.029 0.029 0.035 0.041  A 126627
   3397.73872 12.864 12.789 12.780 12.728 12.788    0.035 0.029 0.030 0.035 0.040  A 127537
   3399.75888 12.813 12.864 12.874 12.841 12.801    0.035 0.030 0.030 0.034 0.039  A 127803
   3403.59266 13.107 13.121 13.048 12.983 12.939    0.055 0.031 0.026 0.029 0.032  A 128234
   3405.62009 12.749 12.721 12.691 12.646 12.652    0.034 0.028 0.027 0.029 0.033  A 128556
   3407.63100 13.245 13.225 13.178 13.168 13.290    0.059 0.053 0.053 0.058 0.064  B 128876
   3409.65015 12.762 12.698 12.635 12.595 12.605    0.041 0.029 0.027 0.030 0.033  A 129193
   3411.69038 12.821 12.913 12.926 12.917 12.892    0.050 0.025 0.026 0.030 0.034  A 129501
   3414.54012 12.657 12.694 12.741 12.805 12.799    0.074 0.036 0.031 0.032 0.036  A 129908
   3416.56007 13.261 13.324 13.273 13.224 13.220    0.073 0.040 0.036 0.041 0.046  A 130239
   3418.56604 12.793 12.793 12.756 12.736 12.741    0.060 0.036 0.034 0.037 0.040  A 130551
   3424.62718 12.850 12.858 12.851 12.878 12.892    0.042 0.029 0.031 0.039 0.047  A 131504
   3426.62488 13.027 13.017 12.986 12.961 12.973    0.060 0.033 0.034 0.041 0.044  A 131837
   3428.63378 12.764 12.778 12.774 12.781 12.840    0.039 0.027 0.026 0.031 0.036  A 132150
   3430.63100 13.015 12.976 12.984 12.974 13.023    0.033 0.025 0.024 0.028 0.033  A 132190
   3432.62910 12.916 12.884 12.849 12.825 12.804    0.036 0.030 0.029 0.034 0.038  A 132516
   3434.62756 12.880 12.757 12.694 12.651 12.830    0.088 0.050 0.049 0.055 0.062  B 132833
   3437.61867 12.714 12.778 12.767 12.761 12.741    0.028 0.027 0.024 0.028 0.031  A 133133
   3440.61079 12.903 12.852 12.819 12.830 12.801    0.054 0.075 0.076 0.078 0.080  D 133476
   3444.52736 12.874 12.932 12.974 13.011 12.951    0.072 0.039 0.037 0.042 0.048  A 133882
   3446.54469 12.853 12.849 12.867 12.900 12.897    0.091 0.047 0.044 0.047 0.053  B 134373
   3450.61196 12.768 12.762 12.799 12.833 12.840    0.040 0.031 0.031 0.035 0.039  A 135237
   3455.57068 13.182 13.265 13.349 13.426 13.507    0.038 0.031 0.032 0.038 0.044  A 135981
   3457.57427 12.593 12.646 12.648 12.614 12.618    0.042 0.027 0.027 0.031 0.036  A 136339
   3459.58572 12.914 12.928 12.938 12.991 12.984    0.063 0.033 0.028 0.030 0.035  A 136697
   3462.50524 12.770 12.795 12.761 12.791 12.909    0.040 0.034 0.035 0.039 0.043  A 137123
   3464.57402 12.864 12.886 12.895 12.882 12.841    0.073 0.048 0.050 0.052 0.054  B 137470
   3468.51390 13.033 13.091 13.177 13.210 13.204    0.034 0.025 0.024 0.026 0.029  A 138055
   3470.53458 12.709 12.675 12.625 12.562 12.487    0.067 0.036 0.035 0.039 0.044  A 138370
   3472.55892 13.042 13.068 13.015 12.948 12.942    0.057 0.036 0.030 0.033 0.039  A 138688
   3475.50279 12.724 12.724 12.735 12.719 12.735    0.043 0.029 0.029 0.031 0.034  A 139166
   3478.50450 12.910 12.848 12.798 12.791 12.796    0.031 0.024 0.024 0.028 0.031  A 139675
   3481.50741 12.974 12.982 12.968 12.950 12.892    0.075 0.050 0.052 0.056 0.059  B 140134
   3483.52725 12.885 12.843 12.857 12.853 12.897    0.037 0.031 0.033 0.040 0.047  A 140459
   3490.46397 12.975 12.890 12.889 12.869 12.903    0.048 0.036 0.039 0.046 0.053  A 141077
   3492.49554 12.731 12.709 12.715 12.725 12.789    0.038 0.032 0.032 0.037 0.041  A 141428
   3497.46420 12.965 13.034 13.041 13.022 13.023    0.068 0.042 0.028 0.031 0.033  A 141862
   3503.46495 13.089 13.154 13.174 13.151 13.201    0.052 0.043 0.027 0.029 0.032  A 142750
   3561.93875 12.798 12.615 12.472 12.354 12.245    0.064 0.048 0.052 0.062 0.066  B 149843
   3570.94190 12.651 12.662 12.653 12.650 12.655    0.034 0.028 0.027 0.032 0.037  A 150861
   3575.92277 13.290 13.267 13.245 13.201 13.178    0.036 0.031 0.027 0.031 0.035  A 151571
   3579.93443 13.064 13.072 13.128 13.179 13.164    0.042 0.027 0.026 0.029 0.034  A 152256
   3585.91015 13.122 13.046 13.041 13.042 13.017    0.075 0.043 0.038 0.042 0.045  A 153274
   3589.93404 12.826 12.756 12.784 12.829 12.816    0.053 0.037 0.033 0.037 0.042  A 153936
   3601.87720 12.888 12.843 12.842 12.904 12.956    0.049 0.032 0.029 0.034 0.038  A 155637
   3618.86441 12.877 12.785 12.722 12.694 12.719    0.057 0.037 0.036 0.043 0.050  A 157358
   3622.84523 12.799 12.764 12.755 12.736 12.724    0.042 0.031 0.026 0.028 0.032  A 157975
   3626.82939 13.104 13.085 13.148 13.234 13.359    0.037 0.035 0.029 0.033 0.037  A 158382
   3629.86051 12.941 12.937 12.923 12.962 12.999    0.038 0.032 0.028 0.034 0.038  A 158692
   3644.79499 12.819 12.930 12.961 12.932 13.058    0.064 0.041 0.040 0.046 0.051  A 160661
   3651.80763 12.839 12.852 12.789 12.726 12.736    0.060 0.038 0.035 0.042 0.048  A 161506
   3654.79845 12.766 12.691 12.663 12.621 12.563    0.074 0.041 0.033 0.037 0.039  A 161934
   3657.78763 12.744 12.763 12.758 12.755 12.714    0.073 0.042 0.035 0.037 0.041  A 162369
   3660.78800 12.814 12.732 12.699 12.671 12.697    0.064 0.039 0.036 0.040 0.046  A 162831
   3663.78050 12.879 12.956 13.078 13.186 13.067    0.057 0.037 0.033 0.039 0.043  A 163260
   3666.76729 12.712 12.743 12.795 12.873 12.921    0.060 0.033 0.028 0.032 0.036  A 163698
   3670.72630 12.916 12.878 12.888 12.866 12.835    0.033 0.028 0.023 0.025 0.028  A 164143
   3673.74328 12.645 12.756 12.728 12.747 12.732    0.036 0.028 0.022 0.026 0.029  A 164581
   3680.76106 12.944 12.961 13.042 13.056 13.071    0.036 0.027 0.023 0.025 0.028  A 165390
   3699.68174 13.173 13.192 13.213 13.239 13.405    0.043 0.037 0.040 0.045 0.052  A 167919
   3702.67583 12.995 13.013 13.074 13.139 13.165    0.035 0.027 0.024 0.027 0.031  A 168312
   3705.66427 12.915 12.899 12.850 12.761 12.770    0.033 0.028 0.027 0.031 0.036  A 168715
   3707.75971 13.224 13.226 13.226 13.225 13.223    0.031 0.028 0.024 0.027 0.030  A 169022
   3711.76163 12.765 12.782 12.745 12.698 12.684    0.033 0.026 0.022 0.026 0.029  A 169305
   3713.70513 13.181 13.219 13.160 13.047 13.034    0.046 0.031 0.027 0.030 0.033  A 169562
   3716.63592 12.913 12.881 12.871 12.894 12.995    0.031 0.028 0.028 0.033 0.038  A 169945
   3718.68699 12.807 12.781 12.801 12.813 12.834    0.056 0.036 0.034 0.038 0.042  A 170217
   3720.79061 13.201 13.263 13.274 13.250 13.344    0.075 0.041 0.037 0.043 0.046  A 170488
   3726.63981 12.852 12.810 12.736 12.668 12.643    0.054 0.037 0.035 0.038 0.041  A 171136
   3728.72485 12.857 12.866 12.835 12.840 12.877    0.053 0.051 0.056 0.065 0.076  B 171442
   3732.64425 13.197 13.190 13.193 13.263 13.357    0.046 0.031 0.030 0.036 0.043  A 171824
   3735.64678 13.203 13.260 13.336 13.424 13.511    0.042 0.031 0.031 0.036 0.041  A 172215
   3737.76943 12.945 12.954 12.925 12.927 13.003    0.076 0.041 0.034 0.035 0.037  A 172533
   3740.58064 12.893 12.843 12.813 12.809 12.807    0.030 0.024 0.023 0.027 0.030  A 172886
   3742.68222 13.109 13.030 12.983 12.972 13.012    0.046 0.029 0.026 0.029 0.032  A 173159
   3744.76857 12.701 12.773 12.819 12.799 12.770    0.044 0.036 0.035 0.040 0.045  A 173458
   3747.61595 13.154 13.129 13.173 13.144 13.173    0.043 0.032 0.031 0.037 0.042  A 173806
   3749.71050 12.775 12.736 12.751 12.774 12.735    0.041 0.034 0.037 0.047 0.055  A 174120
   3751.78572 12.803 12.986 13.135 13.283 13.357    0.064 0.042 0.042 0.052 0.062  A 174426
   3754.66070 13.188 13.088 13.036 12.946 12.833    0.082 0.044 0.039 0.044 0.050  B 174796
   3756.73525 12.830 12.914 12.960 12.966 13.056    0.064 0.043 0.042 0.049 0.056  A 175092
   3759.60554 12.649 12.677 12.640 12.573 12.540    0.054 0.038 0.035 0.041 0.047  A 175472
   3761.71948 13.171 13.151 13.235 13.345 13.483    0.034 0.035 0.039 0.046 0.053  A 175762
   3764.62348 13.218 13.170 13.137 13.133 13.178    0.087 0.047 0.043 0.045 0.050  B 176147
   3766.72120 12.937 13.035 13.140 13.255 13.388    0.085 0.047 0.042 0.044 0.049  B 176464
   3769.61026 12.851 12.834 12.803 12.753 12.726    0.094 0.052 0.047 0.050 0.052  B 176820
   3771.66482 13.102 13.089 13.082 13.067 13.165    0.086 0.048 0.044 0.048 0.053  B 177128
   3774.61227 13.033 13.096 13.123 13.163 13.285    0.034 0.029 0.031 0.036 0.043  A 177497
   3778.64216 12.867 12.871 12.788 12.714 12.602    0.036 0.034 0.037 0.044 0.050  A 178104
   3780.69645 12.917 12.865 12.796 12.660 12.576    0.076 0.047 0.044 0.052 0.059  A 178394
   3787.52686 12.585 12.636 12.647 12.637 12.591    0.073 0.042 0.037 0.039 0.044  A 178802
   3791.62097 12.715 12.715 12.757 12.791 12.747    0.041 0.032 0.032 0.036 0.040  A 179396
   3793.66609 13.230 13.249 13.330 13.443 13.499    0.042 0.034 0.031 0.038 0.045  A 179702
   3796.56115 13.034 13.033 13.012 12.990 12.939    0.031 0.025 0.023 0.026 0.029  A 180094
   3798.60706 12.637 12.653 12.737 12.809 12.799    0.040 0.035 0.035 0.041 0.045  A 180389
   3800.61000 13.042 13.050 13.029 12.985 12.980    0.060 0.042 0.042 0.048 0.053  A 180663
   3803.58734 12.970 12.922 12.903 12.834 12.745    0.038 0.036 0.038 0.043 0.049  A 181010
   3805.61122 12.904 12.872 12.923 12.986 13.100    0.047 0.032 0.034 0.041 0.046  A 181307
   3808.61953 12.655 12.570 12.533 12.473 12.461    0.035 0.031 0.034 0.044 0.054  A 181654
   3810.62436 13.087 13.229 13.249 13.373 13.665    0.037 0.034 0.039 0.048 0.059  A 181977
   3812.62793 12.978 12.940 12.917 12.901 12.859    0.039 0.032 0.035 0.042 0.047  A 182299
   3815.54729 13.048 13.065 13.057 13.021 13.021    0.041 0.030 0.030 0.035 0.039  A 182748
   3817.57910 12.786 12.720 12.737 12.773 12.949    0.043 0.030 0.031 0.037 0.043  A 183073
   3819.60722 13.143 13.066 12.994 12.923 12.934    0.046 0.032 0.032 0.038 0.043  A 183406
   3822.55446 13.048 13.082 13.074 13.035 12.971    0.039 0.031 0.030 0.035 0.041  A 183873
   3824.58902 12.799 12.813 12.831 12.856 12.917    0.032 0.029 0.029 0.034 0.040  A 184216
   3826.58749 12.865 12.842 12.744 12.673 12.694    0.032 0.029 0.032 0.040 0.047  A 184553
   3829.54180 12.830 12.864 12.890 12.902 13.006    0.040 0.033 0.033 0.038 0.043  A 185045
   3831.55839 13.062 13.161 13.199 13.204 13.215    0.034 0.028 0.030 0.035 0.041  A 185392
   3834.51270 13.301 13.314 13.409 13.530 13.520    0.034 0.028 0.030 0.037 0.045  A 185900
   3836.52266 12.713 12.696 12.645 12.593 12.665    0.035 0.033 0.036 0.046 0.053  A 186245
   3847.48787 13.049 13.081 13.109 13.100 13.032    0.036 0.034 0.038 0.046 0.054  A 186724
   3850.49268 13.103 13.011 12.970 13.016 13.049    0.041 0.032 0.032 0.036 0.041  A 187210
   3852.50680 12.702 12.672 12.691 12.723 12.781    0.047 0.027 0.027 0.031 0.035  A 187561
   3854.51208 12.999 12.950 12.907 12.881 12.927    0.034 0.028 0.027 0.031 0.035  A 187928
   3858.48779 12.758 12.734 12.735 12.787 12.850    0.062 0.050 0.049 0.043 0.047  A 188477
   3861.48928 12.693 12.661 12.674 12.658 12.676    0.034 0.029 0.027 0.030 0.032  A 188964
   3864.47568 12.782 12.723 12.708 12.739 12.781    0.040 0.026 0.027 0.032 0.036  A 189479
   3868.46836 12.886 12.902 12.864 12.814 12.788    0.051 0.030 0.033 0.040 0.045  A 190137
   3871.46417 12.575 12.570 12.514 12.483 12.468    0.035 0.027 0.025 0.028 0.033  A 190681
   4089.77150 12.882 12.889 12.942 13.024 13.205    0.052 0.035 0.033 0.040 0.045  A 209175
   4092.65834 13.260 13.268 13.410 13.583 13.678    0.056 0.039 0.035 0.037 0.040  A 209521
   4103.66728 13.002 13.010 13.018 13.005 13.012    0.035 0.033 0.031 0.036 0.044  A 210602
   4105.75264 12.835 12.816 12.830 12.826 12.768    0.084 0.045 0.040 0.044 0.047  B 210859
   4107.71898 12.786 12.850 12.888 12.934 12.915    0.028 0.027 0.023 0.026 0.030  A 211130
   4126.57747 12.748 12.748 12.736 12.759 12.795    0.036 0.031 0.029 0.031 0.034  A 211643
   4128.59183 13.055 13.087 13.084 13.058 13.028    0.055 0.032 0.030 0.044 0.037  A 211915
   4130.61519 12.759 12.715 12.677 12.670 12.724    0.086 0.045 0.039 0.041 0.044  B 212183
   4132.61914 12.879 12.891 12.942 12.988 13.020    0.088 0.046 0.040 0.044 0.048  B 212439
   4134.64188 13.119 13.051 13.018 12.978 12.907    0.074 0.041 0.038 0.042 0.047  A 212729
   4136.65798 12.719 12.742 12.749 12.758 12.763    0.050 0.039 0.036 0.041 0.044  A 212989
   4147.59286 13.168 13.237 13.234 13.230 13.226    0.108 0.062 0.050 0.050 0.053  D 214549
   4150.66487 12.797 12.829 12.840 12.838 12.933    0.094 0.059 0.057 0.062 0.067  B 214823
   4154.69080 13.031 12.937 12.826 12.706 12.691    0.066 0.043 0.045 0.051 0.054  A 215434
   4157.57554 13.087 12.998 12.983 13.053 13.162    0.062 0.035 0.037 0.043 0.048  A 215820
   4159.60487 12.801 12.741 12.711 12.614 12.546    0.065 0.043 0.045 0.051 0.055  A 216135
   4161.60853 12.910 12.864 12.792 12.799 12.851    0.072 0.052 0.056 0.061 0.065  B 216454
   4163.61524 12.958 12.968 12.945 12.922 13.044    0.059 0.036 0.035 0.040 0.045  A 216751
   4165.63863 12.783 12.826 12.826 12.803 12.774    0.052 0.037 0.036 0.044 0.050  A 217042
   4168.64901 12.800 12.883 12.960 12.983 12.925    0.033 0.028 0.026 0.030 0.033  A 217461
   4182.57778 12.986 13.004 12.940 12.880 12.890    0.086 0.073 0.045 0.042 0.045  D 219241
   4184.58949 12.875 12.874 12.887 12.919 13.028    0.050 0.037 0.035 0.039 0.043  A 219536
   4188.59004 12.686 12.700 12.684 12.706 12.689    0.034 0.032 0.028 0.032 0.036  A 219925
   4191.50172 12.894 12.871 12.814 12.773 12.712    0.050 0.035 0.029 0.033 0.037  A 220361
   4197.50876 12.700 12.617 12.577 12.580 12.541    0.052 0.037 0.033 0.037 0.043  A 221156
   4200.51744 12.515 12.574 12.578 12.560 12.553    0.047 0.033 0.029 0.033 0.037  A 221445
   4203.51519 12.684 12.805 12.776 12.784 12.850    0.055 0.040 0.037 0.042 0.049  A 221742
   4213.50588 12.619 12.587 12.587 12.583 12.683    0.061 0.039 0.032 0.034 0.037  A 222540
   4227.46329 12.741 12.764 12.802 12.823 12.842    0.032 0.032 0.025 0.027 0.030  A 223096
   4230.45845 13.021 13.039 13.077 13.135 13.232    0.035 0.029 0.024 0.027 0.031  A 223624
   4233.46464 13.048 13.080 12.983 13.016 13.057    0.045 0.042 0.043 0.048 0.052  A 224157
   4236.46339 12.793 12.788 12.757 12.716 12.584    0.059 0.042 0.046 0.056 0.065  B 224697
   4307.93720 13.178 13.203 13.223 13.207 13.234    0.049 0.040 0.036 0.037 0.039  A 233583
   4311.91991 12.808 12.758 12.696 12.667 12.632    0.042 0.034 0.030 0.034 0.038  A 234157
   4333.88391 12.882 12.906 12.899 12.953 13.049    0.039 0.035 0.029 0.030 0.034  A 235942
   4338.88846 13.217 13.256 13.244 13.194 13.151    0.037 0.034 0.028 0.030 0.032  A 236517
   4341.85406 13.083 13.133 13.141 13.184 13.213    0.044 0.040 0.039 0.044 0.048  A 236999
   4353.85193 12.751 12.620 12.654 12.640 12.633    0.034 0.031 0.026 0.028 0.033  A 238932
   4361.87194 13.121 13.216 13.251 13.284 13.281    0.035 0.034 0.029 0.033 0.036  A 240105
   4368.83011 12.928 12.969 13.110 13.240 13.358    0.039 0.037 0.031 0.035 0.039  A 241048
   4371.84054 29.999 29.999 29.999 29.999 29.999    0.035 0.033 0.030 0.036 0.041  C 241542
   4374.83529 12.921 12.903 12.875 12.883 12.771    0.049 0.049 0.049 0.059 0.067  B 241880
   4380.81987 29.999 29.999 29.999 29.999 29.999    0.038 0.035 0.034 0.039 0.044  C 242782
   4383.84826 12.900 12.909 12.877 12.859 12.834    0.031 0.031 0.027 0.031 0.035  A 243242
   4386.82729 12.971 12.918 12.901 12.910 12.975    0.035 0.033 0.026 0.028 0.031  A 243717
   4392.74581 13.118 13.103 13.052 12.993 12.893    0.039 0.031 0.028 0.032 0.035  A 244552
   4412.78721 13.048 13.077 13.148 13.192 13.140    0.055 0.037 0.031 0.033 0.037  A 246177
   4418.76559 12.921 13.004 13.042 13.093 13.118    0.041 0.033 0.026 0.029 0.032  A 246344
   4421.75972 13.042 12.963 12.936 12.973 13.084    0.064 0.049 0.041 0.041 0.044  A 246583
   4424.81379 12.626 12.667 12.621 12.603 12.600    0.039 0.030 0.026 0.029 0.032  A 246839
   4435.67230 12.847 12.854 12.890 12.906 12.954    0.041 0.031 0.025 0.028 0.031  A 248043
   4437.73383 12.907 12.942 12.899 12.857 12.841    0.036 0.029 0.026 0.028 0.032  A 248312
   4440.64962 13.069 13.087 13.041 13.061 13.107    0.048 0.034 0.029 0.032 0.034  A 248667
   4443.67309 12.927 12.847 12.876 12.914 12.907    0.032 0.032 0.027 0.029 0.032  A 248996
   4453.70778 12.863 12.876 12.803 12.742 12.714    0.056 0.035 0.029 0.033 0.037  A 250146
   4456.61714 13.190 13.152 13.206 13.248 13.282    0.044 0.035 0.036 0.043 0.051  A 250442
   4461.64339 12.723 12.710 12.707 12.695 12.663    0.036 0.031 0.026 0.029 0.033  A 251035
   4463.71637 12.821 12.873 12.909 12.954 12.965    0.035 0.030 0.027 0.031 0.036  A 251333
   4468.72793 12.944 12.882 12.871 12.874 12.936    0.085 0.058 0.051 0.046 0.051  B 251892
   4471.75062 13.051 13.026 12.905 12.861 12.858    0.089 0.063 0.060 0.065 0.074  B 252197
   4474.71923 12.980 13.061 13.096 13.095 13.098    0.045 0.038 0.036 0.041 0.044  A 252493
   4487.71694 12.989 13.027 13.038 13.010 12.850    0.052 0.046 0.032 0.035 0.040  A 253851
   4489.77214 29.999 29.999 29.999 29.999 29.999    0.056 0.038 0.035 0.041 0.046  C 254108
   4492.60500 12.994 13.083 13.121 13.225 13.297    0.053 0.034 0.029 0.032 0.036  A 254388
   4498.63261 13.152 13.168 13.153 13.171 13.098    0.060 0.046 0.038 0.040 0.046  A 254903
   4500.73267 29.999 29.999 29.999 29.999 29.999    0.081 0.078 0.084 0.094 0.107  D 255175
   4503.61117 12.632 12.639 12.616 12.577 12.606    0.043 0.037 0.034 0.038 0.041  A 255556
   4508.60795 29.999 29.999 29.999 29.999 29.999    0.076 0.049 0.046 0.050 0.056  C 256270
   4510.62423 12.669 12.757 12.713 12.613 12.589    0.066 0.045 0.040 0.048 0.054  A 256545
   4512.67455 29.999 29.999 29.999 29.999 29.999    0.087 0.092 0.108 0.134 0.161  D 256839
   4516.60682 29.999 29.999 29.999 29.999 29.999    0.072 0.047 0.043 0.049 0.056  C 257110
   4518.65633 13.295 13.552 13.610 13.630 13.693    0.034 0.034 0.032 0.037 0.044  A 257417
   4520.68103 12.754 12.778 12.827 12.880 12.862    0.050 0.035 0.030 0.033 0.038  A 257721
   4522.67420 13.192 13.186 13.050 12.845 12.514    0.051 0.034 0.029 0.032 0.035  A 258011
   4525.57151 29.999 29.999 29.999 29.999 29.999    0.044 0.038 0.037 0.042 0.049  C 258414
   4527.60760 13.151 13.214 13.197 13.124 13.099    0.095 0.062 0.055 0.056 0.055  B 258723
   4529.65278 12.730 12.757 12.769 12.779 12.827    0.049 0.042 0.041 0.042 0.047  A 259042
   4532.59622 12.554 12.490 12.449 12.423 12.464    0.034 0.034 0.031 0.036 0.041  A 259473
   4538.56884 12.801 12.825 12.792 12.748 12.749    0.059 0.039 0.032 0.037 0.042  A 260204
   4540.58469 13.220 13.311 13.342 13.377 13.283    0.062 0.043 0.042 0.049 0.056  A 260492
   4542.59926 12.647 12.632 12.679 12.751 12.806    0.043 0.035 0.034 0.040 0.046  A 260815
   4547.53982 29.999 29.999 29.999 29.999 29.999    0.055 0.040 0.039 0.046 0.054  C 261572
   4556.58866 13.006 13.024 13.029 13.053 13.064    0.055 0.046 0.039 0.046 0.055  A 262838
   4559.52785 13.049 13.028 13.035 13.047 13.111    0.040 0.034 0.031 0.036 0.041  A 263321
   4562.51137 13.069 13.168 13.203 13.213 13.220    0.036 0.033 0.031 0.037 0.041  A 263821
   4564.55495 12.904 12.764 12.763 12.711 12.682    0.040 0.036 0.033 0.038 0.045  A 264169
   4567.51287 12.850 12.857 12.733 12.675 12.630    0.040 0.041 0.039 0.044 0.050  A 264654
   4569.53668 29.999 29.999 29.999 29.999 29.999    0.036 0.036 0.035 0.040 0.047  C 264967
   4572.52320 29.999 29.999 29.999 29.999 29.999    0.049 0.050 0.050 0.056 0.063  C 265473
   4575.50205 29.999 29.999 29.999 29.999 29.999    0.052 0.037 0.033 0.039 0.045  C 265950
#ndata= 129
#dataset= 2 ; 1 F0600-40_131
#desig= 053628-3837.0
#cra=    5.607873  05:36:28.3
#cdec= -38.617266 -38:37:02.2
#class= 0
#cmag_0= 12.894
#cmer_0=  0.187
#nskip_0= 0
#cmag_1= 12.891
#cmer_1=  0.194
#nskip_1= 0
#cmag_2= 12.893
#cmer_2=  0.207
#nskip_2= 0
#cmag_3= 12.893
#cmer_3=  0.228
#nskip_3= 0
#cmag_4= 12.911
#cmer_4=  0.249
#nskip_4= 2
#ra=    5.607873  05:36:28.3
#dec= -38.617266 -38:37:02.2
#     HJD      MAG_0  MAG_1  MAG_2  MAG_3  MAG_4    MER_0 MER_1 MER_2 MER_3 MER_4 GRADE FRAME
   2212.70339 12.852 12.814 12.797 12.789 12.797    0.047 0.040 0.031 0.034 0.037  A 37947
   2521.84220 12.655 12.626 12.670 12.733 12.881    0.033 0.031 0.027 0.031 0.034  A 18485
   2685.63792 12.605 12.628 12.654 12.663 12.702    0.046 0.033 0.031 0.034 0.038  A 40177
   2695.63059 12.752 12.738 12.764 12.773 12.819    0.031 0.028 0.025 0.027 0.030  A 41948
   2831.93954 12.787 12.766 12.785 12.832 12.866    0.039 0.038 0.036 0.042 0.046  A 62860
   2858.93207 13.161 13.182 13.184 13.188 13.154    0.026 0.023 0.020 0.023 0.026  A 66448
   2886.87880 13.086 13.025 12.992 13.003 13.043    0.025 0.026 0.022 0.025 0.029  A 70342
   2916.76388 12.650 12.603 12.646 12.675 12.726    0.028 0.033 0.026 0.028 0.029  A 74632
   2947.76138 13.113 13.177 13.208 13.176 13.220    0.040 0.028 0.028 0.030 0.033  A 79058
   2976.72741 13.158 13.235 13.268 13.296 13.354    0.033 0.026 0.023 0.026 0.030  A 82888
   2994.69997 12.800 12.778 12.830 12.868 12.921    0.029 0.028 0.024 0.027 0.029  A 85206
   2998.70352 13.252 13.268 13.319 13.391 13.425    0.028 0.026 0.024 0.028 0.031  A 85745
   3266.83375 12.844 12.806 12.762 12.761 12.824    0.033 0.031 0.030 0.035 0.041  A 115255
   3356.72103 12.969 12.961 12.990 12.998 13.063    0.078 0.040 0.033 0.036 0.039  B 124499
   3385.75026 12.992 13.001 12.990 12.925 12.868    0.051 0.060 0.040 0.038 0.044  B 126073
   3577.93253 12.662 12.676 12.692 12.776 12.872    0.034 0.029 0.029 0.034 0.039  A 151905
   3585.93599 12.994 12.989 13.004 13.013 12.970    0.045 0.029 0.031 0.037 0.042  A 153282
   3590.92969 12.789 12.715 12.682 12.631 12.612    0.052 0.031 0.029 0.031 0.035  A 154111
   3622.88685 12.699 12.689 12.643 12.630 12.656    0.041 0.028 0.024 0.026 0.029  A 157989
   4090.67342 12.941 12.996 12.988 12.945 12.931    0.033 0.026 0.024 0.027 0.030  A 209264
   4103.70050 12.892 12.932 12.981 13.029 13.185    0.041 0.030 0.030 0.036 0.042  A 210613
   4105.77461 12.646 12.657 12.639 12.609 12.588    0.073 0.044 0.039 0.041 0.045  A 210867
   4107.82039 13.153 13.199 13.262 13.260 13.269    0.037 0.037 0.034 0.038 0.032  A 211164
   4111.82082 13.171 13.221 13.417 13.629 14.075    0.095 0.056 0.054 0.061 0.068  D 211449
   4126.59495 12.733 12.723 12.721 12.736 12.783    0.038 0.028 0.026 0.028 0.032  A 211649
   4128.60867 12.949 13.078 13.155 13.180 13.304    0.108 0.054 0.046 0.053 0.058  D 211921
   4130.62681 12.747 12.715 12.729 12.692 12.770    0.080 0.049 0.049 0.055 0.064  B 212187
   4132.63139 12.924 12.882 12.843 12.774 12.708    0.059 0.037 0.033 0.037 0.040  A 212443
   4134.65336 12.863 12.847 12.786 12.715 12.658    0.087 0.048 0.043 0.048 0.052  B 212733
   4136.67336 12.767 12.829 12.870 12.906 12.955    0.083 0.042 0.037 0.040 0.042  B 212994
   4150.63074 12.878 12.843 12.807 12.759 12.794    0.088 0.062 0.060 0.063 0.065  D 214811
   4152.64007 12.582 12.611 12.640 12.669 12.803    0.059 0.032 0.028 0.029 0.033  A 215120
   4154.67519 13.222 13.240 13.206 13.158 13.115    0.095 0.056 0.048 0.048 0.041  D 215429
   4156.68672 12.689 12.607 12.528 12.491 12.433    0.071 0.039 0.042 0.046 0.048  A 215730
   4159.58035 12.804 12.831 12.882 12.864 12.934    0.097 0.046 0.041 0.044 0.046  D 216126
   4161.58349 12.951 12.854 12.768 12.694 12.620    0.064 0.033 0.030 0.033 0.038  A 216444
   4163.59465 13.136 12.876 12.802 12.755 12.709    0.089 0.052 0.052 0.059 0.064  B 216743
   4165.62036 12.673 12.562 12.522 12.489 12.490    0.064 0.034 0.032 0.037 0.042  A 217036
   4168.63680 12.829 12.775 12.805 12.815 12.792    0.042 0.029 0.026 0.028 0.032  A 217457
   4173.61838 13.122 13.152 13.259 13.411 13.425    0.045 0.031 0.028 0.031 0.034  A 218066
   4175.62069 12.677 12.624 12.757 12.927 12.916    0.066 0.049 0.049 0.057 0.064  B 218376
   4179.59421 12.880 12.915 12.796 12.628 12.513    0.039 0.030 0.028 0.033 0.037  A 218823
   4181.61862 12.645 12.646 12.682 12.797 12.939    0.047 0.048 0.054 0.066 0.078  D 219106
   4183.63647 13.087 13.056 12.978 12.873 12.833    0.040 0.033 0.032 0.035 0.040  A 219407
   4185.62709 12.600 12.579 12.569 12.511 12.427    0.034 0.031 0.030 0.036 0.042  A 219689
   4189.59602 13.069 13.087 13.198 13.260 13.342    0.033 0.030 0.025 0.028 0.032  A 220082
   4191.61836 12.769 12.688 12.657 12.674 12.684    0.047 0.034 0.030 0.035 0.041  A 220403
   4194.58799 12.707 12.773 12.823 12.884 13.079    0.058 0.039 0.040 0.046 0.054  A 220856
   4200.56924 12.822 12.837 12.870 12.901 12.978    0.043 0.030 0.026 0.029 0.033  A 221463
   4203.57111 12.964 12.986 13.038 13.087 13.096    0.044 0.034 0.031 0.033 0.036  A 221760
   4213.50901 12.682 12.663 12.639 12.611 12.606    0.047 0.043 0.043 0.046 0.048  A 222541
   4227.46629 13.028 13.053 13.086 13.115 13.095    0.034 0.028 0.022 0.025 0.029  A 223097
   4229.49530 12.636 12.684 12.671 12.632 12.685    0.039 0.028 0.024 0.026 0.028  A 223465
   4231.49265 13.108 13.130 13.158 13.247 13.187    0.051 0.033 0.032 0.036 0.041  A 223823
   4297.93979 13.153 13.102 13.067 13.119 13.185    0.060 0.044 0.041 0.049 0.059  B 231853
   4301.94149 12.820 12.784 12.831 12.929 13.055    0.049 0.038 0.035 0.040 0.046  A 232576
   4305.93317 12.653 12.650 12.638 12.640 12.639    0.039 0.033 0.027 0.029 0.032  A 233238
   4310.93577 13.114 13.149 13.087 13.047 13.016    0.047 0.036 0.030 0.035 0.041  A 234000
   4330.92217 99.999 99.999 99.999 99.999 99.999    0.041 0.045 0.045 0.049 0.055  C 235413
   4334.86434 12.726 12.717 12.719 12.740 12.713    0.034 0.030 0.025 0.026 0.029  A 236112
   4339.87888 13.103 13.113 13.108 13.157 13.284    0.033 0.032 0.027 0.030 0.035  A 236672
   4342.89564 13.004 12.980 12.968 12.932 12.955    0.056 0.062 0.061 0.065 0.071  D 237190
   4346.86813 12.663 12.660 12.693 12.735 12.834    0.039 0.033 0.029 0.033 0.039  A 237861
   4349.89633 13.013 12.999 12.969 12.905 12.867    0.047 0.039 0.036 0.040 0.046  A 238381
   4353.90071 12.742 12.792 12.777 12.760 12.754    0.040 0.031 0.025 0.028 0.031  A 238947
   4357.89241 12.818 12.880 12.956 13.009 13.053    0.040 0.037 0.033 0.034 0.038  A 239550
   4361.89455 13.170 13.250 13.269 13.278 13.331    0.035 0.032 0.028 0.030 0.034  A 240112
   4364.84403 13.150 13.140 13.143 13.168 13.290    0.033 0.032 0.026 0.029 0.031  A 240572
   4368.84684 12.940 12.974 13.042 13.089 13.117    0.037 0.035 0.030 0.034 0.037  A 241054
   4371.87546 13.031 13.018 13.005 12.983 12.959    0.044 0.034 0.032 0.037 0.042  A 241554
   4375.86594 12.810 12.839 12.791 12.687 12.708    0.033 0.032 0.031 0.037 0.043  A 242035
   4378.86906 13.063 13.068 13.066 12.930 12.763    0.044 0.042 0.044 0.054 0.065  B 242497
   4382.81389 12.664 12.645 12.623 12.618 12.653    0.034 0.033 0.026 0.029 0.032  A 243084
   4386.79547 13.021 12.978 12.960 12.966 13.043    0.034 0.032 0.025 0.028 0.032  A 243707
   4392.79829 12.648 12.696 12.697 12.695 12.795    0.070 0.041 0.034 0.036 0.039  A 244570
   4398.84442 12.676 12.750 12.848 12.927 13.152    0.046 0.034 0.032 0.038 0.045  A 244786
   4402.80370 12.852 12.887 12.844 12.764 12.736    0.038 0.030 0.026 0.030 0.035  A 245169
   4406.81816 13.203 13.245 13.288 13.377 14.061    0.053 0.050 0.049 0.058 0.070  B 245487
   4409.77167 13.200 13.214 13.246 13.288 13.365    0.061 0.037 0.031 0.034 0.037  A 245905
   4412.81508 12.911 12.887 12.826 12.752 12.665    0.037 0.032 0.029 0.033 0.038  A 246186
   4418.79478 12.824 12.809 12.791 12.786 12.794    0.037 0.035 0.033 0.035 0.037  A 246354
   4421.78108 12.754 12.685 12.641 12.639 12.654    0.039 0.031 0.027 0.032 0.037  A 246589
   4424.82883 12.843 12.771 12.760 12.771 12.773    0.073 0.044 0.037 0.039 0.041  A 246844
   4427.81145 12.803 12.891 13.015 13.080 12.990    0.039 0.033 0.034 0.040 0.046  A 247112
   4430.71491 12.867 12.877 12.822 12.791 12.776    0.038 0.033 0.033 0.038 0.046  A 247436
   4432.77033 13.251 13.190 13.155 13.105 13.121    0.041 0.030 0.025 0.027 0.031  A 247711
   4435.69738 12.802 12.905 12.860 12.795 12.797    0.046 0.031 0.026 0.028 0.031  A 248051
   4437.79261 12.671 12.656 12.662 12.662 12.655    0.047 0.031 0.025 0.028 0.032  A 248331
   4440.69932 12.885 12.876 12.862 12.848 12.837    0.056 0.037 0.029 0.031 0.034  A 248683
   4443.74430 12.774 12.777 12.740 12.696 12.751    0.040 0.034 0.032 0.034 0.037  A 249012
   4456.70844 12.850 12.875 12.699 12.471 12.496    0.050 0.044 0.050 0.061 0.072  B 250473
   4459.63610 13.043 13.047 13.064 13.083 13.182    0.043 0.034 0.034 0.041 0.049  A 250808
   4461.72725 12.981 12.927 12.871 12.780 12.696    0.045 0.034 0.029 0.032 0.036  A 251064
   4464.61450 12.752 12.723 12.718 12.778 12.877    0.041 0.033 0.028 0.031 0.034  A 251407
   4466.71576 12.890 12.744 12.669 12.613 12.545    0.061 0.038 0.033 0.037 0.042  A 251669
   4469.64971 13.003 13.013 13.054 13.000 12.948    0.042 0.034 0.032 0.036 0.042  A 251984
   4472.72784 12.733 12.721 12.756 12.776 12.735    0.083 0.050 0.046 0.054 0.064  B 252256
   4475.61136 12.643 12.665 12.647 12.651 12.766    0.065 0.040 0.039 0.044 0.049  A 252584
   4478.63441 12.770 12.784 12.878 12.965 12.959    0.039 0.032 0.028 0.030 0.034  A 252876
   4480.74367 13.136 13.051 13.049 13.061 13.053    0.055 0.043 0.042 0.047 0.053  A 253168
   4484.63249 12.577 12.574 12.536 12.493 12.637    0.052 0.036 0.035 0.041 0.045  A 253475
   4486.69334 13.326 13.256 99.999 99.999 99.999    0.054 0.039 0.037 0.042 0.048  C 253727
   4488.73990 12.674 12.662 12.652 12.586 12.463    0.035 0.035 0.036 0.043 0.052  A 253976
   4493.62125 12.915 12.894 12.943 12.944 12.975    0.058 0.035 0.029 0.032 0.035  A 254518
   4499.59174 13.013 13.013 13.079 13.211 13.299    0.041 0.036 0.033 0.036 0.041  A 255012
   4504.62734 12.570 12.573 12.506 12.402 12.420    0.041 0.036 0.037 0.045 0.055  A 255699
   4506.71047 13.228 13.272 13.370 13.386 13.325    0.059 0.042 0.039 0.042 0.045  A 256016
   4509.59044 13.029 13.007 13.019 13.071 13.051    0.064 0.043 0.038 0.043 0.049  A 256407
   4511.61186 13.112 13.020 12.937 12.873 12.778    0.037 0.030 0.030 0.036 0.042  A 256676
   4516.69315 12.887 12.880 12.905 12.889 12.738    0.041 0.038 0.042 0.052 0.063  B 257140
   4519.58523 12.707 12.722 12.720 12.702 12.720    0.055 0.039 0.037 0.042 0.047  A 257550
   4521.61945 13.053 13.109 13.140 13.156 13.138    0.034 0.027 0.024 0.028 0.031  A 257837
   4523.64188 12.726 12.738 12.747 12.745 12.750    0.033 0.027 0.023 0.027 0.030  A 258154
   4525.65853 12.996 12.958 12.941 12.934 12.970    0.043 0.040 0.041 0.046 0.052  A 258444
   4530.60451 12.914 12.933 12.965 12.990 13.003    0.050 0.036 0.034 0.038 0.042  A 259173
   4532.65887 13.041 13.094 13.093 13.106 13.191    0.034 0.031 0.028 0.033 0.038  A 259493
   4536.52888 13.314 13.373 13.430 13.431 13.535    0.045 0.035 0.030 0.033 0.038  A 259893
   4538.59255 12.888 12.926 12.904 12.821 12.723    0.075 0.059 0.056 0.049 0.053  B 260212
   4540.60406 13.204 13.107 13.071 13.047 13.162    0.044 0.038 0.037 0.044 0.053  A 260499
   4542.61512 12.810 12.912 13.025 13.135 13.365    0.037 0.037 0.040 0.050 0.061  B 260821
   4546.64053 12.816 12.802 12.926 13.112 13.285    0.043 0.035 0.039 0.048 0.056  A 261439
   4548.63790 13.108 13.184 13.187 13.175 13.272    0.039 0.035 0.035 0.042 0.049  A 261775
   4554.55640 12.840 12.815 12.805 12.805 12.842    0.042 0.034 0.035 0.040 0.045  A 262512
   4556.57462 13.131 13.089 13.013 12.930 12.888    0.045 0.038 0.041 0.049 0.050  A 262833
   4558.58679 99.999 99.999 99.999 99.999 99.999    0.035 0.027 0.023 0.027 0.029  C 263177
   4561.55867 12.759 12.704 12.729 12.724 12.733    0.038 0.031 0.029 0.035 0.041  A 263670
   4563.57978 12.995 13.000 13.070 13.136 13.124    0.042 0.034 0.032 0.037 0.043  A 264006
   4570.53415 12.829 12.857 12.852 12.848 12.876    0.033 0.027 0.024 0.027 0.031  A 265133
   4572.56100 12.965 12.980 13.052 13.141 13.252    0.039 0.033 0.033 0.038 0.045  A 265486
#ndata= 69
#dataset= 3 ; 1 F0524-32_167
#desig= 053628-3837.0
#cra=    5.607852  05:36:28.3
#cdec= -38.617442 -38:37:02.8
#class= 0
#cmag_0= 12.906
#cmer_0=  0.179
#nskip_0= 0
#cmag_1= 12.908
#cmer_1=  0.185
#nskip_1= 0
#cmag_2= 12.907
#cmer_2=  0.187
#nskip_2= 0
#cmag_3= 12.903
#cmer_3=  0.204
#nskip_3= 0
#cmag_4= 12.928
#cmer_4=  0.230
#nskip_4= 0
#ra=    5.607852  05:36:28.3
#dec= -38.617442 -38:37:02.8
#     HJD      MAG_0  MAG_1  MAG_2  MAG_3  MAG_4    MER_0 MER_1 MER_2 MER_3 MER_4 GRADE FRAME
   1880.67541 12.788 12.775 12.751 12.733 12.792    0.043 0.028 0.025 0.027 0.030  A 1971
   1954.57195 12.833 12.708 12.757 12.765 12.742    0.044 0.035 0.027 0.030 0.029  A 9823
   2156.85384 13.200 13.172 13.178 13.121 13.034    0.052 0.032 0.028 0.032 0.036  A 31743
   2166.85967 13.178 13.219 13.232 13.311 13.376    0.056 0.037 0.031 0.033 0.035  A 32007
   2168.79647 13.043 13.067 13.031 12.967 12.991    0.051 0.034 0.028 0.031 0.034  A 32334
   2171.79223 13.036 12.954 12.958 13.012 13.015    0.051 0.038 0.037 0.044 0.054  A 32670
   2172.85692 13.106 13.132 13.206 13.323 13.389    0.048 0.032 0.027 0.029 0.031  A 32884
   2174.79410 12.723 12.740 12.661 12.571 12.566    0.052 0.035 0.032 0.038 0.045  A 33220
   2183.78329 12.700 12.676 12.693 12.728 12.754    0.047 0.033 0.028 0.031 0.035  A 33952
   2186.85533 12.953 12.944 13.014 13.078 13.143    0.043 0.034 0.028 0.032 0.034  A 34468
   2188.83466 13.065 13.027 13.067 13.066 13.038    0.045 0.038 0.030 0.031 0.032  A 34721
   2190.74525 13.011 12.968 12.966 12.985 13.083    0.050 0.035 0.030 0.032 0.035  A 34986
   2191.83958 12.980 13.009 12.988 12.989 13.099    0.047 0.039 0.030 0.032 0.033  A 35202
   2192.81802 13.028 12.974 12.918 12.840 12.776    0.049 0.034 0.027 0.028 0.032  A 35369
   2193.86820 12.923 12.862 12.815 12.763 12.707    0.046 0.036 0.028 0.030 0.032  A 35570
   2194.82372 12.942 13.007 13.025 13.068 13.111    0.045 0.037 0.028 0.030 0.031  A 35731
   2196.75199 12.810 12.730 12.691 12.634 12.644    0.047 0.032 0.027 0.029 0.032  A 36009
   2197.83192 12.687 12.703 12.701 12.657 12.644    0.048 0.041 0.035 0.039 0.043  A 36219
   2198.79803 13.010 13.021 13.030 13.063 13.126    0.043 0.034 0.026 0.028 0.030  A 36385
   2199.84329 12.901 12.860 12.843 12.847 12.867    0.049 0.041 0.033 0.036 0.036  A 36585
   2201.72427 13.171 13.152 13.142 13.134 13.115    0.044 0.035 0.026 0.027 0.029  A 36781
   2202.77185 12.721 12.780 12.749 12.722 12.728    0.037 0.034 0.025 0.028 0.029  A 36968
   2204.71682 29.999 29.999 29.999 29.999 29.999    0.056 0.052 0.049 0.057 0.062  C 37246
   2206.71387 12.847 12.833 12.807 12.771 12.758    0.046 0.033 0.026 0.028 0.031  A 37520
   2208.74785 12.887 12.862 12.815 12.762 12.892    0.055 0.043 0.038 0.041 0.044  A 37726
   2213.72967 13.210 13.245 13.202 13.206 13.203    0.050 0.041 0.031 0.033 0.036  A 38127
   2214.74136 13.118 13.199 13.265 13.372 13.356    0.049 0.039 0.032 0.036 0.037  A 38281
   2215.74824 12.693 12.768 12.805 12.850 12.939    0.045 0.038 0.031 0.037 0.037  A 38452
   2216.73850 12.905 12.932 12.853 12.792 12.824    0.049 0.042 0.035 0.039 0.039  A 38614
   2217.74947 13.087 12.980 12.943 12.898 12.915    0.049 0.041 0.034 0.036 0.037  A 38787
   2219.74124 13.070 12.982 13.000 12.996 13.227    0.064 0.055 0.051 0.060 0.063  B 38957
   2222.65847 13.012 13.069 13.052 13.061 13.053    0.045 0.038 0.032 0.036 0.036  A 39193
   2224.72390 12.942 12.926 12.916 12.900 12.928    0.043 0.038 0.031 0.034 0.034  A 39385
   2225.77030 12.713 12.672 12.693 12.685 12.685    0.049 0.040 0.033 0.038 0.038  A 39567
   2226.72990 12.980 12.991 12.984 12.934 12.991    0.047 0.039 0.033 0.037 0.036  A 39702
   2227.73167 13.039 13.095 13.019 12.985 12.982    0.047 0.039 0.032 0.038 0.036  A 39856
   2228.72244 12.597 12.532 12.529 12.486 12.493    0.050 0.043 0.035 0.040 0.039  A 40017
   2229.72956 12.803 12.857 12.904 12.966 13.070    0.048 0.041 0.034 0.040 0.039  A 40183
   2230.71356 12.968 12.900 12.922 12.903 12.912    0.049 0.041 0.033 0.038 0.037  A 40341
   2232.71114 13.048 13.027 13.009 13.026 13.065    0.048 0.039 0.032 0.036 0.036  A 40506
   2233.72054 12.938 12.908 12.979 13.030 13.128    0.048 0.039 0.033 0.038 0.037  A 40667
   2234.70258 12.631 12.609 12.648 12.643 12.652    0.051 0.041 0.034 0.041 0.039  A 40817
   2235.69902 12.834 12.865 12.780 12.734 12.738    0.047 0.039 0.031 0.035 0.035  A 40971
   2236.70743 13.146 13.188 13.090 12.988 13.019    0.059 0.047 0.039 0.048 0.046  A 41134
   2237.69973 12.756 12.793 12.784 12.805 12.873    0.052 0.044 0.038 0.044 0.043  A 41290
   2239.69276 13.168 13.231 13.153 13.098 13.012    0.057 0.046 0.039 0.046 0.045  A 41446
   2240.70227 12.818 12.813 12.826 12.856 12.851    0.058 0.047 0.039 0.048 0.048  A 41608
   2241.69447 12.713 12.809 12.821 12.846 12.876    0.054 0.046 0.039 0.047 0.045  A 41764
   2242.68512 13.004 13.162 13.205 13.239 13.321    0.057 0.048 0.040 0.047 0.046  A 41921
   2243.68980 12.863 12.987 13.020 12.970 12.942    0.064 0.052 0.044 0.053 0.054  B 42079
   2244.70144 12.683 12.695 12.761 12.837 12.989    0.075 0.058 0.050 0.055 0.055  B 42205
   2247.69413 12.631 12.706 12.672 12.681 12.649    0.074 0.055 0.046 0.052 0.053  B 42356
   2248.68471 12.863 12.911 12.893 12.835 12.791    0.072 0.058 0.049 0.055 0.055  B 42518
   2249.68399 13.208 13.221 13.270 13.282 13.379    0.070 0.052 0.045 0.053 0.054  B 42714
   2250.68462 12.867 12.778 12.748 12.750 12.793    0.059 0.046 0.039 0.043 0.043  A 42875
   2251.68568 12.750 12.819 12.726 12.698 12.743    0.068 0.052 0.044 0.049 0.047  B 43037
   2252.67341 13.009 13.037 13.088 13.130 13.173    0.070 0.054 0.044 0.052 0.052  B 43194
   2254.67558 12.714 12.613 12.596 12.566 12.582    0.066 0.053 0.044 0.049 0.049  B 43485
   2255.67653 12.893 12.984 12.954 12.939 12.950    0.067 0.053 0.044 0.049 0.050  B 43645
   2257.66473 12.692 12.712 12.734 12.802 12.843    0.075 0.062 0.051 0.055 0.055  B 43960
   2258.67075 13.230 13.201 13.210 13.279 13.453    0.077 0.057 0.047 0.054 0.055  B 44123
   2260.65614 12.626 12.633 12.612 12.569 12.586    0.087 0.063 0.052 0.058 0.058  B 44246
   2264.64848 13.129 13.070 13.059 13.028 13.085    0.085 0.066 0.055 0.057 0.060  B 44826
   3386.66188 12.835 12.772 12.712 12.623 12.400    0.090 0.045 0.041 0.044 0.049  B 126177
   3390.76019 12.709 12.717 12.784 12.799 12.804    0.041 0.028 0.028 0.032 0.035  A 126763
   3400.76202 12.637 12.647 12.679 12.644 12.618    0.048 0.032 0.028 0.032 0.036  A 127953
   3448.61753 12.760 12.821 12.808 12.776 12.755    0.048 0.032 0.030 0.034 0.039  A 134903
   3450.61196 12.750 12.753 12.794 12.816 12.812    0.042 0.030 0.030 0.034 0.038  A 135237
   3453.57965 12.755 12.703 12.713 12.732 12.784    0.043 0.033 0.035 0.043 0.051  A 135625
#ndata= 4
#dataset= 4 ; 1 F0600-32_168
#desig= 053628-3837.0
#cra=    5.607886  05:36:28.4
#cdec= -38.616182 -38:36:58.3
#class= 0
#cmag_0= 12.708
#cmer_0=  0.175
#nskip_0= 0
#cmag_1= 12.735
#cmer_1=  0.180
#nskip_1= 0
#cmag_2= 12.747
#cmer_2=  0.182
#nskip_2= 0
#cmag_3= 12.729
#cmer_3=  0.179
#nskip_3= 0
#cmag_4= 12.721
#cmer_4=  0.177
#nskip_4= 0
#ra=    5.607886  05:36:28.4
#dec= -38.616182 -38:36:58.3
#     HJD      MAG_0  MAG_1  MAG_2  MAG_3  MAG_4    MER_0 MER_1 MER_2 MER_3 MER_4 GRADE FRAME
   2212.71286 12.643 12.705 12.718 12.720 12.768    0.050 0.041 0.034 0.037 0.038  A 37951
   3365.68800 13.170 13.328 13.379 13.456 13.452    0.067 0.039 0.037 0.043 0.048  A 125070
   3386.68017 12.594 12.655 12.645 12.609 12.586    0.081 0.050 0.044 0.046 0.049  B 126183
   3390.78253 12.772 12.766 12.776 12.739 12.674    0.078 0.046 0.045 0.050 0.054  B 126771
