#ndata= 29
#dataset= 1 ; 1 F1704-24_230
#desig= 170835-1843.8
#cra=   17.143057  17:08:35.0
#cdec= -18.730449 -18:43:49.6
#class= 0
#cmag_0= 11.038
#cmer_0=  0.000
#nskip_0= 0
#cmag_1= 11.171
#cmer_1=  0.000
#nskip_1= 0
#cmag_2= 11.135
#cmer_2=  0.000
#nskip_2= 0
#cmag_3= 11.118
#cmer_3=  0.000
#nskip_3= 0
#cmag_4= 11.117
#cmer_4=  0.000
#nskip_4= 0
#ra=   17.143057  17:08:35.0
#dec= -18.730449 -18:43:49.6
#     HJD      MAG_1  MAG_0  MAG_2  MAG_3  MAG_4    MER_1 MER_0 MER_2 MER_3 MER_4 GRADE FRAME
   2788.75115 11.172 11.039 11.136 11.119 11.118    0.050 0.053 0.048 0.055 0.065  A 56926
#dataset= 1 ; 2 F1704-24_230
#desig= 170834-1844.0
#cra=   17.142907  17:08:34.5
#cdec= -18.732644 -18:43:57.5
#class= 0
#cmag_0= 11.049
#cmer_0=  0.035
#nskip_0= 6
#cmag_1= 11.064
#cmer_1=  0.040
#nskip_1= 5
#cmag_2= 11.074
#cmer_2=  0.042
#nskip_2= 5
#cmag_3= 11.068
#cmer_3=  0.043
#nskip_3= 5
#cmag_4= 11.088
#cmer_4=  0.047
#nskip_4= 5
#ra=   17.142907  17:08:34.5
#dec= -18.732644 -18:43:57.5
#     HJD      MAG_1  MAG_0  MAG_2  MAG_3  MAG_4    MER_1 MER_0 MER_2 MER_3 MER_4 GRADE FRAME
   2109.57424 11.079 11.081 11.081 11.076 11.114    0.035 0.051 0.033 0.036 0.041  A 26580
   2115.53661 11.122 11.088 11.126 11.130 11.138    0.035 0.050 0.034 0.038 0.042  A 26823
   2117.54336 11.110 11.105 11.152 11.159 11.184    0.036 0.053 0.035 0.040 0.046  A 27266
   2135.50553 11.060 11.063 11.070 11.068 11.098    0.035 0.055 0.034 0.039 0.044  A 29370
   2140.49491 11.178 11.200 11.187 11.180 11.210    0.039 0.055 0.038 0.043 0.049  A 30123
   2142.49557 11.284 11.238 11.269 11.259 11.280    0.036 0.056 0.035 0.040 0.044  A 30538
   2144.48457 11.293 11.268 11.277 11.264 11.281    0.033 0.052 0.033 0.038 0.042  A 30942
   2151.53569 11.303 11.233 11.311 11.303 11.314    0.040 0.054 0.038 0.044 0.050  A 31343
   2788.75115 11.036 11.049 11.057 11.070 11.091    0.050 0.053 0.048 0.055 0.065  A 56926
   2788.75336 11.053 11.047 11.056 11.035 11.056    0.031 0.043 0.030 0.035 0.038  A 56927
   2788.75557 11.035 11.023 11.026 11.016 11.039    0.030 0.044 0.029 0.034 0.038  A 56928
   2788.75780 11.035 11.058 11.054 11.043 11.060    0.036 0.046 0.033 0.038 0.042  A 56929
   2788.76001 11.037 11.034 11.054 11.064 11.085    0.035 0.044 0.032 0.038 0.042  A 56930
   2788.76222 11.045 11.091 11.057 11.068 11.109    0.034 0.052 0.034 0.039 0.044  A 56931
   2788.76443 11.076 11.057 11.077 11.070 11.095    0.040 0.046 0.037 0.042 0.048  A 56932
   2788.76664 11.044 11.053 11.050 11.047 11.034    0.045 0.058 0.047 0.055 0.061  A 56933
   2788.76886 11.025 11.056 11.047 11.046 11.074    0.044 0.054 0.044 0.050 0.057  A 56934
   2788.77107 11.076 11.022 11.064 11.052 11.065    0.035 0.046 0.035 0.040 0.046  A 56935
   2788.77328 11.052 11.054 11.062 11.058 11.085    0.036 0.047 0.036 0.042 0.048  A 56936
   2788.77549 11.053 10.995 11.053 11.075 11.137    0.060 0.066 0.066 0.077 0.090  D 56937
   2788.77991 11.631 11.688 11.476 11.376 11.430    0.083 0.085 0.093 0.109 0.129  D 56939
   2788.78212 11.074 11.065 11.061 11.048 11.052    0.045 0.057 0.048 0.056 0.066  A 56940
   2788.78435 11.045 11.053 11.059 11.050 11.081    0.066 0.070 0.070 0.080 0.094  D 56941
   2788.78877 11.041 10.999 11.049 11.051 11.074    0.047 0.056 0.051 0.061 0.070  B 56943
   2788.79098 11.102 11.027 11.106 11.075 11.080    0.040 0.051 0.042 0.048 0.054  A 56944
   2788.79319 11.036 11.062 11.028 11.016 11.036    0.035 0.051 0.037 0.041 0.046  A 56945
   2788.79540 11.053 10.981 11.066 11.058 11.082    0.041 0.056 0.042 0.050 0.057  A 56946
   3452.86073 11.239 11.228 11.238 11.212 11.205    0.039 0.050 0.040 0.046 0.054  A 135572
#ndata= 1
#dataset= 2 ; 1 F1632-16_274
#desig= 170835-1843.9
#cra=   17.142950  17:08:34.6
#cdec= -18.731830 -18:43:54.6
#class= 0
#cmag_0= 11.037
#cmer_0=  0.000
#nskip_0= 0
#cmag_1= 11.116
#cmer_1=  0.000
#nskip_1= 0
#cmag_2= 11.109
#cmer_2=  0.000
#nskip_2= 0
#cmag_3= 11.111
#cmer_3=  0.000
#nskip_3= 0
#cmag_4= 11.116
#cmer_4=  0.000
#nskip_4= 0
#ra=   17.142950  17:08:34.6
#dec= -18.731830 -18:43:54.6
#     HJD      MAG_1  MAG_0  MAG_2  MAG_3  MAG_4    MER_1 MER_0 MER_2 MER_3 MER_4 GRADE FRAME
   2696.85275 11.117 11.038 11.110 11.112 11.117    0.040 0.041 0.035 0.039 0.042  A 42182
#ndata= 423
#dataset= 3 ; 1 F1704-16_275
#desig= 170835-1843.9
#cra=   17.142951  17:08:34.6
#cdec= -18.732326 -18:43:56.4
#class= 0
#cmag_0= 11.196
#cmer_0=  0.091
#nskip_0= 2
#cmag_1= 11.193
#cmer_1=  0.087
#nskip_1= 2
#cmag_2= 11.192
#cmer_2=  0.088
#nskip_2= 1
#cmag_3= 11.192
#cmer_3=  0.090
#nskip_3= 1
#cmag_4= 11.195
#cmer_4=  0.092
#nskip_4= 1
#ra=   17.142951  17:08:34.6
#dec= -18.732326 -18:43:56.4
#     HJD      MAG_1  MAG_0  MAG_2  MAG_3  MAG_4    MER_1 MER_0 MER_2 MER_3 MER_4 GRADE FRAME
   1936.87941 11.095 11.136 11.135 11.156 11.168    0.035 0.042 0.031 0.035 0.041  A 8093
   1939.88666 11.099 11.079 11.138 11.166 11.176    0.039 0.043 0.037 0.043 0.053  A 8461
   1946.89740 11.128 11.112 11.150 11.195 11.280    0.050 0.051 0.054 0.067 0.079  B 8877
   1949.86384 11.125 11.084 11.136 11.151 11.176    0.038 0.050 0.031 0.033 0.038  A 9288
   1953.86239 11.179 11.182 11.192 11.193 11.211    0.040 0.043 0.035 0.038 0.042  A 9771
   1961.87367 11.201 11.186 11.213 11.194 11.219    0.038 0.040 0.030 0.031 0.033  A 10584
   1963.86126 11.218 11.207 11.219 11.236 11.208    0.040 0.044 0.031 0.036 0.034  A 10906
   1965.85185 11.189 11.201 11.188 11.207 11.216    0.039 0.043 0.032 0.036 0.036  A 11271
   1967.85144 11.213 11.182 11.203 11.218 11.216    0.038 0.041 0.030 0.032 0.031  A 11615
   1978.80599 11.165 11.186 11.156 11.164 11.140    0.046 0.051 0.039 0.044 0.045  A 12107
   1979.84283 11.151 11.101 11.160 11.169 11.150    0.048 0.056 0.042 0.049 0.045  A 12315
   1980.81952 11.187 11.165 11.174 11.154 11.161    0.050 0.056 0.044 0.050 0.046  A 12451
   1981.83690 11.135 11.106 11.132 11.131 11.127    0.044 0.049 0.039 0.045 0.041  A 12642
   1994.76904 11.245 11.235 11.275 11.272 11.276    0.051 0.060 0.044 0.053 0.050  A 13502
   1995.82963 11.138 11.146 11.155 11.151 11.169    0.052 0.063 0.045 0.053 0.052  B 13727
   1996.82839 11.164 11.167 11.189 11.147 11.170    0.053 0.067 0.043 0.049 0.050  B 13921
   1997.87543 11.177 11.173 11.179 11.134 11.123    0.057 0.071 0.047 0.052 0.054  B 14148
   1998.81882 11.168 11.127 11.183 11.155 11.161    0.056 0.068 0.046 0.052 0.052  B 14324
   2000.83231 11.107 11.104 11.092 11.075 11.076    0.056 0.066 0.046 0.051 0.050  B 14731
   2005.80772 11.072 11.068 11.068 11.041 11.040    0.065 0.081 0.055 0.061 0.064  D 14849
   2007.75368 11.032 11.024 10.993 10.988 11.024    0.067 0.079 0.057 0.063 0.065  D 15011
   2008.74732 10.972 10.946 10.983 10.970 10.981    0.062 0.073 0.052 0.059 0.061  D 15217
   2014.76910 11.095 11.081 11.096 11.070 11.076    0.055 0.070 0.046 0.054 0.055  B 15835
   2016.78753 11.071 11.101 11.078 11.039 11.079    0.052 0.062 0.044 0.051 0.050  B 16024
   2025.73576 11.291 11.256 11.255 11.258 11.269    0.028 0.044 0.026 0.030 0.033  A 17233
   2026.76164 11.304 11.289 11.298 11.293 11.287    0.028 0.044 0.026 0.030 0.034  A 17461
   2027.74744 11.296 11.293 11.276 11.265 11.267    0.027 0.040 0.024 0.027 0.031  A 17674
   2031.74317 11.268 11.260 11.243 11.218 11.213    0.025 0.045 0.024 0.028 0.031  A 18058
   2032.73934 11.249 11.209 11.228 11.222 11.216    0.025 0.037 0.023 0.026 0.029  A 18278
   2040.77813 11.097 11.093 11.101 11.101 11.086    0.031 0.050 0.032 0.036 0.041  A 19519
   2052.69441 11.014 10.986 11.001 10.989 11.000    0.031 0.053 0.029 0.032 0.035  A 19840
   2053.70587 11.002 10.979 10.990 10.979 10.969    0.026 0.049 0.025 0.029 0.031  A 20055
   2054.69935 11.002 11.030 10.999 10.997 11.000    0.031 0.055 0.027 0.029 0.032  A 20273
   2055.68601 11.052 11.048 11.057 11.074 11.092    0.031 0.057 0.029 0.034 0.039  A 20488
   2056.68046 11.029 11.028 11.023 11.024 11.015    0.032 0.062 0.029 0.033 0.035  A 20713
   2057.67856 11.045 11.044 11.043 11.035 11.028    0.027 0.049 0.025 0.029 0.032  A 20940
   2058.68216 11.049 11.026 11.051 11.044 11.046    0.030 0.058 0.027 0.030 0.034  A 21171
   2061.67878 11.029 10.998 11.043 11.039 11.026    0.029 0.047 0.026 0.029 0.033  A 21398
   2068.70417 11.106 11.066 11.084 11.067 11.051    0.031 0.052 0.030 0.032 0.037  A 22102
   2070.65408 11.116 11.120 11.107 11.095 11.079    0.028 0.050 0.026 0.028 0.031  A 22534
   2071.67539 11.097 11.100 11.102 11.077 11.049    0.056 0.063 0.064 0.075 0.089  D 22731
   2080.56969 11.216 11.246 11.204 11.212 11.223    0.029 0.054 0.025 0.029 0.033  A 22866
   2081.63119 11.179 11.170 11.195 11.200 11.214    0.030 0.055 0.027 0.030 0.033  A 23119
   2082.64008 11.204 11.191 11.209 11.218 11.220    0.030 0.054 0.028 0.031 0.034  A 23347
   2083.62437 11.136 11.154 11.118 11.109 11.095    0.035 0.057 0.037 0.043 0.049  A 23584
   2085.61961 11.185 11.253 11.159 11.152 11.163    0.027 0.045 0.025 0.028 0.032  A 23810
   2086.61877 11.172 11.187 11.180 11.203 11.220    0.028 0.049 0.026 0.028 0.032  A 24033
   2087.61864 11.208 11.232 11.165 11.152 11.158    0.031 0.054 0.029 0.034 0.038  A 24253
   2088.61740 11.163 11.130 11.168 11.169 11.167    0.027 0.050 0.024 0.028 0.031  A 24481
   2096.59451 11.089 11.069 11.065 11.047 11.048    0.044 0.060 0.048 0.058 0.065  B 25431
   2102.57428 11.025 11.032 11.037 11.034 11.047    0.029 0.045 0.025 0.028 0.031  A 25635
   2103.58724 11.059 11.079 11.057 11.060 11.070    0.026 0.042 0.025 0.030 0.033  A 25787
   2105.57944 11.085 11.062 11.094 11.086 11.087    0.024 0.039 0.023 0.026 0.029  A 26206
   2106.58366 11.075 11.089 11.077 11.084 11.094    0.028 0.045 0.025 0.029 0.032  A 26412
   2109.57642 11.139 11.156 11.136 11.132 11.143    0.029 0.041 0.025 0.027 0.030  A 26581
   2115.54098 11.181 11.223 11.171 11.177 11.194    0.030 0.042 0.026 0.030 0.033  A 26825
   2116.55116 11.169 11.160 11.167 11.175 11.196    0.028 0.038 0.025 0.028 0.031  A 27048
   2117.54777 11.165 11.217 11.160 11.176 11.176    0.029 0.045 0.026 0.029 0.033  A 27268
   2124.52516 11.144 11.174 11.144 11.156 11.143    0.031 0.056 0.028 0.033 0.036  A 27604
   2125.53713 11.109 11.126 11.099 11.077 11.067    0.033 0.048 0.029 0.032 0.036  A 27820
   2128.52277 11.081 11.091 11.072 11.074 11.081    0.028 0.046 0.026 0.028 0.032  A 27888
   2130.51502 11.082 11.128 11.069 11.079 11.095    0.029 0.044 0.024 0.027 0.030  A 28315
   2131.53229 11.049 11.037 11.033 11.021 11.020    0.027 0.046 0.024 0.028 0.030  A 28522
   2133.50434 11.053 11.099 11.046 11.044 11.034    0.029 0.040 0.025 0.028 0.031  A 28938
   2142.49770 11.359 11.309 11.326 11.315 11.312    0.030 0.046 0.027 0.030 0.033  A 30539
   2156.53911 11.266 11.280 11.279 11.288 11.300    0.038 0.048 0.034 0.038 0.043  A 31608
   2172.54016 11.205 11.261 11.216 11.208 11.220    0.038 0.054 0.034 0.037 0.041  A 32754
   2177.49415 11.186 11.201 11.221 11.224 11.239    0.038 0.052 0.036 0.040 0.044  A 33369
   2180.50706 11.178 11.209 11.191 11.202 11.191    0.038 0.053 0.034 0.038 0.043  A 33736
   2440.63755 11.150 11.093 11.102 11.100 11.097    0.033 0.033 0.022 0.021 0.023  A 8057
   2441.64319 11.088 11.133 11.083 11.079 11.074    0.041 0.042 0.034 0.034 0.037  A 8280
   2442.63847 11.079 11.055 11.063 11.068 11.063    0.036 0.037 0.027 0.027 0.029  A 8485
   2444.63194 11.059 11.070 11.076 11.088 11.099    0.030 0.032 0.022 0.024 0.027  A 8873
   2445.62055 11.071 11.065 11.068 11.067 11.088    0.026 0.029 0.021 0.024 0.027  A 9085
   2446.64105 11.063 11.097 11.089 11.087 11.081    0.028 0.034 0.025 0.028 0.033  A 9257
   2452.60310 11.155 11.125 11.148 11.153 11.152    0.039 0.043 0.032 0.036 0.034  A 9446
   2453.61491 11.116 11.150 11.107 11.100 11.133    0.066 0.073 0.059 0.069 0.077  D 9621
   2459.57822 11.154 11.153 11.134 11.111 11.106    0.062 0.065 0.058 0.064 0.071  D 10100
   2460.62031 11.212 11.201 11.226 11.223 11.224    0.039 0.053 0.025 0.024 0.023  A 10195
   2464.59381 11.150 11.143 11.140 11.130 11.123    0.034 0.035 0.026 0.027 0.026  A 10818
   2465.59518 11.141 11.136 11.150 11.129 11.132    0.034 0.035 0.027 0.029 0.027  A 11039
   2466.58451 11.144 11.113 11.138 11.134 11.131    0.032 0.035 0.023 0.023 0.024  A 11253
   2467.58718 11.139 11.155 11.123 11.117 11.112    0.029 0.029 0.021 0.021 0.022  A 11473
   2468.58633 11.141 11.177 11.147 11.150 11.149    0.028 0.028 0.020 0.021 0.023  A 11691
   2469.57825 11.064 11.052 11.071 11.070 11.076    0.038 0.037 0.028 0.029 0.031  A 11903
   2470.60575 11.131 11.134 11.121 11.124 11.126    0.036 0.037 0.028 0.031 0.028  A 11980
   2473.55938 11.004 11.026 10.997 10.985 10.994    0.038 0.040 0.030 0.034 0.032  A 12648
   2481.53753 11.023 10.989 11.013 11.015 11.007    0.042 0.049 0.036 0.045 0.041  A 12953
   2482.56905 10.967 10.966 10.950 10.942 10.960    0.044 0.049 0.036 0.043 0.039  A 13126
   2486.54568 11.018 11.039 11.019 10.987 10.995    0.042 0.049 0.035 0.037 0.036  A 13281
   2489.53685 11.110 11.063 11.090 11.101 11.093    0.041 0.043 0.036 0.041 0.045  A 13803
   2491.52117 11.119 11.084 11.114 11.105 11.094    0.038 0.042 0.032 0.037 0.032  A 14189
   2493.53447 11.192 11.153 11.183 11.186 11.179    0.036 0.040 0.029 0.032 0.030  A 14428
   2495.51493 11.214 11.206 11.198 11.207 11.180    0.041 0.046 0.036 0.041 0.034  A 14748
   2498.50581 11.207 11.234 11.208 11.220 11.220    0.034 0.038 0.025 0.027 0.028  A 15379
   2499.51815 11.261 11.209 11.218 11.203 11.183    0.032 0.035 0.023 0.023 0.025  A 15595
   2508.55355 11.107 11.113 11.090 11.103 11.120    0.035 0.038 0.027 0.030 0.034  A 16757
   2510.49887 11.119 11.120 11.123 11.134 11.069    0.087 0.083 0.094 0.106 0.121  D 16918
   2511.57314 11.009 11.066 11.004 11.010 11.013    0.047 0.047 0.043 0.050 0.057  A 17065
   2520.49842 11.101 11.129 11.117 11.122 11.127    0.027 0.027 0.021 0.023 0.025  A 18143
   2521.52007 11.087 11.126 11.105 11.096 11.100    0.024 0.030 0.020 0.021 0.022  A 18348
   2524.52503 11.128 11.133 11.103 11.092 11.089    0.039 0.044 0.029 0.029 0.028  A 18604
   2526.55660 11.177 11.145 11.166 11.158 11.162    0.027 0.035 0.028 0.029 0.032  A 18809
   2540.51288 11.171 11.160 11.212 11.190 11.162    0.051 0.066 0.045 0.052 0.050  B 19660
   2544.51361 11.147 11.145 11.174 11.164 11.161    0.036 0.041 0.029 0.030 0.031  A 19931
   2548.51092 11.145 11.139 11.125 11.133 11.116    0.025 0.032 0.021 0.023 0.025  A 20542
   2553.50313 11.155 11.150 11.145 11.145 11.140    0.040 0.047 0.029 0.029 0.031  A 21271
   2559.48376 11.140 11.107 11.146 11.170 11.187    0.066 0.062 0.077 0.096 0.110  D 22164
   2677.87165 11.168 11.168 11.159 11.156 11.141    0.032 0.034 0.030 0.034 0.038  A 38906
   2681.87205 11.153 11.140 11.135 11.128 11.137    0.029 0.030 0.024 0.027 0.029  A 39558
   2684.87088 11.291 11.246 11.233 11.213 11.186    0.032 0.029 0.027 0.031 0.035  A 40094
   2690.86386 11.154 11.156 11.151 11.142 11.161    0.039 0.035 0.036 0.041 0.047  A 41190
   2697.86089 11.077 11.129 11.088 11.087 11.087    0.037 0.034 0.038 0.037 0.037  A 42414
   2700.88593 11.137 11.146 11.148 11.159 11.161    0.025 0.027 0.023 0.027 0.030  A 43001
   2706.83828 11.221 11.253 11.240 11.245 11.263    0.026 0.024 0.023 0.027 0.029  A 44114
   2711.82303 11.330 11.275 11.319 11.311 11.294    0.034 0.032 0.029 0.031 0.034  A 45021
   2713.85001 11.265 11.265 11.264 11.265 11.275    0.021 0.024 0.020 0.022 0.025  A 45409
   2717.83220 11.256 11.258 11.270 11.262 11.253    0.031 0.028 0.028 0.031 0.034  A 45939
   2723.90434 11.217 11.242 11.212 11.207 11.210    0.025 0.029 0.024 0.027 0.031  A 46976
   2725.82981 11.198 11.243 11.198 11.194 11.201    0.024 0.029 0.023 0.027 0.030  A 47346
   2729.81689 11.075 11.099 11.088 11.065 11.078    0.030 0.028 0.024 0.029 0.031  A 48138
   2732.82584 11.047 11.114 11.062 11.070 11.076    0.037 0.028 0.027 0.027 0.026  A 48492
   2734.79793 11.077 11.096 11.064 11.076 11.075    0.025 0.025 0.022 0.025 0.028  A 48893
   2736.78712 99.999 99.999 99.999 99.999 99.999    0.021 0.028 0.020 0.023 0.025  C 49279
   2738.81340 11.167 11.124 11.158 11.146 11.152    0.023 0.028 0.021 0.024 0.027  A 49668
   2740.79510 11.196 11.138 11.181 11.180 11.182    0.024 0.024 0.017 0.019 0.021  A 50021
   2742.78176 11.242 11.238 11.196 11.207 11.199    0.031 0.033 0.033 0.040 0.047  A 50418
   2744.77812 11.241 11.280 11.234 11.241 11.245    0.033 0.035 0.028 0.033 0.036  A 50780
   2750.83263 11.258 11.231 11.245 11.240 11.227    0.039 0.036 0.029 0.033 0.035  A 51716
   2752.77318 11.288 11.280 11.268 11.247 11.242    0.030 0.027 0.025 0.027 0.030  A 52082
   2755.75816 11.255 11.227 11.241 11.237 11.225    0.033 0.028 0.025 0.028 0.027  A 52511
   2757.76872 11.205 11.245 11.209 11.207 11.211    0.026 0.030 0.020 0.022 0.025  A 52931
   2759.81109 11.203 11.234 11.203 11.207 11.210    0.025 0.024 0.021 0.023 0.026  A 53293
   2761.75291 11.216 11.226 11.203 11.184 11.163    0.021 0.033 0.019 0.021 0.024  A 53679
   2763.75190 11.125 11.191 11.133 11.135 11.136    0.025 0.032 0.021 0.024 0.026  A 54074
   2768.78924 11.158 11.114 11.155 11.146 11.142    0.026 0.034 0.024 0.027 0.030  A 54630
   2770.76602 11.164 11.112 11.155 11.138 11.130    0.031 0.045 0.026 0.027 0.031  A 54908
   2782.80048 11.100 11.153 11.089 11.094 11.104    0.029 0.036 0.025 0.026 0.030  A 55782
   2784.71161 11.034 11.094 11.034 11.028 11.027    0.023 0.029 0.021 0.024 0.026  A 56163
   2786.66002 11.010 11.050 11.021 11.047 11.061    0.022 0.026 0.021 0.023 0.025  A 56575
   2787.80281 11.071 11.074 11.068 11.053 11.035    0.032 0.031 0.027 0.025 0.027  A 56864
   2791.63710 11.164 11.138 11.154 11.155 11.156    0.025 0.026 0.022 0.024 0.027  A 57546
   2794.70856 11.181 11.218 11.174 11.176 11.177    0.027 0.032 0.024 0.026 0.027  A 58092
   2805.68490 11.208 11.209 11.237 11.223 11.230    0.037 0.035 0.032 0.039 0.045  A 59225
   2809.68509 11.086 11.105 11.115 11.113 11.101    0.035 0.030 0.026 0.029 0.031  A 59523
   2810.82012 11.092 11.081 11.087 11.081 11.083    0.025 0.032 0.024 0.028 0.031  A 59805
   2812.62893 11.106 11.131 11.093 11.090 11.087    0.034 0.031 0.029 0.030 0.033  A 60178
   2813.79896 11.038 11.031 99.999 99.999 99.999    0.033 0.040 0.026 0.027 0.029  C 60479
   2820.68084 11.156 11.120 11.133 11.152 11.146    0.031 0.032 0.024 0.028 0.031  A 61530
   2826.71647 11.179 11.199 11.191 11.196 11.202    0.029 0.029 0.022 0.025 0.027  A 62063
   2833.60713 11.115 11.144 11.109 11.104 11.139    0.078 0.073 0.089 0.109 0.132  D 63130
   2834.71477 11.241 11.213 11.213 11.235 11.229    0.040 0.038 0.038 0.042 0.046  A 63369
   2836.57450 11.177 11.167 11.176 11.180 11.192    0.026 0.026 0.022 0.026 0.028  A 63653
   2839.63235 11.180 11.192 11.193 11.185 11.173    0.025 0.027 0.022 0.025 0.027  A 64107
   2841.68445 11.165 11.184 11.181 11.177 11.163    0.029 0.029 0.026 0.029 0.032  A 64560
   2843.62922 11.217 11.184 11.222 11.234 11.231    0.034 0.034 0.030 0.034 0.039  A 64904
   2851.55725 11.272 11.286 11.268 11.266 11.264    0.025 0.024 0.020 0.023 0.025  A 65406
   2855.59941 11.298 11.290 11.279 11.272 11.249    0.032 0.033 0.028 0.032 0.034  A 66044
   2860.53100 11.228 11.222 11.214 11.227 11.213    0.031 0.030 0.027 0.032 0.034  A 66707
   2861.69738 11.236 11.193 11.229 11.243 11.254    0.033 0.034 0.031 0.036 0.040  A 66987
   2866.51478 11.195 11.206 99.999 99.999 99.999    0.029 0.028 0.022 0.025 0.026  C 67507
   2867.67484 11.209 11.209 11.210 11.219 11.218    0.030 0.031 0.026 0.030 0.033  A 67778
   2872.49429 11.147 11.184 11.137 11.135 11.124    0.027 0.028 0.021 0.024 0.025  A 68104
   2874.66268 11.145 11.196 11.160 11.171 11.193    0.027 0.029 0.022 0.026 0.028  A 68380
   2876.61992 11.135 11.159 11.134 11.131 11.123    0.026 0.030 0.021 0.023 0.026  A 68754
   2878.61740 11.144 11.183 11.134 11.139 11.161    0.035 0.034 0.034 0.038 0.045  A 69147
   2882.56083 11.259 11.270 11.258 11.268 11.266    0.027 0.033 0.026 0.030 0.033  A 69475
   2888.48197 11.262 11.283 11.282 11.278 11.269    0.038 0.032 0.028 0.032 0.033  A 70380
   2892.48296 11.274 11.261 11.266 11.243 11.252    0.045 0.053 0.036 0.046 0.043  A 70620
   2896.55108 11.224 11.247 11.222 11.228 11.226    0.035 0.035 0.026 0.028 0.028  A 71436
   2898.54450 11.134 11.195 11.132 11.141 11.133    0.023 0.028 0.021 0.023 0.025  A 71831
   2904.52601 11.147 11.149 11.111 11.105 11.090    0.049 0.051 0.032 0.037 0.036  A 72812
   2906.52177 11.093 11.068 11.081 11.074 11.072    0.025 0.037 0.021 0.024 0.027  A 73133
   2909.52304 11.184 11.139 11.149 11.131 11.109    0.042 0.040 0.029 0.033 0.030  A 73556
   2915.48852 11.210 11.269 11.214 11.233 11.214    0.031 0.034 0.027 0.030 0.033  A 74323
   2917.52254 11.251 11.311 11.240 11.247 11.260    0.028 0.030 0.028 0.031 0.035  A 74718
   2921.52302 11.374 11.354 11.356 11.389 11.418    0.039 0.037 0.042 0.052 0.059  B 75041
   2927.51393 11.300 11.344 11.342 11.358 11.383    0.028 0.027 0.023 0.027 0.031  A 75951
   2930.49652 11.282 11.272 11.279 11.274 11.253    0.026 0.031 0.023 0.026 0.030  A 76485
   2935.49207 11.260 11.339 11.292 11.307 11.364    0.036 0.039 0.038 0.046 0.055  A 77373
   3054.86984 11.286 11.308 11.288 11.283 99.999    0.034 0.036 0.034 0.039 0.044  C 91486
   3062.86533 11.265 11.278 11.286 11.263 11.280    0.042 0.040 0.046 0.056 0.067  B 92558
   3067.89289 11.245 11.231 11.235 11.230 11.234    0.027 0.032 0.027 0.032 0.037  A 93134
   3070.88104 11.339 11.360 11.343 11.339 11.320    0.030 0.035 0.029 0.034 0.038  A 93566
   3074.85595 11.324 11.299 11.309 11.305 11.306    0.032 0.033 0.032 0.038 0.043  A 94066
   3079.83294 11.285 11.262 11.270 11.301 11.299    0.034 0.034 0.035 0.039 0.044  A 94777
   3082.86825 11.239 11.239 11.216 11.230 11.221    0.035 0.044 0.034 0.038 0.043  A 95234
   3086.86672 11.158 11.126 11.142 11.139 11.134    0.025 0.032 0.024 0.028 0.032  A 95535
   3089.87017 11.161 11.225 11.183 11.188 11.178    0.034 0.029 0.029 0.033 0.038  A 95992
   3092.85018 11.297 11.344 11.307 11.298 11.313    0.036 0.034 0.033 0.035 0.038  A 96455
   3096.88334 11.342 11.308 11.324 11.306 11.299    0.037 0.048 0.042 0.049 0.053  A 96734
   3098.86791 11.285 11.238 11.294 11.313 11.326    0.028 0.034 0.027 0.032 0.037  A 97050
   3101.81484 11.319 11.291 11.312 11.319 11.338    0.033 0.030 0.032 0.038 0.044  A 97489
   3106.85720 11.170 11.167 11.138 11.133 11.149    0.035 0.035 0.034 0.040 0.047  A 98298
   3109.79694 11.235 11.273 11.235 11.232 11.250    0.027 0.043 0.025 0.028 0.032  A 98744
   3112.78314 11.241 11.247 11.242 11.255 11.258    0.029 0.028 0.027 0.030 0.034  A 99208
   3114.84896 11.226 11.199 11.226 11.224 11.230    0.029 0.033 0.024 0.027 0.031  A 99563
   3118.79248 11.276 11.300 11.292 11.303 11.346    0.048 0.046 0.049 0.059 0.070  B 99973
   3122.78479 11.188 11.216 11.201 11.208 11.229    0.029 0.034 0.027 0.031 0.035  A 100262
   3124.83329 11.154 11.192 11.166 11.180 11.202    0.028 0.028 0.027 0.031 0.035  A 100617
   3126.81115 11.249 11.251 11.251 11.255 11.243    0.030 0.037 0.027 0.032 0.037  A 100937
   3128.80100 11.275 11.344 11.279 11.277 11.276    0.031 0.036 0.030 0.035 0.041  A 101254
   3133.78579 11.289 11.332 11.303 11.293 11.300    0.034 0.030 0.030 0.033 0.037  A 102030
   3144.81570 11.386 11.407 11.377 11.371 11.353    0.026 0.026 0.023 0.026 0.029  A 103331
   3152.83444 11.224 11.210 11.215 11.208 11.195    0.033 0.032 0.035 0.042 0.047  A 103663
   3154.67281 11.174 11.125 11.153 11.157 11.165    0.024 0.029 0.023 0.027 0.030  A 103952
   3160.72956 11.138 11.109 11.167 11.210 11.195    0.047 0.046 0.050 0.061 0.072  B 104724
   3163.74201 11.245 11.270 11.241 11.240 11.246    0.026 0.026 0.023 0.027 0.031  A 105055
   3165.76539 11.334 11.332 11.373 11.408 11.428    0.036 0.035 0.036 0.043 0.053  A 105409
   3168.77577 11.271 11.321 11.286 11.295 11.291    0.025 0.026 0.024 0.028 0.031  A 105796
   3171.72724 11.275 11.282 11.271 11.252 11.226    0.030 0.028 0.025 0.028 0.033  A 106212
   3175.72051 11.410 11.384 11.392 11.386 11.385    0.028 0.027 0.025 0.029 0.034  A 106615
   3180.65439 11.330 11.322 11.313 11.331 11.343    0.030 0.031 0.030 0.037 0.044  A 107347
   3183.65317 11.302 11.314 11.295 11.307 11.343    0.037 0.041 0.040 0.046 0.052  A 107659
   3189.59176 11.321 11.316 11.318 11.311 11.307    0.033 0.036 0.032 0.037 0.042  A 108410
   3191.71752 11.319 11.303 11.319 11.326 11.354    0.034 0.040 0.034 0.040 0.047  A 108750
   3270.48370 11.215 11.208 11.223 11.221 11.225    0.034 0.039 0.030 0.036 0.042  A 115744
   3272.55416 11.173 11.235 11.176 11.178 11.171    0.028 0.031 0.028 0.034 0.040  A 116048
   3275.54497 11.239 11.281 11.237 11.222 11.212    0.047 0.052 0.052 0.063 0.072  B 116437
   3278.52275 11.291 11.241 11.268 11.265 11.257    0.030 0.034 0.027 0.031 0.037  A 116807
   3298.48979 11.120 11.156 11.093 11.067 11.047    0.036 0.043 0.034 0.040 0.046  A 118757
   3398.87735 11.218 11.233 11.209 11.204 11.202    0.034 0.036 0.039 0.048 0.057  A 127718
   3402.88379 11.211 11.212 11.214 11.215 11.217    0.029 0.032 0.031 0.038 0.042  A 128183
   3408.88339 11.195 11.244 11.187 11.168 11.184    0.030 0.036 0.033 0.039 0.045  A 129118
   3412.88906 11.239 11.224 11.236 11.251 11.279    0.027 0.034 0.028 0.035 0.041  A 129707
   3416.86938 11.238 11.250 11.251 11.267 11.268    0.026 0.030 0.028 0.032 0.038  A 130349
   3420.86977 11.301 11.304 11.297 11.297 11.314    0.051 0.057 0.052 0.061 0.066  B 130988
   3423.88313 11.207 11.230 11.224 11.235 11.261    0.045 0.044 0.053 0.064 0.076  B 131458
   3427.85147 11.169 11.164 11.174 11.172 11.175    0.032 0.042 0.035 0.043 0.050  A 132064
   3430.88947 11.158 11.154 11.147 11.148 11.145    0.024 0.030 0.025 0.030 0.035  A 132283
   3436.90687 11.147 11.141 11.131 11.125 11.125    0.033 0.033 0.037 0.045 0.052  A 133083
   3442.90959 11.244 11.229 11.241 11.231 11.236    0.024 0.030 0.026 0.032 0.037  A 133686
   3446.83620 11.270 11.249 11.266 11.264 11.265    0.024 0.031 0.025 0.029 0.032  A 134641
   3449.86597 11.259 11.291 11.260 11.259 11.239    0.032 0.052 0.036 0.044 0.051  A 135149
   3452.86073 11.257 11.260 11.253 11.242 11.222    0.031 0.041 0.032 0.039 0.041  A 135572
   3455.80051 11.263 11.316 11.284 11.319 11.338    0.050 0.079 0.052 0.062 0.068  B 136064
   3457.83754 11.160 11.161 11.149 11.111 11.069    0.047 0.059 0.051 0.058 0.064  B 136431
   3462.79807 11.144 11.146 11.132 11.122 11.122    0.033 0.049 0.031 0.036 0.042  A 137226
   3464.89944 11.158 11.212 11.179 11.182 11.208    0.038 0.063 0.032 0.036 0.041  A 137585
   3467.83093 11.219 11.192 11.205 11.207 11.200    0.025 0.031 0.025 0.029 0.033  A 137988
   3470.81423 11.246 11.258 11.258 11.272 11.285    0.025 0.027 0.027 0.032 0.038  A 138463
   3473.79846 11.240 11.239 11.236 11.240 11.253    0.024 0.030 0.023 0.026 0.030  A 138932
   3476.79859 11.205 11.185 11.185 11.177 11.191    0.029 0.039 0.031 0.038 0.045  A 139426
   3478.82340 11.187 11.128 11.166 11.158 11.155    0.035 0.061 0.034 0.038 0.043  A 139784
   3480.84772 11.210 11.217 11.215 11.225 11.260    0.035 0.050 0.034 0.038 0.042  A 140071
   3482.81563 11.168 11.201 11.169 11.161 11.172    0.036 0.041 0.039 0.048 0.055  A 140382
   3484.86372 11.223 11.194 11.258 11.288 11.278    0.058 0.073 0.061 0.073 0.086  D 140687
   3489.81128 11.197 11.169 11.192 11.189 11.195    0.036 0.060 0.033 0.037 0.043  A 141013
   3491.83655 11.234 11.227 11.239 11.223 11.211    0.038 0.066 0.036 0.041 0.046  A 141376
   3498.83603 11.350 11.383 11.365 11.386 11.394    0.053 0.058 0.060 0.074 0.087  D 142018
   3501.73257 11.353 11.371 11.339 11.345 11.346    0.031 0.041 0.033 0.040 0.045  A 142481
   3503.77441 11.352 11.422 11.357 11.357 11.355    0.040 0.072 0.039 0.042 0.045  A 142853
   3506.80180 11.243 11.213 11.219 11.208 11.207    0.029 0.032 0.026 0.031 0.034  A 143198
   3509.77398 11.080 11.028 11.051 11.046 11.041    0.029 0.035 0.025 0.028 0.032  A 143468
   3511.89550 11.027 11.062 11.042 11.048 11.053    0.033 0.045 0.028 0.032 0.036  A 143757
   3516.73936 11.051 11.079 11.041 11.039 11.029    0.032 0.035 0.034 0.042 0.049  A 144208
   3520.69690 11.164 11.183 11.174 11.195 11.215    0.032 0.045 0.033 0.036 0.040  A 144692
   3522.71201 11.199 11.170 11.210 11.224 11.212    0.044 0.063 0.046 0.050 0.056  B 145046
   3524.73405 11.241 11.187 11.244 11.230 11.272    0.049 0.083 0.049 0.057 0.065  B 145371
   3526.76157 11.288 11.292 11.266 11.255 11.276    0.050 0.083 0.052 0.062 0.070  B 145720
   3528.75729 11.316 11.347 11.304 11.305 11.318    0.040 0.077 0.036 0.039 0.041  B 146049
   3537.68040 99.999 99.999 99.999 99.999 99.999    0.034 0.046 0.035 0.043 0.050  C 146725
   3539.66241 11.154 11.157 11.117 11.119 11.079    0.076 0.084 0.083 0.102 0.118  D 147041
   3543.66419 11.103 11.092 11.090 11.069 11.069    0.045 0.071 0.047 0.055 0.063  B 147563
   3546.73349 11.055 11.078 11.058 11.038 11.087    0.074 0.079 0.087 0.110 0.131  D 147900
   3550.68938 11.161 11.188 11.157 11.156 11.156    0.037 0.061 0.035 0.040 0.046  A 148232
   3552.72772 11.186 11.245 11.180 11.178 11.161    0.036 0.069 0.032 0.035 0.038  A 148493
   3555.72199 11.176 11.133 11.172 11.180 11.192    0.028 0.044 0.024 0.027 0.030  A 148951
   3558.73228 11.211 11.182 11.206 11.193 11.203    0.049 0.080 0.052 0.062 0.072  B 149261
   3560.74147 11.127 11.096 11.145 11.149 11.140    0.035 0.055 0.032 0.035 0.037  A 149595
   3563.55703 11.160 11.182 11.154 11.163 11.181    0.025 0.033 0.026 0.030 0.034  A 150056
   3571.58545 11.132 11.132 11.131 11.138 11.149    0.029 0.031 0.027 0.032 0.038  A 150888
   3574.61104 11.115 11.086 11.110 11.102 11.097    0.029 0.039 0.026 0.029 0.033  A 151274
   3576.62980 11.141 11.143 11.134 11.123 11.121    0.025 0.031 0.023 0.027 0.032  A 151640
   3578.63020 11.170 11.179 11.166 11.164 11.179    0.030 0.047 0.027 0.030 0.033  A 151973
   3583.54610 11.164 11.143 11.161 11.161 11.165    0.047 0.076 0.042 0.045 0.048  B 152802
   3585.58994 11.243 11.335 11.250 11.276 11.281    0.048 0.090 0.043 0.044 0.046  D 153165
   3587.59734 11.227 11.258 11.224 11.222 11.220    0.030 0.045 0.025 0.028 0.032  A 153509
   3589.60903 11.237 11.233 11.233 11.240 11.237    0.032 0.052 0.029 0.031 0.035  A 153834
   3591.68396 11.177 11.107 11.185 11.181 11.179    0.040 0.075 0.034 0.037 0.040  B 154199
   3594.51042 11.251 11.286 11.239 11.225 11.226    0.041 0.082 0.037 0.040 0.043  B 154657
   3599.56850 11.106 11.091 11.129 11.131 11.137    0.031 0.033 0.029 0.034 0.040  A 155245
   3601.60584 11.118 11.078 11.115 11.120 11.125    0.032 0.049 0.032 0.038 0.043  A 155548
   3603.61011 11.111 11.138 11.115 11.114 11.111    0.025 0.028 0.025 0.030 0.035  A 155874
   3606.60856 11.170 11.191 11.171 11.166 11.166    0.028 0.040 0.026 0.030 0.033  A 156188
   3615.51572 11.347 11.342 11.343 11.364 11.382    0.040 0.065 0.038 0.043 0.049  A 156853
   3618.55245 11.290 11.246 11.264 11.255 11.256    0.028 0.032 0.028 0.032 0.037  A 157257
   3626.49551 11.145 11.114 11.139 11.127 11.131    0.028 0.032 0.025 0.029 0.033  A 158273
   3629.56907 11.008 10.996 11.008 11.002 11.013    0.036 0.044 0.034 0.040 0.048  A 158594
   3631.56674 11.047 11.062 11.044 11.045 11.046    0.037 0.050 0.036 0.043 0.049  A 158932
   3633.58301 10.999 11.020 10.999 10.999 11.027    0.034 0.034 0.035 0.041 0.047  A 159208
   3637.55269 10.988 11.001 10.973 10.964 10.951    0.026 0.030 0.027 0.032 0.037  A 159680
   3641.52769 11.050 11.079 11.060 11.052 11.051    0.034 0.054 0.028 0.031 0.034  A 160140
   3643.55726 11.089 11.086 11.095 11.104 11.110    0.030 0.046 0.027 0.031 0.034  A 160431
   3647.52413 11.192 11.196 11.205 11.209 11.220    0.027 0.030 0.024 0.027 0.031  A 160866
   3653.49053 11.241 11.255 11.249 11.248 11.245    0.029 0.042 0.028 0.033 0.038  A 161711
   3657.49879 11.286 11.277 11.295 11.290 11.280    0.026 0.033 0.028 0.034 0.040  A 162273
   3660.48999 11.289 11.303 11.258 11.258 11.266    0.041 0.059 0.040 0.048 0.054  A 162732
   3764.87848 11.149 11.127 11.140 11.146 11.157    0.039 0.044 0.043 0.050 0.059  B 176232
   3772.88812 11.289 11.322 11.281 11.292 11.299    0.030 0.033 0.035 0.042 0.050  A 177297
   3790.86473 11.272 11.304 11.265 11.259 11.258    0.028 0.039 0.031 0.037 0.043  A 179324
   3794.87945 11.223 11.258 11.230 11.238 11.249    0.029 0.030 0.031 0.037 0.044  A 179913
   3798.85507 11.186 11.189 11.191 11.214 11.236    0.034 0.047 0.037 0.042 0.046  A 180468
   3802.88366 11.158 11.197 11.157 11.186 11.209    0.047 0.076 0.047 0.055 0.061  B 180967
   3806.84493 11.125 11.156 11.126 11.151 11.146    0.033 0.046 0.034 0.038 0.045  A 181537
   3813.85707 11.183 11.186 11.197 11.201 11.197    0.030 0.040 0.033 0.039 0.044  A 182531
   3817.90846 11.253 11.220 11.243 11.241 11.243    0.028 0.034 0.030 0.038 0.044  A 183183
   3820.84264 11.298 11.263 11.312 11.322 11.345    0.034 0.037 0.037 0.046 0.055  A 183644
   3823.84552 11.319 11.290 11.326 11.329 11.349    0.036 0.050 0.039 0.046 0.054  A 184131
   3826.83520 11.301 11.291 11.290 11.283 11.281    0.029 0.036 0.030 0.036 0.043  A 184638
   3829.82619 11.203 11.198 11.201 11.172 11.157    0.034 0.055 0.034 0.039 0.044  A 185138
   3832.81889 11.264 11.266 11.281 11.301 11.312    0.028 0.031 0.031 0.038 0.045  A 185659
   3834.86770 11.151 11.164 11.188 11.200 11.210    0.040 0.066 0.038 0.043 0.050  A 186021
   3837.79445 11.155 11.146 11.150 11.142 11.132    0.036 0.054 0.036 0.043 0.051  A 186499
   3847.82768 11.176 11.200 11.175 11.188 11.197    0.042 0.072 0.044 0.053 0.061  B 186802
   3849.81674 11.172 11.146 11.169 11.181 11.177    0.039 0.071 0.034 0.038 0.041  A 187155
   3852.76899 11.133 11.161 11.136 11.152 11.140    0.027 0.031 0.030 0.036 0.043  A 187649
   3855.75717 11.130 11.156 11.116 11.121 11.115    0.050 0.058 0.055 0.067 0.077  B 188133
   3858.74808 11.191 11.195 11.185 11.182 11.192    0.031 0.045 0.030 0.034 0.037  A 188561
   3860.79486 11.224 11.266 11.236 11.231 11.223    0.036 0.062 0.033 0.037 0.042  A 188880
   3862.75375 11.271 11.260 11.259 11.257 11.267    0.035 0.060 0.030 0.033 0.036  A 189239
   3864.72263 11.270 11.311 11.266 11.271 11.277    0.029 0.044 0.028 0.033 0.037  A 189564
   3866.72628 11.290 11.316 11.283 11.265 11.279    0.030 0.038 0.029 0.035 0.041  A 189918
   3871.76617 11.314 11.328 11.311 11.315 11.312    0.029 0.035 0.030 0.035 0.040  A 190782
   3874.85559 11.279 11.249 11.271 11.272 11.273    0.033 0.058 0.031 0.035 0.038  A 191090
   3877.70124 11.238 11.241 11.228 11.225 11.223    0.025 0.030 0.024 0.027 0.030  A 191508
   3880.74214 11.099 11.116 11.106 11.094 11.075    0.025 0.031 0.023 0.027 0.031  A 191839
   3883.67813 11.073 11.059 11.067 11.066 11.072    0.037 0.071 0.034 0.038 0.040  A 192275
   3887.70241 11.078 11.129 11.085 11.094 11.113    0.033 0.060 0.030 0.033 0.036  A 192680
   3891.69629 11.147 11.145 11.128 11.134 11.139    0.028 0.034 0.026 0.029 0.033  A 193371
   3893.69155 11.184 11.194 11.182 11.180 11.174    0.028 0.043 0.028 0.033 0.037  A 193727
   3901.70726 11.356 11.346 11.345 11.335 11.333    0.040 0.071 0.037 0.041 0.045  A 194868
   3903.72423 11.286 11.287 11.292 11.279 11.270    0.035 0.058 0.031 0.036 0.039  A 195250
   3905.71617 11.242 11.239 11.271 11.275 11.276    0.046 0.081 0.041 0.044 0.047  B 195624
   3907.72577 11.239 11.296 11.227 11.216 11.219    0.040 0.074 0.035 0.038 0.040  A 196014
   3981.47965 11.196 11.232 11.202 11.210 11.205    0.033 0.051 0.032 0.036 0.040  A 203291
   3983.58405 11.187 11.199 11.179 11.178 11.165    0.054 0.075 0.063 0.074 0.079  B 203600
   4129.88176 11.168 11.219 11.170 11.173 11.170    0.033 0.042 0.035 0.041 0.047  A 212150
   4133.88312 11.299 11.303 11.287 11.268 11.293    0.036 0.037 0.040 0.049 0.057  A 212670
   4146.87557 11.282 11.239 11.295 11.288 11.286    0.044 0.045 0.050 0.059 0.064  B 214492
   4152.87169 11.161 11.163 11.174 11.185 11.191    0.032 0.038 0.032 0.038 0.044  A 215200
   4156.85882 11.120 11.139 11.101 11.097 11.093    0.037 0.063 0.043 0.052 0.056  A 215785
   4159.88904 11.145 11.109 11.170 11.191 11.173    0.040 0.060 0.044 0.052 0.058  A 216231
   4163.88399 11.157 11.198 11.168 11.186 11.198    0.050 0.051 0.064 0.081 0.097  D 216832
   4167.84969 11.261 11.246 11.243 11.224 11.208    0.069 0.075 0.073 0.080 0.086  D 217387
   4173.89533 11.280 11.333 11.283 11.278 11.256    0.039 0.053 0.036 0.041 0.046  A 218158
   4176.88870 11.289 11.312 11.282 11.274 11.245    0.035 0.042 0.037 0.045 0.052  A 218595
   4180.84080 11.295 11.326 11.303 11.300 11.314    0.057 0.052 0.064 0.074 0.083  B 219056
   4183.85478 11.252 11.287 11.266 11.271 11.265    0.035 0.040 0.036 0.043 0.050  A 219477
   4187.86884 11.233 11.224 11.221 11.220 11.221    0.035 0.035 0.033 0.040 0.044  A 219869
   4190.82698 11.131 11.159 11.130 11.118 11.120    0.044 0.057 0.048 0.053 0.058  B 220297
   4192.86625 11.175 11.129 11.147 11.140 11.130    0.034 0.044 0.030 0.036 0.040  A 220640
   4194.84373 11.184 11.190 11.182 11.200 11.210    0.036 0.044 0.032 0.038 0.042  A 220946
   4200.79359 11.279 11.312 11.276 11.296 11.304    0.034 0.038 0.033 0.037 0.043  A 221538
   4203.85065 11.385 11.384 11.405 11.418 11.426    0.030 0.034 0.028 0.030 0.034  A 221853
   4207.81855 11.363 11.298 11.373 11.389 11.392    0.050 0.069 0.052 0.059 0.066  B 222287
   4211.82554 11.217 11.207 11.228 11.198 11.213    0.074 0.086 0.084 0.099 0.112  D 222462
   4227.79151 11.322 11.286 11.299 11.307 11.314    0.036 0.042 0.029 0.033 0.037  A 223210
   4229.79075 11.306 11.253 11.288 11.263 11.248    0.032 0.047 0.028 0.032 0.037  A 223566
   4231.79137 11.275 11.289 11.255 11.234 11.250    0.037 0.051 0.037 0.042 0.046  A 223924
   4233.79380 11.275 11.243 11.255 11.264 11.273    0.033 0.038 0.032 0.039 0.045  A 224271
   4235.83031 11.239 11.257 11.263 11.285 11.301    0.026 0.030 0.024 0.028 0.032  A 224650
   4238.71087 11.278 11.259 11.284 11.280 11.273    0.034 0.039 0.032 0.039 0.044  A 225037
   4245.68304 11.256 11.162 11.291 11.325 11.302    0.057 0.057 0.069 0.083 0.100  D 226053
   4247.67212 11.241 11.202 11.198 11.195 11.207    0.042 0.048 0.044 0.050 0.054  A 226414
   4254.71711 11.230 11.181 11.214 11.205 11.180    0.046 0.053 0.052 0.065 0.070  B 227038
   4256.86532 11.273 11.306 11.286 11.294 11.268    0.031 0.035 0.030 0.035 0.040  A 227329
   4259.64979 11.362 11.392 11.372 11.370 11.351    0.046 0.043 0.050 0.057 0.064  B 227681
   4266.67740 11.482 11.520 11.487 11.538 11.557    0.081 0.068 0.099 0.122 0.145  D 227745
   4268.68486 11.548 11.557 11.580 11.607 11.662    0.073 0.069 0.079 0.089 0.101  D 227999
   4273.80987 11.215 11.245 11.206 11.191 11.195    0.053 0.047 0.056 0.062 0.065  B 228554
   4283.64100 11.058 11.156 11.060 11.075 11.081    0.051 0.074 0.052 0.060 0.067  B 229637
   4284.80104 11.101 11.128 11.115 11.120 11.131    0.039 0.052 0.036 0.041 0.047  A 229860
   4286.79041 11.102 11.141 11.128 11.128 11.099    0.070 0.075 0.079 0.099 0.122  D 230222
   4290.78000 11.199 11.205 11.196 11.208 11.217    0.036 0.041 0.032 0.035 0.037  A 230545
   4292.75160 11.195 11.196 11.200 11.188 11.194    0.033 0.041 0.027 0.031 0.034  A 230912
   4296.76429 11.372 11.380 11.404 11.423 11.429    0.048 0.059 0.052 0.059 0.066  B 231612
   4298.76210 11.276 11.314 11.287 11.293 11.295    0.037 0.040 0.037 0.045 0.054  A 231970
   4300.67412 11.260 11.256 11.252 11.242 11.236    0.047 0.068 0.046 0.052 0.059  B 232295
   4302.71722 11.273 11.271 11.308 11.329 11.348    0.034 0.041 0.028 0.031 0.036  A 232623
   4309.56643 11.184 11.163 11.191 11.186 11.183    0.049 0.064 0.052 0.061 0.069  B 233768
   4311.60098 11.228 11.186 11.255 11.275 11.290    0.037 0.051 0.033 0.037 0.042  A 234046
   4316.63338 11.282 11.266 11.243 11.235 11.223    0.036 0.047 0.031 0.035 0.038  A 234644
   4319.64404 11.262 11.220 11.239 11.234 11.227    0.035 0.049 0.029 0.033 0.036  A 234984
   4329.50468 11.373 11.363 11.349 11.350 11.355    0.043 0.048 0.046 0.054 0.061  B 235090
   4331.51184 11.304 11.303 11.306 11.318 11.314    0.032 0.037 0.026 0.030 0.034  A 235450
   4336.49261 11.175 11.180 11.161 11.171 11.172    0.057 0.057 0.057 0.070 0.082  B 236158
   4339.51616 11.209 11.223 11.239 11.241 11.266    0.036 0.044 0.031 0.035 0.038  A 236566
   4341.57091 11.193 11.201 11.150 11.115 11.098    0.055 0.054 0.067 0.088 0.101  D 236900
   4343.57266 11.257 11.275 11.261 11.253 11.226    0.037 0.054 0.036 0.040 0.044  A 237255
   4345.58899 11.288 11.271 11.263 11.260 11.270    0.032 0.040 0.027 0.030 0.034  A 237587
   4347.58679 11.238 11.253 11.237 11.243 11.246    0.029 0.038 0.025 0.028 0.032  A 237938
   4349.58540 11.224 11.228 11.226 11.219 11.234    0.036 0.044 0.035 0.041 0.046  A 238274
   4351.58555 11.196 11.248 11.207 11.207 11.219    0.039 0.044 0.039 0.046 0.054  A 238580
   4354.56797 11.199 11.199 11.194 11.196 11.194    0.028 0.035 0.025 0.028 0.031  A 238974
   4356.59016 11.189 11.194 11.171 11.160 11.139    0.033 0.038 0.031 0.036 0.039  A 239330
   4358.56769 11.179 11.140 11.164 11.167 11.167    0.036 0.043 0.031 0.032 0.035  A 239607
   4364.47888 11.126 11.116 11.107 11.105 11.093    0.030 0.033 0.026 0.031 0.034  A 240451
   4367.57554 11.158 11.152 11.152 11.155 11.166    0.042 0.056 0.038 0.043 0.048  A 240825
   4372.52453 11.360 11.360 11.362 11.350 11.327    0.040 0.054 0.039 0.044 0.051  A 241594
   4376.50108 11.246 11.254 11.237 11.230 11.229    0.027 0.029 0.024 0.028 0.032  A 242073
   4378.51805 11.283 11.320 11.282 11.288 11.292    0.037 0.047 0.034 0.037 0.043  A 242381
   4381.49663 11.403 11.395 11.392 11.388 11.385    0.034 0.048 0.034 0.039 0.045  A 242828
   4384.49334 11.432 11.445 11.416 11.421 11.435    0.030 0.034 0.025 0.029 0.033  A 243280
   4493.87796 11.116 11.143 11.145 11.169 11.203    0.034 0.038 0.033 0.038 0.045  A 254609
   4506.88465 11.259 11.283 11.274 11.289 11.296    0.033 0.035 0.034 0.041 0.049  A 256075
   4510.88582 11.299 11.369 11.298 11.295 11.301    0.062 0.057 0.072 0.090 0.109  D 256631
   4518.85452 11.221 11.233 11.199 11.181 11.188    0.038 0.039 0.039 0.046 0.054  A 257486
   4522.86045 11.144 11.148 11.132 11.142 11.141    0.031 0.035 0.029 0.033 0.038  A 258073
   4528.85535 11.080 11.030 11.061 11.046 11.026    0.035 0.050 0.032 0.036 0.041  A 258955
   4532.85596 11.106 11.098 11.120 11.146 11.147    0.085 0.086 0.084 0.088 0.094  D 259557
   4536.87103 11.214 11.220 11.208 11.207 11.202    0.028 0.032 0.025 0.028 0.032  A 260007
   4539.88717 11.287 11.311 11.298 11.327 11.339    0.050 0.063 0.052 0.064 0.074  B 260454
   4543.83339 11.281 11.229 11.250 11.235 11.244    0.033 0.039 0.032 0.037 0.042  A 261045
   4546.85441 11.240 11.222 11.224 11.220 11.223    0.036 0.042 0.035 0.042 0.048  A 261510
   4554.89304 11.229 11.209 11.258 11.279 11.302    0.036 0.038 0.038 0.047 0.054  A 262625
   4557.84954 11.170 11.211 11.190 11.199 11.205    0.034 0.045 0.029 0.034 0.037  A 263096
   4560.82730 11.252 11.203 11.238 11.241 11.241    0.040 0.057 0.034 0.038 0.041  A 263587
   4563.82947 11.187 11.149 11.202 11.217 11.223    0.040 0.059 0.035 0.037 0.040  A 264086
   4566.80594 11.552 11.541 11.519 11.505 11.505    0.034 0.042 0.033 0.036 0.041  A 264582
   4569.80076 11.314 11.286 11.299 11.293 11.282    0.031 0.039 0.028 0.032 0.036  A 265044
   4571.84890 11.290 11.293 11.308 11.337 11.358    0.035 0.043 0.030 0.034 0.037  A 265404
   4573.79976 11.264 11.233 11.250 11.237 11.230    0.033 0.039 0.032 0.039 0.045  A 265734
#ndata= 8
#dataset= 4 ; 1 F1736-16_276
#desig= 170835-1843.9
#cra=   17.142934  17:08:34.6
#cdec= -18.732218 -18:43:56.0
#class= 0
#cmag_0= 11.222
#cmer_0=  0.068
#nskip_0= 0
#cmag_1= 11.249
#cmer_1=  0.046
#nskip_1= 0
#cmag_2= 11.234
#cmer_2=  0.049
#nskip_2= 0
#cmag_3= 11.224
#cmer_3=  0.048
#nskip_3= 0
#cmag_4= 11.226
#cmer_4=  0.051
#nskip_4= 0
#ra=   17.142934  17:08:34.6
#dec= -18.732218 -18:43:56.0
#     HJD      MAG_1  MAG_0  MAG_2  MAG_3  MAG_4    MER_1 MER_0 MER_2 MER_3 MER_4 GRADE FRAME
   2454.62703 11.243 11.162 11.210 11.211 11.209    0.042 0.043 0.035 0.038 0.042  A 9847
   2463.61092 11.221 11.210 11.214 11.206 11.216    0.036 0.050 0.029 0.034 0.039  A 10607
   2490.56911 11.150 11.115 11.131 11.119 11.120    0.039 0.042 0.031 0.035 0.034  A 14035
   2719.84493 11.259 11.270 11.258 11.234 11.240    0.042 0.039 0.032 0.036 0.040  A 46186
   2728.85202 11.223 11.167 11.190 11.171 11.154    0.033 0.037 0.028 0.031 0.035  A 47948
   2751.85187 11.278 11.329 11.284 11.275 11.276    0.031 0.038 0.027 0.029 0.032  A 51916
   2770.78375 11.238 11.199 11.249 11.255 11.255    0.030 0.040 0.025 0.027 0.030  A 54916
   2853.70445 11.316 11.292 11.293 11.280 11.287    0.031 0.031 0.024 0.027 0.029  A 65689
