#ndata= 2
#dataset= 1 ; 1 F1648-32_186
#desig= 171145-2819.0
#cra=   17.195833  17:11:45.0
#cdec= -28.316273 -28:18:58.6
#class= 0
#cmag_0= 11.062
#cmer_0=  0.097
#nskip_0= 0
#cmag_1= 11.044
#cmer_1=  0.096
#nskip_1= 0
#cmag_2= 11.027
#cmer_2=  0.111
#nskip_2= 0
#cmag_3= 11.003
#cmer_3=  0.106
#nskip_3= 0
#cmag_4= 10.968
#cmer_4=  0.121
#nskip_4= 0
#ra=   17.195833  17:11:45.0
#dec= -28.316273 -28:18:58.6
#     HJD      MAG_1  MAG_0  MAG_2  MAG_3  MAG_4    MER_1 MER_0 MER_2 MER_3 MER_4 GRADE FRAME
   2463.60407 11.113 11.130 11.107 11.078 11.053    0.032 0.029 0.027 0.032 0.034  A 10604
   2782.80276 10.977 10.993 10.948 10.928 10.883    0.028 0.038 0.026 0.030 0.034  A 55783
#ndata= 651
#dataset= 2 ; 1 F1724-32_187
#desig= 171145-2819.0
#cra=   17.195843  17:11:45.0
#cdec= -28.317140 -28:19:01.7
#class= 0
#cmag_0= 10.965
#cmer_0=  0.028
#nskip_0= 29
#cmag_1= 10.960
#cmer_1=  0.028
#nskip_1= 30
#cmag_2= 10.944
#cmer_2=  0.027
#nskip_2= 28
#cmag_3= 10.914
#cmer_3=  0.035
#nskip_3= 24
#cmag_4= 10.872
#cmer_4=  0.037
#nskip_4= 23
#ra=   17.195843  17:11:45.0
#dec= -28.317140 -28:19:01.7
#     HJD      MAG_2  MAG_0  MAG_1  MAG_3  MAG_4    MER_2 MER_0 MER_1 MER_3 MER_4 GRADE FRAME
   1937.88494 11.031 10.968 11.061 10.983 10.940    0.037 0.044 0.039 0.045 0.052  B 8217
   1940.88442 11.010 10.953 11.026 10.961 10.891    0.035 0.042 0.038 0.041 0.047  A 8581
   1947.86391 10.978 11.009 11.011 10.926 10.876    0.027 0.041 0.030 0.032 0.037  A 8993
   1949.87710 10.964 10.951 11.000 10.914 10.857    0.031 0.041 0.033 0.035 0.040  A 9294
   1953.85483 10.939 10.961 10.996 10.908 10.862    0.036 0.050 0.043 0.040 0.044  A 9768
   1961.87088 10.940 10.964 10.971 10.919 10.891    0.031 0.046 0.038 0.034 0.037  A 10583
   1963.85844 10.909 10.979 10.942 10.862 10.820    0.036 0.054 0.045 0.041 0.041  A 10905
   1967.84861 10.914 10.995 10.946 10.873 10.838    0.034 0.050 0.042 0.038 0.038  A 11614
   1978.79614 10.927 11.046 10.959 10.903 10.881    0.045 0.059 0.051 0.051 0.054  B 12103
   1979.84000 10.888 10.991 10.927 10.845 10.845    0.045 0.064 0.055 0.051 0.050  B 12314
   1980.81669 10.980 11.018 10.987 10.947 10.939    0.045 0.060 0.051 0.050 0.050  B 12450
   1981.82009 10.896 10.968 10.936 10.859 10.819    0.041 0.057 0.049 0.047 0.046  B 12635
   1982.78365 10.949 10.959 10.963 10.905 10.846    0.037 0.053 0.045 0.041 0.043  A 12812
   1994.77304 10.949 11.023 10.965 10.898 10.879    0.046 0.069 0.057 0.050 0.051  D 13504
   1996.83008 10.879 10.901 10.901 10.866 10.832    0.054 0.084 0.068 0.055 0.057  D 13922
   2008.74211 10.924 11.020 10.962 10.899 10.888    0.058 0.082 0.069 0.063 0.064  D 15215
   2025.73309 10.967 10.960 10.966 10.926 10.873    0.027 0.040 0.026 0.030 0.034  A 17232
   2026.76347 10.956 10.956 10.969 10.918 10.869    0.025 0.039 0.024 0.030 0.033  A 17462
   2027.75374 10.936 10.907 10.936 10.922 10.859    0.027 0.044 0.027 0.032 0.034  A 17677
   2030.74521 10.966 10.960 10.970 10.923 10.869    0.025 0.040 0.026 0.030 0.033  A 17847
   2031.75407 10.946 10.928 10.947 10.906 10.849    0.026 0.042 0.026 0.029 0.032  A 18063
   2032.74573 11.076 11.103 11.080 11.046 10.994    0.024 0.035 0.024 0.027 0.031  A 18281
   2033.73456 11.501 11.565 11.550 11.454 11.382    0.025 0.035 0.025 0.028 0.032  A 18495
   2037.63842 10.962 10.961 10.981 10.941 10.894    0.035 0.042 0.032 0.042 0.049  A 18973
   2052.70091 10.950 10.940 10.958 10.923 10.856    0.028 0.054 0.029 0.032 0.036  A 19843
   2053.71692 10.962 10.920 10.961 10.931 10.874    0.028 0.055 0.029 0.032 0.035  A 20060
   2054.70856 11.223 11.199 11.244 11.171 11.097    0.030 0.062 0.030 0.034 0.038  A 20276
   2055.69253 11.246 11.165 11.240 11.185 11.141    0.031 0.063 0.033 0.035 0.040  B 20491
   2056.69377 10.956 10.962 10.973 10.902 10.846    0.029 0.059 0.031 0.033 0.036  A 20719
   2057.69190 11.010 10.980 11.011 10.989 10.911    0.027 0.050 0.028 0.031 0.034  A 20946
   2058.68871 10.948 10.929 10.956 10.916 10.863    0.031 0.065 0.034 0.035 0.038  B 21174
   2061.68764 10.932 10.942 10.930 10.918 10.861    0.026 0.048 0.027 0.031 0.035  A 21402
   2068.71589 10.964 10.994 10.984 10.939 10.899    0.030 0.056 0.032 0.034 0.038  A 22107
   2069.67047 10.974 10.932 10.968 10.945 10.898    0.029 0.055 0.030 0.035 0.038  A 22312
   2070.65853 10.949 10.979 10.953 10.926 10.871    0.030 0.058 0.031 0.034 0.037  A 22536
   2080.56751 10.982 11.029 10.982 10.951 10.887    0.030 0.061 0.031 0.035 0.037  A 22865
   2081.63576 10.928 10.988 10.945 10.899 10.854    0.030 0.060 0.033 0.034 0.037  A 23121
   2082.64923 10.995 10.976 11.012 10.966 10.917    0.029 0.051 0.032 0.033 0.036  A 23351
   2083.63572 10.946 10.954 10.946 10.911 10.849    0.032 0.055 0.034 0.037 0.040  A 23589
   2085.62422 10.926 10.968 10.954 10.893 10.818    0.027 0.046 0.028 0.031 0.035  A 23812
   2086.62790 10.942 11.000 10.964 10.919 10.901    0.026 0.049 0.028 0.030 0.033  A 24037
   2087.62555 10.903 10.985 10.943 10.852 10.798    0.034 0.055 0.032 0.040 0.045  A 24256
   2088.62203 10.944 10.950 10.962 10.915 10.851    0.029 0.056 0.030 0.034 0.037  A 24483
   2096.64073 11.213 11.257 11.239 11.157 11.097    0.034 0.044 0.031 0.041 0.047  A 25451
   2102.57682 11.010 10.952 11.022 10.964 10.922    0.028 0.046 0.031 0.033 0.036  A 25636
   2103.59430 10.948 10.942 10.970 10.907 10.879    0.027 0.046 0.029 0.031 0.036  A 25790
   2104.59421 10.948 11.030 10.975 10.923 10.867    0.030 0.046 0.031 0.034 0.038  A 25992
   2105.59106 10.917 10.995 10.953 10.874 10.825    0.025 0.043 0.027 0.030 0.033  A 26211
   2106.59300 10.948 11.025 10.991 10.893 10.851    0.026 0.040 0.027 0.031 0.035  A 26416
   2109.58797 10.960 11.028 10.983 10.922 10.882    0.028 0.038 0.031 0.032 0.037  A 26586
   2115.55036 11.017 11.116 11.046 10.974 10.925    0.028 0.042 0.031 0.032 0.035  A 26829
   2116.56282 10.942 10.980 10.978 10.906 10.860    0.026 0.037 0.030 0.030 0.034  A 27053
   2117.55717 11.313 11.336 11.337 11.271 11.215    0.032 0.048 0.034 0.036 0.039  A 27272
   2124.53309 10.962 10.962 10.973 10.905 10.863    0.028 0.041 0.029 0.034 0.038  A 27606
   2125.55108 10.952 10.969 10.964 10.919 10.876    0.031 0.041 0.032 0.036 0.041  A 27826
   2128.53227 10.896 10.983 10.932 10.850 10.808    0.029 0.043 0.030 0.033 0.038  A 27892
   2129.54241 10.952 11.000 10.969 10.914 10.866    0.027 0.041 0.029 0.031 0.034  A 28113
   2130.55388 10.963 11.023 10.980 10.928 10.875    0.025 0.040 0.026 0.029 0.033  A 28332
   2131.53503 10.952 10.996 10.984 10.911 10.862    0.023 0.036 0.024 0.027 0.031  A 28523
   2133.51160 10.982 10.981 10.985 10.942 10.890    0.028 0.042 0.029 0.031 0.034  A 28941
   2135.51486 10.967 10.934 10.966 10.941 10.885    0.030 0.043 0.029 0.037 0.042  A 29374
   2140.50426 10.973 10.986 10.965 10.992 10.935    0.038 0.047 0.039 0.049 0.058  B 30127
   2142.50722 10.979 10.966 10.991 10.947 10.887    0.029 0.045 0.029 0.034 0.038  A 30543
   2151.48188 10.964 10.972 10.973 10.914 10.851    0.035 0.046 0.036 0.041 0.047  A 31321
   2441.65227 10.953 10.996 10.964 10.928 10.879    0.026 0.032 0.031 0.029 0.032  A 8284
   2444.64100 11.238 11.308 11.251 11.191 11.149    0.024 0.031 0.030 0.026 0.029  A 8877
   2446.64562 10.974 11.004 11.004 10.942 10.914    0.026 0.032 0.031 0.030 0.034  A 9259
   2452.61229 10.916 10.976 10.950 10.895 10.880    0.050 0.063 0.057 0.053 0.055  D 9450
   2454.62019 10.882 10.961 10.903 10.854 10.831    0.036 0.047 0.042 0.040 0.045  A 9844
   2459.59675 10.969 11.036 10.990 10.941 10.904    0.051 0.061 0.055 0.059 0.066  B 10108
   2460.62978 10.952 11.010 10.955 10.920 10.884    0.023 0.033 0.031 0.024 0.026  A 10198
   2463.60407 11.087 11.132 11.107 11.050 11.018    0.031 0.038 0.035 0.035 0.038  A 10604
   2464.60085 11.332 11.350 11.377 11.304 11.248    0.030 0.043 0.039 0.032 0.033  A 10821
   2465.60224 10.935 10.971 10.929 10.909 10.880    0.033 0.048 0.041 0.036 0.037  A 11042
   2466.59379 11.132 11.166 11.168 11.093 11.037    0.025 0.037 0.034 0.027 0.029  A 11257
   2467.59648 10.989 10.957 11.008 10.954 10.913    0.023 0.030 0.029 0.024 0.027  A 11477
   2468.59341 10.939 10.967 10.968 10.903 10.864    0.029 0.034 0.035 0.034 0.036  A 11694
   2469.58984 10.973 10.969 11.023 10.942 10.897    0.030 0.039 0.037 0.032 0.036  A 11908
   2473.54829 10.912 11.001 10.966 10.887 10.853    0.033 0.047 0.040 0.035 0.036  A 12643
   2481.54920 10.893 10.956 10.946 10.868 10.840    0.045 0.064 0.054 0.046 0.048  B 12958
   2482.58110 10.941 11.019 10.969 10.911 10.894    0.043 0.065 0.053 0.045 0.045  B 13131
   2486.55512 11.070 11.192 11.130 11.042 11.044    0.047 0.067 0.057 0.046 0.047  D 13285
   2489.54631 10.914 10.972 10.964 10.894 10.877    0.039 0.049 0.045 0.045 0.049  A 13807
   2490.55285 10.872 10.899 10.887 10.859 10.825    0.038 0.057 0.048 0.040 0.040  B 14028
   2491.54565 10.924 11.018 10.962 10.910 10.892    0.044 0.066 0.055 0.046 0.045  B 14199
   2493.54397 10.959 10.986 10.986 10.926 10.888    0.036 0.051 0.044 0.039 0.040  A 14432
   2494.54721 10.983 10.987 11.015 10.979 10.970    0.040 0.050 0.046 0.045 0.049  A 14624
   2495.54608 10.894 10.994 10.906 10.846 10.840    0.038 0.056 0.046 0.041 0.039  A 14761
   2497.55285 10.920 10.982 10.965 10.881 10.851    0.030 0.041 0.037 0.032 0.034  A 15188
   2498.52958 10.913 10.965 10.917 10.879 10.854    0.029 0.040 0.036 0.032 0.035  A 15389
   2499.52992 10.940 10.973 10.977 10.905 10.876    0.025 0.036 0.033 0.027 0.030  A 15600
   2501.52146 10.905 10.972 10.911 10.862 10.856    0.042 0.061 0.050 0.044 0.045  B 15958
   2508.55857 10.994 11.087 11.024 10.949 10.926    0.034 0.044 0.040 0.036 0.039  A 16759
   2510.50388 10.965 10.939 10.980 10.942 10.916    0.075 0.069 0.073 0.087 0.101  D 16920
   2511.57815 99.999 10.963 10.967 99.999 99.999    0.044 0.049 0.046 0.053 0.062  C 17067
   2524.60228 10.936 10.952 10.953 10.919 10.890    0.031 0.038 0.038 0.034 0.037  A 18637
   2540.57362 10.873 11.038 10.932 10.818 10.834    0.056 0.087 0.066 0.062 0.062  D 19686
   2546.53883 10.955 10.963 10.973 10.913 10.870    0.023 0.028 0.022 0.026 0.029  A 20303
   2548.53245 11.080 11.066 11.083 11.042 10.981    0.022 0.031 0.024 0.025 0.027  A 20551
   2560.49806 10.948 11.022 10.979 10.915 10.870    0.024 0.035 0.026 0.028 0.031  A 22349
   2683.85033 10.938 10.976 10.946 10.903 10.877    0.030 0.032 0.035 0.032 0.035  A 39906
   2686.85777 11.259 11.264 11.295 11.231 11.190    0.032 0.036 0.039 0.036 0.041  A 40455
   2689.85335 11.002 11.009 11.035 10.973 10.932    0.031 0.037 0.038 0.036 0.041  A 41001
   2697.85338 10.950 10.968 10.960 10.914 10.889    0.026 0.031 0.034 0.029 0.033  A 42411
   2700.88310 10.974 10.926 10.972 10.945 10.874    0.025 0.033 0.025 0.030 0.034  A 43000
   2703.85383 10.943 10.927 10.959 10.922 10.863    0.025 0.031 0.026 0.028 0.032  A 43562
   2706.83542 11.025 11.042 11.038 10.991 10.963    0.030 0.030 0.038 0.037 0.039  A 44113
   2710.88049 10.910 10.929 10.915 10.881 10.859    0.037 0.031 0.040 0.045 0.050  A 44854
   2712.85871 10.916 10.940 10.928 10.894 10.853    0.037 0.032 0.045 0.046 0.045  A 45218
   2714.85565 10.932 11.001 10.986 10.886 10.845    0.024 0.029 0.032 0.027 0.031  A 45607
   2719.83350 10.925 10.987 10.941 10.899 10.857    0.033 0.036 0.040 0.038 0.042  A 46181
   2724.90339 10.971 10.910 10.962 10.951 10.907    0.023 0.025 0.022 0.027 0.030  A 47175
   2726.84751 10.942 10.977 10.962 10.906 10.864    0.023 0.029 0.025 0.026 0.030  A 47554
   2728.82414 11.144 11.104 11.149 11.110 11.058    0.034 0.036 0.036 0.039 0.043  A 47938
   2733.82613 10.956 10.973 10.975 10.920 10.879    0.022 0.028 0.026 0.026 0.029  A 48701
   2735.81209 10.923 10.937 10.916 10.894 10.853    0.024 0.024 0.026 0.028 0.031  A 49100
   2737.80638 10.924 10.946 10.938 10.904 10.861    0.023 0.025 0.029 0.026 0.029  A 49493
   2739.79568 10.937 10.961 10.961 10.911 10.882    0.030 0.033 0.039 0.033 0.034  A 49826
   2741.78657 10.987 10.912 10.981 10.964 10.914    0.024 0.028 0.024 0.028 0.031  A 50215
   2743.78466 10.907 10.980 10.945 10.870 10.816    0.028 0.034 0.036 0.031 0.034  A 50606
   2747.81075 11.058 10.952 11.067 10.998 10.951    0.044 0.041 0.047 0.053 0.062  B 51076
   2751.84463 10.928 10.955 10.942 10.900 10.854    0.028 0.032 0.028 0.032 0.036  A 51913
   2754.77941 10.953 10.966 10.966 10.931 10.885    0.021 0.022 0.022 0.023 0.026  A 52302
   2756.74673 10.923 10.956 10.925 10.888 10.868    0.024 0.025 0.031 0.027 0.030  A 52701
   2757.83337 10.943 10.976 10.961 10.907 10.873    0.023 0.025 0.027 0.026 0.029  A 52958
   2759.84340 10.924 10.938 10.932 10.880 10.857    0.031 0.035 0.037 0.036 0.040  A 53307
   2761.77082 11.002 10.961 11.014 10.980 10.926    0.025 0.028 0.028 0.028 0.032  A 53687
   2763.75833 10.947 10.942 10.943 10.910 10.869    0.027 0.033 0.027 0.032 0.037  A 54077
   2768.79803 10.955 10.950 11.001 10.929 10.879    0.028 0.028 0.030 0.033 0.037  A 54634
   2786.66213 10.938 10.984 10.958 10.898 10.853    0.021 0.027 0.024 0.023 0.025  A 56576
   2787.80496 10.919 10.953 10.930 10.886 10.846    0.020 0.029 0.025 0.024 0.026  A 56865
   2791.64841 11.185 11.236 11.206 11.155 11.118    0.023 0.024 0.025 0.026 0.028  A 57551
   2808.69300 10.951 10.957 10.976 10.931 10.894    0.024 0.028 0.030 0.029 0.033  A 59328
   2809.82674 10.929 10.897 10.943 10.897 10.850    0.023 0.034 0.024 0.026 0.029  A 59582
   2811.69979 11.237 11.190 11.269 11.195 11.129    0.020 0.033 0.019 0.023 0.025  A 59981
   2812.84579 10.956 10.915 10.962 10.920 10.879    0.030 0.030 0.028 0.035 0.042  A 60269
   2816.83935 11.316 11.384 11.344 11.257 11.179    0.025 0.028 0.025 0.030 0.033  A 60941
   2820.56953 10.934 10.981 10.943 10.903 10.875    0.021 0.027 0.027 0.025 0.028  A 61485
   2822.64183 10.929 10.963 10.939 10.888 10.829    0.025 0.027 0.027 0.029 0.033  A 61862
   2826.64720 10.929 10.945 10.947 10.906 10.867    0.051 0.056 0.053 0.058 0.065  B 62034
   2833.62178 10.904 10.981 10.915 10.900 10.846    0.070 0.058 0.064 0.087 0.103  D 63136
   2836.58156 10.907 10.971 10.955 10.865 10.804    0.027 0.030 0.031 0.031 0.035  A 63656
   2838.78601 11.004 11.009 11.005 10.991 10.927    0.033 0.035 0.033 0.039 0.044  A 63959
   2841.64520 10.929 10.962 10.966 10.885 10.840    0.024 0.028 0.028 0.028 0.032  A 64545
   2843.61313 10.907 10.983 10.967 10.847 99.999    0.027 0.034 0.032 0.031 0.034  C 64897
   2851.64097 10.955 10.996 10.962 10.928 10.890    0.023 0.028 0.028 0.026 0.029  A 65441
   2853.75865 10.918 10.996 10.939 10.879 10.834    0.025 0.032 0.029 0.028 0.031  A 65711
   2855.65755 10.980 11.014 11.021 10.951 10.910    0.030 0.038 0.035 0.035 0.040  A 66068
   2861.54444 10.898 10.956 10.924 10.853 10.829    0.028 0.031 0.032 0.034 0.037  A 66929
   2862.66149 10.987 10.973 10.963 10.981 99.999    0.032 0.036 0.034 0.036 0.040  C 67183
   2866.66144 10.894 10.871 10.906 10.863 10.821    0.022 0.028 0.023 0.025 0.029  A 67568
   2867.72398 10.936 10.925 10.957 10.918 10.873    0.027 0.028 0.029 0.031 0.035  A 67799
   2872.52729 10.944 10.965 10.952 10.912 10.873    0.023 0.035 0.028 0.024 0.028  A 68115
   2877.56643 10.979 10.945 10.990 10.943 10.883    0.022 0.028 0.023 0.025 0.027  A 68919
   2879.56431 10.919 10.974 10.961 10.887 10.849    0.022 0.024 0.025 0.025 0.027  A 69224
   2882.58779 10.957 10.960 10.952 10.926 10.873    0.022 0.029 0.024 0.025 0.028  A 69486
   2888.51095 10.961 10.976 10.975 10.942 10.897    0.032 0.035 0.047 0.033 0.034  A 70392
   2894.56199 10.978 11.005 11.008 10.942 10.907    0.033 0.044 0.042 0.036 0.038  A 71046
   2896.58315 10.950 10.948 10.968 10.917 10.872    0.023 0.030 0.028 0.027 0.030  A 71449
   2898.57078 11.099 11.143 11.091 11.066 11.041    0.029 0.042 0.044 0.031 0.032  A 71842
   2900.56557 11.013 10.993 11.010 10.990 10.931    0.022 0.025 0.021 0.026 0.028  A 72197
   2904.55233 10.942 10.942 10.928 10.909 10.879    0.031 0.039 0.036 0.034 0.036  A 72823
   2906.55065 10.945 10.951 10.941 10.919 10.888    0.029 0.035 0.039 0.031 0.032  A 73145
   2909.55209 10.936 11.021 10.963 10.896 10.862    0.027 0.047 0.047 0.028 0.031  A 73568
   2915.51910 10.959 10.972 10.975 10.937 10.917    0.024 0.029 0.024 0.029 0.032  A 74336
   2917.54696 11.094 11.087 11.100 11.067 11.017    0.025 0.028 0.025 0.030 0.035  A 74728
   2921.54663 10.950 10.954 10.973 10.908 10.867    0.034 0.032 0.032 0.041 0.048  A 75050
   2923.54795 10.921 10.963 10.928 10.893 10.848    0.035 0.034 0.033 0.042 0.048  A 75420
   2926.54631 10.935 10.974 10.954 10.902 10.849    0.035 0.034 0.034 0.040 0.045  A 75780
   2929.50145 10.967 10.959 10.962 10.953 10.910    0.024 0.025 0.025 0.027 0.030  A 76302
   2931.51701 10.925 10.933 10.924 10.902 10.854    0.025 0.027 0.024 0.029 0.033  A 76672
   2933.52366 10.968 10.984 10.982 10.947 10.904    0.027 0.028 0.027 0.031 0.036  A 77029
   2935.52494 10.968 10.958 10.972 10.944 10.897    0.024 0.025 0.023 0.029 0.033  A 77387
   2937.52411 10.930 10.975 10.928 10.910 10.858    0.024 0.028 0.024 0.027 0.031  A 77660
   3054.87448 11.124 11.099 11.131 11.079 10.998    0.026 0.028 0.025 0.031 0.036  A 91488
   3062.85950 10.958 10.930 10.975 10.947 10.910    0.037 0.032 0.034 0.044 0.051  A 92556
   3066.89679 10.947 10.950 10.953 10.925 10.900    0.026 0.027 0.026 0.031 0.035  A 92992
   3070.84905 10.945 10.956 10.957 10.911 10.861    0.031 0.030 0.029 0.037 0.042  A 93555
   3074.84200 10.978 10.962 10.969 10.971 10.963    0.031 0.027 0.029 0.037 0.042  A 94061
   3080.84007 10.937 10.945 10.955 10.909 10.871    0.031 0.032 0.032 0.036 0.041  A 94929
   3086.88652 10.953 10.981 10.952 10.937 10.895    0.025 0.028 0.025 0.028 0.034  A 95542
   3089.88144 10.947 10.972 10.962 10.925 10.888    0.029 0.030 0.030 0.035 0.040  A 95994
   3092.85461 10.923 11.013 10.955 10.889 10.866    0.038 0.041 0.040 0.041 0.044  A 96457
   3096.89833 10.961 10.985 10.968 10.944 10.926    0.027 0.027 0.030 0.031 0.036  A 96740
   3099.81082 10.935 10.971 10.941 10.913 10.869    0.030 0.027 0.028 0.035 0.040  A 97177
   3102.82023 11.061 11.055 11.060 11.027 10.991    0.063 0.050 0.055 0.077 0.091  D 97653
   3106.86948 10.941 10.923 10.940 10.931 10.914    0.034 0.032 0.035 0.041 0.047  A 98303
   3109.80559 10.964 10.964 10.982 10.944 10.897    0.025 0.028 0.025 0.028 0.032  A 98747
   3112.79561 10.922 10.943 10.955 10.880 10.842    0.024 0.027 0.025 0.028 0.033  A 99213
   3115.78093 10.939 10.964 10.963 10.903 10.857    0.023 0.022 0.023 0.028 0.032  A 99707
   3118.86591 10.923 10.956 10.963 10.870 10.812    0.023 0.023 0.024 0.027 0.031  A 99999
   3122.79724 10.939 10.959 10.949 10.908 10.869    0.026 0.030 0.026 0.031 0.035  A 100267
   3124.85131 10.939 10.970 10.963 10.918 10.885    0.023 0.025 0.027 0.027 0.031  A 100623
   3128.81070 10.913 10.920 10.935 10.872 10.829    0.031 0.031 0.031 0.037 0.043  A 101258
   3142.89138 11.257 11.290 11.251 11.225 11.166    0.028 0.027 0.027 0.034 0.039  A 103193
   3146.68082 10.942 10.961 10.954 10.906 10.883    0.023 0.025 0.023 0.026 0.030  A 103532
   3153.74524 10.939 10.972 10.955 10.901 10.872    0.024 0.025 0.024 0.029 0.033  A 103798
   3156.69140 11.066 11.214 11.119 11.031 10.929    0.069 0.057 0.059 0.085 0.099  D 104182
   3162.67035 10.953 10.947 10.959 10.929 10.890    0.027 0.034 0.026 0.032 0.036  A 104855
   3164.71340 10.954 10.977 10.966 10.931 10.908    0.027 0.035 0.027 0.031 0.037  A 105222
   3167.72810 10.941 10.978 10.962 10.899 10.854    0.022 0.022 0.023 0.026 0.029  A 105615
   3169.70241 10.948 10.901 10.957 10.910 10.877    0.030 0.033 0.027 0.036 0.040  A 105946
   3171.84328 10.864 10.938 10.911 10.803 10.796    0.069 0.056 0.060 0.084 0.100  D 106252
   3175.81526 10.948 10.988 10.958 10.920 10.877    0.024 0.024 0.023 0.028 0.032  A 106648
   3178.63228 10.949 10.984 10.971 10.917 10.879    0.024 0.024 0.024 0.028 0.031  A 107053
   3180.73004 10.996 11.021 11.008 10.970 10.931    0.024 0.027 0.024 0.027 0.030  A 107372
   3183.71898 11.237 11.268 11.256 11.204 11.149    0.026 0.029 0.028 0.030 0.034  A 107677
   3189.64635 10.901 10.958 10.900 10.868 10.831    0.032 0.029 0.034 0.037 0.043  A 108429
   3191.73900 10.937 10.987 10.930 10.919 10.908    0.034 0.034 0.033 0.040 0.047  A 108758
   3192.74044 10.957 10.922 10.977 10.923 10.811    0.074 0.061 0.064 0.092 0.111  D 108832
   3192.74293 10.890 10.968 10.940 10.842 10.806    0.033 0.036 0.034 0.040 0.046  A 108833
   3192.74542 10.951 10.990 10.980 10.904 10.845    0.031 0.038 0.031 0.036 0.041  A 108834
   3192.74795 10.934 10.948 10.926 10.912 10.849    0.032 0.036 0.033 0.037 0.043  A 108835
   3192.75051 10.888 10.951 10.918 10.847 10.789    0.046 0.046 0.042 0.054 0.062  B 108836
   3192.75303 10.979 10.977 10.999 10.953 10.903    0.074 0.068 0.066 0.087 0.100  D 108837
   3192.75559 11.047 11.153 11.093 10.953 10.868    0.103 0.086 0.090 0.125 0.148  D 108838
   3193.50235 10.952 10.951 10.934 10.942 10.912    0.081 0.082 0.080 0.087 0.093  D 108851
   3193.50739 10.963 11.011 10.967 10.934 10.907    0.050 0.054 0.051 0.055 0.059  B 108853
   3193.50990 10.926 10.961 10.933 10.898 10.883    0.063 0.064 0.063 0.068 0.071  D 108854
   3193.54701 10.947 10.958 10.950 10.933 10.890    0.045 0.042 0.040 0.053 0.059  B 108855
   3193.54945 10.986 10.953 10.984 10.977 10.933    0.032 0.035 0.032 0.038 0.042  A 108856
   3193.55195 10.957 10.981 10.946 10.938 10.887    0.036 0.039 0.038 0.040 0.044  A 108857
   3193.55445 10.926 10.949 10.932 10.898 10.873    0.044 0.051 0.044 0.048 0.051  B 108858
   3193.55694 10.943 10.959 10.958 10.912 10.873    0.034 0.038 0.033 0.038 0.042  A 108859
   3193.55946 10.967 10.970 10.977 10.943 10.910    0.028 0.034 0.028 0.032 0.036  A 108860
   3193.56197 10.926 10.932 10.928 10.896 10.844    0.057 0.056 0.053 0.067 0.079  D 108861
   3193.56447 11.817 11.891 11.875 11.782 11.860    0.099 0.085 0.090 0.116 0.136  D 108862
   3193.56701 10.884 10.914 10.897 10.862 10.849    0.054 0.047 0.049 0.065 0.075  D 108863
   3193.60432 10.982 10.983 10.971 10.975 10.939    0.036 0.033 0.034 0.044 0.052  B 108869
   3193.60678 10.932 10.941 10.942 10.895 10.873    0.027 0.028 0.027 0.032 0.037  A 108870
   3193.60926 10.926 10.951 10.936 10.905 10.861    0.026 0.029 0.027 0.030 0.034  A 108871
   3193.61175 10.923 10.991 10.966 10.879 10.848    0.025 0.029 0.026 0.029 0.033  A 108872
   3193.61424 10.939 10.971 10.933 10.899 10.856    0.028 0.031 0.037 0.032 0.037  A 108873
   3193.61673 10.931 10.929 10.943 10.898 10.858    0.025 0.028 0.026 0.029 0.034  A 108874
   3193.61923 10.936 10.955 10.961 10.911 10.871    0.026 0.029 0.028 0.031 0.035  A 108875
   3193.62172 10.933 10.980 10.939 10.909 10.872    0.025 0.029 0.026 0.029 0.033  A 108876
   3193.62421 10.988 10.950 10.989 10.973 10.922    0.025 0.030 0.025 0.029 0.034  A 108877
   3193.62749 10.977 10.916 10.981 10.957 10.920    0.026 0.031 0.028 0.030 0.034  A 108878
   3193.63150 10.968 10.981 10.969 10.945 10.892    0.029 0.032 0.029 0.034 0.040  A 108879
   3193.63401 10.950 10.985 10.956 10.918 10.874    0.034 0.038 0.034 0.040 0.045  A 108880
   3193.63880 10.936 10.943 10.933 10.918 10.888    0.029 0.035 0.030 0.036 0.041  A 108881
   3193.64131 10.968 11.020 10.980 10.941 10.905    0.026 0.033 0.027 0.031 0.035  A 108882
   3193.64381 10.928 10.934 10.947 10.897 10.868    0.027 0.031 0.027 0.031 0.034  A 108883
   3193.64631 10.936 10.924 10.955 10.899 10.839    0.031 0.032 0.030 0.038 0.043  A 108884
   3193.64883 10.923 10.933 10.937 10.897 10.848    0.029 0.031 0.029 0.034 0.038  A 108885
   3193.65136 10.986 10.970 10.984 10.975 10.940    0.027 0.031 0.027 0.032 0.036  A 108886
   3193.65614 10.942 10.989 10.960 10.933 10.892    0.030 0.034 0.029 0.036 0.042  A 108887
   3193.66071 10.982 11.007 10.980 10.969 10.890    0.033 0.037 0.032 0.040 0.046  A 108888
   3193.66316 10.967 11.006 10.986 10.929 10.877    0.028 0.033 0.030 0.034 0.039  A 108889
   3193.66571 10.945 10.992 10.949 10.924 10.898    0.026 0.032 0.027 0.031 0.035  A 108890
   3193.66822 10.959 10.969 10.964 10.925 10.883    0.027 0.032 0.030 0.032 0.036  A 108891
   3193.67072 10.952 10.966 10.954 10.936 10.902    0.026 0.031 0.027 0.031 0.035  A 108892
   3193.67322 10.964 10.980 10.948 10.939 10.888    0.027 0.033 0.029 0.031 0.036  A 108893
   3193.67572 10.945 10.918 10.960 10.919 10.875    0.026 0.038 0.027 0.032 0.036  A 108894
   3193.67825 10.934 10.942 10.945 10.906 10.872    0.027 0.032 0.028 0.032 0.037  A 108895
   3193.68085 10.948 10.948 10.942 10.927 10.884    0.028 0.036 0.031 0.033 0.038  A 108896
   3193.68335 10.925 10.951 10.940 10.894 10.845    0.026 0.032 0.026 0.031 0.035  A 108897
   3193.68583 10.963 10.979 10.962 10.947 10.904    0.028 0.036 0.029 0.032 0.036  A 108898
   3193.68836 10.976 11.005 10.976 10.961 10.922    0.036 0.046 0.035 0.041 0.046  A 108899
   3193.69089 11.000 10.944 11.006 10.973 10.927    0.026 0.038 0.027 0.031 0.035  A 108900
   3193.69339 10.984 10.951 10.994 10.965 10.946    0.028 0.037 0.031 0.032 0.036  A 108901
   3193.69594 10.982 10.960 10.998 10.952 10.906    0.027 0.040 0.029 0.032 0.036  A 108902
   3193.69844 10.958 10.961 10.966 10.944 10.908    0.030 0.040 0.034 0.035 0.040  A 108903
   3193.70094 10.955 10.974 10.961 10.910 10.857    0.027 0.038 0.028 0.032 0.036  A 108904
   3193.70343 10.927 10.967 10.940 10.895 10.847    0.027 0.036 0.029 0.032 0.037  A 108905
   3193.70596 10.954 10.975 10.955 10.922 10.893    0.027 0.037 0.029 0.033 0.037  A 108906
   3193.71074 10.928 10.920 10.930 10.904 10.872    0.031 0.040 0.031 0.038 0.042  A 108907
   3193.71323 10.977 10.993 11.004 10.957 10.929    0.027 0.037 0.030 0.032 0.036  A 108908
   3193.71573 10.973 10.986 10.967 10.956 10.915    0.027 0.043 0.027 0.031 0.036  A 108909
   3193.71822 10.914 10.902 10.934 10.881 10.832    0.027 0.042 0.031 0.032 0.036  A 108910
   3193.72072 10.956 10.943 10.962 10.928 10.882    0.027 0.042 0.030 0.031 0.035  A 108911
   3193.72322 10.990 10.955 11.001 10.964 10.925    0.027 0.043 0.030 0.032 0.036  A 108912
   3193.72571 10.946 10.938 10.966 10.916 10.856    0.026 0.038 0.026 0.031 0.035  A 108913
   3193.72821 10.951 10.975 10.947 10.925 10.881    0.026 0.039 0.028 0.031 0.036  A 108914
   3193.73072 10.955 10.938 10.979 10.920 10.876    0.027 0.045 0.029 0.032 0.035  A 108915
   3193.73322 10.917 11.009 10.951 10.880 10.848    0.027 0.044 0.031 0.033 0.037  A 108916
   3193.73572 10.931 10.990 10.953 10.897 10.861    0.026 0.038 0.029 0.032 0.036  A 108917
   3193.73823 10.916 10.961 10.950 10.884 10.824    0.029 0.045 0.035 0.034 0.039  A 108918
   3193.74074 10.947 10.987 10.947 10.933 10.912    0.027 0.036 0.028 0.032 0.036  A 108919
   3193.74329 10.910 10.915 10.932 10.869 10.820    0.027 0.043 0.029 0.032 0.036  A 108920
   3193.74579 10.934 10.924 10.916 10.911 10.895    0.027 0.038 0.030 0.032 0.036  A 108921
   3193.74829 10.935 10.913 10.958 10.896 10.873    0.026 0.039 0.027 0.031 0.037  A 108922
   3193.75082 10.912 10.903 10.941 10.866 10.820    0.027 0.040 0.030 0.032 0.037  A 108923
   3193.75331 99.999 99.999 99.999 99.999 99.999    0.027 0.040 0.032 0.032 0.037  C 108924
   3193.75583 99.999 99.999 99.999 99.999 99.999    0.027 0.037 0.027 0.031 0.036  C 108925
   3193.76068 10.933 10.959 10.935 10.902 10.831    0.027 0.037 0.030 0.032 0.037  A 108926
   3193.76319 10.904 10.917 10.919 10.875 10.836    0.027 0.037 0.028 0.031 0.035  A 108927
   3193.76572 10.984 10.973 11.004 10.956 10.907    0.027 0.040 0.030 0.032 0.037  A 108928
   3193.76823 10.913 10.956 10.930 10.881 10.835    0.029 0.045 0.031 0.033 0.038  A 108929
   3193.77073 10.963 11.009 10.987 10.932 10.886    0.029 0.039 0.033 0.034 0.038  A 108930
   3193.77324 10.977 10.900 10.981 10.942 10.893    0.026 0.034 0.028 0.031 0.036  A 108931
   3193.77581 10.966 11.031 10.966 10.942 10.891    0.030 0.046 0.030 0.035 0.040  A 108932
   3193.77832 10.982 10.972 10.990 10.953 10.900    0.028 0.033 0.027 0.032 0.037  A 108933
   3193.78310 10.946 10.907 10.947 10.939 10.919    0.028 0.031 0.028 0.034 0.039  A 108934
   3193.78566 10.959 11.006 10.963 10.950 10.895    0.027 0.032 0.028 0.032 0.037  A 108935
   3193.78815 10.926 10.928 10.937 10.891 10.858    0.027 0.033 0.031 0.033 0.038  A 108936
   3193.79067 10.916 10.925 10.923 10.878 10.841    0.028 0.030 0.029 0.033 0.037  A 108937
   3193.79318 10.940 10.984 10.953 10.904 10.850    0.027 0.036 0.028 0.032 0.037  A 108938
   3193.79569 10.924 10.906 10.919 10.901 10.862    0.027 0.036 0.028 0.032 0.037  A 108939
   3193.79818 10.950 10.973 10.948 10.941 10.922    0.028 0.033 0.029 0.034 0.038  A 108940
   3193.80067 10.938 10.927 10.946 10.916 10.898    0.028 0.031 0.029 0.033 0.038  A 108941
   3193.80317 10.954 10.947 10.968 10.915 10.869    0.028 0.032 0.028 0.033 0.037  A 108942
   3193.80568 10.937 10.948 10.948 10.917 10.876    0.028 0.031 0.029 0.033 0.037  A 108943
   3193.80818 10.915 10.956 10.954 10.874 10.819    0.028 0.031 0.028 0.033 0.037  A 108944
   3193.81070 10.926 10.937 10.952 10.888 10.851    0.028 0.031 0.028 0.032 0.037  A 108945
   3193.81320 10.917 10.971 10.951 10.879 10.844    0.028 0.030 0.029 0.033 0.037  A 108946
   3193.81569 10.978 10.968 11.001 10.946 10.915    0.028 0.033 0.029 0.034 0.038  A 108947
   3193.81820 10.949 10.980 10.939 10.920 10.897    0.028 0.032 0.027 0.033 0.039  A 108948
   3193.82069 10.949 10.928 10.962 10.934 10.903    0.029 0.031 0.030 0.034 0.040  A 108949
   3193.82323 10.930 10.970 10.945 10.891 10.836    0.030 0.035 0.029 0.035 0.040  A 108950
   3193.82575 10.919 10.939 10.950 10.900 10.863    0.029 0.032 0.029 0.033 0.038  A 108951
   3193.82826 10.980 10.978 10.998 10.945 10.901    0.031 0.036 0.032 0.037 0.041  A 108952
   3193.83075 10.967 10.965 10.992 10.967 10.944    0.031 0.032 0.033 0.037 0.041  A 108953
   3193.83326 10.916 10.953 10.940 10.876 10.817    0.031 0.037 0.030 0.037 0.042  A 108954
   3193.83576 10.905 10.954 10.926 10.868 10.829    0.031 0.032 0.031 0.036 0.041  A 108955
   3193.83826 10.943 10.972 10.955 10.919 10.912    0.032 0.033 0.032 0.037 0.042  A 108956
   3193.84079 10.892 10.952 10.916 10.850 10.835    0.035 0.035 0.034 0.040 0.046  A 108957
   3193.84335 10.931 10.948 10.938 10.909 10.903    0.041 0.042 0.040 0.047 0.054  B 108958
   3193.84585 11.353 11.265 11.289 11.338 11.299    0.057 0.059 0.054 0.063 0.068  D 108959
   3194.47124 10.962 11.003 10.970 10.931 10.890    0.080 0.079 0.082 0.089 0.098  D 108999
   3194.47367 10.946 10.970 10.966 10.912 10.873    0.047 0.049 0.047 0.053 0.057  B 109000
   3194.47619 10.942 10.917 10.964 10.911 10.859    0.044 0.045 0.044 0.049 0.055  B 109001
   3194.47872 10.895 10.904 10.926 10.869 10.823    0.044 0.045 0.045 0.049 0.053  B 109002
   3194.48123 10.941 10.949 10.952 10.909 10.852    0.050 0.052 0.050 0.054 0.058  B 109003
   3194.48372 10.952 11.009 10.969 10.907 10.858    0.048 0.048 0.048 0.053 0.057  B 109004
   3194.48870 11.006 11.007 10.996 10.969 10.926    0.073 0.073 0.072 0.078 0.081  D 109006
   3194.49120 10.945 10.964 10.934 10.916 10.892    0.072 0.074 0.072 0.077 0.081  D 109007
   3194.49370 10.930 10.944 10.949 10.889 10.831    0.035 0.036 0.036 0.040 0.044  A 109008
   3194.49620 10.978 11.004 10.983 10.949 10.892    0.067 0.068 0.067 0.071 0.074  D 109009
   3194.49869 10.962 10.995 10.962 10.933 10.877    0.053 0.055 0.055 0.058 0.063  B 109010
   3194.50119 10.937 10.954 10.939 10.913 10.888    0.048 0.049 0.049 0.053 0.056  B 109011
   3194.50367 10.937 10.957 10.961 10.903 10.848    0.034 0.034 0.033 0.039 0.044  A 109012
   3194.50616 10.928 10.977 10.936 10.889 10.853    0.041 0.041 0.042 0.045 0.050  A 109013
   3194.50867 10.922 10.958 10.952 10.879 10.842    0.033 0.034 0.033 0.038 0.043  A 109014
   3194.51117 10.919 10.979 10.916 10.894 10.844    0.037 0.037 0.037 0.040 0.043  A 109015
   3194.51367 10.908 10.957 10.939 10.906 10.870    0.029 0.029 0.030 0.034 0.039  A 109016
   3194.51617 10.934 10.966 10.953 10.910 10.876    0.029 0.030 0.029 0.033 0.038  A 109017
   3194.51868 10.928 10.965 10.955 10.887 10.842    0.030 0.032 0.032 0.035 0.040  A 109018
   3194.52118 10.923 10.956 10.937 10.896 10.873    0.030 0.031 0.030 0.034 0.039  A 109019
   3194.52370 10.975 10.992 10.975 10.971 10.932    0.037 0.038 0.040 0.041 0.046  A 109020
   3194.52620 10.940 10.946 10.959 10.903 10.862    0.034 0.034 0.035 0.038 0.043  A 109021
   3194.52871 10.913 10.955 10.924 10.886 10.853    0.028 0.028 0.028 0.032 0.037  A 109022
   3194.53120 10.952 10.978 10.969 10.917 10.875    0.031 0.033 0.032 0.036 0.040  A 109023
   3194.53370 10.949 10.933 10.966 10.950 10.906    0.030 0.031 0.032 0.035 0.040  A 109024
   3194.53621 10.947 10.982 10.957 10.922 10.885    0.045 0.047 0.045 0.049 0.052  B 109025
   3194.53870 10.965 10.973 10.980 10.960 10.913    0.032 0.034 0.033 0.036 0.040  A 109026
   3194.54120 10.997 10.944 11.000 10.969 10.907    0.027 0.027 0.027 0.032 0.036  A 109027
   3194.54368 10.935 10.960 10.944 10.894 10.852    0.027 0.028 0.028 0.031 0.035  A 109028
   3194.54620 10.948 10.997 10.985 10.893 10.838    0.027 0.030 0.028 0.031 0.036  A 109029
   3194.54870 10.946 10.980 10.951 10.920 10.892    0.026 0.030 0.027 0.031 0.035  A 109030
   3194.55120 10.965 10.979 10.949 10.960 10.928    0.027 0.029 0.028 0.031 0.036  A 109031
   3194.55369 10.984 10.955 10.985 10.963 10.925    0.025 0.027 0.027 0.030 0.034  A 109032
   3194.55621 10.963 10.962 10.968 10.950 10.917    0.027 0.028 0.027 0.031 0.034  A 109033
   3194.55872 10.963 10.981 10.962 10.953 10.933    0.025 0.028 0.026 0.029 0.033  A 109034
   3194.56124 10.918 10.947 10.933 10.895 10.850    0.025 0.026 0.025 0.030 0.034  A 109035
   3194.56374 10.944 10.960 10.945 10.924 10.888    0.025 0.027 0.026 0.029 0.032  A 109036
   3194.56852 10.935 10.939 10.947 10.904 10.860    0.025 0.027 0.026 0.030 0.034  A 109037
   3194.57102 10.908 10.915 10.927 10.880 10.833    0.025 0.026 0.025 0.030 0.034  A 109038
   3194.57580 10.946 10.985 10.960 10.912 10.860    0.026 0.028 0.027 0.031 0.036  A 109039
   3194.57830 10.951 10.982 10.962 10.918 10.859    0.025 0.027 0.026 0.029 0.033  A 109040
   3194.58080 10.950 10.944 10.962 10.928 10.871    0.026 0.028 0.028 0.031 0.034  A 109041
   3194.58333 10.968 10.958 10.985 10.940 10.894    0.025 0.027 0.025 0.030 0.034  A 109042
   3194.58586 10.930 10.941 10.947 10.909 10.865    0.025 0.030 0.027 0.030 0.034  A 109043
   3194.58836 10.909 10.935 10.919 10.873 10.828    0.025 0.027 0.025 0.029 0.033  A 109044
   3194.59314 10.932 10.965 10.935 10.921 10.884    0.027 0.029 0.027 0.032 0.036  A 109045
   3194.59566 10.989 10.983 10.999 10.968 10.923    0.027 0.028 0.029 0.030 0.035  A 109046
   3194.59816 10.955 10.946 10.971 10.932 10.905    0.026 0.028 0.029 0.030 0.034  A 109047
   3194.60068 10.934 10.954 10.949 10.883 10.842    0.025 0.031 0.025 0.030 0.034  A 109048
   3194.60320 10.906 10.956 10.925 10.873 10.846    0.027 0.029 0.029 0.031 0.035  A 109049
   3194.60570 10.925 10.925 10.937 10.892 10.852    0.026 0.034 0.026 0.030 0.034  A 109050
   3194.60819 10.926 10.946 10.937 10.902 10.863    0.027 0.031 0.027 0.031 0.035  A 109051
   3194.61069 10.898 10.926 10.951 10.846 10.796    0.026 0.031 0.029 0.031 0.035  A 109052
   3194.61398 10.919 10.932 10.908 10.899 10.859    0.026 0.027 0.028 0.030 0.034  A 109053
   3194.61797 10.952 10.990 10.950 10.921 10.884    0.028 0.037 0.027 0.032 0.037  A 109054
   3194.62050 10.929 10.977 10.943 10.906 10.880    0.026 0.032 0.028 0.031 0.034  A 109055
   3194.62301 10.972 10.999 10.980 10.959 10.934    0.026 0.036 0.026 0.031 0.035  A 109056
   3194.62551 10.950 10.966 10.964 10.935 10.903    0.025 0.028 0.028 0.030 0.033  A 109057
   3194.62801 10.954 10.987 10.961 10.946 10.903    0.028 0.036 0.029 0.034 0.039  A 109058
   3194.63051 10.948 10.948 10.949 10.923 10.869    0.026 0.031 0.030 0.031 0.035  A 109059
   3194.63301 10.986 10.974 10.999 10.957 10.913    0.027 0.034 0.027 0.031 0.035  A 109060
   3194.63551 10.912 10.934 10.930 10.874 10.824    0.026 0.030 0.029 0.030 0.035  A 109061
   3194.63800 10.931 10.952 10.953 10.883 10.840    0.026 0.033 0.029 0.031 0.035  A 109062
   3194.64052 10.933 10.960 10.952 10.908 10.855    0.026 0.031 0.028 0.031 0.034  A 109063
   3194.64530 10.899 10.920 10.925 10.855 10.802    0.027 0.032 0.027 0.032 0.037  A 109064
   3194.64780 10.915 10.945 10.938 10.878 10.826    0.027 0.035 0.029 0.032 0.036  A 109065
   3194.65030 10.949 10.961 10.962 10.927 10.898    0.025 0.033 0.028 0.029 0.033  A 109066
   3194.65279 10.957 10.985 10.964 10.938 10.909    0.026 0.037 0.026 0.030 0.034  A 109067
   3194.65529 10.927 10.978 10.938 10.895 10.850    0.026 0.031 0.027 0.030 0.034  A 109068
   3194.65779 10.943 11.000 10.953 10.919 10.871    0.028 0.037 0.029 0.032 0.036  A 109069
   3194.66029 10.923 10.959 10.936 10.892 10.836    0.026 0.032 0.029 0.030 0.034  A 109070
   3194.66279 10.962 10.968 10.979 10.946 10.900    0.027 0.037 0.029 0.031 0.034  A 109071
   3194.66529 10.948 10.961 10.961 10.903 10.846    0.026 0.032 0.028 0.031 0.035  A 109072
   3194.66780 10.924 10.930 10.938 10.893 10.852    0.027 0.038 0.028 0.032 0.036  A 109073
   3194.67030 10.882 10.904 10.907 10.833 10.792    0.027 0.035 0.029 0.032 0.037  A 109074
   3194.67279 10.936 10.945 10.947 10.904 10.870    0.028 0.037 0.029 0.032 0.037  A 109075
   3194.67530 10.928 10.921 10.939 10.886 10.847    0.027 0.038 0.030 0.032 0.036  A 109076
   3194.67780 10.946 10.965 10.966 10.913 10.880    0.026 0.034 0.028 0.032 0.036  A 109077
   3194.68029 10.930 10.961 10.935 10.918 10.873    0.027 0.039 0.029 0.031 0.035  A 109078
   3194.68279 10.961 10.986 10.965 10.940 10.915    0.028 0.035 0.028 0.033 0.038  A 109079
   3194.68666 10.946 10.929 10.956 10.921 10.865    0.041 0.045 0.037 0.051 0.059  B 109080
   3194.69721 10.911 10.934 10.914 10.912 10.897    0.055 0.050 0.048 0.068 0.080  D 109081
   3194.69965 10.941 10.972 10.947 10.925 10.894    0.027 0.038 0.028 0.033 0.037  A 109082
   3194.70464 10.967 10.927 10.961 10.966 10.978    0.028 0.040 0.028 0.033 0.038  A 109084
   3194.70708 10.929 10.931 10.948 10.906 10.884    0.026 0.030 0.026 0.030 0.034  A 109085
   3194.70958 10.923 10.970 10.943 10.898 10.861    0.029 0.039 0.029 0.033 0.037  A 109086
   3194.71207 99.999 10.950 10.943 99.999 99.999    0.027 0.039 0.029 0.033 0.037  C 109087
   3194.71457 10.949 10.961 10.936 10.933 10.900    0.027 0.035 0.028 0.032 0.036  A 109088
   3194.71706 10.965 10.991 10.969 10.946 10.907    0.027 0.042 0.029 0.033 0.038  A 109089
   3194.71958 10.926 10.968 10.935 10.895 10.845    0.029 0.041 0.030 0.034 0.038  A 109090
   3194.72207 10.904 10.932 10.901 10.885 10.826    0.028 0.043 0.028 0.033 0.036  A 109091
   3194.72458 10.928 10.957 10.937 10.914 10.869    0.027 0.033 0.028 0.032 0.036  A 109092
   3194.72708 10.912 10.969 10.946 10.867 10.816    0.028 0.033 0.028 0.033 0.038  A 109093
   3194.73210 10.957 11.003 10.969 10.928 10.877    0.032 0.033 0.030 0.038 0.044  A 109095
   3194.73460 10.987 10.965 10.991 10.950 10.899    0.033 0.043 0.034 0.040 0.044  A 109096
   3194.73710 11.001 10.958 11.000 10.991 10.956    0.032 0.036 0.032 0.038 0.043  A 109097
   3194.73960 10.939 10.924 10.955 10.898 10.853    0.029 0.041 0.030 0.034 0.039  A 109098
   3194.74210 10.993 10.954 11.000 10.971 10.928    0.031 0.042 0.032 0.037 0.042  A 109099
   3194.74460 10.932 10.984 10.955 10.893 10.854    0.028 0.038 0.030 0.034 0.037  A 109100
   3194.74709 10.951 10.970 10.958 10.926 10.880    0.027 0.029 0.026 0.032 0.036  A 109101
   3194.74959 10.967 10.975 10.979 10.943 10.885    0.028 0.031 0.027 0.032 0.037  A 109102
   3194.75209 10.937 10.948 10.948 10.898 10.861    0.027 0.034 0.028 0.032 0.036  A 109103
   3194.75461 10.930 10.959 10.938 10.908 10.860    0.027 0.034 0.026 0.032 0.036  A 109104
   3194.76019 10.945 10.979 10.959 10.928 10.890    0.028 0.032 0.029 0.033 0.038  A 109105
   3194.76418 10.951 10.922 10.957 10.920 10.864    0.030 0.039 0.032 0.036 0.040  A 109106
   3194.76746 10.931 10.952 10.945 10.911 10.855    0.029 0.034 0.029 0.034 0.039  A 109107
   3194.77145 10.933 10.950 10.946 10.901 10.856    0.028 0.030 0.028 0.033 0.037  A 109108
   3194.77623 10.930 10.989 10.945 10.896 10.840    0.028 0.036 0.029 0.033 0.037  A 109109
   3194.77874 10.962 10.970 10.982 10.917 10.871    0.028 0.030 0.028 0.034 0.038  A 109110
   3194.78124 10.946 10.957 10.966 10.914 10.879    0.028 0.032 0.027 0.033 0.038  A 109111
   3194.78374 10.961 10.950 10.973 10.943 10.892    0.028 0.031 0.028 0.034 0.038  A 109112
   3194.78623 10.950 10.968 10.931 10.937 10.869    0.029 0.033 0.030 0.035 0.039  A 109113
   3194.78873 10.943 10.955 10.959 10.901 10.848    0.030 0.036 0.031 0.036 0.040  A 109114
   3194.79123 10.937 10.965 10.964 10.897 10.855    0.029 0.034 0.029 0.035 0.040  A 109115
   3194.79373 10.923 10.895 10.947 10.893 10.867    0.030 0.035 0.031 0.036 0.041  A 109116
   3194.79622 10.957 10.937 10.977 10.925 10.888    0.030 0.030 0.028 0.035 0.040  A 109117
   3194.79875 10.956 10.978 10.967 10.949 10.910    0.029 0.032 0.029 0.034 0.039  A 109118
   3194.80127 10.949 10.946 10.962 10.924 10.889    0.030 0.032 0.030 0.034 0.040  A 109119
   3194.80378 10.972 10.978 10.990 10.948 10.904    0.030 0.031 0.031 0.035 0.039  A 109120
   3194.80631 10.964 10.962 10.954 10.948 10.928    0.031 0.036 0.031 0.036 0.041  A 109121
   3194.80886 11.008 10.985 11.024 10.966 10.918    0.030 0.033 0.030 0.035 0.041  A 109122
   3194.81139 10.962 10.923 10.972 10.946 10.902    0.031 0.032 0.031 0.036 0.041  A 109123
   3194.81389 10.919 10.931 10.942 10.886 10.864    0.029 0.031 0.029 0.035 0.040  A 109124
   3194.81639 10.974 10.936 10.988 10.937 10.881    0.030 0.032 0.029 0.035 0.041  A 109125
   3194.81889 10.956 10.973 10.966 10.923 10.875    0.030 0.031 0.030 0.035 0.040  A 109126
   3194.82144 10.955 10.978 10.977 10.920 10.860    0.030 0.032 0.030 0.036 0.041  A 109127
   3194.82393 10.972 10.980 10.979 10.952 10.903    0.032 0.033 0.030 0.037 0.043  A 109128
   3194.82871 10.924 10.937 10.965 10.878 10.856    0.031 0.033 0.031 0.036 0.041  A 109129
   3194.83349 10.978 10.961 10.988 10.946 10.897    0.030 0.032 0.030 0.036 0.041  A 109130
   3194.83600 11.004 10.989 11.005 10.984 10.901    0.032 0.032 0.030 0.038 0.043  A 109131
   3194.83849 10.953 10.975 10.965 10.938 10.900    0.036 0.036 0.035 0.042 0.050  A 109132
   3194.84100 10.859 10.891 10.860 10.870 10.849    0.046 0.048 0.044 0.052 0.059  B 109133
   3194.84353 11.196 11.280 11.232 11.174 11.237    0.059 0.060 0.057 0.065 0.070  D 109134
   3195.67024 10.979 11.018 10.984 10.975 10.938    0.031 0.055 0.036 0.036 0.041  A 109180
   3195.67253 10.939 11.005 10.961 10.903 10.839    0.031 0.050 0.034 0.035 0.040  A 109181
   3195.67483 10.959 10.988 10.970 10.924 10.864    0.034 0.058 0.037 0.038 0.042  A 109182
   3195.67711 10.922 10.993 10.943 10.898 10.849    0.031 0.054 0.035 0.036 0.040  A 109183
   3195.67939 10.944 10.957 10.955 10.925 10.861    0.032 0.056 0.036 0.037 0.040  A 109184
   3195.68173 10.989 10.988 10.984 10.980 10.948    0.028 0.045 0.032 0.032 0.037  A 109185
   3195.68411 10.993 10.952 10.985 10.978 10.929    0.031 0.054 0.036 0.036 0.040  A 109186
   3195.68640 10.991 10.985 11.000 10.962 10.899    0.031 0.051 0.035 0.035 0.040  A 109187
   3195.68868 10.987 11.000 11.005 10.955 10.924    0.031 0.050 0.034 0.035 0.040  A 109188
   3195.69107 10.954 10.948 10.960 10.917 10.877    0.032 0.052 0.036 0.036 0.039  A 109189
   3195.69342 10.966 10.965 10.977 10.940 10.896    0.030 0.049 0.034 0.035 0.038  A 109190
   3195.69580 11.005 11.015 11.022 11.001 10.954    0.030 0.050 0.035 0.034 0.038  A 109191
   3195.69820 10.937 10.995 10.955 10.915 10.877    0.031 0.051 0.036 0.035 0.040  A 109192
   3195.70054 10.952 10.983 10.964 10.927 10.884    0.030 0.049 0.035 0.034 0.038  A 109193
   3195.70290 10.963 10.978 10.980 10.920 10.866    0.029 0.047 0.034 0.034 0.038  A 109194
   3195.70521 10.945 10.967 10.952 10.924 10.857    0.031 0.049 0.036 0.035 0.040  A 109195
   3195.70764 10.946 11.009 10.967 10.921 10.873    0.030 0.046 0.034 0.034 0.038  A 109196
   3195.71072 10.944 10.971 10.965 10.906 10.866    0.031 0.043 0.035 0.035 0.039  A 109197
   3195.71307 10.950 10.998 10.966 10.920 10.878    0.027 0.040 0.032 0.032 0.036  A 109198
   3195.71541 10.923 10.907 10.934 10.887 10.829    0.030 0.043 0.035 0.035 0.039  A 109199
   3195.71777 10.978 10.995 10.995 10.941 10.889    0.029 0.045 0.034 0.034 0.039  A 109200
   3195.72012 10.944 10.992 10.958 10.907 10.858    0.032 0.046 0.037 0.035 0.040  A 109201
   3195.72244 10.943 10.974 10.953 10.908 99.999    0.029 0.043 0.035 0.034 0.038  C 109202
   3195.72557 10.954 10.959 10.975 10.912 10.851    0.031 0.045 0.037 0.035 0.039  A 109203
   3195.72788 10.977 10.951 10.982 10.948 10.888    0.031 0.046 0.036 0.035 0.039  A 109204
   3195.73018 10.947 10.930 10.956 10.912 10.857    0.033 0.048 0.039 0.037 0.041  A 109205
   3195.73247 10.910 10.975 10.932 10.880 10.826    0.031 0.045 0.037 0.035 0.040  A 109206
   3195.73475 10.948 10.977 10.964 10.920 10.865    0.031 0.043 0.037 0.035 0.040  A 109207
   3195.73704 10.924 10.934 10.941 10.906 10.856    0.032 0.047 0.039 0.036 0.040  A 109208
   3195.74186 10.961 10.958 10.976 10.922 10.846    0.036 0.049 0.041 0.042 0.048  A 109209
   3195.74414 10.932 10.934 10.954 10.891 10.853    0.033 0.047 0.039 0.037 0.042  A 109210
   3195.74646 99.999 99.999 99.999 99.999 99.999    0.031 0.045 0.039 0.035 0.039  C 109211
   3195.74958 10.965 10.922 10.983 10.940 10.905    0.034 0.052 0.042 0.037 0.042  A 109212
   3195.75191 99.999 99.999 99.999 99.999 99.999    0.034 0.050 0.041 0.037 0.041  C 109213
   3195.75421 10.935 10.995 10.959 10.913 10.856    0.034 0.051 0.042 0.037 0.041  A 109214
   3195.76212 10.900 10.970 10.954 10.836 10.804    0.042 0.056 0.047 0.047 0.053  B 109215
   3195.76440 10.922 10.932 10.946 10.901 10.871    0.038 0.054 0.047 0.040 0.045  A 109216
   3195.76675 10.948 10.967 10.963 10.935 10.888    0.037 0.052 0.045 0.040 0.042  A 109217
   3195.76910 10.976 10.999 11.007 10.943 10.897    0.038 0.052 0.046 0.040 0.043  A 109218
   3195.77155 10.924 10.977 10.939 10.895 10.856    0.039 0.054 0.047 0.042 0.046  A 109219
   3195.77395 10.932 10.969 10.944 10.895 10.842    0.040 0.054 0.048 0.042 0.045  B 109220
   3195.77954 10.944 10.943 10.969 10.907 10.871    0.043 0.058 0.051 0.046 0.048  B 109222
   3195.78189 10.929 10.972 10.955 10.906 10.869    0.044 0.059 0.052 0.045 0.046  B 109223
   3195.78425 10.893 10.949 10.921 10.864 10.829    0.047 0.064 0.056 0.051 0.052  B 109224
   3195.78656 10.920 11.010 10.957 10.891 10.865    0.049 0.065 0.057 0.053 0.054  D 109225
   3195.78904 10.935 10.986 10.977 10.905 10.886    0.048 0.063 0.056 0.052 0.052  B 109226
   3195.79138 10.935 11.045 11.022 10.894 10.859    0.047 0.064 0.056 0.050 0.050  B 109227
   3195.79374 10.934 10.982 10.960 10.891 10.856    0.050 0.065 0.058 0.055 0.053  D 109228
   3195.79619 10.976 11.003 11.024 10.930 10.903    0.051 0.067 0.058 0.055 0.053  D 109229
   3195.79851 10.981 11.013 10.988 10.950 10.914    0.052 0.071 0.061 0.056 0.055  D 109230
   3195.80087 10.935 10.986 10.966 10.893 10.851    0.051 0.071 0.060 0.054 0.054  D 109231
   3195.80327 10.945 10.974 10.970 10.913 10.877    0.037 0.049 0.044 0.039 0.045  A 109232
   3195.80561 11.008 11.009 11.028 10.984 10.943    0.046 0.062 0.055 0.049 0.051  B 109233
   3195.81035 10.944 11.035 11.000 10.905 10.880    0.051 0.069 0.060 0.053 0.056  D 109235
   3195.81268 10.960 11.042 10.999 10.926 10.892    0.057 0.079 0.066 0.060 0.059  D 109236
   3196.55827 10.948 11.015 10.969 10.916 10.891    0.054 0.078 0.066 0.054 0.052  D 109241
   3196.56770 10.995 10.972 10.974 10.986 10.943    0.031 0.044 0.034 0.036 0.042  A 109243
   3196.56998 10.960 10.995 10.964 10.946 10.892    0.027 0.035 0.030 0.031 0.035  A 109244
   3196.57232 10.930 10.943 10.913 10.923 10.892    0.026 0.040 0.030 0.030 0.033  A 109245
   3196.57464 10.969 11.007 10.984 10.947 10.890    0.025 0.036 0.029 0.029 0.033  A 109246
   3196.57699 10.984 10.955 10.983 10.949 10.898    0.026 0.042 0.031 0.030 0.034  A 109247
   3196.57932 10.947 10.961 10.971 10.895 10.834    0.025 0.039 0.029 0.030 0.033  A 109248
   3196.58473 10.938 11.001 10.965 10.900 10.862    0.025 0.035 0.029 0.029 0.033  A 109250
   3196.58703 10.940 10.928 10.953 10.898 10.841    0.026 0.041 0.030 0.030 0.035  A 109251
   3196.58935 10.942 10.972 10.949 10.923 10.872    0.026 0.037 0.030 0.030 0.034  A 109252
   3196.59168 10.947 10.942 10.961 10.917 10.865    0.025 0.033 0.028 0.029 0.033  A 109253
   3196.59404 10.961 10.954 10.984 10.903 10.855    0.025 0.031 0.028 0.029 0.033  A 109254
   3196.59638 10.949 10.996 10.970 10.907 10.855    0.027 0.042 0.032 0.031 0.035  A 109255
   3207.66620 10.964 11.031 10.977 10.935 10.927    0.039 0.046 0.042 0.045 0.052  B 109400
   3207.66876 10.941 11.016 10.970 10.897 10.855    0.045 0.046 0.045 0.053 0.061  B 109401
   3207.67130 10.968 11.009 10.973 10.925 10.871    0.037 0.042 0.040 0.043 0.050  A 109402
   3207.67381 10.987 10.984 11.014 10.978 10.949    0.042 0.048 0.045 0.047 0.053  B 109403
   3207.67637 10.982 11.020 11.012 10.963 10.925    0.042 0.047 0.045 0.047 0.054  B 109404
   3207.67890 10.959 10.982 10.974 10.932 10.897    0.041 0.045 0.043 0.048 0.054  B 109405
   3207.68144 10.929 10.963 10.931 10.901 10.889    0.042 0.047 0.044 0.048 0.054  B 109406
   3207.68399 10.889 10.933 10.898 10.853 10.822    0.044 0.048 0.047 0.049 0.054  B 109407
   3207.68650 10.929 10.942 10.950 10.897 10.847    0.041 0.047 0.044 0.047 0.055  B 109408
   3207.68902 10.885 10.951 10.905 10.853 10.836    0.042 0.047 0.045 0.046 0.051  A 109409
   3207.69157 10.895 10.906 10.939 10.860 10.822    0.039 0.044 0.041 0.045 0.051  A 109410
   3207.69411 10.856 10.911 10.891 10.809 10.776    0.039 0.043 0.041 0.045 0.051  A 109411
   3207.69661 10.916 10.962 10.941 10.882 10.859    0.043 0.047 0.045 0.049 0.057  B 109412
   3212.48960 10.943 10.980 10.978 10.887 10.819    0.035 0.040 0.038 0.040 0.047  A 109553
   3212.49203 10.987 10.991 10.984 10.966 10.916    0.031 0.039 0.036 0.035 0.040  A 109554
   3212.49453 10.973 11.013 10.968 10.962 10.934    0.030 0.038 0.035 0.034 0.039  A 109555
   3212.49704 10.953 10.973 10.956 10.931 10.906    0.030 0.039 0.036 0.035 0.041  A 109556
   3212.49957 10.921 10.982 10.944 10.893 99.999    0.030 0.038 0.035 0.034 0.040  C 109557
   3212.50209 10.978 10.960 10.992 10.957 10.924    0.030 0.038 0.035 0.034 0.039  A 109558
   3212.50460 10.936 10.956 10.982 10.895 10.863    0.033 0.042 0.039 0.036 0.042  A 109559
   3212.50711 10.921 10.972 10.927 10.903 10.854    0.032 0.040 0.037 0.037 0.042  A 109560
   3212.50964 10.983 11.008 11.001 10.951 10.898    0.031 0.038 0.036 0.035 0.040  A 109561
   3212.51214 11.005 11.005 11.024 10.993 10.936    0.032 0.039 0.036 0.036 0.042  A 109562
   3212.51462 10.953 10.982 10.974 10.934 10.891    0.032 0.039 0.036 0.036 0.042  A 109563
   3212.51714 11.000 10.949 11.006 10.980 10.936    0.031 0.038 0.036 0.036 0.042  A 109564
   3212.51964 10.959 10.983 10.991 10.923 10.892    0.033 0.040 0.038 0.037 0.042  A 109565
   3212.52215 10.933 10.889 10.964 10.889 10.836    0.033 0.040 0.037 0.037 0.043  A 109566
   3212.52465 10.939 10.945 10.959 10.889 10.844    0.031 0.038 0.036 0.036 0.041  A 109567
   3212.52717 10.947 10.980 10.971 10.918 10.891    0.031 0.038 0.036 0.036 0.042  A 109568
   3212.52970 10.949 10.944 10.956 10.927 10.872    0.031 0.039 0.035 0.035 0.039  A 109569
   3212.53223 10.982 10.946 10.986 10.959 10.924    0.030 0.039 0.035 0.034 0.039  A 109570
   3212.53474 10.904 10.960 10.935 10.861 10.835    0.030 0.037 0.034 0.034 0.038  A 109571
   3212.53725 10.941 10.934 10.970 10.912 10.857    0.030 0.038 0.035 0.034 0.039  A 109572
   3212.53979 10.937 10.963 10.961 10.910 10.874    0.030 0.037 0.035 0.033 0.038  A 109573
   3212.54233 10.916 10.964 10.928 10.884 10.846    0.031 0.039 0.036 0.035 0.039  A 109574
   3212.54485 10.918 10.964 10.951 10.879 10.835    0.030 0.039 0.035 0.035 0.039  A 109575
   3212.54963 10.948 10.998 10.951 10.914 10.861    0.032 0.040 0.038 0.037 0.043  A 109576
   3212.55443 10.990 11.015 11.011 10.958 10.922    0.034 0.042 0.038 0.039 0.045  A 109577
   3212.55694 10.946 11.008 10.969 10.915 10.878    0.032 0.041 0.038 0.036 0.042  A 109578
   3212.55947 10.958 10.998 10.957 10.943 10.898    0.030 0.039 0.036 0.034 0.039  A 109579
   3212.56201 10.924 10.959 10.949 10.889 10.838    0.033 0.041 0.037 0.037 0.041  A 109580
   3212.56452 10.978 10.964 10.995 10.948 10.907    0.030 0.038 0.035 0.034 0.039  A 109581
   3212.56703 10.937 10.954 10.969 10.886 10.855    0.033 0.041 0.037 0.037 0.043  A 109582
   3212.56953 10.915 10.949 10.940 10.876 10.841    0.031 0.038 0.037 0.035 0.040  A 109583
   3212.57203 11.013 11.021 11.023 10.998 10.966    0.033 0.040 0.038 0.037 0.043  A 109584
   3212.57454 10.961 10.981 10.990 10.949 10.919    0.032 0.042 0.037 0.036 0.040  A 109585
   3212.57706 10.957 10.939 10.974 10.927 10.887    0.030 0.042 0.037 0.035 0.040  A 109586
   3212.58212 10.943 10.961 10.964 10.913 10.887    0.031 0.040 0.037 0.035 0.040  A 109588
   3212.58462 10.977 10.974 10.999 10.942 10.908    0.030 0.039 0.035 0.033 0.038  A 109589
   3212.58712 10.940 10.956 10.957 10.887 10.842    0.030 0.039 0.036 0.034 0.038  A 109590
   3212.58964 10.952 10.951 10.980 10.907 10.851    0.031 0.043 0.036 0.036 0.041  A 109591
   3212.59214 10.918 10.946 10.958 10.874 10.817    0.032 0.042 0.037 0.036 0.040  A 109592
   3212.59464 10.923 10.968 10.954 10.892 10.856    0.031 0.042 0.037 0.034 0.039  A 109593
   3212.59715 10.942 10.949 10.977 10.891 10.845    0.031 0.042 0.038 0.035 0.041  A 109594
   3212.59964 10.934 10.970 10.963 10.893 10.830    0.031 0.041 0.037 0.035 0.039  A 109595
   3212.60214 10.928 10.982 10.949 10.876 10.821    0.031 0.042 0.036 0.035 0.039  A 109596
   3212.60465 10.935 10.965 10.949 10.899 10.847    0.031 0.041 0.037 0.035 0.040  A 109597
   3212.60715 10.923 10.963 10.943 10.873 10.825    0.031 0.041 0.037 0.036 0.041  A 109598
   3212.60968 10.903 10.950 10.922 10.866 10.819    0.030 0.041 0.036 0.034 0.038  A 109599
   3212.61222 10.906 10.946 10.922 10.875 10.832    0.030 0.040 0.035 0.034 0.039  A 109600
   3212.61471 10.916 10.955 10.932 10.867 10.812    0.030 0.040 0.036 0.034 0.039  A 109601
   3212.61723 10.905 10.935 10.933 10.881 10.838    0.030 0.041 0.036 0.035 0.039  A 109602
   3212.61973 10.925 10.974 10.946 10.888 10.842    0.030 0.040 0.036 0.034 0.039  A 109603
   3212.62223 10.920 10.961 10.951 10.884 10.843    0.030 0.040 0.036 0.035 0.040  A 109604
   3212.62474 10.957 10.959 10.986 10.922 10.874    0.032 0.041 0.037 0.037 0.042  A 109605
   3212.62729 10.926 10.978 10.938 10.897 10.865    0.030 0.040 0.035 0.034 0.039  A 109606
   3212.62983 10.890 10.932 10.912 10.853 10.825    0.030 0.039 0.035 0.034 0.039  A 109607
   3212.63238 10.888 10.934 10.929 10.844 10.804    0.031 0.040 0.035 0.035 0.040  A 109608
   3212.63488 99.999 99.999 99.999 99.999 99.999    0.031 0.039 0.036 0.035 0.040  C 109609
   3212.63995 10.954 10.958 10.982 10.921 10.884    0.030 0.039 0.035 0.034 0.040  A 109611
   3212.64248 10.951 10.959 10.982 10.917 10.874    0.030 0.039 0.034 0.034 0.040  A 109612
   3212.64499 10.951 10.952 10.987 10.908 10.858    0.030 0.041 0.036 0.034 0.039  A 109613
   3212.64749 10.951 10.972 10.973 10.914 10.869    0.029 0.038 0.035 0.033 0.037  A 109614
   3212.65006 10.940 10.996 10.963 10.909 10.871    0.031 0.039 0.035 0.035 0.039  A 109615
   3212.65259 10.919 10.947 10.944 10.891 10.848    0.030 0.040 0.035 0.034 0.039  A 109616
   3212.65510 10.909 10.946 10.935 10.866 10.840    0.031 0.041 0.037 0.035 0.040  A 109617
   3212.65760 10.970 11.012 10.970 10.946 10.894    0.030 0.038 0.034 0.034 0.039  A 109618
   3212.66011 10.998 10.985 11.013 10.973 10.940    0.029 0.041 0.036 0.033 0.038  A 109619
   3212.66262 10.919 10.959 10.951 10.861 10.818    0.029 0.038 0.034 0.033 0.038  A 109620
   3212.66515 10.921 10.976 10.952 10.869 10.818    0.030 0.040 0.035 0.035 0.040  A 109621
   3212.66768 10.940 10.963 10.963 10.902 10.863    0.029 0.038 0.034 0.034 0.039  A 109622
   3212.67019 10.962 10.982 10.989 10.939 10.904    0.031 0.041 0.036 0.035 0.040  A 109623
   3212.67268 10.922 10.963 10.949 10.883 10.838    0.029 0.040 0.035 0.033 0.038  A 109624
   3212.67518 10.929 10.953 10.955 10.870 10.811    0.031 0.040 0.036 0.034 0.039  A 109625
   3212.67769 10.920 10.941 10.944 10.876 10.822    0.030 0.039 0.035 0.033 0.039  A 109626
   3212.68022 10.979 10.943 10.993 10.960 10.921    0.030 0.040 0.036 0.034 0.039  A 109627
   3212.68273 10.949 10.963 10.970 10.904 10.857    0.030 0.041 0.036 0.035 0.039  A 109628
   3212.68526 10.964 10.989 10.970 10.931 10.906    0.030 0.041 0.036 0.035 0.039  A 109629
   3212.68779 10.925 10.968 10.958 10.877 10.850    0.029 0.041 0.035 0.033 0.038  A 109630
   3212.69032 10.934 10.974 10.946 10.899 10.846    0.031 0.040 0.036 0.035 0.039  A 109631
   3212.69282 10.940 10.974 10.968 10.898 10.860    0.029 0.041 0.034 0.033 0.038  A 109632
   3212.69537 10.935 10.968 10.971 10.894 10.839    0.029 0.040 0.036 0.033 0.039  A 109633
   3212.69789 10.948 10.952 10.984 10.900 10.854    0.032 0.042 0.037 0.036 0.042  A 109634
   3212.70040 10.942 10.958 10.963 10.902 10.849    0.029 0.040 0.034 0.034 0.038  A 109635
   3212.70292 10.881 10.921 10.913 10.851 10.819    0.029 0.038 0.034 0.033 0.039  A 109636
   3212.70546 10.910 10.956 10.931 10.890 10.859    0.030 0.039 0.035 0.034 0.040  A 109637
   3212.70797 10.902 10.956 10.934 10.861 10.824    0.028 0.037 0.033 0.032 0.037  A 109638
   3212.71046 10.905 10.946 10.940 10.863 10.803    0.030 0.037 0.035 0.033 0.038  A 109639
   3212.71296 10.921 10.959 10.942 10.875 10.838    0.029 0.038 0.035 0.034 0.038  A 109640
   3212.71546 10.916 10.939 10.945 10.880 10.822    0.030 0.038 0.035 0.033 0.038  A 109641
   3212.71796 10.949 10.980 10.985 10.892 10.834    0.031 0.039 0.036 0.035 0.040  A 109642
   3212.72049 10.935 10.936 10.967 10.904 10.862    0.030 0.039 0.035 0.034 0.040  A 109643
   3212.72304 10.917 10.941 10.945 10.880 10.789    0.030 0.038 0.035 0.033 0.039  A 109644
   3212.72811 10.904 10.926 10.923 10.877 10.830    0.030 0.038 0.034 0.034 0.039  A 109646
   3212.73065 10.928 10.993 10.933 10.904 10.849    0.029 0.038 0.035 0.033 0.038  A 109647
   3212.73323 10.925 10.972 10.946 10.887 10.839    0.031 0.038 0.035 0.035 0.039  A 109648
   3212.73573 10.932 10.954 10.971 10.871 10.818    0.030 0.041 0.035 0.034 0.039  A 109649
   3212.73828 10.936 10.987 10.954 10.891 10.835    0.029 0.040 0.034 0.033 0.038  A 109650
   3212.74081 10.915 10.914 10.950 10.872 10.814    0.032 0.041 0.036 0.036 0.042  A 109651
   3212.74335 10.876 10.933 10.922 10.836 10.775    0.031 0.040 0.037 0.035 0.040  A 109652
   3212.74584 10.913 10.942 10.941 10.879 10.827    0.030 0.038 0.035 0.034 0.039  A 109653
   3212.74835 10.839 10.888 10.884 10.785 10.730    0.030 0.036 0.034 0.034 0.039  A 109654
   3212.75088 10.894 10.903 10.930 10.857 10.797    0.030 0.038 0.035 0.034 0.039  A 109655
   3212.75599 10.874 10.915 10.906 10.856 10.810    0.031 0.040 0.037 0.035 0.039  A 109657
   3212.75856 10.911 10.958 10.936 10.862 10.809    0.030 0.038 0.035 0.034 0.038  A 109658
   3212.76107 10.919 10.955 10.964 10.899 10.837    0.032 0.039 0.037 0.037 0.042  A 109659
   3212.76360 10.943 10.966 10.973 10.902 10.856    0.032 0.039 0.036 0.036 0.041  A 109660
   3212.76618 10.919 10.980 10.962 10.870 10.825    0.034 0.040 0.038 0.038 0.043  A 109661
   3212.76875 10.940 10.956 10.942 10.930 10.883    0.038 0.045 0.041 0.042 0.048  A 109662
   3212.77132 10.910 10.950 10.924 10.889 10.852    0.033 0.039 0.037 0.037 0.043  A 109663
   3273.59461 10.897 10.921 10.944 10.833 10.783    0.031 0.043 0.033 0.035 0.040  A 116188
   3279.51439 10.957 10.915 10.947 10.942 10.888    0.035 0.052 0.036 0.041 0.046  A 116931
   3298.51701 10.947 10.962 10.966 10.907 10.859    0.025 0.029 0.027 0.031 0.035  A 118766
   3578.58580 10.970 10.935 10.970 10.940 10.893    0.026 0.044 0.029 0.029 0.033  A 151957
   3654.49555 10.946 10.904 10.944 10.913 10.833    0.041 0.084 0.045 0.046 0.050  D 161834
   4402.49845 10.907 10.913 10.918 10.857 10.827    0.039 0.060 0.041 0.044 0.050  A 245075
#dataset= 2 ; 2 F1724-32_187
#desig= 171146-2818.9
#cra=   17.196217  17:11:46.4
#cdec= -28.314899 -28:18:53.6
#class= 0
#cmag_0= 10.965
#cmer_0=  0.042
#nskip_0= 0
#cmag_1= 10.933
#cmer_1=  0.060
#nskip_1= 0
#cmag_2= 10.901
#cmer_2=  0.063
#nskip_2= 0
#cmag_3= 10.882
#cmer_3=  0.063
#nskip_3= 0
#cmag_4= 10.864
#cmer_4=  0.094
#nskip_4= 0
#ra=   17.196217  17:11:46.4
#dec= -28.314899 -28:18:53.6
#     HJD      MAG_2  MAG_0  MAG_1  MAG_3  MAG_4    MER_2 MER_0 MER_1 MER_3 MER_4 GRADE FRAME
   2000.81336 10.858 10.935 10.891 10.840 10.798    0.053 0.082 0.066 0.056 0.056  D 14723
   2016.80297 10.946 10.995 10.975 10.927 10.931    0.052 0.077 0.063 0.055 0.055  D 16031
   3193.49980 29.999 29.999 29.999 29.999 29.999    0.076 0.079 0.076 0.081 0.084  D 108850
   3194.72957 29.999 29.999 29.999 29.999 29.999    0.031 0.045 0.031 0.036 0.042  C 109094
   3212.63742 29.999 29.999 29.999 29.999 29.999    0.030 0.041 0.037 0.035 0.039  C 109610
#ndata= 197
#dataset= 3 ; 1 F1704-24_230
#desig= 171145-2819.0
#cra=   17.195839  17:11:45.0
#cdec= -28.317036 -28:19:01.3
#class= 0
#cmag_0= 10.952
#cmer_0=  0.046
#nskip_0= 13
#cmag_1= 10.995
#cmer_1=  0.028
#nskip_1= 17
#cmag_2= 10.972
#cmer_2=  0.023
#nskip_2= 18
#cmag_3= 10.940
#cmer_3=  0.031
#nskip_3= 18
#cmag_4= 10.896
#cmer_4=  0.036
#nskip_4= 17
#ra=   17.195839  17:11:45.0
#dec= -28.317036 -28:19:01.3
#     HJD      MAG_2  MAG_0  MAG_1  MAG_3  MAG_4    MER_2 MER_0 MER_1 MER_3 MER_4 GRADE FRAME
   1954.84836 10.983 11.025 11.055 10.963 10.920    0.048 0.062 0.053 0.054 0.060  A 9943
   2040.78037 10.974 10.891 10.992 10.947 10.890    0.041 0.063 0.041 0.047 0.053  A 19520
   2156.52776 10.942 10.880 10.937 10.914 10.883    0.038 0.057 0.040 0.045 0.051  A 31603
   2169.50312 11.007 10.987 11.013 11.004 10.949    0.035 0.057 0.038 0.042 0.047  A 32384
   2172.52896 10.980 10.974 11.002 10.946 10.884    0.035 0.052 0.037 0.041 0.046  A 32749
   2177.48974 10.953 10.946 10.957 10.938 10.876    0.041 0.057 0.043 0.049 0.055  A 33367
   2180.49550 11.306 11.274 11.333 11.286 11.255    0.050 0.064 0.049 0.060 0.069  A 33731
   2185.49446 10.976 10.952 10.987 10.948 10.911    0.039 0.058 0.039 0.044 0.050  A 34206
   2189.50050 10.974 10.934 10.993 10.945 10.905    0.042 0.066 0.046 0.045 0.051  A 34754
   2194.48386 10.969 10.867 10.975 10.939 10.918    0.042 0.064 0.050 0.049 0.054  A 35585
   3408.87819 10.950 10.984 10.969 10.914 10.862    0.039 0.048 0.035 0.046 0.053  A 129116
   3413.87311 11.055 10.987 11.073 11.027 10.966    0.053 0.058 0.048 0.064 0.074  B 129869
   3417.87058 10.999 11.026 11.032 10.979 10.922    0.036 0.051 0.035 0.043 0.047  A 130499
   3421.86180 10.953 10.922 10.978 10.901 10.843    0.045 0.064 0.045 0.054 0.063  A 131127
   3425.84911 11.132 11.109 11.147 11.104 11.044    0.039 0.055 0.039 0.047 0.055  A 131754
   3436.89831 10.958 10.953 11.014 10.899 10.845    0.039 0.047 0.037 0.047 0.056  A 133080
   3446.87906 10.966 10.993 10.991 10.947 10.894    0.030 0.049 0.033 0.036 0.040  A 134657
   3449.86341 10.945 10.941 10.952 10.921 10.850    0.051 0.060 0.048 0.061 0.065  B 135148
   3452.85817 10.947 10.908 10.969 10.892 10.853    0.039 0.059 0.039 0.047 0.053  A 135571
   3455.78289 11.002 10.954 11.039 10.979 10.927    0.040 0.049 0.037 0.048 0.056  A 136058
   3457.83242 10.971 10.930 10.987 10.941 10.889    0.036 0.053 0.036 0.042 0.046  A 136429
   3465.82196 10.986 11.020 11.021 10.950 10.881    0.035 0.064 0.038 0.040 0.045  A 137716
   3471.80227 11.002 11.007 11.039 10.984 10.930    0.033 0.059 0.037 0.037 0.042  A 138630
   3479.85390 10.954 10.868 10.965 10.916 10.871    0.042 0.072 0.044 0.047 0.052  A 139924
   3481.80328 10.987 10.936 10.999 10.961 10.920    0.036 0.050 0.035 0.044 0.049  A 140231
   3483.79545 10.948 10.926 10.993 10.907 10.861    0.038 0.051 0.037 0.046 0.052  A 140545
   3489.81375 10.998 10.920 10.996 10.994 10.984    0.041 0.071 0.043 0.046 0.051  A 141014
   3491.83977 11.096 10.915 11.094 11.076 11.049    0.046 0.090 0.052 0.051 0.056  B 141377
   3495.83749 10.942 10.945 10.972 10.919 10.878    0.066 0.082 0.062 0.080 0.092  D 141702
   3498.83847 10.962 10.913 10.972 10.931 10.888    0.039 0.062 0.041 0.046 0.052  A 142019
   3501.72745 10.972 10.943 10.980 10.942 10.902    0.040 0.057 0.039 0.046 0.052  A 142479
   3503.77190 10.975 10.989 10.983 10.949 10.892    0.041 0.075 0.045 0.045 0.050  A 142852
   3506.79937 10.959 10.919 10.972 10.932 10.895    0.034 0.053 0.038 0.040 0.046  A 143197
   3509.77147 10.965 10.988 10.987 10.925 10.886    0.031 0.048 0.035 0.035 0.040  A 143467
   3511.83561 11.287 11.304 11.334 11.241 11.180    0.035 0.057 0.037 0.041 0.046  A 143737
   3516.74270 10.999 10.962 10.993 11.000 10.960    0.047 0.061 0.044 0.060 0.069  A 144209
   3520.69108 10.923 10.824 10.955 10.877 10.817    0.046 0.084 0.050 0.049 0.054  B 144690
   3522.70959 10.976 10.924 10.998 10.927 10.884    0.037 0.054 0.036 0.043 0.049  A 145045
   3524.73164 10.940 10.887 10.941 10.893 10.852    0.046 0.079 0.050 0.052 0.057  B 145370
   3526.75833 10.964 10.973 11.001 10.934 10.894    0.040 0.063 0.040 0.046 0.051  A 145719
   3528.75490 10.979 10.924 11.011 10.938 10.898    0.039 0.072 0.043 0.044 0.048  A 146048
   3538.68460 10.932 10.939 10.977 10.891 10.843    0.033 0.050 0.037 0.038 0.042  A 146858
   3543.75852 11.011 10.965 11.027 10.980 10.922    0.051 0.065 0.051 0.062 0.070  B 147593
   3547.61326 10.966 10.902 10.994 10.940 10.887    0.037 0.076 0.045 0.041 0.044  A 148025
   3551.69242 11.238 11.231 11.264 11.182 11.140    0.040 0.057 0.042 0.046 0.052  A 148326
   3554.67311 10.978 10.966 11.033 10.941 10.894    0.031 0.046 0.033 0.035 0.039  A 148767
   3556.75962 10.960 10.979 10.995 10.942 10.886    0.045 0.062 0.043 0.051 0.056  A 149105
   3559.74382 10.990 10.963 11.010 10.947 10.901    0.037 0.067 0.041 0.042 0.045  A 149442
   3561.77431 10.975 10.950 10.977 10.959 10.909    0.035 0.055 0.036 0.040 0.044  A 149789
   3563.67016 11.002 10.961 11.011 10.983 10.919    0.038 0.080 0.044 0.043 0.047  B 150095
   3571.61288 11.126 11.133 11.133 11.104 11.047    0.035 0.051 0.037 0.041 0.046  A 150898
   3574.62737 10.949 10.917 10.965 10.919 10.884    0.034 0.050 0.036 0.039 0.043  A 151280
   3576.64529 10.959 10.916 10.945 10.911 10.871    0.035 0.062 0.038 0.040 0.044  A 151646
   3578.64768 10.971 10.943 10.985 10.943 10.895    0.031 0.053 0.033 0.036 0.041  A 151979
   3583.70992 10.966 10.934 10.974 10.954 10.913    0.035 0.047 0.033 0.041 0.046  A 152860
   3588.60429 10.945 10.911 10.970 10.944 10.938    0.051 0.054 0.048 0.061 0.073  B 153652
   3590.68922 10.962 10.917 10.971 10.929 10.879    0.035 0.059 0.036 0.039 0.044  A 154030
   3592.70000 11.088 11.107 11.137 11.041 10.990    0.037 0.067 0.039 0.041 0.045  A 154384
   3599.65677 10.988 10.951 11.007 10.972 10.936    0.035 0.045 0.034 0.041 0.047  A 155273
   3602.50133 10.975 11.018 11.001 10.940 10.893    0.040 0.066 0.042 0.046 0.052  A 155686
   3604.53709 10.974 10.983 11.004 10.936 10.899    0.037 0.068 0.040 0.042 0.047  A 156008
   3608.51574 10.997 11.018 11.008 10.963 10.921    0.043 0.083 0.047 0.048 0.052  B 156428
   3617.59722 10.971 10.933 11.004 10.940 10.891    0.036 0.046 0.036 0.042 0.049  A 157122
   3620.50964 10.979 10.982 10.991 10.961 10.920    0.040 0.064 0.042 0.045 0.050  A 157548
   3626.59245 10.961 10.958 10.995 10.910 10.853    0.036 0.047 0.039 0.043 0.048  A 158307
   3630.56036 10.981 10.985 11.003 10.945 10.908    0.037 0.046 0.036 0.045 0.051  A 158762
   3632.56664 10.933 10.945 10.972 10.904 10.861    0.038 0.048 0.037 0.045 0.052  A 159074
   3635.54952 11.027 10.997 11.026 10.994 10.939    0.056 0.067 0.053 0.066 0.076  B 159511
   3639.55084 10.937 10.929 10.992 10.894 10.849    0.036 0.047 0.036 0.043 0.048  A 159907
   3642.55095 10.972 10.937 10.981 10.957 10.925    0.043 0.049 0.042 0.049 0.052  A 160288
   3646.54424 10.961 10.912 11.001 10.930 10.897    0.033 0.046 0.036 0.037 0.041  A 160737
   3653.52089 11.042 11.014 11.057 11.015 10.967    0.037 0.062 0.039 0.044 0.049  A 161721
   3658.50168 10.970 10.978 10.993 10.937 10.885    0.039 0.050 0.037 0.044 0.051  A 162427
   3661.49514 10.988 10.942 10.993 10.957 10.913    0.040 0.054 0.037 0.047 0.054  A 162886
   3664.49402 11.134 11.216 11.196 11.072 11.013    0.043 0.054 0.039 0.050 0.059  A 163313
   3774.87527 10.997 10.949 11.008 10.959 10.912    0.040 0.048 0.037 0.048 0.054  A 177579
   3791.84884 11.254 11.193 11.292 11.195 11.140    0.041 0.053 0.038 0.048 0.054  A 179469
   3795.84690 10.960 10.982 10.988 10.929 10.874    0.034 0.050 0.035 0.040 0.045  A 180050
   3799.84308 10.949 10.901 10.968 10.914 10.856    0.063 0.060 0.052 0.077 0.089  D 180602
   3803.84944 10.966 10.936 10.971 10.966 10.937    0.047 0.053 0.042 0.058 0.068  A 181096
   3806.86194 10.945 10.995 10.992 10.910 10.836    0.040 0.071 0.042 0.047 0.052  A 181543
   3809.87428 10.991 10.944 11.015 10.952 10.911    0.043 0.060 0.042 0.049 0.056  A 181899
   3813.81718 11.278 11.195 11.293 11.258 11.230    0.043 0.066 0.043 0.050 0.057  A 182518
   3818.81946 10.957 10.956 10.988 10.942 10.903    0.037 0.047 0.035 0.044 0.051  A 183316
   3821.83768 10.998 10.999 11.022 10.958 10.886    0.038 0.050 0.036 0.044 0.049  A 183803
   3824.82661 10.973 10.970 10.991 10.938 10.894    0.038 0.052 0.037 0.045 0.052  A 184296
   3827.82981 10.961 10.877 11.000 10.898 10.862    0.034 0.051 0.035 0.039 0.044  A 184804
   3830.83210 10.968 10.926 10.969 10.940 10.892    0.041 0.053 0.040 0.047 0.053  A 185309
   3833.80530 11.005 11.014 11.055 10.975 10.952    0.044 0.066 0.044 0.052 0.060  A 185827
   3836.80126 10.987 10.966 11.025 10.951 10.905    0.046 0.059 0.044 0.058 0.068  A 186333
   3848.82609 11.003 11.005 11.017 10.976 10.936    0.059 0.083 0.055 0.069 0.078  D 186977
   3850.88418 10.967 10.909 10.979 10.933 10.886    0.041 0.069 0.045 0.046 0.050  A 187337
   3853.76065 11.046 10.977 11.060 11.009 10.960    0.035 0.063 0.040 0.039 0.043  A 187829
   3855.84971 11.027 10.991 11.035 11.018 10.942    0.073 0.074 0.063 0.088 0.102  D 188163
   3858.75307 10.956 10.924 10.979 10.906 10.840    0.038 0.064 0.041 0.043 0.049  A 188563
   3860.80022 10.973 10.970 11.006 10.930 10.886    0.037 0.064 0.041 0.042 0.048  A 188882
   3862.73202 10.980 10.961 10.991 10.942 10.896    0.039 0.070 0.041 0.043 0.048  A 189232
   3864.72011 11.010 11.008 11.043 10.973 10.926    0.036 0.055 0.036 0.042 0.047  A 189563
   3866.71550 11.003 10.946 11.042 10.967 10.926    0.036 0.049 0.035 0.043 0.048  A 189914
   3871.88794 10.959 10.903 10.983 10.924 10.883    0.046 0.060 0.044 0.055 0.063  A 190824
   3875.71495 11.188 11.140 11.193 11.147 11.084    0.039 0.069 0.042 0.044 0.048  A 191201
   3877.77207 10.983 10.983 11.023 10.949 10.921    0.046 0.070 0.049 0.052 0.057  A 191533
   3880.80583 10.971 10.977 10.982 10.941 10.889    0.035 0.051 0.035 0.041 0.047  A 191861
   3883.68060 10.966 10.963 10.993 10.955 10.909    0.040 0.076 0.044 0.045 0.048  A 192276
   3887.69485 10.982 10.958 10.981 10.956 10.917    0.036 0.069 0.040 0.040 0.045  A 192677
   3891.68445 10.978 10.942 11.013 10.929 10.887    0.033 0.049 0.034 0.038 0.043  A 193367
   3893.68402 10.998 10.945 11.033 10.968 10.924    0.037 0.061 0.038 0.042 0.049  A 193724
   3901.71248 10.975 10.950 10.992 10.942 10.905    0.036 0.057 0.037 0.042 0.047  A 194870
   3903.72679 10.964 10.984 11.008 10.914 10.851    0.036 0.061 0.040 0.042 0.047  A 195251
   3905.71871 10.971 10.973 10.989 10.960 10.898    0.044 0.087 0.048 0.047 0.051  B 195625
   3907.73438 10.951 10.906 10.987 10.891 10.829    0.034 0.054 0.035 0.039 0.042  A 196017
   3909.84252 10.973 10.973 11.002 10.932 10.902    0.039 0.068 0.041 0.046 0.052  A 196443
   3913.79358 10.994 10.983 11.008 10.955 10.899    0.039 0.075 0.043 0.044 0.049  A 196988
   3981.58422 10.954 10.903 10.983 10.921 10.876    0.038 0.052 0.038 0.046 0.050  A 203328
   4134.87742 10.954 10.939 10.981 10.916 10.880    0.058 0.058 0.049 0.070 0.083  D 212810
   4146.87305 10.923 10.874 10.940 10.869 10.807    0.048 0.058 0.045 0.058 0.066  A 214491
   4151.88702 10.921 10.931 10.946 10.912 10.867    0.040 0.056 0.040 0.047 0.054  A 215050
   4155.88412 10.968 10.890 10.977 10.937 10.885    0.046 0.082 0.048 0.052 0.059  B 215647
   4159.86517 11.175 11.154 11.185 11.144 11.057    0.040 0.067 0.042 0.047 0.054  A 216223
   4163.85041 10.965 10.910 10.985 10.928 10.883    0.059 0.067 0.048 0.071 0.083  D 216829
   4167.83772 10.980 10.943 11.007 10.931 10.893    0.045 0.054 0.041 0.054 0.061  A 217383
   4173.88961 10.981 10.978 10.989 10.944 10.913    0.039 0.046 0.039 0.046 0.055  A 218156
   4176.88622 10.945 10.938 10.986 10.881 10.804    0.056 0.070 0.052 0.067 0.077  B 218594
   4179.87120 10.955 11.000 10.987 10.904 10.854    0.045 0.052 0.041 0.052 0.059  A 218917
   4182.84856 10.971 10.872 11.000 10.911 10.855    0.041 0.051 0.041 0.049 0.057  A 219331
   4185.86560 10.996 10.947 10.991 10.990 10.924    0.052 0.061 0.051 0.059 0.069  A 219768
   4189.80042 10.983 10.945 10.990 10.961 10.913    0.039 0.056 0.042 0.046 0.050  A 220140
   4191.87943 10.994 10.935 10.991 10.964 10.929    0.048 0.052 0.045 0.055 0.061  A 220489
   4193.86020 10.950 10.840 10.957 10.907 10.853    0.050 0.069 0.050 0.059 0.066  A 220809
   4202.81546 11.177 11.162 11.195 11.139 11.091    0.047 0.075 0.049 0.052 0.056  A 221689
   4204.84099 10.953 10.929 10.979 10.936 10.894    0.042 0.056 0.045 0.046 0.052  A 222019
   4208.79886 11.020 10.994 11.035 10.980 10.937    0.053 0.071 0.050 0.062 0.071  B 222388
   4213.88000 10.992 10.922 10.975 11.006 10.985    0.066 0.070 0.062 0.080 0.093  D 222668
   4216.89386 10.978 10.932 11.005 10.949 10.920    0.042 0.060 0.046 0.048 0.052  A 222956
   4227.79394 11.039 11.030 11.069 10.991 10.962    0.048 0.059 0.050 0.054 0.060  A 223211
   4229.79318 99.999 10.990 10.996 99.999 99.999    0.037 0.061 0.040 0.044 0.050  C 223567
   4231.79382 10.984 10.969 11.019 10.943 10.895    0.038 0.056 0.041 0.044 0.050  A 223925
   4233.80080 10.982 10.940 10.990 10.966 10.942    0.047 0.053 0.046 0.056 0.065  A 224273
   4235.83660 10.950 10.913 10.971 10.925 10.880    0.038 0.056 0.039 0.044 0.052  A 224652
   4238.70846 10.914 10.872 10.917 10.905 10.875    0.066 0.062 0.055 0.088 0.101  D 225036
   4245.68063 10.977 10.925 10.990 10.951 10.863    0.072 0.070 0.064 0.090 0.105  D 226052
   4247.66971 10.979 11.006 10.995 10.944 10.907    0.040 0.057 0.042 0.046 0.053  A 226413
   4254.72280 10.974 11.007 11.004 10.966 10.933    0.044 0.064 0.047 0.052 0.058  A 227040
   4256.87025 10.975 10.935 10.984 10.950 10.914    0.039 0.051 0.040 0.046 0.053  A 227331
   4259.64740 10.958 10.977 10.957 10.923 10.869    0.050 0.055 0.048 0.059 0.066  A 227680
   4268.59548 10.960 10.946 10.984 10.914 10.873    0.041 0.053 0.042 0.047 0.052  A 227967
   4273.79473 10.941 10.890 10.953 10.927 10.900    0.037 0.052 0.042 0.042 0.046  A 228548
   4283.76155 11.019 11.033 11.031 11.001 10.980    0.053 0.065 0.051 0.063 0.072  B 229679
   4285.75113 10.974 10.983 10.983 10.942 10.917    0.043 0.070 0.051 0.050 0.056  A 230019
   4289.74410 99.999 99.999 99.999 99.999 99.999    0.038 0.053 0.042 0.044 0.049  C 230373
   4291.74298 10.948 10.899 10.956 10.904 10.876    0.036 0.052 0.041 0.041 0.046  A 230723
   4293.72729 10.958 10.953 10.956 10.917 10.889    0.034 0.055 0.041 0.039 0.044  A 231085
   4295.73709 10.973 10.962 11.018 10.916 10.865    0.038 0.060 0.043 0.042 0.047  A 231428
   4297.72764 10.945 10.949 10.965 10.900 10.835    0.053 0.062 0.049 0.066 0.077  B 231776
   4299.70125 10.926 10.876 10.969 10.869 10.821    0.035 0.058 0.038 0.040 0.045  A 232140
   4301.65804 10.955 10.874 10.978 10.910 10.869    0.043 0.069 0.047 0.050 0.057  A 232476
   4303.65885 10.967 10.998 10.989 10.930 10.893    0.037 0.056 0.042 0.041 0.046  A 232773
   4309.56966 11.046 10.961 11.040 11.016 10.986    0.040 0.064 0.042 0.047 0.053  A 233769
   4311.60351 10.945 10.918 10.954 10.921 10.873    0.037 0.056 0.042 0.043 0.051  A 234047
   4316.65001 11.008 10.934 10.984 10.986 10.945    0.034 0.048 0.037 0.039 0.044  A 234649
   4330.56209 10.966 10.907 10.961 10.937 10.907    0.034 0.060 0.039 0.040 0.044  A 235291
   4336.54190 10.973 10.958 11.022 10.924 10.875    0.044 0.054 0.046 0.051 0.056  A 236177
   4339.63740 10.938 10.929 10.966 10.930 10.889    0.038 0.049 0.041 0.045 0.050  A 236590
   4341.63773 10.980 11.028 11.026 10.935 10.888    0.042 0.061 0.055 0.048 0.053  A 236924
   4343.63461 11.011 10.868 11.034 10.959 10.912    0.043 0.068 0.044 0.050 0.057  A 237277
   4345.63609 11.019 10.897 11.014 10.981 10.948    0.048 0.075 0.048 0.052 0.057  A 237604
   4347.64065 11.046 11.027 11.077 11.014 10.961    0.047 0.069 0.048 0.052 0.057  A 237957
   4350.50158 11.188 11.132 11.220 11.146 11.100    0.039 0.053 0.039 0.044 0.049  A 238403
   4352.52456 10.961 10.944 10.971 10.935 10.920    0.032 0.046 0.036 0.037 0.042  A 238722
   4355.53173 99.999 10.919 11.007 99.999 99.999    0.037 0.053 0.039 0.043 0.049  C 239134
   4357.53408 10.940 10.922 10.969 10.899 10.858    0.039 0.058 0.044 0.044 0.049  A 239427
   4364.50506 10.954 10.915 10.977 10.905 10.846    0.039 0.050 0.039 0.045 0.051  A 240461
   4368.52305 10.967 10.940 11.008 10.938 10.908    0.041 0.050 0.040 0.051 0.058  A 240946
   4372.56869 11.210 11.221 11.249 11.165 11.095    0.048 0.051 0.044 0.059 0.069  A 241610
   4376.51153 10.979 10.964 11.007 10.956 10.910    0.040 0.049 0.039 0.045 0.050  A 242077
   4378.53435 10.955 10.917 10.977 10.916 10.869    0.043 0.052 0.042 0.051 0.058  A 242386
   4381.51220 10.994 10.980 11.003 10.963 10.908    0.045 0.054 0.044 0.052 0.051  A 242833
   4384.50794 10.943 10.920 10.983 10.879 10.825    0.042 0.049 0.042 0.051 0.058  A 243285
   4503.87956 10.986 10.940 11.021 10.948 10.929    0.045 0.049 0.044 0.054 0.062  A 255647
   4507.87386 11.235 11.226 11.257 11.199 11.133    0.046 0.057 0.044 0.053 0.061  A 256221
   4511.87101 10.963 10.949 11.015 10.911 10.854    0.038 0.049 0.037 0.043 0.049  A 256757
   4518.83867 10.973 10.945 10.976 10.936 10.885    0.048 0.055 0.045 0.056 0.065  A 257481
   4521.87633 10.998 11.012 11.034 10.958 10.896    0.037 0.055 0.040 0.043 0.049  A 257925
   4528.85278 10.969 10.954 10.997 10.940 10.899    0.038 0.057 0.041 0.043 0.051  A 258954
   4532.84955 11.037 11.002 11.053 11.030 10.996    0.058 0.062 0.055 0.067 0.075  B 259555
   4536.86421 10.974 10.945 10.981 10.953 10.918    0.032 0.045 0.035 0.037 0.040  A 260005
   4539.87475 10.902 10.958 10.939 10.851 10.781    0.057 0.073 0.054 0.067 0.079  D 260450
   4543.84031 10.982 10.905 11.003 10.940 10.893    0.039 0.054 0.038 0.055 0.051  A 261047
   4546.84015 11.009 10.994 11.008 11.001 10.959    0.044 0.052 0.042 0.052 0.061  A 261506
   4555.89077 10.980 10.945 10.996 10.973 10.947    0.039 0.052 0.039 0.046 0.053  A 262783
   4558.82519 10.959 10.933 11.002 10.906 10.865    0.035 0.052 0.038 0.040 0.046  A 263255
   4561.81665 10.973 10.923 10.999 10.928 10.866    0.041 0.066 0.043 0.046 0.050  A 263752
   4564.80818 10.958 10.978 10.986 10.933 10.877    0.036 0.057 0.040 0.041 0.046  A 264249
   4567.79843 99.999 99.999 99.999 99.999 99.999    0.043 0.066 0.045 0.049 0.054  C 264746
   4570.78905 11.142 11.088 11.197 11.092 11.047    0.036 0.055 0.039 0.041 0.046  A 265213
   4572.82295 10.961 10.962 11.011 10.929 10.900    0.042 0.056 0.044 0.049 0.056  A 265573
   4574.79269 10.962 10.956 10.986 10.930 10.877    0.042 0.065 0.045 0.049 0.055  A 265888
#ndata= 4
#dataset= 4 ; 1 F1736-24_231
#desig= 171145-2819.0
#cra=   17.195892  17:11:45.2
#cdec= -28.316577 -28:18:59.7
#class= 0
#cmag_0= 10.798
#cmer_0=  0.034
#nskip_0= 0
#cmag_1= 10.960
#cmer_1=  0.039
#nskip_1= 0
#cmag_2= 10.905
#cmer_2=  0.037
#nskip_2= 0
#cmag_3= 10.906
#cmer_3=  0.037
#nskip_3= 0
#cmag_4= 10.823
#cmer_4=  0.035
#nskip_4= 0
#ra=   17.195892  17:11:45.2
#dec= -28.316577 -28:18:59.7
#     HJD      MAG_2  MAG_0  MAG_1  MAG_3  MAG_4    MER_2 MER_0 MER_1 MER_3 MER_4 GRADE FRAME
   4152.88266 10.888 10.782 10.944 10.851 10.768    0.042 0.053 0.043 0.050 0.056  A 215204
   4156.87951 10.897 10.776 10.931 10.899 10.798    0.047 0.056 0.047 0.055 0.063  A 215792
   4160.87451 10.913 10.962 10.975 10.914 10.849    0.047 0.075 0.047 0.054 0.061  B 216385
   4174.85435 10.962 10.813 10.982 10.971 10.863    0.037 0.046 0.040 0.044 0.050  A 218301
