#ndata= 2
#dataset= 1 ; 1 F1720-40_148
#desig= 171626-3117.0
#cra=   17.273863  17:16:25.9
#cdec= -31.283562 -31:17:00.8
#class= 0
#cmag_0= 10.783
#cmer_0=  0.116
#nskip_0= 0
#cmag_1= 10.793
#cmer_1=  0.126
#nskip_1= 0
#cmag_2= 10.757
#cmer_2=  0.124
#nskip_2= 0
#cmag_3= 10.719
#cmer_3=  0.142
#nskip_3= 0
#cmag_4= 10.741
#cmer_4=  0.138
#nskip_4= 0
#ra=   17.273863  17:16:25.9
#dec= -31.283562 -31:17:00.8
#     HJD      MAG_2  MAG_0  MAG_1  MAG_3  MAG_4    MER_2 MER_0 MER_1 MER_3 MER_4 GRADE FRAME
   2140.50194 10.671 10.703 10.704 10.620 10.644    0.035 0.049 0.038 0.039 0.040  A 30126
   2151.47507 10.845 10.865 10.881 10.820 10.839    0.035 0.047 0.037 0.039 0.044  A 31318
#ndata= 2
#dataset= 2 ; 1 F1648-32_186
#desig= 171626-3117.0
#cra=   17.273897  17:16:26.0
#cdec= -31.283086 -31:16:59.1
#class= 0
#cmag_0= 10.585
#cmer_0=  0.008
#nskip_0= 0
#cmag_1= 10.586
#cmer_1=  0.035
#nskip_1= 0
#cmag_2= 10.612
#cmer_2=  0.020
#nskip_2= 0
#cmag_3= 10.625
#cmer_3=  0.017
#nskip_3= 0
#cmag_4= 10.633
#cmer_4=  0.000
#nskip_4= 0
#ra=   17.273897  17:16:26.0
#dec= -31.283086 -31:16:59.1
#     HJD      MAG_2  MAG_0  MAG_1  MAG_3  MAG_4    MER_2 MER_0 MER_1 MER_3 MER_4 GRADE FRAME
   2463.60407 10.628 10.590 10.611 10.638 10.634    0.027 0.029 0.032 0.032 0.034  A 10604
   2782.80276 10.598 10.579 10.561 10.613 10.634    0.026 0.038 0.028 0.030 0.034  A 55783
#ndata= 850
#dataset= 3 ; 1 F1724-32_187
#desig= 171626-3117.0
#cra=   17.273852  17:16:25.9
#cdec= -31.283214 -31:16:59.6
#class= 0
#cmag_0= 10.567
#cmer_0=  0.079
#nskip_0= 1
#cmag_1= 10.575
#cmer_1=  0.080
#nskip_1= 0
#cmag_2= 10.581
#cmer_2=  0.078
#nskip_2= 3
#cmag_3= 10.590
#cmer_3=  0.079
#nskip_3= 3
#cmag_4= 10.602
#cmer_4=  0.081
#nskip_4= 3
#ra=   17.273852  17:16:25.9
#dec= -31.283214 -31:16:59.6
#     HJD      MAG_2  MAG_0  MAG_1  MAG_3  MAG_4    MER_2 MER_0 MER_1 MER_3 MER_4 GRADE FRAME
   1937.88494 10.712 10.656 10.702 10.720 10.742    0.037 0.044 0.039 0.045 0.052  B 8217
   1940.88442 10.697 10.669 10.693 10.707 10.723    0.035 0.042 0.038 0.041 0.047  A 8581
   1947.86391 10.610 10.577 10.598 10.631 10.647    0.027 0.041 0.030 0.032 0.037  A 8993
   1949.87710 10.553 10.561 10.536 10.566 10.579    0.031 0.041 0.033 0.035 0.040  A 9294
   1953.85483 10.603 10.583 10.584 10.591 10.607    0.036 0.050 0.043 0.040 0.044  A 9768
   1954.86204 10.645 10.640 10.640 10.674 10.660    0.041 0.058 0.048 0.046 0.052  B 9949
   1961.87088 10.720 10.700 10.732 10.716 10.721    0.031 0.046 0.038 0.034 0.037  A 10583
   1963.85844 10.749 10.683 10.724 10.775 10.757    0.036 0.054 0.045 0.041 0.041  A 10905
   1967.84861 10.669 10.662 10.660 10.672 10.683    0.034 0.050 0.042 0.038 0.038  A 11614
   1978.79614 10.582 10.517 10.562 10.595 10.599    0.045 0.059 0.051 0.051 0.054  B 12103
   1979.84000 10.535 10.484 10.515 10.548 10.550    0.045 0.064 0.055 0.051 0.050  B 12314
   1980.81669 10.562 10.527 10.535 10.563 10.570    0.045 0.060 0.051 0.050 0.050  B 12450
   1981.82009 10.548 10.551 10.542 10.557 10.561    0.041 0.057 0.049 0.047 0.046  B 12635
   1982.78365 10.621 10.597 10.614 10.633 10.627    0.037 0.053 0.045 0.041 0.043  A 12812
   1994.77304 10.722 10.649 10.705 10.755 10.760    0.046 0.069 0.057 0.050 0.051  D 13504
   1996.83008 10.689 10.639 10.668 10.670 10.677    0.054 0.084 0.068 0.055 0.057  D 13922
   2000.81336 10.662 10.649 10.673 10.610 10.631    0.053 0.082 0.066 0.056 0.056  D 14723
   2008.74211 10.591 10.627 10.606 10.631 10.638    0.058 0.082 0.069 0.063 0.064  D 15215
   2016.80297 10.659 10.639 10.674 10.656 10.638    0.052 0.077 0.063 0.055 0.055  D 16031
   2025.73309 10.677 10.670 10.686 10.688 10.703    0.027 0.040 0.026 0.030 0.034  A 17232
   2026.76347 10.726 10.671 10.710 10.766 10.778    0.025 0.039 0.024 0.030 0.033  A 17462
   2027.75374 10.698 10.685 10.692 10.717 10.741    0.027 0.044 0.027 0.032 0.034  A 17677
   2030.74521 10.677 10.651 10.661 10.687 10.701    0.025 0.040 0.026 0.030 0.033  A 17847
   2031.75407 10.671 10.670 10.670 10.675 10.688    0.026 0.042 0.026 0.029 0.032  A 18063
   2032.74573 10.672 10.653 10.668 10.684 10.702    0.024 0.035 0.024 0.027 0.031  A 18281
   2033.73456 10.668 10.668 10.675 10.676 10.687    0.025 0.035 0.025 0.028 0.032  A 18495
   2037.63842 10.681 10.651 10.669 10.692 10.713    0.035 0.042 0.032 0.042 0.049  A 18973
   2052.70091 10.620 10.622 10.621 10.624 10.638    0.028 0.054 0.029 0.032 0.036  A 19843
   2053.71692 10.595 10.573 10.586 10.604 10.624    0.028 0.055 0.029 0.032 0.035  A 20060
   2054.70856 10.592 10.554 10.580 10.606 10.627    0.030 0.062 0.030 0.034 0.038  A 20276
   2055.69253 10.609 10.649 10.611 10.614 10.624    0.031 0.063 0.033 0.035 0.040  B 20491
   2056.69377 10.567 10.534 10.565 10.574 10.594    0.029 0.059 0.031 0.033 0.036  A 20719
   2057.69190 10.571 10.496 10.553 10.585 10.618    0.027 0.050 0.028 0.031 0.034  A 20946
   2058.68871 10.555 10.496 10.542 10.569 10.574    0.031 0.065 0.034 0.035 0.038  B 21174
   2061.68764 10.637 10.636 10.634 10.655 10.675    0.026 0.048 0.027 0.031 0.035  A 21402
   2068.71589 10.710 10.667 10.699 10.734 10.748    0.030 0.056 0.032 0.034 0.038  A 22107
   2069.67047 10.749 10.693 10.733 10.775 10.812    0.029 0.055 0.030 0.035 0.038  A 22312
   2070.65853 10.764 10.802 10.759 10.780 10.807    0.030 0.058 0.031 0.034 0.037  A 22536
   2080.56751 10.588 10.585 10.586 10.599 10.625    0.030 0.061 0.031 0.035 0.037  A 22865
   2081.63576 10.614 10.597 10.595 10.630 10.647    0.030 0.060 0.033 0.034 0.037  A 23121
   2082.64923 10.602 10.550 10.587 10.618 10.634    0.029 0.051 0.032 0.033 0.036  A 23351
   2083.63572 10.614 10.646 10.614 10.626 10.643    0.032 0.055 0.034 0.037 0.040  A 23589
   2085.62422 10.605 10.587 10.593 10.609 10.624    0.027 0.046 0.028 0.031 0.035  A 23812
   2086.62790 10.636 10.590 10.623 10.650 10.667    0.026 0.049 0.028 0.030 0.033  A 24037
   2087.62555 10.627 10.685 10.634 10.630 10.650    0.034 0.055 0.032 0.040 0.045  A 24256
   2088.62203 10.654 10.615 10.643 10.662 10.688    0.029 0.056 0.030 0.034 0.037  A 24483
   2096.64073 10.714 10.694 10.699 10.743 10.771    0.034 0.044 0.031 0.041 0.047  A 25451
   2102.57682 10.639 10.562 10.625 10.645 10.657    0.028 0.046 0.031 0.033 0.036  A 25636
   2103.59430 10.622 10.581 10.605 10.634 10.652    0.027 0.046 0.029 0.031 0.036  A 25790
   2104.59421 10.623 10.585 10.619 10.641 10.669    0.030 0.046 0.031 0.034 0.038  A 25992
   2105.59106 10.608 10.569 10.598 10.625 10.643    0.025 0.043 0.027 0.030 0.033  A 26211
   2106.59300 10.622 10.597 10.615 10.636 10.655    0.026 0.040 0.027 0.031 0.035  A 26416
   2109.58797 10.624 10.616 10.609 10.638 10.641    0.028 0.038 0.031 0.032 0.037  A 26586
   2115.55036 10.700 10.671 10.696 10.699 10.719    0.028 0.042 0.031 0.032 0.035  A 26829
   2116.56282 10.694 10.662 10.683 10.710 10.723    0.026 0.037 0.030 0.030 0.034  A 27053
   2117.55717 10.719 10.713 10.714 10.734 10.746    0.032 0.048 0.034 0.036 0.039  A 27272
   2124.53309 10.682 10.639 10.682 10.689 10.703    0.028 0.041 0.029 0.034 0.038  A 27606
   2125.55108 10.699 10.703 10.694 10.707 10.720    0.031 0.041 0.032 0.036 0.041  A 27826
   2128.53227 10.637 10.611 10.631 10.650 10.661    0.029 0.043 0.030 0.033 0.038  A 27892
   2129.54241 10.618 10.647 10.608 10.637 10.656    0.027 0.041 0.029 0.031 0.034  A 28113
   2130.55388 10.629 10.618 10.619 10.638 10.653    0.025 0.040 0.026 0.029 0.033  A 28332
   2131.53503 10.597 10.576 10.589 10.603 10.613    0.023 0.036 0.024 0.027 0.031  A 28523
   2133.51160 10.585 10.550 10.578 10.591 10.610    0.028 0.042 0.029 0.031 0.034  A 28941
   2135.51486 10.594 10.537 10.574 10.609 10.627    0.030 0.043 0.029 0.037 0.042  A 29374
   2142.50722 10.634 10.630 10.634 10.646 10.664    0.029 0.045 0.029 0.034 0.038  A 30543
   2156.52372 10.759 10.741 10.733 10.762 10.774    0.032 0.049 0.036 0.037 0.041  A 31601
   2167.47878 10.513 10.501 10.499 10.521 10.531    0.034 0.056 0.037 0.040 0.044  A 32032
   2171.49848 10.527 10.502 10.524 10.548 10.555    0.032 0.050 0.036 0.036 0.041  A 32542
   2177.56190 10.686 10.633 10.654 10.716 10.697    0.063 0.069 0.060 0.074 0.084  D 33396
   2179.53238 10.700 10.676 10.695 10.716 10.723    0.035 0.052 0.042 0.039 0.043  A 33662
   2184.54911 10.711 10.662 10.712 10.724 10.742    0.036 0.054 0.040 0.042 0.046  A 34043
   2189.48955 10.656 10.604 10.671 10.654 10.652    0.043 0.057 0.045 0.048 0.055  B 34749
   2193.49093 10.614 10.614 10.592 10.627 10.633    0.034 0.055 0.038 0.038 0.043  A 35409
   2197.49452 10.708 10.663 10.705 10.703 10.720    0.034 0.052 0.036 0.039 0.042  A 36083
   2441.65227 10.677 10.660 10.672 10.682 10.680    0.026 0.032 0.031 0.029 0.032  A 8284
   2444.64100 10.701 10.700 10.700 10.709 10.712    0.024 0.031 0.030 0.026 0.029  A 8877
   2446.64562 10.706 10.696 10.679 10.720 10.732    0.026 0.032 0.031 0.030 0.034  A 9259
   2452.61229 10.634 10.619 10.610 10.631 10.646    0.050 0.063 0.057 0.053 0.055  D 9450
   2454.62019 10.559 10.520 10.548 10.563 10.573    0.036 0.047 0.042 0.040 0.045  A 9844
   2459.59675 10.555 10.552 10.531 10.560 10.572    0.051 0.061 0.055 0.059 0.066  B 10108
   2460.62978 10.561 10.551 10.531 10.571 10.579    0.023 0.033 0.031 0.024 0.026  A 10198
   2463.60407 10.608 10.581 10.600 10.609 10.611    0.031 0.038 0.035 0.035 0.038  A 10604
   2464.60085 10.609 10.618 10.625 10.618 10.629    0.030 0.043 0.039 0.032 0.033  A 10821
   2465.60224 10.650 10.642 10.618 10.641 10.639    0.033 0.048 0.041 0.036 0.037  A 11042
   2466.59379 10.662 10.637 10.640 10.666 10.672    0.025 0.037 0.034 0.027 0.029  A 11257
   2467.59648 10.687 10.684 10.655 10.700 10.715    0.023 0.030 0.029 0.024 0.027  A 11477
   2468.59341 10.660 10.656 10.659 10.673 10.668    0.029 0.034 0.035 0.034 0.036  A 11694
   2469.58984 10.673 10.661 10.668 10.671 10.683    0.030 0.039 0.037 0.032 0.036  A 11908
   2473.54829 10.652 10.654 10.658 10.663 10.679    0.033 0.047 0.040 0.035 0.036  A 12643
   2481.54920 10.707 10.679 10.680 10.697 10.684    0.045 0.064 0.054 0.046 0.048  B 12958
   2482.58110 10.691 10.704 10.673 10.678 10.683    0.043 0.065 0.053 0.045 0.045  B 13131
   2486.55512 10.610 10.588 10.597 10.604 10.605    0.047 0.067 0.057 0.046 0.047  D 13285
   2489.54631 10.575 10.562 10.583 10.597 10.599    0.039 0.049 0.045 0.045 0.049  A 13807
   2490.55285 10.616 10.602 10.629 10.624 10.607    0.038 0.057 0.048 0.040 0.040  B 14028
   2491.54565 10.592 10.603 10.613 10.566 10.571    0.044 0.066 0.055 0.046 0.045  B 14199
   2493.54397 10.565 10.523 10.572 10.573 10.580    0.036 0.051 0.044 0.039 0.040  A 14432
   2494.54721 10.594 10.579 10.569 10.585 10.601    0.040 0.050 0.046 0.045 0.049  A 14624
   2495.54608 10.620 10.613 10.625 10.601 10.622    0.038 0.056 0.046 0.041 0.039  A 14761
   2497.55285 10.629 10.623 10.615 10.629 10.643    0.030 0.041 0.037 0.032 0.034  A 15188
   2498.52958 10.637 10.646 10.621 10.634 10.639    0.029 0.040 0.036 0.032 0.035  A 15389
   2499.52992 10.646 10.636 10.649 10.651 10.663    0.025 0.036 0.033 0.027 0.030  A 15600
   2501.52146 10.648 10.629 10.627 10.647 10.655    0.042 0.061 0.050 0.044 0.045  B 15958
   2508.55857 10.617 10.590 10.636 10.628 10.610    0.034 0.044 0.040 0.036 0.039  A 16759
   2510.50388 10.579 10.572 10.564 10.586 10.597    0.075 0.069 0.073 0.087 0.101  D 16920
   2511.57815 99.999 10.564 10.633 99.999 99.999    0.044 0.049 0.046 0.053 0.062  C 17067
   2524.60228 10.711 10.688 10.703 10.717 10.719    0.031 0.038 0.038 0.034 0.037  A 18637
   2540.57362 10.603 10.602 10.597 10.608 10.596    0.056 0.087 0.066 0.062 0.062  D 19686
   2546.53883 10.601 10.578 10.589 10.614 10.639    0.023 0.028 0.022 0.026 0.029  A 20303
   2548.53245 10.626 10.644 10.623 10.639 10.649    0.022 0.031 0.024 0.025 0.027  A 20551
   2560.49806 10.650 10.597 10.649 10.646 10.662    0.024 0.035 0.026 0.028 0.031  A 22349
   2679.85867 10.728 10.716 10.725 10.734 10.744    0.029 0.033 0.031 0.033 0.038  A 39231
   2683.85033 10.754 10.743 10.740 10.752 10.769    0.030 0.032 0.035 0.032 0.035  A 39906
   2686.85777 10.722 10.721 10.722 10.725 10.736    0.032 0.036 0.039 0.036 0.041  A 40455
   2689.85335 10.736 10.761 10.711 10.753 10.759    0.031 0.037 0.038 0.036 0.041  A 41001
   2697.85338 10.719 10.714 10.674 10.730 10.759    0.026 0.031 0.034 0.029 0.033  A 42411
   2700.88310 10.683 10.636 10.654 10.697 10.727    0.025 0.033 0.025 0.030 0.034  A 43000
   2703.85383 10.665 10.620 10.661 10.681 10.701    0.025 0.031 0.026 0.028 0.032  A 43562
   2706.83542 10.635 10.613 10.657 10.669 10.671    0.030 0.030 0.038 0.037 0.039  A 44113
   2710.88049 10.641 10.641 10.627 10.633 10.635    0.037 0.031 0.040 0.045 0.050  A 44854
   2712.85871 10.613 10.613 10.593 10.607 10.603    0.037 0.032 0.045 0.046 0.045  A 45218
   2714.85565 10.615 10.620 10.599 10.630 10.644    0.024 0.029 0.032 0.027 0.031  A 45607
   2719.83350 10.583 10.578 10.574 10.588 10.599    0.033 0.036 0.040 0.038 0.042  A 46181
   2724.90339 10.619 10.589 10.602 10.635 10.647    0.023 0.025 0.022 0.027 0.030  A 47175
   2726.84751 10.639 10.629 10.645 10.648 10.670    0.023 0.029 0.025 0.026 0.030  A 47554
   2728.82414 10.671 10.679 10.662 10.682 10.695    0.034 0.036 0.036 0.039 0.043  A 47938
   2733.82613 10.698 10.666 10.719 10.698 10.706    0.022 0.028 0.026 0.026 0.029  A 48701
   2735.81209 10.671 10.643 10.669 10.676 10.679    0.024 0.024 0.026 0.028 0.031  A 49100
   2737.80638 10.655 10.652 10.637 10.655 10.673    0.023 0.025 0.029 0.026 0.029  A 49493
   2739.79568 10.635 10.639 10.622 10.644 10.649    0.030 0.033 0.039 0.033 0.034  A 49826
   2741.78657 10.624 10.600 10.618 10.622 10.640    0.024 0.028 0.024 0.028 0.031  A 50215
   2743.78466 10.636 10.593 10.648 10.638 10.651    0.028 0.034 0.036 0.031 0.034  A 50606
   2747.81075 10.661 10.631 10.685 10.669 10.683    0.044 0.041 0.047 0.053 0.062  B 51076
   2751.84463 10.649 10.625 10.648 10.660 10.682    0.028 0.032 0.028 0.032 0.036  A 51913
   2754.77941 10.676 10.652 10.677 10.687 10.700    0.021 0.022 0.022 0.023 0.026  A 52302
   2756.74673 10.695 10.650 10.713 10.710 10.719    0.024 0.025 0.031 0.027 0.030  A 52701
   2757.83337 10.688 10.670 10.708 10.695 10.695    0.023 0.025 0.027 0.026 0.029  A 52958
   2759.84340 10.692 10.685 10.704 10.689 10.701    0.031 0.035 0.037 0.036 0.040  A 53307
   2761.77082 10.676 10.647 10.680 10.678 10.683    0.025 0.028 0.028 0.028 0.032  A 53687
   2763.75833 10.636 10.632 10.647 10.637 10.641    0.027 0.033 0.027 0.032 0.037  A 54077
   2768.79803 10.610 10.595 10.612 10.617 10.624    0.028 0.028 0.030 0.033 0.037  A 54634
   2786.66213 10.590 10.541 10.605 10.590 10.599    0.021 0.027 0.024 0.023 0.025  A 56576
   2787.80496 10.560 10.554 10.559 10.576 10.590    0.020 0.029 0.025 0.024 0.026  A 56865
   2791.64841 10.562 10.528 10.561 10.571 10.583    0.023 0.024 0.025 0.026 0.028  A 57551
   2808.69300 10.643 10.647 10.631 10.648 10.668    0.024 0.028 0.030 0.029 0.033  A 59328
   2809.82674 10.627 10.612 10.629 10.646 10.668    0.023 0.034 0.024 0.026 0.029  A 59582
   2811.69979 10.619 10.604 10.622 10.623 10.638    0.020 0.033 0.019 0.023 0.025  A 59981
   2812.84579 10.610 10.599 10.607 10.616 10.630    0.030 0.030 0.028 0.035 0.042  A 60269
   2816.83935 10.607 10.617 10.608 10.613 10.620    0.025 0.028 0.025 0.030 0.033  A 60941
   2820.56953 10.577 10.565 10.561 10.586 10.602    0.021 0.027 0.027 0.025 0.028  A 61485
   2822.64183 10.558 10.536 10.567 10.560 10.577    0.025 0.027 0.027 0.029 0.033  A 61862
   2826.64720 10.546 10.551 10.553 10.556 10.567    0.051 0.056 0.053 0.058 0.065  B 62034
   2833.62178 10.533 10.501 10.560 10.511 10.470    0.070 0.058 0.064 0.087 0.103  D 63136
   2836.58156 10.519 10.500 10.507 10.534 10.544    0.027 0.030 0.031 0.031 0.035  A 63656
   2838.78601 10.541 10.543 10.559 10.550 10.557    0.033 0.035 0.033 0.039 0.044  A 63959
   2841.64520 10.566 10.544 10.539 10.580 10.586    0.024 0.028 0.028 0.028 0.032  A 64545
   2843.61313 10.596 10.590 10.581 10.602 99.999    0.027 0.034 0.032 0.031 0.034  C 64897
   2851.64097 10.637 10.618 10.623 10.645 10.654    0.023 0.028 0.028 0.026 0.029  A 65441
   2853.75865 10.600 10.584 10.583 10.613 10.623    0.025 0.032 0.029 0.028 0.031  A 65711
   2855.65755 10.595 10.579 10.578 10.600 10.607    0.030 0.038 0.035 0.035 0.040  A 66068
   2861.54444 10.570 10.536 10.529 10.608 10.612    0.028 0.031 0.032 0.034 0.037  A 66929
   2862.66149 10.596 10.557 10.590 10.600 99.999    0.032 0.036 0.034 0.036 0.040  C 67183
   2866.66144 10.648 10.666 10.641 10.647 10.655    0.022 0.028 0.023 0.025 0.029  A 67568
   2867.72398 10.612 10.620 10.619 10.609 10.608    0.027 0.028 0.029 0.031 0.035  A 67799
   2872.52729 10.624 10.647 10.614 10.638 10.642    0.023 0.035 0.028 0.024 0.028  A 68115
   2877.56643 10.573 10.590 10.564 10.577 10.588    0.022 0.028 0.023 0.025 0.027  A 68919
   2879.56431 10.568 10.573 10.574 10.583 10.597    0.022 0.024 0.025 0.025 0.027  A 69224
   2882.58779 10.600 10.567 10.602 10.610 10.618    0.022 0.029 0.024 0.025 0.028  A 69486
   2888.51095 10.685 10.694 10.661 10.694 10.705    0.032 0.035 0.047 0.033 0.034  A 70392
   2894.56199 10.682 10.653 10.684 10.701 10.703    0.033 0.044 0.042 0.036 0.038  A 71046
   2896.58315 10.601 10.595 10.626 10.604 10.613    0.023 0.030 0.028 0.027 0.030  A 71449
   2898.57078 10.541 10.580 10.502 10.546 10.564    0.029 0.042 0.044 0.031 0.032  A 71842
   2900.56557 10.496 10.493 10.489 10.503 10.518    0.022 0.025 0.021 0.026 0.028  A 72197
   2904.55233 10.411 10.436 10.401 10.423 10.437    0.031 0.039 0.036 0.034 0.036  A 72823
   2906.55065 10.387 10.427 10.361 10.397 10.412    0.029 0.035 0.039 0.031 0.032  A 73145
   2909.55209 10.455 10.487 10.428 10.472 10.485    0.027 0.047 0.047 0.028 0.031  A 73568
   2915.51910 10.545 10.560 10.550 10.546 10.557    0.024 0.029 0.024 0.029 0.032  A 74336
   2917.54696 10.581 10.566 10.575 10.597 10.619    0.025 0.028 0.025 0.030 0.035  A 74728
   2921.54663 10.537 10.560 10.518 10.540 10.555    0.034 0.032 0.032 0.041 0.048  A 75050
   2923.54795 10.531 10.542 10.538 10.524 10.527    0.035 0.034 0.033 0.042 0.048  A 75420
   2926.54631 10.543 10.538 10.536 10.553 10.563    0.035 0.034 0.034 0.040 0.045  A 75780
   2929.50145 10.568 10.563 10.555 10.579 10.585    0.024 0.025 0.025 0.027 0.030  A 76302
   2931.51701 10.580 10.560 10.566 10.591 10.601    0.025 0.027 0.024 0.029 0.033  A 76672
   2933.52366 10.565 10.589 10.543 10.569 10.587    0.027 0.028 0.027 0.031 0.036  A 77029
   2935.52494 10.581 10.590 10.587 10.579 10.587    0.024 0.025 0.023 0.029 0.033  A 77387
   2937.52411 10.619 10.591 10.631 10.620 10.629    0.024 0.028 0.024 0.027 0.031  A 77660
   3054.87448 10.620 10.635 10.618 10.629 10.646    0.026 0.028 0.025 0.031 0.036  A 91488
   3062.85950 10.668 10.631 10.674 10.680 10.688    0.037 0.032 0.034 0.044 0.051  A 92556
   3066.89679 10.641 10.630 10.642 10.644 10.659    0.026 0.027 0.026 0.031 0.035  A 92992
   3070.84905 10.656 10.658 10.637 10.668 10.682    0.031 0.030 0.029 0.037 0.042  A 93555
   3074.84200 10.570 10.572 10.568 10.574 10.590    0.031 0.027 0.029 0.037 0.042  A 94061
   3080.84007 10.496 10.515 10.492 10.509 10.522    0.031 0.032 0.032 0.036 0.041  A 94929
   3086.88652 10.689 10.676 10.691 10.701 10.716    0.025 0.028 0.025 0.028 0.034  A 95542
   3089.88144 10.787 10.777 10.763 10.802 10.820    0.029 0.030 0.030 0.035 0.040  A 95994
   3092.85461 10.834 10.816 10.838 10.837 10.842    0.038 0.041 0.040 0.041 0.044  A 96457
   3096.89833 10.808 10.799 10.822 10.812 10.833    0.027 0.027 0.030 0.031 0.036  A 96740
   3099.81082 10.725 10.705 10.713 10.746 10.770    0.030 0.027 0.028 0.035 0.040  A 97177
   3102.82023 10.662 10.648 10.669 10.654 10.659    0.063 0.050 0.055 0.077 0.091  D 97653
   3106.86948 10.599 10.617 10.593 10.612 10.628    0.034 0.032 0.035 0.041 0.047  A 98303
   3109.80559 10.603 10.585 10.601 10.602 10.604    0.025 0.028 0.025 0.028 0.032  A 98747
   3112.79561 10.627 10.592 10.624 10.625 10.633    0.024 0.027 0.025 0.028 0.033  A 99213
   3115.78093 10.662 10.664 10.653 10.663 10.662    0.023 0.022 0.023 0.028 0.032  A 99707
   3118.86591 10.684 10.648 10.691 10.700 10.730    0.023 0.023 0.024 0.027 0.031  A 99999
   3122.79724 10.615 10.614 10.615 10.618 10.625    0.026 0.030 0.026 0.031 0.035  A 100267
   3124.85131 10.611 10.610 10.590 10.616 10.634    0.023 0.025 0.027 0.027 0.031  A 100623
   3128.81070 10.633 10.637 10.633 10.643 10.658    0.031 0.031 0.031 0.037 0.043  A 101258
   3142.89138 10.708 10.702 10.723 10.720 10.730    0.028 0.027 0.027 0.034 0.039  A 103193
   3146.68082 10.723 10.760 10.734 10.718 10.727    0.023 0.025 0.023 0.026 0.030  A 103532
   3153.74524 10.583 10.568 10.582 10.591 10.596    0.024 0.025 0.024 0.029 0.033  A 103798
   3156.69140 10.535 10.512 10.521 10.545 10.561    0.069 0.057 0.059 0.085 0.099  D 104182
   3162.67035 10.659 10.630 10.672 10.669 10.673    0.027 0.034 0.026 0.032 0.036  A 104855
   3164.71340 10.645 10.609 10.642 10.649 10.664    0.027 0.035 0.027 0.031 0.037  A 105222
   3167.72810 10.620 10.615 10.609 10.629 10.646    0.022 0.022 0.023 0.026 0.029  A 105615
   3169.70241 10.601 10.626 10.608 10.609 10.624    0.030 0.033 0.027 0.036 0.040  A 105946
   3171.84328 10.650 10.607 10.632 10.675 10.697    0.069 0.056 0.060 0.084 0.100  D 106252
   3175.81526 10.652 10.618 10.653 10.659 10.674    0.024 0.024 0.023 0.028 0.032  A 106648
   3178.63228 10.635 10.602 10.638 10.646 10.654    0.024 0.024 0.024 0.028 0.031  A 107053
   3180.73004 10.652 10.600 10.645 10.664 10.676    0.024 0.027 0.024 0.027 0.030  A 107372
   3183.71898 10.611 10.608 10.609 10.609 10.618    0.026 0.029 0.028 0.030 0.034  A 107677
   3189.64635 10.576 10.596 10.578 10.574 10.577    0.032 0.029 0.034 0.037 0.043  A 108429
   3191.73900 10.553 10.540 10.555 10.560 10.573    0.034 0.034 0.033 0.040 0.047  A 108758
   3192.74044 10.548 10.507 10.540 10.564 10.586    0.074 0.061 0.064 0.092 0.111  D 108832
   3192.74293 10.514 10.541 10.522 10.504 10.499    0.033 0.036 0.034 0.040 0.046  A 108833
   3192.74542 10.536 10.532 10.539 10.539 10.547    0.031 0.038 0.031 0.036 0.041  A 108834
   3192.74795 10.542 10.523 10.547 10.552 10.566    0.032 0.036 0.033 0.037 0.043  A 108835
   3192.75051 10.499 10.509 10.492 10.508 10.507    0.046 0.046 0.042 0.054 0.062  B 108836
   3192.75303 10.485 10.482 10.508 10.484 10.488    0.074 0.068 0.066 0.087 0.100  D 108837
   3192.75559 10.529 10.603 10.565 10.539 10.614    0.103 0.086 0.090 0.125 0.148  D 108838
   3193.49980 99.999 99.999 99.999 99.999 99.999    0.076 0.079 0.076 0.081 0.084  D 108850
   3193.50235 10.520 10.535 10.524 10.523 10.529    0.081 0.082 0.080 0.087 0.093  D 108851
   3193.50739 10.527 10.506 10.524 10.523 10.544    0.050 0.054 0.051 0.055 0.059  B 108853
   3193.50990 10.525 10.530 10.511 10.528 10.547    0.063 0.064 0.063 0.068 0.071  D 108854
   3193.54701 10.511 10.517 10.506 10.516 10.519    0.045 0.042 0.040 0.053 0.059  B 108855
   3193.54945 10.534 10.498 10.537 10.538 10.542    0.032 0.035 0.032 0.038 0.042  A 108856
   3193.55195 10.514 10.527 10.524 10.523 10.534    0.036 0.039 0.038 0.040 0.044  A 108857
   3193.55445 10.528 10.549 10.516 10.532 10.550    0.044 0.051 0.044 0.048 0.051  B 108858
   3193.55694 10.532 10.512 10.512 10.537 10.549    0.034 0.038 0.033 0.038 0.042  A 108859
   3193.55946 10.534 10.493 10.554 10.543 10.559    0.028 0.034 0.028 0.032 0.036  A 108860
   3193.56197 10.533 10.534 10.528 10.521 10.517    0.057 0.056 0.053 0.067 0.079  D 108861
   3193.56447 10.468 10.367 10.437 10.491 10.537    0.099 0.085 0.090 0.116 0.136  D 108862
   3193.56701 10.556 10.532 10.568 10.573 10.582    0.054 0.047 0.049 0.065 0.075  D 108863
   3193.60432 10.540 10.541 10.538 10.547 10.556    0.036 0.033 0.034 0.044 0.052  B 108869
   3193.60678 10.523 10.511 10.521 10.545 10.553    0.027 0.028 0.027 0.032 0.037  A 108870
   3193.60926 10.521 10.504 10.517 10.534 10.559    0.026 0.029 0.027 0.030 0.034  A 108871
   3193.61175 10.529 10.540 10.518 10.539 10.551    0.025 0.029 0.026 0.029 0.033  A 108872
   3193.61424 10.511 10.519 10.572 10.533 10.544    0.028 0.031 0.037 0.032 0.037  A 108873
   3193.61673 10.532 10.542 10.517 10.540 10.556    0.025 0.028 0.026 0.029 0.034  A 108874
   3193.61923 10.527 10.513 10.515 10.530 10.546    0.026 0.029 0.028 0.031 0.035  A 108875
   3193.62172 10.517 10.526 10.519 10.521 10.533    0.025 0.029 0.026 0.029 0.033  A 108876
   3193.62421 10.534 10.523 10.522 10.547 10.562    0.025 0.030 0.025 0.029 0.034  A 108877
   3193.62749 10.507 10.495 10.510 10.516 10.522    0.026 0.031 0.028 0.030 0.034  A 108878
   3193.63150 10.516 10.488 10.531 10.515 10.508    0.029 0.032 0.029 0.034 0.040  A 108879
   3193.63401 10.512 10.520 10.516 10.519 10.524    0.034 0.038 0.034 0.040 0.045  A 108880
   3193.63880 10.549 10.546 10.530 10.570 10.594    0.029 0.035 0.030 0.036 0.041  A 108881
   3193.64131 10.514 10.512 10.521 10.526 10.535    0.026 0.033 0.027 0.031 0.035  A 108882
   3193.64381 10.545 10.502 10.546 10.551 10.569    0.027 0.031 0.027 0.031 0.034  A 108883
   3193.64631 10.535 10.510 10.540 10.548 10.561    0.031 0.032 0.030 0.038 0.043  A 108884
   3193.64883 10.543 10.537 10.542 10.546 10.556    0.029 0.031 0.029 0.034 0.038  A 108885
   3193.65136 10.512 10.515 10.506 10.519 10.532    0.027 0.031 0.027 0.032 0.036  A 108886
   3193.65614 10.510 10.524 10.519 10.512 10.530    0.030 0.034 0.029 0.036 0.042  A 108887
   3193.66071 10.534 10.523 10.522 10.556 10.575    0.033 0.037 0.032 0.040 0.046  A 108888
   3193.66316 10.529 10.525 10.545 10.535 10.540    0.028 0.033 0.030 0.034 0.039  A 108889
   3193.66571 10.502 10.481 10.508 10.503 10.510    0.026 0.032 0.027 0.031 0.035  A 108890
   3193.66822 10.526 10.509 10.528 10.538 10.550    0.027 0.032 0.030 0.032 0.036  A 108891
   3193.67072 10.519 10.512 10.519 10.519 10.523    0.026 0.031 0.027 0.031 0.035  A 108892
   3193.67322 10.542 10.512 10.548 10.535 10.541    0.027 0.033 0.029 0.031 0.036  A 108893
   3193.67572 10.542 10.552 10.529 10.539 10.549    0.026 0.038 0.027 0.032 0.036  A 108894
   3193.67825 10.534 10.532 10.539 10.541 10.559    0.027 0.032 0.028 0.032 0.037  A 108895
   3193.68085 10.533 10.521 10.549 10.538 10.552    0.028 0.036 0.031 0.033 0.038  A 108896
   3193.68335 10.536 10.487 10.531 10.540 10.559    0.026 0.032 0.026 0.031 0.035  A 108897
   3193.68583 10.534 10.487 10.531 10.544 10.560    0.028 0.036 0.029 0.032 0.036  A 108898
   3193.68836 10.544 10.543 10.531 10.556 10.571    0.036 0.046 0.035 0.041 0.046  A 108899
   3193.69089 10.528 10.490 10.526 10.537 10.546    0.026 0.038 0.027 0.031 0.035  A 108900
   3193.69339 10.518 10.493 10.535 10.516 10.526    0.028 0.037 0.031 0.032 0.036  A 108901
   3193.69594 10.529 10.503 10.542 10.529 10.545    0.027 0.040 0.029 0.032 0.036  A 108902
   3193.69844 10.525 10.511 10.526 10.537 10.550    0.030 0.040 0.034 0.035 0.040  A 108903
   3193.70094 10.516 10.493 10.513 10.522 10.542    0.027 0.038 0.028 0.032 0.036  A 108904
   3193.70343 10.514 10.516 10.489 10.515 10.529    0.027 0.036 0.029 0.032 0.037  A 108905
   3193.70596 10.525 10.543 10.515 10.537 10.555    0.027 0.037 0.029 0.033 0.037  A 108906
   3193.71074 10.510 10.483 10.523 10.515 10.532    0.031 0.040 0.031 0.038 0.042  A 108907
   3193.71323 10.515 10.513 10.501 10.530 10.544    0.027 0.037 0.030 0.032 0.036  A 108908
   3193.71573 10.535 10.525 10.540 10.542 10.549    0.027 0.043 0.027 0.031 0.036  A 108909
   3193.71822 10.526 10.514 10.530 10.533 10.552    0.027 0.042 0.031 0.032 0.036  A 108910
   3193.72072 10.542 10.529 10.546 10.548 10.555    0.027 0.042 0.030 0.031 0.035  A 108911
   3193.72322 10.525 10.538 10.505 10.545 10.561    0.027 0.043 0.030 0.032 0.036  A 108912
   3193.72571 10.526 10.560 10.516 10.531 10.542    0.026 0.038 0.026 0.031 0.035  A 108913
   3193.72821 10.512 10.512 10.529 10.515 10.524    0.026 0.039 0.028 0.031 0.036  A 108914
   3193.73072 10.501 10.543 10.497 10.514 10.526    0.027 0.045 0.029 0.032 0.035  A 108915
   3193.73322 10.510 10.496 10.509 10.521 10.530    0.027 0.044 0.031 0.033 0.037  A 108916
   3193.73572 10.522 10.516 10.509 10.529 10.529    0.026 0.038 0.029 0.032 0.036  A 108917
   3193.73823 10.506 10.492 10.492 10.514 10.513    0.029 0.045 0.035 0.034 0.039  A 108918
   3193.74074 10.514 10.454 10.514 10.520 10.530    0.027 0.036 0.028 0.032 0.036  A 108919
   3193.74329 10.506 10.515 10.482 10.510 10.528    0.027 0.043 0.029 0.032 0.036  A 108920
   3193.74579 10.522 10.480 10.531 10.518 10.517    0.027 0.038 0.030 0.032 0.036  A 108921
   3193.74829 10.520 10.538 10.522 10.525 10.532    0.026 0.039 0.027 0.031 0.037  A 108922
   3193.75082 10.544 10.538 10.533 10.544 10.555    0.027 0.040 0.030 0.032 0.037  A 108923
   3193.75331 99.999 99.999 99.999 99.999 99.999    0.027 0.040 0.032 0.032 0.037  C 108924
   3193.75583 99.999 99.999 99.999 99.999 99.999    0.027 0.037 0.027 0.031 0.036  C 108925
   3193.76068 10.519 10.537 10.510 10.537 10.557    0.027 0.037 0.030 0.032 0.037  A 108926
   3193.76319 10.512 10.495 10.510 10.518 10.528    0.027 0.037 0.028 0.031 0.035  A 108927
   3193.76572 10.533 10.504 10.539 10.539 10.553    0.027 0.040 0.030 0.032 0.037  A 108928
   3193.76823 10.513 10.524 10.507 10.527 10.537    0.029 0.045 0.031 0.033 0.038  A 108929
   3193.77073 10.521 10.540 10.528 10.517 10.520    0.029 0.039 0.033 0.034 0.038  A 108930
   3193.77324 10.526 10.480 10.541 10.526 10.544    0.026 0.034 0.028 0.031 0.036  A 108931
   3193.77581 10.543 10.569 10.539 10.559 10.564    0.030 0.046 0.030 0.035 0.040  A 108932
   3193.77832 10.524 10.514 10.522 10.526 10.537    0.028 0.033 0.027 0.032 0.037  A 108933
   3193.78310 10.542 10.523 10.545 10.547 10.555    0.028 0.031 0.028 0.034 0.039  A 108934
   3193.78566 10.506 10.512 10.513 10.514 10.523    0.027 0.032 0.028 0.032 0.037  A 108935
   3193.78815 10.504 10.500 10.477 10.510 10.515    0.027 0.033 0.031 0.033 0.038  A 108936
   3193.79067 10.535 10.501 10.535 10.540 10.554    0.028 0.030 0.029 0.033 0.037  A 108937
   3193.79318 10.517 10.505 10.530 10.530 10.544    0.027 0.036 0.028 0.032 0.037  A 108938
   3193.79569 10.529 10.470 10.528 10.540 10.547    0.027 0.036 0.028 0.032 0.037  A 108939
   3193.79818 10.521 10.516 10.517 10.529 10.534    0.028 0.033 0.029 0.034 0.038  A 108940
   3193.80067 10.520 10.523 10.509 10.528 10.540    0.028 0.031 0.029 0.033 0.038  A 108941
   3193.80317 10.509 10.515 10.512 10.522 10.529    0.028 0.032 0.028 0.033 0.037  A 108942
   3193.80568 10.544 10.519 10.535 10.555 10.562    0.028 0.031 0.029 0.033 0.037  A 108943
   3193.80818 10.504 10.518 10.516 10.515 10.529    0.028 0.031 0.028 0.033 0.037  A 108944
   3193.81070 10.511 10.516 10.499 10.514 10.524    0.028 0.031 0.028 0.032 0.037  A 108945
   3193.81320 10.538 10.542 10.513 10.539 10.552    0.028 0.030 0.029 0.033 0.037  A 108946
   3193.81569 10.517 10.533 10.520 10.532 10.544    0.028 0.033 0.029 0.034 0.038  A 108947
   3193.81820 10.536 10.520 10.520 10.541 10.553    0.028 0.032 0.027 0.033 0.039  A 108948
   3193.82069 10.525 10.527 10.499 10.541 10.553    0.029 0.031 0.030 0.034 0.040  A 108949
   3193.82323 10.507 10.501 10.504 10.511 10.518    0.030 0.035 0.029 0.035 0.040  A 108950
   3193.82575 10.503 10.496 10.499 10.509 10.521    0.029 0.032 0.029 0.033 0.038  A 108951
   3193.82826 10.540 10.528 10.538 10.550 10.571    0.031 0.036 0.032 0.037 0.041  A 108952
   3193.83075 10.502 10.493 10.509 10.513 10.524    0.031 0.032 0.033 0.037 0.041  A 108953
   3193.83326 10.536 10.542 10.520 10.538 10.535    0.031 0.037 0.030 0.037 0.042  A 108954
   3193.83576 10.510 10.516 10.494 10.519 10.540    0.031 0.032 0.031 0.036 0.041  A 108955
   3193.83826 10.535 10.520 10.513 10.550 10.573    0.032 0.033 0.032 0.037 0.042  A 108956
   3193.84079 10.505 10.509 10.496 10.513 10.526    0.035 0.035 0.034 0.040 0.046  A 108957
   3193.84335 10.537 10.537 10.538 10.561 10.589    0.041 0.042 0.040 0.047 0.054  B 108958
   3193.84585 10.527 10.523 10.515 10.532 10.543    0.057 0.059 0.054 0.063 0.068  D 108959
   3194.47124 10.495 10.509 10.488 10.497 10.505    0.080 0.079 0.082 0.089 0.098  D 108999
   3194.47367 10.524 10.521 10.512 10.536 10.556    0.047 0.049 0.047 0.053 0.057  B 109000
   3194.47619 10.509 10.520 10.506 10.524 10.538    0.044 0.045 0.044 0.049 0.055  B 109001
   3194.47872 10.520 10.516 10.509 10.532 10.549    0.044 0.045 0.045 0.049 0.053  B 109002
   3194.48123 10.518 10.504 10.514 10.528 10.532    0.050 0.052 0.050 0.054 0.058  B 109003
   3194.48372 10.505 10.490 10.517 10.503 10.510    0.048 0.048 0.048 0.053 0.057  B 109004
   3194.48870 10.505 10.505 10.509 10.502 10.521    0.073 0.073 0.072 0.078 0.081  D 109006
   3194.49120 10.525 10.503 10.535 10.533 10.539    0.072 0.074 0.072 0.077 0.081  D 109007
   3194.49370 10.520 10.526 10.506 10.525 10.531    0.035 0.036 0.036 0.040 0.044  A 109008
   3194.49620 10.497 10.495 10.506 10.495 10.505    0.067 0.068 0.067 0.071 0.074  D 109009
   3194.49869 10.547 10.532 10.531 10.550 10.555    0.053 0.055 0.055 0.058 0.063  B 109010
   3194.50119 10.522 10.521 10.525 10.523 10.529    0.048 0.049 0.049 0.053 0.056  B 109011
   3194.50367 10.531 10.521 10.527 10.547 10.563    0.034 0.034 0.033 0.039 0.044  A 109012
   3194.50616 10.523 10.516 10.523 10.531 10.548    0.041 0.041 0.042 0.045 0.050  A 109013
   3194.50867 10.499 10.497 10.476 10.500 10.518    0.033 0.034 0.033 0.038 0.043  A 109014
   3194.51117 10.516 10.517 10.525 10.515 10.524    0.037 0.037 0.037 0.040 0.043  A 109015
   3194.51367 10.505 10.502 10.492 10.499 10.511    0.029 0.029 0.030 0.034 0.039  A 109016
   3194.51617 10.524 10.522 10.509 10.526 10.539    0.029 0.030 0.029 0.033 0.038  A 109017
   3194.51868 10.518 10.525 10.497 10.517 10.530    0.030 0.032 0.032 0.035 0.040  A 109018
   3194.52118 10.526 10.534 10.501 10.530 10.540    0.030 0.031 0.030 0.034 0.039  A 109019
   3194.52370 10.514 10.530 10.497 10.510 10.524    0.037 0.038 0.040 0.041 0.046  A 109020
   3194.52620 10.503 10.518 10.491 10.506 10.516    0.034 0.034 0.035 0.038 0.043  A 109021
   3194.52871 10.519 10.522 10.519 10.521 10.531    0.028 0.028 0.028 0.032 0.037  A 109022
   3194.53120 10.528 10.531 10.506 10.537 10.543    0.031 0.033 0.032 0.036 0.040  A 109023
   3194.53370 10.543 10.507 10.526 10.545 10.557    0.030 0.031 0.032 0.035 0.040  A 109024
   3194.53621 10.542 10.542 10.534 10.541 10.550    0.045 0.047 0.045 0.049 0.052  B 109025
   3194.53870 10.533 10.514 10.539 10.547 10.560    0.032 0.034 0.033 0.036 0.040  A 109026
   3194.54120 10.531 10.524 10.532 10.543 10.549    0.027 0.027 0.027 0.032 0.036  A 109027
   3194.54368 10.520 10.520 10.533 10.523 10.532    0.027 0.028 0.028 0.031 0.035  A 109028
   3194.54620 10.534 10.511 10.540 10.546 10.551    0.027 0.030 0.028 0.031 0.036  A 109029
   3194.54870 10.493 10.502 10.512 10.503 10.512    0.026 0.030 0.027 0.031 0.035  A 109030
   3194.55120 10.539 10.511 10.550 10.541 10.547    0.027 0.029 0.028 0.031 0.036  A 109031
   3194.55369 10.535 10.474 10.544 10.545 10.559    0.025 0.027 0.027 0.030 0.034  A 109032
   3194.55621 10.522 10.522 10.508 10.521 10.530    0.027 0.028 0.027 0.031 0.034  A 109033
   3194.55872 10.513 10.544 10.503 10.522 10.530    0.025 0.028 0.026 0.029 0.033  A 109034
   3194.56124 10.513 10.496 10.528 10.510 10.508    0.025 0.026 0.025 0.030 0.034  A 109035
   3194.56374 10.521 10.516 10.526 10.526 10.535    0.025 0.027 0.026 0.029 0.032  A 109036
   3194.56852 10.534 10.514 10.531 10.538 10.548    0.025 0.027 0.026 0.030 0.034  A 109037
   3194.57102 10.498 10.505 10.495 10.513 10.520    0.025 0.026 0.025 0.030 0.034  A 109038
   3194.57580 10.521 10.531 10.539 10.519 10.530    0.026 0.028 0.027 0.031 0.036  A 109039
   3194.57830 10.529 10.508 10.529 10.539 10.549    0.025 0.027 0.026 0.029 0.033  A 109040
   3194.58080 10.520 10.529 10.508 10.520 10.535    0.026 0.028 0.028 0.031 0.034  A 109041
   3194.58333 10.533 10.520 10.529 10.538 10.548    0.025 0.027 0.025 0.030 0.034  A 109042
   3194.58586 10.516 10.528 10.507 10.524 10.543    0.025 0.030 0.027 0.030 0.034  A 109043
   3194.58836 10.524 10.506 10.524 10.523 10.537    0.025 0.027 0.025 0.029 0.033  A 109044
   3194.59314 10.535 10.526 10.538 10.534 10.546    0.027 0.029 0.027 0.032 0.036  A 109045
   3194.59566 10.521 10.525 10.504 10.536 10.559    0.027 0.028 0.029 0.030 0.035  A 109046
   3194.59816 10.511 10.528 10.482 10.527 10.541    0.026 0.028 0.029 0.030 0.034  A 109047
   3194.60068 10.530 10.521 10.530 10.542 10.557    0.025 0.031 0.025 0.030 0.034  A 109048
   3194.60320 10.529 10.488 10.533 10.543 10.556    0.027 0.029 0.029 0.031 0.035  A 109049
   3194.60570 10.521 10.533 10.514 10.523 10.532    0.026 0.034 0.026 0.030 0.034  A 109050
   3194.60819 10.505 10.509 10.512 10.514 10.520    0.027 0.031 0.027 0.031 0.035  A 109051
   3194.61069 10.524 10.523 10.500 10.527 10.539    0.026 0.031 0.029 0.031 0.035  A 109052
   3194.61398 10.524 10.508 10.527 10.527 10.536    0.026 0.027 0.028 0.030 0.034  A 109053
   3194.61797 10.522 10.500 10.525 10.517 10.519    0.028 0.037 0.027 0.032 0.037  A 109054
   3194.62050 10.506 10.514 10.513 10.505 10.519    0.026 0.032 0.028 0.031 0.034  A 109055
   3194.62301 10.501 10.468 10.517 10.508 10.514    0.026 0.036 0.026 0.031 0.035  A 109056
   3194.62551 10.507 10.503 10.521 10.502 10.513    0.025 0.028 0.028 0.030 0.033  A 109057
   3194.62801 10.516 10.527 10.513 10.517 10.521    0.028 0.036 0.029 0.034 0.039  A 109058
   3194.63051 10.524 10.509 10.530 10.523 10.532    0.026 0.031 0.030 0.031 0.035  A 109059
   3194.63301 10.509 10.480 10.512 10.511 10.511    0.027 0.034 0.027 0.031 0.035  A 109060
   3194.63551 10.514 10.512 10.488 10.524 10.543    0.026 0.030 0.029 0.030 0.035  A 109061
   3194.63800 10.510 10.491 10.507 10.525 10.536    0.026 0.033 0.029 0.031 0.035  A 109062
   3194.64052 10.532 10.539 10.521 10.533 10.549    0.026 0.031 0.028 0.031 0.034  A 109063
   3194.64530 10.529 10.513 10.524 10.543 10.561    0.027 0.032 0.027 0.032 0.037  A 109064
   3194.64780 10.522 10.536 10.521 10.536 10.543    0.027 0.035 0.029 0.032 0.036  A 109065
   3194.65030 10.525 10.541 10.528 10.528 10.532    0.025 0.033 0.028 0.029 0.033  A 109066
   3194.65279 10.489 10.475 10.496 10.491 10.504    0.026 0.037 0.026 0.030 0.034  A 109067
   3194.65529 10.503 10.505 10.507 10.509 10.513    0.026 0.031 0.027 0.030 0.034  A 109068
   3194.65779 10.518 10.487 10.539 10.518 10.538    0.028 0.037 0.029 0.032 0.036  A 109069
   3194.66029 10.520 10.512 10.522 10.528 10.543    0.026 0.032 0.029 0.030 0.034  A 109070
   3194.66279 10.510 10.538 10.509 10.527 10.544    0.027 0.037 0.029 0.031 0.034  A 109071
   3194.66529 10.527 10.502 10.530 10.527 10.543    0.026 0.032 0.028 0.031 0.035  A 109072
   3194.66780 10.539 10.505 10.536 10.545 10.572    0.027 0.038 0.028 0.032 0.036  A 109073
   3194.67030 10.524 10.519 10.531 10.531 10.550    0.027 0.035 0.029 0.032 0.037  A 109074
   3194.67279 10.521 10.528 10.532 10.521 10.538    0.028 0.037 0.029 0.032 0.037  A 109075
   3194.67530 10.509 10.514 10.510 10.510 10.529    0.027 0.038 0.030 0.032 0.036  A 109076
   3194.67780 10.512 10.514 10.511 10.526 10.536    0.026 0.034 0.028 0.032 0.036  A 109077
   3194.68029 10.531 10.505 10.550 10.529 10.545    0.027 0.039 0.029 0.031 0.035  A 109078
   3194.68279 10.527 10.544 10.509 10.538 10.546    0.028 0.035 0.028 0.033 0.038  A 109079
   3194.68666 10.505 10.494 10.493 10.514 10.528    0.041 0.045 0.037 0.051 0.059  B 109080
   3194.69721 10.556 10.523 10.554 10.566 10.574    0.055 0.050 0.048 0.068 0.080  D 109081
   3194.69965 10.525 10.543 10.516 10.536 10.541    0.027 0.038 0.028 0.033 0.037  A 109082
   3194.70464 10.539 10.520 10.538 10.543 10.554    0.028 0.040 0.028 0.033 0.038  A 109084
   3194.70708 10.529 10.501 10.522 10.531 10.537    0.026 0.030 0.026 0.030 0.034  A 109085
   3194.70958 10.516 10.490 10.511 10.528 10.542    0.029 0.039 0.029 0.033 0.037  A 109086
   3194.71207 99.999 10.530 10.524 99.999 99.999    0.027 0.039 0.029 0.033 0.037  C 109087
   3194.71457 10.502 10.525 10.500 10.513 10.527    0.027 0.035 0.028 0.032 0.036  A 109088
   3194.71706 10.543 10.542 10.518 10.564 10.575    0.027 0.042 0.029 0.033 0.038  A 109089
   3194.71958 10.512 10.516 10.511 10.522 10.534    0.029 0.041 0.030 0.034 0.038  A 109090
   3194.72207 10.502 10.524 10.514 10.513 10.524    0.028 0.043 0.028 0.033 0.036  A 109091
   3194.72458 10.491 10.506 10.490 10.499 10.499    0.027 0.033 0.028 0.032 0.036  A 109092
   3194.72708 10.489 10.488 10.494 10.491 10.508    0.028 0.033 0.028 0.033 0.038  A 109093
   3194.72957 99.999 99.999 99.999 99.999 99.999    0.031 0.045 0.031 0.036 0.042  C 109094
   3194.73210 10.517 10.510 10.516 10.516 10.524    0.032 0.033 0.030 0.038 0.044  A 109095
   3194.73460 10.527 10.525 10.511 10.539 10.555    0.033 0.043 0.034 0.040 0.044  A 109096
   3194.73710 10.512 10.544 10.520 10.520 10.525    0.032 0.036 0.032 0.038 0.043  A 109097
   3194.73960 10.522 10.525 10.525 10.540 10.547    0.029 0.041 0.030 0.034 0.039  A 109098
   3194.74210 10.507 10.539 10.514 10.521 10.527    0.031 0.042 0.032 0.037 0.042  A 109099
   3194.74460 10.515 10.529 10.509 10.519 10.529    0.028 0.038 0.030 0.034 0.037  A 109100
   3194.74709 10.530 10.530 10.530 10.536 10.555    0.027 0.029 0.026 0.032 0.036  A 109101
   3194.74959 10.511 10.495 10.511 10.518 10.528    0.028 0.031 0.027 0.032 0.037  A 109102
   3194.75209 10.521 10.531 10.511 10.537 10.549    0.027 0.034 0.028 0.032 0.036  A 109103
   3194.75461 10.637 10.654 10.649 10.638 10.643    0.027 0.034 0.026 0.032 0.036  A 109104
   3194.76019 10.619 10.644 10.639 10.615 10.629    0.028 0.032 0.029 0.033 0.038  A 109105
   3194.76418 10.515 10.506 10.521 10.515 10.524    0.030 0.039 0.032 0.036 0.040  A 109106
   3194.76746 10.497 10.513 10.481 10.502 10.503    0.029 0.034 0.029 0.034 0.039  A 109107
   3194.77145 10.488 10.495 10.487 10.496 10.518    0.028 0.030 0.028 0.033 0.037  A 109108
   3194.77623 10.519 10.539 10.515 10.527 10.534    0.028 0.036 0.029 0.033 0.037  A 109109
   3194.77874 10.511 10.473 10.513 10.530 10.551    0.028 0.030 0.028 0.034 0.038  A 109110
   3194.78124 10.518 10.484 10.520 10.532 10.538    0.028 0.032 0.027 0.033 0.038  A 109111
   3194.78374 10.541 10.511 10.532 10.550 10.557    0.028 0.031 0.028 0.034 0.038  A 109112
   3194.78623 10.659 10.693 10.659 10.669 10.690    0.029 0.033 0.030 0.035 0.039  A 109113
   3194.78873 10.551 10.502 10.542 10.561 10.568    0.030 0.036 0.031 0.036 0.040  A 109114
   3194.79123 10.542 10.542 10.527 10.568 10.585    0.029 0.034 0.029 0.035 0.040  A 109115
   3194.79373 10.543 10.513 10.538 10.556 10.585    0.030 0.035 0.031 0.036 0.041  A 109116
   3194.79622 10.542 10.533 10.534 10.550 10.567    0.030 0.030 0.028 0.035 0.040  A 109117
   3194.79875 10.521 10.543 10.508 10.525 10.544    0.029 0.032 0.029 0.034 0.039  A 109118
   3194.80127 10.527 10.539 10.521 10.536 10.542    0.030 0.032 0.030 0.034 0.040  A 109119
   3194.80378 10.506 10.503 10.480 10.510 10.528    0.030 0.031 0.031 0.035 0.039  A 109120
   3194.80631 10.518 10.540 10.509 10.525 10.531    0.031 0.036 0.031 0.036 0.041  A 109121
   3194.80886 10.511 10.514 10.486 10.518 10.537    0.030 0.033 0.030 0.035 0.041  A 109122
   3194.81139 10.538 10.539 10.511 10.547 10.564    0.031 0.032 0.031 0.036 0.041  A 109123
   3194.81389 10.534 10.523 10.511 10.540 10.555    0.029 0.031 0.029 0.035 0.040  A 109124
   3194.81639 10.519 10.521 10.516 10.519 10.531    0.030 0.032 0.029 0.035 0.041  A 109125
   3194.81889 10.512 10.493 10.523 10.516 10.528    0.030 0.031 0.030 0.035 0.040  A 109126
   3194.82144 10.532 10.516 10.522 10.543 10.560    0.030 0.032 0.030 0.036 0.041  A 109127
   3194.82393 10.504 10.464 10.518 10.513 10.518    0.032 0.033 0.030 0.037 0.043  A 109128
   3194.82871 10.503 10.519 10.505 10.516 10.525    0.031 0.033 0.031 0.036 0.041  A 109129
   3194.83349 10.494 10.498 10.505 10.489 10.497    0.030 0.032 0.030 0.036 0.041  A 109130
   3194.83600 10.508 10.482 10.513 10.520 10.526    0.032 0.032 0.030 0.038 0.043  A 109131
   3194.83849 10.527 10.514 10.510 10.537 10.543    0.036 0.036 0.035 0.042 0.050  A 109132
   3194.84100 10.499 10.533 10.506 10.506 10.527    0.046 0.048 0.044 0.052 0.059  B 109133
   3194.84353 10.492 10.481 10.496 10.504 10.514    0.059 0.060 0.057 0.065 0.070  D 109134
   3195.67024 10.498 10.420 10.492 10.504 10.520    0.031 0.055 0.036 0.036 0.041  A 109180
   3195.67253 10.486 10.462 10.481 10.499 10.516    0.031 0.050 0.034 0.035 0.040  A 109181
   3195.67483 10.502 10.473 10.503 10.513 10.527    0.034 0.058 0.037 0.038 0.042  A 109182
   3195.67711 10.484 10.472 10.469 10.496 10.503    0.031 0.054 0.035 0.036 0.040  A 109183
   3195.67939 10.495 10.471 10.486 10.503 10.511    0.032 0.056 0.036 0.037 0.040  A 109184
   3195.68173 10.518 10.513 10.516 10.519 10.536    0.028 0.045 0.032 0.032 0.037  A 109185
   3195.68411 10.517 10.478 10.511 10.522 10.535    0.031 0.054 0.036 0.036 0.040  A 109186
   3195.68640 10.525 10.496 10.505 10.540 10.551    0.031 0.051 0.035 0.035 0.040  A 109187
   3195.68868 10.523 10.500 10.504 10.536 10.552    0.031 0.050 0.034 0.035 0.040  A 109188
   3195.69107 10.508 10.471 10.506 10.513 10.523    0.032 0.052 0.036 0.036 0.039  A 109189
   3195.69342 10.513 10.507 10.493 10.530 10.547    0.030 0.049 0.034 0.035 0.038  A 109190
   3195.69580 10.515 10.518 10.492 10.535 10.546    0.030 0.050 0.035 0.034 0.038  A 109191
   3195.69820 10.510 10.500 10.496 10.531 10.551    0.031 0.051 0.036 0.035 0.040  A 109192
   3195.70054 10.524 10.518 10.506 10.545 10.563    0.030 0.049 0.035 0.034 0.038  A 109193
   3195.70290 10.515 10.495 10.506 10.535 10.548    0.029 0.047 0.034 0.034 0.038  A 109194
   3195.70521 10.512 10.514 10.490 10.525 10.540    0.031 0.049 0.036 0.035 0.040  A 109195
   3195.70764 10.509 10.506 10.506 10.523 10.538    0.030 0.046 0.034 0.034 0.038  A 109196
   3195.71072 10.504 10.495 10.506 10.514 10.528    0.031 0.043 0.035 0.035 0.039  A 109197
   3195.71307 10.517 10.468 10.507 10.534 10.547    0.027 0.040 0.032 0.032 0.036  A 109198
   3195.71541 10.520 10.543 10.511 10.527 10.547    0.030 0.043 0.035 0.035 0.039  A 109199
   3195.71777 10.498 10.478 10.472 10.514 10.525    0.029 0.045 0.034 0.034 0.039  A 109200
   3195.72012 10.518 10.458 10.509 10.535 10.559    0.032 0.046 0.037 0.035 0.040  A 109201
   3195.72244 10.511 10.478 10.497 10.520 99.999    0.029 0.043 0.035 0.034 0.038  C 109202
   3195.72557 10.515 10.510 10.498 10.528 10.537    0.031 0.045 0.037 0.035 0.039  A 109203
   3195.72788 10.550 10.511 10.567 10.548 10.564    0.031 0.046 0.036 0.035 0.039  A 109204
   3195.73018 10.529 10.519 10.560 10.514 10.520    0.033 0.048 0.039 0.037 0.041  A 109205
   3195.73247 10.509 10.507 10.488 10.512 10.524    0.031 0.045 0.037 0.035 0.040  A 109206
   3195.73475 10.526 10.500 10.522 10.531 10.546    0.031 0.043 0.037 0.035 0.040  A 109207
   3195.73704 10.519 10.499 10.513 10.530 10.545    0.032 0.047 0.039 0.036 0.040  A 109208
   3195.74186 10.497 10.495 10.496 10.509 10.507    0.036 0.049 0.041 0.042 0.048  A 109209
   3195.74414 10.519 10.475 10.530 10.527 10.530    0.033 0.047 0.039 0.037 0.042  A 109210
   3195.74646 99.999 99.999 99.999 99.999 99.999    0.031 0.045 0.039 0.035 0.039  C 109211
   3195.74958 10.506 10.447 10.515 10.511 10.522    0.034 0.052 0.042 0.037 0.042  A 109212
   3195.75191 99.999 99.999 99.999 99.999 99.999    0.034 0.050 0.041 0.037 0.041  C 109213
   3195.75421 10.489 10.508 10.489 10.510 10.521    0.034 0.051 0.042 0.037 0.041  A 109214
   3195.76212 10.515 10.518 10.490 10.522 10.515    0.042 0.056 0.047 0.047 0.053  B 109215
   3195.76440 10.497 10.508 10.494 10.501 10.499    0.038 0.054 0.047 0.040 0.045  A 109216
   3195.76675 10.492 10.509 10.497 10.493 10.499    0.037 0.052 0.045 0.040 0.042  A 109217
   3195.76910 10.479 10.488 10.453 10.497 10.508    0.038 0.052 0.046 0.040 0.043  A 109218
   3195.77155 10.535 10.516 10.552 10.539 10.540    0.039 0.054 0.047 0.042 0.046  A 109219
   3195.77395 10.508 10.475 10.498 10.522 10.524    0.040 0.054 0.048 0.042 0.045  B 109220
   3195.77954 10.523 10.529 10.521 10.525 10.529    0.043 0.058 0.051 0.046 0.048  B 109222
   3195.78189 10.511 10.467 10.501 10.524 10.538    0.044 0.059 0.052 0.045 0.046  B 109223
   3195.78425 10.512 10.534 10.518 10.506 10.539    0.047 0.064 0.056 0.051 0.052  B 109224
   3195.78656 10.502 10.513 10.488 10.501 10.516    0.049 0.065 0.057 0.053 0.054  D 109225
   3195.78904 10.513 10.495 10.505 10.521 10.534    0.048 0.063 0.056 0.052 0.052  B 109226
   3195.79138 10.502 10.490 10.485 10.512 10.526    0.047 0.064 0.056 0.050 0.050  B 109227
   3195.79374 10.482 10.522 10.525 10.513 10.516    0.050 0.065 0.058 0.055 0.053  D 109228
   3195.79619 10.509 10.490 10.481 10.501 10.519    0.051 0.067 0.058 0.055 0.053  D 109229
   3195.79851 10.529 10.531 10.548 10.539 10.553    0.052 0.071 0.061 0.056 0.055  D 109230
   3195.80087 10.539 10.478 10.539 10.557 10.552    0.051 0.071 0.060 0.054 0.054  D 109231
   3195.80327 10.515 10.485 10.526 10.518 10.532    0.037 0.049 0.044 0.039 0.045  A 109232
   3195.80561 10.499 10.479 10.457 10.521 10.540    0.046 0.062 0.055 0.049 0.051  B 109233
   3195.81035 10.537 10.533 10.532 10.519 10.524    0.051 0.069 0.060 0.053 0.056  D 109235
   3195.81268 10.540 10.552 10.560 10.553 10.540    0.057 0.079 0.066 0.060 0.059  D 109236
   3196.55827 10.502 10.492 10.501 10.504 10.509    0.054 0.078 0.066 0.054 0.052  D 109241
   3196.56770 10.484 10.530 10.476 10.499 10.525    0.031 0.044 0.034 0.036 0.042  A 109243
   3196.56998 10.530 10.483 10.533 10.532 10.548    0.027 0.035 0.030 0.031 0.035  A 109244
   3196.57232 10.538 10.456 10.528 10.544 10.565    0.026 0.040 0.030 0.030 0.033  A 109245
   3196.57464 10.524 10.499 10.519 10.536 10.556    0.025 0.036 0.029 0.029 0.033  A 109246
   3196.57699 10.525 10.465 10.506 10.542 10.552    0.026 0.042 0.031 0.030 0.034  A 109247
   3196.57932 10.524 10.539 10.519 10.541 10.554    0.025 0.039 0.029 0.030 0.033  A 109248
   3196.58473 10.531 10.497 10.523 10.540 10.559    0.025 0.035 0.029 0.029 0.033  A 109250
   3196.58703 10.519 10.499 10.507 10.525 10.529    0.026 0.041 0.030 0.030 0.035  A 109251
   3196.58935 10.519 10.506 10.501 10.534 10.553    0.026 0.037 0.030 0.030 0.034  A 109252
   3196.59168 10.514 10.485 10.509 10.528 10.540    0.025 0.033 0.028 0.029 0.033  A 109253
   3196.59404 10.515 10.468 10.509 10.534 10.552    0.025 0.031 0.028 0.029 0.033  A 109254
   3196.59638 10.550 10.564 10.539 10.571 10.597    0.027 0.042 0.032 0.031 0.035  A 109255
   3207.66620 10.594 10.566 10.579 10.613 10.624    0.039 0.046 0.042 0.045 0.052  B 109400
   3207.66876 10.662 10.599 10.635 10.672 10.669    0.045 0.046 0.045 0.053 0.061  B 109401
   3207.67130 10.644 10.597 10.651 10.660 10.676    0.037 0.042 0.040 0.043 0.050  A 109402
   3207.67381 10.636 10.615 10.586 10.647 10.677    0.042 0.048 0.045 0.047 0.053  B 109403
   3207.67637 10.649 10.639 10.649 10.648 10.647    0.042 0.047 0.045 0.047 0.054  B 109404
   3207.67890 10.625 10.606 10.622 10.648 10.660    0.041 0.045 0.043 0.048 0.054  B 109405
   3207.68144 10.662 10.601 10.643 10.677 10.694    0.042 0.047 0.044 0.048 0.054  B 109406
   3207.68399 10.642 10.624 10.630 10.667 10.690    0.044 0.048 0.047 0.049 0.054  B 109407
   3207.68650 10.632 10.633 10.617 10.651 10.663    0.041 0.047 0.044 0.047 0.055  B 109408
   3207.68902 10.630 10.633 10.600 10.627 10.647    0.042 0.047 0.045 0.046 0.051  A 109409
   3207.69157 10.628 10.591 10.633 10.629 10.633    0.039 0.044 0.041 0.045 0.051  A 109410
   3207.69411 10.613 10.598 10.605 10.626 10.637    0.039 0.043 0.041 0.045 0.051  A 109411
   3207.69661 10.637 10.595 10.608 10.664 10.673    0.043 0.047 0.045 0.049 0.057  B 109412
   3212.48960 10.658 10.647 10.651 10.660 10.667    0.035 0.040 0.038 0.040 0.047  A 109553
   3212.49203 10.676 10.640 10.657 10.688 10.705    0.031 0.039 0.036 0.035 0.040  A 109554
   3212.49453 10.651 10.655 10.617 10.665 10.689    0.030 0.038 0.035 0.034 0.039  A 109555
   3212.49704 10.663 10.610 10.654 10.668 10.688    0.030 0.039 0.036 0.035 0.041  A 109556
   3212.49957 10.649 10.608 10.640 10.667 99.999    0.030 0.038 0.035 0.034 0.040  C 109557
   3212.50209 10.635 10.625 10.614 10.637 10.652    0.030 0.038 0.035 0.034 0.039  A 109558
   3212.50460 10.666 10.628 10.668 10.675 10.692    0.033 0.042 0.039 0.036 0.042  A 109559
   3212.50711 10.656 10.615 10.640 10.668 10.692    0.032 0.040 0.037 0.037 0.042  A 109560
   3212.50964 10.660 10.651 10.645 10.668 10.680    0.031 0.038 0.036 0.035 0.040  A 109561
   3212.51214 10.664 10.634 10.666 10.672 10.680    0.032 0.039 0.036 0.036 0.042  A 109562
   3212.51462 10.655 10.608 10.644 10.668 10.679    0.032 0.039 0.036 0.036 0.042  A 109563
   3212.51714 10.633 10.645 10.627 10.645 10.659    0.031 0.038 0.036 0.036 0.042  A 109564
   3212.51964 10.648 10.643 10.631 10.657 10.680    0.033 0.040 0.038 0.037 0.042  A 109565
   3212.52215 10.641 10.621 10.642 10.658 10.677    0.033 0.040 0.037 0.037 0.043  A 109566
   3212.52465 10.629 10.629 10.617 10.639 10.647    0.031 0.038 0.036 0.036 0.041  A 109567
   3212.52717 10.636 10.632 10.619 10.646 10.647    0.031 0.038 0.036 0.036 0.042  A 109568
   3212.52970 10.630 10.599 10.639 10.636 10.651    0.031 0.039 0.035 0.035 0.039  A 109569
   3212.53223 10.653 10.610 10.648 10.659 10.674    0.030 0.039 0.035 0.034 0.039  A 109570
   3212.53474 10.639 10.636 10.625 10.660 10.671    0.030 0.037 0.034 0.034 0.038  A 109571
   3212.53725 10.657 10.605 10.662 10.657 10.668    0.030 0.038 0.035 0.034 0.039  A 109572
   3212.53979 10.648 10.626 10.635 10.658 10.663    0.030 0.037 0.035 0.033 0.038  A 109573
   3212.54233 10.648 10.597 10.647 10.656 10.652    0.031 0.039 0.036 0.035 0.039  A 109574
   3212.54485 10.646 10.613 10.653 10.652 10.661    0.030 0.039 0.035 0.035 0.039  A 109575
   3212.54963 10.657 10.642 10.643 10.687 10.708    0.032 0.040 0.038 0.037 0.043  A 109576
   3212.55443 10.672 10.642 10.660 10.683 10.699    0.034 0.042 0.038 0.039 0.045  A 109577
   3212.55694 10.640 10.627 10.658 10.659 10.676    0.032 0.041 0.038 0.036 0.042  A 109578
   3212.55947 10.662 10.623 10.658 10.667 10.690    0.030 0.039 0.036 0.034 0.039  A 109579
   3212.56201 10.638 10.598 10.623 10.656 10.676    0.033 0.041 0.037 0.037 0.041  A 109580
   3212.56452 10.645 10.633 10.615 10.654 10.672    0.030 0.038 0.035 0.034 0.039  A 109581
   3212.56703 10.629 10.630 10.618 10.632 10.652    0.033 0.041 0.037 0.037 0.043  A 109582
   3212.56953 10.650 10.645 10.619 10.656 10.681    0.031 0.038 0.037 0.035 0.040  A 109583
   3212.57203 10.640 10.621 10.626 10.654 10.664    0.033 0.040 0.038 0.037 0.043  A 109584
   3212.57454 10.672 10.655 10.673 10.685 10.692    0.032 0.042 0.037 0.036 0.040  A 109585
   3212.57706 10.687 10.647 10.686 10.689 10.693    0.030 0.042 0.037 0.035 0.040  A 109586
   3212.58212 10.651 10.665 10.633 10.662 10.669    0.031 0.040 0.037 0.035 0.040  A 109588
   3212.58462 10.651 10.602 10.664 10.656 10.665    0.030 0.039 0.035 0.033 0.038  A 109589
   3212.58712 10.632 10.633 10.626 10.640 10.656    0.030 0.039 0.036 0.034 0.038  A 109590
   3212.58964 10.658 10.619 10.638 10.670 10.680    0.031 0.043 0.036 0.036 0.041  A 109591
   3212.59214 10.642 10.615 10.641 10.647 10.657    0.032 0.042 0.037 0.036 0.040  A 109592
   3212.59464 10.620 10.616 10.596 10.630 10.651    0.031 0.042 0.037 0.034 0.039  A 109593
   3212.59715 10.640 10.610 10.628 10.657 10.676    0.031 0.042 0.038 0.035 0.041  A 109594
   3212.59964 10.654 10.618 10.644 10.661 10.662    0.031 0.041 0.037 0.035 0.039  A 109595
   3212.60214 10.638 10.603 10.637 10.653 10.657    0.031 0.042 0.036 0.035 0.039  A 109596
   3212.60465 10.631 10.619 10.629 10.640 10.643    0.031 0.041 0.037 0.035 0.040  A 109597
   3212.60715 10.624 10.605 10.640 10.627 10.639    0.031 0.041 0.037 0.036 0.041  A 109598
   3212.60968 10.638 10.638 10.619 10.647 10.660    0.030 0.041 0.036 0.034 0.038  A 109599
   3212.61222 10.640 10.634 10.644 10.638 10.643    0.030 0.040 0.035 0.034 0.039  A 109600
   3212.61471 10.618 10.622 10.591 10.621 10.631    0.030 0.040 0.036 0.034 0.039  A 109601
   3212.61723 10.650 10.591 10.664 10.656 10.669    0.030 0.041 0.036 0.035 0.039  A 109602
   3212.61973 10.655 10.628 10.649 10.649 10.642    0.030 0.040 0.036 0.034 0.039  A 109603
   3212.62223 10.663 10.620 10.671 10.661 10.661    0.030 0.040 0.036 0.035 0.040  A 109604
   3212.62474 10.659 10.618 10.675 10.650 10.642    0.032 0.041 0.037 0.037 0.042  A 109605
   3212.62729 10.652 10.641 10.631 10.654 10.654    0.030 0.040 0.035 0.034 0.039  A 109606
   3212.62983 10.639 10.603 10.638 10.645 10.639    0.030 0.039 0.035 0.034 0.039  A 109607
   3212.63238 10.662 10.637 10.676 10.670 10.677    0.031 0.040 0.035 0.035 0.040  A 109608
   3212.63488 99.999 99.999 99.999 99.999 99.999    0.031 0.039 0.036 0.035 0.040  C 109609
   3212.63742 99.999 99.999 99.999 99.999 99.999    0.030 0.041 0.037 0.035 0.039  C 109610
   3212.63995 10.653 10.655 10.628 10.660 10.675    0.030 0.039 0.035 0.034 0.040  A 109611
   3212.64248 10.674 10.662 10.652 10.681 10.680    0.030 0.039 0.034 0.034 0.040  A 109612
   3212.64499 10.668 10.672 10.636 10.681 10.695    0.030 0.041 0.036 0.034 0.039  A 109613
   3212.64749 10.672 10.665 10.654 10.689 10.703    0.029 0.038 0.035 0.033 0.037  A 109614
   3212.65006 10.664 10.628 10.660 10.685 10.701    0.031 0.039 0.035 0.035 0.039  A 109615
   3212.65259 10.674 10.660 10.665 10.688 10.701    0.030 0.040 0.035 0.034 0.039  A 109616
   3212.65510 10.674 10.654 10.650 10.682 10.696    0.031 0.041 0.037 0.035 0.040  A 109617
   3212.65760 10.664 10.639 10.655 10.672 10.682    0.030 0.038 0.034 0.034 0.039  A 109618
   3212.66011 10.674 10.649 10.697 10.670 10.669    0.029 0.041 0.036 0.033 0.038  A 109619
   3212.66262 10.660 10.633 10.657 10.668 10.674    0.029 0.038 0.034 0.033 0.038  A 109620
   3212.66515 10.641 10.604 10.635 10.652 10.659    0.030 0.040 0.035 0.035 0.040  A 109621
   3212.66768 10.655 10.606 10.659 10.666 10.681    0.029 0.038 0.034 0.034 0.039  A 109622
   3212.67019 10.677 10.657 10.665 10.684 10.697    0.031 0.041 0.036 0.035 0.040  A 109623
   3212.67268 10.669 10.613 10.678 10.678 10.695    0.029 0.040 0.035 0.033 0.038  A 109624
   3212.67518 10.657 10.595 10.654 10.661 10.672    0.031 0.040 0.036 0.034 0.039  A 109625
   3212.67769 10.668 10.639 10.660 10.676 10.696    0.030 0.039 0.035 0.033 0.039  A 109626
   3212.68022 10.665 10.636 10.664 10.668 10.682    0.030 0.040 0.036 0.034 0.039  A 109627
   3212.68273 10.662 10.619 10.659 10.666 10.683    0.030 0.041 0.036 0.035 0.039  A 109628
   3212.68526 10.627 10.598 10.609 10.649 10.657    0.030 0.041 0.036 0.035 0.039  A 109629
   3212.68779 10.643 10.586 10.649 10.661 10.673    0.029 0.041 0.035 0.033 0.038  A 109630
   3212.69032 10.663 10.639 10.659 10.673 10.688    0.031 0.040 0.036 0.035 0.039  A 109631
   3212.69282 10.668 10.619 10.659 10.674 10.686    0.029 0.041 0.034 0.033 0.038  A 109632
   3212.69537 10.648 10.632 10.630 10.665 10.678    0.029 0.040 0.036 0.033 0.039  A 109633
   3212.69789 10.646 10.643 10.627 10.665 10.674    0.032 0.042 0.037 0.036 0.042  A 109634
   3212.70040 10.655 10.649 10.638 10.662 10.669    0.029 0.040 0.034 0.034 0.038  A 109635
   3212.70292 10.649 10.640 10.630 10.666 10.673    0.029 0.038 0.034 0.033 0.039  A 109636
   3212.70546 10.648 10.606 10.651 10.647 10.655    0.030 0.039 0.035 0.034 0.040  A 109637
   3212.70797 10.672 10.617 10.681 10.674 10.675    0.028 0.037 0.033 0.032 0.037  A 109638
   3212.71046 10.627 10.630 10.619 10.644 10.668    0.030 0.037 0.035 0.033 0.038  A 109639
   3212.71296 10.668 10.652 10.641 10.681 10.690    0.029 0.038 0.035 0.034 0.038  A 109640
   3212.71546 10.634 10.620 10.634 10.638 10.640    0.030 0.038 0.035 0.033 0.038  A 109641
   3212.71796 10.656 10.637 10.670 10.653 10.662    0.031 0.039 0.036 0.035 0.040  A 109642
   3212.72049 10.641 10.581 10.651 10.655 10.671    0.030 0.039 0.035 0.034 0.040  A 109643
   3212.72304 10.647 10.641 10.629 10.649 10.653    0.030 0.038 0.035 0.033 0.039  A 109644
   3212.72811 10.660 10.604 10.673 10.664 10.662    0.030 0.038 0.034 0.034 0.039  A 109646
   3212.73065 10.654 10.659 10.626 10.669 10.675    0.029 0.038 0.035 0.033 0.038  A 109647
   3212.73323 10.638 10.646 10.614 10.642 10.640    0.031 0.038 0.035 0.035 0.039  A 109648
   3212.73573 10.670 10.663 10.650 10.687 10.692    0.030 0.041 0.035 0.034 0.039  A 109649
   3212.73828 10.648 10.600 10.655 10.653 10.661    0.029 0.040 0.034 0.033 0.038  A 109650
   3212.74081 10.651 10.618 10.625 10.659 10.671    0.032 0.041 0.036 0.036 0.042  A 109651
   3212.74335 10.670 10.597 10.680 10.678 10.687    0.031 0.040 0.037 0.035 0.040  A 109652
   3212.74584 10.642 10.635 10.633 10.658 10.661    0.030 0.038 0.035 0.034 0.039  A 109653
   3212.74835 10.631 10.595 10.615 10.641 10.648    0.030 0.036 0.034 0.034 0.039  A 109654
   3212.75088 10.647 10.631 10.631 10.658 10.662    0.030 0.038 0.035 0.034 0.039  A 109655
   3212.75599 10.671 10.647 10.674 10.680 10.689    0.031 0.040 0.037 0.035 0.039  A 109657
   3212.75856 10.651 10.634 10.658 10.651 10.662    0.030 0.038 0.035 0.034 0.038  A 109658
   3212.76107 10.634 10.603 10.652 10.649 10.642    0.032 0.039 0.037 0.037 0.042  A 109659
   3212.76360 10.736 10.795 10.773 10.730 10.734    0.032 0.039 0.036 0.036 0.041  A 109660
   3212.76618 10.643 10.643 10.626 10.651 10.666    0.034 0.040 0.038 0.038 0.043  A 109661
   3212.76875 10.643 10.629 10.629 10.644 10.643    0.038 0.045 0.041 0.042 0.048  A 109662
   3212.77132 10.654 10.632 10.631 10.666 10.660    0.033 0.039 0.037 0.037 0.043  A 109663
   3273.59461 10.554 10.538 10.555 10.562 10.579    0.031 0.043 0.033 0.035 0.040  A 116188
   3279.51439 10.613 10.560 10.595 10.622 10.642    0.035 0.052 0.036 0.041 0.046  A 116931
   3298.51701 10.656 10.661 10.650 10.667 10.682    0.025 0.029 0.027 0.031 0.035  A 118766
   3408.88034 10.592 10.549 10.595 10.597 10.609    0.033 0.033 0.030 0.039 0.045  A 129117
   3413.87519 10.605 10.654 10.617 10.622 10.636    0.048 0.041 0.042 0.059 0.067  B 129870
   3417.87266 10.648 10.611 10.634 10.656 10.675    0.030 0.037 0.029 0.036 0.041  A 130500
   3421.86387 10.566 10.690 10.584 10.563 10.556    0.061 0.100 0.060 0.074 0.082  D 131128
   3425.85109 10.552 10.557 10.548 10.557 10.566    0.034 0.035 0.032 0.041 0.047  A 131755
   3436.89508 10.574 10.566 10.569 10.576 10.588    0.032 0.032 0.030 0.039 0.046  A 133079
   3443.86029 10.531 10.505 10.527 10.539 10.552    0.026 0.035 0.026 0.030 0.033  A 133827
   3446.87052 10.509 10.516 10.505 10.519 10.536    0.027 0.033 0.027 0.032 0.034  A 134654
   3455.82842 10.601 10.560 10.572 10.616 10.645    0.035 0.038 0.033 0.044 0.050  A 136074
   3457.87505 10.649 10.696 10.649 10.660 10.677    0.036 0.073 0.038 0.042 0.047  B 136436
   3463.79930 10.615 10.606 10.613 10.629 10.648    0.030 0.032 0.029 0.035 0.041  A 137374
   3466.82537 10.594 10.586 10.588 10.604 10.623    0.027 0.033 0.027 0.033 0.037  A 137893
   3469.81696 10.575 10.573 10.561 10.590 10.608    0.028 0.038 0.029 0.032 0.036  A 138308
   3475.79563 10.527 10.472 10.524 10.539 10.554    0.057 0.079 0.053 0.069 0.079  D 139260
   3477.85785 10.509 10.485 10.498 10.517 10.528    0.035 0.079 0.044 0.039 0.042  D 139619
   3480.77941 10.619 10.696 10.628 10.631 10.652    0.040 0.064 0.043 0.043 0.045  B 140049
   3480.90707 10.819 10.885 10.829 10.827 10.842    0.053 0.071 0.051 0.062 0.068  B 140092
   3482.83020 10.615 10.589 10.600 10.622 10.661    0.112 0.085 0.092 0.142 0.170  D 140387
   3489.82677 10.676 10.642 10.667 10.694 10.731    0.043 0.043 0.039 0.053 0.062  B 141018
   3491.85589 10.649 10.665 10.650 10.659 10.675    0.031 0.033 0.029 0.037 0.041  A 141382
   3495.84852 10.621 10.648 10.643 10.625 10.623    0.061 0.054 0.054 0.075 0.086  D 141706
   3499.75092 10.624 10.607 10.617 10.630 10.637    0.029 0.033 0.028 0.035 0.039  A 142151
   3501.79563 10.594 10.585 10.585 10.586 10.614    0.048 0.043 0.042 0.057 0.068  B 142502
   3504.72787 10.656 10.587 10.645 10.677 10.694    0.044 0.050 0.043 0.049 0.057  B 143013
   3508.83968 10.623 10.591 10.623 10.632 10.650    0.026 0.033 0.031 0.029 0.033  A 143306
   3511.70903 10.575 10.545 10.571 10.593 10.612    0.027 0.031 0.028 0.031 0.036  A 143694
   3516.75244 10.594 10.566 10.586 10.611 10.640    0.036 0.037 0.034 0.044 0.050  A 144212
   3520.70188 10.620 10.642 10.611 10.627 10.642    0.060 0.114 0.056 0.070 0.073  D 144694
   3522.72964 10.636 10.623 10.649 10.631 10.655    0.035 0.053 0.037 0.039 0.043  A 145052
   3524.75918 10.632 10.677 10.626 10.642 10.660    0.044 0.072 0.047 0.050 0.055  B 145380
   3526.78045 10.603 10.589 10.594 10.609 10.623    0.035 0.060 0.038 0.039 0.043  A 145726
   3528.82219 10.584 10.510 10.558 10.611 10.629    0.049 0.080 0.049 0.056 0.065  D 146071
   3537.76415 10.619 10.536 10.587 10.634 10.648    0.030 0.052 0.034 0.035 0.039  A 146754
   3547.74523 10.566 10.499 10.548 10.572 10.577    0.031 0.057 0.033 0.036 0.039  A 148071
   3551.73260 10.600 10.643 10.596 10.603 10.626    0.047 0.074 0.048 0.052 0.060  B 148340
   3554.71177 10.608 10.592 10.610 10.623 10.628    0.025 0.034 0.029 0.028 0.032  A 148781
   3556.77341 10.598 10.576 10.566 10.605 10.610    0.027 0.035 0.028 0.032 0.037  A 149110
   3559.80651 10.530 10.545 10.522 10.516 10.506    0.062 0.058 0.057 0.073 0.085  D 149463
   3562.57426 10.504 10.481 10.493 10.519 10.534    0.027 0.037 0.026 0.031 0.035  A 149892
   3564.61170 10.459 10.463 10.446 10.468 10.476    0.025 0.031 0.027 0.029 0.033  A 150240
   3571.59978 10.510 10.489 10.492 10.520 10.526    0.032 0.035 0.033 0.039 0.044  A 150893
   3573.78494 10.550 10.552 10.545 10.565 10.586    0.037 0.046 0.041 0.042 0.050  A 151161
   3576.55665 10.619 10.630 10.629 10.625 10.647    0.027 0.045 0.030 0.031 0.034  A 151614
   3578.58580 10.605 10.541 10.588 10.616 10.623    0.026 0.044 0.029 0.029 0.033  A 151957
   3583.64222 10.647 10.653 10.640 10.662 10.678    0.029 0.031 0.029 0.033 0.036  A 152836
   3585.70444 10.612 10.615 10.601 10.623 10.635    0.029 0.037 0.029 0.032 0.036  A 153202
   3587.71294 10.585 10.582 10.557 10.603 10.613    0.029 0.033 0.031 0.035 0.040  A 153549
   3590.55385 10.483 10.438 10.467 10.500 10.510    0.025 0.035 0.027 0.029 0.033  A 153984
   3592.56021 10.451 10.383 10.441 10.462 10.470    0.042 0.088 0.049 0.044 0.046  D 154339
   3599.63373 10.472 10.452 10.475 10.483 10.497    0.029 0.032 0.030 0.035 0.040  A 155265
   3601.68951 10.479 10.395 10.455 10.495 10.520    0.038 0.069 0.040 0.044 0.049  B 155573
   3603.69114 10.493 10.458 10.493 10.505 10.512    0.030 0.033 0.031 0.036 0.041  A 155902
   3607.51557 10.508 10.442 10.487 10.515 10.526    0.032 0.061 0.036 0.036 0.039  A 156237
   3616.62822 10.565 10.543 10.566 10.575 10.579    0.039 0.039 0.039 0.043 0.048  A 157055
   3619.54676 10.553 10.498 10.545 10.560 10.565    0.032 0.050 0.033 0.037 0.041  A 157405
   3621.59852 10.537 10.564 10.538 10.535 10.555    0.037 0.060 0.038 0.041 0.046  A 157726
   3629.61050 10.552 10.493 10.538 10.566 10.589    0.034 0.037 0.033 0.040 0.047  A 158609
   3631.60811 10.542 10.553 10.534 10.553 10.558    0.037 0.041 0.035 0.043 0.049  A 158947
   3634.55673 10.612 10.643 10.608 10.627 10.635    0.037 0.059 0.039 0.042 0.046  A 159352
   3637.59344 10.629 10.652 10.619 10.650 10.659    0.032 0.039 0.035 0.036 0.041  A 159694
   3641.54391 10.682 10.631 10.675 10.692 10.695    0.027 0.041 0.030 0.032 0.036  A 160145
   3643.58447 10.682 10.670 10.663 10.704 10.727    0.026 0.039 0.030 0.031 0.035  A 160439
   3647.53952 10.616 10.585 10.604 10.627 10.633    0.025 0.033 0.029 0.029 0.033  A 160871
   3654.49555 10.635 10.715 10.640 10.645 10.666    0.041 0.084 0.045 0.046 0.050  D 161834
   3656.54660 10.599 10.579 10.586 10.625 10.649    0.029 0.032 0.028 0.036 0.040  A 162149
   3659.52273 10.630 10.622 10.615 10.638 10.648    0.033 0.039 0.033 0.040 0.046  A 162592
   3662.50774 10.709 10.714 10.694 10.729 10.749    0.041 0.048 0.039 0.050 0.058  B 163026
   3664.53570 10.738 10.746 10.737 10.748 10.755    0.033 0.054 0.034 0.039 0.044  A 163325
   3669.49761 10.773 10.748 10.734 10.795 10.811    0.031 0.042 0.033 0.036 0.041  A 163928
   3672.50153 10.689 10.656 10.682 10.700 10.717    0.027 0.036 0.028 0.031 0.035  A 164355
   3675.50064 10.602 10.546 10.591 10.610 10.640    0.031 0.034 0.030 0.037 0.042  A 164789
   3774.88454 10.521 10.557 10.520 10.523 10.527    0.037 0.039 0.032 0.044 0.050  A 177582
   3791.85949 10.594 10.509 10.574 10.612 10.617    0.040 0.065 0.040 0.047 0.052  B 179473
   3795.85664 10.506 10.517 10.500 10.523 10.534    0.030 0.034 0.029 0.034 0.038  A 180053
   3799.85131 10.461 10.389 10.449 10.472 10.475    0.041 0.071 0.043 0.044 0.048  B 180605
   3803.85712 10.521 10.479 10.496 10.551 10.583    0.039 0.039 0.035 0.049 0.057  B 181099
   3806.86676 10.564 10.529 10.548 10.575 10.585    0.031 0.034 0.030 0.037 0.041  A 181545
   3810.85435 10.858 10.836 10.856 10.861 10.872    0.051 0.070 0.049 0.060 0.069  B 182046
   3813.87699 10.637 10.620 10.622 10.660 10.678    0.039 0.063 0.040 0.044 0.049  B 182538
   3818.82422 10.703 10.707 10.704 10.710 10.715    0.040 0.063 0.041 0.046 0.051  B 183318
   3821.85416 10.705 10.780 10.724 10.701 10.713    0.036 0.058 0.039 0.041 0.047  A 183809
   3824.84515 10.682 10.645 10.672 10.703 10.731    0.034 0.046 0.033 0.040 0.045  A 184302
   3827.83426 10.666 10.630 10.658 10.679 10.689    0.029 0.039 0.029 0.034 0.039  A 184806
   3830.84230 10.627 10.691 10.618 10.653 10.668    0.039 0.060 0.040 0.045 0.051  A 185313
   3833.80733 10.570 10.504 10.533 10.593 10.603    0.041 0.055 0.039 0.048 0.055  B 185828
   3836.81463 10.565 10.540 10.568 10.571 10.578    0.039 0.035 0.035 0.048 0.057  B 186338
   3848.83413 10.560 10.597 10.556 10.561 10.568    0.060 0.098 0.061 0.068 0.076  D 186980
   3851.77454 10.688 10.667 10.683 10.700 10.725    0.028 0.038 0.028 0.032 0.036  A 187484
   3853.83326 10.647 10.593 10.618 10.665 10.686    0.039 0.070 0.045 0.042 0.046  B 187854
   3856.75702 10.638 10.615 10.626 10.651 10.662    0.039 0.077 0.045 0.042 0.045  B 188274
   3858.83528 10.581 10.602 10.588 10.586 10.612    0.037 0.063 0.038 0.043 0.048  B 188592
   3861.74872 10.598 10.596 10.589 10.618 10.629    0.029 0.043 0.032 0.033 0.037  A 189052
   3863.78301 10.594 10.528 10.580 10.607 10.620    0.030 0.052 0.032 0.034 0.038  A 189399
   3865.76783 10.638 10.653 10.633 10.653 10.671    0.029 0.031 0.028 0.035 0.039  A 189746
   3867.77010 10.668 10.620 10.655 10.667 10.674    0.037 0.060 0.040 0.043 0.048  A 190065
   3872.77632 10.726 10.674 10.716 10.732 10.737    0.035 0.046 0.036 0.042 0.048  A 190977
   3875.88132 10.714 10.707 10.719 10.722 10.732    0.067 0.073 0.062 0.080 0.094  D 191251
   3881.74742 10.663 10.665 10.661 10.668 10.681    0.031 0.033 0.030 0.037 0.043  A 192029
   3886.75181 10.560 10.572 10.564 10.557 10.569    0.029 0.051 0.032 0.033 0.036  A 192508
   3890.75635 10.503 10.545 10.513 10.495 10.497    0.083 0.077 0.073 0.101 0.121  D 193216
   3892.71977 10.573 10.553 10.565 10.596 10.619    0.026 0.031 0.027 0.031 0.036  A 193551
   3894.71412 10.578 10.550 10.576 10.580 10.582    0.027 0.034 0.030 0.031 0.036  A 193880
   3901.72196 10.731 10.717 10.724 10.746 10.760    0.031 0.046 0.033 0.036 0.040  A 194873
   3903.73189 10.692 10.658 10.680 10.709 10.713    0.031 0.055 0.035 0.036 0.040  A 195253
   3905.72378 10.705 10.663 10.699 10.720 10.734    0.037 0.074 0.042 0.040 0.043  B 195627
   3907.73939 10.706 10.629 10.688 10.721 10.751    0.035 0.072 0.039 0.039 0.042  B 196019
   3909.85130 10.686 10.608 10.683 10.697 10.720    0.033 0.047 0.034 0.039 0.044  A 196446
   3913.80729 10.645 10.634 10.645 10.656 10.676    0.030 0.031 0.029 0.034 0.038  A 196993
   4135.88214 10.711 10.668 10.688 10.731 10.745    0.053 0.081 0.051 0.064 0.071  D 212937
   4146.87752 10.688 10.678 10.661 10.709 10.730    0.041 0.052 0.040 0.048 0.055  B 214493
   4151.88155 10.876 10.869 10.882 10.882 10.903    0.033 0.037 0.031 0.039 0.045  A 215048
   4155.87709 10.517 10.484 10.528 10.524 10.548    0.034 0.058 0.034 0.039 0.043  A 215645
   4159.85555 10.533 10.545 10.543 10.543 10.557    0.036 0.046 0.035 0.042 0.047  A 216220
   4163.84320 10.717 10.716 10.709 10.736 99.999    0.054 0.070 0.052 0.065 0.072  D 216827
   4166.88916 10.772 10.762 10.752 10.790 10.804    0.043 0.050 0.039 0.050 0.057  B 217234
   4174.83482 10.727 10.728 10.709 10.741 10.757    0.034 0.054 0.038 0.037 0.043  A 218295
   4177.86440 10.609 10.545 10.586 10.619 10.630    0.041 0.069 0.045 0.045 0.051  B 218683
   4180.86886 10.471 10.439 10.469 10.480 10.490    0.049 0.055 0.046 0.059 0.069  B 219066
   4183.89940 10.366 10.300 10.367 10.379 10.386    0.044 0.069 0.057 0.051 0.058  D 219492
   4187.87151 99.999 10.395 10.398 99.999 99.999    0.038 0.041 0.041 0.044 0.052  C 219870
   4190.84637 10.468 10.475 10.468 10.471 10.483    0.030 0.038 0.033 0.035 0.040  A 220304
   4193.81137 10.572 10.565 10.560 10.595 10.610    0.036 0.045 0.038 0.043 0.049  A 220792
   4202.82065 10.634 10.619 10.625 10.647 10.649    0.035 0.040 0.035 0.042 0.050  A 221691
   4204.85426 10.557 10.519 10.560 10.566 10.587    0.035 0.040 0.036 0.039 0.043  A 222023
   4208.81461 10.459 10.452 10.439 10.475 10.511    0.043 0.040 0.040 0.053 0.063  B 222393
   4213.83579 10.463 10.419 10.451 10.478 10.492    0.036 0.040 0.035 0.043 0.049  A 222653
   4216.83378 10.461 10.426 10.454 10.479 10.494    0.031 0.039 0.034 0.034 0.038  A 222935
   4227.80504 10.586 10.536 10.571 10.598 10.604    0.033 0.047 0.039 0.038 0.045  A 223215
   4229.80501 10.538 10.547 10.527 10.552 10.564    0.034 0.050 0.037 0.039 0.044  A 223571
   4231.80412 10.477 10.512 10.475 10.486 10.506    0.034 0.039 0.033 0.038 0.043  A 223929
   4233.81413 10.445 10.442 10.435 10.444 10.451    0.038 0.043 0.038 0.044 0.052  B 224278
   4235.85027 10.443 10.412 10.427 10.455 10.468    0.030 0.044 0.032 0.036 0.040  A 224657
   4238.71912 10.386 10.396 10.388 10.391 10.387    0.038 0.044 0.039 0.043 0.050  A 225040
   4245.70333 10.347 10.331 10.343 10.358 10.363    0.060 0.056 0.055 0.074 0.088  D 226060
   4247.67442 10.377 10.372 10.363 10.391 99.999    0.027 0.038 0.032 0.032 0.035  C 226415
   4255.72863 10.574 10.608 10.555 10.584 10.593    0.037 0.039 0.037 0.042 0.047  A 227106
   4258.65725 10.599 10.586 10.588 10.611 10.616    0.028 0.035 0.031 0.033 0.038  A 227522
   4269.74375 10.348 10.335 10.330 10.364 10.377    0.034 0.051 0.038 0.039 0.045  A 228189
   4272.71569 99.999 99.999 99.999 99.999 99.999    0.037 0.043 0.040 0.041 0.045  C 228405
   4274.70464 10.291 10.274 10.283 10.300 10.305    0.036 0.041 0.039 0.040 0.044  A 228712
   4277.64315 10.320 10.308 10.317 10.329 10.336    0.030 0.041 0.035 0.033 0.038  A 229006
   4282.65583 10.516 10.493 10.497 10.539 10.564    0.046 0.045 0.042 0.056 0.065  B 229476
   4284.66086 10.627 10.588 10.607 10.640 10.656    0.032 0.046 0.035 0.038 0.043  A 229812
   4286.65426 10.649 10.655 10.645 10.651 10.644    0.082 0.069 0.072 0.103 0.125  D 230175
   4290.65267 10.666 10.657 10.683 10.684 10.689    0.032 0.041 0.037 0.035 0.038  A 230500
   4292.62795 10.631 10.573 10.643 10.637 10.653    0.028 0.039 0.034 0.032 0.035  A 230868
   4296.62996 10.489 10.451 10.480 10.503 10.517    0.033 0.035 0.033 0.038 0.042  A 231566
   4298.63533 10.444 10.399 10.434 10.451 10.461    0.035 0.038 0.035 0.042 0.051  A 231925
   4300.60116 10.388 10.408 10.387 10.402 10.403    0.037 0.040 0.036 0.043 0.048  A 232270
   4302.64947 10.400 10.392 10.377 10.421 10.435    0.030 0.042 0.034 0.035 0.040  A 232599
   4304.59247 10.390 10.376 10.392 10.404 10.408    0.030 0.040 0.036 0.034 0.038  A 232941
   4309.57806 10.485 10.523 10.468 10.522 10.535    0.039 0.042 0.037 0.048 0.058  B 233772
   4311.62107 10.539 10.539 10.531 10.554 10.578    0.034 0.050 0.039 0.040 0.045  A 234053
   4314.63214 10.584 10.585 10.570 10.542 10.566    0.092 0.086 0.084 0.112 0.133  D 234378
   4316.67959 10.638 10.617 10.622 10.645 10.653    0.030 0.040 0.034 0.036 0.040  A 234659
   4319.66252 10.649 10.637 10.626 10.669 10.684    0.029 0.045 0.035 0.035 0.039  A 234991
   4329.64717 10.531 10.491 10.529 10.534 10.546    0.033 0.039 0.036 0.038 0.042  A 235140
   4331.57781 10.508 10.485 10.501 10.525 10.530    0.028 0.041 0.033 0.031 0.036  A 235474
   4337.50175 10.572 10.540 10.562 10.589 10.610    0.036 0.046 0.040 0.041 0.045  A 236328
   4339.67782 10.553 10.558 10.519 10.565 10.571    0.036 0.045 0.038 0.043 0.050  A 236604
   4342.50987 10.647 10.594 10.644 10.658 10.668    0.034 0.048 0.037 0.039 0.045  A 237053
   4344.52399 10.651 10.619 10.634 10.656 10.661    0.029 0.047 0.032 0.034 0.039  A 237399
   4346.52750 10.665 10.633 10.664 10.669 10.686    0.028 0.041 0.029 0.034 0.038  A 237741
   4348.54769 10.644 10.595 10.629 10.645 10.646    0.030 0.047 0.033 0.033 0.037  A 238102
   4350.55202 10.632 10.640 10.620 10.648 10.661    0.032 0.040 0.033 0.037 0.042  A 238421
   4352.56532 10.585 10.571 10.588 10.594 10.589    0.029 0.037 0.032 0.033 0.037  A 238737
   4355.56880 10.541 10.530 10.515 10.560 10.576    0.029 0.040 0.033 0.033 0.037  A 239148
   4357.57940 10.494 10.499 10.471 10.505 10.516    0.032 0.038 0.035 0.036 0.039  A 239442
   4364.49228 10.561 10.532 10.556 10.578 10.590    0.028 0.037 0.033 0.033 0.037  A 240456
   4367.58990 10.583 10.515 10.589 10.599 10.624    0.036 0.041 0.038 0.042 0.049  A 240830
   4372.53254 10.615 10.596 10.617 10.615 10.621    0.040 0.042 0.038 0.047 0.053  B 241597
   4375.55760 10.646 10.618 10.641 10.661 10.672    0.030 0.036 0.032 0.033 0.037  A 241932
   4377.56462 10.647 10.634 10.645 10.649 10.667    0.030 0.041 0.032 0.034 0.039  A 242246
   4379.57817 10.608 10.563 10.612 10.612 10.614    0.033 0.054 0.037 0.038 0.042  A 242556
   4385.51467 10.493 10.478 10.488 10.506 10.515    0.030 0.044 0.036 0.033 0.037  A 243448
   4392.50247 10.367 10.349 10.369 10.378 10.393    0.032 0.039 0.030 0.038 0.042  A 244475
   4402.49845 10.557 10.561 10.557 10.572 10.585    0.039 0.060 0.041 0.044 0.050  A 245075
   4503.88171 10.641 10.630 10.649 10.646 10.647    0.035 0.055 0.039 0.040 0.045  A 255648
   4507.87597 10.487 10.450 10.485 10.499 10.502    0.043 0.056 0.044 0.051 0.061  B 256222
   4511.87395 10.331 10.294 10.328 10.336 10.354    0.035 0.045 0.037 0.041 0.045  A 256758
   4518.85072 10.450 10.398 10.443 10.463 10.476    0.041 0.045 0.039 0.049 0.057  B 257485
   4521.88601 10.575 10.544 10.574 10.588 10.605    0.032 0.041 0.034 0.038 0.043  A 257928
   4529.84938 10.722 10.691 10.711 10.732 10.742    0.029 0.038 0.031 0.034 0.038  A 259105
   4533.87030 10.629 10.612 10.624 10.646 10.656    0.032 0.036 0.033 0.038 0.045  A 259653
   4537.83333 10.516 10.495 10.518 10.525 10.534    0.030 0.042 0.035 0.035 0.039  A 260147
   4540.86368 10.463 10.445 10.436 10.472 10.471    0.038 0.046 0.038 0.044 0.051  A 260584
   4546.85708 10.504 10.524 10.504 10.514 10.521    0.043 0.067 0.046 0.050 0.056  B 261511
   4559.82446 10.496 10.496 10.495 10.498 10.502    0.031 0.045 0.035 0.036 0.040  A 263417
   4562.83118 10.454 10.416 10.449 10.461 10.470    0.033 0.045 0.035 0.038 0.043  A 263923
   4565.81611 10.438 10.410 10.421 10.448 10.458    0.032 0.046 0.034 0.036 0.041  A 264418
   4568.80916 10.402 10.368 10.393 10.417 10.426    0.044 0.050 0.044 0.048 0.053  B 264884
   4571.77508 10.426 10.396 10.448 10.431 10.434    0.038 0.040 0.039 0.042 0.047  A 265381
   4573.81116 10.449 10.451 10.445 10.467 10.471    0.035 0.042 0.036 0.041 0.048  A 265738
#ndata= 4
#dataset= 4 ; 1 F1704-24_230
#desig= 171626-3117.0
#cra=   17.273915  17:16:26.1
#cdec= -31.283673 -31:17:01.2
#class= 0
#cmag_0= 10.453
#cmer_0=  0.033
#nskip_0= 0
#cmag_1= 10.567
#cmer_1=  0.034
#nskip_1= 0
#cmag_2= 10.568
#cmer_2=  0.029
#nskip_2= 0
#cmag_3= 10.561
#cmer_3=  0.034
#nskip_3= 0
#cmag_4= 10.561
#cmer_4=  0.032
#nskip_4= 0
#ra=   17.273915  17:16:26.1
#dec= -31.283673 -31:17:01.2
#     HJD      MAG_2  MAG_0  MAG_1  MAG_3  MAG_4    MER_2 MER_0 MER_1 MER_3 MER_4 GRADE FRAME
   1954.84836 10.596 10.486 10.601 10.595 10.593    0.048 0.062 0.053 0.054 0.060  A 9943
   2180.49550 10.663 10.556 10.657 10.635 10.653    0.050 0.064 0.049 0.060 0.069  A 33731
   3449.86341 10.506 10.401 10.502 10.485 10.479    0.051 0.060 0.048 0.061 0.065  B 135148
   3452.85817 10.540 10.421 10.534 10.526 10.529    0.039 0.059 0.039 0.047 0.053  A 135571
#ndata= 3
#dataset= 5 ; 1 F1736-24_231
#desig= 171626-3116.9
#cra=   17.273957  17:16:26.2
#cdec= -31.282404 -31:16:56.7
#class= 0
#cmag_0= 10.609
#cmer_0=  0.035
#nskip_0= 0
#cmag_1= 10.621
#cmer_1=  0.056
#nskip_1= 0
#cmag_2= 10.593
#cmer_2=  0.077
#nskip_2= 0
#cmag_3= 10.621
#cmer_3=  0.084
#nskip_3= 0
#cmag_4= 10.629
#cmer_4=  0.096
#nskip_4= 0
#ra=   17.273957  17:16:26.2
#dec= -31.282404 -31:16:56.7
#     HJD      MAG_2  MAG_0  MAG_1  MAG_3  MAG_4    MER_2 MER_0 MER_1 MER_3 MER_4 GRADE FRAME
   1954.87604 10.670 10.614 10.689 10.698 10.714    0.051 0.060 0.056 0.060 0.066  B 9955
   3449.88044 10.559 10.664 10.610 10.578 10.578    0.056 0.058 0.050 0.069 0.077  B 135155
   3453.80594 10.552 10.550 10.562 10.589 10.598    0.051 0.054 0.047 0.064 0.075  A 135706
