#ndata= 20
#dataset= 1 ; 1 F1720-72_031
#desig= 173918-6655.1
#cra=   17.654896  17:39:17.6
#cdec= -66.918751 -66:55:07.5
#class= 0
#cmag_0= 10.837
#cmer_0=  0.202
#nskip_0= 2
#cmag_1= 10.707
#cmer_1=  0.044
#nskip_1= 8
#cmag_2= 10.709
#cmer_2=  0.048
#nskip_2= 8
#cmag_3= 10.718
#cmer_3=  0.048
#nskip_3= 8
#cmag_4= 10.726
#cmer_4=  0.059
#nskip_4= 8
#ra=   17.654896  17:39:17.6
#dec= -66.918751 -66:55:07.5
#     HJD      MAG_2  MAG_0  MAG_1  MAG_3  MAG_4    MER_2 MER_0 MER_1 MER_3 MER_4 GRADE FRAME
   2087.61244 11.042 11.089 11.039 11.052 11.065    0.032 0.059 0.034 0.036 0.040  A 24251
   2093.54061 10.783 10.734 10.786 10.801 10.817    0.030 0.051 0.031 0.035 0.039  A 24671
   2102.56172 10.677 10.650 10.657 10.687 10.704    0.028 0.048 0.031 0.033 0.036  A 25630
   2104.59037 10.668 10.658 10.665 10.672 10.670    0.030 0.041 0.032 0.036 0.039  A 25991
   2106.58920 10.677 10.651 10.682 10.683 10.694    0.028 0.044 0.031 0.031 0.035  A 26415
   2109.58200 10.642 10.667 10.642 10.651 10.652    0.027 0.042 0.030 0.030 0.034  A 26584
   2115.54452 10.672 10.663 10.700 10.677 10.658    0.027 0.040 0.030 0.030 0.035  A 26827
   2116.55253 10.689 10.652 10.676 10.702 10.696    0.027 0.035 0.030 0.031 0.034  A 27049
   2117.55140 10.695 10.689 10.705 10.700 10.688    0.027 0.034 0.029 0.031 0.035  A 27270
   2125.54772 10.738 10.753 10.717 10.754 10.765    0.032 0.050 0.033 0.037 0.043  A 27825
   2128.52898 10.777 10.804 10.763 10.778 10.810    0.029 0.042 0.032 0.032 0.035  A 27891
   2135.51630 10.937 10.939 10.938 10.957 10.949    0.029 0.044 0.032 0.033 0.038  A 29375
   2140.50585 11.007 10.955 11.006 11.005 11.016    0.038 0.057 0.041 0.043 0.049  A 30128
   2142.50436 11.051 11.085 11.062 11.069 11.080    0.030 0.055 0.035 0.034 0.037  A 30542
   2144.49581 11.116 11.100 11.130 11.117 11.139    0.031 0.053 0.035 0.035 0.039  A 30947
   2151.47929 11.355 11.331 11.333 11.376 11.381    0.039 0.062 0.040 0.048 0.055  A 31320
   2853.70080 12.782 12.825 12.762 12.801 12.847    0.023 0.029 0.027 0.027 0.030  A 65688
   2894.58536 29.999 29.999 29.999 29.999 29.999    0.029 0.037 0.030 0.032 0.036  C 71056
   3448.85775 11.989 12.010 11.992 11.982 11.920    0.054 0.098 0.058 0.059 0.065  D 134979
   3452.81464 11.406 11.431 11.437 11.392 11.402    0.038 0.047 0.041 0.044 0.049  A 135555
#ndata= 412
#dataset= 2 ; 1 F1700-64_053
#desig= 173918-6655.0
#cra=   17.655065  17:39:18.2
#cdec= -66.915908 -66:54:57.3
#class= 0
#cmag_0= 12.067
#cmer_0=  1.021
#nskip_0= 0
#cmag_1= 12.062
#cmer_1=  1.020
#nskip_1= 0
#cmag_2= 12.070
#cmer_2=  1.039
#nskip_2= 0
#cmag_3= 12.083
#cmer_3=  1.053
#nskip_3= 0
#cmag_4= 12.077
#cmer_4=  1.048
#nskip_4= 0
#ra=   17.655065  17:39:18.2
#dec= -66.915908 -66:54:57.3
#     HJD      MAG_0  MAG_1  MAG_2  MAG_3  MAG_4    MER_0 MER_1 MER_2 MER_3 MER_4 GRADE FRAME
   1932.87622 12.378 12.284 12.269 12.246 12.235    0.041 0.037 0.033 0.038 0.043  A 7531
   1935.87131 12.531 12.497 12.580 12.630 12.597    0.038 0.033 0.028 0.032 0.036  A 7972
   1938.85618 12.641 12.744 12.759 12.798 12.839    0.037 0.033 0.028 0.032 0.035  A 8328
   1946.88504 13.347 13.247 13.245 13.252 13.342    0.039 0.033 0.030 0.035 0.040  A 8873
   1949.84577 13.383 13.409 13.338 13.314 13.347    0.045 0.036 0.033 0.038 0.043  A 9280
   1953.84587 13.332 13.408 13.550 13.590 13.551    0.047 0.042 0.035 0.038 0.042  A 9764
   1954.83736 29.999 29.999 29.999 29.999 29.999    0.050 0.042 0.036 0.042 0.045  C 9938
   1958.89902 29.999 29.999 29.999 29.999 29.999    0.055 0.050 0.043 0.049 0.050  C 10317
   1962.80019 29.999 29.999 29.999 29.999 29.999    0.058 0.053 0.048 0.051 0.053  C 10700
   1964.81406 13.835 13.908 14.057 14.252 14.136    0.039 0.036 0.028 0.031 0.034  A 11069
   1976.90821 29.999 29.999 29.999 29.999 29.999    0.065 0.055 0.047 0.052 0.051  C 11892
   1984.81977 29.999 29.999 29.999 29.999 29.999    0.065 0.056 0.045 0.051 0.049  C 13043
   1985.82777 29.999 29.999 29.999 29.999 29.999    0.060 0.053 0.043 0.048 0.047  C 13237
   1995.81073 29.999 29.999 29.999 29.999 29.999    0.078 0.067 0.055 0.058 0.057  D 13719
   2000.80844 29.999 29.999 29.999 29.999 29.999    0.082 0.069 0.055 0.057 0.057  D 14721
   2008.71654 29.999 29.999 29.999 29.999 29.999    0.080 0.069 0.058 0.061 0.063  D 15204
   2027.73701 29.999 29.999 29.999 29.999 29.999    0.050 0.033 0.032 0.036 0.040  C 17670
   2031.73730 29.999 29.999 29.999 29.999 29.999    0.046 0.031 0.030 0.035 0.039  C 18056
   2032.71990 29.999 29.999 29.999 29.999 29.999    0.040 0.029 0.028 0.032 0.036  C 18270
   2033.70958 29.999 29.999 29.999 29.999 29.999    0.047 0.031 0.029 0.033 0.037  C 18486
   2037.68182 29.999 29.999 29.999 29.999 29.999    0.073 0.041 0.040 0.047 0.051  C 18991
   2053.69748 29.999 29.999 29.999 29.999 29.999    0.062 0.036 0.033 0.037 0.042  C 20052
   2054.68888 29.999 29.999 29.999 29.999 29.999    0.073 0.041 0.039 0.045 0.049  C 20269
   2055.67329 13.846 13.636 13.604 13.556 13.323    0.062 0.034 0.033 0.038 0.042  A 20483
   2056.67452 14.088 14.058 14.078 14.021 13.703    0.068 0.037 0.034 0.039 0.044  B 20711
   2057.67033 29.999 29.999 29.999 29.999 29.999    0.069 0.037 0.035 0.039 0.044  C 20937
   2058.66945 13.843 13.813 13.989 14.245 14.249    0.040 0.028 0.028 0.033 0.038  A 21166
   2068.63725 13.294 13.204 13.218 13.380 13.382    0.065 0.039 0.036 0.040 0.044  B 22075
   2069.64661 13.052 13.029 13.055 13.087 13.122    0.066 0.037 0.034 0.039 0.043  B 22302
   2070.63919 12.959 12.894 12.832 12.782 12.812    0.060 0.034 0.032 0.036 0.039  A 22528
   2071.67174 12.855 13.007 13.213 13.433 13.750    0.066 0.047 0.050 0.060 0.068  B 22730
   2080.53436 11.714 11.696 11.691 11.694 11.699    0.075 0.041 0.038 0.042 0.045  B 22851
   2081.61864 11.517 11.552 11.567 11.585 11.597    0.048 0.031 0.030 0.034 0.038  A 23114
   2082.63432 11.479 11.472 11.489 11.513 11.574    0.059 0.036 0.034 0.039 0.043  A 23345
   2085.60718 11.191 11.190 11.199 11.232 11.231    0.040 0.030 0.028 0.033 0.038  A 23805
   2086.61082 10.996 11.044 11.088 11.116 11.119    0.056 0.033 0.032 0.037 0.041  A 24030
   2087.60617 10.986 11.023 11.040 11.052 11.064    0.066 0.038 0.035 0.041 0.045  B 24248
   2088.60494 10.914 10.956 10.977 11.012 11.040    0.061 0.034 0.033 0.037 0.042  A 24476
   2094.57285 10.748 10.753 10.762 10.766 10.771    0.066 0.038 0.035 0.041 0.045  B 24973
   2096.58212 10.731 10.748 10.771 10.790 10.807    0.066 0.042 0.041 0.047 0.051  B 25426
   2103.57949 10.586 10.645 10.672 10.695 10.713    0.055 0.036 0.034 0.039 0.044  A 25784
   2105.57181 10.703 10.677 10.686 10.699 10.708    0.054 0.035 0.032 0.037 0.042  A 26203
   2128.52004 10.767 10.778 10.785 10.793 10.825    0.055 0.036 0.034 0.038 0.042  A 27887
   2129.55291 10.793 10.784 10.780 10.779 10.773    0.053 0.034 0.032 0.037 0.040  A 28118
   2131.49057 10.824 10.828 10.824 10.831 10.827    0.064 0.036 0.033 0.038 0.042  B 28504
   2156.50951 11.536 11.516 11.545 11.555 11.543    0.050 0.037 0.032 0.037 0.041  A 31595
   2164.50247 11.845 11.871 11.892 11.895 11.885    0.036 0.033 0.031 0.037 0.041  A 31908
   2168.55562 12.024 11.983 12.011 12.006 11.969    0.070 0.085 0.088 0.103 0.097  D 32230
   2172.49532 12.241 12.217 12.211 12.197 12.187    0.047 0.034 0.032 0.037 0.042  A 32734
   2176.53382 12.227 12.226 12.258 12.367 12.276    0.084 0.086 0.099 0.122 0.148  D 33339
   2178.53753 12.486 12.492 12.501 12.508 12.466    0.047 0.036 0.032 0.036 0.040  A 33559
   2180.53535 12.611 12.622 12.646 12.638 12.644    0.053 0.039 0.038 0.042 0.047  A 33748
   2184.54717 12.855 12.808 12.868 12.900 12.811    0.058 0.056 0.055 0.066 0.072  B 34042
   2193.48461 13.339 13.254 13.225 13.201 13.202    0.069 0.061 0.067 0.081 0.094  D 35406
   2197.48607 13.472 13.650 13.846 14.125 14.192    0.073 0.075 0.077 0.078 0.085  D 36079
   2203.50261 13.567 13.460 13.438 13.444 13.466    0.055 0.041 0.037 0.041 0.044  A 37028
   2482.55155 29.999 29.999 29.999 29.999 29.999    0.070 0.058 0.047 0.048 0.048  C 13119
   2489.53176 29.999 29.999 29.999 29.999 29.999    0.050 0.047 0.042 0.046 0.050  C 13801
   2491.53566 29.999 29.999 29.999 29.999 29.999    0.073 0.061 0.050 0.048 0.048  C 14195
   2501.51843 29.999 29.999 29.999 29.999 29.999    0.066 0.056 0.045 0.047 0.047  C 15957
   2502.56200 29.999 29.999 29.999 29.999 29.999    0.049 0.044 0.036 0.038 0.038  C 16187
   2508.66771 29.999 29.999 29.999 29.999 29.999    0.030 0.031 0.029 0.034 0.038  C 16805
   2519.56102 29.999 29.999 29.999 29.999 29.999    0.084 0.072 0.058 0.055 0.053  D 17971
   2520.56468 13.288 13.239 13.265 13.349 13.379    0.032 0.029 0.023 0.026 0.029  A 18171
   2524.56703 12.998 13.093 13.141 13.184 13.191    0.042 0.040 0.033 0.035 0.036  A 18622
   2526.60240 12.869 12.755 12.772 12.821 12.840    0.032 0.026 0.024 0.027 0.030  A 18828
   2529.53892 12.426 12.419 12.423 12.456 12.478    0.087 0.065 0.052 0.055 0.054  D 19035
   2535.56097 11.466 11.456 11.432 11.438 11.430    0.034 0.025 0.024 0.027 0.030  A 19233
   2540.61907 11.023 10.977 11.003 11.019 11.012    0.032 0.030 0.029 0.033 0.038  A 19705
   2545.48271 10.742 10.786 10.794 10.806 10.816    0.036 0.029 0.029 0.032 0.034  A 20106
   2547.49062 10.704 10.720 10.720 10.734 10.745    0.039 0.032 0.029 0.032 0.034  A 20360
   2552.48933 10.616 10.661 10.644 10.653 10.655    0.063 0.051 0.042 0.045 0.044  B 21082
   2558.53071 10.622 10.594 10.627 10.634 10.637    0.039 0.035 0.028 0.030 0.031  A 22003
   2559.54394 10.593 10.590 10.593 10.629 10.630    0.035 0.032 0.030 0.034 0.037  A 22189
   2560.55841 10.612 10.575 10.579 10.601 10.598    0.045 0.031 0.030 0.035 0.039  A 22374
   2561.55782 10.645 10.639 10.638 10.644 10.640    0.032 0.029 0.028 0.033 0.037  A 22522
   2563.53730 10.583 10.629 10.588 10.615 10.599    0.030 0.031 0.026 0.029 0.032  A 22872
   2565.51977 10.598 10.603 10.623 10.604 10.597    0.033 0.028 0.027 0.031 0.033  A 23222
   2566.53854 10.615 10.662 10.647 10.657 10.648    0.036 0.030 0.031 0.036 0.039  A 23409
   2578.50970 10.665 10.658 10.661 10.644 10.646    0.038 0.036 0.030 0.032 0.033  A 24893
   2660.85936 29.999 29.999 29.999 29.999 29.999    0.035 0.032 0.033 0.039 0.042  C 36035
   2671.85196 29.999 29.999 29.999 29.999 29.999    0.032 0.028 0.028 0.029 0.032  C 37854
   2678.84857 29.999 29.999 29.999 29.999 29.999    0.028 0.025 0.024 0.028 0.030  C 39066
   2681.84857 29.999 29.999 29.999 29.999 29.999    0.032 0.031 0.031 0.035 0.038  C 39548
   2684.84048 29.999 29.999 29.999 29.999 29.999    0.032 0.027 0.026 0.031 0.034  C 40081
   2689.85872 29.999 29.999 29.999 29.999 29.999    0.034 0.036 0.040 0.045 0.050  C 41003
   2696.87984 29.999 29.999 29.999 29.999 29.999    0.038 0.040 0.036 0.037 0.040  C 42194
   2713.82878 29.999 29.999 29.999 29.999 29.999    0.030 0.033 0.035 0.041 0.046  C 45400
   2725.80248 29.999 29.999 29.999 29.999 29.999    0.029 0.028 0.027 0.030 0.033  C 47335
   2732.81517 29.999 29.999 29.999 29.999 29.999    0.035 0.046 0.047 0.052 0.053  C 48488
   2736.76141 14.098 14.014 14.071 14.182 14.265    0.027 0.028 0.028 0.033 0.036  A 49269
   2740.78262 14.018 14.032 14.101 14.149 14.342    0.027 0.028 0.026 0.028 0.029  A 50016
   2742.75920 29.999 29.999 29.999 29.999 29.999    0.032 0.033 0.032 0.037 0.043  C 50409
   2750.86620 13.380 13.349 13.339 13.331 13.277    0.034 0.031 0.031 0.035 0.038  A 51731
   2752.75815 13.284 13.276 13.235 13.182 13.289    0.035 0.040 0.042 0.050 0.057  A 52076
   2755.73853 12.742 12.705 12.742 12.802 12.815    0.031 0.034 0.036 0.041 0.044  A 52503
   2757.74225 12.226 12.252 12.301 12.349 12.383    0.036 0.040 0.041 0.049 0.054  A 52920
   2759.79834 11.999 11.956 11.979 11.979 11.985    0.027 0.028 0.026 0.029 0.032  A 53288
   2761.74702 11.737 11.680 11.696 11.709 11.705    0.044 0.045 0.046 0.054 0.059  B 53677
   2766.81908 11.293 11.375 11.388 11.388 11.395    0.037 0.044 0.046 0.053 0.058  A 54602
   2782.75383 10.900 10.931 10.934 10.930 10.924    0.031 0.030 0.028 0.030 0.032  A 55763
   2784.69876 10.909 10.915 10.919 10.933 10.934    0.027 0.029 0.028 0.032 0.034  A 56158
   2786.63602 10.913 10.950 10.942 10.945 10.960    0.031 0.036 0.039 0.042 0.045  A 56566
   2787.78997 10.989 10.995 10.997 11.003 11.023    0.029 0.031 0.029 0.032 0.033  A 56859
   2790.91073 10.989 11.085 11.075 11.061 11.042    0.033 0.028 0.028 0.032 0.035  A 57441
   2805.83552 11.123 11.091 11.115 11.125 11.096    0.041 0.037 0.035 0.041 0.047  A 59243
   2809.74006 11.159 11.160 11.156 11.144 11.141    0.039 0.040 0.041 0.041 0.042  A 59547
   2812.62534 11.127 11.126 11.091 11.100 11.106    0.035 0.040 0.042 0.048 0.055  A 60177
   2813.79539 11.169 11.162 11.182 11.171 11.156    0.038 0.029 0.030 0.032 0.034  A 60478
   2821.56845 11.320 11.288 11.287 11.267 11.241    0.035 0.039 0.041 0.049 0.054  A 61706
   2826.61554 11.475 11.499 11.468 11.476 11.493    0.028 0.029 0.022 0.025 0.027  A 62022
   2830.72788 11.652 11.655 11.661 11.677 11.682    0.037 0.037 0.035 0.042 0.048  A 62548
   2832.58317 11.666 11.708 11.702 11.720 11.692    0.031 0.032 0.030 0.035 0.038  A 62936
   2833.70341 11.775 11.750 11.765 11.757 11.790    0.034 0.036 0.032 0.039 0.044  A 63171
   2838.58850 11.994 12.024 11.996 12.006 12.001    0.027 0.031 0.028 0.031 0.032  A 63879
   2840.64481 12.123 12.105 12.116 12.126 99.999    0.031 0.030 0.027 0.031 0.033  C 64335
   2842.61977 12.223 12.333 12.358 12.392 12.434    0.036 0.037 0.035 0.040 0.044  A 64742
   2845.63222 12.301 12.391 12.342 12.339 12.310    0.028 0.027 0.022 0.025 0.028  A 65219
   2851.73132 12.704 12.616 12.624 12.658 12.661    0.025 0.026 0.023 0.027 0.030  A 65480
   2854.53122 12.852 12.865 12.898 12.909 12.848    0.025 0.026 0.021 0.024 0.027  A 65839
   2858.56255 13.325 13.289 13.218 13.215 13.297    0.028 0.031 0.027 0.031 0.032  A 66291
   2859.63934 13.415 13.358 13.356 13.397 13.436    0.031 0.032 0.027 0.031 0.035  A 66542
   2860.72010 13.423 13.491 13.515 13.458 13.406    0.032 0.032 0.032 0.038 0.042  A 66786
   2862.61241 13.369 13.604 13.809 13.908 13.834    0.032 0.034 0.034 0.040 0.044  A 67164
   2876.62944 29.999 29.999 29.999 29.999 29.999    0.028 0.027 0.025 0.029 0.032  C 68758
   2885.53712 29.999 29.999 29.999 29.999 29.999    0.028 0.028 0.026 0.030 0.033  C 69984
   2888.56205 13.994 14.097 14.186 14.118 13.960    0.032 0.030 0.025 0.029 0.032  A 70413
   2893.51807 29.999 29.999 29.999 29.999 29.999    0.042 0.033 0.033 0.035 0.038  C 70830
   2895.52846 29.999 29.999 29.999 29.999 29.999    0.037 0.034 0.026 0.028 0.031  C 71229
   2901.53264 29.999 29.999 29.999 29.999 29.999    0.061 0.061 0.066 0.076 0.087  D 72376
   2904.60934 29.999 29.999 29.999 29.999 29.999    0.037 0.032 0.033 0.038 0.042  C 72847
   2906.60787 29.999 29.999 29.999 29.999 29.999    0.026 0.024 0.024 0.028 0.032  C 73169
   2915.54041 29.999 29.999 29.999 29.999 29.999    0.035 0.029 0.028 0.033 0.037  C 74345
   2917.56601 29.999 29.999 29.999 29.999 29.999    0.032 0.030 0.029 0.034 0.037  C 74736
   2921.56528 29.999 29.999 29.999 29.999 29.999    0.032 0.033 0.037 0.045 0.052  C 75057
   2923.56266 29.999 29.999 29.999 29.999 29.999    0.032 0.031 0.032 0.037 0.043  C 75426
   2929.52567 29.999 29.999 29.999 29.999 29.999    0.030 0.027 0.027 0.031 0.034  C 76312
   2931.52988 29.999 29.999 29.999 29.999 29.999    0.028 0.027 0.028 0.033 0.037  C 76677
   2933.53378 29.999 29.999 29.999 29.999 29.999    0.033 0.029 0.029 0.033 0.036  C 77033
   2935.53508 29.999 29.999 29.999 29.999 29.999    0.036 0.030 0.034 0.040 0.045  C 77391
   3032.87368 10.809 10.768 10.770 10.771 10.775    0.039 0.039 0.043 0.053 0.060  A 88980
   3036.86310 10.782 10.817 10.800 10.801 10.805    0.031 0.031 0.030 0.036 0.041  A 89441
   3043.82839 10.964 10.982 10.988 10.976 10.951    0.039 0.039 0.044 0.053 0.061  A 89993
   3060.85410 11.732 11.741 11.743 11.747 11.732    0.028 0.025 0.026 0.031 0.035  A 92289
   3064.84381 12.017 12.033 12.017 11.996 11.959    0.029 0.030 0.031 0.037 0.041  A 92824
   3071.86576 12.398 12.354 12.311 12.295 12.325    0.029 0.030 0.031 0.037 0.042  A 93702
   3074.87663 12.561 12.512 12.531 12.567 12.607    0.027 0.029 0.029 0.035 0.040  A 94074
   3080.86843 12.884 12.905 12.929 12.947 12.852    0.026 0.027 0.025 0.030 0.034  A 94940
   3088.84268 13.114 13.063 12.956 12.850 12.785    0.028 0.028 0.028 0.034 0.038  A 95836
   3091.82684 13.684 13.718 13.877 14.110 14.052    0.029 0.030 0.031 0.036 0.041  A 96285
   3096.87982 13.722 13.892 14.050 14.080 14.075    0.028 0.026 0.026 0.030 0.034  A 96733
   3101.80873 29.999 29.999 29.999 29.999 29.999    0.032 0.033 0.035 0.043 0.050  C 97487
   3104.78734 29.999 29.999 29.999 29.999 29.999    0.029 0.029 0.029 0.034 0.039  C 97959
   3106.85060 29.999 29.999 29.999 29.999 29.999    0.032 0.033 0.035 0.041 0.047  C 98296
   3118.77533 29.999 29.999 29.999 29.999 29.999    0.058 0.046 0.040 0.045 0.052  C 99967
   3128.77980 29.999 29.999 29.999 29.999 29.999    0.035 0.036 0.038 0.044 0.051  C 101247
   3132.80820 29.999 29.999 29.999 29.999 29.999    0.031 0.033 0.034 0.040 0.046  C 101875
   3153.72234 29.999 29.999 29.999 29.999 29.999    0.028 0.029 0.029 0.035 0.040  C 103790
   3160.79120 29.999 29.999 29.999 29.999 29.999    0.046 0.051 0.060 0.073 0.084  D 104743
   3165.80239 29.999 29.999 29.999 29.999 29.999    0.042 0.046 0.054 0.066 0.075  C 105421
   3175.74236 29.999 29.999 29.999 29.999 29.999    0.027 0.027 0.027 0.032 0.036  C 106623
   3178.60734 29.999 29.999 29.999 29.999 29.999    0.025 0.027 0.026 0.032 0.036  C 107045
   3180.70502 29.999 29.999 29.999 29.999 29.999    0.028 0.028 0.030 0.035 0.039  C 107364
   3219.49885 11.521 11.542 11.530 11.530 11.516    0.034 0.034 0.028 0.031 0.035  A 109981
   3409.84913 29.999 29.999 29.999 29.999 29.999    0.048 0.034 0.034 0.041 0.046  C 129267
   3417.84365 29.999 29.999 29.999 29.999 29.999    0.046 0.040 0.038 0.043 0.048  C 130489
   3421.83773 29.999 29.999 29.999 29.999 29.999    0.078 0.051 0.048 0.054 0.058  C 131118
   3424.86215 29.999 29.999 29.999 29.999 29.999    0.047 0.037 0.038 0.044 0.052  C 131590
   3430.85231 13.724 13.727 13.871 14.014 14.057    0.059 0.038 0.035 0.040 0.045  A 132269
   3442.87557 12.871 12.905 12.957 12.982 12.886    0.033 0.030 0.028 0.033 0.037  A 133673
   3445.85606 12.402 12.413 12.362 12.335 12.327    0.039 0.034 0.033 0.036 0.041  A 134184
   3452.81464 11.406 11.431 11.414 11.390 11.403    0.052 0.042 0.039 0.045 0.049  A 135555
   3454.90091 11.258 11.261 11.251 11.251 11.257    0.047 0.037 0.036 0.045 0.050  A 135921
   3457.78134 11.037 11.041 11.040 11.045 11.043    0.051 0.038 0.036 0.042 0.046  A 136410
   3459.83629 10.870 10.856 10.865 10.877 10.884    0.030 0.030 0.028 0.033 0.037  A 136785
   3462.84662 10.677 10.691 10.691 10.716 10.720    0.036 0.034 0.033 0.039 0.045  A 137243
   3465.80730 10.626 10.617 10.625 10.642 10.651    0.037 0.030 0.029 0.034 0.039  A 137711
   3468.79388 10.539 10.605 10.593 10.601 10.600    0.041 0.032 0.029 0.034 0.037  A 138152
   3471.77600 10.538 10.627 10.606 10.609 10.603    0.030 0.030 0.027 0.032 0.036  A 138621
   3477.76714 10.608 10.661 10.642 10.635 10.638    0.038 0.032 0.031 0.036 0.040  A 139588
   3479.82740 10.718 10.709 10.704 10.703 10.715    0.088 0.056 0.054 0.061 0.066  B 139916
   3481.79862 10.718 10.703 10.711 10.705 10.703    0.036 0.032 0.033 0.041 0.047  A 140230
   3483.78368 10.749 10.761 10.728 10.736 10.734    0.040 0.034 0.033 0.039 0.045  A 140542
   3487.77849 10.869 10.793 10.783 10.776 10.788    0.047 0.051 0.061 0.073 0.082  D 140821
   3490.79776 10.910 10.909 10.877 10.855 10.839    0.037 0.036 0.039 0.048 0.056  A 141192
   3492.79986 11.016 11.083 11.068 11.072 11.058    0.050 0.039 0.039 0.043 0.047  A 141530
   3496.78458 11.136 11.153 11.147 11.157 11.156    0.033 0.031 0.028 0.031 0.035  A 141805
   3499.86151 11.280 11.294 11.301 11.320 11.318    0.038 0.033 0.032 0.037 0.042  A 142187
   3502.70779 11.419 11.373 11.368 11.351 11.331    0.059 0.043 0.041 0.045 0.048  A 142649
   3504.75680 11.469 11.454 11.465 11.461 11.497    0.071 0.062 0.065 0.074 0.081  D 143023
   3508.75808 11.679 11.695 11.659 11.662 11.639    0.030 0.031 0.026 0.030 0.033  A 143280
   3510.80996 11.769 11.803 11.828 11.866 11.869    0.031 0.031 0.027 0.031 0.034  A 143540
   3512.68512 12.003 11.977 11.936 11.922 11.929    0.041 0.035 0.032 0.037 0.042  A 143877
   3516.68933 12.268 12.212 12.281 12.307 12.274    0.041 0.041 0.043 0.050 0.060  A 144194
   3521.82474 12.726 12.748 12.781 12.824 12.814    0.040 0.035 0.035 0.041 0.045  A 144899
   3524.64576 12.804 12.874 12.888 12.901 12.790    0.042 0.039 0.038 0.043 0.048  A 145341
   3526.69675 12.919 12.803 12.748 12.669 12.665    0.046 0.037 0.038 0.043 0.048  A 145699
   3528.72300 12.900 12.852 12.824 12.769 12.743    0.085 0.053 0.049 0.054 0.058  B 146037
   3530.72300 13.214 13.125 13.190 13.282 13.283    0.037 0.035 0.035 0.039 0.043  A 146399
   3538.67311 13.378 13.506 13.449 13.384 13.275    0.036 0.032 0.029 0.033 0.037  A 146855
   3540.67015 13.784 13.715 13.723 13.809 13.854    0.035 0.032 0.032 0.039 0.045  A 147175
   3547.84689 13.470 13.313 13.249 13.182 12.954    0.050 0.043 0.046 0.056 0.064  B 148107
   3551.83646 29.999 29.999 29.999 29.999 29.999    0.042 0.036 0.034 0.038 0.041  C 148376
   3558.60144 29.999 29.999 29.999 29.999 29.999    0.064 0.047 0.048 0.055 0.062  C 149217
   3564.59827 29.999 29.999 29.999 29.999 29.999    0.033 0.031 0.027 0.031 0.035  C 150237
   3569.67396 29.999 29.999 29.999 29.999 29.999    0.030 0.030 0.028 0.033 0.038  C 150585
   3571.70009 29.999 29.999 29.999 29.999 29.999    0.033 0.033 0.032 0.038 0.044  C 150929
   3576.72113 29.999 29.999 29.999 29.999 29.999    0.033 0.030 0.029 0.034 0.038  C 151672
   3578.69851 29.999 29.999 29.999 29.999 29.999    0.037 0.032 0.030 0.034 0.038  C 151998
   3585.73072 29.999 29.999 29.999 29.999 29.999    0.035 0.030 0.029 0.035 0.039  C 153211
   3587.74135 29.999 29.999 29.999 29.999 29.999    0.034 0.032 0.030 0.036 0.041  C 153559
   3590.55915 29.999 29.999 29.999 29.999 29.999    0.058 0.034 0.031 0.036 0.040  C 153986
   3592.56651 29.999 29.999 29.999 29.999 29.999    0.059 0.036 0.033 0.036 0.041  C 154341
   3597.67677 29.999 29.999 29.999 29.999 29.999    0.045 0.034 0.032 0.037 0.042  C 155142
   3600.71086 29.999 29.999 29.999 29.999 29.999    0.087 0.094 0.112 0.139 0.170  D 155418
   3602.71073 29.999 29.999 29.999 29.999 29.999    0.039 0.038 0.041 0.049 0.054  C 155761
   3606.51624 29.999 29.999 29.999 29.999 29.999    0.033 0.030 0.029 0.033 0.038  C 156155
   3619.60653 29.999 29.999 29.999 29.999 29.999    0.067 0.041 0.036 0.040 0.043  C 157426
   3621.65105 29.999 29.999 29.999 29.999 29.999    0.045 0.038 0.040 0.045 0.050  C 157745
   3625.62792 29.999 29.999 29.999 29.999 29.999    0.033 0.031 0.030 0.035 0.041  C 158166
   3628.60788 29.999 29.999 29.999 29.999 29.999    0.034 0.035 0.033 0.038 0.043  C 158444
   3631.53267 29.999 29.999 29.999 29.999 29.999    0.038 0.034 0.035 0.042 0.048  C 158920
   3633.55648 29.999 29.999 29.999 29.999 29.999    0.036 0.032 0.034 0.040 0.044  C 159199
   3635.60305 29.999 29.999 29.999 29.999 29.999    0.081 0.089 0.106 0.131 0.158  D 159529
   3639.57611 29.999 29.999 29.999 29.999 29.999    0.032 0.029 0.027 0.032 0.035  C 159916
   3642.58116 29.999 29.999 29.999 29.999 29.999    0.035 0.039 0.038 0.042 0.045  C 160298
   3646.55920 29.999 29.999 29.999 29.999 29.999    0.029 0.031 0.028 0.032 0.035  C 160742
   3649.52608 29.999 29.999 29.999 29.999 29.999    0.071 0.075 0.086 0.104 0.121  D 161142
   3651.54376 29.999 29.999 29.999 29.999 29.999    0.044 0.035 0.032 0.039 0.044  C 161421
   3653.54633 29.999 29.999 29.999 29.999 29.999    0.039 0.040 0.045 0.055 0.063  C 161729
   3655.55890 29.999 29.999 29.999 29.999 29.999    0.035 0.031 0.033 0.039 0.044  C 161994
   3658.53717 13.473 13.463 13.463 13.542 13.523    0.041 0.035 0.035 0.041 0.047  A 162439
   3661.51676 13.382 13.377 13.509 13.641 13.775    0.039 0.035 0.036 0.043 0.048  A 162893
   3663.52624 13.106 13.018 13.116 13.313 13.345    0.040 0.032 0.034 0.040 0.045  A 163175
   3666.53845 12.794 12.814 12.860 12.884 12.892    0.036 0.032 0.032 0.037 0.041  A 163621
   3670.50051 12.385 12.344 12.294 12.246 12.219    0.030 0.029 0.028 0.032 0.036  A 164068
   3673.50781 12.019 11.954 11.955 11.955 11.950    0.033 0.029 0.028 0.033 0.037  A 164503
   3676.50495 11.698 11.703 11.698 11.699 11.683    0.037 0.029 0.031 0.036 0.040  A 164932
   3755.87087 12.558 12.599 12.570 12.440 12.321    0.041 0.040 0.042 0.051 0.058  A 175000
   3772.87326 13.394 13.234 13.087 12.989 12.946    0.058 0.040 0.038 0.045 0.050  A 177292
   3796.83116 13.943 13.902 13.810 13.819 13.768    0.032 0.030 0.027 0.032 0.036  A 180181
   3800.87053 29.999 29.999 29.999 29.999 29.999    0.045 0.042 0.045 0.051 0.058  C 180734
   3829.81674 29.999 29.999 29.999 29.999 29.999    0.044 0.036 0.035 0.041 0.047  C 185135
   3832.79106 29.999 29.999 29.999 29.999 29.999    0.041 0.037 0.037 0.044 0.050  C 185650
   3834.84068 29.999 29.999 29.999 29.999 29.999    0.041 0.036 0.036 0.044 0.050  C 186011
   3837.76883 29.999 29.999 29.999 29.999 29.999    0.040 0.037 0.040 0.048 0.058  C 186490
   3848.81817 29.999 29.999 29.999 29.999 29.999    0.056 0.050 0.056 0.066 0.077  D 186975
   3850.87106 29.999 29.999 29.999 29.999 29.999    0.039 0.033 0.032 0.037 0.042  C 187333
   3853.75062 29.999 29.999 29.999 29.999 29.999    0.036 0.031 0.029 0.034 0.038  C 187826
   3855.84253 29.999 29.999 29.999 29.999 29.999    0.042 0.043 0.048 0.058 0.065  C 188161
   3860.78575 29.999 29.999 29.999 29.999 29.999    0.042 0.040 0.041 0.048 0.054  C 188877
   3862.71235 29.999 29.999 29.999 29.999 29.999    0.041 0.032 0.031 0.035 0.040  C 189226
   3864.71044 29.999 29.999 29.999 29.999 29.999    0.041 0.033 0.032 0.038 0.043  C 189560
   3866.69437 29.999 29.999 29.999 29.999 29.999    0.044 0.034 0.034 0.041 0.046  C 189907
   3868.75097 29.999 29.999 29.999 29.999 29.999    0.042 0.038 0.040 0.048 0.054  C 190232
   3870.76106 29.999 29.999 29.999 29.999 29.999    0.055 0.040 0.039 0.045 0.052  C 190600
   3872.75549 29.999 29.999 29.999 29.999 29.999    0.042 0.033 0.031 0.038 0.042  C 190970
   3875.86224 29.999 29.999 29.999 29.999 29.999    0.042 0.037 0.039 0.047 0.053  C 191245
   3879.70277 29.999 29.999 29.999 29.999 29.999    0.079 0.082 0.093 0.115 0.134  D 191669
   3881.72908 12.999 13.122 13.180 13.194 13.229    0.034 0.032 0.033 0.039 0.045  A 192023
   3886.73041 12.827 12.802 12.769 12.714 12.672    0.035 0.030 0.028 0.033 0.037  A 192501
   3890.71239 12.449 12.474 12.410 12.348 12.303    0.038 0.039 0.041 0.048 0.054  A 193204
   3892.70314 12.262 12.200 12.239 12.277 12.270    0.041 0.038 0.039 0.045 0.052  A 193546
   3894.69184 12.097 12.098 12.092 12.113 12.136    0.033 0.032 0.029 0.034 0.038  A 193873
   3897.73474 11.948 11.930 11.926 11.898 11.876    0.053 0.056 0.063 0.078 0.092  D 194221
   3899.79939 11.847 11.857 11.833 11.795 11.803    0.052 0.045 0.050 0.060 0.068  B 194567
   3901.85764 11.788 11.732 11.757 11.784 11.804    0.036 0.034 0.036 0.043 0.049  A 194920
   3903.89389 11.669 11.638 11.663 11.701 11.712    0.053 0.036 0.034 0.041 0.044  A 195309
   3906.60605 11.462 11.509 11.494 11.511 11.513    0.042 0.033 0.031 0.035 0.039  A 195778
   3908.66161 11.364 11.322 11.359 11.391 11.367    0.054 0.036 0.033 0.038 0.043  A 196185
   4258.70296 29.999 29.999 29.999 29.999 29.999    0.035 0.034 0.033 0.037 0.044  C 227538
   4344.61286 13.591 13.637 13.711 13.869 13.863    0.040 0.038 0.038 0.046 0.052  A 237432
   4346.61249 13.605 13.790 13.783 13.769 13.797    0.038 0.032 0.030 0.034 0.038  A 237772
   4348.61568 13.401 13.453 13.445 13.335 13.249    0.039 0.033 0.031 0.035 0.040  A 238127
   4350.61955 13.378 13.329 13.340 13.394 13.417    0.037 0.034 0.032 0.037 0.042  A 238444
   4353.51249 13.198 13.257 13.175 13.114 13.045    0.033 0.033 0.032 0.035 0.038  A 238817
   4355.60374 12.258 12.367 12.393 12.402 12.401    0.036 0.035 0.033 0.037 0.041  A 239161
   4357.60772 12.730 12.752 12.834 12.880 12.944    0.037 0.035 0.032 0.037 0.041  A 239453
   4359.57621 12.645 12.759 12.782 12.828 12.815    0.031 0.032 0.031 0.037 0.043  A 239779
   4361.54663 12.440 12.493 12.518 12.532 12.490    0.035 0.034 0.029 0.034 0.037  A 239996
   4363.55060 12.345 12.348 12.364 12.386 12.399    0.033 0.032 0.029 0.033 0.037  A 240309
   4365.57399 12.258 12.224 12.198 12.203 12.206    0.034 0.033 0.031 0.036 0.042  A 240628
   4368.61747 12.094 12.073 12.135 12.157 12.124    0.040 0.042 0.041 0.049 0.056  A 240980
   4371.51541 12.123 12.080 12.142 12.205 12.153    0.041 0.035 0.035 0.041 0.048  A 241429
   4373.54670 11.978 11.927 11.899 11.882 11.910    0.044 0.042 0.044 0.051 0.057  A 241736
   4378.57375 11.824 11.861 11.867 11.873 11.874    0.040 0.039 0.040 0.048 0.055  A 242400
   4381.52999 11.664 11.713 11.709 11.705 11.709    0.047 0.040 0.039 0.044 0.050  A 242839
   4384.52020 11.580 11.618 11.603 11.587 11.605    0.033 0.032 0.030 0.034 0.039  A 243289
   4386.55486 11.496 11.505 11.512 11.502 11.496    0.034 0.033 0.029 0.033 0.037  A 243623
   4388.53872 11.481 11.507 11.488 11.462 11.436    0.037 0.036 0.032 0.037 0.042  A 243931
   4392.54259 11.428 11.431 11.433 11.420 11.423    0.041 0.040 0.043 0.049 0.055  A 244488
#dataset= 2 ; 2 F1700-64_053
#desig= 173916-6655.2
#cra=   17.654573  17:39:16.5
#cdec= -66.920142 -66:55:12.5
#class= 0
#cmag_0= 13.720
#cmer_0=  0.419
#nskip_0= 0
#cmag_1= 13.721
#cmer_1=  0.430
#nskip_1= 0
#cmag_2= 13.809
#cmer_2=  0.483
#nskip_2= 0
#cmag_3= 13.962
#cmer_3=  0.563
#nskip_3= 0
#cmag_4= 14.028
#cmer_4=  0.609
#nskip_4= 0
#ra=   17.654573  17:39:16.5
#dec= -66.920142 -66:55:12.5
#     HJD      MAG_0  MAG_1  MAG_2  MAG_3  MAG_4    MER_0 MER_1 MER_2 MER_3 MER_4 GRADE FRAME
   1955.84260 29.999 29.999 29.999 29.999 29.999    0.041 0.036 0.030 0.033 0.037  C 10121
   1966.81386 29.999 29.999 29.999 29.999 29.999    0.040 0.036 0.030 0.032 0.034  C 11437
   1979.75269 29.999 29.999 29.999 29.999 29.999    0.058 0.052 0.044 0.050 0.050  C 12277
   1980.77369 29.999 29.999 29.999 29.999 29.999    0.076 0.069 0.064 0.074 0.080  D 12433
   1981.79755 29.999 29.999 29.999 29.999 29.999    0.056 0.049 0.042 0.047 0.046  C 12625
   1982.77244 29.999 29.999 29.999 29.999 29.999    0.049 0.043 0.036 0.039 0.039  C 12807
   1983.90797 13.312 13.290 13.448 13.632 13.724    0.068 0.059 0.050 0.054 0.053  B 12886
   1996.80725 29.999 29.999 29.999 29.999 29.999    0.073 0.061 0.050 0.054 0.053  C 13912
   2016.76988 29.999 29.999 29.999 29.999 29.999    0.078 0.065 0.052 0.055 0.055  D 16017
   2025.70936 29.999 29.999 29.999 29.999 29.999    0.046 0.030 0.029 0.033 0.038  C 17222
   2026.73974 29.999 29.999 29.999 29.999 29.999    0.042 0.029 0.030 0.034 0.037  C 17452
   2030.72480 29.999 29.999 29.999 29.999 29.999    0.040 0.029 0.029 0.033 0.037  C 17840
   2040.69911 29.999 29.999 29.999 29.999 29.999    0.075 0.043 0.043 0.051 0.057  C 19486
   2052.67943 29.999 29.999 29.999 29.999 29.999    0.059 0.035 0.034 0.038 0.043  C 19834
   2059.71428 29.999 29.999 29.999 29.999 29.999    0.072 0.056 0.063 0.076 0.088  D 21312
   2440.63170 29.999 29.999 29.999 29.999 29.999    0.034 0.033 0.028 0.030 0.031  C 8055
   2442.62814 29.999 29.999 29.999 29.999 29.999    0.039 0.037 0.031 0.034 0.035  C 8481
   2444.62382 29.999 29.999 29.999 29.999 29.999    0.030 0.029 0.023 0.026 0.029  C 8870
   2445.60795 29.999 29.999 29.999 29.999 29.999    0.030 0.031 0.027 0.031 0.034  C 9080
   2452.59288 29.999 29.999 29.999 29.999 29.999    0.059 0.050 0.042 0.044 0.046  C 9442
   2459.55176 29.999 29.999 29.999 29.999 29.999    0.069 0.061 0.055 0.059 0.064  C 10089
   2460.61013 29.999 29.999 29.999 29.999 29.999    0.035 0.036 0.030 0.035 0.036  C 10191
   2464.58373 29.999 29.999 29.999 29.999 29.999    0.050 0.043 0.035 0.038 0.038  C 10814
   2465.58512 29.999 29.999 29.999 29.999 29.999    0.050 0.043 0.034 0.037 0.038  C 11035
   2466.57675 29.999 29.999 29.999 29.999 29.999    0.040 0.037 0.031 0.035 0.036  C 11250
   2468.57632 29.999 29.999 29.999 29.999 29.999    0.034 0.035 0.029 0.032 0.034  C 11687
   2469.57283 29.999 29.999 29.999 29.999 29.999    0.037 0.036 0.029 0.033 0.035  C 11901
   2473.52436 29.999 29.999 29.999 29.999 29.999    0.054 0.047 0.038 0.041 0.041  C 12633
   2481.53009 29.999 29.999 29.999 29.999 29.999    0.069 0.059 0.049 0.051 0.052  C 12950
   2486.54051 29.999 29.999 29.999 29.999 29.999    0.068 0.058 0.047 0.047 0.048  C 13279
   2493.52947 29.999 29.999 29.999 29.999 29.999    0.049 0.041 0.034 0.037 0.035  C 14426
   2495.51682 29.999 29.999 29.999 29.999 29.999    0.066 0.056 0.046 0.045 0.046  C 14749
   2499.52015 29.999 29.999 29.999 29.999 29.999    0.040 0.037 0.032 0.036 0.038  C 15596
   2500.50783 29.999 29.999 29.999 29.999 29.999    0.053 0.048 0.042 0.047 0.048  C 15803
   2503.56669 29.999 29.999 29.999 29.999 29.999    0.059 0.049 0.041 0.042 0.043  C 16393
   2510.63977 29.999 29.999 29.999 29.999 29.999    0.032 0.031 0.026 0.031 0.036  C 16977
   2511.68857 29.999 29.999 29.999 29.999 29.999    0.066 0.061 0.058 0.065 0.072  C 17114
   2663.85710 29.999 29.999 29.999 29.999 29.999    0.039 0.033 0.032 0.038 0.043  C 36545
   2666.86668 29.999 29.999 29.999 29.999 29.999    0.039 0.029 0.030 0.035 0.039  C 37050
   2693.83668 29.999 29.999 29.999 29.999 29.999    0.032 0.027 0.027 0.031 0.035  C 41668
   2699.82812 29.999 29.999 29.999 29.999 29.999    0.031 0.031 0.032 0.036 0.038  C 42784
   2702.85252 29.999 29.999 29.999 29.999 29.999    0.028 0.029 0.031 0.036 0.038  C 43365
   2707.83763 29.999 29.999 29.999 29.999 29.999    0.041 0.041 0.046 0.055 0.065  C 44293
   2715.83069 29.999 29.999 29.999 29.999 29.999    0.030 0.032 0.030 0.035 0.039  C 45775
   2721.81317 29.999 29.999 29.999 29.999 29.999    0.041 0.046 0.051 0.057 0.063  C 46558
   2723.80740 29.999 29.999 29.999 29.999 29.999    0.031 0.032 0.031 0.036 0.041  C 46939
   2734.76760 29.999 29.999 29.999 29.999 29.999    0.031 0.036 0.037 0.042 0.046  C 48881
   2867.69986 29.999 29.999 29.999 29.999 29.999    0.030 0.029 0.026 0.029 0.032  C 67789
   2874.70947 13.954 13.942 13.894 13.946 13.937    0.031 0.033 0.030 0.034 0.036  A 68394
   2878.62194 29.999 29.999 29.999 29.999 29.999    0.039 0.039 0.039 0.047 0.053  C 69149
   2883.54931 29.999 29.999 29.999 29.999 29.999    0.028 0.024 0.023 0.027 0.030  C 69592
   2910.48635 29.999 29.999 29.999 29.999 29.999    0.031 0.031 0.029 0.033 0.037  C 73661
   2912.51409 29.999 29.999 29.999 29.999 29.999    0.029 0.025 0.024 0.028 0.031  C 74051
   2927.51274 29.999 29.999 29.999 29.999 29.999    0.026 0.026 0.024 0.030 0.033  C 75950
   3085.90642 29.999 29.999 29.999 29.999 29.999    0.029 0.031 0.031 0.036 0.041  C 95393
   3098.85922 29.999 29.999 29.999 29.999 29.999    0.028 0.026 0.028 0.032 0.036  C 97047
   3109.77576 29.999 29.999 29.999 29.999 29.999    0.027 0.027 0.025 0.029 0.032  C 98737
   3112.76404 29.999 29.999 29.999 29.999 29.999    0.026 0.027 0.027 0.033 0.037  C 99202
   3114.82384 29.999 29.999 29.999 29.999 29.999    0.031 0.030 0.029 0.034 0.037  C 99555
   3122.76093 29.999 29.999 29.999 29.999 29.999    0.024 0.027 0.028 0.032 0.037  C 100255
   3124.81379 29.999 29.999 29.999 29.999 29.999    0.025 0.026 0.026 0.031 0.036  C 100610
   3126.79677 29.999 29.999 29.999 29.999 29.999    0.030 0.028 0.028 0.033 0.036  C 100932
   3130.77725 29.999 29.999 29.999 29.999 29.999    0.033 0.033 0.035 0.041 0.048  C 101533
   3144.71240 29.999 29.999 29.999 29.999 29.999    0.026 0.027 0.026 0.030 0.033  C 103295
   3156.67182 29.999 29.999 29.999 29.999 29.999    0.029 0.030 0.029 0.034 0.038  C 104176
   3158.75502 29.999 29.999 29.999 29.999 29.999    0.030 0.030 0.033 0.040 0.046  C 104443
   3163.77400 29.999 29.999 29.999 29.999 29.999    0.028 0.028 0.028 0.032 0.037  C 105067
   3168.80794 29.999 29.999 29.999 29.999 29.999    0.030 0.031 0.032 0.037 0.041  C 105807
   3171.74150 29.999 29.999 29.999 29.999 29.999    0.031 0.030 0.032 0.036 0.040  C 106218
   3183.69676 29.999 29.999 29.999 29.999 29.999    0.027 0.028 0.028 0.033 0.036  C 107670
   3185.66360 29.999 29.999 29.999 29.999 29.999    0.033 0.031 0.034 0.040 0.045  C 107940
   3187.70016 29.999 29.999 29.999 29.999 29.999    0.030 0.031 0.033 0.039 0.044  C 108293
   3402.87124 29.999 29.999 29.999 29.999 29.999    0.071 0.043 0.038 0.042 0.047  C 128178
   3405.87993 29.999 29.999 29.999 29.999 29.999    0.046 0.036 0.034 0.040 0.046  C 128648
   3427.85987 29.999 29.999 29.999 29.999 29.999    0.054 0.038 0.037 0.044 0.049  C 132067
   3433.85605 29.999 29.999 29.999 29.999 29.999    0.059 0.041 0.039 0.043 0.048  C 132762
   3438.85978 29.999 29.999 29.999 29.999 29.999    0.044 0.036 0.036 0.040 0.044  C 133252
   3542.81208 29.999 29.999 29.999 29.999 29.999    0.043 0.039 0.040 0.049 0.055  C 147470
   3554.76426 29.999 29.999 29.999 29.999 29.999    0.035 0.029 0.026 0.031 0.034  C 148800
   3560.61131 29.999 29.999 29.999 29.999 29.999    0.040 0.034 0.033 0.036 0.038  C 149553
   3562.62100 29.999 29.999 29.999 29.999 29.999    0.053 0.037 0.035 0.039 0.044  C 149906
   3574.70668 13.985 14.075 14.250 14.431 14.862    0.030 0.031 0.029 0.034 0.038  A 151309
   3583.67667 29.999 29.999 29.999 29.999 29.999    0.038 0.030 0.029 0.033 0.038  C 152848
   3617.55271 29.999 29.999 29.999 29.999 29.999    0.032 0.033 0.032 0.037 0.042  C 157108
   3759.86314 29.999 29.999 29.999 29.999 29.999    0.071 0.045 0.042 0.049 0.054  C 175559
   3792.87005 29.999 29.999 29.999 29.999 29.999    0.052 0.048 0.052 0.062 0.070  C 179631
   3808.81661 29.999 29.999 29.999 29.999 29.999    0.060 0.048 0.053 0.065 0.077  D 181720
   3811.89895 29.999 29.999 29.999 29.999 29.999    0.055 0.043 0.043 0.052 0.060  C 182227
   3817.85640 29.999 29.999 29.999 29.999 29.999    0.050 0.037 0.037 0.043 0.049  C 183165
   3890.71239 12.473 12.359 12.368 12.430 12.465    0.038 0.039 0.041 0.048 0.054  A 193204
   4235.80853 29.999 29.999 29.999 29.999 29.999    0.033 0.030 0.029 0.034 0.037  C 224643
   4245.67096 29.999 29.999 29.999 29.999 29.999    0.056 0.059 0.065 0.080 0.093  D 226049
   4247.63904 29.999 29.999 29.999 29.999 29.999    0.045 0.044 0.045 0.052 0.061  C 226404
   4250.74137 29.999 29.999 29.999 29.999 29.999    0.035 0.034 0.032 0.037 0.043  C 226687
   4253.87691 29.999 29.999 29.999 29.999 29.999    0.047 0.045 0.043 0.050 0.056  C 226929
   4256.64728 29.999 29.999 29.999 29.999 29.999    0.031 0.032 0.029 0.033 0.038  C 227254
   4269.72199 14.066 14.141 14.363 14.653 14.820    0.034 0.035 0.032 0.038 0.043  A 228182
   4274.66979 29.999 29.999 29.999 29.999 29.999    0.038 0.037 0.032 0.035 0.037  C 228701
   4281.70098 29.999 29.999 29.999 29.999 29.999    0.080 0.059 0.059 0.070 0.079  D 229344
   4283.71478 29.999 29.999 29.999 29.999 29.999    0.038 0.040 0.044 0.054 0.064  C 229663
   4285.67326 29.999 29.999 29.999 29.999 29.999    0.037 0.035 0.035 0.041 0.048  C 229993
   4289.67009 29.999 29.999 29.999 29.999 29.999    0.035 0.034 0.031 0.036 0.040  C 230347
   4291.67128 29.999 29.999 29.999 29.999 29.999    0.039 0.036 0.031 0.035 0.037  C 230698
   4293.65944 29.999 29.999 29.999 29.999 29.999    0.033 0.032 0.028 0.032 0.035  C 231061
   4295.67614 29.999 29.999 29.999 29.999 29.999    0.031 0.032 0.029 0.032 0.036  C 231406
   4297.66656 29.999 29.999 29.999 29.999 29.999    0.040 0.039 0.039 0.044 0.052  C 231754
   4299.64101 29.999 29.999 29.999 29.999 29.999    0.033 0.031 0.030 0.034 0.038  C 232119
   4303.60702 29.999 29.999 29.999 29.999 29.999    0.034 0.033 0.030 0.034 0.036  C 232754
   4307.60392 29.999 29.999 29.999 29.999 29.999    0.041 0.034 0.033 0.038 0.044  C 233467
   4309.65029 29.999 29.999 29.999 29.999 29.999    0.051 0.051 0.055 0.067 0.078  D 233797
   4311.69702 29.999 29.999 29.999 29.999 29.999    0.039 0.037 0.035 0.041 0.046  C 234081
   4314.73317 29.999 29.999 29.999 29.999 29.999    0.038 0.038 0.035 0.041 0.046  C 234410
   4317.55425 29.999 29.999 29.999 29.999 29.999    0.032 0.032 0.027 0.031 0.035  C 234802
   4330.50683 29.999 29.999 29.999 29.999 29.999    0.035 0.032 0.028 0.032 0.036  C 235272
   4332.53056 29.999 29.999 29.999 29.999 29.999    0.034 0.032 0.030 0.034 0.038  C 235643
   4338.56665 29.999 29.999 29.999 29.999 29.999    0.046 0.044 0.042 0.048 0.053  C 236406
   4340.62127 29.999 29.999 29.999 29.999 29.999    0.035 0.035 0.033 0.039 0.044  C 236762
   4342.61647 29.999 29.999 29.999 29.999 29.999    0.047 0.036 0.036 0.044 0.051  C 237091
   4376.55039 29.999 29.999 29.999 29.999 29.999    0.037 0.035 0.032 0.035 0.039  C 242091
   4403.50267 29.999 29.999 29.999 29.999 29.999    0.037 0.032 0.031 0.037 0.042  C 245217
   4533.86707 29.999 29.999 29.999 29.999 29.999    0.038 0.037 0.035 0.040 0.046  C 259652
#ndata= 491
#dataset= 3 ; 1 F1800-64_054
#desig= 173920-6654.9
#cra=   17.655427  17:39:19.5
#cdec= -66.915725 -66:54:56.6
#class= 0
#cmag_0= 12.061
#cmer_0=  0.886
#nskip_0= 39
#cmag_1= 11.991
#cmer_1=  0.895
#nskip_1= 31
#cmag_2= 12.008
#cmer_2=  1.036
#nskip_2= 5
#cmag_3= 12.023
#cmer_3=  1.054
#nskip_3= 2
#cmag_4= 12.030
#cmer_4=  1.073
#nskip_4= 2
#ra=   17.655427  17:39:19.5
#dec= -66.915725 -66:54:56.6
#     HJD      MAG_0  MAG_1  MAG_2  MAG_3  MAG_4    MER_0 MER_1 MER_2 MER_3 MER_4 GRADE FRAME
   1963.85601 29.999 29.999 29.999 29.999 29.999    0.043 0.040 0.033 0.038 0.035  C 10904
   1967.84609 29.999 29.999 29.999 29.999 29.999    0.042 0.039 0.031 0.035 0.033  C 11613
   1981.81723 29.999 29.999 29.999 29.999 29.999    0.048 0.044 0.037 0.043 0.041  C 12634
   1982.78977 29.999 29.999 29.999 29.999 29.999    0.046 0.041 0.034 0.037 0.037  C 12815
   1984.80064 29.999 29.999 29.999 29.999 29.999    0.050 0.044 0.038 0.044 0.041  C 13035
   1994.77679 29.999 29.999 29.999 29.999 29.999    0.056 0.048 0.041 0.046 0.043  C 13506
   2000.90979 29.999 29.999 29.999 29.999 29.999    0.070 0.060 0.050 0.055 0.055  D 14764
   2008.74796 29.999 29.999 29.999 29.999 29.999    0.072 0.062 0.052 0.059 0.060  D 15218
   2016.82938 29.999 29.999 29.999 29.999 29.999    0.080 0.064 0.053 0.058 0.060  D 16043
   2026.79233 29.999 29.999 29.999 29.999 29.999    0.038 0.026 0.026 0.030 0.033  C 17475
   2027.76590 29.999 29.999 29.999 29.999 29.999    0.042 0.027 0.026 0.030 0.033  C 17683
   2032.75109 29.999 29.999 29.999 29.999 29.999    0.037 0.026 0.026 0.029 0.032  C 18284
   2037.70244 29.999 29.999 29.999 29.999 29.999    0.057 0.033 0.033 0.040 0.044  C 19000
   2053.73249 29.999 29.999 29.999 29.999 29.999    0.055 0.033 0.031 0.034 0.037  C 20064
   2055.70006 29.999 29.999 29.999 29.999 29.999    0.061 0.034 0.034 0.038 0.042  C 20495
   2057.70167 13.839 13.727 13.685 13.674 13.690    0.068 0.036 0.032 0.036 0.039  B 20951
   2068.66203 13.140 13.102 13.116 13.179 13.162    0.074 0.037 0.035 0.040 0.044  B 22086
   2070.66530 13.153 13.180 13.233 13.239 13.263    0.060 0.031 0.028 0.032 0.036  A 22538
   2080.57528 11.698 11.697 11.693 11.689 11.666    0.055 0.031 0.029 0.034 0.037  A 22869
   2083.64568 11.287 11.304 11.303 11.303 11.291    0.068 0.041 0.039 0.045 0.050  B 23594
   2087.63331 10.982 10.996 11.018 11.026 11.027    0.051 0.030 0.030 0.035 0.039  A 24260
   2093.55824 10.772 10.794 10.780 10.781 10.763    0.058 0.033 0.032 0.036 0.041  A 24678
   2096.60267 10.785 10.733 10.727 10.727 10.723    0.073 0.047 0.047 0.056 0.063  B 25435
   2102.58710 10.629 10.659 10.668 10.672 10.684    0.046 0.032 0.028 0.031 0.035  A 25641
   2103.60462 10.646 10.664 10.672 10.684 10.689    0.045 0.030 0.027 0.031 0.035  A 25795
   2104.60914 10.657 10.666 10.664 10.651 10.647    0.050 0.033 0.030 0.034 0.038  A 25999
   2116.57341 10.610 10.652 10.663 10.672 10.670    0.044 0.032 0.029 0.032 0.036  A 27058
   2125.55970 29.999 29.999 29.999 29.999 29.999    0.047 0.034 0.033 0.039 0.043  C 27830
   2129.55114 10.826 10.822 10.818 10.818 10.829    0.043 0.030 0.028 0.032 0.035  A 28117
   2130.56263 10.873 10.833 10.839 10.869 10.865    0.057 0.035 0.033 0.036 0.039  A 28336
   2131.54387 10.783 10.790 10.803 10.803 10.810    0.051 0.032 0.029 0.033 0.036  A 28527
   2132.55428 10.909 10.851 10.843 10.849 10.865    0.061 0.036 0.033 0.035 0.038  A 28750
   2133.54841 10.962 10.898 10.886 10.888 10.889    0.050 0.036 0.032 0.035 0.039  A 28957
   2134.55574 10.888 10.917 10.925 10.929 10.927    0.048 0.032 0.029 0.033 0.036  A 29178
   2136.54708 10.964 10.970 10.969 10.978 10.986    0.049 0.033 0.030 0.034 0.037  A 29599
   2156.48980 11.491 11.493 11.476 11.475 11.474    0.052 0.037 0.032 0.037 0.041  A 31586
   2168.53830 12.010 12.001 11.997 12.008 12.056    0.056 0.034 0.031 0.035 0.040  A 32222
   2171.52018 12.200 12.153 12.151 12.118 12.142    0.049 0.034 0.033 0.039 0.044  A 32551
   2175.50747 12.305 12.299 12.300 12.298 12.472    0.060 0.056 0.063 0.079 0.091  D 33243
   2177.52834 12.392 12.374 12.290 12.190 12.044    0.062 0.059 0.063 0.077 0.091  D 33382
   2187.48535 12.940 12.900 12.873 12.866 12.856    0.045 0.039 0.043 0.045 0.047  A 34486
   2190.52352 13.199 13.109 13.054 12.962 12.927    0.049 0.034 0.030 0.034 0.038  A 34891
   2196.53553 13.514 13.534 13.591 13.668 13.653    0.047 0.032 0.030 0.033 0.039  A 35918
   2199.50830 13.717 13.708 13.747 13.920 14.044    0.052 0.040 0.039 0.042 0.045  A 36441
   2203.49384 13.655 13.533 13.444 13.443 13.493    0.059 0.040 0.037 0.041 0.045  A 37024
   2205.51554 13.827 13.874 13.945 13.891 13.894    0.050 0.034 0.031 0.035 0.040  A 37292
   2442.65521 29.999 29.999 29.999 29.999 29.999    0.042 0.039 0.034 0.037 0.038  C 8493
   2452.62006 29.999 29.999 29.999 29.999 29.999    0.055 0.047 0.041 0.042 0.045  C 9454
   2464.61111 29.999 29.999 29.999 29.999 29.999    0.044 0.038 0.031 0.034 0.034  C 10826
   2468.60377 29.999 29.999 29.999 29.999 29.999    0.032 0.033 0.027 0.031 0.032  C 11699
   2481.56437 29.999 29.999 29.999 29.999 29.999    0.063 0.052 0.045 0.047 0.046  C 12965
   2486.56363 29.999 29.999 29.999 29.999 29.999    0.063 0.053 0.045 0.045 0.046  C 13289
   2494.55818 29.999 29.999 29.999 29.999 29.999    0.044 0.040 0.034 0.036 0.037  C 14629
   2497.55485 29.999 29.999 29.999 29.999 29.999    0.045 0.039 0.033 0.035 0.037  C 15189
   2498.54297 29.999 29.999 29.999 29.999 29.999    0.041 0.037 0.032 0.035 0.036  C 15395
   2499.54556 29.999 29.999 29.999 29.999 29.999    0.035 0.034 0.027 0.031 0.031  C 15607
   2501.55830 29.999 29.999 29.999 29.999 29.999    0.043 0.040 0.033 0.039 0.035  C 15974
   2502.57409 29.999 29.999 29.999 29.999 29.999    0.057 0.046 0.040 0.046 0.042  C 16192
   2503.57876 29.999 29.999 29.999 29.999 29.999    0.065 0.054 0.046 0.051 0.051  C 16398
   2510.65684 29.999 29.999 29.999 29.999 29.999    0.037 0.036 0.033 0.038 0.045  C 16984
   2511.72866 29.999 29.999 29.999 29.999 29.999    0.052 0.050 0.046 0.052 0.060  C 17130
   2684.86817 29.999 29.999 29.999 29.999 29.999    0.031 0.028 0.028 0.032 0.036  C 40093
   2690.85395 29.999 29.999 29.999 29.999 29.999    0.032 0.034 0.036 0.043 0.048  C 41186
   2694.83501 29.999 29.999 29.999 29.999 29.999    0.028 0.025 0.024 0.027 0.031  C 41851
   2697.88824 29.999 29.999 29.999 29.999 29.999    0.027 0.026 0.023 0.027 0.030  C 42426
   2700.87593 29.999 29.999 29.999 29.999 29.999    0.029 0.028 0.026 0.030 0.034  C 42997
   2719.83741 29.999 29.999 29.999 29.999 29.999    0.030 0.033 0.032 0.036 0.040  C 46183
   2723.84575 29.999 29.999 29.999 29.999 29.999    0.029 0.033 0.032 0.038 0.041  C 46953
   2732.85990 29.999 29.999 29.999 29.999 29.999    0.032 0.036 0.036 0.042 0.045  C 48507
   2736.81512 29.999 29.999 29.999 29.999 29.999    0.026 0.030 0.026 0.033 0.034  C 49291
   2738.81969 29.999 29.999 29.999 29.999 29.999    0.028 0.032 0.031 0.036 0.037  C 49671
   2747.87950 29.999 29.999 29.999 29.999 29.999    0.052 0.041 0.046 0.055 0.062  C 51105
   2751.71411 13.184 13.111 13.084 13.086 13.051    0.028 0.034 0.031 0.035 0.037  A 51860
   2768.81519 29.999 29.999 29.999 29.999 29.999    0.033 0.040 0.038 0.042 0.044  C 54642
   2782.77762 10.913 10.930 10.937 10.951 10.925    0.031 0.038 0.031 0.038 0.038  A 55773
   2866.60884 29.999 29.999 29.999 29.999 29.999    0.031 0.038 0.037 0.041 0.041  C 67546
   2885.54234 29.999 29.999 29.999 29.999 29.999    0.026 0.030 0.023 0.024 0.027  C 69986
   2886.68141 29.999 29.999 29.999 29.999 29.999    0.029 0.027 0.027 0.030 0.033  C 70256
   2888.69821 29.999 29.999 29.999 29.999 29.999    0.031 0.028 0.028 0.032 0.035  C 70470
   2892.70019 29.999 29.999 29.999 29.999 29.999    0.039 0.035 0.038 0.043 0.046  C 70703
   2898.60658 29.999 29.999 29.999 29.999 29.999    0.030 0.023 0.023 0.026 0.029  C 71857
   2900.60137 29.999 29.999 29.999 29.999 29.999    0.026 0.025 0.025 0.027 0.030  C 72212
   2904.58846 29.999 29.999 29.999 29.999 29.999    0.031 0.028 0.026 0.029 0.032  C 72838
   2906.59161 29.999 29.999 29.999 29.999 29.999    0.028 0.025 0.024 0.027 0.030  C 73162
   2909.59102 29.999 29.999 29.999 29.999 29.999    0.028 0.027 0.025 0.028 0.031  C 73584
   2911.56473 29.999 29.999 29.999 29.999 29.999    0.035 0.027 0.026 0.029 0.031  C 73885
   2913.57347 29.999 29.999 29.999 29.999 29.999    0.071 0.077 0.089 0.108 0.124  D 74241
   2916.56249 29.999 29.999 29.999 29.999 29.999    0.030 0.030 0.029 0.032 0.036  C 74547
   2918.59676 29.999 29.999 29.999 29.999 29.999    0.031 0.031 0.033 0.040 0.046  C 74878
   2922.56246 29.999 29.999 29.999 29.999 29.999    0.029 0.029 0.029 0.034 0.038  C 75238
   2927.56936 29.999 29.999 29.999 29.999 29.999    0.026 0.026 0.025 0.029 0.032  C 75974
   2929.57050 29.999 29.999 29.999 29.999 29.999    0.027 0.025 0.025 0.028 0.032  C 76331
   2931.57442 29.999 29.999 29.999 29.999 29.999    0.029 0.027 0.027 0.031 0.035  C 76695
   2933.56668 29.999 29.999 29.999 29.999 29.999    0.031 0.028 0.027 0.032 0.036  C 77047
   2935.56363 29.999 29.999 29.999 29.999 29.999    0.030 0.027 0.026 0.029 0.033  C 77403
   2937.56261 29.999 29.999 29.999 29.999 29.999    0.035 0.029 0.029 0.031 0.034  C 77675
   2940.53818 29.999 29.999 29.999 29.999 29.999    0.030 0.026 0.026 0.030 0.033  C 77962
   2942.52928 29.999 29.999 29.999 29.999 29.999    0.038 0.035 0.037 0.046 0.052  C 78159
   2944.54428 29.999 29.999 29.999 29.999 29.999    0.036 0.038 0.034 0.040 0.046  C 78488
   2947.54443 29.999 29.999 29.999 29.999 29.999    0.031 0.028 0.029 0.034 0.038  C 78970
   2950.52951 29.999 29.999 29.999 29.999 29.999    0.038 0.034 0.036 0.042 0.049  C 79405
   2954.51481 29.999 29.999 29.999 29.999 29.999    0.049 0.051 0.059 0.070 0.082  D 79903
   2958.51037 29.999 29.999 29.999 29.999 29.999    0.028 0.029 0.028 0.032 0.037  C 80475
   3070.84599 12.372 12.362 12.354 12.331 12.277    0.031 0.033 0.033 0.038 0.044  A 93554
   3074.83884 12.546 12.597 12.583 12.615 12.653    0.032 0.031 0.032 0.037 0.043  A 94060
   3077.85806 12.793 12.720 12.682 12.638 12.517    0.030 0.029 0.032 0.038 0.042  A 94498
   3080.88050 12.915 12.898 12.901 12.833 12.731    0.029 0.027 0.027 0.031 0.035  A 94944
   3090.82350 13.522 13.494 13.471 13.470 13.350    0.028 0.030 0.030 0.036 0.041  A 96135
   3108.82503 29.999 29.999 29.999 29.999 29.999    0.030 0.028 0.029 0.035 0.040  C 98599
   3111.81659 29.999 29.999 29.999 29.999 29.999    0.030 0.029 0.030 0.035 0.041  C 99063
   3116.87277 29.999 29.999 29.999 29.999 29.999    0.025 0.024 0.024 0.028 0.031  C 99896
   3122.81904 29.999 29.999 29.999 29.999 29.999    0.028 0.029 0.030 0.034 0.038  C 100276
   3125.73477 29.999 29.999 29.999 29.999 29.999    0.027 0.030 0.032 0.038 0.044  C 100749
   3141.84819 29.999 29.999 29.999 29.999 29.999    0.040 0.044 0.051 0.062 0.072  C 103019
   3158.77408 29.999 29.999 29.999 29.999 29.999    0.030 0.031 0.033 0.039 0.046  C 104450
   3160.86220 29.999 29.999 29.999 29.999 29.999    0.036 0.039 0.044 0.053 0.062  C 104767
   3163.78993 29.999 29.999 29.999 29.999 29.999    0.026 0.026 0.025 0.030 0.034  C 105072
   3165.82428 29.999 29.999 29.999 29.999 29.999    0.060 0.064 0.075 0.092 0.109  D 105429
   3168.82069 29.999 29.999 29.999 29.999 29.999    0.025 0.027 0.025 0.028 0.032  C 105811
   3178.64697 29.999 29.999 29.999 29.999 29.999    0.029 0.032 0.032 0.037 0.042  C 107059
   3183.73136 29.999 29.999 29.999 29.999 29.999    0.026 0.026 0.025 0.030 0.034  C 107682
   3185.68794 29.999 29.999 29.999 29.999 29.999    0.030 0.031 0.031 0.036 0.040  C 107948
   3187.72924 29.999 29.999 29.999 29.999 29.999    0.028 0.030 0.032 0.038 0.044  C 108303
   3190.74873 29.999 29.999 29.999 29.999 29.999    0.036 0.031 0.034 0.040 0.045  C 108641
   3408.88576 29.999 29.999 29.999 29.999 29.999    0.052 0.038 0.038 0.046 0.054  C 129119
   3417.86762 29.999 29.999 29.999 29.999 29.999    0.074 0.047 0.044 0.048 0.052  C 130498
   3421.85865 29.999 29.999 29.999 29.999 29.999    0.070 0.048 0.048 0.056 0.064  C 131126
   3425.84589 29.999 29.999 29.999 29.999 29.999    0.078 0.049 0.044 0.050 0.056  C 131753
   3431.86558 29.999 29.999 29.999 29.999 29.999    0.051 0.037 0.036 0.043 0.050  C 132443
   3434.86889 29.999 29.999 29.999 29.999 29.999    0.073 0.045 0.040 0.043 0.046  C 132919
   3443.85716 12.715 12.642 12.673 12.731 12.734    0.059 0.035 0.029 0.033 0.036  A 133826
   3449.86725 11.810 11.829 11.837 11.854 11.887    0.065 0.043 0.042 0.050 0.056  A 135150
   3453.79480 11.481 11.359 11.337 11.322 11.330    0.063 0.048 0.050 0.059 0.068  B 135702
   3455.83528 11.225 11.223 11.249 11.273 11.277    0.049 0.037 0.038 0.046 0.052  A 136077
   3458.85383 10.936 10.939 10.941 10.949 10.950    0.038 0.032 0.032 0.037 0.042  A 136613
   3462.83041 10.680 10.709 10.687 10.673 10.666    0.035 0.031 0.030 0.037 0.043  A 137238
   3468.83589 10.563 10.578 10.580 10.579 10.598    0.042 0.032 0.028 0.031 0.036  A 138167
   3471.82629 10.597 10.612 10.608 10.606 10.617    0.034 0.029 0.027 0.030 0.033  A 138638
   3474.82823 10.645 10.615 10.629 10.643 10.668    0.039 0.038 0.038 0.047 0.054  A 139101
   3477.81859 10.661 10.655 10.657 10.662 10.659    0.043 0.033 0.031 0.035 0.038  A 139606
   3482.85788 10.665 10.714 10.719 10.725 10.747    0.067 0.072 0.085 0.099 0.106  D 140397
   3487.81005 10.811 10.807 10.823 10.844 10.869    0.050 0.049 0.052 0.063 0.073  B 140831
   3490.82879 10.930 10.969 10.987 11.005 11.017    0.050 0.039 0.038 0.046 0.052  A 141202
   3492.84069 11.057 11.032 11.049 11.056 11.055    0.038 0.035 0.036 0.042 0.046  A 141543
   3496.82009 11.158 11.146 11.157 11.161 11.151    0.032 0.031 0.026 0.030 0.033  A 141817
   3500.75673 11.305 11.290 11.310 11.336 11.348    0.034 0.030 0.028 0.032 0.038  A 142310
   3502.83753 11.491 11.455 11.448 11.455 11.443    0.041 0.038 0.037 0.041 0.046  A 142691
   3504.79896 11.563 11.565 11.562 11.547 11.549    0.071 0.054 0.053 0.061 0.070  B 143037
   3508.85206 11.740 11.742 11.719 11.719 11.734    0.034 0.034 0.032 0.037 0.040  A 143311
   3511.72242 11.882 11.909 11.912 11.913 11.938    0.031 0.030 0.027 0.031 0.035  A 143699
   3515.76683 12.142 12.170 12.198 12.237 12.265    0.035 0.036 0.036 0.042 0.050  A 144091
   3525.82958 29.999 29.999 29.999 29.999 29.999    0.069 0.048 0.048 0.054 0.060  C 145557
   3540.70293 13.501 13.445 13.401 13.373 13.392    0.042 0.033 0.031 0.036 0.041  A 147186
   3551.84952 29.999 29.999 29.999 29.999 29.999    0.042 0.035 0.033 0.036 0.038  C 148380
   3558.61989 29.999 29.999 29.999 29.999 29.999    0.041 0.037 0.036 0.041 0.046  C 149223
   3562.66053 29.999 29.999 29.999 29.999 29.999    0.051 0.036 0.033 0.037 0.040  C 149917
   3571.71415 29.999 29.999 29.999 29.999 29.999    0.032 0.032 0.030 0.035 0.041  C 150933
   3574.72556 29.999 29.999 29.999 29.999 29.999    0.030 0.031 0.030 0.036 0.041  C 151316
   3576.74279 29.999 29.999 29.999 29.999 29.999    0.035 0.028 0.026 0.030 0.034  C 151680
   3578.73432 29.999 29.999 29.999 29.999 29.999    0.058 0.037 0.031 0.034 0.038  C 152010
   3585.73374 29.999 29.999 29.999 29.999 29.999    0.031 0.026 0.027 0.030 0.033  C 153212
   3587.74820 29.999 29.999 29.999 29.999 29.999    0.036 0.031 0.029 0.034 0.040  C 153561
   3597.67988 29.999 29.999 29.999 29.999 29.999    0.034 0.029 0.028 0.032 0.038  C 155143
   3602.71738 29.999 29.999 29.999 29.999 29.999    0.049 0.036 0.038 0.046 0.053  C 155763
   3606.51944 29.999 29.999 29.999 29.999 29.999    0.033 0.030 0.027 0.030 0.035  C 156156
   3619.60980 29.999 29.999 29.999 29.999 29.999    0.038 0.030 0.028 0.031 0.036  C 157427
   3621.65431 29.999 29.999 29.999 29.999 29.999    0.038 0.035 0.034 0.039 0.045  C 157746
   3624.66550 29.999 29.999 29.999 29.999 29.999    0.033 0.033 0.028 0.031 0.035  C 158056
   3626.66591 29.999 29.999 29.999 29.999 29.999    0.033 0.033 0.030 0.036 0.041  C 158331
   3629.66071 29.999 29.999 29.999 29.999 29.999    0.043 0.037 0.038 0.046 0.053  C 158627
   3632.51039 29.999 29.999 29.999 29.999 29.999    0.031 0.028 0.030 0.036 0.043  C 159054
   3634.60142 29.999 29.999 29.999 29.999 29.999    0.042 0.039 0.042 0.051 0.060  C 159361
   3641.56609 29.999 29.999 29.999 29.999 29.999    0.030 0.027 0.025 0.029 0.033  C 160153
   3647.55440 29.999 29.999 29.999 29.999 29.999    0.030 0.030 0.025 0.028 0.032  C 160876
   3649.61486 29.999 29.999 29.999 29.999 29.999    0.075 0.075 0.084 0.103 0.118  D 161172
   3661.55899 29.999 29.999 29.999 29.999 29.999    0.035 0.034 0.036 0.043 0.052  C 162908
   3774.87783 13.706 13.649 13.690 13.797 13.866    0.051 0.039 0.040 0.048 0.055  A 177580
   3797.84496 14.294 14.259 14.324 14.464 14.551    0.052 0.033 0.030 0.035 0.040  A 180330
   3802.88616 29.999 29.999 29.999 29.999 29.999    0.050 0.044 0.046 0.055 0.065  C 180968
   3835.82422 29.999 29.999 29.999 29.999 29.999    0.041 0.041 0.045 0.056 0.067  C 186172
   3853.85250 14.194 14.159 14.156 14.229 14.164    0.043 0.031 0.028 0.031 0.035  A 187861
   3865.77224 29.999 29.999 29.999 29.999 29.999    0.041 0.032 0.030 0.035 0.039  C 189748
   3880.78958 13.271 13.248 13.234 13.202 13.173    0.032 0.027 0.026 0.030 0.034  A 191856
   3887.72873 12.655 12.662 12.660 12.683 12.684    0.035 0.030 0.028 0.032 0.036  A 192689
   3893.71560 12.261 12.248 12.283 12.330 12.404    0.032 0.030 0.028 0.032 0.037  A 193736
   3896.72259 12.084 12.093 12.095 12.069 12.065    0.038 0.037 0.034 0.040 0.047  A 194063
   3900.82067 11.815 11.833 11.838 11.856 11.860    0.045 0.037 0.038 0.046 0.052  A 194715
   3902.80952 11.723 11.735 11.749 11.768 11.751    0.049 0.034 0.030 0.036 0.041  A 195090
   3906.86373 11.553 11.512 11.500 11.494 11.491    0.037 0.030 0.029 0.034 0.039  A 195868
   4136.87525 12.247 12.182 12.171 12.180 12.235    0.043 0.039 0.043 0.052 0.059  B 213065
   4151.88984 11.239 11.250 11.244 11.231 11.210    0.038 0.033 0.034 0.040 0.046  A 215051
   4159.86848 11.140 11.119 11.113 11.105 11.110    0.044 0.035 0.034 0.039 0.043  A 216224
   4167.84452 11.025 11.057 11.073 11.099 11.104    0.064 0.041 0.039 0.046 0.051  A 217386
   4174.83831 11.088 11.122 11.123 11.123 11.121    0.039 0.034 0.031 0.037 0.043  A 218296
   4177.86699 11.124 11.149 11.151 11.152 11.140    0.052 0.039 0.036 0.042 0.048  A 218684
   4180.87700 11.169 11.190 11.189 11.196 11.212    0.053 0.046 0.048 0.059 0.068  B 219069
   4183.86956 11.163 11.241 11.226 11.211 11.223    0.048 0.042 0.042 0.050 0.059  B 219482
   4187.87958 11.332 11.348 11.351 11.351 11.361    0.039 0.037 0.035 0.041 0.048  A 219873
   4190.86882 11.382 11.373 11.378 11.380 11.379    0.041 0.039 0.037 0.041 0.046  A 220312
   4193.83724 11.406 11.436 11.440 11.459 11.464    0.044 0.037 0.035 0.041 0.046  A 220801
   4199.79846 11.534 11.586 11.602 11.604 11.605    0.052 0.041 0.042 0.051 0.060  B 221433
   4203.83338 11.783 11.787 11.771 11.768 11.789    0.043 0.035 0.030 0.034 0.037  A 221848
   4207.82336 12.109 12.039 12.037 12.043 12.050    0.052 0.042 0.043 0.049 0.056  A 222289
   4213.85656 12.377 12.370 12.358 12.338 12.344    0.038 0.037 0.035 0.041 0.047  A 222661
   4216.85500 12.456 12.461 12.469 12.495 12.513    0.041 0.036 0.033 0.039 0.043  A 222943
   4229.81685 13.371 13.356 13.339 13.400 13.359    0.035 0.031 0.028 0.033 0.037  A 223576
   4231.81939 13.501 13.429 13.394 13.365 13.297    0.035 0.031 0.027 0.031 0.035  A 223935
   4250.72522 29.999 29.999 29.999 29.999 29.999    0.038 0.038 0.035 0.040 0.045  C 226681
   4332.54559 14.532 14.471 14.508 14.413 14.399    0.042 0.033 0.033 0.038 0.042  A 235648
   4340.65040 14.136 14.026 14.226 14.596 14.422    0.052 0.040 0.036 0.041 0.046  A 236773
   4342.64312 13.878 13.933 14.119 14.511 14.917    0.055 0.042 0.037 0.044 0.049  A 237101
   4348.64764 13.516 13.584 13.696 13.834 13.817    0.034 0.032 0.029 0.033 0.038  A 238138
   4353.52226 13.165 13.118 13.108 13.112 13.058    0.033 0.031 0.027 0.030 0.034  A 238820
   4357.61609 12.853 12.851 12.804 12.754 12.700    0.035 0.034 0.030 0.033 0.037  A 239456
   4359.59047 12.652 12.628 12.632 12.617 12.589    0.032 0.031 0.029 0.034 0.040  A 239784
   4361.56803 12.503 12.492 12.444 12.433 12.449    0.037 0.035 0.029 0.032 0.035  A 240003
   4363.56628 12.372 12.384 12.380 12.387 12.395    0.032 0.030 0.026 0.030 0.034  A 240314
   4365.58238 12.271 12.275 12.279 12.293 12.312    0.031 0.030 0.027 0.033 0.037  A 240631
   4368.62461 12.190 12.165 12.168 12.171 12.178    0.039 0.037 0.036 0.044 0.050  A 240982
   4372.63494 11.888 11.923 11.904 11.863 11.808    0.052 0.039 0.040 0.048 0.056  A 241632
   4375.63201 11.821 11.861 11.873 11.882 11.880    0.043 0.033 0.029 0.033 0.036  A 241958
   4380.56635 11.764 11.725 11.721 11.718 11.715    0.044 0.036 0.036 0.041 0.046  A 242696
   4382.61615 11.625 11.612 11.623 11.638 11.623    0.036 0.033 0.029 0.034 0.040  A 243017
   4385.52356 11.757 11.714 11.697 11.691 11.696    0.032 0.030 0.026 0.029 0.033  A 243451
   4387.52598 11.483 11.470 11.481 11.503 11.516    0.032 0.032 0.027 0.031 0.035  A 243770
   4389.52457 11.432 11.469 11.490 11.499 11.514    0.044 0.041 0.038 0.043 0.049  A 244068
   4393.54508 11.443 11.428 11.411 11.388 11.364    0.050 0.040 0.044 0.049 0.056  A 244620
   4402.53714 11.459 11.430 11.434 11.431 11.426    0.038 0.031 0.032 0.037 0.042  A 245081
   4407.54561 11.480 11.481 11.482 11.471 11.464    0.034 0.032 0.030 0.033 0.037  A 245548
   4411.53213 11.502 11.513 11.512 11.515 11.526    0.039 0.030 0.030 0.035 0.041  A 246062
   4559.85710 13.470 13.466 13.464 13.442 13.318    0.036 0.032 0.030 0.034 0.039  A 263428
   4562.85175 13.743 13.800 14.037 14.315 15.007    0.037 0.033 0.031 0.036 0.041  A 263930
   4565.84331 13.396 13.335 13.308 13.295 13.291    0.033 0.031 0.029 0.034 0.038  A 264427
   4568.83291 13.046 13.073 13.118 13.151 13.125    0.041 0.039 0.039 0.045 0.052  A 264892
   4573.86281 12.959 12.918 12.966 13.070 13.066    0.044 0.037 0.035 0.042 0.047  A 265755
#dataset= 3 ; 2 F1800-64_054
#desig= 173917-6655.0
#cra=   17.654725  17:39:17.0
#cdec= -66.916661 -66:54:60.0
#class= 0
#cmag_0= 12.560
#cmer_0=  1.298
#nskip_0= 0
#cmag_1= 12.562
#cmer_1=  1.297
#nskip_1= 0
#cmag_2= 12.589
#cmer_2=  1.335
#nskip_2= 0
#cmag_3= 12.633
#cmer_3=  1.385
#nskip_3= 0
#cmag_4= 12.656
#cmer_4=  1.427
#nskip_4= 0
#ra=   17.654725  17:39:17.0
#dec= -66.916661 -66:54:60.0
#     HJD      MAG_0  MAG_1  MAG_2  MAG_3  MAG_4    MER_0 MER_1 MER_2 MER_3 MER_4 GRADE FRAME
   1949.88440 13.072 13.059 13.103 13.288 13.276    0.044 0.036 0.033 0.037 0.041  A 9297
   1953.85967 13.490 13.521 13.689 13.996 14.291    0.042 0.039 0.032 0.035 0.038  A 9770
   1954.86439 13.375 13.484 13.585 13.653 13.661    0.053 0.044 0.037 0.041 0.044  A 9950
   1955.85557 13.487 13.417 13.349 13.368 13.360    0.040 0.038 0.030 0.032 0.035  A 10127
   1961.86849 13.846 13.715 13.650 13.587 13.536    0.040 0.038 0.030 0.032 0.035  A 10582
   1965.84655 29.999 29.999 29.999 29.999 29.999    0.041 0.039 0.030 0.035 0.034  C 11269
   1979.80071 29.999 29.999 29.999 29.999 29.999    0.050 0.046 0.039 0.044 0.045  C 12297
   1980.81385 29.999 29.999 29.999 29.999 29.999    0.051 0.046 0.040 0.045 0.045  C 12449
   1985.83849 29.999 29.999 29.999 29.999 29.999    0.054 0.047 0.040 0.046 0.044  C 13242
   1995.84925 29.999 29.999 29.999 29.999 29.999    0.080 0.065 0.055 0.063 0.063  D 13736
   1997.78608 29.999 29.999 29.999 29.999 29.999    0.061 0.051 0.044 0.049 0.046  C 14110
   1999.77623 29.999 29.999 29.999 29.999 29.999    0.075 0.062 0.051 0.054 0.055  D 14505
   2007.75885 29.999 29.999 29.999 29.999 29.999    0.079 0.066 0.057 0.065 0.067  D 15014
   2025.74536 14.643 14.853 15.278 16.032 16.125    0.035 0.024 0.024 0.028 0.032  A 17238
   2030.75508 29.999 29.999 29.999 29.999 29.999    0.042 0.026 0.026 0.030 0.033  C 17852
   2031.76397 29.999 29.999 29.999 29.999 29.999    0.043 0.029 0.027 0.031 0.034  C 18068
   2033.74442 29.999 29.999 29.999 29.999 29.999    0.042 0.029 0.027 0.031 0.034  C 18500
   2040.70783 14.398 14.320 14.321 14.278 14.011    0.084 0.046 0.043 0.047 0.052  D 19490
   2052.70843 14.125 14.076 14.153 14.127 13.999    0.062 0.035 0.033 0.036 0.039  A 19847
   2054.71831 29.999 29.999 29.999 29.999 29.999    0.074 0.040 0.036 0.040 0.043  C 20281
   2056.70131 14.067 13.854 13.791 13.832 14.003    0.066 0.033 0.029 0.033 0.037  A 20723
   2058.69848 29.999 29.999 29.999 29.999 29.999    0.050 0.028 0.027 0.031 0.036  C 21179
   2059.75946 29.999 29.999 29.999 29.999 29.999    0.065 0.048 0.051 0.063 0.072  C 21314
   2067.63664 13.397 13.335 13.446 13.622 13.538    0.071 0.038 0.035 0.038 0.041  B 21848
   2069.67132 13.016 12.963 12.937 12.902 12.899    0.057 0.031 0.029 0.034 0.037  A 22313
   2081.64349 11.614 11.604 11.612 11.617 11.625    0.041 0.028 0.026 0.031 0.034  A 23125
   2082.66378 11.453 11.467 11.487 11.505 11.526    0.044 0.028 0.026 0.030 0.034  A 23358
   2085.63646 11.162 11.174 11.173 11.182 11.187    0.034 0.029 0.026 0.029 0.032  A 23818
   2086.64024 11.109 11.107 11.117 11.122 11.119    0.036 0.026 0.025 0.029 0.032  A 24043
   2088.63208 10.937 10.958 10.976 10.987 10.995    0.043 0.028 0.025 0.030 0.033  A 24488
   2105.60029 10.693 10.683 10.675 10.688 10.685    0.051 0.031 0.029 0.032 0.036  A 26214
   2106.60345 10.641 10.641 10.653 10.651 10.654    0.042 0.029 0.027 0.031 0.034  A 26421
   2109.59619 10.656 10.674 10.653 10.659 10.669    0.040 0.030 0.026 0.030 0.035  A 26590
   2124.54386 10.754 10.782 10.755 10.762 10.764    0.057 0.035 0.034 0.038 0.042  A 27611
   2179.52167 12.537 12.563 12.557 12.544 12.539    0.042 0.033 0.029 0.034 0.038  A 33657
   2183.51951 12.817 12.788 12.790 12.793 12.825    0.043 0.037 0.031 0.036 0.040  A 33838
   2193.51489 13.495 13.340 13.307 13.327 13.252    0.058 0.036 0.032 0.036 0.041  A 35419
   2215.49497 29.999 29.999 29.999 29.999 29.999    0.055 0.046 0.045 0.053 0.062  C 38343
   2219.50438 29.999 29.999 29.999 29.999 29.999    0.052 0.041 0.034 0.037 0.041  C 38858
   2444.65562 29.999 29.999 29.999 29.999 29.999    0.028 0.029 0.024 0.027 0.029  C 8884
   2445.63507 14.210 14.510 14.895 15.486 17.910    0.029 0.030 0.026 0.029 0.032  A 9092
   2446.65836 29.999 29.999 29.999 29.999 29.999    0.033 0.033 0.028 0.031 0.033  C 9265
   2454.63269 29.999 29.999 29.999 29.999 29.999    0.053 0.051 0.048 0.053 0.058  C 9850
   2455.67729 29.999 29.999 29.999 29.999 29.999    0.069 0.063 0.063 0.073 0.082  D 9947
   2460.64002 29.999 29.999 29.999 29.999 29.999    0.031 0.031 0.024 0.025 0.025  C 10203
   2463.61452 29.999 29.999 29.999 29.999 29.999    0.034 0.035 0.028 0.031 0.034  C 10609
   2465.61257 29.999 29.999 29.999 29.999 29.999    0.043 0.037 0.031 0.033 0.033  C 11047
   2467.60910 29.999 29.999 29.999 29.999 29.999    0.028 0.030 0.022 0.023 0.024  C 11483
   2470.53838 29.999 29.999 29.999 29.999 29.999    0.042 0.039 0.032 0.037 0.034  C 11951
   2473.57024 29.999 29.999 29.999 29.999 29.999    0.048 0.042 0.036 0.037 0.039  C 12653
   2474.61921 29.999 29.999 29.999 29.999 29.999    0.036 0.036 0.029 0.032 0.030  C 12841
   2482.59943 29.999 29.999 29.999 29.999 29.999    0.055 0.049 0.043 0.050 0.047  C 13139
   2489.55492 29.999 29.999 29.999 29.999 29.999    0.060 0.056 0.051 0.058 0.062  C 13811
   2490.57097 29.999 29.999 29.999 29.999 29.999    0.056 0.048 0.040 0.042 0.042  C 14036
   2491.55753 29.999 29.999 29.999 29.999 29.999    0.070 0.058 0.049 0.048 0.050  C 14203
   2493.55266 29.999 29.999 29.999 29.999 29.999    0.049 0.042 0.034 0.036 0.036  C 14436
   2495.55981 29.999 29.999 29.999 29.999 29.999    0.055 0.046 0.037 0.039 0.037  C 14767
   2500.50783 29.999 29.999 29.999 29.999 29.999    0.051 0.047 0.041 0.045 0.046  C 15803
   2508.68284 29.999 29.999 29.999 29.999 29.999    0.030 0.030 0.027 0.031 0.036  C 16811
   2519.57841 13.322 13.480 13.525 13.644 13.647    0.058 0.048 0.039 0.045 0.041  A 17978
   2520.57449 13.450 13.450 13.486 13.546 13.552    0.032 0.031 0.022 0.022 0.024  A 18175
   2521.58415 13.325 13.261 13.326 13.388 13.410    0.036 0.026 0.023 0.025 0.027  A 18375
   2524.57458 12.931 12.904 12.971 12.986 12.974    0.044 0.044 0.036 0.040 0.041  A 18625
   2526.61221 12.805 12.796 12.803 12.862 12.926    0.028 0.024 0.022 0.025 0.027  A 18832
   2529.54895 12.431 12.460 12.534 12.633 12.751    0.085 0.065 0.055 0.057 0.056  D 19039
   2535.56396 11.536 11.534 11.549 11.568 11.562    0.035 0.027 0.024 0.026 0.028  A 19234
   2540.62204 11.032 11.014 11.041 11.025 11.032    0.031 0.029 0.027 0.031 0.034  A 19706
   2546.55367 10.822 10.778 10.772 10.788 10.783    0.041 0.029 0.025 0.027 0.031  A 20309
   2548.54490 10.739 10.732 10.741 10.735 10.734    0.032 0.027 0.023 0.025 0.028  A 20556
   2552.56839 10.688 10.649 10.657 10.646 10.652    0.053 0.043 0.037 0.041 0.038  A 21116
   2553.60615 10.677 10.674 10.672 10.687 10.691    0.035 0.029 0.025 0.027 0.029  A 21313
   2558.51953 10.606 10.604 10.616 10.613 10.612    0.034 0.032 0.025 0.027 0.028  A 21998
   2559.53528 10.673 10.619 10.612 10.622 10.629    0.034 0.030 0.030 0.033 0.037  A 22185
   2560.54703 10.748 10.730 10.717 10.722 10.721    0.055 0.031 0.028 0.031 0.035  A 22369
   2562.57224 10.592 10.615 10.616 10.618 10.624    0.040 0.027 0.027 0.031 0.035  A 22708
   2563.58855 10.560 10.659 10.641 10.652 10.637    0.034 0.030 0.026 0.029 0.032  A 22894
   2566.56051 10.639 10.706 10.661 10.662 10.652    0.031 0.028 0.027 0.032 0.035  A 23418
   2568.58737 10.665 10.618 10.615 10.623 10.615    0.045 0.045 0.039 0.044 0.046  A 23582
   2578.53574 10.733 10.716 10.688 10.699 10.694    0.036 0.034 0.027 0.029 0.029  A 24904
   2579.54203 10.783 10.740 10.748 10.747 10.748    0.035 0.036 0.029 0.030 0.031  A 25070
   2677.86666 29.999 29.999 29.999 29.999 29.999    0.033 0.032 0.033 0.038 0.043  C 38904
   2681.86943 29.999 29.999 29.999 29.999 29.999    0.027 0.024 0.022 0.025 0.027  C 39557
   2703.84887 14.543 14.532 14.762 14.876 14.934    0.030 0.032 0.030 0.036 0.037  A 43560
   2706.83267 29.999 29.999 29.999 29.999 29.999    0.029 0.024 0.023 0.027 0.030  C 44112
   2710.87764 29.999 29.999 29.999 29.999 29.999    0.026 0.030 0.028 0.032 0.036  C 44853
   2712.85583 29.999 29.999 29.999 29.999 29.999    0.024 0.026 0.025 0.028 0.030  C 45217
   2714.85034 29.999 29.999 29.999 29.999 29.999    0.025 0.025 0.023 0.027 0.030  C 45605
   2721.85249 29.999 29.999 29.999 29.999 29.999    0.044 0.052 0.056 0.066 0.072  D 46574
   2725.84454 29.999 29.999 29.999 29.999 29.999    0.028 0.030 0.030 0.035 0.039  C 47353
   2727.83473 29.999 29.999 29.999 29.999 29.999    0.028 0.029 0.026 0.030 0.034  C 47739
   2729.83478 29.999 29.999 29.999 29.999 29.999    0.027 0.029 0.027 0.033 0.035  C 48146
   2734.82264 29.999 29.999 29.999 29.999 29.999    0.031 0.035 0.035 0.041 0.042  C 48904
   2740.80938 14.346 14.421 14.572 15.143 16.353    0.023 0.025 0.022 0.026 0.028  A 50028
   2742.79788 29.999 29.999 29.999 29.999 29.999    0.039 0.042 0.043 0.052 0.059  C 50425
   2744.78778 29.999 29.999 29.999 29.999 29.999    0.031 0.035 0.034 0.040 0.044  C 50785
   2754.79541 12.750 12.842 12.896 12.944 12.987    0.032 0.037 0.039 0.044 0.046  A 52309
   2756.75743 12.480 12.525 12.538 12.555 12.522    0.028 0.034 0.032 0.037 0.038  A 52706
   2757.84434 12.275 12.289 12.349 12.383 12.435    0.034 0.040 0.040 0.044 0.048  A 52963
   2759.86147 11.925 11.956 11.953 11.952 11.958    0.032 0.032 0.028 0.031 0.034  A 53315
   2761.78767 11.793 11.798 11.748 11.739 11.744    0.038 0.040 0.041 0.049 0.054  A 53695
   2763.77065 11.573 11.585 11.609 11.624 11.646    0.031 0.037 0.037 0.043 0.046  A 54083
   2775.79912 10.865 10.933 10.920 10.940 10.955    0.038 0.037 0.037 0.044 0.049  A 55150
   2784.73495 10.958 10.980 10.966 11.021 11.025    0.027 0.034 0.029 0.036 0.037  A 56174
   2786.67982 11.008 10.962 10.961 10.966 10.964    0.037 0.034 0.035 0.039 0.042  A 56584
   2787.82495 11.019 11.021 10.999 10.990 10.986    0.035 0.038 0.041 0.042 0.042  A 56874
   2805.84304 11.154 11.171 11.183 11.185 11.185    0.037 0.031 0.031 0.037 0.041  A 59246
   2809.74243 11.146 11.213 11.191 11.178 11.188    0.030 0.036 0.034 0.033 0.033  A 59548
   2810.84573 11.132 11.159 11.152 11.145 11.143    0.030 0.025 0.024 0.025 0.028  A 59816
   2812.64137 11.184 11.236 11.228 11.252 11.297    0.029 0.032 0.034 0.040 0.046  A 60184
   2813.83135 11.217 11.145 11.147 11.159 11.187    0.032 0.031 0.029 0.033 0.035  A 60493
   2820.85954 11.287 11.291 11.294 11.283 11.292    0.030 0.028 0.026 0.031 0.036  A 61603
   2824.68550 11.456 11.459 11.417 11.401 11.343    0.065 0.066 0.069 0.082 0.096  D 61953
   2829.59551 11.617 11.624 11.687 11.765 11.879    0.044 0.044 0.044 0.052 0.060  B 62268
   2830.72342 11.660 11.677 11.721 11.770 11.783    0.045 0.045 0.044 0.051 0.057  A 62546
   2832.60409 11.725 11.724 11.663 11.621 11.488    0.033 0.038 0.037 0.045 0.049  A 62945
   2833.71967 11.814 11.823 11.800 11.799 11.799    0.033 0.037 0.030 0.035 0.040  A 63178
   2836.59431 11.920 11.880 11.880 11.880 11.899    0.030 0.034 0.031 0.037 0.039  A 63662
   2840.83495 12.259 12.254 12.285 12.316 12.289    0.033 0.032 0.032 0.038 0.044  A 64414
   2845.78027 12.406 12.461 12.473 12.485 12.468    0.026 0.027 0.020 0.022 0.025  A 65279
   2854.54778 12.852 12.912 12.938 12.961 13.023    0.033 0.034 0.030 0.036 0.038  A 65846
   2857.79441 13.288 13.270 13.406 13.533 13.536    0.036 0.036 0.035 0.040 0.046  A 66175
   2859.56476 13.240 13.290 13.362 13.461 13.422    0.025 0.028 0.024 0.027 0.031  A 66512
   2860.68708 13.268 13.252 13.253 13.277 13.260    0.032 0.027 0.026 0.030 0.034  A 66772
   2862.60834 13.113 13.185 13.194 13.147 13.021    0.035 0.038 0.038 0.045 0.051  A 67162
   2867.69811 13.627 13.745 13.820 13.847 14.043    0.027 0.028 0.025 0.027 0.030  A 67788
   2874.74216 13.921 13.911 13.885 13.903 13.839    0.034 0.028 0.026 0.029 0.032  A 68407
   2876.64417 14.017 14.032 14.079 14.015 13.915    0.031 0.027 0.024 0.026 0.028  A 68764
   2878.63939 13.862 13.906 14.246 14.928 15.291    0.034 0.032 0.033 0.038 0.044  A 69156
   2883.56688 29.999 29.999 29.999 29.999 29.999    0.033 0.033 0.032 0.037 0.041  C 69598
   2894.60695 29.999 29.999 29.999 29.999 29.999    0.034 0.030 0.030 0.034 0.039  C 71065
   2896.62145 29.999 29.999 29.999 29.999 29.999    0.027 0.026 0.026 0.029 0.032  C 71465
   2924.57019 29.999 29.999 29.999 29.999 29.999    0.030 0.029 0.028 0.032 0.035  C 75618
   3054.88222 11.464 11.462 11.456 11.472 11.481    0.026 0.028 0.025 0.029 0.034  A 91490
   3062.85671 29.999 29.999 29.999 29.999 29.999    0.062 0.064 0.073 0.088 0.105  D 92555
   3066.89115 12.088 12.084 12.115 12.144 12.158    0.025 0.025 0.025 0.028 0.032  A 92990
   3086.88313 13.252 13.253 13.305 13.361 13.431    0.028 0.026 0.027 0.031 0.036  A 95541
   3093.87886 13.439 13.431 13.469 13.508 13.587    0.028 0.029 0.030 0.036 0.042  A 96575
   3099.86927 29.999 29.999 29.999 29.999 29.999    0.035 0.035 0.037 0.043 0.049  C 97198
   3102.85041 29.999 29.999 29.999 29.999 29.999    0.032 0.032 0.033 0.038 0.043  C 97663
   3105.82744 13.928 13.898 13.865 13.792 13.695    0.027 0.026 0.027 0.032 0.036  A 98128
   3114.80734 29.999 29.999 29.999 29.999 29.999    0.027 0.028 0.026 0.030 0.034  C 99549
   3127.74974 29.999 29.999 29.999 29.999 29.999    0.043 0.047 0.051 0.061 0.070  C 101067
   3131.79094 29.999 29.999 29.999 29.999 29.999    0.030 0.031 0.032 0.040 0.046  C 101702
   3133.82020 29.999 29.999 29.999 29.999 29.999    0.047 0.047 0.049 0.052 0.053  C 102042
   3146.67597 29.999 29.999 29.999 29.999 29.999    0.025 0.025 0.024 0.028 0.031  C 103531
   3153.77252 29.999 29.999 29.999 29.999 29.999    0.026 0.025 0.024 0.028 0.032  C 103808
   3156.71073 29.999 29.999 29.999 29.999 29.999    0.052 0.054 0.061 0.073 0.084  D 104189
   3171.75210 29.999 29.999 29.999 29.999 29.999    0.033 0.034 0.033 0.037 0.042  C 106222
   3175.75260 29.999 29.999 29.999 29.999 29.999    0.026 0.026 0.025 0.028 0.032  C 106626
   3273.64269 11.184 11.174 11.193 11.183 11.169    0.042 0.037 0.037 0.045 0.054  A 116204
   3278.63157 11.367 11.355 11.331 11.323 11.329    0.047 0.041 0.039 0.046 0.053  A 116842
   3404.87598 29.999 29.999 29.999 29.999 29.999    0.038 0.031 0.031 0.039 0.044  C 128496
   3413.87031 29.999 29.999 29.999 29.999 29.999    0.047 0.050 0.058 0.072 0.084  D 129868
   3446.86733 12.221 12.192 12.169 12.166 12.140    0.031 0.029 0.026 0.029 0.032  A 134653
   3465.84795 10.642 10.624 10.626 10.640 10.658    0.041 0.031 0.029 0.034 0.038  A 137725
   3480.79416 10.760 10.692 10.690 10.702 10.718    0.053 0.038 0.036 0.039 0.042  A 140054
   3517.76709 12.270 12.216 12.189 12.168 12.151    0.037 0.029 0.029 0.032 0.036  A 144386
   3521.73029 12.593 12.535 12.547 12.555 12.584    0.042 0.036 0.037 0.042 0.048  A 144869
   3523.76691 12.801 12.706 12.624 12.554 12.516    0.059 0.037 0.033 0.035 0.038  A 145231
   3530.66766 13.120 13.179 13.221 13.225 13.169    0.032 0.027 0.025 0.030 0.034  A 146380
   3538.70738 13.550 13.557 13.577 13.536 13.585    0.032 0.030 0.029 0.033 0.037  A 146866
   3544.79320 13.971 13.793 13.835 13.934 14.090    0.033 0.030 0.031 0.035 0.040  A 147751
   3547.86266 29.999 29.999 29.999 29.999 29.999    0.045 0.040 0.043 0.053 0.063  C 148112
   3554.77074 14.147 14.332 14.575 14.804 15.104    0.035 0.034 0.032 0.038 0.044  A 148802
   3560.64612 14.031 14.232 14.466 14.456 14.462    0.088 0.051 0.046 0.050 0.055  D 149564
   3564.65255 14.369 14.490 14.600 14.734 14.811    0.031 0.028 0.025 0.029 0.033  A 150254
   3569.69389 14.434 14.347 14.533 14.861 15.397    0.032 0.030 0.026 0.030 0.035  A 150591
   3583.67976 29.999 29.999 29.999 29.999 29.999    0.030 0.026 0.025 0.029 0.032  C 152849
   3590.56926 29.999 29.999 29.999 29.999 29.999    0.032 0.028 0.025 0.029 0.032  C 153989
   3592.57384 29.999 29.999 29.999 29.999 29.999    0.041 0.029 0.026 0.030 0.033  C 154343
   3617.55627 29.999 29.999 29.999 29.999 29.999    0.030 0.032 0.030 0.035 0.041  C 157109
   3637.61131 14.462 14.631 14.897 15.090 15.675    0.037 0.040 0.039 0.042 0.046  A 159700
   3643.61000 14.337 14.457 14.423 14.245 14.100    0.034 0.035 0.035 0.038 0.042  A 160447
   3652.51641 14.026 13.950 13.833 13.760 13.806    0.044 0.034 0.034 0.039 0.045  A 161563
   3654.54240 29.999 29.999 29.999 29.999 29.999    0.039 0.031 0.031 0.037 0.042  C 161850
   3656.57064 13.780 13.831 13.991 14.124 13.915    0.039 0.028 0.029 0.034 0.039  A 162157
   3659.54197 13.890 13.798 13.951 14.152 14.192    0.035 0.034 0.034 0.039 0.046  A 162599
   3663.56849 13.136 13.025 13.006 13.039 13.160    0.045 0.032 0.033 0.038 0.042  A 163189
   3666.56372 12.778 12.741 12.730 12.708 12.633    0.040 0.029 0.029 0.033 0.037  A 163629
   3670.51410 12.316 12.255 12.245 12.233 12.266    0.029 0.028 0.024 0.028 0.031  A 164073
   3673.52184 11.999 11.989 12.005 12.013 12.032    0.035 0.027 0.027 0.031 0.035  A 164508
   3676.51984 11.713 11.701 11.699 11.698 11.689    0.038 0.028 0.028 0.031 0.037  A 164937
   3679.50730 11.525 11.494 11.484 11.456 11.490    0.055 0.049 0.055 0.065 0.073  B 165272
   3789.86864 13.833 13.702 13.773 13.961 14.010    0.052 0.035 0.034 0.040 0.046  A 179189
   3793.85005 13.979 13.819 13.767 13.773 13.624    0.065 0.042 0.039 0.044 0.049  A 179764
   3806.84732 14.404 14.374 14.456 14.559 14.495    0.061 0.039 0.037 0.043 0.049  A 181538
   3813.86527 29.999 29.999 29.999 29.999 29.999    0.048 0.037 0.036 0.042 0.049  C 182534
   3817.84043 29.999 29.999 29.999 29.999 29.999    0.057 0.038 0.036 0.042 0.048  C 183160
   3820.87948 29.999 29.999 29.999 29.999 29.999    0.050 0.037 0.038 0.046 0.053  C 183658
   3823.89473 14.519 14.605 14.638 14.566 14.492    0.052 0.042 0.043 0.049 0.055  A 184149
   3826.88417 29.999 29.999 29.999 29.999 29.999    0.047 0.037 0.036 0.043 0.050  C 184655
   3829.84807 29.999 29.999 29.999 29.999 29.999    0.042 0.034 0.033 0.039 0.045  C 185146
   3832.84601 29.999 29.999 29.999 29.999 29.999    0.037 0.032 0.030 0.035 0.040  C 185669
   3848.84659 29.999 29.999 29.999 29.999 29.999    0.061 0.052 0.055 0.065 0.074  D 186985
   3851.78702 29.999 29.999 29.999 29.999 29.999    0.040 0.033 0.031 0.034 0.037  C 187489
   3856.77534 14.363 14.289 14.354 14.512 14.556    0.040 0.033 0.029 0.032 0.035  A 188281
   3861.76554 14.050 13.943 14.016 14.141 14.023    0.039 0.031 0.028 0.032 0.035  A 189058
   3863.80324 14.024 13.972 13.976 14.055 14.023    0.050 0.034 0.030 0.034 0.038  A 189406
   3867.77967 13.920 13.902 14.142 14.387 14.586    0.035 0.032 0.033 0.038 0.044  A 190069
   3869.77158 29.999 29.999 29.999 29.999 29.999    0.039 0.040 0.045 0.055 0.064  C 190414
   3871.79736 13.807 13.747 13.858 14.128 14.492    0.048 0.036 0.034 0.041 0.046  A 190793
   3874.88749 13.544 13.437 13.330 13.289 13.276    0.030 0.028 0.029 0.033 0.038  A 191102
   3877.72859 13.426 13.379 13.337 13.314 13.352    0.034 0.030 0.027 0.031 0.035  A 191518
   3883.71340 12.956 12.969 13.025 13.103 13.124    0.037 0.030 0.029 0.033 0.036  A 192287
   3891.73955 29.999 29.999 29.999 29.999 29.999    0.034 0.030 0.025 0.029 0.032  C 193386
   3898.75454 11.941 11.976 12.008 12.023 12.056    0.034 0.033 0.033 0.040 0.047  A 194390
   3904.82408 11.556 11.555 11.565 11.582 11.611    0.036 0.029 0.027 0.032 0.036  A 195475
   3909.69996 11.333 11.316 11.296 11.298 11.283    0.034 0.028 0.026 0.030 0.032  A 196396
   3913.70283 11.121 11.105 11.111 11.123 11.127    0.037 0.030 0.029 0.032 0.035  A 196956
   4155.88683 11.081 11.098 11.089 11.088 11.107    0.075 0.045 0.041 0.045 0.048  B 215648
   4227.80688 13.296 13.349 13.371 13.461 13.565    0.038 0.035 0.030 0.035 0.038  A 223216
   4233.85544 29.999 29.999 29.999 29.999 29.999    0.047 0.044 0.047 0.055 0.065  C 224292
   4238.83292 29.999 29.999 29.999 29.999 29.999    0.050 0.047 0.047 0.058 0.068  C 225079
   4246.72840 29.999 29.999 29.999 29.999 29.999    0.040 0.039 0.035 0.041 0.044  C 226250
   4253.87424 29.999 29.999 29.999 29.999 29.999    0.051 0.044 0.040 0.047 0.053  C 226928
   4256.69719 29.999 29.999 29.999 29.999 29.999    0.031 0.031 0.027 0.032 0.038  C 227271
   4258.77114 14.511 14.531 14.618 14.681 14.900    0.046 0.036 0.031 0.035 0.040  A 227561
   4269.76112 29.999 29.999 29.999 29.999 29.999    0.037 0.036 0.035 0.042 0.049  C 228196
   4273.66153 29.999 29.999 29.999 29.999 29.999    0.036 0.037 0.033 0.035 0.038  C 228505
   4278.67208 29.999 29.999 29.999 29.999 29.999    0.031 0.030 0.028 0.032 0.036  C 229163
   4283.76386 29.999 29.999 29.999 29.999 29.999    0.052 0.044 0.049 0.060 0.070  C 229680
   4285.75350 29.999 29.999 29.999 29.999 29.999    0.045 0.038 0.038 0.045 0.052  C 230020
   4289.74575 29.999 29.999 29.999 29.999 29.999    0.036 0.034 0.030 0.034 0.039  C 230374
   4291.74548 29.999 29.999 29.999 29.999 29.999    0.035 0.033 0.028 0.031 0.034  C 230724
   4293.72986 29.999 29.999 29.999 29.999 29.999    0.034 0.032 0.027 0.030 0.033  C 231086
   4295.73892 29.999 29.999 29.999 29.999 29.999    0.040 0.037 0.034 0.038 0.041  C 231429
   4297.72951 29.999 29.999 29.999 29.999 29.999    0.045 0.045 0.049 0.058 0.066  C 231777
   4299.70399 14.935 14.866 14.733 14.552 14.319    0.040 0.032 0.029 0.033 0.037  A 232141
   4301.66083 29.999 29.999 29.999 29.999 29.999    0.037 0.033 0.031 0.037 0.043  C 232477
   4305.62172 29.999 29.999 29.999 29.999 29.999    0.040 0.039 0.037 0.041 0.045  C 233132
   4306.82316 29.999 29.999 29.999 29.999 29.999    0.036 0.033 0.028 0.033 0.037  C 233382
   4308.70444 29.999 29.999 29.999 29.999 29.999    0.049 0.045 0.047 0.055 0.063  C 233672
   4310.73166 29.999 29.999 29.999 29.999 29.999    0.056 0.043 0.040 0.047 0.051  C 233929
   4312.75303 29.999 29.999 29.999 29.999 29.999    0.042 0.040 0.040 0.045 0.053  C 234264
   4315.74937 29.999 29.999 29.999 29.999 29.999    0.049 0.048 0.046 0.054 0.061  C 234607
   4319.59095 29.999 29.999 29.999 29.999 29.999    0.031 0.030 0.025 0.029 0.033  C 234966
   4330.53684 29.999 29.999 29.999 29.999 29.999    0.033 0.030 0.026 0.030 0.034  C 235282
   4334.55911 29.999 29.999 29.999 29.999 29.999    0.034 0.033 0.034 0.039 0.044  C 236009
   4338.57995 29.999 29.999 29.999 29.999 29.999    0.043 0.041 0.039 0.045 0.050  C 236411
   4344.64348 13.977 13.883 13.922 14.068 13.902    0.037 0.037 0.036 0.042 0.048  A 237443
   4346.64064 99.999 99.999 99.999 99.999 99.999    0.049 0.042 0.030 0.034 0.037  C 237782
   4350.65769 13.274 13.188 13.162 13.212 13.231    0.038 0.034 0.034 0.039 0.044  A 238456
   4355.61197 12.907 12.954 12.971 12.955 12.969    0.029 0.029 0.026 0.031 0.035  A 239164
   4378.51036 11.767 11.748 11.742 11.745 11.744    0.041 0.034 0.034 0.038 0.043  A 242378
   4506.87631 29.999 29.999 29.999 29.999 29.999    0.056 0.042 0.039 0.043 0.048  C 256072
   4510.87324 29.999 29.999 29.999 29.999 29.999    0.056 0.053 0.058 0.070 0.084  D 256627
   4518.84732 29.999 29.999 29.999 29.999 29.999    0.042 0.040 0.042 0.051 0.060  C 257484
   4521.88206 29.999 29.999 29.999 29.999 29.999    0.040 0.036 0.034 0.039 0.045  C 257927
   4525.85218 29.999 29.999 29.999 29.999 29.999    0.039 0.037 0.038 0.045 0.053  C 258506
   4528.88390 29.999 29.999 29.999 29.999 29.999    0.042 0.038 0.036 0.041 0.045  C 258964
   4532.86334 29.999 29.999 29.999 29.999 29.999    0.037 0.036 0.034 0.038 0.042  C 259559
   4536.86653 14.650 14.548 14.568 14.591 14.682    0.040 0.034 0.029 0.032 0.036  A 260006
   4539.87702 29.999 29.999 29.999 29.999 29.999    0.054 0.051 0.055 0.068 0.081  D 260451
   4543.84258 29.999 29.999 29.999 29.999 29.999    0.050 0.042 0.041 0.046 0.049  C 261048
   4546.84972 14.309 14.311 14.382 14.392 13.935    0.067 0.048 0.045 0.051 0.057  B 261509
   4571.78852 13.221 13.136 13.106 13.159 13.248    0.039 0.037 0.034 0.038 0.043  A 265386
