#ndata= 11
#dataset= 1 ; 1 F1736-24_231
#desig= 175157-1815.0
#cra=   17.865823  17:51:57.0
#cdec= -18.249741 -18:14:59.1
#class= 0
#cmag_0= 13.204
#cmer_0=  0.192
#nskip_0= 0
#cmag_1= 13.241
#cmer_1=  0.192
#nskip_1= 0
#cmag_2= 13.239
#cmer_2=  0.199
#nskip_2= 0
#cmag_3= 13.238
#cmer_3=  0.212
#nskip_3= 0
#cmag_4= 13.316
#cmer_4=  0.274
#nskip_4= 0
#ra=   17.865823  17:51:57.0
#dec= -18.249741 -18:14:59.1
#     HJD      MAG_0  MAG_1  MAG_2  MAG_3  MAG_4    MER_0 MER_1 MER_2 MER_3 MER_4 GRADE FRAME
   2135.51964 13.083 13.159 13.143 13.101 13.040    0.053 0.036 0.031 0.035 0.040  A 29376
   2140.51811 13.209 13.241 13.261 13.267 13.472    0.049 0.038 0.038 0.045 0.049  A 30133
   2145.52188 13.253 13.319 13.342 13.379 13.528    0.046 0.034 0.031 0.036 0.042  A 31162
   2151.49808 13.155 13.167 13.191 13.236 13.285    0.051 0.036 0.036 0.044 0.048  A 31328
   2840.72629 13.210 13.262 13.247 13.244 13.262    0.038 0.033 0.031 0.037 0.043  A 64369
   2840.73545 99.999 99.999 99.999 99.999 99.999    0.037 0.032 0.031 0.037 0.042  C 64373
   2840.74505 13.165 13.294 13.426 13.499 13.692    0.042 0.039 0.036 0.045 0.050  A 64377
   2840.75434 29.999 29.999 29.999 29.999 29.999    0.040 0.039 0.034 0.041 0.047  C 64381
   2840.76381 13.392 13.403 13.391 13.385 13.570    0.038 0.039 0.033 0.040 0.046  A 64385
   3450.85327 13.059 12.994 12.943 12.909 12.881    0.043 0.035 0.036 0.044 0.050  A 135327
   3453.82661 13.183 13.153 13.071 13.010 13.026    0.042 0.035 0.037 0.043 0.050  A 135714
#ndata= 86
#dataset= 2 ; 1 F1808-24_232
#desig= 175157-1815.0
#cra=   17.865846  17:51:57.0
#cdec= -18.249884 -18:14:59.6
#class= 0
#cmag_0= 13.389
#cmer_0=  0.142
#nskip_0= 0
#cmag_1= 13.423
#cmer_1=  0.146
#nskip_1= 0
#cmag_2= 13.464
#cmer_2=  0.182
#nskip_2= 0
#cmag_3= 13.449
#cmer_3=  0.200
#nskip_3= 0
#cmag_4= 13.501
#cmer_4=  0.237
#nskip_4= 1
#ra=   17.865846  17:51:57.0
#dec= -18.249884 -18:14:59.6
#     HJD      MAG_0  MAG_1  MAG_2  MAG_3  MAG_4    MER_0 MER_1 MER_2 MER_3 MER_4 GRADE FRAME
   2135.55755 13.533 13.615 13.649 13.666 13.682    0.064 0.053 0.046 0.051 0.057  A 29391
   2140.53250 13.534 13.491 13.585 13.672 13.783    0.062 0.055 0.053 0.060 0.067  A 30139
   2141.55302 13.535 13.491 13.482 13.422 13.526    0.064 0.052 0.046 0.051 0.056  A 30359
   2143.54086 13.504 13.561 13.517 13.377 13.434    0.066 0.055 0.049 0.054 0.061  A 30759
   2144.53646 13.458 13.441 13.435 13.450 13.597    0.067 0.054 0.047 0.054 0.059  A 30960
   2145.52971 13.449 13.428 13.467 13.408 13.638    0.070 0.056 0.050 0.056 0.062  A 31164
   2151.51956 13.401 13.436 13.606 13.820 13.717    0.075 0.062 0.060 0.070 0.080  B 31337
   2840.53889 13.274 13.463 13.534 13.521 13.509    0.057 0.060 0.055 0.063 0.068  A 64291
   2840.54389 29.999 29.999 29.999 29.999 29.999    0.067 0.073 0.066 0.073 0.073  D 64293
   2840.54905 13.539 13.590 13.641 13.682 13.922    0.056 0.058 0.052 0.060 0.066  A 64295
   2840.55414 13.494 13.498 13.456 13.396 13.438    0.054 0.054 0.050 0.059 0.066  A 64297
   2840.55923 13.357 13.436 13.479 13.533 13.592    0.057 0.058 0.055 0.063 0.069  A 64299
   2840.56432 13.446 13.440 13.433 13.365 13.396    0.055 0.055 0.051 0.060 0.066  A 64301
   2840.56949 13.445 13.456 13.404 13.360 13.407    0.054 0.055 0.050 0.058 0.063  A 64303
   2840.57689 13.312 13.465 13.559 13.637 13.857    0.054 0.053 0.048 0.055 0.062  A 64306
   2840.58435 13.429 13.472 13.473 13.409 13.393    0.054 0.053 0.048 0.055 0.061  A 64309
   2840.59168 13.302 13.356 13.421 13.377 13.380    0.055 0.053 0.049 0.055 0.062  A 64312
   2840.59896 13.359 13.405 13.484 13.492 13.519    0.055 0.055 0.053 0.061 0.066  A 64315
   2840.60619 13.470 13.588 13.694 13.697 13.637    0.054 0.054 0.051 0.059 0.065  A 64318
   2840.61334 13.458 13.417 13.498 13.480 13.674    0.054 0.052 0.048 0.054 0.060  A 64321
   2840.62300 13.416 13.471 13.480 13.461 13.324    0.053 0.055 0.052 0.060 0.067  A 64325
   2840.63257 13.467 13.628 13.764 13.892 14.001    0.055 0.053 0.049 0.056 0.062  A 64329
   2840.64193 13.564 13.611 13.606 13.657 13.791    0.054 0.054 0.049 0.056 0.064  A 64333
   2840.65120 13.671 13.708 13.616 13.584 13.540    0.054 0.052 0.047 0.056 0.062  A 64337
   2840.66046 13.497 13.536 13.428 13.382 13.239    0.055 0.055 0.049 0.057 0.063  A 64341
   2840.66973 13.497 13.530 13.557 13.573 13.731    0.055 0.053 0.050 0.055 0.061  A 64345
   2840.67887 13.433 13.452 13.450 13.393 13.442    0.056 0.054 0.050 0.057 0.065  A 64349
   2840.68804 13.433 13.569 13.652 13.615 13.607    0.055 0.051 0.049 0.056 0.063  A 64353
   2840.69796 13.467 13.344 13.405 13.424 13.604    0.060 0.060 0.057 0.066 0.071  A 64357
   2840.70753 13.437 13.496 13.526 13.456 13.496    0.055 0.051 0.047 0.054 0.063  A 64361
   2840.71703 13.553 13.571 13.632 13.525 13.591    0.057 0.054 0.050 0.056 0.065  A 64365
   2841.50049 13.400 13.480 13.531 13.480 13.421    0.058 0.056 0.054 0.063 0.068  A 64493
   3156.63634 13.254 13.263 13.281 13.299 13.195    0.068 0.062 0.061 0.070 0.078  A 104164
   3156.66537 13.447 13.570 13.711 13.823 13.905    0.066 0.062 0.059 0.067 0.075  A 104174
   3156.75363 99.999 99.999 99.999 99.999 99.999    0.061 0.056 0.052 0.060 0.066  C 104204
   3156.77952 13.180 13.177 13.239 13.284 13.311    0.059 0.058 0.056 0.065 0.073  A 104214
   3156.83238 13.401 13.455 13.464 13.469 13.501    0.061 0.056 0.054 0.061 0.067  A 104234
   3156.86193 13.242 13.298 13.312 13.229 13.425    0.059 0.056 0.053 0.060 0.066  A 104244
   3167.57052 13.513 13.630 13.731 13.674 13.728    0.085 0.082 0.079 0.086 0.094  D 105556
   3167.62308 13.528 13.676 13.683 13.625 13.764    0.068 0.064 0.063 0.071 0.075  A 105576
   3176.54091 13.759 13.820 13.980 14.169 14.702    0.086 0.081 0.080 0.086 0.092  D 106727
   3176.59553 13.470 13.568 13.639 13.655 13.848    0.074 0.069 0.066 0.072 0.079  D 106747
   3450.87887 13.163 13.188 13.200 13.090 13.215    0.068 0.063 0.063 0.073 0.082  A 135337
   3541.62678 29.999 29.999 29.999 29.999 29.999    0.079 0.075 0.086 0.104 0.119  D 147245
   3541.62919 99.999 99.999 99.999 99.999 99.999    0.073 0.063 0.064 0.073 0.083  C 147246
   3541.63169 29.999 29.999 29.999 29.999 29.999    0.081 0.070 0.071 0.084 0.098  D 147247
   3541.76722 13.160 13.229 13.198 13.164 13.072    0.080 0.065 0.063 0.071 0.079  B 147286
   3549.79723 13.243 13.194 13.098 12.780 12.727    0.083 0.078 0.086 0.106 0.126  D 148148
   3550.56252 13.272 13.262 13.262 13.318 13.396    0.071 0.064 0.061 0.070 0.076  A 148188
   3550.62245 13.380 13.346 13.292 13.224 13.324    0.079 0.060 0.055 0.062 0.069  B 148208
   3550.67897 13.358 13.366 13.428 13.438 13.517    0.073 0.063 0.061 0.068 0.076  A 148228
   3552.57129 13.189 13.196 13.310 13.403 13.281    0.082 0.074 0.076 0.089 0.100  D 148438
   3552.60054 13.205 13.234 13.278 13.149 13.159    0.073 0.067 0.067 0.076 0.086  D 148448
   3573.46619 13.308 13.283 13.278 13.105 13.023    0.065 0.061 0.061 0.070 0.079  A 151051
   3573.46861 13.301 13.322 13.371 13.354 13.335    0.062 0.054 0.052 0.059 0.065  A 151052
   3573.47108 13.360 13.401 13.436 13.384 13.270    0.063 0.056 0.052 0.059 0.066  A 151053
   3573.47360 13.651 13.624 13.614 13.565 13.519    0.058 0.054 0.052 0.059 0.066  A 151054
   3573.47610 13.272 13.324 13.308 13.230 13.115    0.058 0.053 0.049 0.057 0.065  A 151055
   3573.47860 13.268 13.268 13.284 13.284 13.289    0.057 0.053 0.051 0.056 0.064  A 151056
   3573.48106 13.633 13.672 13.661 13.673 13.627    0.058 0.054 0.050 0.058 0.065  A 151057
   3573.48349 13.398 13.509 13.609 13.756 13.874    0.057 0.053 0.052 0.060 0.067  A 151058
   3573.48598 13.404 13.336 13.345 13.305 13.216    0.060 0.053 0.051 0.058 0.066  A 151059
   3573.48848 13.531 13.567 13.702 13.828 13.913    0.056 0.053 0.051 0.058 0.066  A 151060
   3573.49177 13.160 13.145 13.109 13.094 13.101    0.055 0.054 0.049 0.056 0.063  A 151061
   3573.49415 13.306 13.388 13.434 13.452 13.538    0.056 0.053 0.050 0.056 0.062  A 151062
   3573.49667 13.412 13.488 13.572 13.565 13.668    0.057 0.053 0.050 0.057 0.064  A 151063
   3573.49918 13.243 13.258 13.275 13.271 13.187    0.059 0.053 0.050 0.057 0.062  A 151064
   3573.50593 13.292 13.338 13.353 13.307 13.266    0.064 0.060 0.057 0.066 0.074  A 151066
   3573.51239 13.376 13.517 13.594 13.548 13.547    0.067 0.061 0.058 0.061 0.068  A 151068
   3573.51874 13.256 13.343 13.312 13.215 13.267    0.057 0.054 0.050 0.059 0.066  A 151070
   3573.52494 13.361 13.335 13.281 13.158 13.106    0.060 0.055 0.053 0.060 0.067  A 151072
   3573.53914 13.210 13.151 13.143 13.124 13.189    0.058 0.054 0.052 0.060 0.067  A 151077
   3573.55354 13.260 13.305 13.321 13.253 13.293    0.061 0.058 0.055 0.063 0.070  A 151082
   3573.58403 13.351 13.318 13.378 13.444 13.551    0.057 0.056 0.051 0.059 0.065  A 151092
   3573.61153 13.309 13.365 13.447 13.377 13.386    0.060 0.059 0.058 0.065 0.073  A 151102
   3573.63820 13.249 13.321 13.411 13.477 13.547    0.063 0.057 0.053 0.061 0.067  A 151112
   3573.66665 13.311 13.362 13.432 13.502 13.566    0.058 0.058 0.056 0.064 0.072  A 151122
   3573.69352 13.422 13.456 13.413 13.319 13.365    0.064 0.059 0.056 0.062 0.071  A 151132
   3573.72284 13.381 13.458 13.570 13.536 13.490    0.064 0.059 0.059 0.068 0.075  A 151142
   3573.75512 13.464 13.577 13.976 14.246 14.254    0.057 0.058 0.057 0.063 0.071  A 151152
   3573.78805 13.213 13.263 13.265 13.246 13.395    0.060 0.059 0.058 0.066 0.076  A 151162
   3573.81995 29.999 29.999 29.999 29.999 29.999    0.067 0.062 0.060 0.071 0.081  C 151172
   3574.48606 13.339 13.343 13.298 13.255 13.254    0.063 0.058 0.055 0.063 0.068  A 151234
   3574.51327 13.319 13.318 13.301 13.356 13.470    0.061 0.056 0.052 0.060 0.066  A 151244
   3574.54015 13.476 13.426 13.392 13.300 13.294    0.067 0.056 0.052 0.060 0.068  A 151254
   3574.56864 13.468 13.481 13.572 13.621 13.752    0.060 0.056 0.054 0.062 0.070  A 151264
#ndata= 295
#dataset= 3 ; 1 F1736-16_276
#desig= 175158-1814.9
#cra=   17.866016  17:51:57.7
#cdec= -18.247652 -18:14:51.5
#class= 0
#cmag_0= 13.197
#cmer_0=  0.297
#nskip_0= 0
#cmag_1= 13.174
#cmer_1=  0.307
#nskip_1= 0
#cmag_2= 13.249
#cmer_2=  0.325
#nskip_2= 0
#cmag_3= 13.283
#cmer_3=  0.382
#nskip_3= 0
#cmag_4= 13.331
#cmer_4=  0.405
#nskip_4= 0
#ra=   17.866016  17:51:57.7
#dec= -18.247652 -18:14:51.5
#     HJD      MAG_0  MAG_1  MAG_2  MAG_3  MAG_4    MER_0 MER_1 MER_2 MER_3 MER_4 GRADE FRAME
   1980.83939 29.999 29.999 29.999 29.999 29.999    0.057 0.050 0.043 0.050 0.048  C 12460
   1982.78124 29.999 29.999 29.999 29.999 29.999    0.051 0.049 0.043 0.045 0.049  C 12811
   1997.81005 13.234 13.317 13.440 13.598 13.717    0.061 0.052 0.043 0.050 0.049  B 14120
   2007.77342 13.168 12.856 12.866 12.916 13.085    0.086 0.071 0.060 0.066 0.070  D 15020
   2008.78124 29.999 29.999 29.999 29.999 29.999    0.085 0.071 0.058 0.065 0.065  D 15232
   2016.74768 12.672 12.722 12.721 12.746 12.716    0.061 0.053 0.043 0.046 0.046  B 16007
   2025.75581 13.548 13.457 13.368 13.369 13.374    0.040 0.027 0.027 0.030 0.034  A 17242
   2540.51591 13.025 13.255 13.265 13.198 13.306    0.079 0.065 0.054 0.056 0.057  D 19661
   2741.80834 13.624 13.664 13.765 14.009 14.054    0.037 0.049 0.040 0.045 0.041  A 50224
   2758.80704 13.212 13.119 13.134 13.186 13.201    0.030 0.039 0.031 0.035 0.035  A 53087
   2760.74656 13.251 13.108 13.083 13.064 13.104    0.044 0.058 0.043 0.043 0.042  B 53471
   2775.61865 12.859 12.949 13.335 14.005 14.551    0.081 0.084 0.087 0.102 0.114  D 55073
   2811.80901 13.297 13.191 13.169 13.133 13.079    0.040 0.041 0.032 0.037 0.041  A 60026
   3276.53790 29.999 29.999 29.999 29.999 29.999    0.043 0.040 0.042 0.051 0.059  C 116548
   3489.83185 29.999 29.999 29.999 29.999 29.999    0.062 0.046 0.046 0.055 0.064  C 141020
   3495.85350 29.999 29.999 29.999 29.999 29.999    0.085 0.088 0.102 0.117 0.130  D 141708
   3516.76131 29.999 29.999 29.999 29.999 29.999    0.064 0.044 0.043 0.053 0.062  C 144215
   3631.57000 29.999 29.999 29.999 29.999 29.999    0.047 0.034 0.033 0.040 0.045  C 158933
   3633.58707 29.999 29.999 29.999 29.999 29.999    0.039 0.034 0.035 0.041 0.047  C 159209
   3810.87267 29.999 29.999 29.999 29.999 29.999    0.044 0.032 0.035 0.043 0.048  C 182052
#dataset= 3 ; 2 F1736-16_276
#desig= 175157-1815.1
#cra=   17.865807  17:51:56.9
#cdec= -18.250879 -18:15:03.2
#class= 0
#cmag_0= 13.261
#cmer_0=  0.207
#nskip_0= 0
#cmag_1= 13.282
#cmer_1=  0.218
#nskip_1= 1
#cmag_2= 13.299
#cmer_2=  0.239
#nskip_2= 1
#cmag_3= 13.335
#cmer_3=  0.282
#nskip_3= 0
#cmag_4= 13.410
#cmer_4=  0.332
#nskip_4= 0
#ra=   17.865807  17:51:56.9
#dec= -18.250879 -18:15:03.2
#     HJD      MAG_0  MAG_1  MAG_2  MAG_3  MAG_4    MER_0 MER_1 MER_2 MER_3 MER_4 GRADE FRAME
   1947.89029 13.153 13.122 13.154 13.252 13.505    0.039 0.035 0.033 0.040 0.045  A 9001
   1950.87667 13.274 13.235 13.241 13.288 13.498    0.038 0.035 0.030 0.035 0.040  A 9470
   1953.87326 13.321 13.402 13.497 13.651 14.158    0.047 0.044 0.036 0.040 0.044  A 9776
   1954.87831 29.999 29.999 29.999 29.999 29.999    0.051 0.045 0.040 0.044 0.049  C 9956
   1961.89375 13.466 13.543 13.598 13.748 13.820    0.039 0.037 0.030 0.033 0.036  A 10593
   1963.87873 13.335 13.446 13.556 13.714 13.837    0.044 0.040 0.032 0.038 0.039  A 10914
   1965.87200 29.999 29.999 29.999 29.999 29.999    0.044 0.041 0.034 0.037 0.040  C 11280
   1967.87458 13.859 13.804 13.828 13.863 14.248    0.042 0.038 0.030 0.033 0.035  A 11624
   1978.82867 29.999 29.999 29.999 29.999 29.999    0.052 0.047 0.041 0.047 0.049  C 12117
   1979.85835 29.999 29.999 29.999 29.999 29.999    0.057 0.051 0.043 0.050 0.048  C 12322
   1981.85894 29.999 29.999 29.999 29.999 29.999    0.050 0.046 0.038 0.042 0.043  C 12652
   1994.79839 13.166 13.346 13.336 13.451 13.583    0.062 0.052 0.044 0.048 0.046  B 13515
   1995.85896 29.999 29.999 29.999 29.999 29.999    0.081 0.068 0.056 0.063 0.063  D 13740
   2009.77624 12.995 13.050 13.179 13.279 13.348    0.083 0.069 0.057 0.063 0.064  D 15430
   2026.78908 12.648 12.610 12.616 12.644 12.728    0.041 0.026 0.025 0.028 0.032  A 17473
   2027.76945 12.784 12.742 12.715 12.729 12.780    0.041 0.027 0.026 0.029 0.033  A 17684
   2030.76090 12.837 12.825 12.815 12.780 12.842    0.036 0.026 0.025 0.027 0.032  A 17854
   2031.76756 12.798 12.824 12.794 12.757 12.709    0.043 0.027 0.026 0.030 0.033  A 18069
   2032.75693 12.846 12.844 12.821 12.839 12.920    0.036 0.027 0.025 0.028 0.031  A 18286
   2033.75027 12.852 12.879 12.867 12.862 12.891    0.037 0.028 0.025 0.028 0.031  A 18502
   2052.70761 13.127 13.156 13.133 13.124 13.191    0.050 0.029 0.028 0.031 0.035  A 19846
   2054.71297 13.207 13.265 13.314 13.383 13.393    0.061 0.031 0.028 0.032 0.036  A 20278
   2055.69924 13.086 13.138 13.088 13.083 13.176    0.057 0.032 0.030 0.033 0.037  A 20494
   2056.70049 13.444 13.513 13.486 13.571 13.747    0.050 0.029 0.026 0.030 0.034  A 20722
   2057.69632 13.225 13.218 13.188 13.171 13.209    0.043 0.026 0.025 0.029 0.032  A 20948
   2058.69545 13.263 13.293 13.323 13.360 13.589    0.055 0.030 0.028 0.033 0.037  A 21177
   2061.69207 13.307 13.373 13.337 13.223 13.284    0.061 0.035 0.032 0.036 0.039  A 21404
   2068.72547 13.584 13.566 13.554 13.519 13.609    0.048 0.030 0.030 0.034 0.037  A 22111
   2069.67728 13.456 13.591 13.739 13.854 13.861    0.053 0.032 0.030 0.034 0.038  A 22315
   2070.66899 13.363 13.247 13.231 13.210 13.195    0.049 0.028 0.027 0.030 0.033  A 22539
   2080.58801 13.167 13.173 13.171 13.132 13.131    0.051 0.032 0.029 0.032 0.035  A 22874
   2081.64255 13.045 13.092 13.058 13.072 13.113    0.057 0.030 0.027 0.031 0.034  A 23124
   2082.66058 13.108 13.092 13.129 13.209 13.145    0.055 0.033 0.029 0.034 0.035  A 23356
   2083.64246 13.176 13.176 13.077 12.976 13.056    0.053 0.031 0.030 0.035 0.039  A 23592
   2085.63103 13.241 13.200 13.171 13.153 13.195    0.046 0.031 0.029 0.032 0.036  A 23815
   2086.63021 12.831 12.855 12.904 12.961 13.127    0.054 0.031 0.027 0.030 0.033  A 24038
   2087.63007 13.157 13.199 13.277 13.417 13.563    0.052 0.031 0.029 0.034 0.037  A 24258
   2088.62883 13.263 13.245 13.233 13.315 13.387    0.051 0.030 0.027 0.030 0.033  A 24486
   2096.65072 13.019 12.971 12.917 12.888 12.973    0.044 0.033 0.031 0.037 0.042  A 25455
   2102.58366 12.882 12.919 12.948 13.022 13.123    0.045 0.030 0.028 0.031 0.034  A 25639
   2103.60338 12.871 12.868 12.822 12.779 12.830    0.042 0.029 0.028 0.031 0.034  A 25794
   2104.60331 12.998 12.998 13.001 13.055 13.164    0.041 0.030 0.031 0.035 0.039  A 25996
   2106.60211 12.871 12.868 12.866 12.917 13.061    0.037 0.026 0.025 0.028 0.031  A 26420
   2109.59480 13.757 13.730 13.592 13.465 13.422    0.040 0.029 0.026 0.030 0.033  A 26589
   2115.56177 13.029 12.994 12.962 12.943 13.048    0.042 0.029 0.028 0.030 0.035  A 26834
   2116.56965 13.057 13.096 13.136 13.128 13.295    0.048 0.034 0.030 0.033 0.036  A 27056
   2117.56627 13.034 13.091 13.098 13.059 12.989    0.045 0.030 0.028 0.032 0.034  A 27276
   2124.54220 13.086 13.080 13.069 13.067 13.026    0.054 0.033 0.031 0.035 0.039  A 27610
   2125.55803 13.083 13.124 13.209 13.258 13.257    0.048 0.033 0.032 0.037 0.041  A 27829
   2128.54139 13.110 13.087 13.076 13.203 13.285    0.038 0.027 0.025 0.030 0.033  A 27896
   2129.54937 13.118 13.155 13.110 13.085 13.072    0.047 0.030 0.027 0.031 0.035  A 28116
   2131.50985 13.156 13.246 13.216 13.142 13.141    0.052 0.029 0.026 0.031 0.034  A 28512
   2132.54793 13.075 13.065 13.064 13.162 13.229    0.041 0.028 0.026 0.029 0.032  A 28747
   2133.53942 13.172 13.138 13.058 13.083 13.161    0.037 0.027 0.024 0.028 0.032  A 28953
   2136.54045 13.153 13.195 13.175 13.154 13.174    0.043 0.028 0.026 0.029 0.033  A 29596
   2142.51458 13.367 13.471 13.572 13.737 13.860    0.044 0.030 0.027 0.031 0.033  A 30545
   2144.50601 13.220 13.194 13.186 13.186 13.294    0.049 0.031 0.028 0.033 0.035  A 30949
   2156.47373 13.174 13.246 13.316 13.381 13.455    0.041 0.034 0.032 0.037 0.042  A 31579
   2168.56931 13.219 13.259 13.261 13.227 13.294    0.042 0.031 0.030 0.035 0.039  A 32236
   2172.52509 13.245 13.378 13.458 13.519 13.640    0.039 0.031 0.028 0.033 0.037  A 32747
   2178.49705 13.035 13.058 13.120 13.198 13.225    0.054 0.039 0.032 0.037 0.042  A 33544
   2185.48827 12.908 12.907 12.883 12.851 12.903    0.049 0.035 0.032 0.036 0.041  A 34203
   2189.49431 12.955 13.008 13.057 13.076 13.084    0.051 0.038 0.034 0.038 0.041  A 34751
   2193.49797 12.973 12.963 12.932 12.917 12.915    0.051 0.034 0.031 0.034 0.039  A 35412
   2198.48602 12.985 13.019 13.067 13.116 13.029    0.052 0.039 0.035 0.039 0.043  A 36251
   2441.65676 13.084 13.042 13.023 13.086 13.154    0.030 0.029 0.022 0.024 0.026  A 8286
   2444.64782 13.101 13.058 13.047 13.036 12.988    0.027 0.026 0.019 0.020 0.023  A 8880
   2445.63415 13.091 13.115 13.126 13.144 13.297    0.027 0.027 0.022 0.024 0.027  A 9091
   2446.65513 13.156 13.099 13.085 13.064 13.185    0.028 0.030 0.023 0.026 0.029  A 9263
   2452.61680 13.183 13.141 13.147 13.101 13.093    0.046 0.043 0.036 0.040 0.039  A 9452
   2460.63660 13.268 13.320 13.319 13.377 13.394    0.029 0.031 0.022 0.023 0.025  A 10201
   2464.60993 13.133 13.151 13.194 13.232 13.277    0.036 0.034 0.027 0.029 0.029  A 10825
   2465.61134 13.241 13.161 13.261 13.390 13.510    0.039 0.035 0.028 0.031 0.030  A 11046
   2466.59840 13.205 13.313 13.344 13.323 13.272    0.034 0.032 0.024 0.025 0.027  A 11259
   2467.60559 13.131 13.064 13.041 13.008 13.047    0.027 0.028 0.020 0.022 0.024  A 11481
   2468.60253 13.097 13.159 13.176 13.190 13.261    0.032 0.030 0.021 0.023 0.025  A 11698
   2470.53004 13.145 13.158 13.189 13.301 13.359    0.045 0.041 0.035 0.038 0.038  A 11947
   2473.56443 13.237 13.159 13.152 13.192 13.139    0.043 0.041 0.035 0.039 0.037  A 12650
   2481.55381 13.279 13.371 13.584 13.857 13.878    0.055 0.047 0.041 0.047 0.043  A 12960
   2482.59062 13.135 13.123 13.249 13.306 13.452    0.056 0.049 0.041 0.042 0.043  A 13135
   2486.56200 13.293 13.371 13.455 13.525 13.579    0.053 0.047 0.038 0.041 0.043  A 13288
   2489.55321 29.999 29.999 29.999 29.999 29.999    0.042 0.041 0.036 0.040 0.045  C 13810
   2493.55091 13.359 13.332 13.365 13.395 13.443    0.039 0.038 0.029 0.032 0.031  A 14435
   2494.55643 13.533 13.427 13.385 13.404 13.463    0.038 0.037 0.030 0.032 0.034  A 14628
   2497.54618 13.317 13.295 13.260 13.287 13.434    0.037 0.036 0.029 0.032 0.034  A 15185
   2498.53890 13.454 13.517 13.575 13.627 13.725    0.032 0.034 0.026 0.028 0.032  A 15393
   2499.53466 13.574 13.596 13.599 13.568 13.625    0.031 0.031 0.023 0.025 0.028  A 15602
   2501.52904 13.633 13.511 13.501 13.441 13.581    0.035 0.035 0.028 0.030 0.032  A 15961
   2508.56323 13.235 13.497 13.599 13.622 13.620    0.039 0.039 0.033 0.036 0.040  A 16761
   2510.50631 13.459 13.478 13.720 14.094 99.999    0.051 0.052 0.058 0.068 0.077  C 16921
   2511.58058 29.999 29.999 29.999 29.999 29.999    0.053 0.055 0.053 0.063 0.077  C 17068
   2524.60471 29.999 29.999 29.999 29.999 29.999    0.043 0.040 0.032 0.035 0.037  C 18638
   2543.54031 29.999 29.999 29.999 29.999 29.999    0.068 0.069 0.074 0.088 0.105  D 19874
   2544.51662 13.153 13.094 13.148 13.148 13.277    0.042 0.037 0.030 0.032 0.034  A 19932
   2549.53690 13.143 13.247 13.279 13.305 13.324    0.046 0.036 0.030 0.029 0.029  A 20737
   2552.52821 13.154 13.156 13.221 13.303 13.392    0.058 0.049 0.041 0.045 0.042  A 21099
   2560.48467 13.106 13.038 12.988 13.021 13.121    0.030 0.030 0.029 0.034 0.039  A 22343
   2704.84844 13.304 13.236 13.191 13.213 13.297    0.026 0.025 0.022 0.026 0.029  A 43753
   2712.83080 13.097 13.058 13.130 13.274 13.382    0.028 0.025 0.021 0.023 0.026  A 45206
   2724.90546 13.081 13.020 13.017 13.014 13.085    0.031 0.028 0.025 0.028 0.031  A 47176
   2733.84025 12.944 12.992 12.977 12.967 12.957    0.033 0.034 0.023 0.026 0.029  A 48707
   2735.83311 13.028 12.976 13.010 13.077 13.152    0.032 0.034 0.028 0.033 0.036  A 49109
   2737.81854 13.232 13.337 13.447 13.602 13.769    0.029 0.029 0.025 0.031 0.034  A 49498
   2739.81765 12.989 13.064 13.044 12.999 13.065    0.031 0.029 0.024 0.028 0.031  A 49835
   2743.80362 13.233 13.186 13.185 13.213 13.254    0.033 0.036 0.028 0.031 0.034  A 50614
   2747.81748 29.999 29.999 29.999 29.999 29.999    0.043 0.051 0.048 0.058 0.068  C 51079
   2754.80115 13.114 13.144 13.133 13.139 13.303    0.036 0.024 0.022 0.025 0.027  A 52311
   2756.76612 13.260 13.267 13.298 13.372 13.434    0.028 0.029 0.024 0.027 0.029  A 52709
   2762.73677 13.212 13.200 13.130 13.172 13.239    0.039 0.042 0.035 0.040 0.045  A 53875
   2764.73606 13.026 13.045 13.083 13.134 13.260    0.031 0.035 0.028 0.031 0.033  A 54288
   2768.83485 13.216 13.179 13.160 13.056 13.044    0.030 0.024 0.022 0.026 0.029  A 54650
   2782.81405 13.225 13.174 13.230 13.290 13.430    0.038 0.025 0.023 0.027 0.031  A 55788
   2784.72271 13.202 13.167 13.082 13.119 13.123    0.028 0.032 0.025 0.027 0.030  A 56168
   2786.68583 13.238 13.334 13.429 13.541 13.668    0.032 0.026 0.024 0.028 0.030  A 56586
   2787.83362 13.146 13.131 13.212 13.284 13.386    0.033 0.034 0.034 0.037 0.038  A 56877
   2791.65754 13.297 13.238 13.291 13.301 13.447    0.030 0.035 0.026 0.028 0.030  A 57555
   2795.73927 12.951 13.295 13.527 13.845 14.196    0.044 0.044 0.045 0.053 0.063  B 58196
   2808.69785 13.391 13.443 13.575 13.741 14.303    0.031 0.031 0.025 0.029 0.033  A 59330
   2810.62625 13.247 13.307 13.331 13.303 13.268    0.029 0.024 0.021 0.022 0.025  A 59727
   2813.70241 13.291 13.395 13.416 13.453 13.503    0.029 0.028 0.022 0.025 0.028  A 60438
   2820.69541 13.324 13.336 13.311 13.283 13.300    0.024 0.025 0.020 0.024 0.028  A 61536
   2822.72441 12.952 12.893 12.942 13.012 12.793    0.050 0.043 0.043 0.051 0.058  A 61896
   2833.62923 29.999 29.999 29.999 29.999 29.999    0.078 0.085 0.095 0.117 0.136  D 63139
   2834.76146 29.999 29.999 29.999 29.999 29.999    0.065 0.064 0.067 0.081 0.097  D 63388
   2836.59079 13.282 13.481 13.553 13.613 13.841    0.028 0.029 0.025 0.029 0.034  A 63660
   2839.64195 13.321 13.312 13.410 13.506 13.697    0.024 0.028 0.021 0.024 0.027  A 64111
   2841.69176 13.329 13.453 13.553 13.688 13.866    0.027 0.024 0.022 0.024 0.027  A 64563
   2843.63425 12.968 13.208 13.279 13.269 13.202    0.040 0.040 0.038 0.045 0.051  A 64906
   2851.57699 13.348 13.301 13.292 13.315 13.383    0.023 0.026 0.020 0.023 0.025  A 65414
   2855.61382 13.560 13.548 13.547 13.596 13.611    0.031 0.034 0.029 0.032 0.036  A 66050
   2861.55160 13.454 13.532 13.596 13.700 13.862    0.027 0.030 0.026 0.032 0.036  A 66932
   2862.66392 13.604 13.600 13.684 13.572 13.578    0.029 0.031 0.028 0.033 0.038  A 67184
   2866.66388 13.291 13.368 13.381 13.334 13.418    0.034 0.029 0.025 0.027 0.031  A 67569
   2872.51561 13.640 13.597 13.552 13.559 13.717    0.030 0.030 0.024 0.027 0.029  A 68110
   2875.56816 13.559 13.550 13.513 13.482 13.416    0.056 0.054 0.041 0.046 0.042  B 68522
   2877.56210 13.737 13.865 14.054 14.048 13.999    0.040 0.037 0.031 0.037 0.037  A 68917
   2879.56000 13.391 13.400 13.534 13.683 13.701    0.032 0.036 0.030 0.035 0.036  A 69222
   2882.58069 13.419 13.410 13.424 13.451 13.502    0.036 0.034 0.027 0.030 0.034  A 69483
   2888.48502 13.473 13.565 13.670 13.765 13.895    0.030 0.027 0.023 0.027 0.031  A 70381
   2892.48602 29.999 29.999 29.999 29.999 29.999    0.041 0.040 0.031 0.035 0.037  C 70621
   2893.61590 13.378 13.438 13.555 13.842 13.983    0.037 0.034 0.034 0.039 0.044  A 70871
   2895.60000 13.398 13.430 13.411 13.332 13.360    0.031 0.025 0.024 0.029 0.033  A 71256
   2897.60896 13.511 13.640 13.652 13.642 13.639    0.028 0.025 0.022 0.026 0.030  A 71660
   2899.59339 29.999 29.999 29.999 29.999 29.999    0.060 0.062 0.069 0.081 0.092  D 72017
   2905.56000 13.394 13.430 13.444 13.512 13.583    0.024 0.024 0.020 0.023 0.026  A 72948
   2908.57849 13.418 13.418 13.435 13.549 13.527    0.029 0.023 0.022 0.025 0.027  A 73404
   2910.57378 13.512 13.651 13.712 13.684 13.748    0.031 0.025 0.023 0.026 0.029  A 73698
   2915.49153 13.479 13.431 13.407 13.388 13.491    0.037 0.036 0.028 0.031 0.035  A 74324
   2917.52555 13.185 13.225 13.236 13.198 13.207    0.039 0.034 0.025 0.030 0.034  A 74719
   2921.52623 13.402 13.503 13.495 13.433 13.704    0.036 0.034 0.037 0.043 0.051  A 75042
   2923.52974 13.448 13.463 13.399 13.328 13.152    0.033 0.027 0.028 0.033 0.039  A 75412
   2926.53725 13.339 13.326 13.411 13.530 13.736    0.033 0.029 0.027 0.031 0.036  A 75776
   2928.53798 13.411 13.430 13.421 13.404 13.527    0.032 0.028 0.028 0.033 0.037  A 76150
   2931.50260 13.548 13.441 13.495 13.479 13.475    0.036 0.037 0.031 0.039 0.045  A 76666
   2933.51005 29.999 29.999 29.999 29.999 29.999    0.035 0.034 0.028 0.032 0.038  C 77023
   2935.51134 13.495 13.562 13.606 13.576 13.618    0.032 0.026 0.027 0.032 0.037  A 77381
   3054.89268 13.498 13.571 13.545 13.513 13.427    0.034 0.033 0.031 0.036 0.041  A 91494
   3062.88964 29.999 29.999 29.999 29.999 29.999    0.046 0.047 0.050 0.059 0.070  C 92563
   3067.90357 13.522 13.583 13.577 13.492 13.457    0.032 0.033 0.031 0.036 0.042  A 93138
   3071.86285 29.999 29.999 29.999 29.999 29.999    0.040 0.041 0.050 0.057 0.063  C 93701
   3075.86427 29.999 29.999 29.999 29.999 29.999    0.050 0.053 0.057 0.061 0.066  C 94211
   3080.85794 13.250 13.364 13.349 13.331 13.315    0.032 0.031 0.030 0.034 0.038  A 94936
   3086.91178 13.075 13.122 13.162 13.299 13.662    0.033 0.035 0.032 0.038 0.044  A 95551
   3090.84975 13.255 13.206 13.157 13.177 13.323    0.033 0.030 0.030 0.035 0.040  A 96143
   3093.89019 13.190 13.135 13.144 13.132 13.083    0.040 0.038 0.035 0.039 0.043  A 96579
   3097.79689 13.659 13.563 13.609 13.668 13.764    0.032 0.031 0.028 0.034 0.039  A 96867
   3099.86213 12.980 12.957 13.044 13.150 13.236    0.036 0.034 0.034 0.040 0.047  A 97195
   3102.84877 13.032 13.121 13.263 13.382 13.989    0.077 0.075 0.079 0.075 0.079  D 97662
   3106.87980 12.971 12.825 12.780 12.775 12.874    0.042 0.040 0.039 0.045 0.053  A 98307
   3109.81558 13.152 13.221 13.353 13.498 13.651    0.031 0.033 0.030 0.034 0.039  A 98750
   3112.81389 13.057 13.084 13.038 12.994 12.923    0.032 0.031 0.027 0.031 0.036  A 99220
   3115.80141 13.476 13.484 13.513 13.667 14.191    0.030 0.033 0.029 0.033 0.037  A 99714
   3122.80748 13.599 13.669 13.670 13.570 13.523    0.032 0.028 0.027 0.031 0.035  A 100271
   3124.86152 29.999 29.999 29.999 29.999 29.999    0.048 0.038 0.038 0.044 0.049  C 100627
   3128.82064 29.999 29.999 29.999 29.999 29.999    0.061 0.059 0.060 0.064 0.071  C 101262
   3133.86580 29.999 29.999 29.999 29.999 29.999    0.037 0.030 0.031 0.037 0.043  C 102057
   3142.88877 13.271 13.244 13.183 13.111 13.082    0.031 0.029 0.029 0.034 0.040  A 103192
   3146.69287 13.312 13.392 13.412 13.397 13.424    0.026 0.029 0.024 0.028 0.032  A 103535
   3152.83681 13.423 13.330 13.304 13.365 13.520    0.034 0.030 0.033 0.040 0.047  A 103664
   3154.69450 13.203 13.309 13.391 13.449 13.582    0.028 0.027 0.025 0.029 0.033  A 103960
   3162.68866 13.218 13.304 13.319 13.268 13.316    0.037 0.031 0.030 0.034 0.039  A 104862
   3164.72148 13.410 13.423 13.475 13.544 13.503    0.031 0.034 0.026 0.029 0.034  A 105225
   3167.73717 13.444 13.535 13.630 13.782 13.910    0.029 0.029 0.023 0.026 0.030  A 105618
   3169.71011 13.529 13.587 13.612 13.844 14.285    0.043 0.029 0.027 0.030 0.036  A 105949
   3171.84837 29.999 29.999 29.999 29.999 29.999    0.070 0.074 0.083 0.104 0.126  D 106254
   3175.84878 29.999 29.999 29.999 29.999 29.999    0.037 0.036 0.032 0.037 0.043  C 106656
   3178.65087 29.999 29.999 29.999 29.999 29.999    0.068 0.075 0.077 0.079 0.082  D 107060
   3180.74795 13.407 13.414 13.392 13.392 13.557    0.029 0.029 0.026 0.030 0.035  A 107377
   3183.73523 13.708 13.711 13.758 13.768 13.884    0.029 0.032 0.027 0.031 0.035  A 107683
   3189.65477 13.402 13.487 13.608 13.858 13.789    0.032 0.035 0.032 0.037 0.043  A 108432
   3191.74168 29.999 29.999 29.999 29.999 29.999    0.045 0.039 0.041 0.048 0.058  C 108759
   3279.50350 29.999 29.999 29.999 29.999 29.999    0.039 0.035 0.037 0.042 0.046  C 116927
   3293.52001 13.361 13.322 13.356 13.487 13.766    0.030 0.030 0.025 0.028 0.032  A 118277
   3298.49298 13.433 13.406 99.999 99.999 99.999    0.032 0.030 0.028 0.033 0.037  C 118758
   3408.88784 13.002 12.938 12.860 12.757 12.767    0.034 0.035 0.040 0.048 0.056  A 129120
   3412.89086 12.825 12.840 12.749 12.665 12.592    0.037 0.032 0.038 0.047 0.055  A 129708
   3416.88004 13.168 13.284 13.353 13.493 13.649    0.036 0.028 0.028 0.033 0.036  A 130353
   3420.88182 13.098 13.136 13.096 13.014 13.026    0.050 0.040 0.043 0.049 0.055  A 130993
   3424.87165 13.465 13.383 13.336 13.272 13.258    0.034 0.033 0.036 0.044 0.051  A 131594
   3427.87816 13.155 13.121 13.047 13.043 13.178    0.039 0.029 0.031 0.037 0.043  A 132074
   3431.86040 13.123 13.143 13.019 12.888 12.766    0.031 0.028 0.030 0.037 0.043  A 132441
   3439.87663 12.959 12.957 12.974 12.993 13.234    0.046 0.036 0.038 0.045 0.050  A 133416
   3443.88853 13.002 13.067 13.080 13.043 13.036    0.035 0.025 0.025 0.029 0.032  A 133838
   3447.84530 13.147 13.121 13.102 13.069 13.107    0.039 0.028 0.028 0.032 0.035  A 134816
   3450.85327 13.075 12.991 12.910 12.905 12.872    0.044 0.033 0.035 0.042 0.047  A 135327
   3453.82661 13.198 13.150 13.054 13.034 13.032    0.049 0.038 0.041 0.048 0.054  A 135714
   3456.84847 13.169 13.240 13.321 13.429 13.736    0.032 0.030 0.032 0.038 0.045  A 136256
   3463.81376 13.229 13.220 13.173 13.084 13.258    0.040 0.031 0.033 0.040 0.045  A 137379
   3466.84290 13.145 13.175 13.203 13.293 13.460    0.033 0.026 0.027 0.031 0.035  A 137898
   3469.83579 13.202 13.273 13.295 13.307 13.313    0.040 0.027 0.027 0.032 0.036  A 138315
   3475.81414 13.274 13.231 13.077 12.903 13.000    0.041 0.040 0.047 0.059 0.070  B 139266
   3478.78549 13.136 13.062 13.061 13.061 13.092    0.046 0.032 0.032 0.036 0.040  A 139772
   3480.87327 13.240 13.200 13.246 13.287 13.269    0.047 0.039 0.039 0.044 0.049  A 140080
   3483.77538 13.321 13.364 13.351 13.322 13.318    0.037 0.032 0.032 0.040 0.046  A 140539
   3491.86101 13.420 13.444 13.467 13.469 13.493    0.070 0.043 0.041 0.045 0.049  A 141384
   3499.76968 29.999 29.999 29.999 29.999 29.999    0.053 0.036 0.040 0.048 0.055  C 142157
   3504.73554 13.573 13.796 13.789 13.828 13.881    0.083 0.056 0.057 0.063 0.070  B 143016
   3508.77888 13.300 13.303 13.360 13.457 13.486    0.028 0.028 0.024 0.028 0.032  A 143286
   3510.82256 13.373 13.351 13.387 13.397 13.390    0.040 0.029 0.024 0.027 0.031  A 143544
   3512.72153 13.468 13.507 13.530 13.566 13.693    0.035 0.029 0.027 0.033 0.037  A 143888
   3520.72044 13.295 13.199 13.099 13.045 13.111    0.056 0.036 0.034 0.039 0.045  A 144700
   3522.74227 13.347 13.304 13.307 13.307 13.264    0.075 0.042 0.039 0.045 0.048  B 145056
   3524.77306 13.417 13.355 13.405 13.544 13.758    0.063 0.043 0.041 0.046 0.051  A 145385
   3526.79454 13.563 13.558 13.673 13.867 14.061    0.037 0.027 0.026 0.030 0.033  A 145731
   3536.87606 29.999 29.999 29.999 29.999 29.999    0.064 0.053 0.055 0.062 0.070  C 146713
   3544.69478 13.212 13.339 99.999 99.999 99.999    0.040 0.034 0.038 0.045 0.052  C 147718
   3547.74782 12.993 13.034 13.140 13.238 13.349    0.070 0.043 0.042 0.049 0.054  A 148072
   3551.73521 29.999 29.999 29.999 29.999 29.999    0.066 0.045 0.044 0.051 0.057  C 148341
   3556.77597 13.364 13.460 13.487 13.420 13.324    0.032 0.026 0.026 0.031 0.035  A 149111
   3562.58100 13.228 13.228 13.254 13.389 13.554    0.037 0.027 0.027 0.031 0.035  A 149894
   3564.62778 13.097 13.140 13.216 13.273 13.440    0.041 0.028 0.024 0.028 0.032  A 150245
   3571.60821 13.467 13.632 13.640 13.626 13.524    0.035 0.031 0.029 0.035 0.039  A 150896
   3574.62277 13.284 13.299 13.322 13.323 13.463    0.033 0.029 0.025 0.029 0.034  A 151278
   3576.64065 13.223 13.273 13.254 13.160 13.115    0.041 0.029 0.025 0.029 0.033  A 151644
   3578.64269 13.328 13.278 13.246 13.246 13.366    0.066 0.036 0.032 0.036 0.039  A 151977
   3583.57468 13.227 13.266 13.270 13.231 13.189    0.077 0.043 0.038 0.041 0.043  B 152812
   3585.63126 13.301 13.363 13.366 13.341 13.441    0.068 0.038 0.033 0.036 0.040  A 153178
   3587.64845 13.209 13.154 13.144 13.153 13.217    0.038 0.028 0.023 0.027 0.030  A 153526
   3589.66065 13.268 13.279 13.395 13.543 13.767    0.069 0.041 0.034 0.037 0.040  A 153851
   3594.51900 13.254 13.280 13.318 13.395 13.458    0.074 0.043 0.037 0.039 0.043  B 154660
   3599.57510 13.470 13.310 13.287 13.287 13.184    0.029 0.030 0.028 0.033 0.038  A 155247
   3601.61008 13.292 13.394 13.442 13.421 13.381    0.050 0.033 0.031 0.037 0.042  A 155549
   3603.61343 13.472 13.407 13.316 13.179 13.166    0.028 0.025 0.024 0.030 0.034  A 155875
   3606.61198 13.632 13.672 13.661 13.613 13.671    0.035 0.028 0.025 0.029 0.033  A 156189
   3615.51906 13.256 13.428 13.553 13.750 14.123    0.053 0.034 0.032 0.038 0.044  A 156854
   3618.55585 13.269 13.321 13.392 13.467 13.575    0.028 0.025 0.027 0.032 0.037  A 157258
   3620.57737 13.455 13.602 13.676 13.807 14.012    0.042 0.033 0.033 0.037 0.040  A 157570
   3626.49898 13.451 13.510 13.512 13.548 13.668    0.030 0.027 0.025 0.031 0.034  A 158274
   3629.57235 13.354 13.452 13.484 13.526 13.592    0.033 0.033 0.033 0.039 0.045  A 158595
   3637.55604 13.308 13.395 13.439 13.435 13.499    0.028 0.027 0.026 0.030 0.034  A 159681
   3641.53115 13.630 13.659 13.725 13.807 13.843    0.030 0.027 0.027 0.030 0.035  A 160141
   3643.56843 13.323 13.441 13.508 13.626 13.857    0.035 0.028 0.025 0.029 0.032  A 160434
   3647.52741 13.325 13.335 13.418 13.494 13.599    0.029 0.027 0.023 0.028 0.030  A 160867
   3654.48813 13.311 13.462 13.521 13.559 13.574    0.071 0.048 0.046 0.052 0.060  B 161831
   3658.49175 13.551 13.774 13.888 13.980 14.258    0.065 0.040 0.037 0.041 0.046  A 162423
   3661.49042 13.839 14.104 14.211 14.231 14.220    0.067 0.042 0.038 0.044 0.049  A 162884
   3663.52310 13.462 13.474 13.405 13.327 13.303    0.046 0.032 0.031 0.037 0.042  A 163174
   3672.49641 13.496 13.522 13.614 13.735 13.836    0.055 0.036 0.032 0.038 0.041  A 164353
   3799.87739 13.153 13.233 13.246 13.250 13.309    0.040 0.030 0.032 0.037 0.043  A 180614
   3834.80807 99.999 99.999 99.999 99.999 99.999    0.036 0.031 0.035 0.044 0.052  C 185999
   3837.81994 29.999 29.999 29.999 29.999 29.999    0.045 0.033 0.033 0.039 0.045  C 186509
   3847.84771 13.258 13.328 13.349 13.368 13.512    0.080 0.049 0.051 0.058 0.066  B 186808
   3862.80269 13.183 13.261 13.245 13.230 13.415    0.054 0.032 0.028 0.032 0.036  A 189250
   3864.74766 13.198 13.185 13.139 13.099 13.136    0.064 0.038 0.034 0.038 0.041  A 189573
   3868.77819 13.273 13.224 13.209 13.241 13.219    0.065 0.041 0.039 0.045 0.051  A 190241
   3872.78651 13.236 13.288 13.363 13.549 13.765    0.041 0.031 0.030 0.035 0.039  A 190980
   3875.90156 13.254 13.436 13.538 13.513 13.637    0.051 0.037 0.035 0.041 0.045  A 191258
   3892.72546 13.346 13.282 13.245 13.222 13.226    0.051 0.032 0.029 0.033 0.037  A 193553
   3894.71662 13.304 13.307 13.313 13.307 13.413    0.029 0.030 0.027 0.030 0.034  A 193881
   3901.73240 13.468 13.416 13.385 13.339 13.424    0.071 0.042 0.036 0.041 0.045  B 194877
   3905.73827 13.552 13.557 13.540 13.582 13.597    0.060 0.041 0.037 0.040 0.042  A 195632
   4245.71486 29.999 29.999 29.999 29.999 29.999    0.057 0.061 0.068 0.084 0.098  D 226064
   4255.73738 13.424 13.533 13.530 13.555 13.666    0.045 0.041 0.044 0.053 0.064  B 227109
   4258.67148 13.501 13.623 99.999 99.999 99.999    0.032 0.031 0.029 0.033 0.038  C 227527
   4533.88823 13.359 13.381 13.369 13.348 13.287    0.039 0.035 0.034 0.039 0.045  A 259659
#ndata= 372
#dataset= 4 ; 1 F1808-16_277
#desig= 175157-1815.0
#cra=   17.865867  17:51:57.1
#cdec= -18.249776 -18:14:59.2
#class= 0
#cmag_0= 13.310
#cmer_0=  0.222
#nskip_0= 2
#cmag_1= 13.321
#cmer_1=  0.221
#nskip_1= 2
#cmag_2= 13.335
#cmer_2=  0.227
#nskip_2= 3
#cmag_3= 13.351
#cmer_3=  0.248
#nskip_3= 6
#cmag_4= 13.406
#cmer_4=  0.289
#nskip_4= 10
#ra=   17.865867  17:51:57.1
#dec= -18.249776 -18:14:59.2
#     HJD      MAG_0  MAG_1  MAG_2  MAG_3  MAG_4    MER_0 MER_1 MER_2 MER_3 MER_4 GRADE FRAME
   1948.88942 13.060 13.064 13.096 13.031 12.923    0.048 0.039 0.039 0.048 0.056  A 9128
   1950.88969 13.227 13.314 13.282 13.204 13.392    0.040 0.036 0.033 0.039 0.045  A 9475
   1953.89313 13.245 13.274 13.326 13.400 13.741    0.053 0.049 0.043 0.050 0.057  B 9785
   1955.87332 13.288 13.286 13.279 13.252 13.246    0.044 0.039 0.032 0.035 0.039  A 10135
   1961.90457 29.999 29.999 29.999 29.999 29.999    0.072 0.065 0.063 0.073 0.082  D 10598
   1965.88086 13.365 13.470 13.538 13.542 13.654    0.047 0.042 0.033 0.038 0.042  A 11284
   1967.88071 13.856 13.817 13.643 13.467 13.519    0.047 0.041 0.031 0.035 0.038  A 11627
   1978.85132 29.999 29.999 29.999 29.999 29.999    0.059 0.051 0.044 0.048 0.052  C 12127
   1979.87834 13.503 13.640 13.737 13.989 14.601    0.059 0.051 0.042 0.048 0.048  B 12331
   1981.82142 13.578 13.588 13.613 13.599 13.420    0.053 0.046 0.039 0.044 0.045  B 12636
   1982.82228 13.494 13.494 13.437 13.403 13.468    0.056 0.050 0.042 0.047 0.047  B 12829
   1994.81864 13.169 13.270 13.346 13.499 13.714    0.068 0.058 0.047 0.052 0.051  D 13524
   1997.82994 13.289 13.316 13.369 13.434 13.537    0.070 0.058 0.047 0.052 0.053  D 14129
   2009.79383 12.893 12.923 12.920 12.974 12.983    0.084 0.071 0.060 0.066 0.066  D 15438
   2025.78010 12.778 12.782 12.807 12.771 12.704    0.039 0.027 0.025 0.028 0.032  A 17253
   2026.82102 12.854 12.787 12.798 12.757 12.829    0.050 0.029 0.028 0.031 0.036  A 17487
   2027.78682 12.727 12.790 12.749 12.775 12.787    0.044 0.029 0.029 0.033 0.036  A 17692
   2030.78063 12.676 12.771 12.802 12.889 12.964    0.039 0.027 0.027 0.031 0.035  A 17863
   2032.77208 12.843 12.901 12.934 13.008 13.186    0.040 0.028 0.027 0.031 0.035  A 18293
   2033.76772 12.909 12.935 12.905 12.885 12.889    0.038 0.027 0.026 0.029 0.032  A 18510
   2037.72738 13.003 13.051 13.114 13.208 13.325    0.050 0.032 0.033 0.039 0.043  A 19009
   2052.72751 29.999 29.999 29.999 29.999 29.999    0.054 0.031 0.030 0.034 0.038  C 19855
   2053.74482 13.439 13.345 13.304 13.280 13.372    0.050 0.029 0.027 0.032 0.036  A 20069
   2054.73293 13.305 13.326 13.273 13.230 13.102    0.058 0.031 0.030 0.035 0.040  A 20287
   2055.72158 13.196 13.158 13.182 13.267 13.310    0.057 0.031 0.029 0.033 0.038  A 20504
   2056.72279 13.326 13.287 13.208 13.150 13.213    0.050 0.029 0.027 0.032 0.036  A 20732
   2057.71862 13.340 13.219 13.194 13.184 13.273    0.049 0.029 0.027 0.032 0.036  A 20958
   2058.71537 13.311 13.379 13.482 13.580 13.740    0.059 0.032 0.030 0.036 0.041  A 21186
   2061.71006 13.439 13.381 13.299 13.259 13.372    0.055 0.031 0.030 0.035 0.039  A 21412
   2069.74527 13.374 13.326 13.336 13.368 13.362    0.043 0.030 0.029 0.033 0.037  A 22343
   2070.71131 13.424 13.357 13.358 13.416 13.492    0.046 0.029 0.028 0.033 0.036  A 22549
   2080.60844 13.515 13.497 13.435 13.351 13.440    0.054 0.030 0.029 0.034 0.038  A 22883
   2081.66289 13.285 13.141 13.055 13.033 13.157    0.054 0.030 0.028 0.033 0.037  A 23133
   2082.67406 13.139 13.131 13.047 12.993 12.945    0.055 0.030 0.029 0.033 0.037  A 23362
   2083.66054 29.999 29.999 29.999 29.999 29.999    0.064 0.053 0.060 0.074 0.085  D 23600
   2085.65354 13.132 13.188 13.252 13.324 13.395    0.047 0.031 0.030 0.035 0.039  A 23825
   2086.66036 13.100 13.090 13.129 13.185 13.331    0.048 0.028 0.027 0.032 0.036  A 24051
   2087.64815 29.999 29.999 29.999 29.999 29.999    0.055 0.035 0.035 0.042 0.047  C 24266
   2088.64916 13.000 12.972 12.947 12.904 12.844    0.050 0.029 0.028 0.033 0.037  A 24495
   2096.66953 12.948 12.959 12.927 12.843 12.868    0.050 0.035 0.033 0.038 0.042  A 25463
   2102.60415 13.044 13.101 13.105 13.147 13.238    0.044 0.030 0.028 0.032 0.036  A 25648
   2103.62159 12.959 12.957 12.921 12.887 12.983    0.047 0.028 0.027 0.032 0.036  A 25802
   2104.62166 12.936 12.985 13.039 13.102 13.129    0.046 0.030 0.028 0.033 0.037  A 26004
   2105.61732 12.941 12.987 13.067 13.151 13.195    0.050 0.031 0.029 0.033 0.036  A 26221
   2106.62045 12.896 12.903 12.929 12.962 12.976    0.043 0.028 0.026 0.031 0.036  A 26428
   2109.60866 12.901 12.971 13.021 13.084 13.162    0.043 0.030 0.027 0.031 0.035  A 26595
   2115.58082 12.964 12.985 12.997 13.001 13.047    0.046 0.031 0.029 0.032 0.036  A 26841
   2116.58808 13.026 12.969 12.928 12.946 12.892    0.045 0.031 0.029 0.033 0.037  A 27064
   2117.58467 13.020 13.039 12.992 12.972 13.010    0.042 0.029 0.026 0.032 0.035  A 27284
   2124.59270 13.142 13.154 13.122 13.094 13.050    0.055 0.036 0.034 0.038 0.043  A 27631
   2125.57430 13.053 13.037 13.073 13.098 13.219    0.050 0.034 0.033 0.038 0.044  A 27836
   2128.55996 13.215 13.223 13.229 13.193 13.188    0.043 0.029 0.027 0.031 0.036  A 27904
   2129.56811 13.320 13.364 13.366 13.332 13.389    0.049 0.032 0.029 0.033 0.037  A 28124
   2130.57270 13.068 13.085 13.073 13.040 13.025    0.045 0.030 0.028 0.032 0.036  A 28340
   2131.55609 13.205 13.223 13.269 13.298 13.414    0.048 0.028 0.027 0.031 0.035  A 28532
   2132.56876 13.219 13.282 13.222 13.166 13.077    0.050 0.031 0.029 0.034 0.037  A 28756
   2133.56073 13.025 13.120 13.176 13.148 13.226    0.043 0.030 0.028 0.033 0.036  A 28962
   2134.56358 13.151 13.263 13.323 13.358 13.416    0.045 0.032 0.028 0.032 0.035  A 29181
   2135.55975 13.282 13.330 13.429 13.582 13.841    0.045 0.030 0.028 0.033 0.037  A 29392
   2136.55930 13.151 13.236 13.280 13.334 13.536    0.042 0.030 0.028 0.032 0.036  A 29604
   2143.53626 13.267 13.263 13.233 13.210 13.200    0.051 0.033 0.031 0.034 0.038  A 30757
   2144.53422 13.138 13.194 13.219 13.215 13.287    0.049 0.032 0.029 0.033 0.038  A 30959
   2145.53192 13.252 13.352 13.400 13.442 13.559    0.052 0.032 0.029 0.033 0.038  A 31165
   2156.49719 13.226 13.227 13.198 13.189 13.127    0.042 0.033 0.030 0.036 0.040  A 31589
   2164.47644 13.204 13.220 13.301 13.319 13.331    0.049 0.035 0.032 0.037 0.042  A 31896
   2168.55432 13.290 13.213 13.190 13.247 13.314    0.038 0.031 0.030 0.036 0.040  A 32229
   2172.49392 13.169 13.182 13.191 13.167 13.214    0.047 0.033 0.031 0.035 0.039  A 32733
   2178.49102 12.969 12.988 12.907 12.783 12.724    0.049 0.037 0.035 0.040 0.044  A 33541
   2442.67230 13.210 13.232 13.283 13.445 13.605    0.042 0.039 0.031 0.033 0.035  A 8500
   2443.66859 13.142 13.029 13.058 13.104 13.193    0.034 0.032 0.025 0.027 0.029  A 8684
   2444.66828 13.111 13.229 13.259 13.225 13.196    0.034 0.031 0.024 0.027 0.030  A 8889
   2445.65451 13.190 13.192 13.231 13.229 13.253    0.030 0.029 0.025 0.029 0.033  A 9100
   2446.67316 13.222 13.243 13.288 13.356 13.429    0.034 0.033 0.027 0.031 0.035  A 9271
   2452.63497 13.045 13.059 13.087 13.116 13.013    0.055 0.048 0.041 0.044 0.048  B 9460
   2454.64752 29.999 29.999 29.999 29.999 29.999    0.047 0.045 0.038 0.043 0.047  C 9856
   2455.68545 13.153 13.236 13.309 13.502 13.530    0.053 0.052 0.049 0.054 0.060  B 9950
   2460.65480 13.109 13.112 13.202 13.371 13.545    0.034 0.032 0.024 0.027 0.029  A 10209
   2463.62481 13.143 13.185 13.232 13.293 13.352    0.043 0.037 0.028 0.034 0.036  A 10613
   2464.62593 13.131 13.110 13.156 13.158 13.183    0.045 0.040 0.031 0.034 0.034  A 10832
   2465.62962 13.093 13.158 13.265 13.384 13.477    0.046 0.040 0.032 0.036 0.035  A 11054
   2466.62014 13.009 13.064 13.098 13.125 13.179    0.043 0.037 0.029 0.031 0.032  A 11268
   2467.62167 12.975 13.063 13.016 12.975 12.944    0.032 0.029 0.024 0.027 0.029  A 11488
   2468.62080 13.028 13.054 13.053 13.083 13.128    0.037 0.034 0.025 0.026 0.029  A 11706
   2470.56772 13.267 13.128 13.217 13.406 13.592    0.050 0.044 0.037 0.041 0.039  A 11963
   2473.58507 13.091 13.046 13.147 13.259 13.413    0.053 0.048 0.040 0.044 0.043  B 12659
   2474.62948 13.047 13.051 13.110 13.159 13.317    0.041 0.038 0.032 0.034 0.037  A 12845
   2481.57466 13.520 13.465 13.339 13.348 13.343    0.067 0.055 0.044 0.049 0.049  B 12969
   2482.61225 13.174 13.378 13.392 13.424 13.517    0.060 0.050 0.042 0.048 0.045  B 13144
   2486.58058 13.340 13.315 13.376 13.442 13.414    0.067 0.055 0.045 0.049 0.048  B 13296
   2489.56732 13.403 13.394 13.670 14.101 15.433    0.050 0.045 0.039 0.044 0.047  B 13816
   2490.59280 13.498 13.438 13.529 13.573 13.731    0.047 0.041 0.032 0.036 0.035  A 14045
   2493.56726 13.411 13.443 13.556 13.776 13.946    0.046 0.042 0.035 0.038 0.038  A 14442
   2494.57276 13.579 13.611 13.590 13.620 13.793    0.047 0.045 0.039 0.043 0.048  B 14635
   2495.57221 13.384 13.401 13.459 13.521 13.653    0.051 0.045 0.037 0.043 0.039  B 14772
   2497.56935 13.549 13.776 14.063 14.445 14.565    0.039 0.036 0.028 0.030 0.033  A 15195
   2498.55753 13.459 13.457 13.416 13.410 13.687    0.037 0.035 0.028 0.031 0.035  A 15401
   2499.55337 13.373 13.314 13.282 13.207 13.249    0.035 0.034 0.026 0.028 0.031  A 15610
   2501.54106 13.235 13.270 13.254 13.216 13.146    0.042 0.037 0.029 0.032 0.034  A 15966
   2508.57531 13.221 13.243 13.269 13.306 13.321    0.050 0.045 0.039 0.043 0.047  B 16766
   2510.53540 13.265 13.144 13.130 13.143 13.177    0.036 0.037 0.038 0.044 0.046  A 16933
   2511.59706 29.999 29.999 29.999 29.999 29.999    0.049 0.047 0.045 0.053 0.063  C 17075
   2524.61810 13.245 13.161 13.162 13.213 13.154    0.043 0.041 0.034 0.037 0.039  A 18642
   2543.52891 12.940 12.876 12.882 12.878 12.957    0.037 0.039 0.038 0.043 0.047  A 19869
   2544.48266 13.146 13.219 13.214 13.284 13.379    0.040 0.038 0.032 0.035 0.039  A 19917
   2545.52553 13.156 13.220 13.156 13.129 13.121    0.036 0.031 0.027 0.029 0.032  A 20124
   2547.52394 13.030 13.024 12.988 12.978 13.036    0.034 0.026 0.024 0.028 0.031  A 20374
   2549.52162 99.999 99.999 99.999 99.999 99.999    0.038 0.031 0.027 0.028 0.029  C 20730
   2552.51302 13.030 13.084 13.156 13.280 13.325    0.068 0.053 0.044 0.049 0.049  B 21092
   2560.52971 13.247 13.162 13.190 13.226 13.249    0.050 0.040 0.030 0.034 0.037  A 22362
   2683.88971 13.174 13.213 13.178 13.126 13.247    0.032 0.031 0.031 0.036 0.041  A 39923
   2690.88360 12.923 12.948 12.914 12.899 12.874    0.050 0.065 0.052 0.058 0.063  D 41199
   2698.87856 13.173 13.369 13.474 13.559 13.813    0.046 0.061 0.047 0.053 0.059  D 42612
   2701.87404 13.009 13.107 13.052 12.976 12.938    0.035 0.037 0.028 0.030 0.033  A 43188
   2707.86911 29.999 29.999 29.999 29.999 29.999    0.046 0.055 0.049 0.060 0.071  D 44307
   2710.85842 12.987 12.962 13.114 13.254 13.315    0.031 0.028 0.028 0.032 0.036  A 44845
   2713.84614 13.030 12.966 12.983 13.037 13.102    0.026 0.021 0.018 0.021 0.023  A 45408
   2717.86584 13.050 13.059 13.062 13.058 13.144    0.036 0.032 0.032 0.038 0.044  A 45954
   2720.83647 12.931 12.979 13.096 13.189 13.232    0.038 0.042 0.033 0.038 0.042  A 46377
   2725.81347 12.971 13.014 13.048 12.965 13.046    0.029 0.027 0.026 0.030 0.034  A 47340
   2727.87455 12.986 13.021 13.048 13.106 13.071    0.031 0.027 0.024 0.026 0.030  A 47756
   2729.86147 12.989 13.068 13.134 13.236 13.457    0.036 0.034 0.032 0.036 0.041  A 48157
   2732.87604 13.113 13.153 13.154 13.119 13.143    0.029 0.025 0.022 0.025 0.029  A 48514
   2735.81590 13.014 13.130 13.166 13.189 13.199    0.029 0.028 0.027 0.031 0.035  A 49102
   2737.83332 13.041 13.086 13.100 13.193 13.289    0.029 0.030 0.027 0.030 0.032  A 49504
   2739.83603 13.216 13.246 13.314 13.358 13.345    0.027 0.029 0.024 0.028 0.031  A 49843
   2741.82745 12.997 13.004 13.021 13.080 13.131    0.033 0.029 0.025 0.030 0.034  A 50232
   2743.82664 13.199 13.142 13.124 13.073 13.051    0.030 0.025 0.024 0.028 0.032  A 50624
   2751.87444 13.159 13.167 13.150 13.182 13.214    0.034 0.033 0.029 0.033 0.037  A 51926
   2758.82695 13.188 13.202 13.215 13.228 13.248    0.026 0.025 0.023 0.028 0.032  A 53096
   2760.77489 13.190 13.179 13.268 13.350 13.431    0.027 0.025 0.025 0.029 0.032  A 53483
   2764.76397 13.137 13.118 13.163 13.264 13.331    0.036 0.026 0.025 0.030 0.032  A 54300
   2768.85741 29.999 29.999 29.999 29.999 29.999    0.076 0.072 0.080 0.099 0.118  D 54660
   2770.80603 13.151 13.101 13.101 13.128 13.165    0.035 0.036 0.028 0.030 0.032  A 54926
   2775.80708 13.113 13.213 13.243 13.302 13.354    0.040 0.040 0.037 0.044 0.051  A 55153
   2784.74295 13.211 13.180 13.265 13.329 13.471    0.030 0.026 0.025 0.029 0.032  A 56177
   2786.70832 13.154 13.138 13.178 13.236 13.354    0.031 0.029 0.027 0.032 0.035  A 56596
   2790.73491 13.246 13.258 13.277 13.294 13.347    0.042 0.023 0.022 0.025 0.028  A 57367
   2794.72412 13.156 13.219 13.260 13.339 13.418    0.039 0.035 0.025 0.027 0.030  A 58099
   2808.71904 13.227 13.163 13.159 13.225 13.423    0.034 0.033 0.028 0.032 0.036  A 59339
   2810.63763 13.393 13.314 13.337 13.331 13.411    0.029 0.025 0.023 0.026 0.029  A 59732
   2811.82340 13.386 13.276 13.184 13.134 13.049    0.031 0.026 0.025 0.028 0.034  A 60032
   2813.71383 13.251 13.227 13.232 13.285 13.251    0.033 0.033 0.027 0.029 0.032  A 60443
   2820.71656 13.481 13.531 13.637 13.780 13.836    0.028 0.027 0.023 0.026 0.029  A 61545
   2830.61761 29.999 29.999 29.999 29.999 29.999    0.047 0.048 0.046 0.055 0.061  C 62500
   2834.65023 29.999 29.999 29.999 29.999 29.999    0.075 0.078 0.087 0.109 0.128  D 63342
   2845.76700 13.242 13.270 13.248 13.281 13.451    0.033 0.032 0.026 0.029 0.032  A 65273
   2853.72478 13.397 13.300 13.323 13.361 13.472    0.032 0.032 0.026 0.028 0.031  A 65697
   2855.63262 13.376 13.454 13.519 13.702 13.843    0.038 0.039 0.036 0.041 0.044  A 66058
   2861.57532 13.289 13.345 13.391 13.421 13.457    0.032 0.034 0.030 0.036 0.041  A 66942
   2866.70273 13.471 13.596 13.691 13.753 13.749    0.034 0.027 0.025 0.028 0.032  A 67585
   2879.57206 13.244 13.270 13.297 13.418 13.424    0.028 0.028 0.024 0.027 0.030  A 69227
   2882.59556 13.319 13.332 13.430 13.497 13.574    0.031 0.025 0.024 0.027 0.030  A 69489
   2897.63640 13.386 13.311 13.349 13.439 13.440    0.032 0.026 0.026 0.031 0.035  A 71671
   2908.58612 13.378 13.464 13.489 13.468 13.403    0.027 0.023 0.023 0.027 0.030  A 73407
   3054.89456 29.999 29.999 29.999 29.999 29.999    0.040 0.039 0.040 0.047 0.054  C 91495
   3059.88742 13.381 13.429 13.496 13.507 13.573    0.032 0.030 0.033 0.039 0.044  A 92161
   3063.88827 13.867 14.045 14.361 14.677 14.838    0.039 0.038 0.042 0.051 0.058  A 92696
   3068.89433 13.382 13.299 13.422 13.630 14.013    0.032 0.030 0.031 0.038 0.043  A 93286
   3072.88657 13.414 13.455 13.498 13.517 13.481    0.032 0.030 0.030 0.036 0.041  A 93821
   3076.87887 13.563 13.754 13.952 14.168 14.386    0.031 0.030 0.031 0.037 0.043  A 94352
   3080.86229 13.316 13.307 13.284 13.250 13.372    0.036 0.035 0.034 0.039 0.044  A 94938
   3087.85664 13.041 13.081 13.189 13.287 13.606    0.033 0.031 0.032 0.037 0.043  A 95685
   3090.89088 13.056 13.076 13.026 12.949 12.986    0.044 0.030 0.030 0.036 0.042  A 96157
   3097.82412 13.029 13.065 13.055 13.069 13.022    0.030 0.027 0.027 0.032 0.037  A 96876
   3102.88683 13.055 13.099 13.127 13.182 13.398    0.033 0.032 0.031 0.037 0.043  A 97670
   3103.85296 13.117 13.122 13.143 13.130 13.377    0.038 0.036 0.037 0.043 0.050  A 97819
   3107.89910 13.174 13.153 13.156 13.154 13.198    0.033 0.035 0.034 0.041 0.046  A 98472
   3113.82365 13.315 13.310 13.424 13.569 13.758    0.034 0.033 0.031 0.036 0.042  A 99388
   3116.81772 13.257 13.286 13.202 13.112 13.031    0.027 0.026 0.025 0.029 0.032  A 99879
   3127.77448 13.241 13.161 13.162 13.097 13.053    0.063 0.065 0.067 0.074 0.082  D 101075
   3134.82719 13.575 13.549 13.705 13.983 14.506    0.036 0.032 0.031 0.036 0.043  A 102206
   3144.76517 13.326 13.357 13.432 13.510 13.668    0.029 0.032 0.027 0.031 0.035  A 103313
   3154.71325 13.163 13.110 13.109 13.121 13.199    0.026 0.028 0.025 0.029 0.034  A 103967
   3162.71702 13.357 13.392 13.568 13.900 14.420    0.035 0.038 0.036 0.040 0.043  A 104872
   3164.74911 13.516 13.425 13.415 13.425 13.643    0.033 0.032 0.027 0.032 0.036  A 105234
   3167.76194 13.426 13.367 13.365 13.449 13.639    0.028 0.032 0.027 0.032 0.036  A 105627
   3169.73607 13.294 13.279 13.381 13.606 13.865    0.048 0.039 0.037 0.042 0.047  A 105959
   3189.67791 13.457 13.463 13.524 13.571 13.783    0.034 0.034 0.033 0.039 0.046  A 108440
   3273.57876 13.325 13.373 13.431 13.522 13.732    0.036 0.031 0.030 0.036 0.041  A 116183
   3276.54224 13.482 13.537 13.677 13.762 13.860    0.032 0.032 0.034 0.042 0.048  A 116549
   3279.50693 13.385 13.387 13.359 13.356 13.444    0.035 0.030 0.028 0.034 0.039  A 116928
   3292.52914 13.338 13.262 13.174 13.145 13.162    0.038 0.038 0.039 0.048 0.056  A 118243
   3299.49264 13.455 13.452 13.433 13.348 13.217    0.036 0.031 0.028 0.034 0.040  A 118897
   3409.88773 13.193 13.375 13.505 13.488 13.395    0.044 0.032 0.034 0.041 0.047  A 129282
   3413.89004 13.181 13.184 13.154 13.131 13.081    0.044 0.035 0.040 0.047 0.054  A 129876
   3417.89275 13.166 13.327 13.330 13.290 13.283    0.035 0.030 0.033 0.040 0.047  A 130508
   3421.89446 13.187 13.215 13.279 13.418 13.706    0.033 0.035 0.038 0.046 0.053  A 131140
   3425.88645 13.132 13.108 13.118 13.096 13.057    0.035 0.034 0.037 0.043 0.049  A 131768
   3443.90594 13.109 13.109 13.160 13.231 13.355    0.033 0.025 0.026 0.031 0.037  A 133845
   3447.86325 12.964 13.093 13.179 13.221 13.324    0.096 0.051 0.048 0.053 0.058  D 134823
   3450.87887 13.067 13.028 12.998 12.974 13.107    0.042 0.033 0.033 0.040 0.044  A 135337
   3453.84178 13.217 13.232 13.249 13.327 13.531    0.035 0.033 0.035 0.043 0.049  A 135720
   3456.87159 13.176 13.201 13.182 13.187 13.163    0.029 0.029 0.032 0.038 0.044  A 136265
   3463.84309 13.114 13.206 13.253 13.359 13.373    0.031 0.026 0.029 0.035 0.040  A 137389
   3466.86579 13.162 13.120 13.086 13.076 13.136    0.034 0.028 0.030 0.036 0.041  A 137906
   3469.86143 13.296 13.297 13.319 13.316 13.438    0.032 0.026 0.026 0.031 0.036  A 138323
   3473.81841 13.135 13.047 13.070 13.123 13.160    0.028 0.024 0.024 0.028 0.030  A 138939
   3476.83495 13.240 13.286 13.305 13.309 13.416    0.053 0.030 0.032 0.038 0.042  A 139439
   3479.81725 13.296 13.241 13.255 13.275 13.318    0.041 0.031 0.034 0.041 0.046  A 139913
   3481.84542 13.415 13.321 13.335 13.339 13.403    0.069 0.038 0.035 0.041 0.046  B 140245
   3483.83953 13.229 13.267 13.360 13.471 12.505    0.081 0.048 0.040 0.046 0.051  B 140561
   3490.85175 13.431 13.544 13.545 13.529 13.541    0.072 0.040 0.041 0.049 0.056  B 141209
   3492.85856 13.407 13.363 13.284 13.195 13.142    0.044 0.034 0.035 0.040 0.045  A 141549
   3496.82917 13.474 13.488 13.516 13.526 13.620    0.033 0.027 0.024 0.028 0.031  A 141820
   3500.79056 13.397 13.402 13.341 13.253 13.179    0.055 0.038 0.036 0.040 0.044  A 142322
   3502.86048 13.258 13.217 13.154 13.069 13.106    0.052 0.038 0.036 0.040 0.045  A 142699
   3504.81925 13.739 13.730 13.866 14.256 14.617    0.056 0.041 0.042 0.049 0.055  A 143044
   3508.82001 13.256 13.259 13.209 13.191 13.230    0.032 0.028 0.024 0.027 0.031  A 143300
   3511.74918 13.476 13.496 13.513 13.519 13.498    0.031 0.026 0.025 0.030 0.034  A 143707
   3517.77761 13.423 13.579 13.688 13.770 13.903    0.030 0.026 0.028 0.034 0.038  A 144389
   3521.74133 13.330 13.327 13.394 13.566 13.740    0.102 0.059 0.057 0.064 0.070  D 144872
   3523.77718 13.276 13.410 13.408 13.387 13.475    0.054 0.035 0.035 0.039 0.043  A 145234
   3525.83911 13.504 13.493 13.587 13.728 13.803    0.047 0.045 0.039 0.041 0.045  B 145560
   3528.70085 13.460 13.402 13.265 13.175 13.099    0.042 0.029 0.028 0.032 0.035  A 146030
   3537.80133 29.999 29.999 29.999 29.999 29.999    0.043 0.044 0.048 0.057 0.067  C 146767
   3539.72463 13.160 13.179 13.193 13.234 13.318    0.039 0.029 0.033 0.040 0.045  A 147061
   3544.70558 13.061 13.025 12.987 12.983 13.108    0.034 0.030 0.033 0.039 0.045  A 147722
   3547.75814 13.223 13.255 13.276 13.284 13.339    0.056 0.034 0.030 0.035 0.038  A 148076
   3551.75008 13.418 13.405 13.372 13.380 13.535    0.053 0.038 0.038 0.044 0.050  A 148346
   3554.71974 13.204 13.237 13.251 13.232 13.323    0.028 0.025 0.022 0.027 0.030  A 148784
   3556.78126 13.065 13.135 13.115 13.121 13.191    0.057 0.034 0.034 0.040 0.045  A 149113
   3562.61226 13.217 13.244 13.226 13.224 13.339    0.040 0.026 0.026 0.032 0.036  A 149903
   3564.65059 13.164 13.141 13.124 13.091 13.111    0.028 0.025 0.024 0.028 0.031  A 150253
   3572.79433 12.857 12.805 12.667 12.502 12.338    0.056 0.053 0.060 0.073 0.087  D 151002
   3574.77460 13.077 13.075 13.051 13.084 13.182    0.038 0.035 0.034 0.042 0.049  A 151333
   3576.77858 13.280 13.253 13.280 13.344 13.474    0.029 0.026 0.027 0.031 0.036  A 151693
   3583.59762 13.274 13.413 13.426 13.396 13.383    0.080 0.046 0.041 0.045 0.048  B 152820
   3585.64932 13.425 13.492 13.577 13.578 13.688    0.064 0.043 0.039 0.041 0.044  A 153184
   3587.66957 13.265 13.240 13.205 13.177 13.170    0.028 0.024 0.022 0.026 0.030  A 153533
   3589.72301 13.380 13.327 13.261 13.299 13.368    0.040 0.029 0.026 0.030 0.034  A 153872
   3592.54068 13.116 13.101 13.088 13.088 13.199    0.034 0.026 0.026 0.031 0.035  A 154332
   3599.61541 13.341 13.310 13.414 13.595 13.895    0.036 0.031 0.030 0.035 0.041  A 155259
   3601.67500 13.398 13.403 13.417 13.465 13.646    0.055 0.043 0.039 0.045 0.049  A 155568
   3603.67815 13.530 13.617 13.685 13.665 13.476    0.043 0.031 0.030 0.036 0.041  A 155897
   3607.52502 13.451 13.509 13.561 13.675 13.678    0.029 0.024 0.024 0.028 0.033  A 156240
   3615.52239 13.161 13.209 13.200 13.182 13.042    0.066 0.042 0.039 0.045 0.051  B 156855
   3618.55924 13.347 13.362 13.463 13.557 13.784    0.032 0.027 0.028 0.034 0.039  A 157259
   3620.58158 13.504 13.559 13.577 13.551 13.475    0.060 0.041 0.040 0.044 0.048  A 157571
   3622.62221 13.415 13.357 13.375 13.436 13.625    0.035 0.032 0.032 0.036 0.040  A 157900
   3628.48483 13.354 13.364 13.345 13.288 13.286    0.036 0.037 0.041 0.051 0.060  A 158402
   3630.56979 13.438 13.472 13.534 13.474 13.502    0.047 0.035 0.034 0.040 0.045  A 158765
   3632.57686 13.349 13.402 13.369 13.293 13.350    0.071 0.041 0.039 0.045 0.050  B 159077
   3634.60489 13.391 13.495 13.474 13.433 13.623    0.050 0.035 0.035 0.041 0.046  A 159362
   3637.61406 13.515 13.560 13.532 13.411 13.326    0.039 0.039 0.039 0.043 0.047  A 159701
   3641.56873 13.412 13.416 13.414 13.461 13.478    0.045 0.031 0.027 0.031 0.035  A 160154
   3644.51891 13.450 13.593 13.585 13.484 13.459    0.070 0.042 0.041 0.047 0.052  B 160569
   3648.51945 13.509 13.533 13.595 13.662 13.752    0.034 0.029 0.027 0.031 0.034  A 160991
   3654.49136 29.999 29.999 29.999 29.999 29.999    0.065 0.040 0.040 0.047 0.052  C 161832
   3656.54226 13.583 13.682 13.763 13.814 13.876    0.031 0.027 0.029 0.033 0.039  A 162147
   3659.51846 13.506 13.421 13.427 13.473 13.468    0.033 0.031 0.032 0.039 0.044  A 162590
   3661.53597 13.446 13.440 13.465 13.461 13.449    0.035 0.032 0.035 0.042 0.049  A 162900
   3663.54057 13.478 13.541 13.564 13.523 13.539    0.036 0.030 0.032 0.038 0.043  A 163180
   3671.49874 13.289 13.332 13.369 13.463 13.512    0.033 0.028 0.026 0.031 0.034  A 164216
   3674.50269 13.256 13.263 13.239 13.191 13.232    0.063 0.037 0.034 0.037 0.042  A 164647
   3775.88827 13.333 13.275 13.304 13.365 13.535    0.036 0.036 0.040 0.050 0.057  A 177731
   3791.88395 13.411 13.422 13.416 13.396 13.477    0.041 0.034 0.037 0.044 0.050  A 179482
   3795.88802 13.414 13.444 13.462 13.523 13.628    0.036 0.030 0.030 0.035 0.039  A 180064
   3799.88434 13.561 13.594 13.615 13.561 13.595    0.035 0.029 0.032 0.039 0.045  A 180617
   3803.89218 13.382 13.342 13.361 13.428 13.525    0.042 0.035 0.039 0.049 0.056  A 181111
   3807.89476 13.587 13.561 13.593 13.738 13.969    0.040 0.031 0.031 0.037 0.042  A 181588
   3811.88095 13.436 13.455 13.542 13.588 13.573    0.030 0.031 0.034 0.042 0.049  A 182221
   3819.86937 13.625 13.835 13.965 14.132 14.036    0.052 0.034 0.036 0.042 0.048  A 183495
   3823.84143 13.610 13.720 13.652 13.622 13.661    0.043 0.033 0.040 0.048 0.055  A 184130
   3826.88762 99.999 99.999 99.999 99.999 99.999    0.033 0.032 0.034 0.041 0.047  C 184656
   3829.86974 13.535 13.403 13.295 13.220 13.257    0.046 0.033 0.035 0.041 0.046  A 185153
   3832.86640 13.770 13.860 13.811 13.751 13.722    0.034 0.030 0.029 0.034 0.039  A 185676
   3835.86323 14.020 14.082 14.175 14.259 14.525    0.038 0.030 0.032 0.039 0.045  A 186185
   3847.87148 13.735 13.669 13.450 13.289 13.231    0.072 0.050 0.050 0.057 0.065  B 186816
   3850.81457 13.468 13.493 13.539 13.660 13.782    0.030 0.031 0.031 0.034 0.037  A 187314
   3852.86029 13.720 13.668 13.527 13.445 13.359    0.034 0.033 0.035 0.042 0.048  A 187681
   3855.79446 13.468 13.573 13.753 13.989 14.481    0.067 0.045 0.048 0.059 0.068  D 188145
   3858.79631 13.607 13.639 13.597 13.482 13.573    0.070 0.047 0.048 0.054 0.059  B 188578
   3860.86329 13.294 13.335 13.424 13.614 13.850    0.054 0.035 0.032 0.037 0.041  A 188904
   3862.83417 13.199 13.220 13.202 13.150 13.278    0.038 0.028 0.027 0.031 0.034  A 189261
   3864.76822 13.445 13.397 13.449 13.519 13.453    0.065 0.045 0.040 0.044 0.049  B 189580
   3866.76728 13.132 13.136 13.112 13.140 13.100    0.061 0.038 0.036 0.040 0.045  A 189932
   3868.79018 13.096 13.010 12.983 12.913 12.964    0.076 0.051 0.047 0.055 0.062  B 190245
   3872.80490 13.112 13.118 13.092 13.079 13.134    0.067 0.039 0.039 0.045 0.050  B 190987
   3876.71088 13.215 13.194 13.169 13.141 13.075    0.038 0.033 0.034 0.042 0.048  A 191363
   3879.79615 29.999 29.999 29.999 29.999 29.999    0.080 0.081 0.090 0.107 0.127  D 191696
   3882.72890 13.137 13.172 13.188 13.233 13.361    0.043 0.026 0.028 0.033 0.037  A 192122
   3886.76762 13.166 13.126 13.109 13.095 13.098    0.030 0.024 0.024 0.028 0.032  A 192513
   3891.67733 13.341 13.287 13.307 13.367 13.478    0.036 0.028 0.026 0.031 0.034  A 193365
   3893.72671 13.387 13.462 13.502 13.466 13.453    0.028 0.028 0.025 0.030 0.035  A 193739
   3900.73197 13.596 13.496 13.464 13.551 13.665    0.049 0.036 0.036 0.043 0.048  A 194686
   3902.73863 13.575 13.550 13.550 13.531 13.542    0.037 0.029 0.029 0.034 0.039  A 195065
   3904.77008 13.445 13.564 13.614 13.595 13.555    0.050 0.037 0.034 0.037 0.040  A 195456
   3906.77250 13.358 13.416 13.397 13.377 13.323    0.074 0.044 0.040 0.044 0.047  B 195837
   3908.84242 13.843 13.755 13.798 13.858 14.072    0.070 0.039 0.033 0.038 0.040  B 196245
   3912.75218 13.461 13.547 13.512 13.463 13.376    0.062 0.036 0.031 0.036 0.040  A 196782
   4154.87927 13.725 13.721 13.809 13.817 13.904    0.039 0.031 0.034 0.040 0.044  A 215499
   4158.88187 13.655 13.580 13.582 13.551 13.681    0.044 0.033 0.037 0.044 0.050  A 216072
   4162.86905 29.999 29.999 29.999 29.999 29.999    0.070 0.047 0.051 0.064 0.071  D 216705
   4166.86818 13.604 13.602 13.589 13.648 13.794    0.041 0.036 0.038 0.044 0.051  A 217227
   4174.87939 13.439 13.484 13.550 13.609 13.507    0.039 0.032 0.031 0.036 0.040  A 218310
   4178.86682 29.999 29.999 29.999 29.999 29.999    0.084 0.074 0.084 0.104 0.120  D 218768
   4181.88988 13.345 13.190 13.213 13.331 13.338    0.062 0.053 0.058 0.072 0.084  D 219198
   4185.86159 13.577 13.480 13.408 13.390 13.389    0.046 0.039 0.038 0.045 0.051  A 219767
   4189.85664 13.333 13.327 13.311 13.250 13.240    0.035 0.033 0.030 0.035 0.039  A 220158
   4192.83668 13.254 13.182 13.168 13.183 13.207    0.034 0.033 0.032 0.038 0.043  A 220630
   4196.86529 13.155 13.303 13.265 13.176 13.100    0.055 0.051 0.053 0.064 0.075  D 221124
   4202.86797 13.253 13.423 13.462 13.455 13.502    0.062 0.040 0.036 0.042 0.048  A 221709
   4205.83547 13.510 13.407 13.383 13.547 13.779    0.037 0.033 0.034 0.040 0.046  A 222178
   4213.89976 13.418 13.397 13.367 13.376 13.455    0.040 0.036 0.035 0.042 0.049  A 222675
   4228.83018 13.605 13.592 13.595 13.608 13.582    0.039 0.033 0.030 0.035 0.041  A 223411
   4230.82112 13.529 13.494 13.473 13.484 13.543    0.031 0.028 0.026 0.030 0.033  A 223750
   4232.88344 13.573 13.506 13.481 13.471 13.553    0.036 0.033 0.031 0.035 0.041  A 224115
   4235.75560 13.716 13.621 13.611 13.631 13.617    0.046 0.030 0.027 0.031 0.035  A 224625
   4245.75277 13.618 13.698 13.735 13.755 13.850    0.055 0.057 0.065 0.081 0.100  D 226077
   4247.72477 13.520 13.608 13.661 13.656 13.707    0.033 0.031 0.029 0.033 0.038  A 226433
   4250.84629 13.511 13.631 13.533 13.436 13.485    0.056 0.045 0.041 0.048 0.056  B 226717
   4255.75782 13.482 13.492 13.537 13.608 13.798    0.036 0.037 0.039 0.048 0.056  A 227116
   4258.69838 13.559 13.603 13.607 13.622 13.650    0.035 0.030 0.029 0.033 0.038  A 227536
   4268.73557 13.702 13.722 13.960 14.399 15.313    0.044 0.041 0.042 0.050 0.058  A 228015
   4272.67025 13.607 13.634 13.659 13.793 14.177    0.033 0.033 0.030 0.036 0.041  A 228390
   4274.70723 13.618 13.623 13.687 13.851 14.046    0.038 0.035 0.031 0.034 0.037  A 228713
   4277.67185 13.508 13.547 13.557 13.540 13.701    0.042 0.034 0.029 0.032 0.036  A 229015
   4282.70939 13.587 13.514 13.461 13.370 13.363    0.049 0.043 0.044 0.053 0.060  B 229494
   4284.70950 13.712 13.503 13.404 13.403 13.531    0.063 0.041 0.036 0.041 0.046  A 229829
   4286.70202 29.999 29.999 29.999 29.999 29.999    0.056 0.058 0.064 0.079 0.094  D 230192
   4290.70126 13.293 13.280 13.321 13.353 13.503    0.042 0.039 0.033 0.037 0.041  A 230517
   4292.67124 29.999 29.999 29.999 29.999 29.999    0.038 0.032 0.027 0.031 0.035  C 230883
   4294.67214 13.410 13.351 13.328 13.331 13.381    0.044 0.035 0.032 0.035 0.039  A 231237
   4296.67207 13.392 13.424 13.460 13.538 13.740    0.041 0.035 0.033 0.039 0.046  A 231580
   4298.67734 13.255 13.441 13.470 13.428 13.440    0.048 0.038 0.037 0.044 0.052  A 231940
   4300.64337 13.238 13.305 13.341 13.371 13.364    0.068 0.043 0.041 0.047 0.055  B 232285
   4302.69159 13.256 13.312 13.373 13.432 13.582    0.036 0.031 0.028 0.032 0.037  A 232614
   4304.63025 13.380 13.439 13.527 13.653 13.737    0.044 0.034 0.030 0.034 0.038  A 232954
   4310.60668 13.479 13.407 13.386 13.375 13.396    0.039 0.033 0.031 0.037 0.043  A 233884
   4312.60372 13.347 13.401 13.474 13.634 14.044    0.054 0.040 0.039 0.045 0.052  A 234211
   4315.60625 13.538 13.594 13.615 13.617 13.709    0.039 0.035 0.030 0.033 0.037  A 234555
   4317.66404 13.333 13.300 13.257 13.197 13.245    0.036 0.035 0.033 0.039 0.045  A 234840
   4329.55478 13.485 13.474 13.402 13.377 13.380    0.040 0.037 0.033 0.037 0.042  A 235107
   4331.55322 13.570 13.616 13.638 13.702 13.813    0.034 0.031 0.026 0.030 0.035  A 235464
   4338.52626 13.555 13.539 13.463 13.440 13.470    0.042 0.037 0.033 0.037 0.041  A 236390
   4340.58091 13.747 13.536 13.356 13.235 13.373    0.053 0.040 0.036 0.042 0.049  A 236747
   4342.58558 13.679 13.544 13.458 13.442 13.763    0.056 0.041 0.037 0.042 0.047  A 237079
   4344.58257 13.300 13.342 13.305 13.239 13.345    0.065 0.041 0.038 0.043 0.046  A 237420
   4346.58503 13.528 13.576 13.544 13.583 13.685    0.060 0.038 0.033 0.037 0.039  A 237761
   4348.58668 13.384 13.436 13.371 13.226 13.132    0.064 0.040 0.039 0.044 0.047  A 238116
   4350.58265 13.335 13.320 13.356 13.476 13.562    0.066 0.042 0.038 0.044 0.048  B 238431
   4352.59408 13.545 13.595 13.632 13.816 13.983    0.038 0.036 0.033 0.038 0.042  A 238747
   4355.58314 13.174 13.232 13.264 13.295 13.344    0.047 0.033 0.030 0.034 0.037  A 239153
   4357.59322 13.413 13.380 13.298 13.187 13.135    0.042 0.035 0.031 0.035 0.040  A 239447
   4359.55802 13.488 13.424 13.375 13.378 13.462    0.046 0.035 0.031 0.037 0.042  A 239772
   4365.48981 13.151 13.086 13.026 12.972 13.049    0.046 0.033 0.029 0.033 0.038  A 240597
   4368.56823 13.107 13.124 13.044 12.943 12.987    0.037 0.035 0.035 0.041 0.047  A 240962
   4372.59378 13.215 13.283 13.351 13.387 13.388    0.050 0.042 0.043 0.052 0.060  B 241618
   4376.52108 13.187 13.240 13.227 13.181 13.150    0.049 0.034 0.030 0.034 0.038  A 242080
   4378.54379 13.249 13.299 13.325 13.408 13.369    0.063 0.043 0.040 0.046 0.051  A 242389
   4380.57712 13.400 13.326 13.273 13.192 13.102    0.055 0.041 0.040 0.046 0.050  A 242700
   4383.53820 13.233 13.243 13.307 13.352 13.465    0.043 0.032 0.027 0.031 0.035  A 243146
   4386.52074 13.721 13.727 13.696 13.636 13.683    0.043 0.034 0.029 0.033 0.037  A 243610
   4392.49468 13.707 13.528 13.409 13.364 13.415    0.040 0.033 0.033 0.038 0.045  A 244472
   4399.52661 13.577 13.643 13.731 13.702 13.772    0.047 0.042 0.047 0.055 0.061  B 244805
   4403.51625 13.826 13.678 13.562 13.537 13.635    0.060 0.039 0.035 0.040 0.045  A 245222
   4408.49873 13.508 13.554 13.561 13.591 13.641    0.056 0.038 0.037 0.044 0.049  A 245683
   4506.88957 14.197 14.442 14.815 15.784 99.999    0.040 0.041 0.047 0.058 0.069  D 256077
   4511.88755 13.727 13.731 13.890 14.162 14.610    0.036 0.037 0.040 0.048 0.055  A 256763
   4519.88470 13.839 13.752 13.575 13.416 13.304    0.036 0.037 0.041 0.049 0.057  A 257655
   4523.88574 13.622 13.589 13.526 13.520 13.899    0.035 0.031 0.030 0.035 0.040  A 258238
   4529.87829 13.462 13.546 13.530 13.444 13.378    0.038 0.034 0.036 0.043 0.050  A 259115
   4533.89749 13.563 13.621 13.600 13.564 13.495    0.042 0.043 0.044 0.050 0.057  B 259662
   4537.88150 13.487 13.473 13.426 13.349 13.396    0.033 0.030 0.028 0.033 0.037  A 260165
   4541.86283 13.540 13.542 13.522 13.512 13.563    0.035 0.029 0.029 0.033 0.036  A 260743
   4557.85064 13.525 13.533 13.514 13.483 13.499    0.037 0.032 0.031 0.035 0.039  A 263097
   4560.86612 13.517 13.519 13.503 13.511 13.708    0.033 0.031 0.030 0.034 0.040  A 263601
   4563.85855 13.699 13.667 13.641 13.643 13.652    0.043 0.036 0.034 0.038 0.042  A 264096
   4566.86551 13.874 13.835 13.738 13.707 13.721    0.058 0.040 0.037 0.041 0.045  A 264602
   4569.87654 13.555 13.591 13.605 13.619 13.587    0.032 0.031 0.029 0.034 0.040  A 265068
   4572.81649 13.658 13.722 13.779 13.802 13.824    0.045 0.037 0.034 0.039 0.045  A 265571
   4574.84103 13.582 13.621 13.695 13.740 13.779    0.033 0.030 0.030 0.036 0.040  A 265904
