#ndata= 34
#dataset= 1 ; 1 F1736-24_231
#desig= 175227-1907.0
#cra=   17.874180  17:52:27.0
#cdec= -19.117205 -19:07:01.9
#class= 0
#cmag_0= 12.836
#cmer_0=  0.223
#nskip_0= 0
#cmag_1= 12.879
#cmer_1=  0.232
#nskip_1= 0
#cmag_2= 12.904
#cmer_2=  0.222
#nskip_2= 0
#cmag_3= 12.912
#cmer_3=  0.231
#nskip_3= 0
#cmag_4= 12.897
#cmer_4=  0.266
#nskip_4= 0
#ra=   17.874180  17:52:27.0
#dec= -19.117205 -19:07:01.9
#     HJD      MAG_0  MAG_1  MAG_2  MAG_3  MAG_4    MER_0 MER_1 MER_2 MER_3 MER_4 GRADE FRAME
   2115.55735 12.576 12.565 12.568 12.546 12.485    0.039 0.034 0.030 0.035 0.040  A 26832
   2125.55587 13.338 13.379 13.288 13.251 13.217    0.049 0.038 0.034 0.039 0.044  A 27828
   2135.51964 12.742 12.794 12.838 12.816 12.825    0.053 0.036 0.031 0.035 0.040  A 29376
   2140.51811 13.109 13.157 13.210 13.244 13.426    0.049 0.038 0.038 0.045 0.049  A 30133
   2145.52188 12.574 12.643 12.648 12.648 12.658    0.046 0.034 0.031 0.036 0.042  A 31162
   2151.49808 12.791 12.754 12.791 12.791 12.815    0.051 0.036 0.036 0.044 0.048  A 31328
   2840.72629 12.752 12.828 12.856 12.828 12.794    0.038 0.033 0.031 0.037 0.043  A 64369
   2840.73545 99.999 99.999 99.999 99.999 99.999    0.037 0.032 0.031 0.037 0.042  C 64373
   2840.74505 12.873 12.982 13.019 13.139 13.240    0.042 0.039 0.036 0.045 0.050  A 64377
   2840.75434 12.898 12.978 13.029 13.018 12.904    0.040 0.039 0.034 0.041 0.047  A 64381
   2840.76381 12.932 12.945 12.961 12.948 12.880    0.038 0.039 0.033 0.040 0.046  A 64385
   3450.85327 12.764 12.786 12.847 12.899 12.816    0.043 0.035 0.036 0.044 0.050  A 135327
   3453.82661 12.724 12.744 12.749 12.692 12.668    0.042 0.035 0.037 0.043 0.050  A 135714
#dataset= 1 ; 2 F1736-24_231
#desig= 175226-1907.2
#cra=   17.873950  17:52:26.2
#cdec= -19.120657 -19:07:14.4
#class= 0
#cmag_0= 12.835
#cmer_0=  0.144
#nskip_0= 0
#cmag_1= 12.854
#cmer_1=  0.147
#nskip_1= 0
#cmag_2= 12.887
#cmer_2=  0.154
#nskip_2= 0
#cmag_3= 12.909
#cmer_3=  0.179
#nskip_3= 0
#cmag_4= 12.920
#cmer_4=  0.202
#nskip_4= 0
#ra=   17.873950  17:52:26.2
#dec= -19.120657 -19:07:14.4
#     HJD      MAG_0  MAG_1  MAG_2  MAG_3  MAG_4    MER_0 MER_1 MER_2 MER_3 MER_4 GRADE FRAME
   2031.76302 12.708 12.735 12.735 12.674 12.707    0.046 0.035 0.031 0.036 0.040  A 18067
   2052.70541 13.016 12.944 12.968 13.000 12.970    0.062 0.040 0.034 0.040 0.045  A 19845
   2054.71078 12.762 12.692 12.734 12.811 12.848    0.071 0.041 0.038 0.045 0.049  B 20277
   2061.68989 12.869 12.836 12.854 12.880 13.030    0.058 0.040 0.034 0.039 0.044  A 21403
   2062.69183 12.674 12.735 12.656 12.494 12.391    0.075 0.058 0.061 0.072 0.084  B 21551
   2087.62790 12.912 12.823 12.836 12.870 12.831    0.070 0.043 0.039 0.043 0.047  B 24257
   2102.58150 12.826 12.813 12.795 12.740 12.644    0.048 0.037 0.032 0.037 0.042  A 25638
   2104.59888 12.886 12.899 12.926 12.952 13.020    0.049 0.036 0.033 0.038 0.044  A 25994
   2106.59994 12.626 12.702 12.724 12.682 12.665    0.044 0.035 0.031 0.035 0.040  A 26419
   2109.59264 12.949 12.901 12.974 13.033 13.013    0.045 0.034 0.031 0.035 0.040  A 26588
   2116.56525 12.719 12.767 12.778 12.824 12.797    0.045 0.036 0.031 0.035 0.039  A 27054
   2124.53780 12.733 12.686 12.722 12.763 12.776    0.052 0.040 0.035 0.041 0.047  A 27608
   2128.53922 12.909 12.954 13.040 13.137 13.273    0.044 0.034 0.031 0.035 0.041  A 27895
   2129.54720 12.845 12.869 12.927 12.890 12.885    0.045 0.035 0.030 0.034 0.041  A 28115
   2131.50545 12.634 12.745 12.807 12.886 12.914    0.056 0.036 0.033 0.037 0.042  A 28510
   2132.54575 12.809 12.874 12.905 12.893 12.861    0.048 0.037 0.032 0.036 0.040  A 28746
   2133.53726 12.895 13.024 13.150 13.318 13.388    0.050 0.034 0.030 0.035 0.039  A 28952
   2811.81366 13.068 13.254 13.293 13.127 13.170    0.046 0.042 0.037 0.043 0.047  A 60028
   2813.70705 12.834 12.915 12.895 12.880 12.855    0.046 0.034 0.031 0.034 0.039  A 60440
   2931.52697 13.069 13.041 12.986 12.935 12.972    0.041 0.035 0.032 0.038 0.044  A 76676
   2934.49854 12.764 12.817 12.806 12.817 12.846    0.044 0.038 0.031 0.036 0.041  A 77191
#ndata= 160
#dataset= 2 ; 1 F1808-24_232
#desig= 175227-1907.1
#cra=   17.874188  17:52:27.1
#cdec= -19.117918 -19:07:04.5
#class= 0
#cmag_0= 12.808
#cmer_0=  0.179
#nskip_0= 0
#cmag_1= 12.866
#cmer_1=  0.200
#nskip_1= 0
#cmag_2= 12.899
#cmer_2=  0.141
#nskip_2= 3
#cmag_3= 12.956
#cmer_3=  0.166
#nskip_3= 5
#cmag_4= 12.915
#cmer_4=  0.186
#nskip_4= 4
#ra=   17.874188  17:52:27.1
#dec= -19.117918 -19:07:04.5
#     HJD      MAG_0  MAG_1  MAG_2  MAG_3  MAG_4    MER_0 MER_1 MER_2 MER_3 MER_4 GRADE FRAME
   2052.72532 12.872 12.875 13.006 13.226 13.248    0.083 0.058 0.050 0.055 0.058  B 19854
   2054.72846 12.651 12.677 12.757 12.827 12.780    0.077 0.055 0.047 0.053 0.057  B 20285
   2059.76746 12.751 12.755 12.786 12.836 13.059    0.083 0.060 0.052 0.058 0.063  B 21317
   2087.64595 12.653 12.614 12.681 12.819 12.994    0.077 0.056 0.049 0.055 0.059  B 24265
   2102.59968 12.792 12.763 12.858 13.011 12.782    0.071 0.055 0.047 0.051 0.056  A 25646
   2104.61722 12.755 12.716 12.812 12.911 12.933    0.066 0.052 0.043 0.048 0.052  A 26002
   2105.61287 12.814 12.882 13.026 13.200 13.206    0.072 0.055 0.047 0.050 0.054  A 26219
   2106.61599 12.677 12.753 12.863 12.937 12.938    0.069 0.054 0.047 0.051 0.055  A 26426
   2109.60648 12.915 12.949 13.059 13.188 13.090    0.062 0.050 0.044 0.048 0.052  A 26594
   2115.57417 12.766 12.781 12.823 12.831 12.725    0.060 0.050 0.042 0.047 0.051  A 26838
   2116.58365 12.735 12.887 12.965 12.940 12.966    0.057 0.049 0.042 0.046 0.050  A 27062
   2117.58025 12.837 12.860 12.962 13.041 13.027    0.067 0.053 0.046 0.050 0.055  A 27282
   2124.59495 13.015 13.009 13.090 13.304 13.391    0.070 0.055 0.048 0.053 0.058  A 27632
   2125.57211 13.124 13.136 13.144 13.164 13.081    0.065 0.052 0.046 0.052 0.057  A 27835
   2128.55775 12.737 12.790 12.845 12.887 12.951    0.064 0.052 0.044 0.049 0.053  A 27903
   2129.56592 12.648 12.672 12.750 12.827 12.903    0.067 0.053 0.045 0.049 0.053  A 28123
   2130.57050 12.614 12.621 12.682 12.815 12.757    0.065 0.051 0.044 0.048 0.052  A 28339
   2131.55389 12.629 12.744 12.842 12.909 12.857    0.071 0.053 0.044 0.049 0.053  A 28531
   2132.56657 12.744 12.834 13.012 13.150 13.164    0.068 0.053 0.045 0.050 0.054  A 28755
   2134.55912 12.898 12.871 12.947 12.996 12.829    0.062 0.051 0.043 0.048 0.053  A 29179
   2135.55755 12.709 12.759 12.834 12.869 12.859    0.064 0.053 0.046 0.051 0.057  A 29391
   2140.53250 13.208 13.271 13.330 13.354 13.156    0.062 0.055 0.053 0.060 0.067  A 30139
   2141.55302 13.105 13.100 13.173 13.261 12.981    0.064 0.052 0.046 0.051 0.056  A 30359
   2142.54272 12.793 12.872 12.951 12.967 13.016    0.071 0.056 0.051 0.056 0.061  A 30557
   2143.54086 12.810 12.799 12.872 12.980 12.842    0.066 0.055 0.049 0.054 0.061  A 30759
   2144.53646 12.710 12.745 12.821 12.873 12.885    0.067 0.054 0.047 0.054 0.059  A 30960
   2145.52971 12.732 12.777 12.837 12.909 12.822    0.070 0.056 0.050 0.056 0.062  A 31164
   2151.51956 12.808 12.696 12.732 12.819 12.799    0.075 0.062 0.060 0.070 0.080  B 31337
   2811.83555 12.771 12.807 12.865 12.878 12.833    0.061 0.050 0.042 0.047 0.052  A 60037
   2839.50188 12.814 12.821 12.922 13.034 12.929    0.076 0.072 0.074 0.081 0.090  D 64056
   2839.50409 12.859 12.913 12.924 12.940 12.830    0.087 0.089 0.091 0.101 0.112  D 64057
   2839.50631 12.846 12.950 12.994 12.973 12.866    0.085 0.085 0.086 0.096 0.106  D 64058
   2840.46620 12.766 12.852 12.961 13.092 13.103    0.054 0.052 0.048 0.056 0.063  A 64260
   2840.46841 12.746 12.723 12.762 12.773 12.725    0.059 0.058 0.055 0.063 0.069  A 64261
   2840.47063 12.694 12.762 12.882 12.944 12.981    0.056 0.054 0.051 0.058 0.064  A 64262
   2840.47284 12.660 12.711 12.771 12.806 12.747    0.055 0.053 0.050 0.057 0.064  A 64263
   2840.47505 12.592 12.692 12.759 12.782 12.773    0.059 0.057 0.055 0.063 0.069  A 64264
   2840.47727 12.833 12.854 12.922 12.984 12.952    0.057 0.055 0.052 0.060 0.066  A 64265
   2840.47948 12.709 12.821 12.851 12.843 12.756    0.055 0.053 0.050 0.058 0.065  A 64266
   2840.48169 12.764 12.741 12.843 12.860 12.832    0.055 0.053 0.052 0.059 0.064  A 64267
   2840.48390 12.759 12.760 12.851 12.918 12.925    0.057 0.054 0.052 0.059 0.066  A 64268
   2840.48611 12.668 12.760 12.875 12.838 12.757    0.059 0.057 0.053 0.061 0.067  A 64269
   2840.48832 12.695 12.723 12.790 12.821 12.742    0.055 0.052 0.049 0.057 0.063  A 64270
   2840.49054 12.679 12.683 12.811 12.926 12.721    0.058 0.055 0.052 0.060 0.066  A 64271
   2840.49275 12.864 12.961 13.091 13.115 12.953    0.056 0.055 0.051 0.059 0.064  A 64272
   2840.49496 12.839 12.865 12.925 12.990 12.964    0.053 0.052 0.048 0.057 0.064  A 64273
   2840.49718 12.654 12.788 12.871 12.872 12.758    0.056 0.056 0.052 0.060 0.067  A 64274
   2840.49939 12.678 12.756 12.864 12.945 12.914    0.057 0.053 0.050 0.057 0.064  A 64275
   2840.50160 12.710 12.772 12.853 12.829 12.802    0.059 0.054 0.052 0.059 0.066  A 64276
   2840.50381 12.729 12.775 12.820 12.813 12.736    0.056 0.055 0.051 0.058 0.065  A 64277
   2840.50603 12.663 12.703 12.765 12.740 12.667    0.058 0.054 0.051 0.059 0.066  A 64278
   2840.51045 12.638 12.677 12.712 12.743 12.734    0.056 0.053 0.049 0.057 0.064  A 64280
   2840.51488 12.759 12.839 12.863 12.822 12.727    0.055 0.053 0.048 0.056 0.064  A 64282
   2840.51709 12.762 12.866 12.934 12.932 12.915    0.058 0.055 0.051 0.059 0.065  A 64283
   2840.53381 12.675 12.715 12.728 12.680 12.641    0.052 0.051 0.046 0.053 0.058  A 64289
   2840.53889 12.616 12.683 12.688 12.666 12.484    0.057 0.060 0.055 0.063 0.068  A 64291
   2840.54389 12.688 12.761 12.797 12.846 12.697    0.067 0.073 0.066 0.073 0.073  D 64293
   2840.54905 12.700 12.789 12.841 12.835 12.795    0.056 0.058 0.052 0.060 0.066  A 64295
   2840.55414 12.726 12.764 12.803 12.859 12.852    0.054 0.054 0.050 0.059 0.066  A 64297
   2840.55923 12.683 12.709 12.773 12.837 12.770    0.057 0.058 0.055 0.063 0.069  A 64299
   2840.56432 12.644 12.721 12.771 12.830 12.807    0.055 0.055 0.051 0.060 0.066  A 64301
   2840.56949 12.592 12.661 12.730 12.765 12.636    0.054 0.055 0.050 0.058 0.063  A 64303
   2840.57689 12.700 12.882 12.972 13.030 12.874    0.054 0.053 0.048 0.055 0.062  A 64306
   2840.58435 12.702 12.807 12.892 12.914 12.864    0.054 0.053 0.048 0.055 0.061  A 64309
   2840.59168 12.701 12.727 12.741 12.720 12.630    0.055 0.053 0.049 0.055 0.062  A 64312
   2840.59896 12.791 12.815 12.894 12.916 12.758    0.055 0.055 0.053 0.061 0.066  A 64315
   2840.60619 12.707 12.783 12.818 12.791 12.668    0.054 0.054 0.051 0.059 0.065  A 64318
   2840.61334 12.616 12.661 12.699 12.720 12.675    0.054 0.052 0.048 0.054 0.060  A 64321
   2840.62300 12.759 12.762 12.857 12.906 12.824    0.053 0.055 0.052 0.060 0.067  A 64325
   2840.63257 12.739 12.849 12.915 12.948 12.797    0.055 0.053 0.049 0.056 0.062  A 64329
   2840.64193 12.661 12.654 12.710 12.737 12.688    0.054 0.054 0.049 0.056 0.064  A 64333
   2840.65120 12.777 12.869 12.942 13.023 12.873    0.054 0.052 0.047 0.056 0.062  A 64337
   2840.66046 12.798 12.842 12.922 12.909 12.855    0.055 0.055 0.049 0.057 0.063  A 64341
   2840.66973 12.830 12.831 12.899 12.954 12.778    0.055 0.053 0.050 0.055 0.061  A 64345
   2840.67887 12.791 12.860 12.900 12.947 12.863    0.056 0.054 0.050 0.057 0.065  A 64349
   2840.68804 12.847 12.904 12.990 13.013 12.996    0.055 0.051 0.049 0.056 0.063  A 64353
   2840.69796 12.839 12.899 12.989 12.980 12.628    0.060 0.060 0.057 0.066 0.071  A 64357
   2840.70753 12.878 12.950 13.008 13.040 12.956    0.055 0.051 0.047 0.054 0.063  A 64361
   2840.71703 12.793 12.839 12.874 12.943 12.923    0.057 0.054 0.050 0.056 0.065  A 64365
   2841.47970 12.654 12.612 12.694 12.770 12.699    0.056 0.057 0.050 0.058 0.063  A 64485
   2841.49040 12.771 12.761 12.863 12.876 12.741    0.059 0.059 0.055 0.064 0.069  A 64489
   2841.50049 12.658 12.671 12.751 12.763 12.730    0.058 0.056 0.054 0.063 0.068  A 64493
   2841.53431 12.628 12.667 12.715 12.747 12.595    0.056 0.056 0.051 0.060 0.065  A 64505
   2841.54423 12.724 12.825 12.899 12.888 12.833    0.057 0.055 0.051 0.060 0.067  A 64509
   2841.55426 12.684 12.695 12.808 12.838 12.763    0.057 0.055 0.050 0.058 0.065  A 64513
   2841.56313 12.696 12.847 12.905 12.984 12.962    0.055 0.054 0.049 0.056 0.063  A 64516
   2841.59933 12.725 12.914 13.008 13.072 12.996    0.055 0.054 0.049 0.058 0.065  A 64529
   2864.54382 13.026 13.054 13.124 13.178 13.038    0.059 0.054 0.049 0.056 0.065  A 67391
   2865.47592 29.999 29.999 29.999 29.999 29.999    0.087 0.084 0.086 0.102 0.119  D 67423
   2865.47813 13.074 13.233 13.468 13.641 13.375    0.066 0.062 0.058 0.068 0.077  A 67424
   2865.48034 12.705 12.928 13.073 13.178 13.141    0.068 0.065 0.063 0.074 0.084  A 67425
   2865.48255 12.983 13.009 13.132 13.241 13.052    0.065 0.062 0.058 0.067 0.078  A 67426
   2865.48476 29.999 29.999 29.999 29.999 29.999    0.068 0.066 0.065 0.076 0.087  D 67427
   2865.48698 99.999 99.999 99.999 99.999 99.999    0.065 0.061 0.058 0.066 0.075  C 67428
   2865.48919 29.999 29.999 29.999 29.999 29.999    0.067 0.063 0.061 0.071 0.081  C 67429
   2865.49140 99.999 99.999 99.999 99.999 99.999    0.062 0.059 0.055 0.064 0.073  C 67430
   2865.49361 99.999 99.999 99.999 99.999 99.999    0.065 0.061 0.057 0.066 0.077  C 67431
   2865.49582 29.999 29.999 29.999 29.999 29.999    0.067 0.064 0.062 0.072 0.083  C 67432
   2865.49803 99.999 99.999 99.999 99.999 99.999    0.064 0.059 0.056 0.065 0.074  C 67433
   2865.50025 13.137 13.244 13.448 13.491 13.189    0.063 0.058 0.054 0.063 0.071  A 67434
   2865.50246 29.999 29.999 29.999 29.999 29.999    0.062 0.058 0.054 0.063 0.071  C 67435
   2865.52178 13.450 13.611 13.817 13.858 13.104    0.063 0.059 0.056 0.064 0.073  A 67443
   2865.54570 13.310 13.370 13.416 13.579 13.333    0.062 0.058 0.053 0.062 0.070  A 67453
   2879.70289 29.999 29.999 29.999 29.999 29.999    0.058 0.049 0.043 0.049 0.054  C 69282
   3156.60664 12.887 12.881 12.917 12.867 12.719    0.074 0.070 0.069 0.077 0.088  D 104154
   3156.63634 12.865 12.928 13.069 13.237 13.297    0.068 0.062 0.061 0.070 0.078  A 104164
   3156.66537 12.805 12.857 12.953 13.040 13.001    0.066 0.062 0.059 0.067 0.075  A 104174
   3156.75363 99.999 99.999 99.999 99.999 99.999    0.061 0.056 0.052 0.060 0.066  C 104204
   3156.77952 12.688 12.779 12.941 13.050 13.031    0.059 0.058 0.056 0.065 0.073  A 104214
   3156.83238 12.680 12.704 12.783 12.825 12.634    0.061 0.056 0.054 0.061 0.067  A 104234
   3156.86193 12.805 12.820 12.889 12.927 12.791    0.059 0.056 0.053 0.060 0.066  A 104244
   3167.54326 12.828 12.862 12.882 12.850 12.663    0.083 0.082 0.080 0.088 0.098  D 105546
   3167.57052 12.773 12.843 12.980 13.095 12.987    0.085 0.082 0.079 0.086 0.094  D 105556
   3167.62308 12.922 12.963 13.082 13.153 13.149    0.068 0.064 0.063 0.071 0.075  A 105576
   3176.54091 12.878 12.889 12.954 13.050 13.045    0.086 0.081 0.080 0.086 0.092  D 106727
   3176.59553 12.923 12.943 13.072 13.167 13.240    0.074 0.069 0.066 0.072 0.079  D 106747
   3450.87887 12.728 12.792 12.873 12.939 12.864    0.068 0.063 0.063 0.073 0.082  A 135337
   3541.62678 12.748 12.759 12.785 12.724 12.664    0.079 0.075 0.086 0.104 0.119  D 147245
   3541.62919 99.999 99.999 99.999 99.999 99.999    0.073 0.063 0.064 0.073 0.083  C 147246
   3541.63169 12.631 12.715 12.994 13.434 14.252    0.081 0.070 0.071 0.084 0.098  D 147247
   3541.76722 12.810 12.911 13.016 13.148 13.167    0.080 0.065 0.063 0.071 0.079  B 147286
   3549.79723 12.649 12.692 12.850 13.126 13.582    0.083 0.078 0.086 0.106 0.126  D 148148
   3550.56252 12.734 12.817 12.867 12.887 12.895    0.071 0.064 0.061 0.070 0.076  A 148188
   3550.62245 12.597 12.711 12.853 13.019 13.032    0.079 0.060 0.055 0.062 0.069  B 148208
   3550.67897 12.733 12.764 12.843 12.881 12.947    0.073 0.063 0.061 0.068 0.076  A 148228
   3552.57129 12.566 12.670 12.638 12.602 12.479    0.082 0.074 0.076 0.089 0.100  D 148438
   3552.60054 12.845 12.869 12.892 12.903 12.768    0.073 0.067 0.067 0.076 0.086  D 148448
   3573.46619 12.739 12.854 12.961 13.090 13.288    0.065 0.061 0.061 0.070 0.079  A 151051
   3573.46861 12.658 12.779 12.884 12.941 13.009    0.062 0.054 0.052 0.059 0.065  A 151052
   3573.47108 12.840 12.881 13.021 13.191 13.219    0.063 0.056 0.052 0.059 0.066  A 151053
   3573.47360 12.938 13.026 13.191 13.304 13.089    0.058 0.054 0.052 0.059 0.066  A 151054
   3573.47610 12.758 12.844 13.009 13.122 12.981    0.058 0.053 0.049 0.057 0.065  A 151055
   3573.47860 12.749 12.821 12.895 12.990 12.994    0.057 0.053 0.051 0.056 0.064  A 151056
   3573.48106 12.782 12.781 12.763 12.763 12.734    0.058 0.054 0.050 0.058 0.065  A 151057
   3573.48349 12.727 12.777 12.921 13.027 13.096    0.057 0.053 0.052 0.060 0.067  A 151058
   3573.48598 12.711 12.726 12.762 12.789 12.833    0.060 0.053 0.051 0.058 0.066  A 151059
   3573.48848 12.687 12.731 12.833 12.922 12.965    0.056 0.053 0.051 0.058 0.066  A 151060
   3573.49177 12.851 12.949 13.076 13.186 13.209    0.055 0.054 0.049 0.056 0.063  A 151061
   3573.49415 12.693 12.786 12.929 13.082 13.094    0.056 0.053 0.050 0.056 0.062  A 151062
   3573.49667 12.771 12.835 12.949 13.041 13.038    0.057 0.053 0.050 0.057 0.064  A 151063
   3573.49918 12.659 12.756 12.852 12.909 12.907    0.059 0.053 0.050 0.057 0.062  A 151064
   3573.50593 12.738 12.779 12.907 13.035 12.963    0.064 0.060 0.057 0.066 0.074  A 151066
   3573.51239 12.706 12.719 12.769 12.839 12.840    0.067 0.061 0.058 0.061 0.068  A 151068
   3573.51874 12.888 12.992 13.181 13.348 13.356    0.057 0.054 0.050 0.059 0.066  A 151070
   3573.52494 12.870 13.004 13.157 13.322 13.381    0.060 0.055 0.053 0.060 0.067  A 151072
   3573.53914 12.823 12.947 13.070 13.250 13.503    0.058 0.054 0.052 0.060 0.067  A 151077
   3573.55354 12.842 12.890 13.008 13.094 13.030    0.061 0.058 0.055 0.063 0.070  A 151082
   3573.58403 12.776 12.845 12.968 13.103 13.192    0.057 0.056 0.051 0.059 0.065  A 151092
   3573.61153 12.883 12.870 12.991 13.085 12.961    0.060 0.059 0.058 0.065 0.073  A 151102
   3573.63820 12.942 13.042 13.287 13.606 13.717    0.063 0.057 0.053 0.061 0.067  A 151112
   3573.66665 12.905 12.912 12.992 13.071 13.038    0.058 0.058 0.056 0.064 0.072  A 151122
   3573.69352 13.545 13.839 14.142 14.393 14.626    0.064 0.059 0.056 0.062 0.071  A 151132
   3573.72284 13.277 13.403 13.571 13.663 13.647    0.064 0.059 0.059 0.068 0.075  A 151142
   3573.75512 13.474 13.571 13.703 14.101 14.093    0.057 0.058 0.057 0.063 0.071  A 151152
   3573.78805 13.262 13.252 13.342 13.473 13.665    0.060 0.059 0.058 0.066 0.076  A 151162
   3573.81995 29.999 29.999 29.999 29.999 29.999    0.067 0.062 0.060 0.071 0.081  C 151172
   3574.48606 12.832 12.948 13.132 13.351 13.439    0.063 0.058 0.055 0.063 0.068  A 151234
   3574.51327 12.730 12.758 12.808 12.816 12.697    0.061 0.056 0.052 0.060 0.066  A 151244
   3574.54015 12.726 12.742 12.811 12.859 12.819    0.067 0.056 0.052 0.060 0.068  A 151254
   3574.56864 12.871 12.961 13.082 13.180 13.189    0.060 0.056 0.054 0.062 0.070  A 151264
#ndata= 276
#dataset= 3 ; 1 F1736-16_276
#desig= 175227-1907.0
#cra=   17.874131  17:52:26.9
#cdec= -19.116700 -19:07:00.1
#class= 0
#cmag_0= 12.841
#cmer_0=  0.186
#nskip_0= 0
#cmag_1= 12.869
#cmer_1=  0.194
#nskip_1= 0
#cmag_2= 12.926
#cmer_2=  0.212
#nskip_2= 2
#cmag_3= 12.975
#cmer_3=  0.233
#nskip_3= 5
#cmag_4= 12.934
#cmer_4=  0.244
#nskip_4= 8
#ra=   17.874131  17:52:26.9
#dec= -19.116700 -19:07:00.1
#     HJD      MAG_0  MAG_1  MAG_2  MAG_3  MAG_4    MER_0 MER_1 MER_2 MER_3 MER_4 GRADE FRAME
   1947.89029 13.229 13.505 13.636 13.675 13.578    0.039 0.035 0.033 0.040 0.045  A 9001
   1950.87667 12.602 12.592 12.640 12.708 12.597    0.038 0.035 0.030 0.035 0.040  A 9470
   1953.87326 12.762 12.839 12.884 12.954 12.789    0.047 0.044 0.036 0.040 0.044  A 9776
   1954.87831 29.999 29.999 29.999 29.999 29.999    0.051 0.045 0.040 0.044 0.049  C 9956
   1961.89375 12.985 12.958 12.998 13.089 12.933    0.039 0.037 0.030 0.033 0.036  A 10593
   1963.87873 12.794 12.904 12.984 12.969 12.872    0.044 0.040 0.032 0.038 0.039  A 10914
   1965.87200 12.701 12.781 12.823 12.851 12.790    0.044 0.041 0.034 0.037 0.040  A 11280
   1967.87458 12.835 12.822 12.871 12.892 12.815    0.042 0.038 0.030 0.033 0.035  A 11624
   1978.82867 12.694 12.780 12.856 12.907 12.748    0.052 0.047 0.041 0.047 0.049  A 12117
   1979.85835 12.790 12.831 12.851 12.843 12.806    0.057 0.051 0.043 0.050 0.048  A 12322
   1980.83939 12.792 12.741 12.825 12.892 12.724    0.057 0.050 0.043 0.050 0.048  A 12460
   1981.85894 12.675 12.633 12.613 12.535 12.447    0.050 0.046 0.038 0.042 0.043  A 12652
   1982.78124 12.589 12.633 12.701 12.629 12.566    0.051 0.049 0.043 0.045 0.049  A 12811
   1994.79839 13.389 13.459 13.575 13.808 13.982    0.062 0.052 0.044 0.048 0.046  B 13515
   1995.85896 12.750 12.696 12.618 12.629 12.569    0.081 0.068 0.056 0.063 0.063  D 13740
   1997.81005 29.999 29.999 29.999 29.999 29.999    0.061 0.052 0.043 0.050 0.049  C 14120
   2007.77342 29.999 29.999 29.999 29.999 29.999    0.086 0.071 0.060 0.066 0.070  D 15020
   2008.78124 12.678 12.532 12.411 12.414 12.334    0.085 0.071 0.058 0.065 0.065  D 15232
   2009.77624 12.799 12.809 12.778 12.708 12.604    0.083 0.069 0.057 0.063 0.064  D 15430
   2016.74768 13.140 13.135 13.207 13.258 13.194    0.061 0.053 0.043 0.046 0.046  B 16007
   2025.75581 12.676 12.695 12.738 12.855 12.814    0.040 0.027 0.027 0.030 0.034  A 17242
   2026.78908 12.817 12.823 12.840 12.884 12.965    0.041 0.026 0.025 0.028 0.032  A 17473
   2027.76945 12.767 12.847 12.917 12.989 13.027    0.041 0.027 0.026 0.029 0.033  A 17684
   2030.76090 12.747 12.806 12.841 12.872 12.853    0.036 0.026 0.025 0.027 0.032  A 17854
   2031.76756 12.768 12.732 12.756 12.807 12.788    0.043 0.027 0.026 0.030 0.033  A 18069
   2032.75693 12.724 12.661 12.678 12.678 12.728    0.036 0.027 0.025 0.028 0.031  A 18286
   2033.75027 12.735 12.824 12.870 12.794 12.651    0.037 0.028 0.025 0.028 0.031  A 18502
   2052.70761 12.965 12.931 12.959 13.007 13.009    0.050 0.029 0.028 0.031 0.035  A 19846
   2054.71297 12.691 12.574 12.501 12.443 12.430    0.061 0.031 0.028 0.032 0.036  A 20278
   2055.69924 12.681 12.653 12.673 12.730 12.791    0.057 0.032 0.030 0.033 0.037  A 20494
   2056.70049 12.639 12.735 12.784 12.843 12.854    0.050 0.029 0.026 0.030 0.034  A 20722
   2057.69632 12.780 12.850 12.943 13.067 13.124    0.043 0.026 0.025 0.029 0.032  A 20948
   2058.69545 13.022 12.960 13.015 13.057 13.121    0.055 0.030 0.028 0.033 0.037  A 21177
   2061.69207 12.695 12.784 12.848 12.936 13.033    0.061 0.035 0.032 0.036 0.039  A 21404
   2068.72547 12.632 12.631 12.676 12.708 12.580    0.048 0.030 0.030 0.034 0.037  A 22111
   2069.67728 12.719 12.759 12.843 12.986 12.965    0.053 0.032 0.030 0.034 0.038  A 22315
   2070.66899 12.594 12.620 12.572 12.530 12.540    0.049 0.028 0.027 0.030 0.033  A 22539
   2080.58801 12.742 12.866 12.912 12.942 12.956    0.051 0.032 0.029 0.032 0.035  A 22874
   2081.64255 13.258 13.262 13.313 13.310 13.310    0.057 0.030 0.027 0.031 0.034  A 23124
   2082.66058 12.865 12.836 12.856 12.892 12.813    0.055 0.033 0.029 0.034 0.035  A 23356
   2083.64246 12.745 12.764 12.820 12.890 13.020    0.053 0.031 0.030 0.035 0.039  A 23592
   2085.63103 12.649 12.731 12.791 12.818 12.689    0.046 0.031 0.029 0.032 0.036  A 23815
   2086.63021 13.073 13.085 13.048 13.096 13.263    0.054 0.031 0.027 0.030 0.033  A 24038
   2087.63007 12.776 12.804 12.836 12.931 12.862    0.052 0.031 0.029 0.034 0.037  A 24258
   2088.62883 12.720 12.759 12.786 12.869 12.917    0.051 0.030 0.027 0.030 0.033  A 24486
   2096.65072 13.183 13.332 13.440 13.570 13.882    0.044 0.033 0.031 0.037 0.042  A 25455
   2102.58366 12.826 12.864 12.903 12.944 13.055    0.045 0.030 0.028 0.031 0.034  A 25639
   2103.60338 12.844 12.874 12.895 12.950 13.034    0.042 0.029 0.028 0.031 0.034  A 25794
   2104.60331 12.918 12.924 13.056 13.206 13.122    0.041 0.030 0.031 0.035 0.039  A 25996
   2106.60211 12.698 12.696 12.724 12.791 12.826    0.037 0.026 0.025 0.028 0.031  A 26420
   2109.59480 29.999 29.999 29.999 29.999 29.999    0.040 0.029 0.026 0.030 0.033  C 26589
   2116.56965 12.635 12.752 12.783 12.787 12.809    0.048 0.034 0.030 0.033 0.036  A 27056
   2124.54220 12.813 12.886 12.960 13.042 13.151    0.054 0.033 0.031 0.035 0.039  A 27610
   2128.54139 12.792 12.784 12.816 12.845 12.775    0.038 0.027 0.025 0.030 0.033  A 27896
   2129.54937 12.694 12.707 12.757 12.836 12.906    0.047 0.030 0.027 0.031 0.035  A 28116
   2131.50985 12.720 12.807 12.817 12.802 12.872    0.052 0.029 0.026 0.031 0.034  A 28512
   2132.54793 12.804 12.822 12.833 12.871 12.927    0.041 0.028 0.026 0.029 0.032  A 28747
   2133.53942 12.877 12.857 12.892 12.936 12.904    0.037 0.027 0.024 0.028 0.032  A 28953
   2136.54045 12.658 12.613 12.624 12.647 12.625    0.043 0.028 0.026 0.029 0.033  A 29596
   2156.47373 13.224 13.203 13.196 13.244 13.346    0.041 0.034 0.032 0.037 0.042  A 31579
   2168.56931 12.860 12.908 12.922 12.925 12.824    0.042 0.031 0.030 0.035 0.039  A 32236
   2172.52509 12.787 12.861 12.911 12.918 12.861    0.039 0.031 0.028 0.033 0.037  A 32747
   2178.49705 12.926 12.933 13.034 13.192 13.184    0.054 0.039 0.032 0.037 0.042  A 33544
   2185.48827 13.363 13.457 13.620 13.961 13.920    0.049 0.035 0.032 0.036 0.041  A 34203
   2189.49431 12.780 12.854 12.917 13.002 13.135    0.051 0.038 0.034 0.038 0.041  A 34751
   2193.49797 12.965 12.961 13.013 13.101 12.975    0.051 0.034 0.031 0.034 0.039  A 35412
   2198.48602 12.953 12.988 13.059 13.143 13.206    0.052 0.039 0.035 0.039 0.043  A 36251
   2441.65676 12.719 12.814 12.855 12.862 12.852    0.030 0.029 0.022 0.024 0.026  A 8286
   2444.64782 13.160 13.178 13.202 13.258 13.340    0.027 0.026 0.019 0.020 0.023  A 8880
   2445.63415 13.002 13.104 13.267 13.451 13.262    0.027 0.027 0.022 0.024 0.027  A 9091
   2446.65513 12.703 12.687 12.706 12.717 12.699    0.028 0.030 0.023 0.026 0.029  A 9263
   2452.61680 12.791 12.887 12.882 12.882 12.743    0.046 0.043 0.036 0.040 0.039  A 9452
   2460.63660 12.726 12.753 12.812 12.857 12.806    0.029 0.031 0.022 0.023 0.025  A 10201
   2464.60993 12.934 12.935 12.962 13.016 12.885    0.036 0.034 0.027 0.029 0.029  A 10825
   2465.61134 12.942 12.949 12.933 12.957 12.917    0.039 0.035 0.028 0.031 0.030  A 11046
   2466.59840 12.924 12.940 12.947 12.962 12.871    0.034 0.032 0.024 0.025 0.027  A 11259
   2467.60559 12.809 12.858 12.888 12.868 12.845    0.027 0.028 0.020 0.022 0.024  A 11481
   2468.60253 12.691 12.688 12.689 12.678 12.644    0.032 0.030 0.021 0.023 0.025  A 11698
   2470.53004 12.662 12.709 12.680 12.631 12.542    0.045 0.041 0.035 0.038 0.038  A 11947
   2473.56443 29.999 29.999 29.999 29.999 29.999    0.043 0.041 0.035 0.039 0.037  C 12650
   2481.55381 13.007 12.951 12.935 12.851 12.625    0.055 0.047 0.041 0.047 0.043  A 12960
   2482.59062 13.064 13.072 13.038 13.048 12.961    0.056 0.049 0.041 0.042 0.043  A 13135
   2486.56200 12.627 12.760 12.821 12.844 12.774    0.053 0.047 0.038 0.041 0.043  A 13288
   2489.55321 13.031 12.912 12.905 13.060 13.111    0.042 0.041 0.036 0.040 0.045  A 13810
   2493.55091 12.727 12.727 12.747 12.743 12.576    0.039 0.038 0.029 0.032 0.031  A 14435
   2494.55643 12.718 12.785 12.758 12.722 12.609    0.038 0.037 0.030 0.032 0.034  A 14628
   2497.54618 12.772 12.835 12.986 13.141 13.245    0.037 0.036 0.029 0.032 0.034  A 15185
   2498.53890 12.688 12.734 12.769 12.802 12.696    0.032 0.034 0.026 0.028 0.032  A 15393
   2499.53466 12.756 12.820 12.842 12.837 12.692    0.031 0.031 0.023 0.025 0.028  A 15602
   2501.52904 12.723 12.769 12.802 12.801 12.716    0.035 0.035 0.028 0.030 0.032  A 15961
   2508.56323 12.801 12.794 12.787 12.806 12.672    0.039 0.039 0.033 0.036 0.040  A 16761
   2510.50631 12.865 13.015 13.117 13.213 13.300    0.051 0.052 0.058 0.068 0.077  B 16921
   2511.58058 29.999 29.999 29.999 29.999 29.999    0.053 0.055 0.053 0.063 0.077  C 17068
   2524.60471 12.798 12.888 12.983 13.020 12.773    0.043 0.040 0.032 0.035 0.037  A 18638
   2540.51591 29.999 29.999 29.999 29.999 29.999    0.079 0.065 0.054 0.056 0.057  D 19661
   2543.54031 12.953 13.562 14.297 14.658 14.403    0.068 0.069 0.074 0.088 0.105  D 19874
   2544.51662 12.646 12.636 12.736 12.829 12.836    0.042 0.037 0.030 0.032 0.034  A 19932
   2549.53690 12.798 12.764 12.793 12.815 12.817    0.046 0.036 0.030 0.029 0.029  A 20737
   2552.52821 12.561 12.615 12.596 12.555 12.506    0.058 0.049 0.041 0.045 0.042  A 21099
   2560.48467 12.923 12.991 13.020 13.057 13.196    0.030 0.030 0.029 0.034 0.039  A 22343
   2724.90546 12.724 12.764 12.819 12.852 12.780    0.031 0.028 0.025 0.028 0.031  A 47176
   2735.83311 12.757 12.786 12.901 12.981 12.946    0.032 0.034 0.028 0.033 0.036  A 49109
   2739.81765 12.738 12.746 12.733 12.693 12.578    0.031 0.029 0.024 0.028 0.031  A 49835
   2741.80834 12.799 12.749 12.794 12.847 12.745    0.037 0.049 0.040 0.045 0.041  A 50224
   2743.80362 12.778 12.794 12.790 12.795 12.696    0.033 0.036 0.028 0.031 0.034  A 50614
   2747.81748 12.699 12.795 12.904 12.922 12.968    0.043 0.051 0.048 0.058 0.068  B 51079
   2756.76612 12.791 12.863 12.853 12.849 12.784    0.028 0.029 0.024 0.027 0.029  A 52709
   2758.80704 12.920 12.988 13.034 13.063 13.006    0.030 0.039 0.031 0.035 0.035  A 53087
   2760.74656 13.128 13.288 13.297 13.339 13.285    0.044 0.058 0.043 0.043 0.042  B 53471
   2762.73677 29.999 29.999 29.999 29.999 29.999    0.039 0.042 0.035 0.040 0.045  C 53875
   2764.73606 12.770 12.787 12.825 12.870 12.833    0.031 0.035 0.028 0.031 0.033  A 54288
   2768.83485 12.755 12.779 12.774 12.800 12.780    0.030 0.024 0.022 0.026 0.029  A 54650
   2775.61865 29.999 29.999 29.999 29.999 29.999    0.081 0.084 0.087 0.102 0.114  D 55073
   2782.81405 12.942 12.937 12.989 13.054 12.947    0.038 0.025 0.023 0.027 0.031  A 55788
   2784.72271 12.847 12.835 12.857 12.840 12.780    0.028 0.032 0.025 0.027 0.030  A 56168
   2786.68583 12.702 12.702 12.769 12.826 12.753    0.032 0.026 0.024 0.028 0.030  A 56586
   2787.83362 13.006 13.002 13.113 13.259 13.201    0.033 0.034 0.034 0.037 0.038  A 56877
   2791.65754 13.212 13.308 13.426 13.563 13.421    0.030 0.035 0.026 0.028 0.030  A 57555
   2795.73927 12.584 12.679 12.738 12.841 12.950    0.044 0.044 0.045 0.053 0.063  B 58196
   2808.69785 12.690 12.755 12.812 12.837 12.818    0.031 0.031 0.025 0.029 0.033  A 59330
   2810.62625 13.216 13.222 13.128 13.053 13.049    0.029 0.024 0.021 0.022 0.025  A 59727
   2811.80901 13.141 13.106 13.243 13.323 13.262    0.040 0.041 0.032 0.037 0.041  A 60026
   2813.70241 12.914 13.011 13.037 13.108 13.211    0.029 0.028 0.022 0.025 0.028  A 60438
   2822.72441 12.411 12.221 12.070 11.921 11.719    0.050 0.043 0.043 0.051 0.058  A 61896
   2833.62923 29.999 29.999 29.999 29.999 29.999    0.078 0.085 0.095 0.117 0.136  D 63139
   2834.76146 29.999 29.999 29.999 29.999 29.999    0.065 0.064 0.067 0.081 0.097  D 63388
   2836.59079 13.052 12.995 12.967 12.911 12.797    0.028 0.029 0.025 0.029 0.034  A 63660
   2839.64195 12.658 12.688 12.745 12.779 12.817    0.024 0.028 0.021 0.024 0.027  A 64111
   2841.69176 12.971 12.997 13.058 13.095 13.024    0.027 0.024 0.022 0.024 0.027  A 64563
   2843.63425 13.276 13.360 13.639 14.226 13.905    0.040 0.040 0.038 0.045 0.051  A 64906
   2851.57699 13.223 13.229 13.250 13.303 13.227    0.023 0.026 0.020 0.023 0.025  A 65414
   2855.61382 12.738 12.750 12.809 12.865 12.726    0.031 0.034 0.029 0.032 0.036  A 66050
   2861.55160 12.654 12.738 12.846 12.913 12.815    0.027 0.030 0.026 0.032 0.036  A 66932
   2862.66392 13.041 13.128 13.185 13.238 13.241    0.029 0.031 0.028 0.033 0.038  A 67184
   2866.66388 12.804 12.902 12.990 13.053 13.023    0.034 0.029 0.025 0.027 0.031  A 67569
   2872.51561 12.906 12.985 13.062 13.157 13.194    0.030 0.030 0.024 0.027 0.029  A 68110
   2875.56816 12.689 12.765 12.788 12.772 12.432    0.056 0.054 0.041 0.046 0.042  B 68522
   2877.56210 12.754 12.788 12.828 12.888 12.626    0.040 0.037 0.031 0.037 0.037  A 68917
   2879.56000 29.999 29.999 29.999 29.999 29.999    0.032 0.036 0.030 0.035 0.036  C 69222
   2882.58069 12.495 12.652 12.788 12.925 12.955    0.036 0.034 0.027 0.030 0.034  A 69483
   2888.48502 12.926 12.940 12.972 12.995 12.979    0.030 0.027 0.023 0.027 0.031  A 70381
   2892.48602 12.786 12.735 12.741 12.787 12.828    0.041 0.040 0.031 0.035 0.037  A 70621
   2893.61590 13.137 13.120 13.154 13.174 13.168    0.037 0.034 0.034 0.039 0.044  A 70871
   2895.60000 12.883 12.988 13.061 13.153 13.287    0.031 0.025 0.024 0.029 0.033  A 71256
   2897.60896 12.675 12.677 12.670 12.738 12.815    0.028 0.025 0.022 0.026 0.030  A 71660
   2899.59339 29.999 29.999 29.999 29.999 29.999    0.060 0.062 0.069 0.081 0.092  D 72017
   2905.56000 12.698 12.755 12.816 12.929 12.960    0.024 0.024 0.020 0.023 0.026  A 72948
   2908.57849 13.222 13.208 13.173 13.247 13.370    0.029 0.023 0.022 0.025 0.027  A 73404
   2910.57378 12.823 12.849 12.849 12.897 12.749    0.031 0.025 0.023 0.026 0.029  A 73698
   2915.49153 12.630 12.811 12.929 13.073 13.186    0.037 0.036 0.028 0.031 0.035  A 74324
   2917.52555 12.839 12.876 12.913 12.955 12.974    0.039 0.034 0.025 0.030 0.034  A 74719
   2921.52623 12.724 12.644 12.637 12.608 12.515    0.036 0.034 0.037 0.043 0.051  A 75042
   2923.52974 13.051 13.131 13.187 13.194 13.032    0.033 0.027 0.028 0.033 0.039  A 75412
   2926.53725 12.680 12.741 12.820 12.915 12.936    0.033 0.029 0.027 0.031 0.036  A 75776
   2928.53798 12.644 12.690 12.810 12.962 13.025    0.032 0.028 0.028 0.033 0.037  A 76150
   2931.50260 12.788 12.763 12.765 12.775 12.676    0.036 0.037 0.031 0.039 0.045  A 76666
   2933.51005 12.771 12.781 12.897 13.019 13.068    0.035 0.034 0.028 0.032 0.038  A 77023
   2935.51134 12.657 12.633 12.670 12.763 12.753    0.032 0.026 0.027 0.032 0.037  A 77381
   3054.89268 12.694 12.634 12.638 12.682 12.743    0.034 0.033 0.031 0.036 0.041  A 91494
   3062.88964 12.849 13.019 13.320 13.424 13.237    0.046 0.047 0.050 0.059 0.070  B 92563
   3067.90357 12.554 12.624 12.759 12.905 12.931    0.032 0.033 0.031 0.036 0.042  A 93138
   3071.86285 12.824 12.937 12.982 12.946 12.821    0.040 0.041 0.050 0.057 0.063  B 93701
   3075.86427 12.654 12.656 12.748 12.944 13.053    0.050 0.053 0.057 0.061 0.066  B 94211
   3080.85794 12.785 12.853 12.858 12.927 12.996    0.032 0.031 0.030 0.034 0.038  A 94936
   3086.91178 12.706 12.713 12.819 12.982 13.087    0.033 0.035 0.032 0.038 0.044  A 95551
   3090.84975 12.660 12.594 12.594 12.587 12.574    0.033 0.030 0.030 0.035 0.040  A 96143
   3093.89019 12.986 12.952 13.039 13.185 13.211    0.040 0.038 0.035 0.039 0.043  A 96579
   3097.79689 12.796 12.835 12.875 12.953 13.057    0.032 0.031 0.028 0.034 0.039  A 96867
   3099.86213 12.722 12.815 12.900 12.985 12.972    0.036 0.034 0.034 0.040 0.047  A 97195
   3102.84877 12.920 12.931 12.908 12.917 12.957    0.077 0.075 0.079 0.075 0.079  D 97662
   3106.87980 29.999 29.999 29.999 29.999 29.999    0.042 0.040 0.039 0.045 0.053  C 98307
   3109.81558 12.932 13.087 13.234 13.394 13.344    0.031 0.033 0.030 0.034 0.039  A 98750
   3112.81389 12.549 12.554 12.534 12.484 12.424    0.032 0.031 0.027 0.031 0.036  A 99220
   3115.80141 13.100 13.112 13.192 13.300 13.275    0.030 0.033 0.029 0.033 0.037  A 99714
   3122.80748 13.119 13.178 13.272 13.359 13.373    0.032 0.028 0.027 0.031 0.035  A 100271
   3124.86152 12.642 12.755 12.910 12.977 12.976    0.048 0.038 0.038 0.044 0.049  A 100627
   3128.82064 12.702 12.733 12.782 12.911 13.003    0.061 0.059 0.060 0.064 0.071  B 101262
   3133.86580 12.643 12.816 12.904 12.982 13.065    0.037 0.030 0.031 0.037 0.043  A 102057
   3142.88877 12.724 12.858 12.937 12.979 13.016    0.031 0.029 0.029 0.034 0.040  A 103192
   3146.69287 12.814 12.846 12.878 12.919 12.950    0.026 0.029 0.024 0.028 0.032  A 103535
   3152.83681 13.087 13.175 13.307 13.596 13.982    0.034 0.030 0.033 0.040 0.047  A 103664
   3154.69450 13.142 13.098 13.222 13.390 13.374    0.028 0.027 0.025 0.029 0.033  A 103960
   3162.68866 12.621 12.641 12.618 12.639 12.639    0.037 0.031 0.030 0.034 0.039  A 104862
   3164.72148 12.658 12.674 12.735 12.781 12.772    0.031 0.034 0.026 0.029 0.034  A 105225
   3167.73717 13.229 13.368 13.441 13.491 13.435    0.029 0.029 0.023 0.026 0.030  A 105618
   3169.71011 12.812 12.886 12.842 12.837 12.746    0.043 0.029 0.027 0.030 0.036  A 105949
   3171.84837 29.999 29.999 29.999 29.999 29.999    0.070 0.074 0.083 0.104 0.126  D 106254
   3175.84878 12.639 12.722 12.869 13.122 13.170    0.037 0.036 0.032 0.037 0.043  A 106656
   3178.65087 12.933 12.838 12.846 13.012 12.851    0.068 0.075 0.077 0.079 0.082  D 107060
   3180.74795 12.782 12.736 12.840 12.941 12.719    0.029 0.029 0.026 0.030 0.035  A 107377
   3183.73523 12.813 12.830 12.845 12.858 12.784    0.029 0.032 0.027 0.031 0.035  A 107683
   3189.65477 12.791 12.754 12.810 12.877 12.696    0.032 0.035 0.032 0.037 0.043  A 108432
   3191.74168 12.814 12.856 12.858 12.808 12.775    0.045 0.039 0.041 0.048 0.058  A 108759
   3276.53790 12.476 12.505 12.470 12.404 12.322    0.043 0.040 0.042 0.051 0.059  A 116548
   3279.50350 12.799 12.800 12.884 13.024 12.890    0.039 0.035 0.037 0.042 0.046  A 116927
   3293.52001 12.894 12.918 12.925 12.948 12.921    0.030 0.030 0.025 0.028 0.032  A 118277
   3298.49298 12.663 12.782 99.999 99.999 99.999    0.032 0.030 0.028 0.033 0.037  C 118758
   3408.88784 12.899 13.001 13.177 13.418 13.580    0.034 0.035 0.040 0.048 0.056  A 129120
   3412.89086 29.999 29.999 29.999 29.999 29.999    0.037 0.032 0.038 0.047 0.055  C 129708
   3416.88004 12.625 12.658 12.662 12.663 12.614    0.036 0.028 0.028 0.033 0.036  A 130353
   3424.87165 12.962 13.010 13.105 13.127 13.005    0.034 0.033 0.036 0.044 0.051  A 131594
   3427.87816 13.002 13.029 13.064 13.076 13.026    0.039 0.029 0.031 0.037 0.043  A 132074
   3431.86040 12.752 12.736 12.727 12.739 12.607    0.031 0.028 0.030 0.037 0.043  A 132441
   3439.87663 12.862 12.947 13.008 13.078 13.081    0.046 0.036 0.038 0.045 0.050  A 133416
   3447.84530 12.835 12.838 12.914 13.010 13.053    0.039 0.028 0.028 0.032 0.035  A 134816
   3450.85327 12.745 12.758 12.799 12.878 12.815    0.044 0.033 0.035 0.042 0.047  A 135327
   3453.82661 12.703 12.711 12.711 12.671 12.661    0.049 0.038 0.041 0.048 0.054  A 135714
   3456.84847 13.216 13.172 13.307 13.613 13.909    0.032 0.030 0.032 0.038 0.045  A 136256
   3463.81376 13.022 13.023 13.057 13.105 12.920    0.040 0.031 0.033 0.040 0.045  A 137379
   3466.84290 12.719 12.780 12.840 12.934 13.026    0.033 0.026 0.027 0.031 0.035  A 137898
   3469.83579 13.031 13.086 13.138 13.127 13.082    0.040 0.027 0.027 0.032 0.036  A 138315
   3475.81414 12.699 12.709 12.711 12.721 12.612    0.041 0.040 0.047 0.059 0.070  B 139266
   3478.78549 12.786 12.846 12.891 13.000 13.065    0.046 0.032 0.032 0.036 0.040  A 139772
   3480.87327 12.865 12.809 12.879 13.004 13.014    0.047 0.039 0.039 0.044 0.049  A 140080
   3483.77538 12.764 12.768 12.789 12.827 12.795    0.037 0.032 0.032 0.040 0.046  A 140539
   3489.83185 12.679 12.787 12.880 12.952 13.062    0.062 0.046 0.046 0.055 0.064  B 141020
   3491.86101 13.061 13.024 12.957 12.937 12.808    0.070 0.043 0.041 0.045 0.049  A 141384
   3499.76968 13.056 13.035 12.987 13.109 13.275    0.053 0.036 0.040 0.048 0.055  A 142157
   3504.73554 12.640 12.778 12.806 12.962 13.212    0.083 0.056 0.057 0.063 0.070  B 143016
   3508.77888 12.873 12.900 12.972 13.012 12.925    0.028 0.028 0.024 0.028 0.032  A 143286
   3510.82256 12.655 12.612 12.656 12.688 12.547    0.040 0.029 0.024 0.027 0.031  A 143544
   3512.72153 12.670 12.650 12.679 12.659 12.579    0.035 0.029 0.027 0.033 0.037  A 143888
   3516.76131 29.999 29.999 29.999 29.999 29.999    0.064 0.044 0.043 0.053 0.062  C 144215
   3520.72044 12.705 12.777 12.815 12.882 12.916    0.056 0.036 0.034 0.039 0.045  A 144700
   3522.74227 12.841 12.943 12.987 13.072 12.984    0.075 0.042 0.039 0.045 0.048  B 145056
   3526.79454 12.791 12.812 12.908 13.008 13.000    0.037 0.027 0.026 0.030 0.033  A 145731
   3536.87606 12.548 12.660 12.756 12.767 12.820    0.064 0.053 0.055 0.062 0.070  B 146713
   3544.69478 13.068 13.126 99.999 99.999 99.999    0.040 0.034 0.038 0.045 0.052  C 147718
   3547.74782 12.664 12.651 12.701 12.790 12.759    0.070 0.043 0.042 0.049 0.054  A 148072
   3551.73521 12.838 12.792 12.927 13.099 13.007    0.066 0.045 0.044 0.051 0.057  A 148341
   3556.77597 12.788 12.788 12.835 12.907 12.908    0.032 0.026 0.026 0.031 0.035  A 149111
   3562.58100 13.008 13.002 13.045 13.111 13.048    0.037 0.027 0.027 0.031 0.035  A 149894
   3564.62778 12.691 12.684 12.722 12.764 12.686    0.041 0.028 0.024 0.028 0.032  A 150245
   3571.60821 12.877 12.862 12.953 13.118 13.059    0.035 0.031 0.029 0.035 0.039  A 150896
   3574.62277 13.225 13.233 13.339 13.504 13.269    0.033 0.029 0.025 0.029 0.034  A 151278
   3576.64065 12.892 12.860 12.885 12.900 12.707    0.041 0.029 0.025 0.029 0.033  A 151644
   3578.64269 12.677 12.734 12.809 12.863 12.861    0.066 0.036 0.032 0.036 0.039  A 151977
   3583.57468 12.821 12.847 12.859 12.893 12.919    0.077 0.043 0.038 0.041 0.043  B 152812
   3585.63126 12.874 12.784 12.799 12.847 12.898    0.068 0.038 0.033 0.036 0.040  A 153178
   3587.64845 12.824 12.836 12.885 12.920 12.810    0.038 0.028 0.023 0.027 0.030  A 153526
   3589.66065 13.185 13.145 13.153 13.206 13.082    0.069 0.041 0.034 0.037 0.040  A 153851
   3594.51900 12.602 12.610 12.652 12.713 12.708    0.074 0.043 0.037 0.039 0.043  B 154660
   3599.57510 12.814 12.829 12.838 12.829 12.712    0.029 0.030 0.028 0.033 0.038  A 155247
   3601.61008 12.792 12.823 12.935 13.093 13.085    0.050 0.033 0.031 0.037 0.042  A 155549
   3603.61343 12.990 12.988 13.018 13.075 13.055    0.028 0.025 0.024 0.030 0.034  A 155875
   3606.61198 12.813 12.805 12.802 12.861 12.763    0.035 0.028 0.025 0.029 0.033  A 156189
   3615.51906 12.768 12.723 12.737 12.766 12.626    0.053 0.034 0.032 0.038 0.044  A 156854
   3618.55585 12.886 12.913 12.937 12.998 13.013    0.028 0.025 0.027 0.032 0.037  A 157258
   3620.57737 13.093 13.095 13.145 13.214 13.022    0.042 0.033 0.033 0.037 0.040  A 157570
   3626.49898 12.768 12.778 12.865 12.895 12.807    0.030 0.027 0.025 0.031 0.034  A 158274
   3629.57235 12.785 12.753 12.734 12.784 12.772    0.033 0.033 0.033 0.039 0.045  A 158595
   3631.57000 12.675 12.742 12.838 12.977 12.976    0.047 0.034 0.033 0.040 0.045  A 158933
   3633.58707 13.168 13.262 13.483 13.725 13.645    0.039 0.034 0.035 0.041 0.047  A 159209
   3637.55604 12.737 12.793 12.847 12.936 12.876    0.028 0.027 0.026 0.030 0.034  A 159681
   3641.53115 12.814 12.817 12.880 12.974 12.997    0.030 0.027 0.027 0.030 0.035  A 160141
   3643.56843 12.905 12.971 13.032 13.084 13.036    0.035 0.028 0.025 0.029 0.032  A 160434
   3647.52741 12.892 12.852 12.824 12.806 12.760    0.029 0.027 0.023 0.028 0.030  A 160867
   3654.48813 12.665 12.796 12.921 13.052 13.055    0.071 0.048 0.046 0.052 0.060  B 161831
   3658.49175 12.820 12.772 12.856 13.018 13.080    0.065 0.040 0.037 0.041 0.046  A 162423
   3661.49042 12.641 12.648 12.725 12.796 12.688    0.067 0.042 0.038 0.044 0.049  A 162884
   3663.52310 13.143 13.068 13.139 13.205 13.033    0.046 0.032 0.031 0.037 0.042  A 163174
   3672.49641 12.892 12.923 12.954 12.994 12.978    0.055 0.036 0.032 0.038 0.041  A 164353
   3799.87739 12.862 12.919 13.001 13.143 13.094    0.040 0.030 0.032 0.037 0.043  A 180614
   3810.87267 12.944 13.026 13.176 13.344 13.357    0.044 0.032 0.035 0.043 0.048  A 182052
   3834.80807 99.999 99.999 99.999 99.999 99.999    0.036 0.031 0.035 0.044 0.052  C 185999
   3837.81994 12.746 12.694 12.756 12.821 12.866    0.045 0.033 0.033 0.039 0.045  A 186509
   3847.84771 13.202 13.168 13.113 13.015 13.047    0.080 0.049 0.051 0.058 0.066  B 186808
   3862.80269 13.174 13.115 13.133 13.092 12.911    0.054 0.032 0.028 0.032 0.036  A 189250
   3864.74766 12.912 12.920 12.937 12.978 12.959    0.064 0.038 0.034 0.038 0.041  A 189573
   3875.90156 13.079 13.165 13.236 13.333 13.381    0.051 0.037 0.035 0.041 0.045  A 191258
   3892.72546 13.324 13.446 13.595 13.703 13.453    0.051 0.032 0.029 0.033 0.037  A 193553
   3894.71662 13.116 13.094 13.165 13.297 13.162    0.029 0.030 0.027 0.030 0.034  A 193881
   3901.73240 12.826 12.814 12.837 12.830 12.776    0.071 0.042 0.036 0.041 0.045  B 194877
   4255.73738 13.520 13.479 13.651 14.102 14.075    0.045 0.041 0.044 0.053 0.064  B 227109
   4258.67148 12.898 12.905 99.999 99.999 99.999    0.032 0.031 0.029 0.033 0.038  C 227527
   4533.88823 12.670 12.706 12.721 12.756 12.746    0.039 0.035 0.034 0.039 0.045  A 259659
#ndata= 384
#dataset= 4 ; 1 F1808-16_277
#desig= 175228-1906.9
#cra=   17.874471  17:52:28.1
#cdec= -19.114614 -19:06:52.6
#class= 0
#cmag_0= 12.769
#cmer_0=  0.075
#nskip_0= 0
#cmag_1= 12.791
#cmer_1=  0.011
#nskip_1= 0
#cmag_2= 12.733
#cmer_2=  0.053
#nskip_2= 0
#cmag_3= 12.690
#cmer_3=  0.071
#nskip_3= 0
#cmag_4= 12.547
#cmer_4=  0.021
#nskip_4= 0
#ra=   17.874471  17:52:28.1
#dec= -19.114614 -19:06:52.6
#     HJD      MAG_0  MAG_1  MAG_2  MAG_3  MAG_4    MER_0 MER_1 MER_2 MER_3 MER_4 GRADE FRAME
   2690.88360 12.798 12.759 12.712 12.683 12.516    0.050 0.065 0.052 0.058 0.063  D 41199
   2698.87856 29.999 29.999 29.999 29.999 29.999    0.046 0.061 0.047 0.053 0.059  D 42612
   2855.63262 12.816 12.869 12.851 12.804 12.637    0.038 0.039 0.036 0.041 0.044  A 66058
   3172.74766 12.693 12.746 12.638 12.584 12.486    0.039 0.038 0.039 0.046 0.055  A 106309
   3826.88762 29.999 29.999 29.999 29.999 29.999    0.033 0.032 0.034 0.041 0.047  C 184656
   3879.79615 29.999 29.999 29.999 29.999 29.999    0.080 0.081 0.090 0.107 0.127  D 191696
#dataset= 4 ; 2 F1808-16_277
#desig= 175227-1907.1
#cra=   17.874171  17:52:27.0
#cdec= -19.118209 -19:07:05.6
#class= 0
#cmag_0= 12.844
#cmer_0=  0.178
#nskip_0= 2
#cmag_1= 12.883
#cmer_1=  0.186
#nskip_1= 0
#cmag_2= 12.932
#cmer_2=  0.200
#nskip_2= 0
#cmag_3= 12.985
#cmer_3=  0.219
#nskip_3= 3
#cmag_4= 12.956
#cmer_4=  0.233
#nskip_4= 9
#ra=   17.874171  17:52:27.0
#dec= -19.118209 -19:07:05.6
#     HJD      MAG_0  MAG_1  MAG_2  MAG_3  MAG_4    MER_0 MER_1 MER_2 MER_3 MER_4 GRADE FRAME
   1948.88942 12.676 12.685 12.663 12.672 12.581    0.048 0.039 0.039 0.048 0.056  A 9128
   1950.88969 12.695 12.763 12.809 12.830 12.794    0.040 0.036 0.033 0.039 0.045  A 9475
   1953.89313 12.730 12.800 12.813 12.730 12.598    0.053 0.049 0.043 0.050 0.057  B 9785
   1955.87332 12.897 12.858 12.858 12.833 12.731    0.044 0.039 0.032 0.035 0.039  A 10135
   1961.90457 29.999 29.999 29.999 29.999 29.999    0.072 0.065 0.063 0.073 0.082  D 10598
   1965.88086 12.669 12.757 12.812 12.883 12.974    0.047 0.042 0.033 0.038 0.042  A 11284
   1967.88071 12.795 12.843 12.894 12.919 12.930    0.047 0.041 0.031 0.035 0.038  A 11627
   1978.85132 12.696 12.647 12.603 12.549 12.391    0.059 0.051 0.044 0.048 0.052  B 12127
   1979.87834 12.764 12.836 12.902 12.962 13.051    0.059 0.051 0.042 0.048 0.048  B 12331
   1981.82142 12.742 12.757 12.791 12.834 12.825    0.053 0.046 0.039 0.044 0.045  B 12636
   1982.82228 12.724 12.788 12.786 12.832 12.838    0.056 0.050 0.042 0.047 0.047  B 12829
   1994.81864 12.714 12.733 12.745 12.772 12.753    0.068 0.058 0.047 0.052 0.051  D 13524
   1997.82994 12.754 12.847 12.899 12.938 12.835    0.070 0.058 0.047 0.052 0.053  D 14129
   2009.79383 12.738 12.770 12.776 12.813 12.872    0.084 0.071 0.060 0.066 0.066  D 15438
   2025.78010 12.876 12.796 12.833 12.913 12.890    0.039 0.027 0.025 0.028 0.032  A 17253
   2026.82102 12.832 12.854 12.945 12.976 12.892    0.050 0.029 0.028 0.031 0.036  A 17487
   2027.78682 12.752 12.912 13.017 13.087 13.010    0.044 0.029 0.029 0.033 0.036  A 17692
   2030.78063 12.770 12.884 12.884 12.830 12.729    0.039 0.027 0.027 0.031 0.035  A 17863
   2032.77208 12.719 12.769 12.786 12.808 12.792    0.040 0.028 0.027 0.031 0.035  A 18293
   2033.76772 12.619 12.746 12.820 12.989 12.875    0.038 0.027 0.026 0.029 0.032  A 18510
   2037.72738 13.134 13.050 13.174 13.300 13.185    0.050 0.032 0.033 0.039 0.043  A 19009
   2052.72751 12.912 12.974 13.047 13.086 13.004    0.054 0.031 0.030 0.034 0.038  A 19855
   2053.74482 12.714 12.706 12.683 12.680 12.649    0.050 0.029 0.027 0.032 0.036  A 20069
   2054.73293 12.745 12.754 12.810 12.884 12.893    0.058 0.031 0.030 0.035 0.040  A 20287
   2055.72158 12.656 12.702 12.779 12.839 12.883    0.057 0.031 0.029 0.033 0.038  A 20504
   2056.72279 12.722 12.766 12.828 12.912 12.910    0.050 0.029 0.027 0.032 0.036  A 20732
   2057.71862 12.808 12.964 13.025 13.042 13.080    0.049 0.029 0.027 0.032 0.036  A 20958
   2058.71537 12.832 12.845 12.849 12.855 12.961    0.059 0.032 0.030 0.036 0.041  A 21186
   2061.71006 12.676 12.775 12.858 12.959 13.095    0.055 0.031 0.030 0.035 0.039  A 21412
   2069.74527 12.697 12.629 12.596 12.591 12.433    0.043 0.030 0.029 0.033 0.037  A 22343
   2070.71131 12.710 12.719 12.732 12.759 12.704    0.046 0.029 0.028 0.033 0.036  A 22549
   2080.60844 12.992 12.984 12.972 13.020 13.054    0.054 0.030 0.029 0.034 0.038  A 22883
   2081.66289 13.091 13.107 13.184 13.328 13.412    0.054 0.030 0.028 0.033 0.037  A 23133
   2082.67406 12.818 12.871 12.852 12.811 12.735    0.055 0.030 0.029 0.033 0.037  A 23362
   2083.66054 12.636 12.718 12.807 12.732 12.760    0.064 0.053 0.060 0.074 0.085  D 23600
   2085.65354 12.672 12.709 12.730 12.775 12.754    0.047 0.031 0.030 0.035 0.039  A 23825
   2086.66036 12.689 12.790 12.857 12.961 12.989    0.048 0.028 0.027 0.032 0.036  A 24051
   2087.64815 29.999 29.999 29.999 29.999 29.999    0.055 0.035 0.035 0.042 0.047  C 24266
   2088.64916 12.955 12.933 12.933 12.975 12.822    0.050 0.029 0.028 0.033 0.037  A 24495
   2096.66953 13.095 13.356 13.604 13.943 14.277    0.050 0.035 0.033 0.038 0.042  A 25463
   2102.60415 12.812 12.826 12.939 13.065 13.009    0.044 0.030 0.028 0.032 0.036  A 25648
   2103.62159 12.810 12.839 12.851 12.950 13.033    0.047 0.028 0.027 0.032 0.036  A 25802
   2104.62166 13.003 13.067 13.071 13.212 13.385    0.046 0.030 0.028 0.033 0.037  A 26004
   2105.61732 12.821 12.891 12.906 12.972 12.997    0.050 0.031 0.029 0.033 0.036  A 26221
   2106.62045 12.789 12.755 12.781 12.802 12.727    0.043 0.028 0.026 0.031 0.036  A 26428
   2115.58082 12.674 12.688 12.789 12.911 13.085    0.046 0.031 0.029 0.032 0.036  A 26841
   2116.58808 12.717 12.801 12.884 12.996 13.041    0.045 0.031 0.029 0.033 0.037  A 27064
   2124.59270 29.999 29.999 29.999 29.999 29.999    0.055 0.036 0.034 0.038 0.043  C 27631
   2128.55996 12.733 12.761 12.796 12.855 12.866    0.043 0.029 0.027 0.031 0.036  A 27904
   2129.56811 12.642 12.642 12.708 12.784 12.622    0.049 0.032 0.029 0.033 0.037  A 28124
   2130.57270 12.725 12.706 12.707 12.736 12.650    0.045 0.030 0.028 0.032 0.036  A 28340
   2131.55609 12.741 12.852 12.894 12.957 13.000    0.048 0.028 0.027 0.031 0.035  A 28532
   2132.56876 12.805 12.800 12.847 12.886 12.886    0.050 0.031 0.029 0.034 0.037  A 28756
   2133.56073 12.849 12.967 13.094 13.245 13.323    0.043 0.030 0.028 0.033 0.036  A 28962
   2134.56358 12.908 12.903 12.920 12.970 12.799    0.045 0.032 0.028 0.032 0.035  A 29181
   2136.55930 12.649 12.714 12.774 12.892 13.022    0.042 0.030 0.028 0.032 0.036  A 29604
   2156.49719 13.228 13.216 13.246 13.266 13.088    0.042 0.033 0.030 0.036 0.040  A 31589
   2164.47644 12.780 12.778 12.797 12.810 12.815    0.049 0.035 0.032 0.037 0.042  A 31896
   2168.55432 12.878 12.950 13.023 13.121 13.124    0.038 0.031 0.030 0.036 0.040  A 32229
   2172.49392 12.761 12.824 12.813 12.800 12.765    0.047 0.033 0.031 0.035 0.039  A 32733
   2178.49102 12.886 12.993 13.110 13.258 13.227    0.049 0.037 0.035 0.040 0.044  A 33541
   2180.53376 12.626 12.633 12.644 12.633 12.606    0.053 0.040 0.037 0.041 0.047  A 33747
   2184.53608 13.281 13.368 13.494 13.710 13.768    0.054 0.037 0.036 0.041 0.046  A 34037
   2442.67230 12.860 12.846 12.843 12.863 12.783    0.042 0.039 0.031 0.033 0.035  A 8500
   2443.66859 13.455 13.522 13.583 13.834 14.015    0.034 0.032 0.025 0.027 0.029  A 8684
   2444.66828 13.164 13.155 13.159 13.149 13.114    0.034 0.031 0.024 0.027 0.030  A 8889
   2445.65451 12.770 12.800 12.745 12.726 12.753    0.030 0.029 0.025 0.029 0.033  A 9100
   2446.67316 12.767 12.729 12.738 12.753 12.729    0.034 0.033 0.027 0.031 0.035  A 9271
   2452.63497 12.757 12.814 12.824 12.841 12.686    0.055 0.048 0.041 0.044 0.048  B 9460
   2454.64752 12.671 12.789 12.871 12.905 12.861    0.047 0.045 0.038 0.043 0.047  B 9856
   2455.68545 12.764 12.702 12.677 12.640 12.572    0.053 0.052 0.049 0.054 0.060  B 9950
   2460.65480 12.815 12.888 12.920 12.977 12.898    0.034 0.032 0.024 0.027 0.029  A 10209
   2463.62481 12.717 12.737 12.772 12.807 12.766    0.043 0.037 0.028 0.034 0.036  A 10613
   2464.62593 12.712 12.827 12.836 12.870 12.871    0.045 0.040 0.031 0.034 0.034  A 10832
   2465.62962 12.888 12.873 12.886 12.852 12.719    0.046 0.040 0.032 0.036 0.035  A 11054
   2466.62014 12.916 12.975 12.992 12.979 12.859    0.043 0.037 0.029 0.031 0.032  A 11268
   2467.62167 12.811 12.910 12.902 12.942 12.898    0.032 0.029 0.024 0.027 0.029  A 11488
   2468.62080 12.696 12.777 12.791 12.834 12.826    0.037 0.034 0.025 0.026 0.029  A 11706
   2470.56772 12.748 12.688 12.689 12.692 12.657    0.050 0.044 0.037 0.041 0.039  A 11963
   2473.58507 13.348 13.483 13.534 13.601 13.565    0.053 0.048 0.040 0.044 0.043  B 12659
   2474.62948 13.175 13.162 13.202 13.272 13.121    0.041 0.038 0.032 0.034 0.037  A 12845
   2481.57466 12.862 13.022 13.064 13.090 13.021    0.067 0.055 0.044 0.049 0.049  B 12969
   2482.61225 12.652 12.734 12.763 12.795 12.742    0.060 0.050 0.042 0.048 0.045  B 13144
   2486.58058 13.085 13.005 13.038 13.044 12.857    0.067 0.055 0.045 0.049 0.048  B 13296
   2489.56732 12.868 12.898 12.871 12.830 12.691    0.050 0.045 0.039 0.044 0.047  B 13816
   2490.59280 12.801 12.796 12.798 12.883 12.758    0.047 0.041 0.032 0.036 0.035  A 14045
   2493.56726 12.938 13.089 13.090 13.105 13.114    0.046 0.042 0.035 0.038 0.038  A 14442
   2494.57276 12.707 12.759 12.815 12.806 12.646    0.047 0.045 0.039 0.043 0.048  B 14635
   2495.57221 12.950 12.954 12.937 12.948 12.843    0.051 0.045 0.037 0.043 0.039  B 14772
   2497.56935 12.813 12.866 12.921 12.915 12.877    0.039 0.036 0.028 0.030 0.033  A 15195
   2498.55753 12.692 12.753 12.775 12.806 12.762    0.037 0.035 0.028 0.031 0.035  A 15401
   2499.55337 12.680 12.639 12.724 12.796 12.740    0.035 0.034 0.026 0.028 0.031  A 15610
   2501.54106 12.749 12.761 12.737 12.738 12.662    0.042 0.037 0.029 0.032 0.034  A 15966
   2508.57531 12.867 12.983 12.918 12.911 12.839    0.050 0.045 0.039 0.043 0.047  B 16766
   2510.53540 12.869 13.026 13.131 13.145 12.997    0.036 0.037 0.038 0.044 0.046  A 16933
   2511.59706 13.082 13.157 13.193 13.248 13.476    0.049 0.047 0.045 0.053 0.063  B 17075
   2524.61810 13.163 13.049 13.085 13.071 12.814    0.043 0.041 0.034 0.037 0.039  A 18642
   2543.52891 12.783 12.849 12.896 12.900 12.861    0.037 0.039 0.038 0.043 0.047  A 19869
   2544.48266 12.662 12.731 12.815 12.864 12.736    0.040 0.038 0.032 0.035 0.039  A 19917
   2545.52553 12.941 13.007 13.111 13.180 13.093    0.036 0.031 0.027 0.029 0.032  A 20124
   2547.52394 13.246 13.210 13.257 13.260 12.973    0.034 0.026 0.024 0.028 0.031  A 20374
   2549.52162 99.999 99.999 99.999 99.999 99.999    0.038 0.031 0.027 0.028 0.029  C 20730
   2552.51302 29.999 29.999 29.999 29.999 29.999    0.068 0.053 0.044 0.049 0.049  C 21092
   2560.52971 12.988 13.019 13.032 13.012 12.946    0.050 0.040 0.030 0.034 0.037  A 22362
   2683.88971 12.628 12.676 12.755 12.811 12.791    0.032 0.031 0.031 0.036 0.041  A 39923
   2701.87404 13.057 13.038 13.085 13.135 13.185    0.035 0.037 0.028 0.030 0.033  A 43188
   2707.86911 29.999 29.999 29.999 29.999 29.999    0.046 0.055 0.049 0.060 0.071  D 44307
   2710.85842 12.757 12.793 12.898 13.000 13.030    0.031 0.028 0.028 0.032 0.036  A 44845
   2713.84614 12.731 12.756 12.782 12.816 12.805    0.026 0.021 0.018 0.021 0.023  A 45408
   2717.86584 13.004 13.007 13.004 12.997 12.909    0.036 0.032 0.032 0.038 0.044  A 45954
   2720.83647 12.737 12.873 12.938 13.024 13.007    0.038 0.042 0.033 0.038 0.042  A 46377
   2725.81347 12.831 12.761 12.778 12.796 12.747    0.029 0.027 0.026 0.030 0.034  A 47340
   2727.87455 12.728 12.741 12.844 12.978 12.930    0.031 0.027 0.024 0.026 0.030  A 47756
   2729.86147 12.987 13.098 13.100 13.143 13.145    0.036 0.034 0.032 0.036 0.041  A 48157
   2732.87604 12.883 12.982 13.065 13.123 13.099    0.029 0.025 0.022 0.025 0.029  A 48514
   2735.81590 12.743 12.862 12.931 13.114 13.159    0.029 0.028 0.027 0.031 0.035  A 49102
   2737.83332 13.092 13.088 13.118 13.124 12.845    0.029 0.030 0.027 0.030 0.032  A 49504
   2739.83603 12.827 12.985 12.993 12.983 12.882    0.027 0.029 0.024 0.028 0.031  A 49843
   2741.82745 12.630 12.686 12.731 12.767 12.718    0.033 0.029 0.025 0.030 0.034  A 50232
   2743.82664 12.800 12.783 12.799 12.863 12.981    0.030 0.025 0.024 0.028 0.032  A 50624
   2751.87444 12.960 12.997 13.051 13.115 13.150    0.034 0.033 0.029 0.033 0.037  A 51926
   2758.82695 12.814 12.864 12.914 12.923 12.780    0.026 0.025 0.023 0.028 0.032  A 53096
   2760.77489 13.156 13.334 13.432 13.515 13.688    0.027 0.025 0.025 0.029 0.032  A 53483
   2764.76397 12.620 12.707 12.785 12.819 12.829    0.036 0.026 0.025 0.030 0.032  A 54300
   2768.85741 29.999 29.999 29.999 29.999 29.999    0.076 0.072 0.080 0.099 0.118  D 54660
   2770.80603 12.780 12.831 12.868 12.889 12.820    0.035 0.036 0.028 0.030 0.032  A 54926
   2775.80708 13.348 13.336 13.355 13.568 13.678    0.040 0.040 0.037 0.044 0.051  A 55153
   2784.74295 13.018 13.205 13.299 13.357 13.357    0.030 0.026 0.025 0.029 0.032  A 56177
   2786.70832 12.810 12.846 12.858 12.901 12.942    0.031 0.029 0.027 0.032 0.035  A 56596
   2790.73491 13.313 13.283 13.340 13.394 13.275    0.042 0.023 0.022 0.025 0.028  A 57367
   2794.72412 12.602 12.730 12.727 12.738 12.671    0.039 0.035 0.025 0.027 0.030  A 58099
   2808.71904 12.625 12.807 12.879 12.874 12.709    0.034 0.033 0.028 0.032 0.036  A 59339
   2810.63763 12.695 12.734 12.755 12.763 12.676    0.029 0.025 0.023 0.026 0.029  A 59732
   2811.82340 12.967 12.981 13.009 13.033 13.028    0.031 0.026 0.025 0.028 0.034  A 60032
   2813.71383 12.804 12.884 12.876 12.834 12.706    0.033 0.033 0.027 0.029 0.032  A 60443
   2820.71656 13.141 13.166 13.207 13.257 13.163    0.028 0.027 0.023 0.026 0.029  A 61545
   2830.61761 12.632 12.748 12.786 12.787 12.690    0.047 0.048 0.046 0.055 0.061  B 62500
   2834.65023 29.999 29.999 29.999 29.999 29.999    0.075 0.078 0.087 0.109 0.128  D 63342
   2838.75095 12.671 12.711 12.775 12.903 13.080    0.031 0.028 0.026 0.030 0.034  A 63946
   2845.76700 12.728 12.830 12.824 12.852 12.869    0.033 0.032 0.026 0.029 0.032  A 65273
   2851.59894 13.160 13.176 13.242 13.358 13.168    0.034 0.033 0.029 0.033 0.035  A 65423
   2853.72478 12.737 12.828 12.888 12.956 12.923    0.032 0.032 0.026 0.028 0.031  A 65697
   2861.57532 12.654 12.714 12.704 12.671 12.607    0.032 0.034 0.030 0.036 0.041  A 66942
   2866.70273 12.679 12.706 12.763 12.801 12.694    0.034 0.027 0.025 0.028 0.032  A 67585
   2872.54485 12.991 13.042 13.062 13.099 12.974    0.036 0.027 0.024 0.028 0.031  A 68122
   2875.58306 12.712 12.773 12.829 12.855 12.800    0.033 0.025 0.024 0.027 0.030  A 68528
   2877.57417 12.800 12.810 12.830 12.814 12.560    0.036 0.036 0.027 0.029 0.032  A 68922
   2879.57206 13.483 13.343 13.367 13.467 13.231    0.028 0.028 0.024 0.027 0.030  A 69227
   2882.59556 12.733 12.845 12.842 12.825 12.767    0.031 0.025 0.024 0.027 0.030  A 69489
   2897.63640 12.638 12.695 12.793 12.843 12.858    0.032 0.026 0.026 0.031 0.035  A 71671
   2905.56761 12.680 12.684 12.732 12.795 12.684    0.028 0.027 0.024 0.028 0.031  A 72951
   2908.58612 13.176 13.306 13.402 13.385 13.375    0.027 0.023 0.023 0.027 0.030  A 73407
   2910.60633 12.810 12.846 12.781 12.718 12.706    0.031 0.028 0.027 0.032 0.037  A 73711
   2917.58329 12.805 12.815 12.826 12.860 12.816    0.031 0.027 0.028 0.033 0.038  A 74743
   2921.57633 12.876 13.034 13.259 13.436 12.934    0.040 0.041 0.044 0.053 0.062  B 75061
   3054.89456 12.673 12.805 12.967 13.159 13.210    0.040 0.039 0.040 0.047 0.054  A 91495
   3059.88742 12.794 12.786 12.821 12.883 12.822    0.032 0.030 0.033 0.039 0.044  A 92161
   3063.88827 13.158 13.130 13.064 13.002 12.909    0.039 0.038 0.042 0.051 0.058  A 92696
   3068.89433 12.709 12.637 12.647 12.714 12.723    0.032 0.030 0.031 0.038 0.043  A 93286
   3072.88657 12.656 12.671 12.662 12.661 12.611    0.032 0.030 0.030 0.036 0.041  A 93821
   3076.87887 12.990 12.949 13.060 13.212 13.183    0.031 0.030 0.031 0.037 0.043  A 94352
   3080.86229 12.703 12.743 12.741 12.758 12.705    0.036 0.035 0.034 0.039 0.044  A 94938
   3087.85664 12.764 12.724 12.782 12.860 12.802    0.033 0.031 0.032 0.037 0.043  A 95685
   3090.89088 12.841 12.924 12.985 13.030 13.006    0.044 0.030 0.030 0.036 0.042  A 96157
   3097.82412 12.715 12.702 12.696 12.697 12.601    0.030 0.027 0.027 0.032 0.037  A 96876
   3100.86401 29.999 29.999 29.999 29.999 29.999    0.041 0.037 0.038 0.046 0.053  C 97347
   3102.88683 12.682 12.707 12.742 12.752 12.695    0.033 0.032 0.031 0.037 0.043  A 97670
   3103.85296 12.756 12.824 12.830 12.853 12.774    0.038 0.036 0.037 0.043 0.050  A 97819
   3107.89910 13.326 13.334 13.376 13.301 12.915    0.033 0.035 0.034 0.041 0.046  A 98472
   3110.83753 12.831 12.825 12.815 12.788 12.714    0.030 0.030 0.028 0.032 0.037  A 98918
   3113.82365 12.714 12.678 12.690 12.697 12.695    0.034 0.033 0.031 0.036 0.042  A 99388
   3116.81772 12.824 12.912 13.075 13.190 13.109    0.027 0.026 0.025 0.029 0.032  A 99879
   3122.84222 13.345 13.472 13.629 13.921 14.112    0.034 0.032 0.030 0.035 0.039  A 100283
   3127.77448 12.562 12.717 12.736 12.776 12.751    0.063 0.065 0.067 0.074 0.082  D 101075
   3134.82719 12.714 12.846 12.887 12.937 12.974    0.036 0.032 0.031 0.036 0.043  A 102206
   3144.76517 12.929 13.005 13.011 13.074 13.057    0.029 0.032 0.027 0.031 0.035  A 103313
   3154.71325 12.929 12.962 12.949 12.937 12.854    0.026 0.028 0.025 0.029 0.034  A 103967
   3162.71702 12.897 13.015 13.054 13.073 12.921    0.035 0.038 0.036 0.040 0.043  A 104872
   3164.74911 12.713 12.696 12.692 12.735 12.634    0.033 0.032 0.027 0.032 0.036  A 105234
   3167.76194 13.099 13.205 13.208 13.248 13.058    0.028 0.032 0.027 0.032 0.036  A 105627
   3169.73607 12.974 13.110 13.324 13.513 13.509    0.048 0.039 0.037 0.042 0.047  A 105959
   3172.74766 12.721 12.657 12.782 12.940 12.808    0.039 0.038 0.039 0.046 0.055  A 106309
   3180.77099 13.093 13.107 13.160 13.115 12.995    0.032 0.024 0.024 0.028 0.032  A 107385
   3189.67791 13.110 13.221 13.316 13.402 13.416    0.034 0.034 0.033 0.039 0.046  A 108440
   3191.75754 12.858 12.750 12.810 12.971 12.928    0.045 0.038 0.041 0.050 0.057  A 108765
   3273.57876 12.863 12.865 12.871 12.883 12.824    0.036 0.031 0.030 0.036 0.041  A 116183
   3276.54224 12.628 12.616 12.696 12.772 12.705    0.032 0.032 0.034 0.042 0.048  A 116549
   3279.50693 12.817 12.884 12.899 12.907 13.033    0.035 0.030 0.028 0.034 0.039  A 116928
   3292.52914 12.652 12.643 12.625 12.634 12.683    0.038 0.038 0.039 0.048 0.056  A 118243
   3299.49264 12.690 12.766 12.880 13.040 13.188    0.036 0.031 0.028 0.034 0.040  A 118897
   3409.88773 12.686 12.751 12.798 12.966 13.178    0.044 0.032 0.034 0.041 0.047  A 129282
   3413.89004 12.732 12.853 12.975 13.084 13.085    0.044 0.035 0.040 0.047 0.054  A 129876
   3417.89275 12.720 12.747 12.766 12.794 12.914    0.035 0.030 0.033 0.040 0.047  A 130508
   3421.89446 12.702 12.717 12.700 12.670 12.573    0.033 0.035 0.038 0.046 0.053  A 131140
   3425.88645 13.155 13.218 13.237 13.340 13.378    0.035 0.034 0.037 0.043 0.049  A 131768
   3443.90594 12.667 12.744 12.816 12.908 13.017    0.033 0.025 0.026 0.031 0.037  A 133845
   3447.86325 12.977 13.045 13.149 13.317 13.203    0.096 0.051 0.048 0.053 0.058  D 134823
   3450.87887 12.729 12.768 12.823 12.881 12.820    0.042 0.033 0.033 0.040 0.044  A 135337
   3453.84178 12.805 12.857 12.923 12.953 12.967    0.035 0.033 0.035 0.043 0.049  A 135720
   3456.87159 13.144 13.176 13.209 13.198 13.152    0.029 0.029 0.032 0.038 0.044  A 136265
   3463.84309 12.817 12.846 12.897 12.921 12.878    0.031 0.026 0.029 0.035 0.040  A 137389
   3466.86579 12.704 12.642 12.675 12.724 12.738    0.034 0.028 0.030 0.036 0.041  A 137906
   3469.86143 13.203 13.189 13.228 13.277 13.370    0.032 0.026 0.026 0.031 0.036  A 138323
   3473.81841 12.690 12.732 12.769 12.810 12.765    0.028 0.024 0.024 0.028 0.030  A 138939
   3476.83495 12.780 12.806 12.840 12.851 12.810    0.053 0.030 0.032 0.038 0.042  A 139439
   3479.81725 12.890 12.930 12.966 13.046 12.999    0.041 0.031 0.034 0.041 0.046  A 139913
   3481.84542 13.033 13.070 13.190 13.298 13.366    0.069 0.038 0.035 0.041 0.046  B 140245
   3483.83953 12.948 12.820 12.857 12.934 12.951    0.081 0.048 0.040 0.046 0.051  B 140561
   3490.85175 12.763 12.821 12.873 12.939 12.817    0.072 0.040 0.041 0.049 0.056  B 141209
   3492.85856 12.784 12.797 12.844 12.894 12.930    0.044 0.034 0.035 0.040 0.045  A 141549
   3496.82917 12.716 12.805 12.839 12.846 12.796    0.033 0.027 0.024 0.028 0.031  A 141820
   3500.79056 13.287 13.188 13.190 13.279 13.407    0.055 0.038 0.036 0.040 0.044  A 142322
   3502.86048 12.626 12.577 12.551 12.557 12.502    0.052 0.038 0.036 0.040 0.045  A 142699
   3504.81925 12.663 12.665 12.690 12.671 12.666    0.056 0.041 0.042 0.049 0.055  A 143044
   3508.82001 12.731 12.741 12.705 12.725 12.747    0.032 0.028 0.024 0.027 0.031  A 143300
   3511.74918 12.682 12.731 12.824 12.913 12.886    0.031 0.026 0.025 0.030 0.034  A 143707
   3517.77761 12.763 12.760 12.788 12.889 12.867    0.030 0.026 0.028 0.034 0.038  A 144389
   3521.74133 12.571 12.626 12.621 12.634 12.735    0.102 0.059 0.057 0.064 0.070  D 144872
   3523.77718 12.996 12.987 13.014 13.094 13.030    0.054 0.035 0.035 0.039 0.043  A 145234
   3525.83911 12.753 12.848 12.927 13.040 13.090    0.047 0.045 0.039 0.041 0.045  B 145560
   3528.70085 12.883 12.901 12.967 13.041 13.021    0.042 0.029 0.028 0.032 0.035  A 146030
   3537.80133 12.911 12.973 13.028 13.037 13.016    0.043 0.044 0.048 0.057 0.067  B 146767
   3539.72463 12.731 12.748 12.779 12.802 12.714    0.039 0.029 0.033 0.040 0.045  A 147061
   3544.70558 13.128 13.383 13.577 13.509 13.533    0.034 0.030 0.033 0.039 0.045  A 147722
   3547.75814 12.648 12.705 12.794 12.944 12.969    0.056 0.034 0.030 0.035 0.038  A 148076
   3551.75008 13.011 13.104 13.143 13.092 13.087    0.053 0.038 0.038 0.044 0.050  A 148346
   3554.71974 12.805 12.866 12.941 13.037 13.054    0.028 0.025 0.022 0.027 0.030  A 148784
   3556.78126 12.802 12.826 12.843 12.886 12.957    0.057 0.034 0.034 0.040 0.045  A 149113
   3562.61226 13.129 13.130 13.111 13.122 13.162    0.040 0.026 0.026 0.032 0.036  A 149903
   3564.65059 12.653 12.661 12.656 12.669 12.666    0.028 0.025 0.024 0.028 0.031  A 150253
   3572.79433 13.508 13.516 13.620 13.793 13.938    0.056 0.053 0.060 0.073 0.087  D 151002
   3574.77460 13.141 13.133 13.151 13.255 13.317    0.038 0.035 0.034 0.042 0.049  A 151333
   3576.77858 12.665 12.671 12.677 12.706 12.716    0.029 0.026 0.027 0.031 0.036  A 151693
   3583.59762 12.913 12.927 12.947 12.964 13.040    0.080 0.046 0.041 0.045 0.048  B 152820
   3585.64932 12.739 12.733 12.800 12.897 12.768    0.064 0.043 0.039 0.041 0.044  A 153184
   3587.66957 12.959 12.978 12.990 13.010 12.949    0.028 0.024 0.022 0.026 0.030  A 153533
   3589.72301 13.011 13.050 13.069 13.116 13.076    0.040 0.029 0.026 0.030 0.034  A 153872
   3592.54068 12.936 12.932 12.954 13.003 12.976    0.034 0.026 0.026 0.031 0.035  A 154332
   3599.61541 12.781 12.852 12.931 13.021 12.997    0.036 0.031 0.030 0.035 0.041  A 155259
   3601.67500 12.754 12.869 13.003 13.241 13.473    0.055 0.043 0.039 0.045 0.049  A 155568
   3603.67815 13.091 13.152 13.210 13.248 13.103    0.043 0.031 0.030 0.036 0.041  A 155897
   3607.52502 12.878 12.886 12.902 12.905 12.752    0.029 0.024 0.024 0.028 0.033  A 156240
   3615.52239 12.860 12.963 13.059 13.150 13.346    0.066 0.042 0.039 0.045 0.051  B 156855
   3618.55924 12.854 12.914 12.985 13.097 13.074    0.032 0.027 0.028 0.034 0.039  A 157259
   3620.58158 13.059 13.116 13.150 13.144 13.020    0.060 0.041 0.040 0.044 0.048  A 157571
   3622.62221 12.670 12.672 12.686 12.710 12.679    0.035 0.032 0.032 0.036 0.040  A 157900
   3628.48483 12.957 13.084 13.329 13.706 13.952    0.036 0.037 0.041 0.051 0.060  A 158402
   3630.56979 12.708 12.766 12.884 13.080 13.216    0.047 0.035 0.034 0.040 0.045  A 158765
   3632.57686 12.950 12.992 13.130 13.311 13.420    0.071 0.041 0.039 0.045 0.050  B 159077
   3634.60489 13.081 13.098 13.091 13.131 13.187    0.050 0.035 0.035 0.041 0.046  A 159362
   3637.61406 12.782 12.829 12.914 13.022 13.131    0.039 0.039 0.039 0.043 0.047  A 159701
   3641.56873 12.846 12.863 12.921 13.013 13.106    0.045 0.031 0.027 0.031 0.035  A 160154
   3644.51891 12.837 12.847 12.915 13.024 13.039    0.070 0.042 0.041 0.047 0.052  B 160569
   3648.51945 13.071 13.114 13.261 13.456 13.594    0.034 0.029 0.027 0.031 0.034  A 160991
   3654.49136 12.796 12.802 12.881 12.976 12.974    0.065 0.040 0.040 0.047 0.052  A 161832
   3656.54226 12.962 12.980 13.051 13.198 13.221    0.031 0.027 0.029 0.033 0.039  A 162147
   3659.51846 12.595 12.591 12.718 12.915 12.937    0.033 0.031 0.032 0.039 0.044  A 162590
   3661.53597 12.767 12.874 12.998 13.133 12.993    0.035 0.032 0.035 0.042 0.049  A 162900
   3663.54057 13.247 13.311 13.420 13.707 14.007    0.036 0.030 0.032 0.038 0.043  A 163180
   3671.49874 12.911 12.942 13.041 13.123 13.119    0.033 0.028 0.026 0.031 0.034  A 164216
   3674.50269 12.620 12.629 12.690 12.777 12.842    0.063 0.037 0.034 0.037 0.042  A 164647
   3775.88827 12.984 13.064 13.172 13.338 13.282    0.036 0.036 0.040 0.050 0.057  A 177731
   3791.88395 12.660 12.651 12.708 12.786 12.832    0.041 0.034 0.037 0.044 0.050  A 179482
   3795.88802 12.835 12.833 12.819 12.788 12.739    0.036 0.030 0.030 0.035 0.039  A 180064
   3799.88434 12.747 12.835 12.964 13.069 13.005    0.035 0.029 0.032 0.039 0.045  A 180617
   3803.89218 13.107 13.089 13.113 13.225 13.332    0.042 0.035 0.039 0.049 0.056  A 181111
   3807.89476 12.784 12.825 12.877 12.959 12.950    0.040 0.031 0.031 0.037 0.042  A 181588
   3811.88095 13.015 13.104 13.158 13.164 13.132    0.030 0.031 0.034 0.042 0.049  A 182221
   3819.86937 12.770 12.796 12.786 12.750 12.783    0.052 0.034 0.036 0.042 0.048  A 183495
   3823.84143 12.801 12.776 12.830 12.968 13.057    0.043 0.033 0.040 0.048 0.055  A 184130
   3829.86974 12.775 12.778 12.833 12.967 12.963    0.046 0.033 0.035 0.041 0.046  A 185153
   3832.86640 13.112 13.155 13.168 13.169 13.034    0.034 0.030 0.029 0.034 0.039  A 185676
   3835.86323 12.657 12.720 12.766 12.819 12.871    0.038 0.030 0.032 0.039 0.045  A 186185
   3847.87148 13.191 13.173 13.144 13.161 13.170    0.072 0.050 0.050 0.057 0.065  B 186816
   3850.81457 12.765 12.749 12.744 12.745 12.763    0.030 0.031 0.031 0.034 0.037  A 187314
   3852.86029 12.683 12.685 12.767 12.876 12.995    0.034 0.033 0.035 0.042 0.048  A 187681
   3855.79446 12.801 12.859 12.905 12.921 12.859    0.067 0.045 0.048 0.059 0.068  D 188145
   3858.79631 12.700 12.699 12.690 12.652 12.633    0.070 0.047 0.048 0.054 0.059  B 188578
   3860.86329 12.925 12.989 13.021 13.076 13.089    0.054 0.035 0.032 0.037 0.041  A 188904
   3862.83417 13.133 13.118 13.100 13.140 13.134    0.038 0.028 0.027 0.031 0.034  A 189261
   3864.76822 12.900 12.989 13.106 13.229 13.299    0.065 0.045 0.040 0.044 0.049  B 189580
   3866.76728 12.559 12.603 12.611 12.596 12.600    0.061 0.038 0.036 0.040 0.045  A 189932
   3868.79018 13.026 13.025 13.130 13.233 13.099    0.076 0.051 0.047 0.055 0.062  B 190245
   3872.80490 12.706 12.784 12.878 13.047 12.938    0.067 0.039 0.039 0.045 0.050  B 190987
   3876.71088 12.780 12.841 12.935 13.073 13.005    0.038 0.033 0.034 0.042 0.048  A 191363
   3882.72890 12.571 12.653 12.746 12.848 12.938    0.043 0.026 0.028 0.033 0.037  A 192122
   3886.76762 12.806 12.816 12.855 12.892 12.929    0.030 0.024 0.024 0.028 0.032  A 192513
   3891.67733 12.857 12.908 12.970 13.061 13.083    0.036 0.028 0.026 0.031 0.034  A 193365
   3893.72671 13.079 13.127 13.233 13.386 13.402    0.028 0.028 0.025 0.030 0.035  A 193739
   3900.73197 13.025 13.056 13.153 13.276 13.382    0.049 0.036 0.036 0.043 0.048  A 194686
   3902.73863 12.723 12.748 12.777 12.812 12.910    0.037 0.029 0.029 0.034 0.039  A 195065
   3904.77008 12.870 12.857 12.857 12.902 13.066    0.050 0.037 0.034 0.037 0.040  A 195456
   3906.77250 13.132 13.171 13.140 13.085 12.988    0.074 0.044 0.040 0.044 0.047  B 195837
   3908.84242 12.585 12.669 12.699 12.727 12.674    0.070 0.039 0.033 0.038 0.040  B 196245
   3912.75218 12.739 12.772 12.888 13.021 13.052    0.062 0.036 0.031 0.036 0.040  A 196782
   4154.87927 12.697 12.722 12.791 12.817 12.870    0.039 0.031 0.034 0.040 0.044  A 215499
   4158.88187 12.788 12.849 12.880 12.890 12.911    0.044 0.033 0.037 0.044 0.050  A 216072
   4162.86905 12.893 12.912 13.007 13.065 13.033    0.070 0.047 0.051 0.064 0.071  D 216705
   4166.86818 13.230 13.213 13.263 13.322 13.353    0.041 0.036 0.038 0.044 0.051  A 217227
   4174.87939 12.738 12.751 12.778 12.811 12.850    0.039 0.032 0.031 0.036 0.040  A 218310
   4178.86682 12.775 12.840 13.081 13.476 13.900    0.084 0.074 0.084 0.104 0.120  D 218768
   4181.88988 12.892 12.909 13.047 13.241 13.694    0.062 0.053 0.058 0.072 0.084  D 219198
   4185.86159 12.753 12.752 12.784 12.860 12.809    0.046 0.039 0.038 0.045 0.051  A 219767
   4189.85664 12.805 12.860 12.918 13.019 13.015    0.035 0.033 0.030 0.035 0.039  A 220158
   4192.83668 12.810 12.827 12.886 12.950 12.969    0.034 0.033 0.032 0.038 0.043  A 220630
   4196.86529 12.952 12.835 12.836 12.856 12.862    0.055 0.051 0.053 0.064 0.075  D 221124
   4202.86797 12.794 12.836 12.810 12.763 12.730    0.062 0.040 0.036 0.042 0.048  A 221709
   4205.83547 12.769 12.754 12.785 12.890 12.946    0.037 0.033 0.034 0.040 0.046  A 222178
   4213.89976 12.686 12.620 12.621 12.660 12.544    0.040 0.036 0.035 0.042 0.049  A 222675
   4228.83018 12.790 12.785 12.840 12.987 12.886    0.039 0.033 0.030 0.035 0.041  A 223411
   4230.82112 12.761 12.797 12.821 12.865 12.798    0.031 0.028 0.026 0.030 0.033  A 223750
   4232.88344 12.876 12.937 12.991 13.001 12.910    0.036 0.033 0.031 0.035 0.041  A 224115
   4235.75560 12.802 12.771 12.803 12.833 12.910    0.046 0.030 0.027 0.031 0.035  A 224625
   4245.75277 12.619 12.794 13.085 13.349 13.253    0.055 0.057 0.065 0.081 0.100  D 226077
   4247.72477 12.934 12.982 13.026 13.077 13.066    0.033 0.031 0.029 0.033 0.038  A 226433
   4250.84629 12.824 12.830 12.899 13.059 13.061    0.056 0.045 0.041 0.048 0.056  B 226717
   4255.75782 13.254 13.238 13.333 13.308 12.965    0.036 0.037 0.039 0.048 0.056  A 227116
   4258.69838 12.607 12.679 12.712 12.782 12.871    0.035 0.030 0.029 0.033 0.038  A 227536
   4266.73020 12.711 12.679 12.726 12.837 12.803    0.043 0.037 0.036 0.041 0.048  A 227762
   4268.73557 12.959 12.947 12.877 12.728 12.560    0.044 0.041 0.042 0.050 0.058  A 228015
   4272.67025 12.774 12.736 12.721 12.714 12.618    0.033 0.033 0.030 0.036 0.041  A 228390
   4274.70723 12.636 12.687 12.738 12.786 12.817    0.038 0.035 0.031 0.034 0.037  A 228713
   4277.67185 12.854 12.925 12.984 13.044 13.030    0.042 0.034 0.029 0.032 0.036  A 229015
   4282.70939 12.828 12.791 12.825 12.858 12.785    0.049 0.043 0.044 0.053 0.060  B 229494
   4284.70950 13.186 13.130 13.183 13.255 13.426    0.063 0.041 0.036 0.041 0.046  A 229829
   4286.70202 12.741 12.726 12.777 12.796 12.657    0.056 0.058 0.064 0.079 0.094  D 230192
   4290.70126 12.932 12.964 13.013 13.094 13.093    0.042 0.039 0.033 0.037 0.041  A 230517
   4292.67124 12.878 12.910 12.964 13.046 13.113    0.038 0.032 0.027 0.031 0.035  A 230883
   4294.67214 12.795 12.784 12.803 12.826 12.825    0.044 0.035 0.032 0.035 0.039  A 231237
   4296.67207 12.747 12.751 12.819 12.886 12.723    0.041 0.035 0.033 0.039 0.046  A 231580
   4298.67734 12.909 12.991 13.029 13.045 12.989    0.048 0.038 0.037 0.044 0.052  A 231940
   4300.64337 13.125 13.191 13.226 13.283 13.093    0.068 0.043 0.041 0.047 0.055  B 232285
   4302.69159 12.782 12.747 12.777 12.856 12.890    0.036 0.031 0.028 0.032 0.037  A 232614
   4304.63025 12.667 12.736 12.770 12.814 12.828    0.044 0.034 0.030 0.034 0.038  A 232954
   4310.60668 12.832 12.808 12.863 12.910 12.962    0.039 0.033 0.031 0.037 0.043  A 233884
   4312.60372 12.618 12.631 12.702 12.766 12.742    0.054 0.040 0.039 0.045 0.052  A 234211
   4315.60625 13.350 13.332 13.344 13.370 13.331    0.039 0.035 0.030 0.033 0.037  A 234555
   4317.66404 12.763 12.733 12.780 12.845 12.914    0.036 0.035 0.033 0.039 0.045  A 234840
   4329.55478 12.984 13.004 13.082 13.195 13.182    0.040 0.037 0.033 0.037 0.042  A 235107
   4331.55322 13.003 13.043 13.146 13.325 13.487    0.034 0.031 0.026 0.030 0.035  A 235464
   4338.52626 12.876 12.942 13.056 13.200 13.247    0.042 0.037 0.033 0.037 0.041  A 236390
   4340.58091 12.650 12.735 12.781 12.809 12.848    0.053 0.040 0.036 0.042 0.049  A 236747
   4342.58558 12.870 12.970 13.021 13.087 13.186    0.056 0.041 0.037 0.042 0.047  A 237079
   4344.58257 13.263 13.291 13.385 13.525 13.397    0.065 0.041 0.038 0.043 0.046  A 237420
   4346.58503 12.809 12.778 12.824 12.907 12.868    0.060 0.038 0.033 0.037 0.039  A 237761
   4348.58668 12.665 12.678 12.775 12.899 12.916    0.064 0.040 0.039 0.044 0.047  A 238116
   4350.58265 12.962 12.954 12.983 13.092 13.234    0.066 0.042 0.038 0.044 0.048  B 238431
   4352.59408 12.867 12.895 12.999 13.119 12.990    0.038 0.036 0.033 0.038 0.042  A 238747
   4355.58314 12.653 12.621 12.677 12.710 12.657    0.047 0.033 0.030 0.034 0.037  A 239153
   4357.59322 12.929 12.951 12.986 13.025 13.070    0.042 0.035 0.031 0.035 0.040  A 239447
   4359.55802 13.211 13.316 13.353 13.402 13.579    0.046 0.035 0.031 0.037 0.042  A 239772
   4365.48981 12.763 12.789 12.917 13.083 13.212    0.046 0.033 0.029 0.033 0.038  A 240597
   4368.56823 12.810 12.789 12.831 12.933 12.941    0.037 0.035 0.035 0.041 0.047  A 240962
   4372.59378 13.087 13.165 13.386 13.693 13.893    0.050 0.042 0.043 0.052 0.060  B 241618
   4376.52108 12.871 12.878 12.926 12.968 12.906    0.049 0.034 0.030 0.034 0.038  A 242080
   4378.54379 12.690 12.724 12.776 12.829 12.844    0.063 0.043 0.040 0.046 0.051  A 242389
   4380.57712 12.751 12.858 12.885 12.934 12.941    0.055 0.041 0.040 0.046 0.050  A 242700
   4383.53820 12.966 12.926 12.973 13.074 13.186    0.043 0.032 0.027 0.031 0.035  A 243146
   4386.52074 12.771 12.884 12.957 13.022 13.091    0.043 0.034 0.029 0.033 0.037  A 243610
   4392.49468 12.654 12.689 12.699 12.701 12.705    0.040 0.033 0.033 0.038 0.045  A 244472
   4399.52661 12.674 12.738 12.914 13.210 13.377    0.047 0.042 0.047 0.055 0.061  B 244805
   4403.51625 13.108 13.166 13.211 13.287 13.206    0.060 0.039 0.035 0.040 0.045  A 245222
   4408.49873 12.756 12.706 12.766 12.887 12.812    0.056 0.038 0.037 0.044 0.049  A 245683
   4506.88957 12.933 13.066 13.146 13.265 13.330    0.040 0.041 0.047 0.058 0.069  D 256077
   4511.88755 12.735 12.743 12.802 12.955 13.148    0.036 0.037 0.040 0.048 0.055  A 256763
   4519.88470 12.808 12.845 12.837 12.805 12.770    0.036 0.037 0.041 0.049 0.057  A 257655
   4523.88574 12.659 12.708 12.837 13.007 13.092    0.035 0.031 0.030 0.035 0.040  A 258238
   4529.87829 12.908 12.876 12.865 12.813 12.785    0.038 0.034 0.036 0.043 0.050  A 259115
   4533.89749 12.837 12.923 13.034 13.143 13.120    0.042 0.043 0.044 0.050 0.057  B 259662
   4537.88150 12.776 12.763 12.775 12.826 12.854    0.033 0.030 0.028 0.033 0.037  A 260165
   4541.86283 12.895 12.866 12.858 12.863 12.871    0.035 0.029 0.029 0.033 0.036  A 260743
   4557.85064 13.102 13.115 13.194 13.321 13.300    0.037 0.032 0.031 0.035 0.039  A 263097
   4560.86612 12.730 12.771 12.786 12.815 12.736    0.033 0.031 0.030 0.034 0.040  A 263601
   4563.85855 12.915 12.890 12.912 12.934 12.864    0.043 0.036 0.034 0.038 0.042  A 264096
   4566.86551 12.833 12.863 12.916 12.983 12.982    0.058 0.040 0.037 0.041 0.045  A 264602
   4569.87654 12.712 12.781 12.888 13.022 13.068    0.032 0.031 0.029 0.034 0.040  A 265068
   4572.81649 13.340 13.394 13.524 13.800 14.288    0.045 0.037 0.034 0.039 0.045  A 265571
   4574.84103 12.871 12.920 13.018 13.115 13.184    0.033 0.030 0.030 0.036 0.040  A 265904
