#ndata= 2
#dataset= 1 ; 1 F1808+00_367
#desig= 175221+0646.0
#cra=   17.872486  17:52:20.9
#cdec=   6.767418 06:46:02.7
#class= 0
#cmag_0=  7.788
#cmer_0=  0.042
#nskip_0= 0
#cmag_1=  7.862
#cmer_1=  0.016
#nskip_1= 0
#cmag_2=  7.868
#cmer_2=  0.015
#nskip_2= 0
#cmag_3=  7.888
#cmer_3=  0.006
#nskip_3= 0
#cmag_4=  7.895
#cmer_4=  0.017
#nskip_4= 0
#ra=   17.872486  17:52:20.9
#dec=   6.767418 06:46:02.7
#     HJD      MAG_4  MAG_0  MAG_1  MAG_2  MAG_3    MER_4 MER_0 MER_1 MER_2 MER_3 GRADE FRAME
   3448.89785  7.883  7.758  7.850  7.858  7.884    0.061 0.093 0.051 0.049 0.055  D 134992
   3452.90209  7.909  7.819  7.873  7.880  7.893    0.042 0.041 0.032 0.033 0.039  A 135588
#ndata= 161
#dataset= 2 ; 1 F1736+08_411
#desig= 175221+0646.1
#cra=   17.872500  17:52:21.0
#cdec=   6.767927 06:46:04.5
#class= 0
#cmag_0=  7.880
#cmer_0=  0.049
#nskip_0= 2
#cmag_1=  7.884
#cmer_1=  0.050
#nskip_1= 1
#cmag_2=  7.882
#cmer_2=  0.048
#nskip_2= 1
#cmag_3=  7.883
#cmer_3=  0.048
#nskip_3= 1
#cmag_4=  7.885
#cmer_4=  0.048
#nskip_4= 1
#ra=   17.872500  17:52:21.0
#dec=   6.767927 06:46:04.5
#     HJD      MAG_4  MAG_0  MAG_1  MAG_2  MAG_3    MER_4 MER_0 MER_1 MER_2 MER_3 GRADE FRAME
   2175.51611  7.867  7.902  7.893  7.894  7.878    0.106 0.084 0.068 0.076 0.093  D 33247
   2179.50258  7.936  7.903  7.925  7.926  7.935    0.042 0.053 0.037 0.034 0.037  A 33649
   2504.63420  7.789  7.843  7.821  7.810  7.797    0.082 0.085 0.074 0.068 0.076  D 16564
   2512.59876  7.867  7.888  7.887  7.870  7.865    0.043 0.043 0.043 0.037 0.040  A 17240
   2544.50273  7.834  7.854  7.834  7.835  7.836    0.027 0.034 0.032 0.026 0.027  A 19926
   2548.49748  7.920  7.894  7.935  7.924  7.920    0.024 0.027 0.027 0.021 0.023  A 20536
   2551.49368  7.900  7.930  7.926  7.915  7.900    0.058 0.079 0.063 0.054 0.057  D 20899
   2553.49225  7.929  7.923  7.934  7.930  7.929    0.030 0.038 0.036 0.030 0.028  A 21266
   2556.48856  7.886  7.910  7.904  7.906  7.889    0.062 0.084 0.070 0.057 0.060  D 21629
   2702.88267  7.893  7.886  7.885  7.880  7.888    0.025 0.020 0.020 0.020 0.023  A 43378
   2719.87901  7.906  7.867  7.909  7.899  7.908    0.039 0.036 0.031 0.031 0.035  A 46200
   2723.84402  7.852  7.852  7.844  7.844  7.849    0.031 0.028 0.028 0.025 0.028  A 46952
   2732.86740  7.890  7.914  7.911  7.902  7.907    0.026 0.046 0.024 0.021 0.025  A 48510
   2738.84140  7.935  7.941  7.910  7.910  7.917    0.027 0.037 0.024 0.021 0.025  A 49680
   2749.85433  7.860  7.846  7.876  7.869  7.866    0.033 0.032 0.030 0.025 0.029  A 51539
   2756.77771  7.849  7.859  7.847  7.855  7.850    0.024 0.030 0.025 0.021 0.023  A 52714
   2758.81113  7.850  7.833  7.840  7.846  7.847    0.028 0.029 0.027 0.024 0.026  A 53089
   2760.76812  7.840  7.831  7.841  7.838  7.833    0.025 0.025 0.022 0.020 0.023  A 53480
   2764.75707  7.857  7.849  7.871  7.862  7.861    0.027 0.027 0.029 0.023 0.025  A 54297
   2768.86425  7.929  7.943  7.912  7.919  7.922    0.105 0.071 0.071 0.077 0.092  D 54663
   2782.77101  7.839  7.830  7.844  7.842  7.843    0.032 0.033 0.026 0.025 0.027  A 55770
   2784.73798  7.810  7.833  7.821  7.802  7.816    0.027 0.033 0.026 0.021 0.025  A 56175
   2786.70102  7.799  7.822  7.791  7.790  7.784    0.024 0.027 0.025 0.021 0.023  A 56593
   2791.68758  7.833  7.832  7.798  7.817  7.822    0.026 0.026 0.023 0.021 0.024  A 57567
   2805.82395  7.889  7.876  7.885  7.882  7.886    0.048 0.041 0.033 0.034 0.042  A 59238
   2809.73343  7.869  7.855  7.871  7.865  7.867    0.027 0.028 0.024 0.022 0.024  A 59544
   2813.68072  7.840  7.843  7.834  7.830  7.837    0.023 0.030 0.022 0.019 0.021  A 60429
   2821.61831  7.850  7.846  7.836  7.848  7.845    0.029 0.025 0.031 0.025 0.029  A 61726
   2830.60724  7.861  7.853  7.834  7.850  7.852    0.039 0.032 0.032 0.029 0.034  A 62496
   2831.74080  7.882  7.855  7.918  7.895  7.900    0.045 0.036 0.036 0.033 0.039  A 62772
   2833.66182  7.891  7.881  7.880  7.888  7.887    0.054 0.035 0.039 0.038 0.045  A 63153
   2835.61692  7.889  7.874  7.876  7.881  7.889    0.034 0.029 0.033 0.027 0.032  A 63526
   2838.61564  7.901  7.898  7.884  7.899  7.898    0.027 0.024 0.025 0.021 0.024  A 63890
   2840.68002  7.899  7.899  7.866  7.893  7.899    0.027 0.026 0.028 0.022 0.025  A 64350
   2842.64542  7.847  7.868  7.866  7.855  7.846    0.056 0.042 0.043 0.042 0.049  A 64753
   2851.68452  7.894  7.890  7.884  7.891  7.892    0.028 0.027 0.025 0.021 0.024  A 65460
   2854.54327  7.927  7.939  7.932  7.931  7.929    0.023 0.024 0.025 0.020 0.022  A 65844
   2858.55835  7.957  7.955  7.935  7.950  7.957    0.030 0.029 0.029 0.023 0.027  A 66289
   2859.63288  7.934  7.906  7.920  7.930  7.937    0.031 0.033 0.030 0.024 0.028  A 66539
   2860.69426  7.927  7.925  7.930  7.928  7.925    0.040 0.032 0.032 0.029 0.034  A 66775
   2862.61057  7.907  7.868  7.911  7.903  7.914    0.038 0.034 0.032 0.030 0.035  A 67163
   2866.61103  7.909  7.899  7.902  7.906  7.909    0.028 0.028 0.026 0.023 0.026  A 67547
   2868.65721  7.894  7.871  7.911  7.906  7.897    0.035 0.035 0.031 0.027 0.030  A 67983
   2874.54078  7.851  7.857  7.855  7.860  7.851    0.034 0.031 0.031 0.029 0.032  A 68329
   2876.54742  7.844  7.836  7.850  7.842  7.843    0.028 0.035 0.035 0.025 0.027  A 68723
   2878.54628  7.831  7.836  7.828  7.827  7.830    0.024 0.031 0.022 0.020 0.022  A 69117
   2882.52317  7.819  7.795  7.844  7.826  7.828    0.033 0.033 0.029 0.026 0.030  A 69459
   2884.53555  7.891  7.899  7.889  7.887  7.888    0.034 0.033 0.028 0.025 0.030  A 69776
   2885.57088  7.909  7.900  7.907  7.906  7.910    0.031 0.030 0.028 0.025 0.028  A 69998
   2888.57897  7.939  7.948  7.928  7.945  7.937    0.030 0.037 0.027 0.024 0.027  A 70420
   2893.50652  7.937  7.919  7.939  7.931  7.935    0.034 0.038 0.032 0.026 0.030  A 70825
   2895.51690  7.915  7.918  7.908  7.913  7.909    0.030 0.036 0.033 0.025 0.028  A 71224
   2897.53044  7.904  7.884  7.896  7.902  7.904    0.028 0.036 0.027 0.022 0.025  A 71627
   2901.52098  7.889  7.843  7.880  7.875  7.881    0.048 0.048 0.036 0.036 0.042  A 72371
   2905.51507  7.958  7.950  7.950  7.956  7.959    0.028 0.027 0.025 0.022 0.025  A 72929
   2908.52482  7.983  7.961  7.998  7.991  7.987    0.038 0.045 0.033 0.028 0.034  A 73382
   2910.53330  7.983  7.990  7.971  7.976  7.980    0.026 0.029 0.025 0.022 0.024  A 73681
   2912.53282  7.921  7.970  7.911  7.919  7.917    0.026 0.032 0.025 0.022 0.024  A 74059
   2916.51577  7.873  7.886  7.883  7.886  7.881    0.034 0.032 0.027 0.026 0.030  A 74528
   2921.51609  7.932  7.952  7.928  7.923  7.916    0.055 0.039 0.038 0.039 0.047  A 75038
   2924.49919  7.976  7.959  7.966  7.970  7.972    0.031 0.035 0.030 0.024 0.028  A 75588
   2928.49638  7.976  7.970  7.988  7.971  7.968    0.033 0.032 0.027 0.026 0.030  A 76132
   3069.88471  7.940  7.966  7.943  7.944  7.935    0.052 0.039 0.039 0.039 0.048  A 93426
   3073.88749  7.890  7.906  7.897  7.897  7.896    0.054 0.036 0.037 0.039 0.047  A 93952
   3077.87726 99.999  7.852  7.874 99.999 99.999    0.046 0.036 0.036 0.036 0.041  C 94505
   3080.89952  7.896  7.860  7.911  7.891  7.899    0.059 0.050 0.047 0.047 0.053  A 94949
   3087.88831  7.863  7.877  7.861  7.869  7.862    0.048 0.041 0.044 0.040 0.044  A 95696
   3091.85107  7.805  7.791  7.839  7.828  7.830    0.052 0.039 0.042 0.041 0.047  A 96294
   3096.91070  7.886  7.856  7.906  7.889  7.890    0.037 0.031 0.028 0.028 0.032  A 96744
   3099.83909  7.915  7.942  7.929  7.925  7.918    0.058 0.055 0.051 0.046 0.052  A 97187
   3102.85650  7.990  8.014  7.998  7.992  7.989    0.064 0.068 0.052 0.053 0.058  A 97665
   3105.84392  7.982  7.951  7.976  7.976  7.976    0.060 0.061 0.049 0.050 0.055  A 98134
   3107.88189  7.946  7.949  7.933  7.944  7.944    0.045 0.031 0.033 0.032 0.038  A 98466
   3110.82771  7.872  7.876  7.860  7.878  7.873    0.051 0.046 0.052 0.046 0.048  A 98914
   3113.81353  7.837  7.840  7.852  7.845  7.840    0.058 0.049 0.052 0.050 0.053  A 99384
   3116.80999  7.820  7.792  7.870  7.837  7.831    0.042 0.042 0.041 0.037 0.039  A 99876
   3122.81211  7.876  7.855  7.882  7.875  7.875    0.035 0.032 0.029 0.027 0.031  A 100273
   3124.86612  7.897  7.905  7.874  7.882  7.892    0.031 0.026 0.028 0.024 0.028  A 100629
   3126.85648 99.999  7.912  7.929 99.999 99.999    0.040 0.032 0.030 0.030 0.035  C 100948
   3128.82783  7.921  7.921  7.911  7.915  7.921    0.046 0.039 0.039 0.037 0.041  A 101265
   3131.77545  7.897  7.916  7.914  7.899  7.898    0.046 0.037 0.037 0.036 0.042  A 101696
   3133.80491  7.897  7.872  7.892  7.891  7.892    0.040 0.038 0.030 0.030 0.035  A 102037
   3141.81181  7.870  7.869  7.891  7.880  7.881    0.048 0.031 0.034 0.034 0.041  A 103005
   3144.84994  8.027  8.124  8.031  8.029  8.025    0.030 0.031 0.025 0.023 0.027  A 103341
   3153.75259  7.852  7.842  7.822  7.843  7.849    0.031 0.031 0.027 0.024 0.028  A 103801
   3156.71665  7.770  7.789  7.796  7.783  7.768    0.085 0.058 0.061 0.063 0.073  D 104191
   3158.77737  7.935  7.886  7.915  7.922  7.927    0.064 0.048 0.046 0.052 0.058  A 104451
   3162.69783  7.878  7.859  7.897  7.883  7.873    0.045 0.039 0.046 0.035 0.039  A 104865
   3164.72578  7.891  7.906  7.872  7.891  7.893    0.034 0.028 0.030 0.027 0.031  A 105227
   3167.74370  7.922  7.937  7.923  7.917  7.923    0.030 0.024 0.027 0.023 0.026  A 105620
   3169.71438  7.926  7.942  7.937  7.936  7.929    0.034 0.026 0.030 0.027 0.030  A 105951
   3172.73687  7.893  7.912  7.885  7.896  7.902    0.051 0.039 0.037 0.037 0.045  A 106306
   3176.65712  7.887  7.886  7.886  7.887  7.886    0.036 0.031 0.033 0.029 0.033  A 106770
   3178.79479  7.835  7.864  7.829  7.832  7.831    0.123 0.084 0.091 0.097 0.111  D 107106
   3182.64231  7.903  7.910  7.917  7.902  7.905    0.037 0.029 0.033 0.029 0.032  A 107503
   3184.64173  7.945  7.910  7.966  7.961  7.958    0.074 0.055 0.060 0.067 0.071  D 107834
   3186.66708  7.977  7.993  7.970  7.967  7.976    0.041 0.031 0.031 0.031 0.036  A 108111
   3189.69244  8.004  7.984  8.020  8.013  8.010    0.043 0.032 0.032 0.031 0.037  A 108446
   3219.53690  7.863  7.849  7.858  7.851  7.859    0.036 0.034 0.032 0.028 0.032  A 109994
   3274.54138  7.842  7.862  7.848  7.839  7.829    0.038 0.041 0.032 0.028 0.033  A 116302
   3277.53608  7.931  7.900  7.933  7.930  7.930    0.041 0.036 0.030 0.030 0.035  A 116675
   3280.52629  7.955  7.968  7.928  7.934  7.949    0.029 0.031 0.027 0.024 0.026  A 117067
   3424.89572  7.891  7.885  7.898  7.883  7.877    0.052 0.037 0.033 0.037 0.046  A 131603
   3444.87024  7.850  7.841  7.837  7.850  7.847    0.054 0.042 0.034 0.036 0.044  A 134011
   3447.89686  7.860  7.887  7.862  7.851  7.841    0.042 0.053 0.037 0.036 0.039  A 134835
   3452.87642  7.898  7.878  7.884  7.885  7.879    0.047 0.064 0.037 0.036 0.042  A 135578
   3455.84979  7.863  7.836  7.868  7.851  7.861    0.052 0.038 0.033 0.036 0.045  A 136082
   3458.85962  8.169  8.245  8.202  8.178  8.166    0.044 0.043 0.032 0.032 0.038  A 136615
   3462.85000  7.871  7.809  7.883  7.878  7.872    0.043 0.038 0.030 0.031 0.038  A 137244
   3465.85874  7.866  7.859  7.851  7.867  7.861    0.046 0.078 0.042 0.038 0.042  A 137728
   3468.85012  7.889  7.846  7.857  7.861  7.877    0.033 0.033 0.026 0.026 0.030  A 138171
   3474.83478  7.844  7.873  7.867  7.858  7.853    0.055 0.049 0.038 0.038 0.045  A 139103
   3477.82586  7.838  7.819  7.838  7.842  7.836    0.040 0.050 0.035 0.034 0.038  A 139608
   3480.81094  7.888  7.860  7.846  7.858  7.875    0.073 0.094 0.056 0.057 0.065  D 140059
   3489.84592  7.909  7.906  7.925  7.913  7.894    0.065 0.080 0.047 0.048 0.058  B 141025
   3499.77818  7.798  7.836  7.809  7.812  7.791    0.130 0.073 0.073 0.086 0.108  D 142160
   3504.74642  7.790  7.794  7.775  7.782  7.788    0.046 0.055 0.037 0.037 0.042  A 143020
   3511.72727  7.879  7.894  7.869  7.870  7.880    0.037 0.032 0.028 0.028 0.032  A 143700
   3515.75601  7.900  7.910  7.881  7.899  7.913    0.049 0.039 0.033 0.035 0.043  A 144087
   3517.75615  7.953  7.934  7.931  7.934  7.947    0.047 0.071 0.038 0.037 0.044  A 144382
   3521.72236  7.916  7.901  7.912  7.911  7.900    0.041 0.036 0.031 0.032 0.037  A 144866
   3523.72640  7.884  7.844  7.876  7.875  7.877    0.049 0.078 0.043 0.040 0.044  A 145223
   3525.76131  7.861  7.839  7.837  7.838  7.844    0.042 0.058 0.036 0.033 0.037  A 145534
   3530.68105  7.806  7.827  7.793  7.796  7.806    0.043 0.070 0.040 0.035 0.038  A 146384
   3537.77435  7.818  7.815  7.795  7.809  7.816    0.052 0.062 0.042 0.040 0.046  A 146758
   3544.63612  7.910  7.910  7.891  7.903  7.904    0.046 0.057 0.036 0.034 0.039  A 147711
   3551.70378  7.879  7.861  7.874  7.880  7.872    0.060 0.083 0.049 0.048 0.055  B 148330
   3560.56602  7.854  7.929  7.860  7.848  7.853    0.038 0.049 0.032 0.033 0.034  A 149537
   3562.63302  7.920  7.868  7.904  7.909  7.903    0.039 0.049 0.037 0.033 0.035  A 149909
   3564.62945  7.899  7.908  7.882  7.881  7.889    0.032 0.036 0.025 0.024 0.028  A 150246
   3569.66115  7.908  7.838  7.949  7.918  7.903    0.044 0.045 0.035 0.033 0.039  A 150580
   3571.68647  7.886  7.861  7.901  7.906  7.914    0.043 0.036 0.033 0.032 0.038  A 150924
   3586.55713  7.908  7.844  7.885  7.894  7.901    0.041 0.064 0.037 0.034 0.037  A 153334
   3588.59825  7.835  7.857  7.851  7.841  7.843    0.064 0.053 0.042 0.047 0.057  A 153650
   3590.68096  7.898  7.867  7.875  7.887  7.898    0.036 0.051 0.032 0.029 0.033  A 154027
   3593.51251  7.895  7.894  7.872  7.880  7.885    0.034 0.033 0.025 0.026 0.030  A 154498
   3597.54830  7.896  7.871  7.901  7.892  7.889    0.037 0.056 0.035 0.031 0.034  A 155106
   3609.50208  7.921  7.927  7.910  7.905  7.918    0.037 0.048 0.032 0.030 0.033  A 156594
   3617.53510  7.809  7.837  7.802  7.809  7.811    0.043 0.036 0.033 0.032 0.038  A 157102
   3619.58654  7.791  7.779  7.794  7.791  7.788    0.036 0.032 0.027 0.028 0.031  A 157419
   3622.50106  7.785  7.800  7.778  7.783  7.785    0.046 0.075 0.044 0.038 0.042  A 157862
   3626.56417  7.899  7.910  7.883  7.887  7.895    0.037 0.035 0.031 0.028 0.033  A 158297
   3630.54506  7.829  7.842  7.810  7.815  7.824    0.047 0.050 0.035 0.034 0.040  A 158756
   3632.55135  7.799  7.809  7.790  7.784  7.785    0.050 0.047 0.038 0.038 0.044  A 159068
   3635.53352  7.772  7.796  7.759  7.767  7.774    0.058 0.057 0.041 0.041 0.049  A 159505
   3639.53505  7.812  7.783  7.802  7.808  7.803    0.036 0.048 0.034 0.031 0.033  A 159901
   3650.49522  7.857  7.856  7.835  7.845  7.849    0.036 0.045 0.031 0.028 0.033  A 161264
   3652.51831  7.827  7.825  7.863  7.844  7.824    0.051 0.068 0.045 0.041 0.046  A 161564
   3658.49745  7.954  7.945  7.937  7.951  7.950    0.048 0.076 0.042 0.038 0.043  A 162425
   3794.89478  7.855  7.850  7.824  7.848  7.850    0.047 0.042 0.032 0.034 0.041  A 179919
   3837.82469  7.838  7.852  7.854  7.843  7.846    0.050 0.042 0.033 0.036 0.044  A 186511
   3863.78735  7.972  7.917  7.964  7.968  7.972    0.040 0.055 0.036 0.033 0.037  A 189401
   3865.78305  7.935  7.929  7.940  7.940  7.935    0.046 0.061 0.038 0.036 0.040  A 189751
   3867.77698  7.892  7.883  7.873  7.874  7.893    0.046 0.045 0.035 0.034 0.041  A 190068
   3898.74652  7.894  7.885  7.875  7.881  7.881    0.052 0.075 0.044 0.040 0.046  A 194387
   3909.76279  7.864  7.903  7.842  7.859  7.863    0.039 0.067 0.038 0.033 0.035  A 196417
   3913.73830  7.852  7.855  7.840  7.847  7.849    0.040 0.074 0.041 0.035 0.037  A 196968
   3983.57308  7.943  7.973  7.927  7.951  7.965    0.082 0.075 0.054 0.057 0.070  D 203596
   4250.83196  7.885  7.838  7.903  7.884  7.881    0.081 0.056 0.056 0.061 0.071  D 226712
   4254.67683  7.817  7.807  7.806  7.816  7.811    0.046 0.044 0.039 0.035 0.040  A 227025
   4256.73269  7.795  7.786  7.772  7.779  7.801    0.039 0.042 0.036 0.029 0.034  A 227284
#ndata= 250
#dataset= 3 ; 1 F1808+08_412
#desig= 175221+0646.0
#cra=   17.872472  17:52:20.9
#cdec=   6.766914 06:46:00.9
#class= 0
#cmag_0=  7.873
#cmer_0=  0.062
#nskip_0= 16
#cmag_1=  7.867
#cmer_1=  0.047
#nskip_1= 5
#cmag_2=  7.869
#cmer_2=  0.046
#nskip_2= 5
#cmag_3=  7.876
#cmer_3=  0.049
#nskip_3= 6
#cmag_4=  7.878
#cmer_4=  0.048
#nskip_4= 4
#ra=   17.872472  17:52:20.9
#dec=   6.766914 06:46:00.9
#     HJD      MAG_4  MAG_0  MAG_1  MAG_2  MAG_3    MER_4 MER_0 MER_1 MER_2 MER_3 GRADE FRAME
   2524.56335  7.818  7.843  7.823  7.819  7.812    0.039 0.041 0.040 0.034 0.038  A 18620
   2535.55485  7.902  7.978  7.889  7.891  7.899    0.031 0.032 0.030 0.026 0.029  A 19230
   2544.50580  7.800  7.840  7.786  7.789  7.791    0.030 0.039 0.035 0.028 0.029  A 19927
   2547.53786  7.884  7.874  7.871  7.868  7.884    0.030 0.031 0.027 0.025 0.027  A 20380
   2549.53554  7.935  7.938  7.945  7.935  7.933    0.025 0.030 0.029 0.025 0.025  A 20736
   2552.52687  7.898  7.931  7.911  7.899  7.912    0.039 0.054 0.044 0.036 0.041  A 21098
   2558.49965  7.896  7.931  7.895  7.895  7.890    0.034 0.044 0.039 0.032 0.035  A 21990
   2697.90209  7.826  7.833  7.846  7.837  7.831    0.042 0.037 0.032 0.032 0.037  A 42432
   2701.89306  7.862  7.897  7.848  7.848  7.859    0.030 0.030 0.026 0.024 0.027  A 43196
   2711.88321  7.873  7.891  7.846  7.871  7.869    0.031 0.030 0.031 0.025 0.028  A 45047
   2714.87344  7.873  7.882  7.869  7.882  7.883    0.027 0.028 0.025 0.022 0.025  A 45615
   2719.87901  7.891  7.861  7.896  7.892  7.896    0.043 0.037 0.033 0.033 0.038  A 46200
   2722.87186  7.851  7.835  7.888  7.874  7.869    0.037 0.034 0.037 0.032 0.033  A 46776
   2724.87562  7.840  7.825  7.860  7.851  7.842    0.028 0.023 0.024 0.022 0.025  A 47164
   2726.87757  7.838  7.838  7.843  7.841  7.838    0.038 0.031 0.031 0.029 0.033  A 47567
   2729.84711  7.857  7.882  7.843  7.845  7.852    0.031 0.030 0.030 0.026 0.029  A 48151
   2732.88502  7.886  7.912  7.876  7.886  7.883    0.027 0.027 0.026 0.022 0.024  A 48518
   2735.84156  7.889  7.898  7.888  7.885  7.891    0.030 0.026 0.025 0.025 0.027  A 49113
   2737.88861  8.147  8.479  8.369  8.223  8.181    0.027 0.031 0.022 0.021 0.024  A 49527
   2739.86353  7.894  7.886  7.881  7.885  7.893    0.029 0.040 0.022 0.022 0.026  A 49855
   2741.84572  7.893  7.890  7.881  7.888  7.886    0.031 0.028 0.026 0.024 0.028  A 50240
   2743.83991  7.884  7.937  7.877  7.879  7.881    0.030 0.039 0.025 0.023 0.027  A 50630
   2751.77498  7.846  7.879  7.831  7.838  7.847    0.039 0.039 0.043 0.037 0.038  A 51885
   2754.83459  7.838  7.840  7.844  7.832  7.836    0.025 0.027 0.025 0.021 0.024  A 52326
   2756.79677  7.837  7.829  7.847  7.839  7.847    0.029 0.035 0.026 0.024 0.027  A 52721
   2760.78676  7.826  7.841  7.840  7.830  7.833    0.032 0.026 0.032 0.027 0.030  A 53488
   2764.77746  7.851  7.852  7.864  7.852  7.851    0.027 0.029 0.029 0.022 0.024  A 54306
   2770.81216  7.942  7.955  7.938  7.936  7.942    0.030 0.034 0.029 0.025 0.028  A 54929
   2775.81093  7.945  7.965  7.938  7.945  7.948    0.047 0.036 0.036 0.035 0.041  A 55155
   2786.71986  7.804  7.798  7.832  7.802  7.811    0.025 0.027 0.024 0.021 0.023  A 56601
   2790.73641  7.786  7.812  7.793  7.795  7.796    0.027 0.033 0.023 0.022 0.024  A 57368
   2794.72797  7.812  7.805  7.824  7.817  7.825    0.031 0.033 0.030 0.029 0.030  A 58101
   2809.74527  7.854  7.833  7.854  7.846  7.866    0.031 0.031 0.027 0.026 0.030  A 59549
   2811.69672  7.850  7.820  7.861  7.853  7.856    0.025 0.025 0.027 0.022 0.024  A 59980
   2812.84272  7.821  7.846  7.818  7.819  7.821    0.038 0.029 0.029 0.029 0.033  A 60268
   2820.62720  7.830  7.815  7.825  7.824  7.831    0.028 0.026 0.029 0.024 0.026  A 61508
   2822.68070  7.833  7.822  7.809  7.820  7.833    0.030 0.029 0.027 0.023 0.027  A 61878
   2830.62616  7.838  7.828  7.853  7.839  7.848    0.035 0.033 0.033 0.029 0.032  A 62504
   2833.72945 99.999  7.880  7.830 99.999 99.999    0.043 0.034 0.033 0.031 0.038  C 63182
   2840.69226  7.882  7.867  7.854  7.874  7.874    0.030 0.032 0.029 0.023 0.028  A 64355
   2845.68260  7.843  7.837  7.851  7.840  7.847    0.024 0.028 0.027 0.021 0.023  A 65239
   2861.62166  7.894  7.907  7.883  7.885  7.891    0.037 0.028 0.029 0.027 0.032  A 66962
   3079.88841  7.865  7.867  7.864  7.868  7.866    0.048 0.036 0.037 0.037 0.042  A 94795
   3087.90559  7.830  7.824  7.867  7.845  7.847    0.052 0.046 0.043 0.042 0.048  A 95702
   3091.89408  7.796  7.768  7.813  7.804  7.800    0.048 0.038 0.037 0.036 0.042  A 96309
   3097.87251  7.880  7.881  7.873  7.873  7.884    0.044 0.036 0.039 0.034 0.038  A 96891
   3103.86314  7.982  7.971  7.983  7.978  7.986    0.066 0.051 0.055 0.054 0.060  B 97823
   3106.87356  7.937  7.977  7.931  7.941  7.948    0.065 0.056 0.049 0.050 0.058  A 98305
   3112.84602  7.838  7.842  7.830  7.833  7.836    0.043 0.039 0.038 0.035 0.039  A 99230
   3125.78095  7.887  7.886  7.893  7.889  7.887    0.062 0.049 0.047 0.049 0.056  A 100765
   3127.79145  7.893  7.905  7.903  7.900  7.891    0.080 0.058 0.058 0.060 0.070  D 101080
   3131.80709  7.880  7.906  7.854  7.871  7.884    0.048 0.043 0.041 0.037 0.041  A 101708
   3141.86561  7.869  7.870  7.873  7.866  7.873    0.064 0.048 0.041 0.045 0.055  A 103025
   3156.72926  7.818  7.858  7.829  7.818  7.818    0.044 0.039 0.040 0.036 0.040  A 104196
   3158.78984  7.840  7.825  7.842  7.832  7.843    0.048 0.038 0.033 0.034 0.040  A 104455
   3164.75086  7.884  7.896  7.866  7.876  7.879    0.036 0.027 0.033 0.027 0.031  A 105235
   3167.76366  7.909  7.932  7.895  7.888  7.910    0.031 0.026 0.030 0.025 0.028  A 105628
   3169.76125  7.916  7.905  7.903  7.902  7.910    0.034 0.027 0.027 0.026 0.030  A 105969
   3176.67884  7.864  7.872  7.856  7.864  7.864    0.042 0.039 0.042 0.037 0.039  A 106778
   3184.65491  7.925  7.931  7.927  7.934  7.926    0.051 0.042 0.046 0.043 0.048  A 107839
   3186.68286  7.937  7.963  7.963  7.961  7.948    0.051 0.035 0.038 0.038 0.044  A 108117
   3189.71056  7.980  7.984  7.987  7.981  7.981    0.045 0.038 0.032 0.032 0.039  A 108453
   3274.56929  7.859  7.856  7.870  7.863  7.852    0.041 0.046 0.035 0.031 0.036  A 116310
   3277.54532  7.918  7.904  7.914  7.915  7.922    0.043 0.034 0.033 0.032 0.037  A 116678
   3293.50992  7.827  7.822  7.824  7.822  7.828    0.033 0.031 0.030 0.026 0.029  A 118274
   3296.49594  7.828  7.827  7.804  7.805  7.819    0.034 0.039 0.032 0.027 0.030  A 118618
   3433.89452  7.920  7.871  7.880  7.904  7.916    0.042 0.035 0.029 0.031 0.037  A 132775
   3444.88776  7.810  7.844  7.809  7.812  7.819    0.054 0.034 0.033 0.038 0.047  A 134018
   3448.89785  7.871  7.809  7.850  7.858  7.869    0.060 0.097 0.051 0.049 0.054  D 134992
   3452.90209  7.871  7.852  7.875  7.873  7.873    0.046 0.052 0.035 0.036 0.041  A 135588
   3459.85772  7.880  7.912  7.884  7.872  7.877    0.038 0.031 0.028 0.029 0.034  A 136793
   3463.86317  7.848  7.833  7.840  7.835  7.848    0.043 0.036 0.030 0.032 0.038  A 137396
   3469.87229  7.888  7.872  7.873  7.884  7.883    0.038 0.032 0.029 0.029 0.033  A 138327
   3473.83022  7.875  7.867  7.846  7.867  7.876    0.032 0.031 0.027 0.025 0.029  A 138943
   3476.84350  7.880  7.881  7.860  7.864  7.872    0.046 0.040 0.033 0.035 0.041  A 139442
   3479.82955  7.845  7.791  7.824  7.839  7.839    0.039 0.041 0.032 0.032 0.035  A 139917
   3481.85099  8.052  8.061  8.059  8.053  8.048    0.042 0.043 0.032 0.032 0.037  A 140247
   3484.82470  7.863  7.920  7.862  7.858  7.859    0.129 0.061 0.069 0.084 0.107  D 140676
   3489.82816  7.875  7.856  7.862  7.852  7.869    0.049 0.035 0.031 0.035 0.042  A 141019
   3491.85731  7.869  7.823  7.838  7.856  7.867    0.047 0.050 0.037 0.037 0.043  A 141383
   3495.84986  7.859  7.860  7.846  7.853  7.853    0.097 0.059 0.059 0.068 0.083  D 141707
   3499.79517  7.832  7.886  7.821  7.825  7.831    0.070 0.054 0.045 0.051 0.062  B 142166
   3502.77772  7.785  7.805  7.790  7.778  7.781    0.046 0.034 0.034 0.037 0.042  A 142671
   3504.81026  7.796  7.785  7.785  7.788  7.792    0.053 0.044 0.041 0.043 0.048  A 143041
   3508.84635  7.817  7.817  7.804  7.806  7.817    0.033 0.034 0.031 0.026 0.030  A 143309
   3511.76353  7.881  7.856  7.863  7.876  7.878    0.037 0.035 0.029 0.028 0.033  A 143712
   3515.78465  7.937  7.957  7.911  7.918  7.923    0.051 0.035 0.034 0.037 0.045  A 144097
   3517.79081  7.905  7.916  7.890  7.893  7.901    0.040 0.040 0.033 0.032 0.036  A 144394
   3521.74310  7.887  7.882  7.883  7.888  7.895    0.048 0.036 0.036 0.039 0.044  A 144873
   3523.77899  7.900  7.863  7.878  7.884  7.899    0.041 0.041 0.032 0.032 0.037  A 145235
   3525.84120  7.776  7.789  7.769  7.778  7.785    0.065 0.082 0.051 0.052 0.058  B 145561
   3528.70769  7.796  7.803  7.771  7.772  7.787    0.055 0.085 0.046 0.045 0.050  B 146032
   3537.77692 29.999 29.999 29.999 29.999 29.999    0.058 0.091 0.050 0.047 0.053  D 146759
   3539.71757  7.877  7.871  7.858  7.858  7.867    0.086 0.050 0.050 0.059 0.074  D 147059
   3541.78317  7.859  7.770  7.830  7.848  7.858    0.045 0.049 0.036 0.034 0.039  A 147291
   3547.70387  7.946  7.975  7.953  7.944  7.960    0.040 0.064 0.038 0.033 0.036  B 148057
   3551.69800  7.823  7.829  7.827  7.837  7.835    0.111 0.069 0.062 0.074 0.092  D 148328
   3554.67941  7.880  7.867  7.867  7.879  7.883    0.032 0.031 0.028 0.026 0.029  A 148769
   3556.76190  7.880  7.848  7.880  7.883  7.888    0.041 0.059 0.034 0.031 0.036  A 149106
   3562.61846  7.874  7.815  7.850  7.859  7.862    0.042 0.064 0.035 0.034 0.038  B 149905
   3564.64146  7.888  7.879  7.888  7.882  7.883    0.033 0.029 0.025 0.026 0.030  A 150250
   3569.66405  7.875  7.873  7.879  7.873  7.875    0.040 0.041 0.034 0.031 0.036  A 150581
   3571.68953  7.880  7.920  7.866  7.873  7.880    0.042 0.034 0.032 0.031 0.037  A 150925
   3574.69696  7.862  7.888  7.848  7.852  7.863    0.038 0.031 0.031 0.029 0.033  A 151305
   3576.71099  7.829  7.820  7.808  7.818  7.828    0.036 0.039 0.031 0.029 0.033  A 151668
   3578.69143  7.882  7.938  7.873  7.878  7.878    0.039 0.070 0.040 0.034 0.037  B 151995
   3583.65909  7.838  7.845  7.831  7.828  7.834    0.040 0.050 0.034 0.034 0.037  A 152842
   3585.71384  7.874  7.945  7.857  7.857  7.859    0.041 0.070 0.039 0.036 0.039  B 153205
   3588.54521  7.884  7.890  7.900  7.879  7.883    0.042 0.034 0.031 0.032 0.037  A 153632
   3590.65184  7.889  7.806  7.856  7.879  7.888    0.036 0.048 0.033 0.029 0.032  A 154017
   3592.66000  7.866  7.836  7.846  7.858  7.863    0.036 0.044 0.029 0.029 0.033  A 154371
   3596.60251  7.879  7.888  7.869  7.861  7.864    0.038 0.052 0.033 0.030 0.034  A 154952
   3600.58508  7.871  7.898  7.885  7.871  7.872    0.126 0.066 0.069 0.084 0.105  D 155384
   3602.57887  7.859  7.914  7.854  7.851  7.859    0.044 0.035 0.029 0.033 0.039  A 155715
   3604.58834  7.823  7.765  7.825  7.825  7.831    0.076 0.059 0.051 0.055 0.065  B 156025
   3609.51419 99.999 99.999 99.999 99.999 99.999    0.034 0.040 0.029 0.028 0.031  C 156598
   3617.53835  7.817  7.796  7.799  7.799  7.808    0.042 0.037 0.034 0.032 0.037  A 157103
   3619.58993  7.770  7.752  7.766  7.766  7.769    0.039 0.056 0.035 0.031 0.035  A 157420
   3622.50518  7.883  7.901  7.851  7.855  7.872    0.051 0.080 0.048 0.045 0.048  B 157863
   3626.56764  7.883  7.866  7.868  7.874  7.879    0.036 0.031 0.030 0.027 0.031  A 158298
   3630.54845  7.847  7.877  7.833  7.838  7.845    0.046 0.044 0.034 0.034 0.040  A 158757
   3632.55471  7.787  7.835  7.783  7.777  7.783    0.045 0.031 0.031 0.033 0.039  A 159069
   3635.53683  7.808  7.759  7.782  7.793  7.801    0.057 0.045 0.041 0.043 0.050  A 159506
   3639.53836  7.791  7.865  7.797  7.785  7.789    0.039 0.040 0.034 0.034 0.037  A 159902
   3642.54158 99.999  7.896  7.853 99.999 99.999    0.046 0.046 0.038 0.037 0.041  C 160284
   3646.53716  7.882  7.876  7.869  7.871  7.875    0.034 0.031 0.029 0.027 0.030  A 160734
   3649.50652  7.856  7.838  7.822  7.838  7.846    0.038 0.038 0.031 0.030 0.035  A 161135
   3651.50440  7.854  7.969  7.851  7.845  7.855    0.046 0.074 0.040 0.038 0.043  B 161409
   3653.53734  7.876  7.907  7.865  7.862  7.872    0.059 0.034 0.037 0.041 0.051  A 161726
   3658.50068  7.946  7.988  7.947  7.940  7.948    0.045 0.046 0.035 0.035 0.040  A 162426
   3661.49404  8.007  7.939  7.995  7.989  7.998    0.051 0.079 0.045 0.042 0.046  B 162885
   3664.49301  7.962  7.974  7.947  7.949  7.955    0.047 0.049 0.036 0.036 0.042  A 163312
   3790.89872  7.867  7.868  7.856  7.858  7.861    0.066 0.039 0.038 0.044 0.055  A 179336
   3798.89546  7.836  7.811  7.828  7.823  7.824    0.066 0.067 0.043 0.048 0.058  B 180482
   3804.90308  7.892  7.847  7.859  7.882  7.883    0.061 0.046 0.039 0.042 0.051  A 181261
   3809.89159  7.929  7.916  7.930  7.926  7.933    0.052 0.039 0.036 0.038 0.045  A 181905
   3813.88110  7.920  7.939  7.915  7.907  7.918    0.047 0.037 0.032 0.034 0.041  A 182540
   3817.87224  7.831  7.819  7.823  7.825  7.834    0.044 0.034 0.032 0.034 0.040  A 183171
   3821.87252  7.823  7.797  7.796  7.808  7.820    0.044 0.035 0.031 0.032 0.039  A 183815
   3825.86698  7.862  7.864  7.855  7.864  7.865    0.067 0.038 0.038 0.045 0.057  A 184478
   3829.85726  7.866  7.921  7.854  7.846  7.857    0.046 0.047 0.037 0.037 0.043  A 185149
   3832.88788  7.896  7.936  7.882  7.879  7.884    0.045 0.060 0.038 0.035 0.040  A 185684
   3835.87924  7.864  7.794  7.843  7.855  7.866    0.048 0.058 0.038 0.036 0.043  A 186191
   3848.85916  8.235  8.219  8.242  8.249  8.248    0.077 0.085 0.056 0.059 0.069  B 186989
   3851.82593  7.913  7.903  7.897  7.897  7.905    0.036 0.035 0.028 0.029 0.033  A 187502
   3859.82983  7.959  7.925  7.935  7.942  7.952    0.059 0.069 0.051 0.049 0.054  B 188732
   3861.82176  7.957  7.938  7.939  7.947  7.956    0.040 0.037 0.031 0.031 0.036  A 189078
   3863.84021  7.966  7.873  7.927  7.948  7.950    0.035 0.039 0.027 0.028 0.032  A 189418
   3865.80272  7.956  7.930  7.928  7.941  7.951    0.040 0.035 0.029 0.029 0.035  A 189758
   3867.79896  7.951  7.990  7.936  7.931  7.935    0.054 0.079 0.046 0.042 0.048  B 190075
   3869.79310  7.861  7.880  7.856  7.853  7.858    0.061 0.039 0.037 0.043 0.053  A 190421
   3871.80673  7.844  7.872  7.837  7.829  7.841    0.041 0.036 0.032 0.031 0.036  A 190796
   3874.89288  7.964  8.016  7.957  7.957  7.968    0.048 0.075 0.044 0.040 0.044  B 191104
   3877.75640  7.967  8.030  7.972  7.962  7.961    0.042 0.071 0.041 0.035 0.038  B 191528
   3880.80192  7.922  7.859  7.910  7.909  7.923    0.040 0.041 0.028 0.030 0.036  A 191860
   3883.78237  7.916  7.988  7.929  7.909  7.914    0.041 0.071 0.040 0.035 0.038  B 192309
   3887.73491  7.921  7.891  7.873  7.894  7.907    0.038 0.038 0.030 0.030 0.033  A 192691
   3889.75374  7.972  7.977  7.966  7.959  7.964    0.076 0.072 0.061 0.061 0.068  D 193024
   3891.75931  7.955  7.948  7.941  7.945  7.952    0.036 0.053 0.033 0.030 0.034  A 193392
   3893.74124  7.908  7.877  7.881  7.900  7.904    0.037 0.039 0.029 0.028 0.033  A 193745
   3896.74317  7.895  7.882  7.879  7.885  7.889    0.050 0.040 0.036 0.037 0.044  A 194070
   3898.76014  7.884  7.880  7.877  7.884  7.882    0.050 0.045 0.036 0.037 0.044  A 194392
   3900.82408  7.856  7.808  7.856  7.862  7.860    0.054 0.049 0.040 0.041 0.048  A 194716
   3903.67818  7.883  7.907  7.877  7.885  7.886    0.038 0.031 0.027 0.029 0.033  A 195234
   3905.71025  7.849  7.764  7.822  7.841  7.852    0.051 0.091 0.052 0.046 0.049  D 195622
   3907.72005  7.850  7.821  7.823  7.829  7.837    0.044 0.082 0.044 0.039 0.041  B 196012
   3909.79207  7.887  7.926  7.852  7.853  7.871    0.037 0.039 0.031 0.030 0.034  A 196427
   3913.76595  7.848  7.826  7.829  7.834  7.842    0.040 0.066 0.037 0.034 0.037  B 196978
   4166.89091  7.874  7.866  7.861  7.871  7.871    0.052 0.037 0.035 0.039 0.045  A 217235
   4174.90589  7.849  7.829  7.819  7.831  7.848    0.045 0.048 0.037 0.035 0.039  A 218319
   4178.89250  7.893  7.913  7.904  7.894  7.896    0.081 0.046 0.047 0.056 0.069  D 218777
   4182.87873  7.911  7.928  7.898  7.898  7.905    0.044 0.042 0.035 0.035 0.040  A 219341
   4189.88470  7.871  7.852  7.865  7.865  7.868    0.037 0.036 0.034 0.030 0.034  A 220167
   4192.87159 99.999  7.905  7.897  7.902  7.917    0.044 0.040 0.035 0.034 0.039  C 220642
   4196.88322  7.943  7.975  7.945  7.939  7.942    0.075 0.051 0.049 0.053 0.064  B 221130
   4202.87676  7.928  7.939  7.919  7.921  7.932    0.051 0.061 0.041 0.039 0.046  A 221712
   4205.85598  7.878  7.879  7.869  7.874  7.876    0.048 0.039 0.034 0.035 0.042  A 222185
   4213.86967  7.856  7.847  7.841  7.843  7.850    0.056 0.054 0.041 0.041 0.049  A 222665
   4216.87156  7.827  7.793  7.824  7.822  7.829    0.038 0.040 0.034 0.032 0.035  A 222949
   4226.91095  7.932  7.938  7.937  7.938  7.938    0.113 0.066 0.071 0.079 0.097  D 223065
   4228.80801  7.966  7.964  7.929  7.951  7.958    0.042 0.043 0.036 0.033 0.037  A 223404
   4230.81560  7.940  7.877  7.922  7.917  7.934    0.035 0.034 0.030 0.028 0.031  A 223748
   4232.82209  7.886  7.869  7.886  7.891  7.886    0.042 0.035 0.033 0.033 0.038  A 224094
   4234.86362  7.856  7.823  7.847  7.852  7.854    0.045 0.043 0.034 0.033 0.039  A 224476
   4245.75446  7.806  7.758  7.800  7.800  7.808    0.095 0.066 0.061 0.066 0.082  D 226078
   4247.73383  7.865  7.862  7.837  7.845  7.856    0.036 0.034 0.031 0.029 0.033  A 226436
   4250.85455  7.825  7.972  7.835  7.817  7.812    0.071 0.057 0.055 0.056 0.064  B 226720
   4254.68225  7.788  7.724  7.786  7.778  7.782    0.055 0.058 0.044 0.042 0.050  A 227027
   4256.75377  7.780  7.713  7.764  7.777  7.776    0.040 0.035 0.031 0.030 0.035  A 227292
   4258.81975  7.816  7.792  7.795  7.802  7.807    0.040 0.036 0.033 0.030 0.035  A 227578
   4267.72524  7.819  7.884  7.846  7.830  7.832    0.143 0.080 0.089 0.102 0.121  D 227879
   4269.76414  7.903  7.931  7.919  7.918  7.908    0.051 0.044 0.040 0.040 0.046  A 228197
   4273.67630  7.810  7.837  7.793  7.803  7.809    0.039 0.038 0.034 0.029 0.034  A 228510
   4278.68652  7.837  7.827  7.820  7.832  7.833    0.038 0.032 0.029 0.028 0.033  A 229168
   4282.69110  7.903  7.908  7.885  7.887  7.900    0.070 0.071 0.050 0.053 0.062  B 229488
   4284.69467  7.996  7.958  7.935  7.968  7.983    0.047 0.065 0.044 0.037 0.042  B 229824
   4286.68708  7.977  8.012  7.941  7.963  7.978    0.152 0.086 0.098 0.112 0.131  D 230187
   4290.68642  7.917  7.937  7.897  7.904  7.913    0.037 0.039 0.037 0.031 0.034  A 230512
   4292.66361  7.914  7.905  7.879  7.897  7.914    0.034 0.035 0.032 0.027 0.031  A 230881
   4294.66893  7.892  7.891  7.857  7.883  7.890    0.036 0.042 0.034 0.029 0.033  A 231236
   4296.66887  7.859  7.770  7.832  7.844  7.852    0.050 0.064 0.042 0.039 0.045  B 231579
   4298.67415  7.902  7.874  7.891  7.892  7.898    0.055 0.056 0.041 0.040 0.047  A 231939
   4300.63942  7.893  7.892  7.880  7.883  7.889    0.058 0.052 0.042 0.045 0.052  A 232284
   4302.68843  7.906  7.939  7.885  7.887  7.902    0.039 0.047 0.036 0.031 0.035  A 232613
   4304.62710  7.912  7.890  7.893  7.896  7.907    0.044 0.040 0.037 0.033 0.038  A 232953
   4306.60891  7.894  7.887  7.885  7.890  7.883    0.036 0.037 0.033 0.028 0.032  A 233312
   4308.63649  7.889  7.898  7.894  7.888  7.890    0.065 0.051 0.045 0.048 0.057  A 233649
   4310.68992  7.939  7.956  7.939  7.932  7.943    0.045 0.042 0.036 0.034 0.039  A 233915
   4312.71093  7.998  8.057  7.997  7.984  8.001    0.054 0.063 0.043 0.041 0.048  B 234249
   4315.70664  7.980  7.937  7.954  7.945  7.963    0.061 0.051 0.047 0.046 0.053  A 234592
   4319.58137  7.979  7.958  7.962  7.966  7.974    0.036 0.040 0.033 0.028 0.031  A 234963
   4330.55158  7.866  7.825  7.844  7.854  7.857    0.039 0.053 0.037 0.032 0.036  A 235287
   4332.56035  7.835  7.819  7.808  7.822  7.836    0.041 0.059 0.038 0.034 0.037  A 235653
   4334.57050  7.834  7.772  7.836  7.835  7.836    0.035 0.035 0.033 0.029 0.032  A 236013
   4338.57026  7.885  7.883  7.877  7.878  7.889    0.048 0.044 0.041 0.036 0.042  A 236407
   4340.62488  7.881  7.780  7.857  7.854  7.864    0.049 0.049 0.040 0.037 0.043  A 236763
   4342.62006  7.897  7.859  7.876  7.890  7.899    0.051 0.048 0.039 0.037 0.045  A 237092
   4344.61645  7.960  7.993  7.947  7.958  7.966    0.049 0.051 0.039 0.039 0.045  A 237433
   4346.61686  7.951  8.018  7.956  7.945  7.955    0.038 0.057 0.040 0.032 0.035  A 237773
   4348.61925  7.959  7.967  7.940  7.945  7.953    0.044 0.049 0.036 0.034 0.039  A 238128
   4350.62391  7.953  7.954  7.917  7.937  7.951    0.045 0.059 0.041 0.037 0.041  A 238445
   4353.51601  7.879  7.881  7.854  7.861  7.873    0.034 0.034 0.030 0.028 0.030  A 238818
   4355.60726  7.813  7.811  7.812  7.804  7.807    0.043 0.043 0.038 0.036 0.040  A 239162
   4357.61125  7.804  7.803  7.794  7.782  7.792    0.050 0.045 0.041 0.038 0.044  A 239454
   4359.57972  7.872  7.870  7.863  7.861  7.868    0.044 0.037 0.035 0.033 0.038  A 239780
   4361.55011  7.876  7.852  7.865  7.871  7.871    0.036 0.040 0.035 0.030 0.033  A 239997
   4363.55415  7.876  7.893  7.866  7.865  7.878    0.037 0.040 0.035 0.030 0.033  A 240310
   4365.57744  7.876  7.931  7.866  7.856  7.877    0.042 0.046 0.038 0.034 0.038  A 240629
   4369.54376  7.846  7.844  7.830  7.836  7.847    0.056 0.045 0.043 0.042 0.049  A 241110
   4371.55924  7.791  7.748  7.768  7.784  7.790    0.053 0.063 0.044 0.041 0.048  B 241444
   4373.56821  7.858  7.767  7.854  7.862  7.864    0.048 0.069 0.044 0.041 0.044  B 241742
   4377.50242  7.905  7.826  7.875  7.889  7.901    0.038 0.053 0.034 0.031 0.034  A 242224
   4379.53958  7.939  7.936  7.923  7.930  7.937    0.039 0.048 0.035 0.032 0.035  A 242543
   4382.51165  7.922  7.900  7.905  7.913  7.918    0.036 0.037 0.032 0.028 0.032  A 242988
   4385.51083  7.911  7.904  7.884  7.892  7.906    0.038 0.041 0.035 0.030 0.034  A 243446
   4387.51744  7.864  7.788  7.848  7.857  7.860    0.037 0.044 0.035 0.030 0.033  A 243767
   4389.51596  7.830  7.827  7.818  7.822  7.827    0.046 0.042 0.038 0.036 0.041  A 244065
   4526.89898  7.841  7.802  7.802  7.827  7.840    0.049 0.039 0.035 0.035 0.042  A 258666
   4532.89417  8.135  8.170  8.163  8.146  8.136    0.042 0.039 0.036 0.034 0.038  A 259569
   4538.88260  7.933  7.943  7.919  7.927  7.933    0.049 0.041 0.036 0.036 0.043  A 260310
   4542.88278  7.850  7.884  7.859  7.850  7.851    0.044 0.041 0.033 0.034 0.039  A 260902
   4546.87289  7.900  7.841  7.894  7.901  7.898    0.052 0.039 0.037 0.037 0.044  A 261517
   4554.86312  7.819  7.860  7.821  7.812  7.822    0.061 0.043 0.043 0.046 0.054  A 262616
   4557.88568  7.840  7.824  7.816  7.825  7.828    0.048 0.037 0.037 0.036 0.042  A 263109
   4560.88847  7.885  7.931  7.900  7.883  7.888    0.045 0.055 0.041 0.036 0.040  A 263609
   4563.91059  7.876  7.925  7.865  7.863  7.872    0.041 0.045 0.033 0.031 0.036  A 264114
   4566.89736  7.854  7.877  7.848  7.847  7.851    0.046 0.042 0.037 0.037 0.042  A 264611
   4569.88793  7.896  7.867  7.860  7.881  7.890    0.043 0.044 0.036 0.033 0.037  A 265072
   4572.83258  7.836  7.802  7.818  7.828  7.833    0.046 0.040 0.037 0.034 0.040  A 265577
   4574.86479  7.830  7.867  7.841  7.827  7.829    0.046 0.059 0.040 0.036 0.041  A 265912
