#ndata= 3
#dataset= 1 ; 1 F1144-24_220
#desig= 121038-2506.0
#cra=   12.177248  12:10:38.1
#cdec= -25.100720 -25:06:02.6
#class= 0
#cmag_0=  9.755
#cmer_0=  0.335
#nskip_0= 0
#cmag_1=  9.760
#cmer_1=  0.314
#nskip_1= 0
#cmag_2=  9.757
#cmer_2=  0.316
#nskip_2= 0
#cmag_3=  9.745
#cmer_3=  0.319
#nskip_3= 0
#cmag_4=  9.743
#cmer_4=  0.320
#nskip_4= 0
#ra=   12.177248  12:10:38.1
#dec= -25.100720 -25:06:02.6
#     HJD      MAG_3  MAG_0  MAG_1  MAG_2  MAG_4    MER_3 MER_0 MER_1 MER_2 MER_4 GRADE FRAME
   2463.50943  9.480  9.473  9.494  9.493  9.480    0.022 0.033 0.025 0.020 0.024  A 10565
   2628.82960  9.824  9.846  9.848  9.838  9.818    0.031 0.035 0.042 0.029 0.033  A 30803
   2649.82039  9.931  9.949  9.937  9.940  9.934    0.028 0.029 0.026 0.025 0.032  A 34205
#ndata= 450
#dataset= 2 ; 1 F1216-24_221
#desig= 121038-2506.1
#cra=   12.177209  12:10:38.0
#cdec= -25.100902 -25:06:03.2
#class= 0
#cmag_0= 10.087
#cmer_0=  0.366
#nskip_0= 25
#cmag_1= 10.081
#cmer_1=  0.366
#nskip_1= 17
#cmag_2= 10.073
#cmer_2=  0.366
#nskip_2= 14
#cmag_3= 10.072
#cmer_3=  0.366
#nskip_3= 14
#cmag_4= 10.076
#cmer_4=  0.368
#nskip_4= 12
#ra=   12.177209  12:10:38.0
#dec= -25.100902 -25:06:03.2
#     HJD      MAG_2  MAG_0  MAG_1  MAG_3  MAG_4    MER_2 MER_0 MER_1 MER_3 MER_4 GRADE FRAME
   1871.85040  9.740  9.886  9.756  9.731  9.732    0.027 0.074 0.032 0.028 0.031  A 614
   1874.84851  9.756  9.703  9.746  9.761  9.763    0.031 0.084 0.037 0.033 0.036  B 1099
   1876.85698  9.782  9.744  9.769  9.782  9.795    0.027 0.066 0.030 0.031 0.035  A 1424
   1878.84626  9.870  9.871  9.874  9.860  9.857    0.025 0.054 0.028 0.029 0.034  A 1737
   1880.84603  9.871  9.834  9.851  9.877  9.878    0.028 0.058 0.031 0.032 0.036  A 2047
   1884.85323  9.915  9.912  9.911  9.919  9.917    0.031 0.057 0.033 0.034 0.039  A 2358
   1886.84223  9.929  9.915  9.940  9.921  9.923    0.022 0.047 0.027 0.025 0.027  A 2673
   1888.84046  9.895  9.814  9.886  9.891  9.891    0.027 0.066 0.038 0.030 0.033  A 2992
   1900.79122  9.931  9.904  9.916  9.933  9.938    0.024 0.048 0.028 0.027 0.030  A 3418
   1903.80081  9.970  9.943  9.968  9.972  9.978    0.020 0.044 0.022 0.022 0.024  A 3739
   1905.80494 10.009 10.062 10.010 10.017 10.019    0.020 0.049 0.025 0.023 0.026  A 4064
   1907.80140 10.032 10.014 10.022 10.033 10.031    0.020 0.036 0.024 0.023 0.026  A 4384
   1913.84893 10.123 10.101 10.121 10.127 10.129    0.020 0.037 0.023 0.022 0.025  A 4699
   1915.81200 10.174 10.187 10.163 10.175 10.171    0.019 0.036 0.022 0.022 0.024  A 5003
   1918.78400 10.228 10.259 10.230 10.226 10.230    0.024 0.033 0.027 0.028 0.032  A 5206
   1920.77802 10.201 10.205 10.201 10.202 10.213    0.024 0.041 0.024 0.026 0.031  A 5525
   1922.76946 10.199 10.222 10.201 10.200 10.198    0.023 0.033 0.026 0.027 0.030  A 5830
   1926.83563 10.202 10.175 10.189 10.206 10.199    0.022 0.036 0.026 0.024 0.027  A 6532
   1928.82969 10.172 10.198 10.172 10.172 10.175    0.019 0.040 0.023 0.020 0.023  A 6855
   1929.83934 10.156 10.181 10.138 10.159 10.158    0.019 0.030 0.027 0.020 0.023  A 7012
   1931.76326 10.133 10.147 10.128 10.134 10.133    0.021 0.034 0.026 0.023 0.027  A 7317
   1933.75662 10.137 10.120 10.134 10.130 10.128    0.020 0.031 0.026 0.022 0.025  A 7641
   1935.83808 10.118 10.135 10.102 10.131 10.127    0.020 0.031 0.028 0.020 0.024  A 7961
   1937.77205 10.129 10.142 10.127 10.126 10.125    0.024 0.031 0.032 0.025 0.027  A 8180
   1939.75311 10.126 10.139 10.110 10.132 10.133    0.019 0.029 0.026 0.021 0.023  A 8419
   1945.82956 10.152 10.092 10.178 10.153 10.154    0.020 0.029 0.031 0.021 0.023  A 8730
   1947.75801 10.138 10.160 10.128 10.141 10.137    0.022 0.032 0.027 0.025 0.030  A 8959
   1948.80340 10.188 10.161 10.196 10.175 10.166    0.024 0.032 0.029 0.028 0.031  A 9099
   1949.82135 10.165 10.152 10.148 10.176 10.173    0.029 0.040 0.037 0.031 0.035  A 9267
   1953.75965 10.251 10.231 10.259 10.250 10.249    0.027 0.036 0.036 0.029 0.030  A 9724
   1954.75585 10.210 10.214 10.204 10.211 10.220    0.031 0.039 0.039 0.034 0.035  A 9901
   1955.75327 10.251 10.246 10.240 10.252 10.254    0.026 0.035 0.036 0.026 0.026  A 10079
   1958.73973 10.316 10.310 10.328 10.319 10.316    0.023 0.030 0.032 0.025 0.024  A 10246
   1961.73166 10.384 10.381 10.383 10.389 10.394    0.024 0.033 0.033 0.025 0.025  A 10519
   1963.73680 10.445 10.418 10.464 10.448 10.438    0.030 0.038 0.035 0.035 0.030  A 10851
   1964.73486 10.469 10.443 10.453 10.462 10.468    0.024 0.033 0.031 0.026 0.024  A 11032
   1965.72550 10.500 10.465 10.493 10.496 10.499    0.023 0.031 0.030 0.025 0.023  A 11215
   1966.72927 10.482 10.476 10.457 10.486 10.495    0.025 0.033 0.032 0.028 0.026  A 11400
   1967.74128 10.500 10.483 10.465 10.502 10.507    0.028 0.037 0.035 0.033 0.028  A 11565
   1968.71994 10.506 10.473 10.479 10.508 10.515    0.031 0.040 0.037 0.036 0.030  A 11740
   1971.73897 10.536 10.528 10.508 10.545 10.570    0.038 0.049 0.045 0.042 0.040  A 11810
   1977.68754 10.605 10.567 10.591 10.632 10.637    0.040 0.053 0.046 0.049 0.045  A 11973
   1978.72576 10.550 10.556 10.528 10.541 10.579    0.048 0.061 0.053 0.056 0.054  B 12070
   1980.74468 10.546 10.563 10.557 10.560 10.539    0.064 0.085 0.072 0.072 0.069  D 12418
   1981.71277 10.602 10.545 10.582 10.629 10.611    0.038 0.050 0.043 0.047 0.042  A 12587
   1982.69129 10.586 10.609 10.600 10.580 10.589    0.034 0.041 0.038 0.041 0.035  A 12770
   1985.68451 10.589 10.546 10.569 10.609 10.599    0.032 0.043 0.036 0.040 0.034  A 13174
   1993.68494 10.654 10.624 10.632 10.642 10.657    0.039 0.056 0.046 0.047 0.047  A 13322
   1994.66441 10.651 10.603 10.627 10.687 10.680    0.033 0.047 0.038 0.039 0.037  A 13458
   1995.66510 10.672 10.637 10.654 10.704 10.700    0.037 0.053 0.042 0.046 0.045  A 13655
   1996.66044 10.647 10.616 10.620 10.666 10.682    0.041 0.060 0.046 0.052 0.051  A 13850
   1997.66026 10.669 10.665 10.664 10.678 10.680    0.036 0.054 0.043 0.045 0.044  A 14055
   1998.65651 10.695 10.696 10.692 10.726 10.734    0.040 0.062 0.048 0.050 0.050  A 14252
   2000.65003 10.664 10.675 10.672 10.628 10.655    0.037 0.055 0.045 0.045 0.045  A 14656
   2008.63056 10.661 10.624 10.640 10.654 10.641    0.047 0.073 0.058 0.053 0.056  B 15165
   2009.65858 10.751 10.696 10.729 10.796 10.811    0.055 0.087 0.067 0.064 0.067  B 15377
   2011.61788 10.738 10.703 10.727 10.744 10.737    0.046 0.072 0.059 0.054 0.054  B 15569
   2014.61315 10.685 10.692 10.682 10.667 10.659    0.042 0.069 0.053 0.050 0.052  A 15770
   2016.60963 10.698 10.683 10.687 10.750 10.745    0.045 0.070 0.054 0.053 0.055  B 15949
   2025.56991 10.756 10.755 10.747 10.752 10.761    0.022 0.035 0.023 0.024 0.026  A 17161
   2026.59848 10.713 10.730 10.726 10.706 10.706    0.022 0.049 0.023 0.026 0.029  A 17390
   2027.59030 10.757 10.751 10.761 10.751 10.758    0.022 0.050 0.024 0.024 0.027  A 17604
   2030.57076 10.724 10.725 10.719 10.724 10.734    0.023 0.055 0.024 0.026 0.029  A 17774
   2031.59656 10.736 10.732 10.729 10.737 10.730    0.025 0.056 0.027 0.027 0.030  A 17996
   2032.57684 10.742 10.716 10.728 10.738 10.738    0.025 0.056 0.027 0.026 0.029  A 18207
   2038.57393 10.669 10.701 10.672 10.673 10.678    0.025 0.058 0.029 0.029 0.032  A 19071
   2040.55522 10.615 10.684 10.646 10.620 10.629    0.065 0.073 0.062 0.080 0.097  D 19422
   2052.51843 10.553 10.506 10.545 10.549 10.560    0.026 0.064 0.030 0.028 0.031  A 19771
   2053.53773 10.547 10.565 10.547 10.550 10.553    0.020 0.050 0.024 0.023 0.026  A 19989
   2054.53795 10.541 10.530 10.535 10.551 10.557    0.033 0.066 0.035 0.037 0.041  A 20210
   2055.52692 10.485 10.436 10.471 10.491 10.498    0.025 0.061 0.028 0.029 0.032  A 20421
   2056.53304 10.513 10.537 10.515 10.513 10.513    0.027 0.062 0.029 0.030 0.032  A 20650
   2057.52466 10.492 10.453 10.487 10.493 10.496    0.024 0.059 0.027 0.025 0.028  A 20876
   2058.52539 10.516 10.491 10.512 10.514 10.510    0.024 0.059 0.028 0.026 0.028  A 21104
   2060.49878 10.482 10.566 10.500 10.475 10.449    0.063 0.066 0.053 0.081 0.095  D 21350
   2062.52254 10.407 10.464 10.432 10.382 10.394    0.050 0.072 0.047 0.061 0.071  B 21491
   2064.53255 10.472 10.418 10.466 10.459 10.457    0.034 0.065 0.034 0.039 0.044  A 21595
   2067.49678 10.484 10.455 10.494 10.487 10.484    0.024 0.058 0.026 0.027 0.030  A 21792
   2069.49487 10.462 10.437 10.454 10.458 10.464    0.023 0.062 0.027 0.026 0.029  A 22237
   2071.48358 10.520 10.490 10.510 10.519 10.521    0.027 0.045 0.029 0.031 0.036  A 22676
   2079.46283 10.516 10.535 10.517 10.513 10.517    0.025 0.053 0.031 0.026 0.030  A 22762
   2082.46275 10.807 10.835 10.838 10.798 10.801    0.023 0.049 0.025 0.025 0.029  A 23273
   2085.49529 10.452 10.451 10.444 10.459 10.461    0.023 0.042 0.027 0.025 0.027  A 23757
   2094.46613 10.254 10.227 10.230 10.266 10.269    0.023 0.050 0.027 0.025 0.028  A 24928
   2096.49398 10.249 10.260 10.255 10.249 10.250    0.031 0.064 0.038 0.034 0.037  A 25389
   2103.51371 10.187 10.235 10.187 10.192 10.191    0.023 0.050 0.025 0.027 0.030  A 25757
   2106.48183 10.238 10.277 10.245 10.238 10.241    0.024 0.045 0.027 0.024 0.027  A 26370
   2117.46228 10.397 10.433 10.397 10.405 10.407    0.024 0.054 0.028 0.027 0.029  A 27233
   2233.85764 10.079 10.076 10.089 10.064 10.086    0.044 0.060 0.051 0.051 0.056  A 40729
   2236.85330 10.116 10.112 10.103 10.125 10.118    0.045 0.058 0.052 0.052 0.053  A 41199
   2240.84163 10.115 10.072 10.121 10.122 10.122    0.043 0.058 0.051 0.050 0.051  A 41671
   2242.84787 10.093 10.074 10.083 10.072 10.090    0.046 0.059 0.052 0.052 0.055  A 41993
   2244.84418 10.091 10.082 10.070 10.078 10.073    0.048 0.071 0.057 0.057 0.058  B 42269
   2248.82937 10.032 10.012 10.005 10.080 10.087    0.043 0.057 0.049 0.051 0.051  A 42583
   2250.83549 10.011 10.016  9.997 10.060 10.067    0.047 0.064 0.053 0.055 0.058  B 42943
   2254.81304  9.938  9.912  9.943  9.954  9.965    0.042 0.062 0.051 0.051 0.052  A 43545
   2261.80380  9.825  9.825  9.809  9.843  9.856    0.051 0.074 0.059 0.057 0.058  B 44474
   2264.81581  9.831  9.827  9.828  9.817  9.817    0.047 0.074 0.057 0.056 0.059  B 44898
   2266.82187  9.811  9.676  9.764  9.808  9.756    0.049 0.073 0.058 0.056 0.058  B 45220
   2270.79690  9.830  9.828  9.811  9.850  9.857    0.055 0.084 0.065 0.060 0.063  B 45474
   2441.47609  9.441  9.420  9.431  9.444  9.444    0.020 0.027 0.027 0.022 0.025  A 8211
   2456.47680 99.999 99.999 99.999 99.999 99.999    0.045 0.051 0.049 0.049 0.052  C 10008
   2463.50943  9.502  9.479  9.502  9.495  9.495    0.025 0.035 0.031 0.027 0.031  A 10565
   2466.46554  9.496  9.469  9.473  9.488  9.490    0.022 0.029 0.030 0.021 0.021  A 11204
   2469.46126  9.452  9.472  9.440  9.463  9.469    0.025 0.032 0.035 0.024 0.024  A 11854
   2483.46685 99.999  9.449  9.408 99.999 99.999    0.050 0.059 0.059 0.053 0.059  C 13256
   2622.84308  9.824  9.841  9.841  9.815  9.813    0.032 0.029 0.035 0.028 0.031  A 30055
   2625.84917  9.812  9.855  9.794  9.817  9.821    0.021 0.025 0.026 0.023 0.025  A 30507
   2628.82960  9.846  9.838  9.855  9.834  9.834    0.029 0.037 0.046 0.031 0.033  A 30803
   2629.81434  9.853  9.866  9.848  9.852  9.856    0.024 0.028 0.025 0.028 0.031  A 30948
   2637.81157  9.894  9.858  9.913  9.886  9.885    0.021 0.032 0.028 0.023 0.025  A 32594
   2641.80891  9.932  9.937  9.928  9.926  9.922    0.020 0.024 0.022 0.021 0.023  A 33184
   2644.83714  9.930  9.893  9.929  9.922  9.925    0.031 0.031 0.043 0.028 0.029  A 33657
   2649.84748  9.966  9.958  9.993  9.951  9.936    0.032 0.034 0.045 0.032 0.033  A 34217
   2651.83314  9.957  9.964  9.941  9.950  9.962    0.019 0.027 0.024 0.021 0.022  A 34520
   2654.86874  9.973  9.997  9.962  9.968  9.971    0.019 0.020 0.021 0.021 0.023  A 35109
   2658.79263 10.022 10.020 10.016 10.011 10.012    0.030 0.027 0.034 0.037 0.038  A 35666
   2660.82216 10.047 10.035 10.047 10.046 10.042    0.027 0.029 0.031 0.032 0.033  A 36017
   2664.76332 10.065 10.044 10.065 10.052 10.053    0.022 0.021 0.026 0.022 0.024  A 36677
   2669.79696 10.022 10.030 10.003 10.020 10.016    0.021 0.022 0.027 0.023 0.024  A 37497
   2671.83130 10.005 10.031 10.010 10.003 10.001    0.019 0.045 0.020 0.019 0.021  A 37843
   2673.83271 10.001 10.048 10.005  9.999 10.000    0.019 0.036 0.021 0.020 0.022  A 38176
   2675.80011 10.018 10.024 10.011 10.012 10.018    0.019 0.030 0.020 0.021 0.023  A 38525
   2677.76986 10.032 10.053 10.062 10.053 10.044    0.018 0.023 0.023 0.020 0.021  A 38860
   2679.74836 10.077 10.016 10.108 10.070 10.058    0.024 0.031 0.040 0.025 0.026  A 39182
   2681.74151 10.087 10.111 10.086 10.087 10.091    0.020 0.024 0.021 0.022 0.024  A 39502
   2683.74848 10.133 10.132 10.134 10.131 10.132    0.021 0.026 0.026 0.023 0.026  A 39862
   2685.74072 10.159 10.133 10.185 10.150 10.140    0.025 0.026 0.030 0.027 0.032  A 40221
   2691.80130 10.223 10.247 10.197 10.235 10.233    0.027 0.036 0.027 0.032 0.037  A 41350
   2693.82004 10.266 10.282 10.259 10.263 10.267    0.022 0.034 0.026 0.025 0.028  A 41659
   2695.77509 10.295 10.286 10.299 10.285 10.277    0.023 0.029 0.025 0.026 0.030  A 42009
   2698.71604 10.375 10.348 10.411 10.361 10.341    0.029 0.026 0.041 0.027 0.027  A 42540
   2700.76027 10.362 10.372 10.369 10.355 10.350    0.025 0.035 0.027 0.028 0.031  A 42946
   2704.76358 10.362 10.405 10.366 10.364 10.365    0.021 0.036 0.024 0.023 0.025  A 43714
   2710.69329 10.437 10.405 10.449 10.432 10.431    0.017 0.021 0.020 0.018 0.019  A 44773
   2714.67334 99.999 99.999 99.999 99.999 99.999    0.024 0.028 0.036 0.027 0.028  C 45528
   2719.63966 10.404 10.414 10.423 10.394 10.392    0.029 0.029 0.040 0.031 0.034  A 46097
   2720.77375 10.401 10.379 10.393 10.403 10.399    0.032 0.038 0.041 0.034 0.034  A 46348
   2723.86640 10.344 10.348 10.356 10.342 10.341    0.026 0.028 0.027 0.029 0.033  A 46959
   2725.69932 10.374 10.357 10.364 10.367 10.366    0.024 0.025 0.029 0.024 0.025  A 47289
   2733.72393 10.412 10.408 10.415 10.396 10.391    0.016 0.025 0.021 0.018 0.020  A 48656
   2734.81272 10.381 10.407 10.370 10.378 10.380    0.023 0.024 0.024 0.025 0.027  A 48898
   2736.65318 10.433 10.459 10.417 10.430 10.435    0.021 0.023 0.025 0.021 0.022  A 49220
   2738.64636 10.438 10.477 10.439 10.442 10.450    0.022 0.029 0.023 0.025 0.029  A 49604
   2739.83477 10.503 10.513 10.507 10.491 10.487    0.027 0.030 0.049 0.028 0.027  A 49841
   2741.68728 10.521 10.497 10.528 10.510 10.512    0.020 0.024 0.023 0.021 0.023  A 50172
   2742.83565 10.523 10.559 10.515 10.526 10.529    0.027 0.032 0.032 0.030 0.035  A 50439
   2747.63470 10.643 10.678 10.641 10.641 10.640    0.025 0.028 0.027 0.030 0.036  A 51001
   2750.68898 10.721 10.727 10.721 10.717 10.722    0.020 0.035 0.021 0.022 0.024  A 51654
   2751.77062 10.755 10.761 10.764 10.756 10.757    0.029 0.028 0.028 0.030 0.033  A 51882
   2754.64957 10.780 10.804 10.788 10.770 10.766    0.018 0.030 0.021 0.019 0.021  A 52247
   2755.80047 10.791 10.789 10.795 10.782 10.782    0.019 0.021 0.022 0.020 0.022  A 52529
   2757.60516 10.808 10.814 10.787 10.809 10.815    0.017 0.020 0.023 0.018 0.020  A 52860
   2759.63554 10.817 10.839 10.827 10.812 10.812    0.021 0.022 0.021 0.021 0.024  A 53216
   2760.72184 10.816 10.824 10.825 10.817 10.815    0.022 0.026 0.023 0.024 0.026  A 53460
   2762.68645 10.767 10.800 10.775 10.750 10.740    0.034 0.036 0.034 0.040 0.047  A 53853
   2764.66510 10.797 10.826 10.803 10.794 10.796    0.017 0.021 0.019 0.019 0.021  A 54257
   2766.68794 10.783 10.786 10.791 10.775 10.772    0.024 0.035 0.031 0.024 0.026  A 54545
   2770.64000 10.733 10.708 10.746 10.717 10.707    0.020 0.024 0.023 0.022 0.024  A 54856
   2775.72923 10.587 10.598 10.584 10.597 10.618    0.033 0.031 0.033 0.036 0.040  A 55120
   2785.57435 10.414 10.454 10.417 10.410 10.413    0.019 0.022 0.025 0.021 0.022  A 56328
   2786.71385 10.397 10.419 10.406 10.401 10.405    0.022 0.024 0.023 0.023 0.024  A 56599
   2790.50798 10.400 10.462 10.394 10.388 10.392    0.022 0.031 0.025 0.024 0.027  A 57271
   2792.53693 10.412 10.430 10.411 10.418 10.417    0.019 0.028 0.026 0.021 0.023  A 57677
   2795.51511 10.460 10.445 10.463 10.459 10.461    0.048 0.048 0.045 0.056 0.065  B 58190
   2804.59124 10.591 10.592 10.616 10.576 10.584    0.032 0.035 0.040 0.035 0.038  A 59025
   2809.58916 10.613 10.631 10.612 10.605 10.607    0.021 0.030 0.027 0.020 0.022  A 59484
   2811.57760 10.646 10.595 10.671 10.651 10.628    0.028 0.026 0.040 0.031 0.027  A 59931
   2813.57157 10.607 10.612 10.610 10.606 10.610    0.020 0.033 0.038 0.021 0.022  A 60384
   2819.61746 10.584 10.560 10.591 10.582 10.582    0.019 0.026 0.026 0.020 0.022  A 61284
   2829.51013 10.523 10.547 10.514 10.524 10.528    0.019 0.026 0.027 0.021 0.023  A 62236
   2831.56852 10.497 10.463 10.517 10.494 10.502    0.022 0.028 0.027 0.026 0.028  A 62702
   2833.54417 10.410 10.350 10.429 10.399 10.409    0.056 0.053 0.053 0.065 0.080  B 63106
   2835.53855 10.406 10.419 10.403 10.410 10.410    0.020 0.028 0.024 0.023 0.026  A 63509
   2838.53080 10.359 10.392 10.357 10.358 10.361    0.021 0.028 0.024 0.023 0.025  A 63856
   2841.54493 10.338 10.299 10.342 10.342 10.341    0.020 0.028 0.024 0.023 0.025  A 64512
   2855.51737 10.343 10.347 10.334 10.347 10.356    0.022 0.026 0.027 0.025 0.027  A 66012
   2860.47586 10.379 10.404 10.371 10.379 10.377    0.023 0.034 0.031 0.026 0.028  A 66686
   2862.48351 10.405 10.352 10.415 10.412 10.394    0.027 0.027 0.036 0.032 0.033  A 67115
   2867.48432 10.330 10.345 10.316 10.326 10.323    0.023 0.027 0.028 0.025 0.027  A 67702
   2976.83800  9.904  9.905  9.907  9.903  9.907    0.025 0.027 0.026 0.029 0.034  A 82935
   2979.85188  9.956  9.933  9.960  9.958  9.957    0.023 0.026 0.024 0.027 0.030  A 83341
   2983.84370  9.966  9.999  9.951  9.971  9.976    0.044 0.034 0.038 0.052 0.060  B 83858
   2987.84115  9.993  9.980 10.019  9.998  9.992    0.021 0.022 0.021 0.024 0.027  A 84384
   2996.84512 10.002  9.981 10.015 10.003 10.003    0.024 0.025 0.024 0.028 0.032  A 85528
   3000.85939  9.926  9.926  9.938  9.925  9.926    0.026 0.032 0.027 0.030 0.033  A 85941
   3008.83174  9.816  9.795  9.833  9.818  9.808    0.024 0.025 0.024 0.029 0.032  A 86920
   3012.80998  9.756  9.770  9.743  9.753  9.760    0.029 0.031 0.028 0.034 0.041  A 87439
   3016.85481  9.695  9.694  9.691  9.695  9.698    0.023 0.038 0.024 0.026 0.031  A 87829
   3020.83695  9.636  9.680  9.636  9.635  9.635    0.044 0.034 0.040 0.054 0.061  B 88232
   3025.78647  9.624  9.656  9.605  9.621  9.619    0.021 0.026 0.023 0.025 0.029  A 88481
   3029.87552  9.641  9.593  9.647  9.635  9.636    0.025 0.033 0.028 0.029 0.034  A 88684
   3035.78979  9.628  9.646  9.619  9.623  9.614    0.041 0.043 0.041 0.043 0.045  A 89304
   3039.88097  9.668  9.674  9.681  9.665  9.666    0.021 0.025 0.025 0.024 0.028  A 89579
   3042.77599  9.701  9.718  9.704  9.692  9.690    0.027 0.029 0.028 0.032 0.037  A 89840
   3053.74316  9.788  9.788  9.795  9.785  9.782    0.025 0.027 0.029 0.028 0.034  A 91304
   3055.83159  9.793  9.776  9.797  9.797  9.793    0.047 0.046 0.046 0.049 0.051  A 91611
   3060.78415  9.815  9.833  9.791  9.819  9.820    0.041 0.038 0.043 0.044 0.047  A 92261
   3063.71795  9.819  9.836  9.821  9.820  9.828    0.031 0.029 0.030 0.037 0.042  A 92633
   3066.77350  9.823  9.825  9.817  9.823  9.822    0.022 0.023 0.027 0.025 0.028  A 92947
   3068.75489  9.835  9.852  9.831  9.833  9.837    0.025 0.027 0.029 0.028 0.032  A 93233
   3070.76276  9.846  9.842  9.846  9.857  9.856    0.028 0.027 0.030 0.033 0.039  A 93522
   3074.75171  9.879  9.876  9.878  9.873  9.864    0.027 0.031 0.032 0.031 0.035  A 94028
   3076.78485  9.860  9.890  9.844  9.857  9.851    0.021 0.022 0.025 0.025 0.028  A 94317
   3078.81341  9.862  9.871  9.845  9.869  9.876    0.025 0.023 0.024 0.029 0.033  A 94630
   3081.66862  9.858  9.880  9.846  9.853  9.855    0.021 0.026 0.024 0.023 0.026  A 95016
   3085.72163  9.835  9.858  9.804  9.827  9.828    0.020 0.028 0.024 0.023 0.025  A 95326
   3087.72640  9.773  9.805  9.794  9.777  9.770    0.037 0.033 0.035 0.040 0.045  A 95637
   3089.74859  9.779  9.802  9.776  9.773  9.771    0.025 0.032 0.028 0.029 0.033  A 95948
   3091.76282  9.758  9.723  9.762  9.754  9.753    0.020 0.025 0.023 0.023 0.026  A 96260
   3096.68640  9.701  9.738  9.695  9.705  9.706    0.024 0.031 0.026 0.028 0.034  A 96668
   3099.52970  9.658  9.649  9.666  9.660  9.654    0.055 0.055 0.055 0.060 0.064  B 97087
   3103.67718  9.577  9.551  9.579  9.588  9.578    0.023 0.029 0.027 0.027 0.031  A 97758
   3105.66831  9.566  9.516  9.572  9.564  9.563    0.056 0.046 0.047 0.063 0.068  B 98074
   3107.67292  9.503  9.515  9.507  9.506  9.505    0.020 0.023 0.026 0.023 0.025  A 98391
   3109.67548  9.479  9.447  9.493  9.476  9.471    0.021 0.026 0.025 0.025 0.028  A 98702
   3111.75124  9.431  9.417  9.448  9.428  9.426    0.028 0.027 0.028 0.033 0.040  A 99041
   3113.72492  9.395  9.392  9.399  9.396  9.397    0.020 0.025 0.021 0.022 0.025  A 99353
   3115.71911  9.397  9.416  9.369  9.395  9.400    0.022 0.025 0.024 0.026 0.031  A 99684
   3118.77461  9.403  9.369  9.417  9.402  9.396    0.022 0.023 0.024 0.025 0.028  A 99966
   3122.63275  9.419  9.423  9.420  9.410  9.411    0.020 0.027 0.024 0.022 0.026  A 100207
   3128.77576 99.999 99.999 99.999 99.999 99.999    0.033 0.030 0.032 0.040 0.048  C 101245
   3130.75471  9.597  9.599  9.602  9.599  9.603    0.033 0.027 0.029 0.039 0.047  A 101525
   3133.53564  9.643  9.623  9.633  9.639  9.642    0.037 0.047 0.039 0.040 0.042  A 101948
   3144.58399  9.798  9.793  9.798  9.797  9.796    0.020 0.022 0.024 0.022 0.025  A 103254
   3146.63517  9.795  9.811  9.789  9.799  9.802    0.021 0.031 0.032 0.024 0.026  A 103516
   3156.53144  9.816  9.838  9.796  9.822  9.830    0.023 0.026 0.025 0.027 0.032  A 104128
   3159.55452  9.801  9.823  9.802  9.805  9.800    0.026 0.026 0.028 0.030 0.036  A 104546
   3162.57802  9.807  9.814  9.817  9.805  9.803    0.022 0.026 0.023 0.025 0.028  A 104822
   3164.59383  9.779  9.775  9.780  9.781  9.785    0.020 0.023 0.020 0.023 0.026  A 105183
   3167.59887  9.741  9.742  9.730  9.745  9.746    0.020 0.024 0.023 0.023 0.025  A 105568
   3169.63602  9.709  9.726  9.715  9.708  9.711    0.023 0.025 0.024 0.026 0.029  A 105924
   3176.62642  9.627  9.653  9.633  9.626  9.627    0.023 0.028 0.024 0.027 0.031  A 106760
   3179.53486  9.574  9.588  9.574  9.577  9.578    0.022 0.044 0.026 0.025 0.027  A 107175
   3184.51584  9.538  9.526  9.553  9.529  9.524    0.023 0.026 0.024 0.027 0.031  A 107791
   3186.60160  9.513  9.524  9.500  9.513  9.514    0.029 0.028 0.030 0.035 0.040  A 108092
   3190.51379  9.591  9.607  9.619  9.581  9.572    0.025 0.027 0.025 0.029 0.034  A 108561
   3354.84136  9.469  9.439  9.460  9.473  9.474    0.036 0.057 0.034 0.042 0.048  A 124312
   3358.83746  9.423  9.419  9.420  9.426  9.429    0.026 0.038 0.028 0.030 0.034  A 124753
   3362.84927  9.419  9.429  9.415  9.419  9.421    0.030 0.035 0.030 0.034 0.039  A 124900
   3386.85222  9.671  9.633  9.658  9.679  9.681    0.034 0.039 0.031 0.041 0.049  A 126242
   3389.84557  9.692  9.646  9.681  9.694  9.696    0.048 0.045 0.045 0.052 0.057  A 126652
   3392.86213  9.728  9.643  9.729  9.729  9.730    0.040 0.070 0.044 0.044 0.050  A 127015
   3396.79312  9.782  9.805  9.784  9.781  9.782    0.030 0.033 0.029 0.035 0.041  A 127424
   3399.79566  9.949  9.942  9.948  9.948  9.943    0.029 0.035 0.028 0.034 0.039  A 127816
   3402.85474  9.755  9.726  9.748  9.756  9.755    0.035 0.072 0.041 0.038 0.042  A 128170
   3405.77515  9.786  9.821  9.789  9.792  9.799    0.031 0.056 0.032 0.036 0.040  A 128614
   3408.76424  9.774  9.750  9.773  9.787  9.789    0.034 0.048 0.034 0.036 0.039  A 129073
   3411.75955  9.778  9.787  9.782  9.772  9.775    0.027 0.033 0.026 0.031 0.035  A 129526
   3414.75483  9.758  9.740  9.755  9.766  9.770    0.023 0.030 0.023 0.026 0.031  A 129986
   3416.81489  9.758  9.763  9.750  9.762  9.765    0.028 0.032 0.026 0.034 0.039  A 130333
   3419.73615  9.763  9.846  9.775  9.756  9.756    0.026 0.052 0.028 0.029 0.033  A 130773
   3423.83178  9.814  9.831  9.826  9.801  9.791    0.049 0.069 0.047 0.057 0.067  B 131436
   3425.79040  9.806  9.788  9.815  9.793  9.794    0.036 0.061 0.039 0.040 0.046  A 131730
   3431.80474  9.948  9.966  9.948  9.952  9.953    0.028 0.041 0.028 0.033 0.040  A 132419
   3433.84187  9.993 10.006  9.995  9.990  9.989    0.027 0.039 0.029 0.032 0.035  A 132755
   3438.72232 10.045 10.036 10.058 10.038 10.038    0.022 0.034 0.026 0.025 0.027  A 133204
   3442.70112 10.094 10.098 10.100 10.091 10.091    0.020 0.027 0.023 0.022 0.026  A 133613
   3444.72258 10.140 10.226 10.155 10.135 10.123    0.041 0.078 0.043 0.046 0.053  A 133953
   3446.73101 10.112 10.143 10.105 10.122 10.120    0.033 0.078 0.040 0.033 0.035  A 134601
   3448.72724 10.134 10.097 10.132 10.132 10.128    0.052 0.097 0.054 0.057 0.061  B 134936
   3450.71966 10.201 10.230 10.200 10.201 10.208    0.037 0.063 0.041 0.040 0.044  A 135275
   3453.64778 10.235 10.243 10.235 10.226 10.230    0.038 0.043 0.036 0.045 0.051  A 135648
   3456.84876 10.241 10.224 10.234 10.245 10.249    0.034 0.043 0.033 0.039 0.046  A 136255
   3458.84290 10.247 10.328 10.267 10.235 10.230    0.036 0.061 0.039 0.040 0.045  A 136607
   3461.63668 10.247 10.260 10.242 10.246 10.254    0.029 0.031 0.029 0.034 0.039  A 137035
   3463.69323 10.253 10.234 10.252 10.258 10.261    0.026 0.038 0.029 0.030 0.034  A 137336
   3465.68538 10.261 10.294 10.252 10.260 10.254    0.029 0.060 0.036 0.030 0.032  A 137672
   3468.67197 10.325 10.329 10.325 10.331 10.335    0.023 0.046 0.028 0.026 0.029  A 138109
   3470.68116 10.302 10.311 10.303 10.299 10.301    0.023 0.039 0.025 0.026 0.029  A 138418
   3472.68944 10.360 10.353 10.348 10.354 10.360    0.081 0.061 0.074 0.085 0.087  D 138731
   3474.73092 10.307 10.314 10.307 10.298 10.285    0.035 0.060 0.041 0.041 0.046  A 139070
   3476.82375 10.340 10.351 10.342 10.344 10.342    0.033 0.042 0.033 0.040 0.047  A 139434
   3478.75980 10.331 10.269 10.321 10.333 10.333    0.026 0.041 0.028 0.031 0.037  A 139762
   3480.75304 10.386 10.420 10.389 10.381 10.381    0.036 0.082 0.041 0.039 0.043  B 140040
   3484.63515 10.325 10.300 10.300 10.347 10.354    0.054 0.097 0.056 0.064 0.073  B 140620
   3487.78986 10.362 10.395 10.360 10.360 10.360    0.031 0.040 0.033 0.036 0.042  A 140824
   3490.77629 10.318 10.288 10.304 10.316 10.321    0.039 0.062 0.039 0.045 0.052  A 141184
   3492.73458 10.320 10.413 10.327 10.320 10.317    0.030 0.067 0.035 0.033 0.038  A 141509
   3496.72860 10.258 10.278 10.238 10.260 10.258    0.024 0.042 0.030 0.026 0.031  A 141785
   3499.72618 10.214 10.305 10.229 10.213 10.212    0.038 0.076 0.042 0.042 0.047  A 142143
   3502.52577 99.999 99.999 99.999 99.999 99.999    0.024 0.032 0.025 0.026 0.029  C 142590
   3504.56532 10.097 10.024 10.084 10.100 10.109    0.034 0.063 0.038 0.036 0.040  A 142959
   3511.56518 10.577 10.615 10.598 10.566 10.546    0.040 0.048 0.039 0.044 0.047  A 143645
   3516.70686 10.293 10.226 10.293 10.268 10.262    0.101 0.083 0.088 0.126 0.154  D 144199
   3520.61463 10.283 10.308 10.278 10.287 10.282    0.029 0.052 0.031 0.031 0.035  A 144664
   3522.63821 10.351 10.328 10.339 10.356 10.357    0.029 0.040 0.028 0.035 0.041  A 145020
   3524.66941 10.336 10.333 10.322 10.339 10.342    0.042 0.066 0.043 0.047 0.053  A 145349
   3526.65615 10.399 10.408 10.398 10.402 10.406    0.029 0.039 0.030 0.032 0.036  A 145685
   3528.65932 10.457 10.437 10.454 10.460 10.461    0.027 0.036 0.028 0.029 0.033  A 146016
   3530.66241 10.498 10.568 10.502 10.492 10.491    0.024 0.037 0.026 0.027 0.031  A 146379
   3539.54626 10.708 10.784 10.714 10.707 10.700    0.032 0.073 0.038 0.034 0.039  A 147005
   3542.58485 10.686 10.734 10.682 10.686 10.683    0.031 0.049 0.033 0.037 0.043  A 147409
   3545.57482 10.668 10.724 10.680 10.644 10.601    0.103 0.079 0.083 0.131 0.159  D 147835
   3552.58929 10.620 10.608 10.614 10.623 10.628    0.060 0.052 0.052 0.073 0.083  B 148446
   3559.50785 10.435 10.491 10.434 10.442 10.455    0.041 0.074 0.042 0.048 0.056  A 149364
   3561.51734 10.405 10.388 10.405 10.403 10.401    0.034 0.081 0.040 0.036 0.039  B 149705
   3571.55298 10.213 10.174 10.213 10.226 10.232    0.026 0.029 0.029 0.030 0.035  A 150878
   3575.51119 10.182 10.213 10.177 10.192 10.191    0.023 0.042 0.029 0.025 0.027  A 151430
   3578.51246 10.181 10.187 10.182 10.182 10.181    0.024 0.037 0.027 0.026 0.029  A 151933
   3585.50013 10.117 10.157 10.123 10.114 10.118    0.024 0.031 0.024 0.027 0.029  A 153135
   3588.49641 10.083 10.064 10.075 10.099 10.103    0.035 0.039 0.035 0.040 0.046  A 153618
   3594.49034 10.012  9.941 10.004 10.015 10.018    0.026 0.038 0.026 0.031 0.035  A 154652
   3602.47575  9.965  9.981  9.959  9.969  9.974    0.030 0.030 0.029 0.037 0.042  A 155679
   3707.85289 10.113 10.094 10.102 10.117 10.118    0.028 0.038 0.030 0.032 0.035  A 169055
   3715.84421 10.191 10.206 10.196 10.199 10.201    0.031 0.039 0.030 0.036 0.042  A 169895
   3719.84528 10.155 10.179 10.156 10.156 10.158    0.030 0.039 0.031 0.037 0.043  A 170370
   3724.83670 10.050 10.108 10.053 10.051 10.057    0.026 0.035 0.025 0.031 0.036  A 170934
   3732.84379  9.858  9.945  9.872  9.861  9.860    0.036 0.062 0.039 0.041 0.046  A 171890
   3736.81780  9.712  9.682  9.706  9.717  9.713    0.030 0.050 0.031 0.035 0.041  A 172411
   3739.83781  9.676  9.641  9.660  9.676  9.680    0.027 0.052 0.030 0.030 0.034  A 172836
   3743.83027  9.663  9.662  9.660  9.664  9.668    0.027 0.034 0.025 0.031 0.035  A 173340
   3746.86049  9.637  9.617  9.631  9.634  9.627    0.039 0.039 0.035 0.047 0.056  A 173750
   3750.82152  9.655  9.670  9.648  9.666  9.672    0.032 0.040 0.032 0.038 0.044  A 174304
   3753.83589  9.699  9.693  9.696  9.701  9.702    0.031 0.032 0.029 0.038 0.046  A 174714
   3758.77535  9.708  9.703  9.700  9.712  9.712    0.031 0.063 0.036 0.034 0.039  A 175388
   3761.80346  9.715  9.736  9.709  9.707  9.710    0.042 0.064 0.041 0.051 0.058  A 175790
   3764.80498  9.711  9.659  9.702  9.712  9.716    0.040 0.074 0.041 0.044 0.047  A 176206
   3767.80038  9.729  9.723  9.726  9.732  9.734    0.031 0.038 0.030 0.035 0.039  A 176621
   3770.78645  9.705  9.653  9.697  9.704  9.699    0.044 0.073 0.044 0.053 0.062  B 177022
   3773.76624  9.676  9.607  9.675  9.676  9.675    0.039 0.067 0.041 0.044 0.049  A 177401
   3776.76969  9.726  9.753  9.735  9.728  9.728    0.035 0.051 0.036 0.042 0.049  A 177837
   3779.76078  9.723  9.648  9.709  9.718  9.715    0.047 0.076 0.047 0.055 0.064  B 178293
   3788.79042  9.785  9.827  9.796  9.784  9.782    0.035 0.055 0.035 0.040 0.045  A 179026
   3791.72996  9.799  9.875  9.815  9.801  9.804    0.043 0.085 0.049 0.045 0.049  B 179429
   3793.78398  9.775  9.777  9.776  9.779  9.781    0.029 0.044 0.029 0.035 0.040  A 179740
   3796.70645  9.762  9.770  9.761  9.762  9.763    0.024 0.043 0.026 0.028 0.031  A 180144
   3798.77953  9.755  9.726  9.749  9.757  9.757    0.049 0.094 0.053 0.052 0.056  B 180442
   3801.70005  9.706  9.651  9.693  9.714  9.725    0.039 0.074 0.041 0.044 0.049  A 180832
   3804.68957  9.716  9.695  9.692  9.717  9.717    0.038 0.068 0.039 0.044 0.051  A 181185
   3806.73154  9.766  9.778  9.775  9.760  9.768    0.039 0.081 0.045 0.044 0.048  B 181498
   3812.73157  9.806  9.791  9.805  9.803  9.807    0.040 0.074 0.043 0.045 0.049  A 182331
   3814.75354  9.827  9.834  9.830  9.827  9.829    0.039 0.080 0.045 0.042 0.046  A 182654
   3816.77521  9.846  9.827  9.840  9.849  9.849    0.034 0.075 0.038 0.039 0.043  A 182976
   3818.89108  9.826  9.784  9.810  9.829  9.827    0.035 0.053 0.038 0.042 0.047  A 183340
   3821.64733  9.835  9.817  9.836  9.839  9.845    0.031 0.044 0.030 0.035 0.041  A 183739
   3823.70051  9.822  9.885  9.835  9.824  9.831    0.042 0.090 0.045 0.047 0.054  B 184082
   3825.71522  9.812  9.847  9.819  9.811  9.809    0.037 0.063 0.037 0.044 0.054  A 184425
   3830.62641  9.733  9.708  9.720  9.734  9.733    0.036 0.077 0.042 0.042 0.048  A 185238
   3832.67342  9.723  9.790  9.724  9.725  9.729    0.031 0.062 0.034 0.035 0.039  A 185608
   3834.66782  9.646  9.607  9.637  9.650  9.651    0.028 0.032 0.027 0.033 0.037  A 185952
   3848.70051  9.483  9.491  9.494  9.483  9.482    0.057 0.068 0.054 0.069 0.081  B 186933
   3850.71570 99.999  9.551  9.528 99.999 99.999    0.028 0.048 0.031 0.030 0.033  C 187279
   3852.72548  9.561  9.571  9.556  9.563  9.560    0.024 0.028 0.025 0.027 0.030  A 187635
   3859.68105  9.707  9.782  9.723  9.703  9.697    0.034 0.075 0.041 0.035 0.039  A 188682
   3861.65430  9.752  9.813  9.758  9.740  9.741    0.025 0.050 0.030 0.028 0.032  A 189020
   3866.73708  9.851  9.837  9.848  9.861  9.866    0.039 0.060 0.045 0.045 0.052  A 189922
   3868.72603  9.889  9.861  9.877  9.887  9.884    0.038 0.053 0.040 0.044 0.051  A 190224
   3870.73802  9.889  9.828  9.878  9.893  9.893    0.033 0.052 0.036 0.040 0.047  A 190592
   3872.73676  9.941  9.921  9.938  9.942  9.939    0.037 0.061 0.041 0.041 0.045  A 190964
   3876.64345  9.909  9.887  9.901  9.907  9.919    0.036 0.050 0.038 0.040 0.045  A 191342
   3879.72436  9.961 10.003  9.965  9.956  9.946    0.054 0.075 0.053 0.062 0.071  B 191676
   3882.52771  9.853  9.873  9.851  9.853  9.856    0.029 0.060 0.032 0.031 0.033  A 192055
   3887.53036  9.783  9.786  9.761  9.788  9.786    0.030 0.048 0.034 0.033 0.037  A 192620
   3889.53997  9.763  9.721  9.769  9.755  9.753    0.023 0.030 0.028 0.025 0.029  A 192956
   3894.59522  9.613  9.630  9.603  9.612  9.611    0.028 0.031 0.030 0.033 0.038  A 193841
   3897.57777  9.529  9.516  9.531  9.528  9.538    0.043 0.045 0.041 0.054 0.064  B 194185
   3899.60818  9.486  9.468  9.478  9.494  9.505    0.052 0.045 0.046 0.065 0.077  B 194509
   3901.64933  9.432  9.465  9.437  9.425  9.424    0.026 0.036 0.025 0.032 0.037  A 194848
   3903.64919  9.405  9.423  9.408  9.407  9.408    0.025 0.040 0.027 0.029 0.033  A 195225
   3906.48191  9.393  9.488  9.404  9.391  9.391    0.035 0.084 0.043 0.037 0.039  B 195737
   3908.50231  9.328  9.353  9.328  9.332  9.328    0.035 0.084 0.041 0.036 0.039  B 196132
   4090.83652 10.051 10.052 10.050 10.049 10.052    0.031 0.034 0.031 0.035 0.040  A 209319
   4104.81863 10.158 10.184 10.151 10.156 10.149    0.038 0.050 0.036 0.046 0.054  A 210760
   4107.84379 10.161 10.206 10.170 10.161 10.160    0.026 0.038 0.028 0.030 0.035  A 211173
   4126.80898 10.147 10.156 10.154 10.152 10.147    0.035 0.047 0.036 0.041 0.049  A 211725
   4129.79847 10.095 10.061 10.072 10.098 10.101    0.033 0.061 0.038 0.036 0.039  A 212119
   4132.79011 10.152 10.144 10.152 10.147 10.144    0.038 0.066 0.045 0.041 0.044  A 212499
   4135.77413 10.152 10.111 10.145 10.156 10.165    0.031 0.047 0.032 0.035 0.041  A 212899
   4149.85364 10.382 10.381 10.386 10.414 10.445    0.080 0.072 0.069 0.102 0.124  D 214732
   4152.73568 10.331 10.290 10.325 10.338 10.345    0.030 0.044 0.034 0.032 0.036  A 215153
   4154.78726 10.347 10.375 10.345 10.343 10.348    0.044 0.104 0.052 0.045 0.048  B 215465
   4157.71653 10.393 10.357 10.378 10.403 10.397    0.032 0.057 0.034 0.038 0.044  A 215863
   4159.77931 10.427 10.454 10.437 10.413 10.419    0.028 0.040 0.031 0.032 0.034  A 216193
   4161.77664 10.436 10.409 10.438 10.432 10.429    0.033 0.068 0.038 0.037 0.040  A 216511
   4167.75894 10.464 10.434 10.514 10.437 10.431    0.039 0.089 0.052 0.043 0.047  B 217355
   4172.87574 10.571 10.533 10.547 10.577 10.580    0.033 0.059 0.040 0.037 0.041  A 217990
   4175.67962 10.580 10.561 10.549 10.585 10.587    0.044 0.065 0.048 0.050 0.055  A 218394
   4177.79193 10.528 10.564 10.537 10.519 10.509    0.072 0.065 0.065 0.081 0.089  D 218658
   4180.69395 10.594 10.584 10.586 10.612 10.619    0.037 0.042 0.037 0.043 0.051  A 219004
   4182.72324 10.597 10.523 10.592 10.590 10.592    0.037 0.048 0.039 0.042 0.047  A 219288
   4184.74216 10.575 10.526 10.568 10.580 10.598    0.040 0.058 0.043 0.045 0.053  A 219584
   4187.84127 10.618 10.612 10.597 10.614 10.599    0.050 0.052 0.051 0.055 0.061  B 219859
   4190.63707 10.601 10.600 10.602 10.607 10.602    0.031 0.052 0.036 0.036 0.041  A 220236
   4194.68971 10.466 10.499 10.466 10.473 10.467    0.075 0.079 0.070 0.079 0.085  D 220892
   4197.68276 10.482 10.459 10.467 10.486 10.494    0.029 0.051 0.034 0.033 0.036  A 221215
   4200.66002 10.447 10.457 10.444 10.452 10.451    0.053 0.059 0.052 0.056 0.058  B 221493
   4203.66509 99.999 99.999 99.999 99.999 99.999    0.029 0.050 0.035 0.032 0.035  C 221790
   4205.67246 10.462 10.517 10.466 10.458 10.460    0.041 0.059 0.042 0.046 0.051  A 222121
   4213.75531 99.999 10.410 10.430 99.999 99.999    0.056 0.058 0.051 0.064 0.068  C 222626
   4216.74481 10.426 10.406 10.426 10.420 10.425    0.039 0.047 0.042 0.035 0.038  A 222904
   4227.67252 10.386 10.365 10.392 10.383 10.378    0.026 0.038 0.034 0.029 0.033  A 223168
   4229.67520 10.394 10.407 10.385 10.395 10.390    0.026 0.042 0.032 0.029 0.033  A 223526
   4231.68778 10.384 10.315 10.374 10.383 10.380    0.041 0.056 0.043 0.048 0.055  A 223888
   4233.68391 10.375 10.374 10.400 10.375 10.369    0.024 0.038 0.033 0.026 0.029  A 224233
   4235.68438 10.394 10.416 10.399 10.390 10.387    0.025 0.041 0.031 0.027 0.031  A 224601
   4249.53669 10.461 10.488 10.448 10.472 10.483    0.031 0.036 0.035 0.034 0.040  A 226584
   4253.67063 10.490 10.493 10.475 10.501 10.503    0.058 0.063 0.059 0.066 0.073  B 226858
   4256.56403 10.472 10.501 10.478 10.473 10.486    0.026 0.034 0.031 0.028 0.031  A 227225
   4258.58245 10.477 10.461 10.479 10.470 10.475    0.043 0.050 0.040 0.048 0.052  A 227497
   4268.55145 10.422 10.364 10.416 10.423 10.423    0.045 0.062 0.049 0.051 0.060  B 227952
   4270.57443 10.409 10.430 10.394 10.401 10.387    0.067 0.060 0.059 0.083 0.103  D 228259
   4276.52650 10.344 10.378 10.324 10.351 10.350    0.025 0.033 0.030 0.028 0.033  A 228819
   4278.58154 10.351 10.358 10.333 10.354 10.354    0.026 0.028 0.029 0.030 0.034  A 229133
   4282.60051 10.288 10.254 10.294 10.284 10.294    0.061 0.061 0.054 0.072 0.081  B 229459
   4284.60647 10.283 10.350 10.280 10.290 10.288    0.033 0.058 0.038 0.035 0.040  A 229796
   4291.50112 10.212 10.191 10.215 10.212 10.211    0.042 0.045 0.045 0.046 0.048  A 230638
   4293.51001 10.171 10.129 10.161 10.181 10.176    0.040 0.046 0.042 0.044 0.047  A 231007
   4295.51104 10.132 10.081 10.125 10.135 10.136    0.025 0.043 0.031 0.027 0.029  A 231349
   4297.51315 10.074 10.154 10.080 10.069 10.064    0.053 0.065 0.053 0.061 0.068  B 231700
   4299.50322 10.040 10.019 10.003 10.046 10.047    0.031 0.062 0.040 0.034 0.037  A 232071
   4304.51045 10.026 10.020 10.041 10.022 10.020    0.027 0.040 0.035 0.030 0.032  A 232915
   4306.53992  9.979  9.991  9.958  9.987  9.983    0.028 0.038 0.034 0.031 0.034  A 233291
   4311.50226  9.956  9.933  9.951  9.958 99.999    0.030 0.043 0.032 0.034 0.040  C 234011
   4314.51156  9.886  9.885  9.887  9.897  9.906    0.076 0.084 0.079 0.079 0.083  D 234340
   4317.50044  9.885  9.916  9.881  9.886  9.889    0.024 0.034 0.029 0.027 0.031  A 234784
   4435.84846  9.901  9.889  9.897  9.900  9.902    0.031 0.035 0.033 0.037 0.044  A 248100
   4441.84602  9.882  9.889  9.864  9.884  9.885    0.031 0.036 0.033 0.035 0.040  A 248850
   4453.84144  9.826  9.763  9.811  9.827  9.830    0.055 0.058 0.052 0.061 0.066  B 250191
   4457.84044  9.725  9.697  9.719  9.723  9.727    0.031 0.038 0.032 0.037 0.041  A 250626
   4461.82831  9.664  9.675  9.658  9.667  9.668    0.033 0.035 0.033 0.038 0.045  A 251100
   4468.80723  9.603  9.689  9.611  9.606  9.611    0.033 0.044 0.034 0.037 0.042  A 251909
   4472.85083  9.605  9.593  9.608  9.613  9.614    0.059 0.051 0.052 0.071 0.083  B 252296
   4476.86919  9.641  9.666  9.650  9.641  9.637    0.050 0.062 0.049 0.057 0.069  B 252714
   4480.80789  9.649  9.648  9.642  9.654  9.662    0.044 0.048 0.042 0.050 0.057  A 253189
   4484.85444  9.703  9.685  9.706  9.693  9.692    0.027 0.037 0.030 0.032 0.037  A 253548
   4487.81659  9.760  9.771  9.756  9.760  9.763    0.032 0.055 0.038 0.036 0.040  A 253885
   4494.86482  9.993 10.077 10.010  9.995  9.995    0.027 0.040 0.032 0.030 0.034  A 254725
   4498.80501  9.835  9.805  9.833  9.841  9.840    0.034 0.048 0.038 0.036 0.038  A 254958
   4501.78638 10.519 10.681 10.566 10.504 10.498    0.029 0.042 0.030 0.031 0.034  A 255330
   4504.76838  9.849  9.859  9.843  9.852  9.851    0.024 0.033 0.030 0.027 0.030  A 255746
   4510.75413  9.772  9.748  9.763  9.784  9.787    0.033 0.043 0.036 0.036 0.042  A 256586
   4514.75830  9.763  9.712  9.753  9.766  9.770    0.043 0.045 0.040 0.052 0.061  B 256935
   4516.76918  9.736  9.678  9.731  9.736  9.741    0.046 0.043 0.042 0.057 0.068  B 257164
   4522.78381  9.601  9.596  9.587  9.602  9.600    0.027 0.045 0.034 0.031 0.034  A 258046
   4524.81345  9.553  9.531  9.559  9.546  9.548    0.031 0.058 0.038 0.033 0.036  A 258342
   4527.71160  9.468  9.450  9.461  9.467  9.466    0.036 0.064 0.039 0.039 0.045  A 258755
   4529.77937  9.478  9.482  9.490  9.472  9.472    0.029 0.052 0.034 0.032 0.035  A 259081
   4532.70835  9.432  9.422  9.429  9.429  9.430    0.042 0.068 0.055 0.046 0.050  B 259507
   4535.79446  9.396  9.370  9.397  9.397  9.395    0.031 0.039 0.036 0.035 0.040  A 259821
   4537.80446  9.410  9.414  9.422  9.403  9.402    0.041 0.048 0.038 0.037 0.041  A 260136
   4540.67640  9.420  9.449  9.411  9.431  9.432    0.044 0.059 0.045 0.051 0.058  A 260522
   4542.71952  9.460  9.462  9.462  9.452  9.451    0.029 0.031 0.032 0.035 0.042  A 260854
   4554.64925  9.655  9.624  9.648  9.654  9.653    0.033 0.040 0.035 0.039 0.046  A 262542
   4558.75205  9.702  9.686  9.702  9.698  9.701    0.036 0.060 0.042 0.040 0.042  A 263230
   4560.72145  9.741  9.737  9.735  9.741  9.744    0.029 0.042 0.035 0.032 0.036  A 263550
   4562.78297 10.108 10.136 10.102 10.103 10.100    0.029 0.053 0.033 0.032 0.036  A 263907
   4565.61999  9.797  9.847  9.794  9.805  9.804    0.041 0.062 0.044 0.042 0.038  A 264355
   4567.65761  9.776  9.745  9.769  9.786  9.790    0.031 0.040 0.035 0.034 0.038  A 264699
   4571.64990  9.768  9.769  9.754  9.773  9.778    0.031 0.039 0.034 0.036 0.042  A 265339
