#ndata= 1
#dataset= 1 ; 1 F1144+00_355
#desig= 121310+0122.0
#cra=   12.219473  12:13:10.1
#cdec=   1.367047 01:22:01.4
#class= 0
#cmag_0= 10.468
#cmer_0=  0.000
#nskip_0= 0
#cmag_1= 10.484
#cmer_1=  0.000
#nskip_1= 0
#cmag_2= 10.479
#cmer_2=  0.000
#nskip_2= 0
#cmag_3= 10.479
#cmer_3=  0.000
#nskip_3= 0
#cmag_4= 10.483
#cmer_4=  0.000
#nskip_4= 0
#ra=   12.219473  12:13:10.1
#dec=   1.367047 01:22:01.4
#     HJD      MAG_2  MAG_0  MAG_1  MAG_3  MAG_4    MER_2 MER_0 MER_1 MER_3 MER_4 GRADE FRAME
   2724.70110 10.479 10.468 10.485 10.480 10.484    0.022 0.030 0.025 0.026 0.030  A 47087
#ndata= 316
#dataset= 2 ; 1 F1216+00_356
#desig= 121310+0122.0
#cra=   12.219431  12:13:10.0
#cdec=   1.366324 01:21:58.8
#class= 0
#cmag_0= 10.506
#cmer_0=  0.061
#nskip_0= 6
#cmag_1= 10.507
#cmer_1=  0.054
#nskip_1= 2
#cmag_2= 10.508
#cmer_2=  0.054
#nskip_2= 2
#cmag_3= 10.509
#cmer_3=  0.054
#nskip_3= 3
#cmag_4= 10.509
#cmer_4=  0.054
#nskip_4= 3
#ra=   12.219431  12:13:10.0
#dec=   1.366324 01:21:58.8
#     HJD      MAG_2  MAG_0  MAG_1  MAG_3  MAG_4    MER_2 MER_0 MER_1 MER_3 MER_4 GRADE FRAME
   1885.85191 10.483 10.454 10.480 10.483 10.484    0.022 0.040 0.024 0.025 0.029  A 2517
   1887.85763 10.473 10.400 10.478 10.467 10.468    0.048 0.065 0.050 0.050 0.054  A 2839
   1889.85600 10.495 10.509 10.479 10.503 10.484    0.030 0.053 0.032 0.036 0.043  A 3160
   1900.82715 10.520 10.445 10.536 10.515 10.517    0.023 0.045 0.025 0.026 0.029  A 3433
   1955.76762 10.444 10.422 10.446 10.446 10.448    0.039 0.051 0.047 0.039 0.040  A 10085
   1963.74429 10.433 10.427 10.398 10.435 10.434    0.095 0.087 0.095 0.103 0.102  D 10854
   2007.70807 10.583 10.642 10.585 10.621 10.620    0.053 0.071 0.060 0.061 0.061  B 14990
   2094.49245 10.500 10.510 10.499 10.507 10.514    0.025 0.044 0.027 0.025 0.027  A 24940
   2104.48310 10.569 10.501 10.561 10.568 10.570    0.025 0.051 0.029 0.026 0.029  A 25946
   2117.47500 10.561 10.576 10.562 10.563 10.569    0.026 0.062 0.032 0.027 0.030  A 27239
   2241.85988 10.469 10.410 10.434 10.446 10.463    0.060 0.082 0.066 0.068 0.072  B 41838
   2262.84706 10.539 10.595 10.540 10.542 10.571    0.050 0.078 0.058 0.061 0.064  B 44635
   2265.83081 10.492 10.495 10.511 10.437 10.451    0.049 0.079 0.058 0.062 0.065  B 45062
   2271.84228 10.501 10.513 10.518 10.505 10.514    0.050 0.079 0.058 0.061 0.066  B 45654
   2453.49325 10.455 10.447 10.454 10.467 10.462    0.029 0.034 0.037 0.030 0.029  A 9571
   2465.48212 10.497 10.477 10.484 10.509 10.501    0.025 0.034 0.033 0.025 0.022  A 10992
   2623.84613 10.421 10.515 10.431 10.415 10.415    0.019 0.036 0.021 0.022 0.023  A 30223
   2637.83565 10.460 10.449 10.458 10.455 10.453    0.027 0.024 0.027 0.023 0.023  A 32604
   2641.83530 10.463 10.479 10.447 10.458 10.459    0.021 0.024 0.027 0.020 0.022  A 33195
   2644.85434 10.470 10.539 10.477 10.459 10.454    0.020 0.030 0.022 0.023 0.026  A 33664
   2650.78905 10.502 10.508 10.522 10.502 10.498    0.018 0.021 0.021 0.020 0.021  A 34346
   2652.82858 10.485 10.520 10.477 10.496 10.488    0.022 0.025 0.034 0.022 0.024  A 34668
   2657.81040 10.537 10.536 10.543 10.538 10.544    0.029 0.032 0.044 0.031 0.034  A 35500
   2659.81394 10.510 10.529 10.499 10.514 10.518    0.027 0.028 0.033 0.027 0.029  A 35842
   2663.87033 10.534 10.565 10.511 10.530 10.521    0.028 0.034 0.030 0.032 0.037  A 36548
   2667.85111 10.535 10.519 10.541 10.524 10.516    0.026 0.029 0.028 0.029 0.032  A 37195
   2670.80566 10.528 10.536 10.538 10.522 10.519    0.027 0.025 0.036 0.025 0.023  A 37661
   2673.78705 10.533 10.574 10.534 10.531 10.524    0.020 0.024 0.031 0.019 0.021  A 38156
   2675.79881 10.544 10.543 10.568 10.544 10.540    0.022 0.025 0.035 0.023 0.023  A 38524
   2677.78489 10.553 10.576 10.548 10.556 10.554    0.018 0.025 0.018 0.019 0.021  A 38866
   2679.76133 10.561 10.556 10.569 10.558 10.551    0.023 0.031 0.028 0.024 0.026  A 39187
   2681.75700 10.536 10.585 10.532 10.533 10.546    0.027 0.030 0.038 0.028 0.024  A 39508
   2683.75847 10.535 10.550 10.523 10.532 10.529    0.022 0.023 0.030 0.022 0.025  A 39866
   2685.75295 10.545 10.545 10.555 10.541 10.544    0.025 0.030 0.027 0.029 0.032  A 40226
   2691.79988 10.532 10.511 10.527 10.529 10.523    0.027 0.035 0.027 0.031 0.036  A 41349
   2693.81860 10.533 10.544 10.513 10.533 10.538    0.021 0.022 0.021 0.023 0.027  A 41658
   2695.77137 10.512 10.528 10.502 10.510 10.505    0.025 0.029 0.028 0.028 0.032  A 42007
   2698.73306 10.516 10.523 10.531 10.508 10.502    0.018 0.024 0.021 0.019 0.022  A 42547
   2700.76784 10.522 10.546 10.515 10.527 10.522    0.023 0.028 0.030 0.023 0.025  A 42949
   2704.75747 10.501 10.523 10.503 10.506 10.504    0.020 0.035 0.023 0.021 0.022  A 43711
   2710.70759 10.490 10.529 10.499 10.496 10.501    0.017 0.033 0.020 0.018 0.020  A 44779
   2712.70306 10.484 10.466 10.492 10.482 10.483    0.019 0.026 0.022 0.021 0.023  A 45149
   2714.68757 10.482 10.480 10.486 10.483 99.999    0.021 0.029 0.022 0.025 0.029  C 45534
   2719.64695 10.437 10.477 10.457 10.436 10.440    0.024 0.028 0.027 0.029 0.033  A 46100
   2720.79509 10.437 10.443 10.441 10.424 10.420    0.021 0.022 0.022 0.025 0.029  A 46357
   2724.70110 10.471 10.475 10.471 10.472 10.468    0.023 0.028 0.025 0.024 0.027  A 47087
   2725.85485 10.470 10.458 10.487 10.465 10.460    0.022 0.024 0.026 0.024 0.028  A 47355
   2727.71002 10.453 10.436 10.461 10.446 10.439    0.019 0.032 0.021 0.020 0.023  A 47683
   2731.80115 10.474 10.505 10.488 10.469 10.470    0.021 0.031 0.024 0.022 0.026  A 48394
   2733.82029 10.482 10.474 10.482 10.485 10.484    0.017 0.029 0.019 0.019 0.021  A 48697
   2735.70435 10.453 10.457 10.454 10.453 10.460    0.018 0.026 0.019 0.019 0.021  A 49053
   2736.78501 10.472 10.467 10.443 10.476 10.479    0.023 0.036 0.029 0.025 0.027  A 49277
   2738.65563 10.464 10.478 10.475 10.458 10.453    0.020 0.032 0.022 0.023 0.025  A 49608
   2740.65185 10.484 10.483 10.487 10.475 10.468    0.018 0.026 0.021 0.019 0.021  A 49957
   2742.59371 10.495 10.491 10.509 10.493 10.489    0.020 0.031 0.024 0.024 0.027  A 50339
   2747.63923 10.507 10.495 10.503 10.512 10.515    0.022 0.034 0.022 0.025 0.030  A 51003
   2750.69345 10.520 10.531 10.523 10.516 10.520    0.019 0.024 0.020 0.019 0.022  A 51656
   2751.77507 10.520 10.537 10.517 10.520 10.513    0.023 0.031 0.026 0.028 0.032  A 51884
   2754.65399 10.585 10.590 10.593 10.580 10.569    0.024 0.024 0.037 0.023 0.021  A 52249
   2756.65112 10.549 10.565 10.554 10.550 10.548    0.016 0.032 0.019 0.018 0.019  A 52660
   2760.61982 10.574 10.598 10.578 10.570 10.576    0.016 0.023 0.018 0.017 0.019  A 53416
   2762.61112 10.572 10.556 10.589 10.573 10.576    0.027 0.032 0.027 0.029 0.033  A 53821
   2764.58843 10.585 10.597 10.593 10.572 10.568    0.017 0.025 0.020 0.018 0.020  A 54224
   2766.65956 10.589 10.600 10.572 10.588 10.587    0.024 0.035 0.032 0.025 0.027  A 54533
   2782.62145 10.603 10.620 10.592 10.598 10.599    0.020 0.042 0.029 0.021 0.022  A 55707
   2784.58740 10.580 10.567 10.581 10.575 10.578    0.018 0.030 0.021 0.019 0.021  A 56120
   2786.58268 10.558 10.570 10.566 10.561 10.560    0.022 0.034 0.036 0.022 0.021  A 56544
   2790.50278 10.522 10.532 10.522 10.528 10.533    0.031 0.035 0.033 0.034 0.038  A 57269
   2792.53171 10.508 10.494 10.524 10.504 10.499    0.021 0.024 0.027 0.023 0.024  A 57675
   2795.50986 99.999 99.999 99.999 99.999 99.999    0.046 0.045 0.047 0.051 0.057  C 58188
   2804.53447 10.464 10.445 10.471 10.463 10.477    0.028 0.034 0.033 0.031 0.036  A 59001
   2809.53424 10.470 10.511 10.454 10.464 10.465    0.020 0.038 0.031 0.020 0.021  A 59461
   2811.53255 10.434 10.435 10.444 10.439 10.437    0.018 0.021 0.022 0.019 0.020  A 59912
   2813.53088 10.419 10.450 10.398 10.420 10.425    0.022 0.036 0.041 0.023 0.021  A 60367
   2819.49688 10.452 10.430 10.461 10.451 10.460    0.029 0.034 0.033 0.033 0.039  A 61239
   2821.54884 10.438 10.461 10.445 10.430 10.432    0.022 0.037 0.032 0.025 0.025  A 61700
   2829.47309 10.461 10.449 10.452 10.465 10.455    0.017 0.025 0.023 0.020 0.022  A 62222
   2831.52739 10.460 10.476 10.465 10.471 10.475    0.023 0.028 0.027 0.026 0.030  A 62685
   2835.51672 10.469 10.454 10.481 10.470 10.459    0.020 0.027 0.025 0.023 0.027  A 63500
   2838.51128 10.467 10.464 10.473 10.472 10.473    0.019 0.027 0.024 0.021 0.024  A 63848
   2841.52170 10.474 10.480 10.444 10.472 10.468    0.023 0.026 0.025 0.029 0.035  A 64503
   2843.50988 10.443 10.461 10.414 10.429 10.426    0.039 0.042 0.043 0.042 0.045  A 64856
   2859.47223 10.523 10.528 10.502 10.513 10.515    0.023 0.028 0.030 0.027 0.029  A 66476
   2862.46618 10.544 10.522 10.542 10.541 10.541    0.027 0.033 0.030 0.032 0.037  A 67108
   2978.85661 10.670 10.745 10.681 10.665 10.669    0.026 0.025 0.027 0.031 0.035  A 83215
   2986.84780 10.531 10.559 10.522 10.527 10.519    0.028 0.025 0.027 0.033 0.038  A 84252
   2997.83893 10.452 10.478 10.451 10.446 10.449    0.023 0.025 0.024 0.027 0.031  A 85664
   3006.84363 10.420 10.446 10.393 10.415 10.426    0.042 0.037 0.039 0.052 0.062  A 86666
   3009.86589 10.412 10.382 10.421 10.402 10.390    0.026 0.036 0.028 0.029 0.032  A 87060
   3013.82173 10.452 10.426 10.448 10.461 10.478    0.059 0.057 0.057 0.062 0.065  B 87585
   3020.85090 10.455 10.492 10.466 10.452 10.453    0.040 0.035 0.037 0.049 0.059  A 88237
   3025.82418 10.476 10.509 10.461 10.468 10.468    0.022 0.030 0.027 0.024 0.028  A 88495
   3029.86887 10.512 10.518 10.515 10.520 10.525    0.024 0.029 0.025 0.027 0.032  A 88681
   3032.83500 10.515 10.542 10.484 10.518 10.525    0.031 0.035 0.031 0.036 0.041  A 88964
   3035.81182 10.553 10.515 10.549 10.544 10.531    0.048 0.053 0.043 0.051 0.053  A 89312
   3039.84239 10.561 10.520 10.566 10.548 10.548    0.023 0.047 0.025 0.026 0.030  A 89567
   3042.79484 10.597 10.603 10.573 10.597 10.600    0.044 0.058 0.043 0.050 0.054  A 89846
   3047.76108 10.600 10.597 10.615 10.598 10.591    0.025 0.030 0.026 0.030 0.034  A 90505
   3051.74897 10.590 10.586 10.578 10.595 10.597    0.035 0.038 0.036 0.038 0.042  A 91032
   3053.80156 10.574 10.595 10.567 10.573 10.564    0.024 0.032 0.028 0.026 0.030  A 91325
   3056.75849 10.553 10.537 10.548 10.551 10.546    0.028 0.031 0.036 0.031 0.035  A 91720
   3061.74701 10.566 10.579 10.547 10.586 10.593    0.027 0.028 0.041 0.028 0.031  A 92394
   3067.75846 10.572 10.554 10.572 10.573 10.577    0.022 0.041 0.024 0.025 0.028  A 93087
   3069.75899 10.544 10.579 10.532 10.544 10.546    0.029 0.041 0.030 0.035 0.041  A 93380
   3076.70645 10.523 10.548 10.525 10.516 10.519    0.027 0.034 0.029 0.030 0.036  A 94289
   3078.72875 10.528 10.525 10.546 10.518 10.513    0.032 0.029 0.032 0.038 0.044  A 94601
   3080.76819 10.503 10.526 10.513 10.493 10.485    0.039 0.039 0.038 0.043 0.049  A 94903
   3082.82745 10.495 10.522 10.499 10.488 10.486    0.056 0.051 0.049 0.066 0.076  B 95218
   3086.79390 10.498 10.501 10.488 10.501 10.503    0.022 0.031 0.025 0.026 0.029  A 95506
   3089.65673 10.523 10.553 10.521 10.507 10.502    0.052 0.054 0.050 0.060 0.067  B 95915
   3091.69808 10.449 10.466 10.456 10.452 10.446    0.028 0.037 0.036 0.031 0.035  A 96239
   3093.69861 10.441 10.455 10.441 10.442 10.455    0.031 0.028 0.030 0.035 0.039  A 96545
   3097.67878 10.469 10.481 10.470 10.464 10.472    0.023 0.027 0.026 0.028 0.032  A 96824
   3101.67840 10.440 10.413 10.459 10.448 10.446    0.029 0.034 0.031 0.034 0.041  A 97442
   3103.66492 10.451 10.478 10.444 10.451 10.455    0.025 0.027 0.029 0.028 0.033  A 97754
   3105.65830 10.424 10.453 10.420 10.419 10.421    0.033 0.036 0.035 0.036 0.040  A 98070
   3107.66287 10.420 10.424 10.426 10.415 10.415    0.020 0.026 0.024 0.023 0.026  A 98387
   3109.66542 10.454 10.453 10.459 10.452 10.459    0.019 0.028 0.021 0.022 0.025  A 98698
   3111.67536 10.449 10.470 10.460 10.447 10.443    0.020 0.026 0.022 0.022 0.025  A 99015
   3113.69377 10.454 10.486 10.458 10.455 10.459    0.019 0.026 0.024 0.022 0.026  A 99342
   3115.69278 10.450 10.449 10.439 10.454 10.455    0.024 0.033 0.026 0.026 0.029  A 99674
   3118.74304 10.442 10.453 10.441 10.440 10.436    0.023 0.026 0.026 0.027 0.030  A 99955
   3122.62243 10.479 10.471 10.507 10.467 10.453    0.020 0.024 0.025 0.022 0.023  A 100203
   3128.59960 10.495 10.526 10.488 10.490 10.498    0.051 0.061 0.053 0.056 0.061  A 101183
   3130.61962 10.518 10.511 10.524 10.515 99.999    0.026 0.037 0.027 0.031 0.037  C 101478
   3132.61260 10.541 10.537 10.555 10.539 10.534    0.021 0.026 0.026 0.024 0.028  A 101810
   3134.62608 10.783 10.831 10.846 10.739 10.728    0.022 0.031 0.026 0.024 0.029  A 102135
   3145.64591 10.567 10.580 10.567 10.566 10.567    0.022 0.021 0.026 0.025 0.028  A 103416
   3156.52561 10.589 10.607 10.561 10.592 10.597    0.024 0.032 0.029 0.028 0.030  A 104126
   3159.54869 10.599 10.604 10.564 10.611 10.625    0.026 0.032 0.028 0.031 0.035  A 104544
   3162.57217 10.523 10.555 10.536 10.516 10.518    0.023 0.032 0.025 0.026 0.029  A 104820
   3164.58795 10.594 10.556 10.579 10.606 10.593    0.077 0.086 0.076 0.078 0.078  D 105181
   3167.58966 10.533 10.517 10.527 10.533 10.534    0.020 0.029 0.022 0.021 0.024  A 105565
   3169.62927 10.531 10.553 10.509 10.535 10.537    0.021 0.025 0.024 0.024 0.027  A 105922
   3177.47833 10.512 10.521 10.503 10.509 10.510    0.022 0.030 0.024 0.025 0.029  A 106849
   3183.54461 10.463 10.488 10.484 10.464 10.449    0.025 0.030 0.028 0.029 0.034  A 107623
   3185.55572 10.459 10.451 10.468 10.456 10.451    0.026 0.028 0.027 0.030 0.036  A 107905
   3189.49159 99.999 10.492 10.477 99.999 99.999    0.027 0.037 0.029 0.031 0.037  C 108379
   3358.85659 10.560 10.577 10.561 10.553 10.550    0.028 0.046 0.029 0.033 0.038  A 124758
   3384.82598 10.418 10.412 10.420 10.399 10.389    0.050 0.062 0.047 0.058 0.064  A 125949
   3387.84489 10.440 10.431 10.434 10.438 10.431    0.030 0.046 0.029 0.036 0.041  A 126389
   3388.80537 10.448 10.424 10.448 10.455 10.461    0.033 0.048 0.031 0.039 0.045  A 126491
   3395.81151 10.467 10.399 10.465 10.468 10.471    0.040 0.078 0.042 0.045 0.049  A 127311
   3402.85245 10.461 10.393 10.445 10.470 10.476    0.030 0.071 0.037 0.032 0.034  A 128169
   3405.79762 10.567 10.681 10.583 10.566 10.568    0.034 0.083 0.042 0.036 0.039  A 128622
   3408.79125 10.541 10.561 10.555 10.542 10.525    0.036 0.087 0.042 0.038 0.042  A 129082
   3414.76664 10.544 10.504 10.534 10.548 10.548    0.026 0.041 0.027 0.030 0.031  A 129990
   3416.83361 10.514 10.468 10.502 10.516 10.518    0.029 0.062 0.032 0.032 0.035  A 130340
   3419.75921 10.547 10.507 10.533 10.553 10.555    0.034 0.082 0.039 0.035 0.039  A 130781
   3421.79139 10.569 10.496 10.549 10.577 10.574    0.039 0.085 0.046 0.040 0.045  A 131099
   3431.79971 10.528 10.513 10.524 10.538 99.999    0.040 0.094 0.046 0.043 0.045  C 132417
   3442.70688 10.552 10.496 10.552 10.548 10.546    0.021 0.036 0.024 0.022 0.025  A 133615
   3444.72810 10.578 10.508 10.572 10.568 10.566    0.034 0.051 0.035 0.038 0.044  A 133955
   3446.73950 99.999 10.588 10.611 99.999 99.999    0.028 0.069 0.033 0.030 0.032  C 134604
   3448.73993 10.602 10.639 10.595 10.608 10.619    0.038 0.080 0.044 0.040 0.044  A 134940
   3450.71401 10.549 10.509 10.535 10.538 10.543    0.032 0.071 0.038 0.035 0.040  A 135273
   3456.70321 10.521 10.495 10.517 10.519 10.522    0.029 0.048 0.031 0.034 0.040  A 136200
   3460.69169 10.491 10.525 10.502 10.477 10.474    0.072 0.075 0.068 0.077 0.080  B 136916
   3462.70412 10.491 10.452 10.481 10.503 10.499    0.028 0.042 0.028 0.032 0.036  A 137192
   3464.72968 10.490 10.535 10.493 10.493 10.501    0.031 0.087 0.040 0.033 0.035  A 137524
   3469.74037 10.480 10.483 10.475 10.471 10.470    0.029 0.075 0.035 0.031 0.034  A 138282
   3471.74458 10.463 10.423 10.443 10.468 10.467    0.027 0.062 0.032 0.029 0.032  A 138609
   3474.61213 10.478 10.526 10.484 10.482 10.482    0.024 0.048 0.029 0.025 0.029  A 139031
   3476.67390 10.432 10.468 10.447 10.425 10.413    0.030 0.060 0.031 0.035 0.040  A 139386
   3478.66187 10.516 10.505 10.503 10.526 10.528    0.032 0.055 0.035 0.036 0.039  A 139728
   3484.63176 10.462 10.456 10.447 10.450 10.450    0.044 0.090 0.047 0.052 0.060  A 140619
   3489.60812 10.490 10.498 10.491 10.492 10.495    0.022 0.036 0.024 0.024 0.027  A 140940
   3495.61132 10.488 10.515 10.489 10.486 10.485    0.021 0.042 0.025 0.023 0.026  A 141627
   3497.65044 10.493 10.471 10.487 10.491 10.490    0.025 0.051 0.031 0.027 0.030  A 141919
   3502.68182 10.482 10.385 10.467 10.484 10.473    0.055 0.104 0.055 0.062 0.071  B 142641
   3504.69747 10.471 10.493 10.477 10.468 10.473    0.039 0.052 0.040 0.043 0.048  A 143004
   3511.55330 10.519 10.532 10.507 10.520 10.518    0.025 0.037 0.027 0.028 0.032  A 143641
   3517.56017 10.599 10.618 10.604 10.597 10.600    0.030 0.055 0.036 0.031 0.034  A 144314
   3520.64843 10.601 10.807 10.621 10.607 10.601    0.051 0.106 0.054 0.055 0.058  B 144676
   3522.65833 10.561 10.639 10.575 10.558 10.553    0.032 0.046 0.031 0.036 0.040  A 145028
   3529.55651 10.606 10.599 10.607 10.606 10.609    0.029 0.042 0.031 0.031 0.033  A 146166
   3539.48984 10.650 10.716 10.644 10.652 10.645    0.033 0.079 0.037 0.036 0.040  A 146985
   3542.54380 10.596 10.645 10.604 10.598 10.607    0.034 0.068 0.036 0.039 0.043  A 147396
   3545.55756 10.479 10.514 10.481 10.466 10.437    0.090 0.070 0.075 0.114 0.138  D 147830
   3550.57615 10.669 10.626 10.646 10.674 10.672    0.090 0.076 0.085 0.092 0.097  D 148194
   3554.55786 10.509 10.486 10.507 10.516 10.519    0.023 0.037 0.027 0.025 0.028  A 148729
   3560.53807 10.496 10.528 10.487 10.514 10.513    0.051 0.102 0.055 0.058 0.061  B 149529
   3570.49781 10.448 10.383 10.439 10.445 10.437    0.025 0.047 0.030 0.028 0.032  A 150714
   3574.49960 10.441 10.429 10.408 10.455 10.454    0.024 0.037 0.028 0.026 0.031  A 151242
   3585.47673 10.403 10.381 10.395 10.407 10.417    0.036 0.097 0.044 0.037 0.039  B 153127
   3733.84414 10.543 10.560 10.523 10.532 10.530    0.033 0.075 0.042 0.035 0.039  A 172006
   3737.83493 10.529 10.560 10.534 10.520 10.523    0.025 0.035 0.025 0.028 0.031  A 172555
   3741.83377 10.467 10.449 10.462 10.473 10.482    0.026 0.039 0.026 0.029 0.032  A 173090
   3749.82113 10.459 10.445 10.466 10.453 10.452    0.035 0.039 0.032 0.045 0.054  A 174158
   3758.80212 10.435 10.494 10.447 10.437 10.433    0.026 0.043 0.029 0.030 0.034  A 175397
   3761.81870 10.443 10.509 10.453 10.437 10.443    0.039 0.078 0.041 0.045 0.050  A 175795
   3764.81110 10.404 10.436 10.404 10.410 10.421    0.032 0.051 0.032 0.038 0.043  A 176208
   3767.80641 10.451 10.466 10.450 10.451 10.447    0.035 0.049 0.035 0.042 0.048  A 176623
   3770.79646 10.435 10.421 10.430 10.435 10.436    0.036 0.045 0.034 0.041 0.046  A 177025
   3773.78468 10.435 10.439 10.434 10.436 10.440    0.032 0.041 0.030 0.038 0.044  A 177407
   3776.77569 10.473 10.459 10.471 10.467 10.466    0.031 0.037 0.030 0.038 0.044  A 177839
   3779.77025 10.769 10.754 10.775 10.766 10.766    0.044 0.090 0.047 0.052 0.061  A 178296
   3787.87210 10.494 10.517 10.494 10.489 10.484    0.030 0.058 0.032 0.034 0.039  A 178920
   3790.74356 10.519 10.544 10.530 10.514 10.518    0.030 0.045 0.029 0.034 0.041  A 179282
   3792.79558 10.505 10.486 10.501 10.514 10.522    0.034 0.070 0.038 0.039 0.044  A 179606
   3795.73049 10.531 10.550 10.536 10.543 10.541    0.026 0.049 0.031 0.029 0.032  A 180009
   3797.76414 10.576 10.652 10.587 10.566 10.572    0.036 0.090 0.042 0.038 0.041  A 180301
   3800.70919 10.541 10.510 10.541 10.555 10.554    0.041 0.047 0.037 0.046 0.052  A 180691
   3803.71465 10.552 10.499 10.550 10.549 10.543    0.039 0.069 0.039 0.045 0.051  A 181050
   3805.74083 10.533 10.514 10.522 10.532 10.528    0.035 0.066 0.037 0.040 0.045  A 181349
   3811.72893 10.574 10.526 10.563 10.594 10.609    0.036 0.066 0.038 0.043 0.050  A 182167
   3813.74498 10.594 10.597 10.586 10.600 10.582    0.037 0.075 0.041 0.043 0.049  A 182492
   3818.67144 10.599 10.642 10.625 10.575 10.565    0.037 0.086 0.044 0.038 0.041  A 183264
   3820.69807 10.557 10.495 10.539 10.569 10.572    0.032 0.055 0.034 0.034 0.039  A 183595
   3822.73295 10.497 10.467 10.497 10.499 10.489    0.035 0.073 0.040 0.039 0.043  A 183929
   3824.81130 10.563 10.508 10.538 10.572 10.576    0.037 0.084 0.041 0.041 0.046  A 184289
   3827.63654 10.522 10.491 10.512 10.517 10.529    0.028 0.069 0.032 0.031 0.034  A 184740
   3829.68173 10.547 10.448 10.544 10.555 10.555    0.038 0.095 0.044 0.039 0.042  B 185087
   3831.68605 10.594 10.703 10.609 10.591 10.593    0.044 0.092 0.049 0.048 0.052  A 185433
   3833.67394 10.502 10.427 10.498 10.505 10.509    0.045 0.085 0.048 0.050 0.058  A 185780
   3847.77484 10.429 10.451 10.425 10.430 10.424    0.044 0.084 0.046 0.051 0.059  A 186784
   3849.72515 10.515 10.539 10.517 10.506 10.503    0.028 0.055 0.031 0.030 0.035  A 187122
   3851.72543 10.466 10.521 10.479 10.464 10.464    0.030 0.058 0.034 0.031 0.034  A 187467
   3854.56788 10.495 10.550 10.495 10.499 10.509    0.038 0.093 0.043 0.041 0.045  B 187946
   3856.61146 10.458 10.436 10.461 10.458 10.454    0.036 0.092 0.043 0.037 0.040  A 188226
   3866.58198 10.430 10.393 10.427 10.435 10.436    0.034 0.058 0.036 0.040 0.046  A 189869
   3868.60702 10.442 10.488 10.459 10.443 10.447    0.040 0.054 0.040 0.047 0.053  A 190184
   3870.60535 10.450 10.455 10.450 10.457 10.464    0.025 0.035 0.024 0.030 0.035  A 190545
   3872.61059 10.419 10.347 10.417 10.412 10.419    0.037 0.088 0.043 0.039 0.042  A 190920
   3875.68822 10.497 10.571 10.509 10.488 10.484    0.032 0.078 0.039 0.034 0.036  A 191196
   3881.61894 10.497 10.398 10.494 10.489 10.489    0.028 0.073 0.035 0.030 0.032  A 191986
   3883.67201 10.525 10.581 10.533 10.522 10.523    0.032 0.084 0.038 0.034 0.037  A 192274
   3887.64609 10.515 10.502 10.504 10.512 10.508    0.032 0.082 0.039 0.035 0.038  A 192661
   3894.58072 10.578 10.558 10.578 10.572 10.554    0.027 0.038 0.031 0.032 0.039  A 193836
   3897.56069 10.554 10.580 10.557 10.550 10.546    0.039 0.056 0.039 0.045 0.053  A 194179
   3899.58910 10.534 10.471 10.532 10.532 10.535    0.047 0.081 0.047 0.056 0.061  A 194502
   3901.62947 10.575 10.505 10.569 10.563 10.561    0.028 0.036 0.027 0.032 0.037  A 194841
   3904.50308 10.625 10.737 10.641 10.630 10.623    0.037 0.088 0.043 0.039 0.041  A 195368
   3906.51993 10.566 10.505 10.572 10.566 10.570    0.039 0.095 0.046 0.039 0.041  B 195751
   3908.52767 10.562 10.530 10.551 10.577 10.580    0.037 0.094 0.046 0.038 0.040  B 196142
   4103.86415 10.571 10.581 10.570 10.572 10.573    0.031 0.038 0.029 0.037 0.043  A 210669
   4120.84657 10.526 10.491 10.510 10.535 10.543    0.033 0.054 0.033 0.038 0.041  A 211892
   4129.80679 10.437 10.463 10.436 10.440 10.426    0.028 0.047 0.030 0.033 0.037  A 212122
   4132.80914 10.413 10.364 10.392 10.412 10.423    0.045 0.092 0.050 0.050 0.055  A 212505
   4145.77024 10.424 10.423 10.416 10.421 10.424    0.043 0.064 0.053 0.046 0.050  A 214307
   4149.76863 10.490 10.398 10.475 10.496 10.498    0.032 0.055 0.032 0.039 0.047  A 214702
   4151.81561 10.455 10.480 10.450 10.463 10.477    0.061 0.070 0.057 0.065 0.070  B 215022
   4154.75092 10.475 10.534 10.472 10.473 10.472    0.046 0.076 0.045 0.051 0.054  A 215453
   4156.80376 10.506 10.502 10.501 10.522 10.533    0.049 0.068 0.047 0.056 0.060  A 215766
   4159.72883 10.465 10.506 10.475 10.468 10.461    0.040 0.040 0.036 0.045 0.049  A 216176
   4161.76631 10.475 10.470 10.469 10.481 10.481    0.028 0.036 0.027 0.034 0.039  A 216507
   4166.80066 10.486 10.509 10.495 10.480 10.494    0.075 0.072 0.070 0.082 0.086  D 217202
   4172.73668 10.532 10.537 10.513 10.533 10.534    0.028 0.045 0.031 0.032 0.036  A 217944
   4174.77262 10.517 10.522 10.503 10.515 10.508    0.030 0.051 0.036 0.034 0.037  A 218274
   4176.83603 10.556 10.532 10.547 10.561 10.567    0.036 0.052 0.036 0.041 0.046  A 218576
   4179.78618 10.502 10.498 10.507 10.501 10.489    0.037 0.055 0.039 0.043 0.051  A 218886
   4182.66841 10.518 10.514 10.515 10.516 10.518    0.034 0.045 0.035 0.039 0.045  A 219270
   4184.70223 10.542 10.507 10.526 10.540 10.530    0.042 0.067 0.045 0.048 0.054  A 219571
   4187.82338 10.580 10.582 10.554 10.591 10.592    0.034 0.044 0.038 0.040 0.047  A 219852
   4194.68751 10.534 10.554 10.517 10.535 10.547    0.033 0.066 0.039 0.039 0.042  A 220891
   4197.68050 10.542 10.484 10.524 10.542 10.547    0.038 0.074 0.044 0.042 0.047  A 221214
   4200.65775 10.550 10.521 10.559 10.547 10.540    0.024 0.039 0.029 0.027 0.030  A 221492
   4203.66274 10.520 10.484 10.509 10.523 10.533    0.051 0.056 0.048 0.058 0.063  A 221789
   4213.65912 10.529 10.522 10.508 10.529 10.531    0.037 0.051 0.039 0.043 0.048  A 222592
   4228.71393 10.442 10.441 10.436 10.448 10.449    0.035 0.050 0.038 0.038 0.040  A 223371
   4230.70993 10.437 10.381 10.452 10.441 10.419    0.035 0.061 0.040 0.039 0.042  A 223712
   4232.70875 10.405 10.389 10.406 10.407 10.413    0.066 0.060 0.061 0.070 0.074  B 224055
   4237.53897 10.446 10.448 10.450 10.441 10.454    0.039 0.041 0.037 0.049 0.058  A 224843
   4253.53822 10.477 10.491 10.487 10.460 10.455    0.037 0.052 0.044 0.040 0.043  A 226813
   4255.60834 10.492 10.452 10.479 10.506 10.506    0.030 0.055 0.035 0.033 0.037  A 227064
   4257.60000 10.476 10.453 10.464 10.474 10.476    0.039 0.046 0.040 0.046 0.052  A 227407
   4259.62312 10.475 10.463 10.447 10.492 10.492    0.041 0.051 0.041 0.046 0.051  A 227673
   4267.55548 10.496 10.443 10.491 10.494 10.487    0.060 0.063 0.057 0.064 0.068  B 227822
   4269.57930 10.520 10.494 10.529 10.516 10.505    0.026 0.051 0.034 0.029 0.032  A 228135
   4276.49995 10.580 10.566 10.574 10.587 10.585    0.029 0.042 0.033 0.032 0.036  A 228809
   4278.55346 10.596 10.613 10.602 10.588 10.600    0.070 0.075 0.070 0.071 0.072  B 229124
   4282.55494 10.550 10.539 10.543 10.560 10.571    0.054 0.069 0.048 0.063 0.069  B 229443
   4284.57054 10.540 10.490 10.541 10.542 10.554    0.098 0.086 0.094 0.102 0.105  D 229784
   4286.56537 10.645 10.606 10.594 10.657 10.655    0.062 0.075 0.059 0.076 0.087  B 230147
   4291.47840 10.594 10.553 10.579 10.594 10.589    0.027 0.044 0.035 0.029 0.030  A 230630
   4293.49058 10.640 10.563 10.641 10.649 10.646    0.059 0.065 0.063 0.061 0.064  B 231000
   4295.49081 10.593 10.562 10.604 10.600 10.606    0.027 0.056 0.034 0.029 0.031  A 231342
   4297.49538 10.567 10.586 10.559 10.560 10.550    0.036 0.064 0.041 0.041 0.047  A 231694
   4304.48135 10.532 10.517 10.542 10.538 10.545    0.026 0.036 0.031 0.028 0.032  A 232904
   4306.51458 10.601 10.544 10.597 10.600 10.594    0.063 0.066 0.061 0.066 0.068  B 233282
   4311.49080 10.420 10.350 10.412 10.415 10.402    0.077 0.080 0.074 0.083 0.090  D 234007
   4315.47328 10.491 10.450 10.493 10.487 10.477    0.030 0.051 0.038 0.032 0.036  A 234511
   4319.46825 10.600 10.543 10.602 10.598 10.590    0.049 0.046 0.047 0.056 0.060  A 234925
   4452.85717 10.513 10.507 10.490 10.519 10.523    0.049 0.064 0.047 0.058 0.065  A 250081
   4456.85040 10.528 10.507 10.520 10.532 10.548    0.031 0.039 0.031 0.038 0.045  A 250520
   4461.84578 10.575 10.576 10.572 10.568 10.559    0.034 0.044 0.037 0.039 0.044  A 251106
   4467.83327 10.593 10.589 10.562 10.589 99.999    0.064 0.064 0.060 0.070 0.076  C 251818
   4471.85126 10.599 10.593 10.577 10.604 10.620    0.041 0.064 0.042 0.049 0.057  A 252229
   4478.83211 10.611 10.587 10.558 10.639 10.662    0.054 0.060 0.047 0.064 0.073  B 252940
   4482.83147 10.599 10.542 10.594 10.595 10.594    0.068 0.058 0.059 0.077 0.086  B 253380
   4486.81338 10.600 10.566 10.585 10.605 10.596    0.031 0.043 0.033 0.037 0.043  A 253766
   4494.86332 10.533 10.526 10.530 10.531 10.525    0.027 0.037 0.031 0.031 0.036  A 254724
   4498.80955 10.531 10.532 10.530 10.529 10.537    0.034 0.039 0.035 0.037 0.040  A 254959
   4501.80418 10.332 10.457 10.409 10.279 10.262    0.032 0.039 0.032 0.034 0.037  A 255335
   4504.79325 10.478 10.481 10.466 10.476 10.474    0.029 0.039 0.032 0.034 0.039  A 255754
   4507.77909 10.468 10.458 10.472 10.463 10.454    0.034 0.044 0.036 0.038 0.044  A 256187
   4510.77129 10.468 10.441 10.464 10.482 10.479    0.035 0.061 0.040 0.042 0.047  A 256592
   4516.77249 10.438 10.458 10.433 10.414 10.393    0.050 0.057 0.047 0.062 0.074  B 257165
   4521.78425 10.460 10.457 10.465 10.448 10.445    0.031 0.062 0.037 0.033 0.038  A 257894
   4523.86079 10.491 10.453 10.506 10.492 10.486    0.028 0.041 0.032 0.030 0.034  A 258227
   4526.73225 10.419 10.405 10.437 10.413 10.410    0.035 0.062 0.038 0.041 0.049  A 258609
   4528.80978 10.442 10.460 10.455 10.444 10.440    0.041 0.094 0.052 0.044 0.045  B 258938
   4531.70671 10.475 10.475 10.479 10.473 10.466    0.031 0.055 0.036 0.034 0.038  A 259352
   4535.71233 10.489 10.470 10.455 10.500 10.487    0.033 0.052 0.037 0.037 0.041  A 259794
   4537.73716 10.444 10.430 10.432 10.447 10.443    0.030 0.065 0.037 0.033 0.036  A 260113
   4539.74044 10.474 10.458 10.463 10.482 10.485    0.043 0.054 0.042 0.053 0.059  A 260405
   4541.74297 10.452 10.448 10.427 10.456 10.450    0.026 0.041 0.030 0.029 0.032  A 260703
   4543.75116 10.475 10.430 10.469 10.471 10.476    0.046 0.080 0.051 0.053 0.058  A 261017
   4555.82359 10.535 10.487 10.533 10.538 10.537    0.034 0.065 0.040 0.038 0.042  A 262760
   4558.64386 10.549 10.528 10.534 10.554 10.557    0.029 0.062 0.036 0.032 0.036  A 263195
   4560.66911 10.548 10.554 10.557 10.549 10.549    0.030 0.060 0.037 0.033 0.036  A 263533
   4562.69130 10.541 10.519 10.558 10.538 10.532    0.032 0.051 0.037 0.036 0.041  A 263878
   4564.73562 10.548 10.529 10.530 10.550 10.552    0.029 0.048 0.036 0.032 0.036  A 264226
   4566.75643 10.561 10.539 10.583 10.560 10.564    0.038 0.068 0.043 0.040 0.044  A 264565
   4569.60795 10.575 10.582 10.549 10.572 10.572    0.031 0.054 0.036 0.033 0.039  A 264988
   4571.63735 10.586 10.579 10.581 10.582 10.573    0.032 0.036 0.034 0.036 0.040  A 265335
#ndata= 4
#dataset= 3 ; 1 F1216+08_401
#desig= 121310+0122.0
#cra=   12.219389  12:13:09.8
#cdec=   1.366999 01:22:01.2
#class= 0
#cmag_0= 10.521
#cmer_0=  0.047
#nskip_0= 0
#cmag_1= 10.529
#cmer_1=  0.045
#nskip_1= 0
#cmag_2= 10.519
#cmer_2=  0.049
#nskip_2= 0
#cmag_3= 10.508
#cmer_3=  0.043
#nskip_3= 0
#cmag_4= 10.494
#cmer_4=  0.050
#nskip_4= 0
#ra=   12.219389  12:13:09.8
#dec=   1.366999 01:22:01.2
#     HJD      MAG_2  MAG_0  MAG_1  MAG_3  MAG_4    MER_2 MER_0 MER_1 MER_3 MER_4 GRADE FRAME
   3387.84489 10.455 10.475 10.479 10.449 10.430    0.033 0.040 0.034 0.037 0.042  A 126389
   3390.83408 10.470 10.457 10.485 10.466 10.445    0.030 0.043 0.031 0.032 0.035  A 126789
   3448.73993 10.622 10.677 10.636 10.620 10.617    0.040 0.078 0.046 0.041 0.045  A 134940
   3450.71401 10.567 10.568 10.575 10.551 10.544    0.035 0.074 0.039 0.038 0.042  A 135273
