#ndata= 1
#dataset= 1 ; 1 F1200-72_027
#desig= 122442-6437.0
#cra=   12.411731  12:24:42.2
#cdec= -64.617223 -64:37:02.0
#class= 0
#cmag_0= 11.170
#cmer_0=  0.000
#nskip_0= 0
#cmag_1= 11.186
#cmer_1=  0.000
#nskip_1= 0
#cmag_2= 11.117
#cmer_2=  0.000
#nskip_2= 0
#cmag_3= 11.011
#cmer_3=  0.000
#nskip_3= 0
#cmag_4= 10.898
#cmer_4=  0.000
#nskip_4= 0
#ra=   12.411731  12:24:42.2
#dec= -64.617223 -64:37:02.0
#     HJD      MAG_1  MAG_0  MAG_2  MAG_3  MAG_4    MER_1 MER_0 MER_2 MER_3 MER_4 GRADE FRAME
   3450.69249 11.186 11.171 11.118 11.011 10.898    0.043 0.053 0.041 0.046 0.051  A 135266
#ndata= 449
#dataset= 2 ; 1 F1200-64_048
#desig= 122442-6437.1
#cra=   12.411746  12:24:42.3
#cdec= -64.617999 -64:37:04.8
#class= 0
#cmag_0= 11.152
#cmer_0=  0.141
#nskip_0= 0
#cmag_1= 11.119
#cmer_1=  0.134
#nskip_1= 0
#cmag_2= 11.021
#cmer_2=  0.104
#nskip_2= 0
#cmag_3= 10.952
#cmer_3=  0.084
#nskip_3= 1
#cmag_4= 10.893
#cmer_4=  0.075
#nskip_4= 1
#ra=   12.411746  12:24:42.3
#dec= -64.617999 -64:37:04.8
#     HJD      MAG_1  MAG_0  MAG_2  MAG_3  MAG_4    MER_1 MER_0 MER_2 MER_3 MER_4 GRADE FRAME
   1887.80336 11.052 11.074 10.972 10.879 10.798    0.069 0.087 0.064 0.073 0.079  A 2816
   1889.80387 11.074 11.149 10.988 10.882 10.807    0.064 0.081 0.062 0.071 0.078  A 3138
   1899.84343 11.063 11.088 11.003 10.925 10.864    0.056 0.060 0.053 0.061 0.069  A 3284
   1918.73090 11.028 11.032 10.958 10.867 10.795    0.066 0.083 0.062 0.072 0.080  A 5184
   1919.80673 11.056 11.089 10.964 10.856 10.787    0.062 0.069 0.058 0.067 0.074  A 5376
   1921.75049 11.189 11.200 11.100 11.011 10.936    0.062 0.075 0.059 0.067 0.075  A 5671
   1924.80532 11.122 11.137 11.035 10.949 10.868    0.061 0.072 0.058 0.067 0.076  A 6181
   1925.80292 11.110 11.123 11.027 10.935 10.859    0.063 0.074 0.060 0.070 0.074  A 6348
   1926.79040 11.037 11.079 10.962 10.881 10.816    0.061 0.071 0.058 0.068 0.074  A 6513
   1929.83012 11.047 11.092 10.982 10.894 10.841    0.059 0.065 0.055 0.063 0.070  A 7009
   1930.83833 11.154 11.175 11.075 11.010 10.925    0.058 0.064 0.053 0.063 0.068  A 7179
   1931.83532 11.119 11.158 11.033 10.928 10.850    0.057 0.062 0.053 0.061 0.068  A 7349
   1936.74630 10.982 11.042 10.933 10.851 10.791    0.057 0.063 0.053 0.061 0.067  A 8052
   1938.73320 11.006 11.025 10.938 10.851 10.802    0.057 0.063 0.053 0.060 0.067  A 8290
   1940.74423 11.132 11.159 11.054 10.975 10.923    0.057 0.063 0.054 0.061 0.068  A 8537
   1945.80171 11.020 11.053 10.958 10.898 10.848    0.052 0.055 0.049 0.057 0.063  A 8723
   1947.73239 10.990 11.022 10.925 10.834 10.773    0.058 0.066 0.055 0.064 0.071  A 8952
   1948.75168 11.016 11.047 10.961 10.908 10.841    0.061 0.067 0.057 0.066 0.071  A 9084
   1949.80255 11.107 11.139 11.033 10.954 10.892    0.061 0.068 0.056 0.063 0.070  A 9260
   1950.72628 11.138 11.164 11.064 10.994 10.926    0.060 0.067 0.056 0.064 0.071  A 9404
   1953.73086 11.005 11.009 10.958 10.895 10.841    0.054 0.056 0.049 0.057 0.063  A 9713
   1954.74193 10.939 10.996 10.904 10.852 10.803    0.059 0.062 0.054 0.062 0.069  A 9896
   1955.72810 10.975 10.981 10.916 10.901 10.849    0.052 0.056 0.049 0.057 0.063  A 10069
   1958.71900 10.906 10.893 10.899 10.871 10.815    0.056 0.060 0.050 0.057 0.061  A 10238
   1961.71538 11.065 11.078 11.022 10.970 10.922    0.053 0.056 0.048 0.056 0.060  A 10513
   1962.74703 10.959 10.940 10.945 10.924 10.879    0.060 0.064 0.053 0.061 0.064  A 10676
   1963.71497 10.945 10.900 10.941 10.925 10.869    0.059 0.063 0.054 0.061 0.063  A 10844
   1964.71156 10.941 10.940 10.928 10.878 10.835    0.054 0.057 0.049 0.057 0.061  A 11023
   1965.71371 10.946 10.934 10.910 10.892 10.864    0.055 0.059 0.050 0.057 0.061  A 11211
   1967.69717 10.844 10.819 10.842 10.827 10.788    0.058 0.063 0.052 0.059 0.061  A 11556
   1968.70136 10.877 10.876 10.877 10.865 10.818    0.059 0.064 0.052 0.058 0.061  A 11733
   1971.71578 10.978 10.966 11.006 10.992 10.950    0.069 0.076 0.064 0.072 0.075  A 11801
   1977.66676 10.831 10.785 10.862 10.865 10.831    0.066 0.073 0.059 0.065 0.068  A 11965
   1978.70658 10.833 10.816 10.857 10.846 10.794    0.072 0.080 0.062 0.068 0.071  A 12064
   1979.67556 10.888 10.854 10.934 10.930 10.897    0.067 0.074 0.060 0.065 0.068  A 12244
   1980.68108 10.892 10.909 10.933 10.947 10.926    0.071 0.077 0.062 0.069 0.070  A 12394
   1981.68704 10.929 10.932 10.943 10.937 10.891    0.065 0.071 0.057 0.061 0.064  A 12577
   1982.66598 10.926 10.933 10.915 10.912 10.881    0.062 0.065 0.054 0.060 0.062  A 12760
   1984.67802 10.887 10.884 10.901 10.917 10.887    0.072 0.080 0.060 0.064 0.066  A 12981
   1985.66595 10.835 10.840 10.861 10.887 10.859    0.072 0.081 0.061 0.063 0.064  A 13168
   1994.65275 29.999 29.999 29.999 29.999 29.999    0.076 0.087 0.065 0.068 0.071  D 13454
   2093.53581 11.149 11.205 11.058 10.946 10.900    0.064 0.075 0.062 0.072 0.079  A 24670
   2235.83461 10.954 10.965 10.950 10.906 10.871    0.059 0.064 0.053 0.061 0.066  A 41033
   2237.83437 11.043 11.074 11.062 11.097 11.077    0.064 0.070 0.057 0.064 0.068  A 41351
   2242.82288 10.754 10.788 10.779 10.825 10.821    0.071 0.077 0.063 0.071 0.077  A 41982
   2255.80685 10.890 10.932 10.915 10.936 10.933    0.076 0.086 0.065 0.070 0.074  D 43703
   2441.49243 10.975 11.023 10.925 10.870 10.818    0.053 0.055 0.049 0.056 0.061  A 8218
   2443.48807 11.135 11.171 11.048 10.948 10.877    0.059 0.058 0.051 0.059 0.066  A 8608
   2445.49915 11.310 11.365 11.217 11.098 11.024    0.057 0.063 0.052 0.060 0.065  A 9033
   2453.45910 10.994 11.020 11.004 10.973 10.926    0.056 0.059 0.050 0.057 0.060  A 9555
   2456.46907 11.071 11.101 11.038 10.982 10.941    0.054 0.059 0.051 0.057 0.062  A 10004
   2460.46060 10.961 10.936 10.920 10.849 10.788    0.093 0.102 0.097 0.095 0.105  D 10180
   2463.49788 11.263 11.304 11.166 11.088 10.974    0.056 0.065 0.052 0.061 0.068  A 10559
   2465.51642 11.260 11.262 11.167 11.047 10.973    0.054 0.055 0.048 0.055 0.061  A 11006
   2467.50856 11.081 11.105 11.007 10.908 10.843    0.056 0.062 0.052 0.059 0.067  A 11440
   2469.50655 11.047 11.089 10.971 10.898 10.826    0.057 0.062 0.051 0.059 0.064  A 11873
   2473.47276 11.176 11.235 11.122 11.066 10.993    0.052 0.052 0.047 0.054 0.059  A 12612
   2482.52557 10.977 10.928 10.953 10.938 10.880    0.062 0.070 0.054 0.060 0.062  A 13109
   2489.47306 10.997 11.004 10.934 10.861 10.777    0.060 0.061 0.058 0.068 0.074  A 13777
   2495.47960 11.167 11.133 11.110 11.089 11.008    0.055 0.062 0.051 0.059 0.062  A 14734
   2502.48704 11.067 11.080 11.047 10.991 10.919    0.055 0.059 0.051 0.058 0.061  A 16156
   2503.50558 11.109 11.134 11.108 11.058 10.999    0.061 0.068 0.055 0.062 0.063  A 16368
   2508.48361 11.096 11.105 11.036 10.967 10.901    0.055 0.057 0.052 0.060 0.067  A 16728
   2512.48236 11.226 11.251 11.161 11.074 11.001    0.059 0.063 0.054 0.062 0.066  A 17193
   2622.78919 11.419 11.424 11.317 11.206 11.091    0.064 0.074 0.060 0.068 0.074  A 30032
   2624.83808 11.194 11.261 11.125 11.053 10.947    0.062 0.071 0.061 0.070 0.076  A 30338
   2628.79816 11.104 11.115 11.021 10.968 10.860    0.064 0.074 0.060 0.067 0.073  A 30790
   2634.85040 11.186 11.248 11.105 10.994 10.871    0.064 0.073 0.061 0.067 0.073  A 32170
   2637.82901 11.127 11.167 11.060 10.974 10.863    0.060 0.074 0.058 0.066 0.071  A 32602
   2641.79376 11.372 11.436 11.311 11.218 11.090    0.061 0.072 0.058 0.065 0.071  A 33178
   2644.81750 11.167 11.231 11.118 11.011 10.891    0.062 0.073 0.058 0.066 0.073  A 33649
   2651.79264 11.448 11.466 11.409 11.288 11.167    0.061 0.067 0.062 0.071 0.076  A 34503
   2657.76808 11.027 11.062 10.926 10.828 10.770    0.064 0.067 0.062 0.075 0.083  A 35483
   2659.79730 11.173 11.172 11.070 10.980 10.920    0.067 0.071 0.067 0.078 0.084  A 35836
   2661.81450 11.352 11.445 11.243 11.107 11.027    0.062 0.068 0.061 0.073 0.080  A 36187
   2663.80975 11.246 11.237 11.116 11.037 10.927    0.065 0.069 0.065 0.075 0.085  A 36524
   2665.81555 11.097 11.139 11.029 10.955 10.874    0.073 0.076 0.075 0.089 0.097  D 36875
   2667.83116 11.072 11.133 10.995 10.912 10.833    0.060 0.071 0.056 0.065 0.071  A 37188
   2670.77713 11.333 11.338 11.262 11.160 11.057    0.061 0.067 0.060 0.072 0.077  A 37650
   2672.82832 11.342 11.419 11.210 11.096 11.008    0.062 0.071 0.061 0.072 0.078  A 38007
   2674.81555 11.116 11.159 11.012 10.907 10.842    0.061 0.069 0.061 0.073 0.081  A 38345
   2676.77178 11.124 11.155 11.069 11.005 10.927    0.065 0.069 0.066 0.079 0.088  A 38692
   2678.76513 11.106 11.138 11.045 10.964 10.886    0.064 0.069 0.064 0.077 0.085  A 39030
   2680.75841 11.335 11.366 11.256 11.158 11.094    0.066 0.070 0.067 0.078 0.088  A 39357
   2684.70769 11.146 11.155 11.036 10.967 10.893    0.066 0.070 0.065 0.076 0.084  A 40024
   2686.73188 11.160 11.188 11.095 11.014 10.918    0.065 0.071 0.067 0.078 0.088  A 40401
   2688.73860 11.165 11.126 11.098 11.014 10.938    0.066 0.071 0.066 0.078 0.086  A 40768
   2690.73862 11.371 11.386 11.283 11.154 11.056    0.063 0.071 0.063 0.073 0.081  A 41136
   2692.79808 11.270 11.357 11.189 11.083 11.017    0.067 0.072 0.069 0.080 0.088  A 41478
   2696.76335 11.130 11.148 11.035 10.927 10.854    0.061 0.070 0.061 0.070 0.076  A 42143
   2698.79939 11.111 11.144 11.013 10.926 10.860    0.065 0.070 0.066 0.078 0.086  A 42577
   2704.73796 11.151 11.165 11.066 10.970 10.871    0.066 0.076 0.060 0.067 0.073  A 43704
   2706.70996 11.090 11.196 10.996 10.916 10.859    0.065 0.071 0.065 0.077 0.086  A 44062
   2712.65801 11.275 11.449 11.157 11.029 10.965    0.072 0.075 0.071 0.082 0.091  A 45132
   2714.65237 11.168 11.219 11.088 10.989 10.885    0.060 0.073 0.057 0.065 0.070  A 45520
   2717.66678 11.081 11.102 11.018 10.936 10.833    0.065 0.070 0.065 0.078 0.083  A 45868
   2719.75128 11.249 11.258 11.195 11.107 11.024    0.060 0.065 0.060 0.069 0.075  A 46145
   2721.69520 11.403 11.497 11.216 11.121 11.040    0.073 0.081 0.074 0.088 0.098  D 46508
   2722.81362 11.281 11.400 11.159 11.021 10.952    0.063 0.074 0.063 0.072 0.079  A 46751
   2725.86195 11.124 11.173 11.017 10.886 10.808    0.063 0.074 0.065 0.074 0.082  A 47359
   2727.70937 11.098 11.108 11.056 10.976 10.891    0.068 0.072 0.067 0.079 0.085  A 47684
   2733.70990 11.142 11.167 11.073 10.968 10.884    0.061 0.067 0.058 0.067 0.074  A 48651
   2734.77909 11.124 11.125 11.045 10.987 10.877    0.063 0.075 0.059 0.067 0.072  A 48885
   2736.64391 11.077 11.130 11.006 10.908 10.834    0.066 0.070 0.065 0.077 0.084  A 49217
   2738.62352 11.170 11.140 11.113 11.044 10.970    0.066 0.069 0.065 0.074 0.083  A 49595
   2739.81339 11.292 11.331 11.186 11.048 10.953    0.063 0.075 0.060 0.068 0.076  A 49833
   2741.67825 11.396 11.474 11.263 11.134 11.041    0.063 0.070 0.064 0.074 0.081  A 50169
   2742.82666 11.203 11.274 11.125 11.022 10.858    0.065 0.078 0.063 0.073 0.081  A 50436
   2744.65940 11.138 11.186 11.049 10.959 10.868    0.063 0.069 0.060 0.069 0.074  A 50743
   2747.73398 11.085 11.108 10.986 10.857 10.801    0.069 0.083 0.064 0.071 0.077  A 51044
   2750.77148 11.463 11.508 11.389 11.289 11.139    0.066 0.080 0.063 0.071 0.076  A 51690
   2752.67404 11.293 11.366 11.251 11.137 11.024    0.059 0.069 0.055 0.063 0.069  A 52039
   2754.77170 11.157 11.168 11.074 10.989 10.885    0.061 0.072 0.057 0.066 0.070  A 52299
   2756.72025 11.057 11.112 11.001 10.925 10.853    0.055 0.060 0.052 0.060 0.065  A 52690
   2757.81214 11.058 11.080 10.970 10.861 10.798    0.072 0.080 0.067 0.076 0.083  A 52950
   2759.66357 11.340 11.360 11.268 11.153 11.040    0.060 0.071 0.057 0.065 0.070  A 53229
   2760.75078 11.413 11.389 11.297 11.164 11.044    0.062 0.072 0.061 0.070 0.078  A 53473
   2762.71002 11.272 11.274 11.206 11.114 11.022    0.068 0.080 0.065 0.074 0.081  A 53864
   2766.69343 11.068 11.104 10.978 10.858 10.797    0.061 0.074 0.058 0.065 0.071  A 54548
   2775.64964 11.107 11.119 11.028 10.958 10.884    0.056 0.064 0.052 0.060 0.066  A 55087
   2782.68729 11.187 11.248 11.118 11.005 10.886    0.066 0.077 0.061 0.070 0.075  A 55735
   2784.61068 11.127 11.149 11.063 10.984 10.894    0.060 0.069 0.055 0.062 0.068  A 56130
   2786.60142 11.051 11.093 10.960 10.860 10.805    0.060 0.071 0.055 0.062 0.069  A 56552
   2790.49173 11.357 11.443 11.211 11.128 11.050    0.072 0.078 0.070 0.083 0.093  B 57264
   2791.69753 11.244 11.316 11.137 11.017 10.926    0.060 0.072 0.059 0.067 0.073  A 57572
   2794.54762 11.192 11.112 11.154 11.066 10.963    0.065 0.069 0.065 0.071 0.075  A 58028
   2797.52632 11.137 11.174 11.062 11.002 10.925    0.081 0.081 0.085 0.098 0.111  D 58577
   2808.66800 11.257 11.286 11.158 11.044 10.966    0.062 0.074 0.060 0.068 0.074  A 59319
   2810.55325 11.396 11.440 11.324 11.185 11.043    0.066 0.079 0.060 0.068 0.073  A 59697
   2819.54026 11.367 11.383 11.276 11.173 11.082    0.057 0.064 0.053 0.062 0.068  A 61254
   2821.57098 11.271 11.293 11.170 11.090 11.000    0.060 0.068 0.056 0.065 0.070  A 61708
   2826.54789 11.015 11.045 10.951 10.900 10.862    0.052 0.054 0.050 0.057 0.063  A 61996
   2829.57286 11.318 11.347 11.212 11.111 11.006    0.063 0.066 0.061 0.072 0.078  A 62260
   2831.59625 11.187 11.222 11.112 11.018 10.923    0.058 0.063 0.054 0.063 0.068  A 62713
   2833.56821 11.055 11.089 10.960 10.838 10.745    0.072 0.079 0.071 0.082 0.091  A 63115
   2835.55891 11.026 11.061 10.952 10.867 10.803    0.056 0.059 0.052 0.061 0.067  A 63517
   2838.55125 11.304 11.302 11.204 11.063 10.976    0.056 0.062 0.053 0.061 0.066  A 63864
   2841.56583 11.162 11.213 11.077 10.966 10.893    0.057 0.064 0.053 0.061 0.068  A 64519
   2843.54629 11.022 11.056 10.962 10.889 10.832    0.059 0.063 0.056 0.063 0.070  A 64870
   2853.47876 11.027 11.088 10.959 10.898 10.858    0.053 0.056 0.050 0.059 0.064  A 65597
   2855.52985 11.079 11.107 11.014 10.942 10.876    0.054 0.057 0.051 0.059 0.065  A 66016
   2859.52550 11.360 11.421 11.255 11.162 11.040    0.057 0.064 0.054 0.062 0.067  A 66497
   2861.52390 11.173 11.226 11.113 11.027 10.915    0.057 0.063 0.054 0.062 0.069  A 66922
   2864.51957 11.095 11.116 11.051 10.948 10.856    0.064 0.076 0.061 0.068 0.074  A 67383
   2868.49242 11.311 11.377 11.255 11.171 11.071    0.058 0.065 0.052 0.059 0.064  A 67915
   2875.47589 11.116 11.085 10.993 10.931 10.836    0.066 0.080 0.062 0.071 0.077  A 68484
   2877.48175 11.187 11.231 11.096 10.963 10.875    0.063 0.075 0.059 0.067 0.072  A 68884
   2949.85981 11.165 11.235 99.999 99.999 99.999    0.059 0.069 0.056 0.064 0.071  C 79371
   2958.84874 11.317 11.392 11.218 11.121 11.011    0.061 0.068 0.058 0.067 0.074  A 80607
   2962.84422 11.100 11.122 11.038 10.954 10.858    0.065 0.071 0.063 0.072 0.079  A 81141
   2971.83574 11.068 11.095 10.967 10.887 10.814    0.058 0.064 0.054 0.062 0.069  A 82324
   2975.81632 11.074 11.147 11.014 10.919 10.840    0.059 0.067 0.055 0.063 0.069  A 82789
   2978.82258 11.252 11.328 11.162 11.087 11.016    0.059 0.069 0.055 0.062 0.069  A 83202
   2981.82783 11.116 11.160 11.044 10.952 10.871    0.063 0.071 0.062 0.072 0.079  A 83589
   2985.80829 11.168 11.250 11.091 10.997 10.905    0.061 0.070 0.058 0.068 0.074  A 84103
   2988.83078 11.297 11.338 11.203 11.058 10.962    0.064 0.075 0.062 0.070 0.076  A 84464
   3008.81298 11.260 11.278 11.168 11.057 10.963    0.060 0.066 0.056 0.064 0.070  A 86913
   3011.82196 11.059 11.096 10.980 10.896 10.791    0.065 0.073 0.064 0.074 0.081  A 87319
   3015.82414 11.182 11.239 11.094 10.976 10.875    0.060 0.070 0.059 0.069 0.075  A 87695
   3018.80427 11.291 11.307 11.207 11.087 10.991    0.062 0.070 0.060 0.070 0.076  A 88079
   3024.86511 11.043 11.097 10.980 10.894 10.828    0.060 0.065 0.058 0.067 0.074  A 88378
   3031.78709 11.071 11.089 11.008 10.904 10.828    0.060 0.069 0.056 0.066 0.071  A 88891
   3034.76434 11.078 11.114 10.980 10.870 10.789    0.062 0.069 0.061 0.072 0.078  A 89178
   3037.85680 11.289 11.334 11.217 11.117 11.011    0.064 0.072 0.060 0.070 0.077  A 89481
   3041.77076 11.076 11.131 11.001 10.886 10.813    0.062 0.071 0.061 0.071 0.079  A 89706
   3043.81154 11.029 11.027 10.958 10.883 10.807    0.065 0.072 0.063 0.073 0.080  A 89986
   3046.75093 11.339 11.327 11.252 11.131 11.015    0.059 0.067 0.057 0.067 0.071  A 90370
   3049.73589 11.048 11.117 10.978 10.885 10.792    0.058 0.062 0.055 0.064 0.071  A 90761
   3052.73058 11.013 11.064 10.940 10.854 10.769    0.058 0.066 0.057 0.066 0.073  A 91166
   3054.80055 11.103 11.142 11.042 10.962 10.877    0.059 0.065 0.055 0.063 0.069  A 91459
   3057.71380 11.304 11.342 11.226 11.134 11.023    0.061 0.069 0.058 0.066 0.071  A 91845
   3059.78997 11.077 11.092 11.005 10.916 10.849    0.060 0.066 0.058 0.066 0.073  A 92128
   3064.78959 11.074 11.124 10.995 10.898 10.829    0.069 0.077 0.068 0.076 0.083  A 92805
   3067.74713 11.297 11.297 11.226 11.101 10.999    0.058 0.064 0.055 0.065 0.070  A 93084
   3069.74772 11.093 11.116 10.994 10.887 10.806    0.058 0.066 0.055 0.064 0.070  A 93377
   3071.76163 11.022 11.024 10.944 10.859 10.789    0.060 0.066 0.058 0.068 0.075  A 93670
   3073.81002 11.061 11.087 10.982 10.884 10.801    0.062 0.071 0.061 0.070 0.077  A 93930
   3076.66352 11.331 11.374 11.235 11.125 11.016    0.058 0.066 0.055 0.063 0.069  A 94276
   3078.71471 11.161 11.174 11.063 10.953 10.864    0.070 0.075 0.069 0.078 0.083  A 94597
   3080.75441 11.055 11.070 10.992 10.883 10.802    0.068 0.073 0.066 0.075 0.081  A 94899
   3082.81041 11.021 11.030 10.955 10.888 10.778    0.064 0.072 0.059 0.067 0.073  A 95213
   3086.74185 11.322 11.387 11.252 11.146 11.020    0.063 0.072 0.061 0.070 0.075  A 95490
   3088.76077 11.171 11.201 11.087 10.989 10.888    0.064 0.070 0.063 0.072 0.079  A 95806
   3090.79706 11.063 11.091 10.977 10.891 10.825    0.065 0.075 0.062 0.069 0.074  A 96125
   3092.74125 11.033 11.030 10.934 10.887 10.809    0.058 0.065 0.054 0.062 0.066  A 96413
   3096.71716 11.281 11.340 11.202 11.093 10.964    0.058 0.065 0.055 0.063 0.069  A 96679
   3098.70492 11.154 11.202 11.066 10.953 10.869    0.060 0.067 0.058 0.067 0.073  A 96991
   3100.72889 11.058 11.080 10.992 10.921 10.832    0.062 0.071 0.059 0.068 0.074  A 97301
   3102.73368 11.095 11.104 11.040 10.954 10.883    0.062 0.070 0.058 0.068 0.073  A 97626
   3104.75464 11.280 11.421 11.213 11.120 10.998    0.062 0.069 0.061 0.072 0.080  A 97946
   3106.75248 11.301 11.343 11.209 11.124 10.996    0.060 0.071 0.058 0.065 0.071  A 98259
   3108.75227 11.141 11.206 11.089 11.010 10.908    0.061 0.070 0.056 0.063 0.070  A 98575
   3110.85280 11.083 11.097 11.025 10.950 10.850    0.063 0.074 0.059 0.068 0.073  A 98923
   3113.56552 11.129 11.153 11.053 10.967 10.871    0.061 0.071 0.058 0.066 0.072  A 99297
   3115.61690 11.252 11.272 11.191 11.084 11.000    0.059 0.068 0.056 0.063 0.069  A 99647
   3118.68332 11.157 11.175 11.056 10.949 10.877    0.058 0.068 0.056 0.063 0.068  A 99934
   3122.59743 11.023 11.040 10.933 10.871 10.789    0.058 0.064 0.054 0.062 0.067  A 100194
   3124.61367 11.163 11.195 11.092 10.968 10.884    0.063 0.068 0.058 0.067 0.073  A 100540
   3126.62846 11.327 11.284 11.207 11.123 11.008    0.065 0.071 0.061 0.070 0.075  A 100875
   3127.74299 11.227 11.257 11.123 11.007 10.907    0.066 0.073 0.066 0.079 0.089  A 101065
   3129.75132 11.102 11.122 11.054 10.973 10.869    0.066 0.075 0.064 0.074 0.082  A 101402
   3131.77179 11.102 11.136 11.040 10.983 10.900    0.066 0.077 0.063 0.072 0.079  A 101695
   3134.51910 11.183 11.193 11.082 10.953 10.860    0.073 0.083 0.071 0.078 0.084  A 102098
   3142.58262 11.033 11.054 10.950 10.888 10.805    0.061 0.070 0.057 0.066 0.071  A 103089
   3145.60983 11.249 11.307 11.166 11.068 10.981    0.059 0.066 0.056 0.063 0.069  A 103404
   3153.61038 11.141 11.166 11.051 10.962 10.877    0.064 0.073 0.061 0.069 0.075  A 103753
   3158.67498 99.999 99.999 99.999 99.999 99.999    0.069 0.077 0.067 0.077 0.086  C 104416
   3163.68678 11.138 11.201 11.068 10.920 10.833    0.062 0.076 0.060 0.068 0.073  A 105037
   3165.68768 11.334 11.348 11.269 11.167 11.045    0.066 0.075 0.066 0.078 0.087  A 105384
   3169.50080 11.055 11.077 11.004 10.919 10.870    0.070 0.075 0.068 0.078 0.085  A 105880
   3178.58881 11.075 11.133 10.999 10.854 10.764    0.065 0.076 0.061 0.068 0.073  A 107039
   3182.54542 11.091 11.123 11.003 10.900 10.821    0.061 0.070 0.058 0.065 0.071  A 107469
   3184.55429 11.254 11.297 11.184 11.097 10.975    0.063 0.071 0.059 0.068 0.074  A 107804
   3189.63191 11.040 11.093 10.991 10.890 10.788    0.067 0.077 0.066 0.075 0.082  A 108426
   3219.51837 10.949 10.976 10.922 10.876 10.819    0.055 0.056 0.051 0.058 0.065  A 109989
   3355.81323 11.133 11.170 11.061 10.977 10.874    0.067 0.081 0.062 0.071 0.077  A 124412
   3363.80425 11.301 11.361 11.161 11.025 10.962    0.064 0.073 0.060 0.071 0.078  A 124993
   3389.80879 11.049 11.070 10.963 10.886 10.812    0.062 0.072 0.060 0.070 0.078  A 126640
   3392.79482 11.285 11.295 11.215 11.124 11.022    0.068 0.079 0.068 0.076 0.086  A 126993
   3395.81655 11.041 11.079 10.983 10.928 10.845    0.062 0.074 0.060 0.070 0.077  A 127314
   3398.77335 10.973 11.004 10.900 10.799 10.741    0.064 0.075 0.060 0.070 0.078  A 127682
   3400.83327 11.057 11.085 10.998 10.921 10.873    0.057 0.064 0.055 0.063 0.068  A 127979
   3403.81094 11.246 11.269 11.142 11.019 10.953    0.065 0.074 0.062 0.068 0.072  A 128314
   3406.75499 10.972 10.991 10.918 10.814 10.765    0.069 0.087 0.066 0.073 0.079  A 128762
   3408.81892 10.952 10.953 10.876 10.774 10.714    0.069 0.081 0.066 0.073 0.079  A 129093
   3411.75176 11.216 11.236 11.159 11.037 10.956    0.069 0.084 0.062 0.068 0.074  A 129524
   3414.72245 11.130 11.189 11.075 10.990 10.904    0.062 0.070 0.058 0.065 0.071  A 129975
   3423.77553 11.222 11.270 11.140 11.052 10.942    0.067 0.083 0.064 0.073 0.081  A 131416
   3425.76860 11.040 11.077 10.963 10.888 10.815    0.066 0.080 0.063 0.073 0.078  A 131723
   3427.81000 10.958 10.974 10.894 10.798 10.739    0.065 0.076 0.062 0.072 0.080  A 132048
   3438.69574 10.975 10.986 10.891 10.806 10.746    0.059 0.067 0.055 0.062 0.069  A 133195
   3442.67028 11.291 11.331 11.207 11.105 11.013    0.062 0.073 0.058 0.066 0.070  A 133603
   3444.70726 11.125 11.115 11.066 10.994 10.913    0.064 0.074 0.063 0.074 0.082  A 133948
   3446.71004 10.972 10.976 10.910 10.836 10.773    0.063 0.073 0.059 0.068 0.073  A 134577
   3450.69249 11.168 11.176 11.093 10.987 10.893    0.060 0.069 0.057 0.067 0.076  A 135266
   3453.62568 11.221 11.275 11.121 10.992 10.897    0.064 0.068 0.063 0.073 0.082  A 135641
   3455.67356 10.991 11.048 10.917 10.833 10.767    0.065 0.073 0.064 0.075 0.084  A 136017
   3457.67594 10.983 10.994 10.916 10.859 10.775    0.062 0.072 0.059 0.068 0.075  A 136370
   3459.67396 11.117 11.153 11.046 10.976 10.888    0.059 0.067 0.056 0.066 0.072  A 136727
   3461.68562 11.302 11.345 11.213 11.091 10.982    0.064 0.072 0.061 0.071 0.079  A 137053
   3463.74835 11.181 11.201 11.077 10.949 10.887    0.063 0.074 0.061 0.070 0.078  A 137356
   3465.78094 29.999 29.999 29.999 29.999 29.999    0.061 0.072 0.058 0.067 0.073  C 137702
   3468.70418 11.030 11.044 10.935 10.823 10.771    0.062 0.072 0.059 0.067 0.074  A 138121
   3470.71614 11.232 11.274 11.155 11.066 10.962    0.060 0.068 0.058 0.065 0.071  A 138431
   3472.76627 11.281 11.313 11.211 11.121 11.029    0.062 0.070 0.060 0.068 0.074  A 138757
   3474.84835 11.041 11.088 10.959 10.865 10.774    0.064 0.075 0.063 0.072 0.081  A 139107
   3477.57564 10.941 10.979 10.874 10.792 10.720    0.064 0.075 0.061 0.070 0.077  A 139524
   3481.61768 11.312 11.332 11.213 11.109 10.980    0.063 0.074 0.060 0.069 0.076  A 140170
   3483.63999 11.173 11.229 11.100 11.011 10.917    0.064 0.075 0.062 0.071 0.080  A 140496
   3486.76694 10.923 10.934 10.836 10.755 10.682    0.065 0.071 0.065 0.076 0.085  A 140746
   3489.77686 11.141 11.160 11.041 10.957 10.854    0.064 0.075 0.063 0.070 0.078  A 141001
   3497.77430 10.986 11.006 10.897 10.807 10.726    0.062 0.072 0.059 0.069 0.075  A 141965
   3501.49082 11.284 11.339 11.171 11.030 10.954    0.066 0.084 0.061 0.070 0.077  A 142402
   3503.55609 11.143 11.151 11.060 10.973 10.886    0.063 0.073 0.059 0.068 0.075  A 142779
   3506.59100 10.883 10.934 10.837 10.783 10.723    0.059 0.067 0.055 0.063 0.070  A 143127
   3509.63361 11.201 11.239 11.102 11.000 10.909    0.059 0.064 0.055 0.064 0.071  A 143421
   3511.68017 11.292 11.325 11.193 11.097 11.008    0.059 0.070 0.056 0.064 0.072  A 143685
   3515.68828 10.894 10.942 10.846 10.771 10.677    0.063 0.072 0.062 0.073 0.083  A 144063
   3521.59871 11.340 11.351 11.268 11.143 11.022    0.068 0.082 0.064 0.072 0.078  A 144827
   3523.60128 11.140 11.169 11.043 10.906 10.841    0.068 0.081 0.063 0.069 0.074  A 145182
   3525.62121 10.961 10.949 10.886 10.784 10.718    0.064 0.078 0.061 0.069 0.077  A 145491
   3529.62258 11.172 11.179 11.098 10.962 10.871    0.068 0.083 0.063 0.068 0.074  A 146190
   3538.57022 11.077 11.120 10.989 10.910 10.820    0.062 0.071 0.059 0.068 0.074  A 146821
   3540.61114 11.269 11.294 11.168 11.066 10.989    0.065 0.074 0.063 0.074 0.083  A 147156
   3547.66061 11.042 11.063 10.977 10.896 10.783    0.057 0.068 0.056 0.064 0.071  A 148042
   3547.66877 11.025 11.038 10.946 10.831 10.754    0.057 0.069 0.056 0.065 0.071  A 148045
   3547.67127 11.057 11.059 10.997 10.911 10.823    0.054 0.064 0.053 0.061 0.068  A 148046
   3547.67876 11.024 11.030 10.950 10.839 10.780    0.058 0.071 0.056 0.064 0.071  A 148049
   3547.68206 11.046 11.067 10.954 10.852 10.782    0.056 0.070 0.055 0.063 0.070  A 148050
   3547.68707 11.042 11.057 10.961 10.881 10.808    0.055 0.070 0.054 0.063 0.070  A 148052
   3547.69206 11.012 11.069 10.930 10.817 10.752    0.059 0.069 0.057 0.065 0.072  A 148054
   3558.62013 11.101 11.137 11.028 10.947 10.849    0.066 0.083 0.063 0.070 0.077  A 149224
   3562.59792 11.230 11.277 11.127 11.008 10.919    0.066 0.078 0.062 0.071 0.078  A 149900
   3564.57012 10.910 10.975 10.868 10.780 10.717    0.062 0.076 0.058 0.066 0.073  A 150229
   3570.52200 11.308 11.344 11.213 11.083 10.979    0.061 0.069 0.060 0.068 0.076  A 150722
   3574.52225 10.928 10.935 10.853 10.797 10.721    0.057 0.064 0.055 0.065 0.073  A 151249
   3576.56090 10.961 11.005 10.896 10.828 10.767    0.063 0.073 0.059 0.067 0.073  A 151617
   3584.53137 10.982 10.990 10.923 10.845 10.757    0.066 0.074 0.061 0.069 0.076  A 152984
   3587.49405 11.053 11.064 10.983 10.903 10.848    0.062 0.073 0.058 0.066 0.073  A 153473
   3589.52118 11.281 11.340 11.166 11.034 10.944    0.067 0.076 0.062 0.069 0.076  A 153805
   3592.48418 11.179 11.189 11.113 11.014 10.911    0.066 0.076 0.062 0.070 0.077  A 154314
   3600.50431 11.325 11.396 11.200 11.069 10.978    0.069 0.077 0.068 0.078 0.086  A 155358
   3607.48602 11.044 11.100 10.962 10.893 10.798    0.064 0.074 0.060 0.068 0.076  A 156228
   3675.86099 10.972 10.969 10.917 10.840 10.769    0.065 0.072 0.061 0.069 0.078  A 164906
   3702.84156 10.972 11.018 10.912 10.834 10.749    0.064 0.079 0.061 0.069 0.075  A 168357
   3706.83134 11.119 11.164 11.029 10.935 10.839    0.065 0.075 0.064 0.073 0.081  A 168908
   3725.83392 11.032 11.080 10.957 10.884 10.808    0.064 0.076 0.063 0.073 0.081  A 171068
   3728.85124 11.319 11.346 11.239 11.123 11.038    0.070 0.087 0.067 0.078 0.085  A 171487
   3732.82309 10.955 10.992 10.902 10.810 10.728    0.068 0.083 0.068 0.078 0.088  A 171883
   3739.82541 11.254 11.281 11.140 10.979 10.898    0.067 0.082 0.064 0.072 0.079  A 172832
   3742.83352 10.958 11.007 10.880 10.786 10.714    0.062 0.072 0.060 0.070 0.078  A 173208
   3745.84733 11.051 11.084 10.988 10.883 10.800    0.061 0.070 0.059 0.068 0.074  A 173622
   3748.83778 11.306 11.371 11.215 11.137 11.012    0.064 0.077 0.062 0.072 0.078  A 174022
   3754.80372 10.912 10.977 10.867 10.792 10.732    0.065 0.073 0.063 0.073 0.082  A 174837
   3757.79146 11.310 11.342 11.191 11.053 10.972    0.064 0.076 0.061 0.071 0.077  A 175252
   3760.78445 11.139 11.176 11.050 10.912 10.820    0.065 0.078 0.062 0.071 0.077  A 175669
   3763.77740 10.965 11.001 10.908 10.836 10.768    0.075 0.085 0.073 0.081 0.088  D 176061
   3766.77934 11.173 11.190 11.110 11.029 10.933    0.070 0.083 0.066 0.074 0.080  A 176484
   3772.75956 10.985 11.018 10.934 10.851 10.771    0.066 0.080 0.062 0.071 0.078  A 177253
   3775.73986 11.076 11.142 11.021 10.927 10.856    0.066 0.075 0.066 0.077 0.086  A 177678
   3780.73740 11.086 11.108 11.009 10.952 10.869    0.065 0.078 0.062 0.072 0.080  A 178408
   3783.78306 10.962 10.994 10.912 10.831 10.789    0.068 0.078 0.070 0.082 0.093  B 178720
   3788.77579 11.301 11.347 11.213 11.103 11.036    0.064 0.072 0.063 0.072 0.081  A 179022
   3791.71090 11.027 11.020 10.946 10.851 10.765    0.069 0.083 0.064 0.071 0.078  A 179424
   3793.75621 10.962 11.013 10.900 10.821 10.752    0.065 0.076 0.063 0.073 0.082  A 179732
   3795.80791 11.144 11.190 11.031 10.903 10.823    0.062 0.070 0.059 0.069 0.078  A 180037
   3800.74010 11.129 11.149 11.049 10.969 10.898    0.070 0.080 0.068 0.074 0.080  A 180702
   3803.67680 10.975 10.997 10.930 10.849 10.760    0.067 0.078 0.067 0.078 0.087  A 181039
   3805.72306 11.106 11.161 11.025 10.922 10.820    0.067 0.080 0.066 0.075 0.082  A 181344
   3808.71436 11.294 11.344 11.202 11.094 10.980    0.066 0.078 0.065 0.074 0.082  A 181685
   3810.78262 11.057 11.079 10.965 10.845 10.794    0.068 0.079 0.066 0.075 0.083  A 182029
   3812.85247 10.986 11.026 10.921 10.856 10.772    0.069 0.081 0.067 0.076 0.085  A 182369
   3815.64563 11.200 11.217 11.106 10.982 10.907    0.066 0.076 0.065 0.076 0.084  A 182780
   3817.69583 11.357 11.365 11.273 11.162 11.063    0.064 0.074 0.061 0.070 0.078  A 183111
   3819.75693 11.240 11.231 11.155 11.036 10.942    0.070 0.084 0.066 0.076 0.083  A 183455
   3822.61764 10.957 10.969 10.888 10.824 10.734    0.064 0.077 0.062 0.071 0.079  A 183892
   3824.68869 11.051 11.099 10.973 10.892 10.815    0.063 0.069 0.062 0.071 0.080  A 184248
   3826.69785 11.303 11.341 11.218 11.117 11.001    0.065 0.075 0.065 0.077 0.084  A 184590
   3831.59742 10.980 10.987 10.903 10.810 10.750    0.064 0.074 0.062 0.071 0.078  A 185404
   3833.64807 10.986 11.008 10.907 10.815 10.734    0.064 0.073 0.064 0.076 0.087  A 185773
   3835.66100 11.186 11.221 11.114 11.002 10.900    0.068 0.078 0.069 0.081 0.091  A 186122
   3837.70160 11.336 11.370 11.240 11.136 11.047    0.067 0.077 0.066 0.078 0.086  A 186467
   3850.63235 11.033 11.093 10.969 10.888 10.810    0.067 0.083 0.062 0.070 0.078  A 187250
   3852.63588 10.959 10.977 10.898 10.817 10.738    0.066 0.081 0.061 0.069 0.077  A 187604
   3854.64434 11.112 11.152 11.041 10.951 10.861    0.065 0.077 0.061 0.070 0.077  A 187974
   3861.59109 11.049 11.146 10.980 10.900 10.821    0.060 0.070 0.058 0.066 0.073  A 188998
   3863.58901 10.999 10.999 10.913 10.807 10.743    0.067 0.082 0.062 0.071 0.079  A 189341
   3865.60040 11.221 11.264 11.132 11.011 10.930    0.065 0.077 0.062 0.072 0.079  A 189696
   3867.64350 11.343 11.374 11.236 11.097 10.992    0.065 0.073 0.065 0.074 0.082  A 190029
   3869.64196 11.133 11.151 11.084 10.986 10.883    0.070 0.076 0.068 0.078 0.086  A 190370
   3871.63414 10.940 10.956 10.875 10.783 10.716    0.062 0.072 0.058 0.066 0.073  A 190739
   3874.72634 11.123 11.110 11.039 10.935 10.846    0.067 0.079 0.063 0.072 0.079  A 191045
   3882.52396 10.961 11.013 10.899 10.826 10.740    0.068 0.083 0.062 0.070 0.077  A 192054
   3886.52461 11.312 11.319 11.227 11.114 10.996    0.061 0.071 0.058 0.066 0.072  A 192431
   3888.54982 11.261 11.283 11.194 11.096 11.011    0.076 0.082 0.078 0.092 0.104  D 192814
   3890.54807 10.982 11.014 10.914 10.848 10.760    0.062 0.071 0.058 0.067 0.074  A 193147
   3892.55457 10.937 10.967 10.864 10.804 10.733    0.064 0.072 0.062 0.071 0.078  A 193497
   3894.62268 11.100 11.136 11.023 10.956 10.881    0.056 0.060 0.053 0.062 0.069  A 193851
   3902.49437 10.969 11.000 10.898 10.821 10.756    0.067 0.076 0.062 0.070 0.076  A 194987
   3904.52922 11.162 11.191 11.081 10.979 10.900    0.067 0.080 0.063 0.070 0.078  A 195377
   3906.55007 11.302 11.345 11.189 11.038 10.968    0.064 0.076 0.061 0.069 0.076  A 195761
   4091.80681 11.082 11.118 11.007 10.911 10.850    0.068 0.084 0.065 0.074 0.080  A 209441
   4103.82654 11.262 11.304 11.171 11.053 10.917    0.066 0.075 0.064 0.075 0.083  A 210657
   4106.80698 11.120 11.157 11.033 10.925 10.852    0.066 0.073 0.066 0.076 0.085  A 211019
   4125.78170 11.207 11.252 11.138 11.045 10.962    0.064 0.074 0.058 0.066 0.072  A 211586
   4128.78089 10.955 11.000 10.895 10.825 10.737    0.065 0.080 0.060 0.067 0.074  A 211982
   4131.77181 11.144 11.122 11.077 10.985 10.887    0.070 0.086 0.065 0.074 0.082  A 212363
   4134.75926 11.334 11.355 11.216 11.056 10.930    0.071 0.087 0.068 0.079 0.086  A 212770
   4136.81491 11.060 11.078 10.980 10.874 10.799    0.065 0.072 0.065 0.076 0.085  A 213044
   4146.79790 11.082 11.103 10.991 10.905 10.809    0.067 0.077 0.064 0.072 0.080  A 214466
   4150.74160 11.041 11.026 10.948 10.839 10.756    0.064 0.081 0.059 0.067 0.073  A 214850
   4152.77688 11.232 11.269 11.146 11.043 10.963    0.060 0.068 0.057 0.065 0.072  A 215168
   4154.81255 11.328 11.326 11.232 11.124 11.015    0.065 0.076 0.062 0.072 0.079  A 215475
   4159.75903 11.021 11.006 10.967 10.883 10.814    0.061 0.070 0.060 0.070 0.077  A 216187
   4161.76026 11.118 11.160 11.048 10.968 10.874    0.068 0.080 0.062 0.070 0.078  A 216506
   4163.76172 11.310 11.321 11.211 11.081 10.995    0.070 0.081 0.072 0.084 0.093  B 216799
   4168.81376 11.044 11.078 10.987 10.924 10.851    0.063 0.071 0.062 0.071 0.079  A 217500
   4173.76211 11.306 11.378 11.240 11.158 11.064    0.059 0.066 0.057 0.066 0.074  A 218113
   4176.64685 11.033 11.095 10.973 10.900 10.826    0.062 0.076 0.059 0.069 0.076  A 218517
   4181.63540 11.095 11.107 11.007 10.926 10.839    0.071 0.074 0.074 0.087 0.100  D 219111
   4183.69721 11.316 11.344 11.197 11.071 11.000    0.063 0.069 0.060 0.069 0.077  A 219426
   4185.69712 11.127 11.116 11.043 10.965 10.900    0.062 0.066 0.060 0.069 0.077  A 219711
   4188.84192 10.873 10.894 10.842 10.791 10.747    0.059 0.061 0.058 0.069 0.077  A 219998
   4190.76156 11.074 11.110 11.046 10.969 10.900    0.059 0.065 0.057 0.067 0.074  A 220280
   4192.74412 11.260 11.297 11.168 11.052 10.972    0.059 0.066 0.057 0.066 0.074  A 220598
   4194.77167 11.147 11.200 11.070 10.958 10.882    0.063 0.074 0.062 0.072 0.080  A 220922
   4197.77762 10.930 10.965 10.886 10.828 10.764    0.067 0.080 0.066 0.079 0.089  A 221248
   4200.71038 11.044 11.078 11.002 10.935 10.858    0.056 0.061 0.054 0.063 0.070  A 221510
   4203.71222 11.274 11.300 11.171 11.084 10.987    0.060 0.068 0.057 0.065 0.072  A 221807
   4205.71771 11.086 11.134 11.027 10.946 10.876    0.063 0.072 0.061 0.069 0.076  A 222137
   4208.78263 10.988 11.036 10.881 10.780 10.694    0.066 0.079 0.066 0.078 0.087  A 222383
   4213.67685 11.324 11.338 11.240 11.146 11.039    0.060 0.066 0.059 0.069 0.077  A 222599
   4216.66996 10.977 10.989 10.926 10.868 10.805    0.059 0.065 0.057 0.065 0.073  A 222879
   4227.57726 10.897 10.911 10.840 10.773 99.999    0.055 0.060 0.051 0.060 0.067  C 223136
   4229.59143 10.988 11.057 10.936 10.868 10.784    0.059 0.067 0.055 0.063 0.071  A 223497
   4231.59579 11.181 11.212 11.124 11.040 10.959    0.060 0.068 0.057 0.065 0.073  A 223857
   4233.59771 11.244 11.261 11.185 11.094 11.010    0.055 0.061 0.052 0.060 0.068  A 224204
   4235.59674 11.045 11.102 10.994 10.923 10.852    0.065 0.073 0.061 0.069 0.076  A 224571
   4237.61538 10.892 10.951 10.878 10.811 10.760    0.066 0.072 0.066 0.076 0.086  A 224869
   4246.55430 10.927 10.952 10.868 10.800 10.743    0.057 0.060 0.053 0.061 0.071  A 226191
   4249.52749 10.944 10.978 10.888 10.829 10.759    0.059 0.063 0.055 0.064 0.072  A 226581
   4253.56225 11.217 11.217 11.146 11.089 11.014    0.057 0.058 0.052 0.060 0.068  A 226822
   4254.71106 11.164 11.173 11.083 11.020 10.951    0.061 0.071 0.059 0.069 0.077  A 227037
   4257.55245 10.934 10.917 10.840 10.753 10.698    0.064 0.069 0.064 0.074 0.081  A 227389
   4259.57300 11.019 11.046 10.957 10.873 10.824    0.064 0.070 0.061 0.068 0.073  A 227655
   4267.60123 11.009 11.003 10.927 10.835 10.772    0.063 0.072 0.061 0.070 0.079  A 227838
   4269.62897 11.028 11.063 10.976 10.907 10.836    0.060 0.066 0.058 0.067 0.075  A 228152
   4272.58367 11.302 11.325 11.227 11.152 11.072    0.057 0.063 0.054 0.062 0.069  A 228361
   4274.60306 11.108 11.070 11.041 10.975 10.897    0.054 0.057 0.051 0.059 0.065  A 228678
   4277.59273 10.974 11.002 10.911 10.846 10.796    0.055 0.059 0.053 0.061 0.068  A 228989
   4282.56785 11.312 11.323 11.205 11.102 10.997    0.068 0.080 0.068 0.079 0.087  A 229447
   4284.58429 11.105 11.123 11.042 10.936 10.859    0.063 0.074 0.060 0.068 0.075  A 229788
   4286.57852 10.926 10.983 10.882 10.809 10.733    0.074 0.083 0.075 0.088 0.097  D 230151
   4290.58366 11.146 11.136 11.121 11.083 11.001    0.054 0.056 0.050 0.059 0.065  A 230477
   4292.54794 11.265 11.313 11.198 11.131 11.046    0.056 0.061 0.053 0.062 0.067  A 230841
   4294.55704 11.043 11.107 10.997 10.910 10.845    0.056 0.060 0.053 0.061 0.068  A 231199
   4296.54835 10.993 11.029 10.919 10.863 10.783    0.062 0.069 0.059 0.067 0.073  A 231539
   4298.55304 11.007 11.017 10.935 10.862 10.788    0.062 0.066 0.061 0.073 0.083  A 231897
   4300.51200 11.207 11.263 11.095 11.000 10.918    0.066 0.072 0.064 0.073 0.083  A 232242
   4303.54649 11.165 11.195 11.108 11.048 10.975    0.055 0.059 0.052 0.061 0.068  A 232734
   4305.53350 10.949 10.991 10.919 10.859 10.810    0.056 0.058 0.052 0.060 0.067  A 233108
   4311.51249 11.263 11.347 11.182 11.045 10.958    0.063 0.073 0.060 0.070 0.078  A 234014
   4317.50818 11.016 11.010 10.959 10.899 10.838    0.056 0.062 0.054 0.062 0.070  A 234786
   4330.47480 11.225 11.274 11.185 11.086 11.009    0.061 0.069 0.057 0.066 0.073  A 235262
   4332.49885 11.323 11.346 11.215 11.118 10.996    0.061 0.071 0.058 0.067 0.074  A 235633
   4339.47988 11.162 11.167 11.086 11.029 10.949    0.059 0.064 0.055 0.065 0.072  A 236554
   4343.47844 11.230 11.277 11.144 11.063 10.968    0.060 0.070 0.057 0.066 0.073  A 237222
   4429.85191 11.505 11.460 11.405 11.276 11.164    0.061 0.064 0.061 0.072 0.081  A 247374
   4437.82029 11.056 11.068 11.004 10.937 10.847    0.061 0.067 0.061 0.072 0.080  A 248342
   4441.83370 11.157 11.218 11.066 10.965 10.884    0.060 0.067 0.058 0.067 0.075  A 248846
   4458.79883 11.206 11.244 11.126 11.036 10.934    0.066 0.076 0.065 0.074 0.082  A 250753
   4462.79867 11.147 11.151 11.087 11.020 10.941    0.061 0.066 0.058 0.069 0.077  A 251230
   4465.82352 10.987 11.008 10.916 10.823 10.744    0.066 0.070 0.068 0.082 0.092  A 251586
   4469.79153 11.348 11.348 11.232 11.095 10.996    0.060 0.068 0.060 0.070 0.079  A 252030
   4473.83173 11.023 11.088 10.951 10.860 10.770    0.066 0.070 0.067 0.077 0.087  A 252430
   4477.83371 99.999 99.999 99.999 99.999 99.999    0.062 0.066 0.060 0.070 0.077  C 252831
   4480.81557 11.242 11.314 11.155 11.045 10.947    0.064 0.072 0.065 0.076 0.086  A 253192
   4484.81576 10.972 10.989 10.911 10.861 10.792    0.060 0.068 0.059 0.068 0.076  A 253537
   4487.78791 11.105 11.115 11.027 10.973 10.893    0.061 0.067 0.059 0.067 0.076  A 253876
   4492.84905 11.082 11.077 10.990 10.917 10.864    0.061 0.070 0.058 0.067 0.073  A 254472
   4499.72232 11.313 11.361 11.229 11.136 11.050    0.062 0.068 0.061 0.070 0.079  A 255055
   4505.74666 11.014 11.038 10.965 10.910 10.835    0.060 0.068 0.058 0.068 0.077  A 255886
   4507.81877 11.147 11.181 11.092 11.026 10.951    0.062 0.069 0.062 0.072 0.081  A 256201
   4510.73988 11.309 11.325 11.196 11.094 11.014    0.065 0.076 0.063 0.073 0.080  A 256582
   4516.74228 11.065 11.089 10.986 10.910 10.843    0.074 0.077 0.079 0.094 0.105  D 257156
   4518.77576 11.241 11.278 11.169 11.091 11.019    0.063 0.067 0.064 0.075 0.084  A 257458
   4520.84304 11.247 11.261 11.175 11.064 10.970    0.069 0.082 0.069 0.082 0.092  A 257774
   4523.69507 10.962 10.994 10.928 10.857 10.798    0.058 0.063 0.055 0.064 0.072  A 258172
   4525.75596 10.969 11.014 10.920 10.863 10.802    0.060 0.065 0.057 0.065 0.072  A 258474
   4527.90096 11.206 11.226 11.100 11.010 10.960    0.068 0.083 0.066 0.075 0.082  A 258816
   4530.68550 11.224 11.271 11.161 11.069 11.006    0.062 0.071 0.060 0.069 0.078  A 259200
   4532.77084 11.023 11.051 10.961 10.872 10.818    0.058 0.063 0.054 0.063 0.070  A 259528
   4536.68585 11.073 11.058 10.982 10.917 10.858    0.058 0.065 0.055 0.063 0.071  A 259947
   4538.72221 11.269 11.348 11.195 11.110 11.027    0.060 0.068 0.059 0.068 0.076  A 260256
   4540.77793 11.296 11.350 11.221 11.130 11.050    0.063 0.072 0.061 0.070 0.080  A 260555
   4542.71339 11.094 11.122 11.011 10.942 10.879    0.064 0.076 0.064 0.074 0.082  A 260853
   4546.74286 11.087 11.104 11.015 10.923 10.853    0.062 0.069 0.062 0.073 0.083  A 261473
   4548.74325 11.301 11.383 11.230 11.139 11.065    0.064 0.072 0.064 0.074 0.083  A 261813
   4553.71709 10.982 11.011 10.927 10.848 10.784    0.059 0.067 0.057 0.066 0.073  A 262421
   4555.73254 10.958 10.990 10.890 10.816 10.754    0.059 0.066 0.057 0.065 0.071  A 262732
   4557.78786 11.249 11.309 11.157 11.077 10.979    0.063 0.075 0.059 0.068 0.075  A 263075
   4559.82928 11.304 11.326 11.188 11.058 10.956    0.061 0.070 0.057 0.066 0.073  A 263418
   4562.61330 11.043 11.050 10.968 10.905 10.855    0.060 0.065 0.060 0.069 0.077  A 263854
   4564.69087 10.963 10.988 10.907 10.869 10.815    0.057 0.063 0.054 0.064 0.070  A 264212
   4566.67660 11.122 11.131 11.055 10.994 10.918    0.065 0.076 0.061 0.067 0.073  A 264541
   4568.68844 11.307 11.347 11.243 11.168 11.095    0.061 0.069 0.056 0.064 0.070  A 264853
   4570.67816 11.220 11.229 11.123 11.012 10.942    0.060 0.066 0.055 0.063 0.071  A 265179
   4572.62869 11.038 11.013 10.957 10.886 10.815    0.059 0.065 0.057 0.067 0.075  A 265509
   4574.64509 10.960 10.937 10.887 10.807 10.751    0.065 0.076 0.064 0.075 0.082  A 265839
#ndata= 496
#dataset= 3 ; 1 F1300-64_049
#desig= 122442-6437.0
#cra=   12.411653  12:24:42.0
#cdec= -64.617086 -64:37:01.5
#class= 0
#cmag_0= 11.226
#cmer_0=  0.134
#nskip_0= 2
#cmag_1= 11.193
#cmer_1=  0.128
#nskip_1= 0
#cmag_2= 11.114
#cmer_2=  0.119
#nskip_2= 0
#cmag_3= 11.001
#cmer_3=  0.114
#nskip_3= 0
#cmag_4= 10.900
#cmer_4=  0.104
#nskip_4= 0
#ra=   12.411653  12:24:42.0
#dec= -64.617086 -64:37:01.5
#     HJD      MAG_1  MAG_0  MAG_2  MAG_3  MAG_4    MER_1 MER_0 MER_2 MER_3 MER_4 GRADE FRAME
   1877.85522 11.097 11.184 10.973 10.842 10.740    0.041 0.061 0.041 0.048 0.054  A 1581
   1884.85494 11.173 11.111 11.099 10.956 10.861    0.046 0.060 0.047 0.055 0.063  A 2359
   1886.83180 11.114 11.139 11.018 10.873 10.771    0.035 0.048 0.036 0.042 0.049  A 2669
   1888.83287 11.074 11.015 10.996 10.867 10.798    0.040 0.058 0.040 0.046 0.051  A 2989
   1905.79167 11.148 11.247 11.034 10.914 10.814    0.044 0.074 0.042 0.049 0.055  B 4059
   1907.79031 11.078 11.124 11.014 10.930 10.829    0.036 0.046 0.034 0.040 0.047  A 4380
   1913.84242 11.182 11.216 11.076 10.968 10.873    0.035 0.046 0.034 0.041 0.047  A 4697
   1918.77730 11.071 11.059 10.986 10.847 10.753    0.038 0.050 0.038 0.046 0.052  A 5204
   1920.76886 11.228 11.274 11.156 11.021 10.875    0.038 0.054 0.038 0.045 0.050  A 5522
   1922.76007 11.215 11.279 11.140 11.038 10.926    0.036 0.046 0.035 0.042 0.048  A 5827
   1924.82056 11.173 11.230 11.112 11.005 10.863    0.035 0.038 0.033 0.038 0.045  A 6188
   1925.82735 11.133 11.115 11.081 10.977 10.833    0.047 0.050 0.047 0.055 0.061  A 6359
   1926.82180 11.106 11.150 11.020 10.913 10.801    0.035 0.042 0.034 0.040 0.046  A 6527
   1928.85953 11.115 11.169 11.032 10.917 10.819    0.037 0.045 0.035 0.041 0.046  A 6869
   1929.86701 11.173 11.224 11.095 10.971 10.861    0.036 0.039 0.031 0.037 0.043  A 7025
   1931.75584 11.253 11.263 11.169 11.029 10.942    0.038 0.044 0.036 0.041 0.047  A 7315
   1933.76544 11.152 11.188 11.059 10.950 10.847    0.037 0.043 0.035 0.040 0.046  A 7646
   1935.84857 11.100 11.144 11.040 10.932 10.839    0.036 0.040 0.030 0.035 0.040  A 7964
   1937.80257 11.062 11.042 11.002 10.914 10.811    0.036 0.040 0.031 0.035 0.041  A 8190
   1939.78717 11.183 11.190 11.103 10.992 10.877    0.034 0.038 0.029 0.034 0.039  A 8430
   1945.85044 11.143 11.139 11.089 10.987 10.881    0.034 0.038 0.029 0.034 0.039  A 8737
   1947.78113 11.068 11.074 10.993 10.877 10.788    0.037 0.041 0.035 0.041 0.045  A 8967
   1949.72852 11.150 11.139 11.059 10.918 10.826    0.039 0.045 0.037 0.042 0.047  A 9228
   1950.76021 11.251 11.301 11.169 11.024 10.903    0.038 0.043 0.035 0.041 0.047  A 9418
   1953.76112 11.107 11.181 11.051 10.945 10.855    0.043 0.049 0.036 0.040 0.044  A 9726
   1954.76957 11.127 11.157 11.052 10.952 10.876    0.047 0.054 0.041 0.047 0.052  A 9907
   1958.75685 11.061 11.057 10.991 10.916 10.827    0.046 0.053 0.037 0.042 0.043  A 10255
   1961.74654 11.182 11.259 11.101 10.991 10.887    0.043 0.051 0.036 0.040 0.042  A 10527
   1962.78129 11.134 11.160 11.073 10.969 10.871    0.061 0.069 0.053 0.059 0.062  D 10691
   1963.75188 11.135 11.176 11.052 10.938 10.843    0.048 0.056 0.039 0.046 0.046  A 10859
   1964.75679 11.122 11.145 11.094 11.011 10.914    0.044 0.051 0.035 0.040 0.042  A 11043
   1965.74037 11.166 11.128 11.107 11.015 10.913    0.046 0.053 0.037 0.042 0.044  A 11223
   1966.74904 11.060 11.066 11.039 10.957 10.860    0.044 0.053 0.036 0.040 0.043  A 11409
   1967.75387 11.026 11.068 10.959 10.892 10.799    0.050 0.060 0.040 0.044 0.045  A 11572
   1968.73945 11.079 11.080 11.031 10.956 10.861    0.049 0.059 0.040 0.044 0.045  A 11750
   1971.75155 11.175 11.194 11.107 11.061 10.971    0.059 0.068 0.051 0.057 0.059  D 11817
   1977.70021 11.016 11.095 10.962 10.890 10.807    0.061 0.071 0.051 0.057 0.060  D 11980
   1978.73622 11.075 11.043 11.061 10.996 10.904    0.065 0.077 0.054 0.060 0.062  D 12076
   1979.71251 11.156 11.146 11.123 11.041 10.961    0.061 0.072 0.050 0.056 0.058  D 12260
   1980.70408 11.170 11.249 11.103 11.008 10.933    0.064 0.075 0.053 0.058 0.060  D 12403
   1981.72629 11.177 11.231 11.121 11.042 10.967    0.057 0.068 0.046 0.051 0.051  B 12593
   1982.70402 11.154 11.188 11.071 11.012 10.928    0.055 0.066 0.044 0.048 0.048  A 12777
   1984.70260 11.058 11.141 11.002 10.936 10.865    0.062 0.074 0.049 0.054 0.054  D 12992
   1985.69506 11.017 11.009 10.981 10.941 10.879    0.065 0.076 0.052 0.053 0.054  D 13180
   2025.59309 11.094 11.132 11.008 10.918 10.832    0.031 0.040 0.032 0.037 0.041  A 17172
   2034.58590 11.134 11.153 11.060 10.967 10.876    0.037 0.048 0.037 0.044 0.049  A 18631
   2037.60918 11.145 11.263 11.046 10.907 10.803    0.045 0.073 0.044 0.051 0.056  A 18961
   2053.56535 11.168 11.181 11.088 10.954 10.862    0.038 0.057 0.038 0.044 0.048  A 20001
   2054.55846 11.176 11.174 11.112 11.000 10.884    0.050 0.081 0.047 0.055 0.062  B 20219
   2055.54732 11.082 11.083 10.992 10.846 10.765    0.041 0.066 0.040 0.046 0.052  A 20430
   2056.55571 11.070 11.124 10.983 10.844 10.751    0.039 0.061 0.038 0.044 0.050  A 20660
   2058.54603 11.229 11.236 11.177 11.068 10.937    0.048 0.080 0.044 0.050 0.056  B 21113
   2062.53193 11.199 11.179 11.112 10.981 10.854    0.056 0.075 0.061 0.071 0.079  D 21495
   2064.53082 11.087 11.129 10.997 10.844 10.760    0.050 0.080 0.049 0.058 0.062  B 21594
   2068.52552 11.246 11.233 11.164 11.040 10.926    0.043 0.071 0.041 0.047 0.053  A 22026
   2071.52740 11.257 11.279 11.162 11.009 10.922    0.041 0.063 0.041 0.048 0.055  A 22695
   2079.48323 11.301 11.374 11.192 11.032 10.919    0.040 0.053 0.037 0.044 0.049  A 22770
   2081.50093 11.309 11.419 11.221 11.134 11.025    0.044 0.074 0.041 0.047 0.053  B 23065
   2083.55110 11.161 11.227 11.083 10.947 10.850    0.041 0.061 0.040 0.047 0.052  A 23554
   2086.47646 11.148 11.231 11.033 10.919 10.836    0.041 0.065 0.039 0.045 0.050  A 23975
   2088.48697 11.235 11.269 11.144 10.963 10.852    0.043 0.070 0.041 0.047 0.053  A 24426
   2093.45417 11.149 11.149 11.056 10.903 10.802    0.047 0.076 0.045 0.051 0.057  B 24634
   2116.46904 11.134 11.212 11.060 10.918 10.829    0.037 0.044 0.037 0.042 0.048  A 27013
   2125.50192 11.119 11.143 11.049 10.922 10.842    0.040 0.051 0.041 0.049 0.055  A 27806
   2129.50463 11.355 11.336 11.279 11.155 11.031    0.037 0.038 0.038 0.045 0.050  A 28098
   2135.50011 11.130 11.146 11.061 10.945 10.880    0.043 0.054 0.043 0.049 0.056  A 29369
   2142.48114 11.193 11.250 11.110 10.983 10.892    0.038 0.048 0.039 0.045 0.050  A 30533
   2145.47297 11.075 11.137 10.996 10.909 10.846    0.036 0.044 0.036 0.041 0.047  A 31142
   2255.83641 11.159 11.230 11.098 11.089 11.004    0.073 0.083 0.060 0.062 0.065  D 43716
   2442.48621 11.120 11.130 11.036 10.960 10.867    0.037 0.039 0.031 0.035 0.037  A 8419
   2444.48262 11.448 11.461 11.361 11.241 11.133    0.031 0.030 0.027 0.032 0.034  A 8817
   2445.56331 11.401 11.476 11.313 11.180 11.060    0.052 0.053 0.048 0.055 0.060  A 9061
   2452.46918 11.056 11.115 10.966 10.869 10.809    0.051 0.060 0.042 0.042 0.043  A 9388
   2454.51500 11.308 11.365 11.237 11.164 11.115    0.041 0.045 0.036 0.040 0.045  A 9799
   2459.48312 11.105 11.094 11.032 10.970 10.892    0.040 0.046 0.033 0.037 0.039  A 10061
   2463.46636 11.292 11.339 11.210 11.107 11.000    0.026 0.027 0.023 0.026 0.030  A 10545
   2465.50126 11.368 11.439 11.284 11.186 11.075    0.033 0.036 0.026 0.028 0.031  A 10999
   2467.48653 11.191 11.221 11.114 11.044 10.941    0.028 0.030 0.022 0.026 0.028  A 11430
   2469.48200 11.047 11.098 10.980 10.896 10.809    0.033 0.035 0.026 0.031 0.034  A 11862
   2473.45980 11.323 11.315 11.258 11.184 11.095    0.043 0.048 0.037 0.042 0.045  A 12606
   2482.49199 11.175 11.149 11.099 11.061 10.984    0.051 0.066 0.041 0.047 0.044  A 13094
   2491.47912 11.001 11.116 10.983 10.929 10.874    0.052 0.064 0.041 0.045 0.044  A 14172
   2497.48990 11.211 11.211 11.187 11.092 10.991    0.039 0.043 0.032 0.035 0.038  A 15162
   2499.50833 11.046 11.124 10.991 10.907 10.822    0.037 0.041 0.029 0.033 0.037  A 15592
   2502.50138 11.217 11.240 11.149 11.087 11.000    0.045 0.052 0.036 0.042 0.041  A 16162
   2503.52010 11.368 11.450 11.257 11.206 11.136    0.063 0.074 0.058 0.065 0.067  D 16374
   2509.52363 10.982 11.029 10.922 10.826 10.744    0.071 0.068 0.081 0.096 0.108  D 16878
   2511.50120 11.254 11.258 11.274 11.205 11.084    0.056 0.057 0.059 0.072 0.083  D 17035
   2521.47515 11.174 11.203 11.097 10.988 10.882    0.031 0.037 0.031 0.037 0.041  A 18330
   2526.47965 11.209 11.238 11.140 11.025 10.896    0.038 0.043 0.038 0.044 0.051  A 18779
   2622.84711 11.425 11.487 11.328 11.234 11.103    0.033 0.034 0.033 0.036 0.039  A 30057
   2625.84117 11.148 11.229 11.079 10.986 10.901    0.028 0.032 0.027 0.031 0.034  A 30504
   2629.80608 11.133 11.190 11.043 10.942 10.848    0.031 0.038 0.032 0.037 0.042  A 30945
   2638.83659 11.095 11.126 11.025 10.938 10.850    0.041 0.037 0.044 0.053 0.062  A 32758
   2641.84862 11.489 11.482 11.413 11.305 11.191    0.027 0.029 0.027 0.031 0.034  A 33202
   2644.84221 11.255 11.231 11.215 11.126 11.034    0.037 0.032 0.036 0.043 0.046  A 33660
   2651.82633 11.443 11.484 11.350 11.215 11.109    0.027 0.030 0.027 0.031 0.034  A 34518
   2654.86180 11.227 11.234 11.183 11.084 10.976    0.029 0.031 0.030 0.034 0.036  A 35107
   2658.78782 11.113 11.138 11.050 10.965 10.879    0.032 0.030 0.031 0.036 0.041  A 35665
   2662.81052 11.416 11.483 11.322 11.210 11.114    0.036 0.033 0.040 0.043 0.045  A 36356
   2664.82703 11.193 11.228 11.097 11.022 10.924    0.029 0.027 0.029 0.034 0.036  A 36706
   2666.85935 11.132 11.197 11.059 11.001 10.920    0.029 0.029 0.028 0.033 0.037  A 37046
   2669.81487 11.236 11.244 11.169 11.074 10.980    0.027 0.027 0.026 0.028 0.030  A 37506
   2672.79516 11.360 11.440 11.290 11.180 11.071    0.033 0.030 0.033 0.036 0.038  A 37993
   2674.83121 11.190 11.219 11.121 11.035 10.967    0.032 0.028 0.028 0.033 0.036  A 38352
   2676.79658 11.122 11.182 11.061 10.966 10.882    0.025 0.025 0.025 0.027 0.030  A 38703
   2678.78292 11.138 11.156 11.053 10.958 10.881    0.033 0.030 0.035 0.039 0.043  A 39038
   2680.78063 11.327 11.357 11.234 11.117 11.037    0.026 0.028 0.026 0.030 0.033  A 39367
   2684.75029 11.182 11.206 11.127 11.042 10.948    0.030 0.029 0.031 0.036 0.040  A 40042
   2686.76102 11.118 11.199 11.055 10.964 10.879    0.037 0.035 0.040 0.048 0.054  A 40414
   2688.75216 11.115 11.166 11.035 10.934 10.844    0.028 0.029 0.029 0.033 0.037  A 40773
   2690.75895 11.372 11.418 11.278 11.164 11.062    0.031 0.034 0.031 0.034 0.037  A 41145
   2692.81607 11.376 11.395 11.283 11.205 11.089    0.034 0.032 0.033 0.035 0.037  A 41486
   2694.75916 11.123 11.197 11.067 10.973 10.897    0.027 0.029 0.026 0.029 0.032  A 41819
   2697.73261 11.157 11.299 10.989 10.905 10.809    0.041 0.039 0.041 0.050 0.056  A 42321
   2699.74351 11.244 11.270 99.999 99.999 99.999    0.027 0.030 0.029 0.031 0.032  C 42747
   2701.74429 11.462 11.511 11.376 11.269 11.138    0.031 0.033 0.031 0.034 0.037  A 43131
   2703.74276 11.278 11.264 11.211 11.120 11.029    0.033 0.031 0.031 0.033 0.035  A 43513
   2705.73510 11.157 11.214 11.090 10.988 10.894    0.033 0.034 0.032 0.035 0.036  A 43884
   2707.73452 11.098 11.166 11.024 10.938 10.855    0.030 0.028 0.028 0.031 0.034  A 44249
   2709.70055 11.255 11.277 11.173 11.082 10.989    0.029 0.027 0.028 0.030 0.031  A 44599
   2711.67379 11.459 11.459 11.386 11.281 11.181    0.033 0.030 0.033 0.038 0.040  A 44960
   2712.81173 11.329 11.400 11.242 11.122 11.027    0.030 0.029 0.027 0.030 0.033  A 45197
   2714.69089 11.133 11.154 11.059 10.993 10.915    0.029 0.028 0.030 0.031 0.033  A 45537
   2717.69629 11.081 11.124 11.017 10.924 10.842    0.030 0.030 0.030 0.034 0.037  A 45881
   2719.85174 11.295 11.322 11.189 11.079 10.970    0.036 0.044 0.037 0.042 0.047  A 46188
   2721.72703 11.410 11.506 11.317 11.190 11.085    0.031 0.033 0.030 0.032 0.035  A 46522
   2724.86407 11.172 11.239 11.088 10.999 10.919    0.031 0.034 0.031 0.034 0.036  A 47158
   2726.72460 11.131 11.239 10.985 10.908 10.830    0.045 0.042 0.045 0.055 0.062  A 47500
   2728.71302 11.147 11.233 11.074 10.978 10.893    0.038 0.038 0.040 0.048 0.053  A 47890
   2730.70939 11.407 11.511 11.246 11.146 11.031    0.046 0.044 0.050 0.060 0.067  A 48297
   2732.82376 11.285 11.323 11.197 11.093 11.019    0.042 0.048 0.037 0.041 0.044  A 48491
   2734.67274 99.999 99.999 99.999 99.999 99.999    0.040 0.035 0.040 0.049 0.053  C 48840
   2736.65997 11.125 11.150 11.049 10.956 10.873    0.028 0.028 0.028 0.029 0.031  A 49224
   2738.66240 11.179 11.195 11.120 11.046 10.952    0.042 0.037 0.042 0.051 0.056  A 49612
   2740.68138 11.406 11.411 11.304 11.194 11.072    0.040 0.037 0.042 0.051 0.059  A 49971
   2742.59383 11.293 11.382 11.195 11.063 10.988    0.038 0.036 0.040 0.045 0.051  A 50340
   2743.75156 11.192 11.226 11.123 11.026 10.937    0.031 0.035 0.032 0.037 0.042  A 50592
   2749.81202 11.382 11.407 11.310 11.198 11.074    0.034 0.040 0.035 0.042 0.045  A 51521
   2751.59677 11.448 11.500 11.343 11.222 11.104    0.026 0.027 0.026 0.028 0.030  A 51811
   2755.61817 11.102 11.207 11.053 10.965 10.900    0.032 0.028 0.031 0.034 0.036  A 52450
   2756.75352 11.077 11.134 10.989 10.900 10.839    0.031 0.029 0.028 0.032 0.035  A 52704
   2757.84036 11.188 11.215 11.119 11.018 10.902    0.037 0.041 0.040 0.045 0.052  A 52961
   2759.85035 11.478 11.454 11.328 11.187 11.055    0.071 0.064 0.084 0.103 0.117  D 53310
   2761.61946 11.402 11.442 11.326 11.232 11.079    0.030 0.028 0.029 0.032 0.033  A 53621
   2762.72905 11.256 11.257 11.184 11.071 10.966    0.032 0.038 0.031 0.035 0.040  A 53872
   2763.84345 11.174 11.193 11.173 11.089 10.947    0.040 0.042 0.043 0.052 0.058  A 54113
   2775.65241 11.099 11.119 11.045 10.990 10.931    0.032 0.032 0.029 0.035 0.039  A 55088
   2784.61351 11.115 11.154 11.038 10.969 10.876    0.031 0.030 0.028 0.032 0.034  A 56131
   2785.75836 11.176 11.169 11.096 10.999 10.902    0.030 0.033 0.030 0.036 0.041  A 56405
   2787.70038 11.125 11.191 11.056 10.947 10.852    0.028 0.032 0.028 0.031 0.035  A 56821
   2790.76388 11.373 11.426 11.286 11.164 11.066    0.034 0.038 0.037 0.045 0.051  A 57380
   2793.52791 11.192 11.169 11.108 11.015 10.916    0.038 0.034 0.036 0.040 0.042  A 57781
   2796.52007 11.165 11.174 11.112 11.033 10.919    0.038 0.034 0.039 0.047 0.051  A 58335
   2808.67604 11.353 11.347 11.263 11.146 11.016    0.032 0.034 0.034 0.040 0.045  A 59322
   2810.55866 11.424 11.510 11.340 11.215 11.110    0.029 0.029 0.027 0.030 0.032  A 59699
   2811.71324 11.295 11.343 11.233 11.106 11.005    0.031 0.036 0.030 0.036 0.040  A 59988
   2813.64380 11.542 11.734 11.313 11.121 11.025    0.032 0.040 0.033 0.039 0.044  A 60414
   2819.54639 11.422 11.421 11.343 11.212 11.077    0.032 0.034 0.028 0.034 0.039  A 61256
   2821.57674 11.272 11.319 11.195 11.094 10.981    0.035 0.043 0.034 0.039 0.045  A 61710
   2826.55403 11.097 11.133 11.023 10.928 10.850    0.031 0.031 0.027 0.032 0.037  A 61998
   2829.57579 11.399 11.445 11.315 11.195 11.097    0.051 0.051 0.052 0.063 0.073  A 62261
   2831.59918 11.208 11.281 11.176 11.092 11.001    0.039 0.035 0.035 0.040 0.043  A 62714
   2833.57115 11.056 11.096 10.987 10.884 10.790    0.055 0.053 0.056 0.067 0.075  B 63116
   2834.63850 11.096 11.166 11.016 10.901 10.782    0.046 0.046 0.049 0.061 0.070  A 63339
   2836.55211 11.090 11.112 11.036 10.934 10.845    0.033 0.033 0.032 0.035 0.038  A 63645
   2839.60808 11.436 11.456 11.340 11.229 11.064    0.034 0.038 0.034 0.041 0.047  A 64100
   2842.53207 11.147 11.151 11.084 10.977 10.882    0.045 0.046 0.046 0.053 0.062  A 64706
   2845.52838 11.071 11.126 11.022 10.942 10.857    0.030 0.033 0.025 0.030 0.033  A 65178
   2853.48162 11.066 11.107 10.978 10.898 10.839    0.034 0.034 0.031 0.036 0.040  A 65598
   2858.56724 11.390 11.413 11.332 11.203 11.072    0.031 0.033 0.030 0.036 0.040  A 66294
   2862.53789 11.117 11.129 11.069 10.966 10.877    0.034 0.035 0.033 0.038 0.044  A 67135
   2866.55547 11.127 11.185 11.050 10.947 10.868    0.032 0.036 0.031 0.037 0.041  A 67525
   2875.50406 11.146 11.179 11.067 11.000 10.893    0.033 0.040 0.034 0.041 0.046  A 68496
   2879.50785 11.356 11.439 11.274 11.142 11.023    0.031 0.030 0.028 0.033 0.037  A 69201
   2975.83841 11.133 11.207 11.065 10.968 10.891    0.031 0.035 0.030 0.037 0.042  A 82798
   2978.85003 11.260 11.362 11.167 11.053 10.972    0.032 0.032 0.030 0.036 0.041  A 83213
   2982.83503 11.109 11.156 11.002 10.907 10.818    0.043 0.043 0.045 0.055 0.064  A 83721
   2986.82788 11.277 11.280 11.202 11.111 11.016    0.032 0.036 0.034 0.040 0.045  A 84245
   2989.84393 11.277 11.346 11.175 11.033 10.944    0.031 0.036 0.032 0.039 0.044  A 84602
   2996.84120 11.342 11.350 11.263 11.184 11.075    0.030 0.030 0.031 0.037 0.041  A 85527
   3005.80270 11.223 11.245 11.155 11.074 10.983    0.030 0.030 0.028 0.034 0.039  A 86525
   3008.82491 11.243 11.313 11.142 11.049 10.943    0.031 0.032 0.032 0.038 0.043  A 86918
   3012.79769 11.156 11.155 11.079 10.989 10.886    0.035 0.035 0.038 0.046 0.052  A 87435
   3016.83790 11.276 11.364 11.180 11.047 10.952    0.031 0.032 0.033 0.039 0.043  A 87823
   3019.82305 11.152 11.211 11.094 11.001 10.919    0.042 0.038 0.047 0.056 0.065  A 88211
   3025.79491 11.263 11.289 11.180 11.079 10.990    0.030 0.028 0.029 0.034 0.038  A 88485
   3030.78033 11.155 11.181 11.068 10.968 10.869    0.036 0.036 0.040 0.047 0.054  A 88781
   3033.80433 11.117 11.136 11.069 10.970 10.864    0.029 0.029 0.030 0.036 0.040  A 89087
   3036.81666 11.324 11.341 11.217 11.125 11.019    0.032 0.030 0.032 0.038 0.042  A 89422
   3041.79815 11.088 11.109 11.025 10.944 10.870    0.035 0.034 0.038 0.046 0.053  A 89711
   3043.82074 11.167 11.132 11.119 11.042 10.959    0.037 0.035 0.038 0.046 0.053  A 89989
   3047.75970 11.349 11.376 11.283 11.187 11.086    0.031 0.030 0.032 0.038 0.045  A 90506
   3051.74760 11.100 11.137 11.024 10.956 10.865    0.028 0.028 0.028 0.033 0.037  A 91033
   3053.82545 11.055 11.122 10.984 10.882 10.804    0.033 0.035 0.033 0.040 0.045  A 91335
   3056.77653 11.394 11.414 11.310 11.197 11.084    0.028 0.029 0.028 0.033 0.038  A 91728
   3059.74790 11.170 11.302 11.059 10.921 10.842    0.054 0.049 0.063 0.079 0.092  D 92112
   3061.80724 11.081 11.113 11.008 10.927 10.841    0.031 0.029 0.030 0.036 0.041  A 92416
   3064.74493 11.187 11.238 11.095 11.014 10.925    0.033 0.032 0.034 0.041 0.046  A 92788
   3067.83173 11.261 11.314 11.170 11.083 10.994    0.032 0.030 0.033 0.040 0.046  A 93112
   3069.79079 11.122 11.175 11.064 10.973 10.893    0.033 0.033 0.034 0.041 0.047  A 93392
   3071.77895 11.093 11.095 11.022 10.940 10.872    0.035 0.035 0.037 0.045 0.051  A 93676
   3073.86074 11.098 11.136 11.026 10.933 10.844    0.033 0.035 0.036 0.043 0.049  A 93946
   3076.70796 11.329 11.417 11.257 11.132 11.039    0.029 0.030 0.030 0.036 0.040  A 94291
   3078.75964 11.224 11.225 11.125 11.025 10.922    0.033 0.033 0.033 0.040 0.045  A 94613
   3080.78044 11.100 11.147 11.041 10.957 10.873    0.041 0.040 0.043 0.051 0.059  A 94909
   3082.85045 11.116 11.118 11.035 10.941 10.842    0.037 0.038 0.042 0.050 0.057  A 95228
   3086.80878 11.439 11.449 11.373 11.276 11.195    0.054 0.058 0.057 0.063 0.069  B 95513
   3089.66963 11.167 11.177 11.098 11.026 10.930    0.033 0.031 0.035 0.041 0.047  A 95921
   3091.73642 11.057 11.118 10.996 10.907 10.821    0.031 0.030 0.030 0.036 0.041  A 96252
   3093.71989 11.008 11.085 10.977 10.907 10.849    0.035 0.032 0.035 0.041 0.047  A 96554
   3097.69728 11.280 11.293 11.204 11.105 11.001    0.032 0.032 0.034 0.041 0.046  A 96831
   3099.74342 11.083 11.129 11.013 10.921 10.823    0.034 0.034 0.037 0.045 0.051  A 97156
   3101.77445 11.052 11.083 10.981 10.894 10.803    0.034 0.035 0.037 0.043 0.049  A 97475
   3103.80577 11.172 11.179 11.088 10.979 10.848    0.037 0.037 0.041 0.049 0.057  A 97803
   3105.78280 11.290 11.352 11.202 11.094 11.021    0.034 0.034 0.036 0.043 0.048  A 98114
   3107.78517 11.306 11.340 11.214 11.115 11.031    0.031 0.032 0.032 0.038 0.043  A 98431
   3112.60984 11.052 11.129 10.985 10.874 10.800    0.030 0.031 0.030 0.036 0.041  A 99148
   3114.67361 11.182 11.248 11.092 10.979 10.888    0.030 0.032 0.032 0.037 0.042  A 99502
   3116.66874 11.316 11.367 11.236 11.128 11.038    0.029 0.030 0.029 0.035 0.039  A 99826
   3123.71846 11.079 11.134 11.013 10.945 10.862    0.067 0.064 0.075 0.089 0.101  D 100405
   3125.64164 11.380 11.410 11.293 11.175 11.045    0.032 0.034 0.033 0.039 0.045  A 100715
   3127.65664 11.259 11.283 11.155 11.054 10.966    0.041 0.039 0.046 0.056 0.066  A 101035
   3129.70164 11.095 11.175 11.028 10.923 10.858    0.038 0.036 0.040 0.048 0.055  A 101385
   3131.71768 11.072 11.118 11.014 10.923 10.849    0.035 0.037 0.038 0.045 0.051  A 101676
   3133.72081 11.196 11.194 11.134 11.041 10.933    0.033 0.036 0.035 0.042 0.046  A 102011
   3144.73268 11.252 11.288 11.178 11.080 10.986    0.030 0.032 0.031 0.036 0.041  A 103303
   3153.61354 11.185 11.203 11.095 10.999 10.910    0.033 0.033 0.034 0.041 0.046  A 103754
   3158.67813 11.194 11.217 11.140 11.057 10.970    0.040 0.040 0.045 0.053 0.062  A 104417
   3163.68993 11.201 11.223 11.129 11.035 10.924    0.033 0.035 0.035 0.041 0.046  A 105038
   3168.71351 11.094 11.152 11.016 10.905 10.833    0.033 0.035 0.034 0.041 0.047  A 105776
   3177.71180 11.162 11.201 11.098 11.015 10.923    0.034 0.032 0.032 0.037 0.042  A 106923
   3185.59876 11.358 11.440 11.274 11.139 11.061    0.034 0.035 0.036 0.043 0.048  A 107920
   3219.52181 11.065 11.072 11.005 10.906 10.807    0.037 0.042 0.034 0.040 0.045  A 109990
   3354.84551 11.207 11.257 11.137 11.019 10.897    0.053 0.057 0.059 0.068 0.076  D 124313
   3358.83211 11.034 11.062 10.964 10.845 10.771    0.043 0.060 0.041 0.048 0.054  A 124752
   3362.83570 11.351 11.335 11.266 11.124 10.985    0.054 0.080 0.049 0.056 0.063  B 124896
   3384.79495 11.303 11.378 11.219 11.124 11.042    0.071 0.084 0.074 0.085 0.092  D 125939
   3387.82153 10.996 11.024 10.957 10.868 10.764    0.041 0.046 0.044 0.054 0.061  A 126382
   3390.82462 11.182 11.207 11.097 10.964 10.852    0.040 0.044 0.041 0.048 0.055  A 126787
   3394.84265 11.217 11.274 11.121 10.980 10.893    0.034 0.042 0.035 0.041 0.048  A 127209
   3397.82013 10.997 11.008 10.949 10.856 10.748    0.035 0.039 0.035 0.042 0.048  A 127566
   3400.81328 11.185 11.200 11.101 10.961 10.863    0.035 0.042 0.034 0.041 0.048  A 127972
   3403.84462 11.330 11.359 11.241 11.092 10.979    0.039 0.046 0.042 0.049 0.054  A 128326
   3406.79118 11.046 11.088 10.988 10.892 10.787    0.041 0.050 0.040 0.045 0.050  A 128776
   3409.79527 11.112 11.161 11.048 10.973 10.865    0.038 0.043 0.039 0.044 0.048  A 129246
   3412.78472 11.359 11.433 11.281 11.171 11.030    0.029 0.033 0.031 0.037 0.042  A 129675
   3415.76193 11.074 11.125 11.001 10.899 10.792    0.030 0.033 0.031 0.035 0.039  A 130153
   3418.75276 11.050 11.097 10.977 10.885 10.799    0.040 0.046 0.040 0.045 0.050  A 130619
   3420.83466 11.159 11.164 11.076 10.959 10.824    0.064 0.065 0.072 0.084 0.096  D 130974
   3422.82649 11.272 11.296 11.197 11.069 10.962    0.046 0.065 0.043 0.047 0.052  A 131279
   3424.80858 11.154 11.210 11.070 10.945 10.849    0.037 0.039 0.038 0.044 0.050  A 131569
   3426.78932 10.978 11.018 10.934 10.860 10.765    0.031 0.033 0.033 0.039 0.045  A 131898
   3430.85161 11.214 11.211 11.118 10.968 10.884    0.035 0.043 0.034 0.041 0.046  A 132268
   3433.72615 11.259 11.294 11.155 10.994 10.881    0.042 0.057 0.040 0.048 0.054  A 132714
   3436.77709 11.011 11.050 10.939 10.847 10.761    0.037 0.037 0.039 0.047 0.056  A 133036
   3439.76639 11.155 11.210 11.083 10.981 10.857    0.037 0.043 0.040 0.048 0.055  A 133374
   3445.75393 11.076 11.101 11.000 10.855 10.755    0.051 0.072 0.051 0.058 0.065  A 134145
   3447.77789 10.966 10.940 10.937 10.789 10.689    0.051 0.080 0.050 0.056 0.062  B 134791
   3449.78269 11.202 11.219 11.159 11.075 10.990    0.045 0.049 0.048 0.056 0.062  A 135119
   3452.68479 11.352 11.436 11.254 11.131 10.991    0.039 0.041 0.040 0.047 0.053  A 135507
   3454.73463 11.131 11.160 11.075 10.970 10.893    0.035 0.039 0.037 0.045 0.051  A 135860
   3456.74373 11.024 11.034 10.952 10.866 10.765    0.036 0.042 0.037 0.044 0.050  A 136217
   3458.73560 11.055 11.130 10.975 10.862 10.763    0.043 0.051 0.043 0.049 0.053  A 136568
   3460.75026 11.258 11.262 11.176 11.033 10.913    0.036 0.040 0.037 0.045 0.052  A 136937
   3463.64957 11.248 11.256 11.170 11.042 10.934    0.037 0.045 0.037 0.044 0.050  A 137322
   3465.70717 11.012 10.991 10.967 10.866 10.787    0.034 0.039 0.036 0.043 0.050  A 137676
   3468.68776 11.095 11.154 11.046 10.965 10.841    0.032 0.037 0.033 0.039 0.044  A 138115
   3470.69930 11.268 11.289 11.173 11.022 10.931    0.032 0.035 0.032 0.037 0.043  A 138425
   3472.73205 11.323 11.377 11.224 11.045 10.925    0.034 0.037 0.035 0.042 0.047  A 138746
   3474.74380 11.073 11.082 10.990 10.870 10.742    0.039 0.041 0.044 0.052 0.060  A 139073
   3477.60907 11.028 11.047 10.976 10.889 10.772    0.056 0.088 0.055 0.061 0.067  D 139535
   3479.66073 11.200 11.210 11.145 11.028 10.913    0.041 0.048 0.044 0.053 0.060  A 139862
   3481.65663 11.392 11.433 11.320 11.198 11.059    0.033 0.039 0.034 0.040 0.045  A 140182
   3483.67282 11.220 11.231 11.138 11.024 10.906    0.039 0.044 0.042 0.051 0.057  A 140507
   3486.79202 11.010 11.023 10.967 10.883 10.785    0.053 0.051 0.062 0.077 0.091  D 140754
   3489.80150 11.257 11.285 11.203 11.103 10.983    0.038 0.047 0.040 0.047 0.052  A 141010
   3491.82345 11.420 11.419 11.322 11.181 11.025    0.049 0.071 0.046 0.053 0.060  A 141372
   3497.82824 11.033 11.044 10.953 10.825 10.745    0.039 0.043 0.041 0.050 0.058  A 141983
   3501.50330 11.418 11.473 11.329 11.234 11.095    0.038 0.048 0.036 0.043 0.048  A 142406
   3503.59821 11.180 11.218 11.124 11.024 10.886    0.035 0.041 0.035 0.041 0.046  A 142793
   3506.61354 11.027 11.016 10.970 10.871 10.780    0.044 0.047 0.045 0.053 0.061  A 143134
   3509.64087 11.205 11.217 11.113 10.977 10.897    0.035 0.039 0.033 0.039 0.044  A 143423
   3511.68668 11.336 11.356 11.237 11.072 10.958    0.035 0.040 0.035 0.042 0.049  A 143687
   3515.69137 10.988 11.012 10.925 10.801 10.707    0.037 0.037 0.039 0.048 0.055  A 144064
   3517.67674 11.064 11.094 10.978 10.888 10.792    0.039 0.051 0.038 0.044 0.050  A 144355
   3521.60180 11.360 11.386 11.281 11.152 11.030    0.032 0.037 0.035 0.041 0.047  A 144828
   3523.60524 11.162 11.139 11.141 11.033 10.876    0.059 0.090 0.058 0.065 0.072  D 145183
   3525.62516 10.959 10.986 10.909 10.828 10.730    0.032 0.039 0.033 0.039 0.044  A 145492
   3529.62572 11.299 11.356 11.205 11.091 10.952    0.054 0.082 0.052 0.058 0.062  D 146191
   3538.57426 11.149 11.192 11.079 10.973 10.861    0.032 0.035 0.033 0.039 0.045  A 146822
   3540.61436 11.352 11.398 11.275 11.177 11.031    0.048 0.052 0.053 0.064 0.072  A 147157
   3550.60827 11.366 11.320 11.310 11.182 11.033    0.048 0.066 0.046 0.052 0.057  A 148204
   3552.67274 11.254 11.280 11.200 11.101 10.977    0.045 0.049 0.048 0.055 0.061  A 148474
   3555.67187 11.011 11.077 10.960 10.872 10.766    0.038 0.043 0.039 0.045 0.052  A 148934
   3563.55096 11.121 11.202 11.027 10.937 10.856    0.042 0.060 0.041 0.048 0.053  A 150055
   3569.63381 11.290 11.333 11.209 11.090 10.956    0.036 0.038 0.036 0.042 0.049  A 150571
   3573.59345 11.055 11.107 10.981 10.864 10.768    0.037 0.037 0.036 0.043 0.050  A 151097
   3575.60549 11.008 11.050 10.947 10.822 10.715    0.037 0.039 0.036 0.042 0.047  A 151462
   3578.54974 11.172 11.193 11.073 10.920 10.822    0.035 0.040 0.035 0.041 0.047  A 151946
   3584.53706 11.060 11.081 11.008 10.917 10.812    0.036 0.044 0.036 0.042 0.047  A 152986
   3586.58613 11.002 11.012 99.999 99.999 99.999    0.040 0.047 0.040 0.046 0.052  C 153338
   3589.48913 11.292 11.279 11.212 11.066 10.959    0.038 0.051 0.037 0.042 0.047  A 153794
   3591.55747 11.410 11.419 11.302 11.155 11.033    0.048 0.074 0.044 0.050 0.056  B 154164
   3593.54820 11.093 11.106 11.021 10.927 10.833    0.037 0.042 0.038 0.045 0.049  A 154511
   3597.54848 11.110 11.134 11.013 10.907 10.817    0.033 0.038 0.035 0.041 0.047  A 155107
   3601.54060 11.340 11.377 11.249 11.113 10.961    0.041 0.043 0.042 0.050 0.057  A 155528
   3604.49626 11.000 11.043 10.917 10.795 10.719    0.048 0.051 0.053 0.065 0.075  A 155995
   3608.48879 11.218 11.210 11.133 11.008 10.878    0.038 0.043 0.038 0.044 0.050  A 156419
   3618.48402 11.238 11.323 11.174 11.077 10.971    0.040 0.061 0.043 0.050 0.055  A 157234
   3622.47883 11.172 11.177 11.089 10.958 10.800    0.050 0.051 0.056 0.068 0.077  B 157855
   3714.84733 11.037 11.094 10.977 10.896 10.807    0.043 0.058 0.043 0.049 0.055  A 169768
   3719.83825 11.384 11.424 11.292 11.183 11.034    0.041 0.049 0.044 0.053 0.062  A 170368
   3724.83177 10.975 10.967 10.901 10.769 10.681    0.044 0.063 0.043 0.051 0.057  A 170933
   3727.83167 11.327 11.399 11.235 11.114 11.007    0.047 0.062 0.047 0.054 0.061  A 171344
   3731.84263 11.065 11.087 10.982 10.844 10.747    0.043 0.052 0.043 0.050 0.056  A 171755
   3735.81220 11.111 11.112 11.050 10.941 10.819    0.039 0.051 0.040 0.048 0.054  A 172271
   3738.85876 11.366 11.402 11.281 11.133 11.026    0.038 0.043 0.039 0.047 0.054  A 172709
   3742.80589 10.990 11.026 10.907 10.783 10.698    0.041 0.052 0.040 0.048 0.054  A 173200
   3746.80578 11.196 11.262 11.090 10.966 10.863    0.046 0.051 0.051 0.062 0.072  A 173732
   3750.80439 11.199 11.243 11.117 11.000 10.894    0.044 0.057 0.046 0.054 0.060  A 174299
   3753.82992 10.966 11.013 10.888 10.804 10.718    0.043 0.045 0.046 0.056 0.064  A 174713
   3756.82197 11.233 11.249 11.151 11.024 10.911    0.041 0.044 0.044 0.053 0.061  A 175121
   3762.82895 11.001 10.987 10.943 10.840 10.768    0.047 0.061 0.047 0.054 0.062  A 175936
   3765.81968 11.140 11.226 11.061 10.934 10.847    0.045 0.055 0.046 0.052 0.057  A 176354
   3769.77477 11.337 11.357 11.266 11.134 11.015    0.049 0.065 0.047 0.052 0.057  A 176874
   3772.80726 10.999 11.002 10.936 10.834 10.741    0.039 0.051 0.038 0.045 0.051  A 177269
   3775.79181 11.208 11.230 11.116 11.012 10.903    0.041 0.049 0.041 0.049 0.056  A 177696
   3778.78983 11.423 11.412 11.367 11.240 99.999    0.038 0.042 0.042 0.051 0.058  C 178154
   3788.80836 11.398 11.436 11.342 11.215 11.074    0.037 0.041 0.040 0.048 0.055  A 179033
   3791.74996 11.068 11.053 10.998 10.889 10.803    0.043 0.051 0.044 0.050 0.055  A 179436
   3793.80142 11.034 11.056 10.967 10.875 10.769    0.039 0.045 0.040 0.049 0.056  A 179747
   3796.74013 11.308 11.359 11.230 11.097 10.972    0.033 0.035 0.034 0.040 0.044  A 180156
   3798.80270 11.377 11.415 11.327 11.211 11.058    0.041 0.048 0.043 0.048 0.053  A 180451
   3801.72167 11.093 11.067 11.038 10.941 10.859    0.052 0.071 0.053 0.065 0.074  A 180840
   3804.71141 11.079 11.081 11.013 10.904 10.792    0.042 0.050 0.045 0.054 0.062  A 181193
   3806.77858 11.304 11.365 11.205 11.070 10.941    0.036 0.043 0.038 0.045 0.052  A 181514
   3809.75836 11.239 11.291 11.138 10.967 10.867    0.043 0.049 0.045 0.054 0.062  A 181860
   3811.79559 11.023 11.074 10.932 10.826 10.732    0.038 0.041 0.040 0.048 0.055  A 182191
   3814.69069 11.117 11.191 11.065 10.964 10.852    0.039 0.049 0.041 0.049 0.056  A 182634
   3816.73905 11.383 11.414 11.303 11.178 11.048    0.038 0.044 0.039 0.046 0.052  A 182965
   3818.80349 11.407 11.454 11.322 11.156 11.052    0.041 0.054 0.042 0.049 0.056  A 183310
   3821.66829 11.016 11.040 10.935 10.799 10.725    0.039 0.043 0.042 0.051 0.059  A 183747
   3823.71881 11.019 11.016 10.961 10.856 10.751    0.039 0.038 0.043 0.052 0.060  A 184089
   3825.74234 11.261 11.259 11.234 11.132 11.007    0.042 0.043 0.046 0.055 0.063  A 184434
   3827.80963 11.343 11.409 11.229 11.081 10.979    0.035 0.039 0.035 0.042 0.048  A 184797
   3830.64629 11.092 11.094 11.017 10.854 10.765    0.049 0.069 0.049 0.059 0.067  A 185245
   3832.69703 11.006 11.046 10.943 10.847 10.747    0.038 0.046 0.039 0.045 0.051  A 185617
   3834.68678 11.103 11.114 11.015 10.887 10.773    0.037 0.046 0.038 0.045 0.051  A 185959
   3836.70369 11.338 11.375 11.252 11.112 10.985    0.038 0.041 0.043 0.051 0.060  A 186300
   3848.64427 11.309 11.354 11.201 11.079 10.948    0.055 0.062 0.061 0.073 0.084  D 186914
   3850.66374 11.155 11.167 11.081 10.963 10.850    0.047 0.072 0.043 0.048 0.053  A 187261
   3852.67043 10.999 11.005 10.929 10.807 10.730    0.038 0.048 0.037 0.043 0.050  A 187616
   3854.68523 11.112 11.135 11.010 10.853 10.762    0.048 0.076 0.045 0.051 0.056  B 187987
   3856.72476 11.317 11.431 11.171 11.024 10.911    0.038 0.047 0.039 0.046 0.050  A 188263
   3861.56987 11.015 11.015 10.933 10.828 10.738    0.033 0.037 0.034 0.040 0.045  A 188991
   3863.60537 11.043 11.043 10.978 10.845 10.755    0.036 0.041 0.035 0.042 0.048  A 189346
   3865.62075 11.281 11.275 11.199 11.087 10.987    0.036 0.041 0.037 0.043 0.049  A 189703
   3867.66625 11.355 11.387 11.237 11.041 10.920    0.039 0.044 0.042 0.049 0.056  A 190037
   3869.67717 11.191 11.219 11.120 11.000 10.904    0.042 0.044 0.047 0.057 0.066  A 190382
   3871.66603 10.972 10.976 10.905 10.789 10.709    0.035 0.041 0.035 0.043 0.049  A 190750
   3874.74940 11.170 11.216 11.079 10.947 10.860    0.037 0.048 0.038 0.044 0.049  A 191053
   3882.61520 10.990 11.022 10.941 10.847 10.739    0.034 0.041 0.035 0.042 0.047  A 192085
   3886.64750 11.388 11.426 11.306 11.187 11.041    0.039 0.051 0.038 0.043 0.049  A 192472
   3890.62589 11.034 11.042 10.977 10.854 10.761    0.033 0.035 0.033 0.038 0.044  A 193174
   3892.61612 10.988 11.000 10.940 10.838 10.739    0.036 0.038 0.037 0.045 0.052  A 193517
   3894.64824 11.154 11.221 11.059 10.953 10.863    0.033 0.032 0.032 0.039 0.046  A 193859
   3897.69679 11.341 11.400 11.241 11.128 11.029    0.051 0.059 0.055 0.067 0.076  A 194210
   3900.52261 11.061 11.108 10.983 10.875 10.768    0.034 0.036 0.038 0.045 0.052  A 194619
   3902.55999 11.011 11.050 10.926 10.814 10.728    0.039 0.041 0.042 0.049 0.056  A 195002
   3904.57066 11.238 11.329 11.156 11.043 10.954    0.042 0.060 0.039 0.045 0.051  A 195390
   3906.58523 11.385 11.375 11.282 11.151 11.020    0.037 0.045 0.036 0.041 0.046  A 195772
   3908.58357 11.267 11.301 11.187 11.062 10.944    0.036 0.041 0.037 0.042 0.048  A 196160
   3912.68563 11.044 11.054 10.985 10.901 10.815    0.035 0.039 0.037 0.042 0.048  A 196760
   4089.83777 11.013 11.014 10.951 10.858 10.763    0.044 0.052 0.046 0.054 0.061  A 209199
   4104.80324 11.397 11.376 11.295 11.118 10.990    0.048 0.059 0.050 0.060 0.068  A 210755
   4107.83086 11.063 11.072 11.000 10.896 10.803    0.038 0.045 0.038 0.045 0.051  A 211169
   4126.83677 11.148 11.182 11.077 10.987 10.877    0.040 0.044 0.039 0.044 0.050  A 211736
   4132.83370 11.334 11.362 11.280 11.155 11.023    0.038 0.040 0.041 0.049 0.057  A 212515
   4135.80626 11.273 11.343 11.159 10.995 10.875    0.043 0.061 0.043 0.050 0.057  A 212910
   4151.71687 11.238 11.295 11.123 10.984 10.890    0.037 0.047 0.036 0.042 0.048  A 214990
   4153.81867 11.378 11.445 11.294 11.150 11.020    0.037 0.040 0.037 0.044 0.051  A 215338
   4156.74367 11.081 11.062 11.004 10.863 10.763    0.042 0.055 0.042 0.046 0.052  A 215747
   4158.81302 11.038 11.069 10.995 10.902 10.809    0.042 0.053 0.042 0.048 0.054  A 216049
   4160.82830 11.111 11.094 11.026 10.876 10.795    0.040 0.056 0.039 0.046 0.052  A 216368
   4162.78689 11.319 11.415 11.205 11.031 10.900    0.046 0.054 0.049 0.060 0.070  A 216676
   4167.73979 11.023 11.014 10.964 10.856 10.754    0.041 0.052 0.041 0.049 0.057  A 217349
   4172.79684 11.376 11.383 11.285 11.135 10.979    0.040 0.051 0.039 0.045 0.052  A 217965
   4175.69493 11.267 11.263 11.185 11.097 10.969    0.049 0.051 0.051 0.060 0.068  A 218400
   4177.84079 11.023 11.029 10.928 10.789 10.729    0.040 0.049 0.041 0.049 0.056  A 218675
   4180.72241 11.132 11.202 11.035 10.876 10.779    0.045 0.045 0.048 0.058 0.067  A 219014
   4182.81416 11.358 11.381 11.253 11.132 10.984    0.038 0.043 0.041 0.048 0.055  A 219319
   4185.67245 11.240 11.237 11.139 11.057 10.951    0.049 0.057 0.056 0.070 0.076  D 219703
   4188.77710 11.060 11.076 10.994 10.912 10.830    0.038 0.039 0.035 0.041 0.046  A 219982
   4190.74874 11.119 11.135 11.040 10.872 10.754    0.039 0.043 0.038 0.045 0.052  A 220276
   4192.73828 11.392 11.421 11.316 11.179 11.064    0.038 0.040 0.036 0.044 0.050  A 220596
   4194.76589 11.463 12.065 11.256 11.115 10.955    0.039 0.039 0.040 0.047 0.054  A 220920
   4197.76980 11.038 11.065 10.996 10.909 10.800    0.042 0.046 0.044 0.054 0.061  A 221245
   4200.70308 11.140 11.199 11.059 10.930 10.825    0.036 0.038 0.034 0.041 0.046  A 221508
   4203.70648 11.393 11.429 11.290 11.169 11.012    0.035 0.040 0.034 0.039 0.045  A 221805
   4205.71201 11.387 11.483 11.278 11.148 11.018    0.038 0.045 0.039 0.047 0.053  A 222135
   4208.77774 11.056 11.071 10.999 10.902 10.822    0.044 0.046 0.047 0.057 0.066  A 222381
   4213.68319 11.340 11.387 11.220 11.096 10.949    0.040 0.042 0.042 0.050 0.058  A 222601
   4216.67279 11.033 11.092 10.941 10.830 10.727    0.042 0.045 0.040 0.045 0.051  A 222880
   4227.61588 11.000 11.022 10.938 10.837 10.742    0.037 0.042 0.034 0.039 0.045  A 223149
   4228.82186 11.052 11.050 10.969 10.838 10.755    0.042 0.048 0.040 0.046 0.053  A 223408
   4230.79310 11.165 11.200 11.100 10.982 10.898    0.039 0.051 0.036 0.042 0.047  A 223741
   4232.79347 11.441 11.465 11.326 11.148 11.007    0.041 0.043 0.044 0.052 0.059  A 224085
   4235.53612 11.120 11.210 11.041 10.913 10.816    0.034 0.038 0.033 0.040 0.046  A 224549
   4237.58647 11.016 11.056 10.943 10.828 10.733    0.046 0.048 0.048 0.057 0.066  A 224860
   4246.57005 10.996 11.028 10.910 10.774 10.680    0.047 0.054 0.046 0.051 0.057  A 226196
   4249.56867 11.202 11.231 11.107 11.001 10.895    0.041 0.044 0.040 0.046 0.053  A 226593
   4253.56966 11.363 11.398 11.265 11.133 11.011    0.040 0.046 0.037 0.043 0.049  A 226824
   4254.72965 11.253 11.281 11.172 11.017 10.904    0.042 0.048 0.041 0.048 0.056  A 227043
   4257.55553 11.007 11.061 10.917 10.798 10.708    0.042 0.043 0.044 0.052 0.060  A 227390
   4259.57994 11.081 11.158 11.022 10.903 10.785    0.036 0.039 0.036 0.042 0.047  A 227657
   4267.60741 11.070 11.107 10.981 10.880 10.797    0.042 0.044 0.045 0.052 0.058  A 227840
   4269.64044 11.151 11.223 11.105 11.018 10.917    0.044 0.048 0.045 0.053 0.060  A 228155
   4272.58683 11.412 11.439 11.297 11.155 11.020    0.035 0.038 0.033 0.038 0.044  A 228362
   4274.60620 11.210 11.243 11.128 11.014 10.919    0.037 0.040 0.034 0.040 0.044  A 228679
   4277.59589 11.105 11.131 11.054 10.965 10.859    0.038 0.044 0.036 0.042 0.048  A 228990
   4283.65539 11.312 11.294 11.215 11.092 10.997    0.051 0.068 0.050 0.060 0.069  A 229643
   4285.64293 11.129 11.116 11.052 10.948 10.884    0.043 0.053 0.043 0.051 0.058  A 229983
   4289.63897 11.186 11.201 11.115 11.006 10.903    0.041 0.049 0.038 0.045 0.052  A 230337
   4291.64271 11.335 11.383 11.261 11.147 11.035    0.038 0.041 0.035 0.040 0.044  A 230689
   4293.63310 11.311 11.338 11.211 11.083 10.969    0.036 0.037 0.033 0.040 0.045  A 231052
   4295.64894 11.100 11.154 11.009 10.885 10.793    0.037 0.046 0.035 0.041 0.047  A 231397
   4297.63956 11.098 11.160 11.031 10.938 10.848    0.043 0.057 0.044 0.053 0.063  A 231745
   4299.60963 11.172 11.215 11.082 10.938 10.854    0.042 0.060 0.040 0.047 0.053  A 232109
   4301.56839 11.370 11.411 11.298 11.186 11.077    0.045 0.060 0.044 0.051 0.059  A 232446
   4303.58181 11.298 11.329 11.221 11.101 10.984    0.038 0.043 0.035 0.041 0.047  A 232746
   4305.56248 11.101 11.148 11.021 10.933 10.833    0.038 0.043 0.035 0.041 0.046  A 233118
   4307.58272 11.120 11.195 11.021 10.916 10.812    0.043 0.056 0.040 0.047 0.053  A 233460
   4310.59472 11.319 11.459 11.195 11.046 10.910    0.042 0.052 0.041 0.048 0.054  A 233881
   4312.59173 11.362 11.386 11.269 11.115 11.034    0.044 0.047 0.046 0.055 0.063  A 234208
   4316.55903 11.253 11.348 11.154 11.020 10.947    0.039 0.041 0.041 0.048 0.054  A 234619
   4330.47854 11.338 11.349 11.258 11.115 10.984    0.036 0.041 0.035 0.041 0.047  A 235263
   4332.50180 11.375 11.421 11.260 11.147 11.038    0.034 0.038 0.034 0.040 0.046  A 235634
   4334.52189 11.155 11.160 11.070 10.929 10.828    0.036 0.040 0.035 0.040 0.046  A 235997
   4338.52795 11.124 11.119 11.054 10.942 10.856    0.042 0.048 0.039 0.046 0.052  A 236392
   4341.50894 11.405 11.397 11.289 11.127 11.013    0.037 0.042 0.039 0.045 0.052  A 236878
   4344.49554 11.176 11.176 11.097 10.985 10.892    0.038 0.047 0.039 0.045 0.051  A 237389
   4346.50338 11.100 11.152 11.016 10.898 10.825    0.040 0.055 0.038 0.045 0.052  A 237733
   4349.48139 11.232 11.252 11.143 10.992 10.886    0.039 0.040 0.041 0.046 0.052  A 238239
   4352.48141 11.351 11.369 11.278 11.147 10.993    0.035 0.036 0.034 0.040 0.046  A 238706
   4356.47879 11.075 11.146 10.992 10.877 10.823    0.043 0.056 0.039 0.046 0.053  A 239292
   4432.85053 11.303 11.359 11.221 11.100 10.970    0.045 0.054 0.046 0.054 0.062  A 247740
   4436.83881 11.092 11.091 11.030 10.941 10.833    0.042 0.049 0.043 0.051 0.058  A 248224
   4440.84268 11.412 11.438 11.306 11.129 11.007    0.040 0.047 0.040 0.048 0.055  A 248731
   4453.83181 11.156 11.190 11.079 10.933 10.836    0.049 0.050 0.050 0.055 0.054  A 250188
   4457.82965 11.146 11.123 11.070 10.914 10.829    0.045 0.053 0.045 0.053 0.061  A 250623
   4461.81818 11.328 11.339 11.261 11.145 11.040    0.042 0.044 0.043 0.051 0.060  A 251097
   4464.83187 11.097 11.165 11.022 10.903 10.799    0.042 0.047 0.042 0.049 0.056  A 251478
   4468.80956 11.262 11.283 11.163 11.002 10.894    0.044 0.054 0.044 0.049 0.054  A 251910
   4472.83692 11.293 11.318 11.237 11.146 11.057    0.059 0.064 0.066 0.081 0.093  D 252292
   4476.84436 11.079 11.079 10.983 10.850 10.755    0.051 0.065 0.054 0.063 0.072  A 252710
   4479.83966 11.428 11.481 11.343 11.208 11.059    0.040 0.044 0.041 0.049 0.056  A 253084
   4484.84616 11.136 11.170 11.041 10.923 10.836    0.038 0.043 0.039 0.046 0.053  A 253546
   4487.81731 11.231 11.242 11.133 10.980 10.888    0.041 0.049 0.040 0.048 0.055  A 253886
   4494.81675 11.054 11.102 10.945 10.842 10.750    0.039 0.044 0.037 0.044 0.051  A 254710
   4498.82193 11.382 11.400 11.289 11.149 11.031    0.038 0.041 0.038 0.043 0.048  A 254964
   4501.80688 11.305 11.370 11.207 11.054 10.938    0.038 0.041 0.038 0.045 0.052  A 255337
   4504.79621 11.033 11.083 10.944 10.820 10.709    0.047 0.045 0.052 0.064 0.077  A 255756
   4507.78353 11.245 11.249 11.177 11.059 10.918    0.043 0.052 0.044 0.053 0.060  A 256190
   4510.78036 11.359 11.393 11.292 11.179 11.048    0.044 0.052 0.044 0.053 0.060  A 256596
   4517.75341 11.255 11.304 11.156 11.043 10.921    0.042 0.044 0.043 0.053 0.060  A 257302
   4519.78434 11.348 11.441 11.225 11.054 10.931    0.042 0.044 0.044 0.051 0.059  A 257621
   4522.73713 11.180 11.234 11.096 10.974 10.882    0.037 0.040 0.036 0.042 0.048  A 258032
   4524.79415 11.385 11.947 11.162 10.971 10.842    0.034 0.037 0.033 0.040 0.047  A 258337
   4526.86097 11.183 11.258 11.094 10.994 10.884    0.038 0.045 0.036 0.043 0.048  A 258653
   4529.72657 11.413 11.423 11.303 11.117 10.997    0.038 0.044 0.036 0.042 0.049  A 259065
   4531.78224 11.240 11.254 11.131 10.998 10.884    0.037 0.040 0.034 0.041 0.047  A 259377
   4535.72741 11.033 11.067 10.967 10.865 10.758    0.041 0.043 0.040 0.046 0.054  A 259800
   4537.76453 11.274 11.309 11.215 11.118 11.024    0.035 0.038 0.034 0.040 0.046  A 260124
   4540.69580 11.361 11.420 11.278 11.166 11.037    0.049 0.049 0.054 0.065 0.074  A 260529
   4542.73623 11.142 11.149 11.079 10.952 10.841    0.039 0.043 0.043 0.053 0.061  A 260860
   4546.76813 11.117 11.143 11.018 10.862 10.781    0.042 0.045 0.043 0.052 0.060  A 261482
   4548.75919 11.673 11.718 11.572 11.413 11.275    0.045 0.055 0.047 0.055 0.063  A 261818
   4553.72972 11.108 11.099 11.054 10.938 10.843    0.037 0.043 0.037 0.043 0.050  A 262425
   4555.75702 11.080 11.119 11.011 10.919 10.813    0.035 0.038 0.036 0.042 0.048  A 262740
   4557.90505 11.318 11.370 11.253 11.150 11.050    0.046 0.052 0.042 0.050 0.058  A 263114
   4560.64532 11.366 11.403 11.294 11.175 11.047    0.037 0.039 0.036 0.042 0.048  A 263526
   4562.69779 11.092 11.105 11.013 10.858 10.786    0.038 0.045 0.037 0.044 0.051  A 263881
   4564.77623 11.066 11.175 10.983 10.904 10.801    0.046 0.063 0.042 0.048 0.054  A 264239
   4566.77199 11.210 11.218 11.127 11.018 10.909    0.040 0.042 0.040 0.045 0.050  A 264571
   4569.61678 11.393 11.448 11.290 11.134 11.006    0.037 0.039 0.037 0.044 0.050  A 264991
   4571.66571 11.183 11.246 11.095 10.976 10.887    0.039 0.041 0.039 0.047 0.054  A 265345
   4573.68252 11.045 11.030 10.979 10.877 10.767    0.040 0.045 0.041 0.049 0.056  A 265696
   4575.69853 11.070 11.091 10.994 10.863 10.766    0.040 0.043 0.040 0.047 0.055  A 266017
#dataset= 3 ; 2 F1300-64_049
#desig= 122440-6437.1
#cra=   12.411002  12:24:39.6
#cdec= -64.618170 -64:37:05.4
#class= 0
#cmag_0= 11.743
#cmer_0=  0.000
#nskip_0= 0
#cmag_1= 11.496
#cmer_1=  0.000
#nskip_1= 0
#cmag_2= 11.267
#cmer_2=  0.000
#nskip_2= 0
#cmag_3= 11.170
#cmer_3=  0.000
#nskip_3= 0
#cmag_4= 11.123
#cmer_4=  0.000
#nskip_4= 0
#ra=   12.411002  12:24:39.6
#dec= -64.618170 -64:37:05.4
#     HJD      MAG_1  MAG_0  MAG_2  MAG_3  MAG_4    MER_1 MER_0 MER_2 MER_3 MER_4 GRADE FRAME
   1922.76007 11.496 11.744 11.268 11.171 11.123    0.036 0.046 0.035 0.042 0.048  A 5827
   2440.51625 29.999 29.999 29.999 29.999 29.999    0.049 0.050 0.045 0.049 0.052  C 8006
   3121.64572 29.999 29.999 29.999 29.999 29.999    0.032 0.030 0.030 0.035 0.040  C 100089
   3559.52978 29.999 29.999 29.999 29.999 29.999    0.046 0.049 0.049 0.056 0.064  C 149371
   3561.55486 29.999 29.999 29.999 29.999 29.999    0.034 0.037 0.036 0.042 0.048  C 149716
   4129.82012 29.999 29.999 29.999 29.999 29.999    0.040 0.046 0.038 0.043 0.048  C 212128
   4164.79113 29.999 29.999 29.999 29.999 29.999    0.045 0.052 0.050 0.060 0.067  C 216954
