#ndata= 3
#dataset= 1 ; 1 F1248+00_357
#desig= 123308+0715.0
#cra=   12.552341  12:33:08.4
#cdec=   7.250457 07:15:01.6
#class= 0
#cmag_0=  9.572
#cmer_0=  0.093
#nskip_0= 0
#cmag_1=  9.548
#cmer_1=  0.090
#nskip_1= 0
#cmag_2=  9.550
#cmer_2=  0.094
#nskip_2= 0
#cmag_3=  9.551
#cmer_3=  0.090
#nskip_3= 0
#cmag_4=  9.536
#cmer_4=  0.103
#nskip_4= 0
#ra=   12.552341  12:33:08.4
#dec=   7.250457 07:15:01.6
#     HJD      MAG_3  MAG_0  MAG_1  MAG_2  MAG_4    MER_3 MER_0 MER_1 MER_2 MER_4 GRADE FRAME
   3392.85302  9.644  9.677  9.650  9.652  9.640    0.035 0.034 0.027 0.029 0.041  A 127012
   3448.76532  9.491  9.497  9.474  9.481  9.473    0.036 0.060 0.036 0.034 0.039  A 134948
   3450.73608  9.517  9.544  9.521  9.518  9.495    0.043 0.085 0.045 0.040 0.048  A 135281
#ndata= 118
#dataset= 2 ; 1 F1216+08_401
#desig= 123308+0715.0
#cra=   12.552349  12:33:08.5
#cdec=   7.250344 07:15:01.2
#class= 0
#cmag_0=  9.565
#cmer_0=  0.158
#nskip_0= 10
#cmag_1=  9.562
#cmer_1=  0.160
#nskip_1= 9
#cmag_2=  9.556
#cmer_2=  0.158
#nskip_2= 9
#cmag_3=  9.556
#cmer_3=  0.158
#nskip_3= 9
#cmag_4=  9.555
#cmer_4=  0.158
#nskip_4= 9
#ra=   12.552349  12:33:08.5
#dec=   7.250344 07:15:01.2
#     HJD      MAG_3  MAG_0  MAG_1  MAG_2  MAG_4    MER_3 MER_0 MER_1 MER_2 MER_4 GRADE FRAME
   2094.50812  9.970  9.993  9.982  9.970  9.972    0.027 0.041 0.025 0.024 0.028  A 24947
   2105.46259 10.028 10.011 10.023 10.030 10.020    0.023 0.045 0.031 0.025 0.025  A 26158
   2454.53978  9.521  9.526  9.529  9.531  9.536    0.034 0.037 0.036 0.029 0.035  A 9811
   2674.85644  9.433  9.450  9.433  9.428  9.429    0.044 0.038 0.037 0.038 0.052  A 38362
   2674.85725  9.450  9.446  9.446  9.452  9.463    0.045 0.039 0.036 0.038 0.052  A 38363
   2674.85806  9.441  9.453  9.458  9.449  9.441    0.045 0.044 0.037 0.039 0.050  A 38364
   2674.85888  9.443  9.458  9.451  9.458  9.436    0.043 0.038 0.036 0.036 0.052  A 38365
   2674.85970  9.471  9.503  9.499  9.489  9.462    0.044 0.041 0.037 0.037 0.050  A 38366
   2674.86051  9.447  9.460  9.435  9.444  9.450    0.044 0.043 0.036 0.038 0.052  A 38367
   2674.86132  9.449  9.490  9.458  9.455  9.454    0.044 0.040 0.035 0.037 0.050  A 38368
   2674.86213  9.447  9.470  9.462  9.455  9.440    0.045 0.039 0.037 0.038 0.051  A 38369
   2674.86295  9.429  9.418  9.421  9.426  9.431    0.043 0.041 0.036 0.037 0.050  A 38370
   2674.86457  9.434  9.451  9.433  9.435  9.438    0.044 0.041 0.037 0.039 0.050  A 38372
   2674.86539  9.438  9.434  9.432  9.436  9.441    0.045 0.044 0.036 0.039 0.051  A 38373
   2674.86620  9.453  9.490  9.449  9.445  9.464    0.042 0.044 0.038 0.039 0.048  A 38374
   2674.86701  9.435  9.461  9.464  9.446  9.445    0.044 0.042 0.036 0.037 0.052  A 38375
   2674.86782  9.428  9.409  9.405  9.423  9.413    0.042 0.041 0.035 0.036 0.049  A 38376
   2674.86865  9.431  9.451  9.435  9.428  9.428    0.045 0.043 0.036 0.038 0.051  A 38377
   2674.86946  9.440  9.467  9.447  9.451  9.434    0.043 0.043 0.037 0.038 0.049  A 38378
   2674.87027  9.449  9.443  9.452  9.454  9.446    0.044 0.045 0.037 0.038 0.050  A 38379
   2674.87108  9.455  9.503  9.474  9.468  9.447    0.044 0.043 0.038 0.038 0.050  A 38380
   2674.87273  9.431  9.448  9.446  9.447  9.431    0.045 0.044 0.037 0.037 0.053  A 38382
   2674.87354  9.440  9.415  9.434  9.433  9.428    0.042 0.044 0.035 0.035 0.049  A 38383
   2674.87435  9.450  9.430  9.465  9.459  9.446    0.042 0.044 0.036 0.035 0.050  A 38384
   2679.76925  9.430  9.459  9.431  9.428  9.424    0.027 0.032 0.038 0.026 0.028  A 39190
   2710.71215  9.609  9.592  9.606  9.605  9.606    0.018 0.024 0.023 0.018 0.019  A 44781
   2712.70761  9.620  9.609  9.629  9.617  9.625    0.021 0.029 0.022 0.020 0.023  A 45151
   2714.68297  9.618  9.613  9.611  9.612  9.622    0.023 0.027 0.025 0.022 0.026  A 45532
   2724.71926  9.667  9.717  9.670  9.673  9.669    0.026 0.031 0.030 0.023 0.027  A 47095
   2726.69046  9.689  9.659  9.714  9.698  9.681    0.017 0.022 0.019 0.016 0.019  A 47484
   2731.81711  9.697  9.665  9.702  9.696  9.695    0.022 0.025 0.021 0.020 0.024  A 48401
   2734.62696  9.676  9.660  9.682  9.678  9.677    0.018 0.025 0.020 0.018 0.020  A 48819
   2736.64867  9.650  9.674  9.638  9.646  9.661    0.020 0.023 0.023 0.019 0.020  A 49218
   2738.64867  9.615  9.630  9.608  9.608  9.622    0.024 0.029 0.023 0.021 0.027  A 49605
   2740.64715  9.584  9.612  9.581  9.581  9.583    0.018 0.028 0.020 0.018 0.020  A 49955
   2745.64853  9.510  9.518  9.511  9.519  9.518    0.051 0.041 0.050 0.044 0.056  A 50933
   2750.64229  9.475  9.483  9.520  9.491  9.481    0.021 0.030 0.034 0.022 0.022  A 51634
   2754.64008  9.457  9.469  9.455  9.451  9.456    0.016 0.022 0.019 0.016 0.017  A 52243
   2756.63948  9.434  9.472  9.428  9.421  9.441    0.034 0.036 0.036 0.034 0.036  A 52655
   2758.73851  9.441  9.468  9.422  9.439  9.442    0.020 0.022 0.026 0.018 0.022  A 53057
   2760.60818  9.465  9.438  9.472  9.449  9.463    0.019 0.022 0.025 0.020 0.019  A 53411
   2762.60179  9.446  9.487  9.452  9.447  9.443    0.049 0.043 0.048 0.044 0.056  A 53817
   2764.59743  9.489  9.491  9.494  9.481  9.478    0.018 0.023 0.022 0.017 0.021  A 54228
   2766.66395  9.479  9.439  9.470  9.473  9.475    0.022 0.035 0.022 0.020 0.024  A 54535
   2775.67082  9.554  9.559  9.551  9.553  9.553    0.020 0.021 0.024 0.018 0.022  A 55096
   2783.54368  9.590  9.577  9.591  9.585  9.589    0.018 0.020 0.025 0.020 0.019  A 55894
   2785.54533  9.588  9.569  9.597  9.582  9.578    0.018 0.025 0.024 0.018 0.019  A 56316
   2786.63167  9.580  9.556  9.583  9.584  9.582    0.019 0.030 0.023 0.019 0.020  A 56565
   2790.50470  9.564  9.561  9.567  9.567  9.560    0.055 0.052 0.050 0.052 0.059  A 57270
   2809.55021  9.410  9.444  9.426  9.423  9.407    0.021 0.041 0.038 0.022 0.022  A 59468
   2811.54852  9.385  9.407  9.377  9.389  9.386    0.018 0.022 0.022 0.017 0.019  A 59919
   2813.54702  9.374  9.381  9.369  9.379  9.373    0.022 0.039 0.037 0.021 0.022  A 60374
   2819.55450  9.345  9.336  9.333  9.335  9.350    0.022 0.029 0.026 0.020 0.024  A 61260
   2829.48831  9.338  9.348  9.309  9.337  9.343    0.021 0.026 0.026 0.019 0.023  A 62228
   2831.53881  9.356  9.360  9.373  9.361  9.360    0.026 0.028 0.027 0.023 0.031  A 62690
   2835.52567  9.412  9.427  9.379  9.411  9.418    0.026 0.029 0.028 0.023 0.030  A 63504
   2839.46324  9.540  9.517  9.542  9.538  9.536    0.023 0.038 0.026 0.020 0.025  A 64043
   2842.47965  9.610  9.619  9.618  9.610  9.604    0.026 0.027 0.028 0.022 0.030  A 64685
   2845.47587  9.692  9.702  9.676  9.698  9.692    0.019 0.025 0.026 0.018 0.021  A 65157
   2996.84879  9.507  9.522  9.502  9.511  9.499    0.027 0.025 0.024 0.023 0.031  A 85529
   3003.84151  9.545  9.546  9.520  9.541  9.531    0.045 0.035 0.035 0.041 0.049  A 86330
   3007.82276  9.503  9.520  9.499  9.495  9.504    0.026 0.024 0.025 0.023 0.029  A 86796
   3020.85617  9.600  9.603  9.625  9.606  9.596    0.049 0.040 0.035 0.040 0.061  A 88239
   3029.87164  9.645  9.606  9.653  9.644  9.630    0.027 0.035 0.023 0.023 0.031  A 88682
   3035.81714  9.730  9.744  9.733  9.732  9.734    0.023 0.027 0.027 0.021 0.026  A 89314
   3039.84751  9.781  9.763  9.779  9.785  9.786    0.024 0.043 0.024 0.021 0.027  A 89569
   3042.80494  9.797  9.862  9.782  9.789  9.792    0.035 0.046 0.032 0.030 0.042  A 89850
   3047.75871  9.781  9.758  9.799  9.783  9.777    0.031 0.030 0.029 0.027 0.035  A 90504
   3051.74656  9.691  9.692  9.697  9.686  9.693    0.057 0.048 0.047 0.052 0.057  A 91031
   3056.76773  9.500  9.474  9.531  9.507  9.489    0.027 0.037 0.035 0.025 0.030  A 91723
   3061.73941  9.355  9.372  9.374  9.358  9.354    0.025 0.033 0.027 0.022 0.027  A 92391
   3064.73853  9.251  9.308  9.246  9.252  9.245    0.050 0.038 0.042 0.045 0.053  A 92784
   3067.77102  9.306  9.314  9.318  9.309  9.294    0.031 0.034 0.027 0.027 0.036  A 93091
   3073.75033  9.362  9.395  9.368  9.362  9.359    0.035 0.044 0.030 0.030 0.041  A 93908
   3075.75419  9.397  9.397  9.396  9.396  9.396    0.029 0.027 0.028 0.024 0.033  A 94179
   3077.80664  9.421  9.438  9.398  9.417  9.426    0.028 0.027 0.028 0.024 0.033  A 94476
   3080.68776  9.478  9.496  9.490  9.485  9.475    0.059 0.064 0.057 0.056 0.063  B 94874
   3082.72695  9.510  9.514  9.512  9.509  9.510    0.034 0.032 0.034 0.032 0.037  A 95182
   3086.71647  9.589  9.578  9.582  9.580  9.592    0.056 0.076 0.055 0.053 0.063  A 95480
   3088.72427  9.658  9.644  9.662  9.649  9.644    0.032 0.028 0.029 0.027 0.037  A 95793
   3090.76523  9.660  9.695  9.656  9.670  9.656    0.040 0.036 0.033 0.035 0.043  A 96112
   3092.71660  9.720  9.759  9.743  9.732  9.712    0.025 0.027 0.024 0.022 0.029  A 96403
   3096.69546  9.782  9.803  9.798  9.789  9.775    0.026 0.034 0.024 0.023 0.030  A 96671
   3101.67570 99.999  9.818  9.820 99.999 99.999    0.033 0.037 0.030 0.028 0.040  C 97441
   3103.67212  9.818  9.848  9.831  9.818  9.814    0.027 0.030 0.027 0.024 0.032  A 97756
   3105.66319  9.794  9.811  9.798  9.795  9.793    0.038 0.035 0.038 0.034 0.042  A 98072
   3107.66776  9.787  9.771  9.793  9.778  9.778    0.022 0.034 0.024 0.021 0.024  A 98389
   3109.67028  9.781  9.799  9.764  9.770  9.781    0.063 0.053 0.057 0.061 0.065  B 98700
   3111.68563  9.749  9.753  9.756  9.746  9.749    0.024 0.029 0.024 0.021 0.026  A 99019
   3113.70139 99.999 99.999 99.999 99.999 99.999    0.066 0.055 0.056 0.064 0.068  D 99345
   3115.70043  9.695  9.699  9.681  9.699  9.691    0.024 0.028 0.024 0.022 0.028  A 99677
   3118.75299  9.614  9.637  9.599  9.620  9.624    0.025 0.025 0.026 0.022 0.029  A 99958
   3122.62727  9.567  9.581  9.562  9.570  9.566    0.022 0.023 0.026 0.020 0.025  A 100205
   3128.60180  9.502  9.537  9.506  9.504  9.497    0.036 0.033 0.032 0.031 0.041  A 101184
   3130.62187  9.499  9.485  9.514  9.501  9.498    0.030 0.041 0.026 0.026 0.035  A 101479
   3132.61481  9.459  9.437  9.421  9.428  9.453    0.062 0.055 0.056 0.058 0.065  B 101811
   3134.62831  9.487  9.517  9.476  9.486  9.487    0.024 0.035 0.024 0.022 0.028  A 102136
   3142.63924  9.482  9.473  9.485  9.477  9.489    0.057 0.054 0.048 0.050 0.066  A 103107
   3145.64811  9.526  9.553  9.523  9.534  9.526    0.024 0.023 0.026 0.022 0.028  A 103417
   3156.52786  9.686  9.717  9.673  9.687  9.694    0.028 0.040 0.024 0.024 0.033  A 104127
   3159.55091  9.754  9.700  9.774  9.765  9.756    0.049 0.056 0.039 0.042 0.056  A 104545
   3162.57437  9.802  9.744  9.785  9.791  9.799    0.053 0.060 0.042 0.047 0.057  A 104821
   3164.59015  9.818  9.753  9.820  9.812  9.821    0.024 0.036 0.029 0.021 0.027  A 105182
   3167.59522  9.822  9.830  9.791  9.813  9.830    0.023 0.022 0.027 0.021 0.027  A 105567
   3171.52381  9.878  9.872  9.882  9.889  9.873    0.064 0.065 0.059 0.062 0.066  B 106145
   3175.52460  9.833  9.871  9.830  9.834  9.833    0.024 0.031 0.023 0.021 0.027  A 106548
   3177.53962  9.837  9.842  9.849  9.841  9.835    0.022 0.023 0.023 0.020 0.026  A 106871
   3183.54945  9.772  9.750  9.768  9.768  9.774    0.028 0.034 0.029 0.024 0.032  A 107625
   3185.55797  9.727  9.723  9.754  9.735  9.707    0.033 0.032 0.030 0.027 0.039  A 107906
   3189.49381  9.679  9.667  9.652  9.677  9.683    0.034 0.035 0.030 0.027 0.041  A 108380
   3402.80137  9.526  9.617  9.526  9.522  9.525    0.052 0.065 0.048 0.049 0.056  A 128150
   3408.78889  9.378  9.342  9.348  9.354  9.348    0.058 0.105 0.056 0.053 0.065  B 129081
   3438.73070  9.330  9.327  9.339  9.340  9.326    0.025 0.039 0.025 0.023 0.028  A 133207
   3460.69714  9.476  9.461  9.485  9.486  9.475    0.033 0.053 0.031 0.029 0.038  A 136918
   3474.60942  9.305  9.288  9.299  9.305  9.312    0.025 0.051 0.026 0.023 0.027  A 139030
   3478.65921  9.291  9.246  9.282  9.278  9.291    0.044 0.079 0.053 0.042 0.047  A 139727
   3523.51303  9.338  9.322  9.315  9.328  9.344    0.037 0.036 0.034 0.033 0.042  A 145151
   3538.58117  9.299  9.295  9.294  9.298  9.299    0.029 0.032 0.026 0.025 0.033  A 146825
#ndata= 272
#dataset= 3 ; 1 F1248+08_402
#desig= 123308+0715.0
#cra=   12.552298  12:33:08.3
#cdec=   7.250184 07:15:00.7
#class= 0
#cmag_0=  9.490
#cmer_0=  0.158
#nskip_0= 10
#cmag_1=  9.486
#cmer_1=  0.150
#nskip_1= 15
#cmag_2=  9.494
#cmer_2=  0.153
#nskip_2= 8
#cmag_3=  9.493
#cmer_3=  0.152
#nskip_3= 8
#cmag_4=  9.494
#cmer_4=  0.152
#nskip_4= 8
#ra=   12.552298  12:33:08.3
#dec=   7.250184 07:15:00.7
#     HJD      MAG_3  MAG_0  MAG_1  MAG_2  MAG_4    MER_3 MER_0 MER_1 MER_2 MER_4 GRADE FRAME
   2117.47316 10.234 10.207 10.251 10.232 10.226    0.026 0.045 0.027 0.023 0.029  A 27238
   2454.53978  9.536  9.563  9.554  9.554  9.550    0.031 0.037 0.036 0.028 0.030  A 9811
   2490.47075  9.694  9.717  9.695  9.696  9.687    0.030 0.040 0.042 0.032 0.027  A 13995
   2625.85892  9.711  9.792  9.703  9.704  9.715    0.034 0.034 0.038 0.032 0.031  A 30511
   2637.84734  9.799  9.871  9.801  9.793  9.802    0.020 0.032 0.031 0.023 0.021  A 32609
   2641.85814  9.853  9.850  9.872  9.864  9.853    0.019 0.029 0.020 0.018 0.022  A 33205
   2645.84772  9.852  9.886  9.860  9.854  9.852    0.020 0.024 0.021 0.018 0.022  A 33809
   2650.83306  9.801  9.796  9.845  9.812  9.782    0.020 0.022 0.028 0.020 0.020  A 34365
   2665.80900  9.471  9.491  9.477  9.477  9.474    0.020 0.021 0.020 0.018 0.021  A 36871
   2668.83781  9.441  9.431  9.462  9.429  9.435    0.018 0.022 0.021 0.016 0.019  A 37344
   2671.80851  9.457  9.459  9.451  9.462  9.453    0.022 0.026 0.034 0.022 0.021  A 37833
   2674.81623  9.460  9.455  9.461  9.463  9.464    0.023 0.023 0.024 0.020 0.025  A 38344
   2676.83067  9.447  9.478  9.456  9.443  9.447    0.017 0.026 0.018 0.016 0.018  A 38716
   2678.80017  9.455  9.425  9.447  9.446  9.455    0.018 0.035 0.019 0.016 0.019  A 39044
   2680.79781  9.442  9.465  9.433  9.443  9.440    0.020 0.023 0.021 0.019 0.022  A 39373
   2684.77756  9.424  9.466  9.416  9.422  9.426    0.024 0.022 0.024 0.021 0.027  A 40052
   2686.77374  9.432  9.426  9.431  9.428  9.436    0.028 0.025 0.026 0.025 0.031  A 40418
   2691.81892  9.415  9.449  9.443  9.427  9.421    0.036 0.032 0.028 0.029 0.043  A 41357
   2693.86344  9.434  9.469  9.446  9.436  9.442    0.036 0.033 0.035 0.036 0.037  A 41677
   2695.78694  9.446  9.464  9.456  9.443  9.444    0.023 0.026 0.024 0.021 0.026  A 42014
   2698.75568  9.475  9.492  9.487  9.482  9.472    0.019 0.021 0.025 0.018 0.019  A 42557
   2700.79398  9.499  9.493  9.505  9.505  9.498    0.021 0.028 0.021 0.019 0.024  A 42959
   2704.77085  9.540  9.581  9.538  9.534  9.547    0.020 0.024 0.024 0.020 0.022  A 43717
   2706.76207  9.565  9.548  9.566  9.560  9.566    0.017 0.020 0.019 0.015 0.018  A 44082
   2710.73256  9.621  9.609  9.624  9.623  9.616    0.020 0.024 0.023 0.019 0.020  A 44790
   2712.72563  9.640  9.585  9.651  9.636  9.630    0.023 0.038 0.023 0.019 0.024  A 45159
   2714.71483  9.643  9.664  9.643  9.645  9.640    0.022 0.027 0.022 0.020 0.026  A 45546
   2719.66784  9.654  9.694  9.660  9.655  9.657    0.028 0.031 0.031 0.025 0.031  A 46109
   2720.79947  9.652  9.645  9.649  9.656  9.652    0.033 0.050 0.049 0.031 0.032  A 46359
   2722.71107  9.839  9.854  9.903  9.850  9.845    0.051 0.042 0.045 0.043 0.055  A 46708
   2724.71926  9.689  9.739  9.693  9.691  9.691    0.021 0.029 0.024 0.020 0.024  A 47095
   2726.70902  9.682  9.717  9.680  9.677  9.689    0.021 0.024 0.026 0.021 0.021  A 47492
   2728.71126  9.708  9.703  9.719  9.707  9.705    0.021 0.030 0.025 0.020 0.023  A 47888
   2730.70073  9.707  9.719  9.714  9.712  9.707    0.019 0.026 0.020 0.018 0.022  A 48292
   2732.81210  9.680  9.690  9.673  9.690  9.686    0.020 0.043 0.022 0.018 0.023  A 48485
   2734.68457  9.678  9.713  9.688  9.679  9.684    0.017 0.025 0.017 0.016 0.019  A 48844
   2736.67376  9.672  9.696  9.680  9.682  9.672    0.019 0.034 0.021 0.018 0.021  A 49229
   2738.67388  9.655  9.642  9.659  9.660  9.650    0.026 0.030 0.025 0.023 0.029  A 49616
   2740.68134  9.606  9.628  9.611  9.605  9.607    0.021 0.025 0.020 0.019 0.024  A 49970
   2742.62250  9.573  9.620  9.587  9.564  9.574    0.031 0.030 0.027 0.026 0.037  A 50351
   2747.64831  9.508  9.536  9.493  9.509  9.509    0.026 0.030 0.024 0.023 0.031  A 51007
   2750.70257  9.497  9.496  9.513  9.504  9.496    0.018 0.030 0.022 0.018 0.020  A 51660
   2752.64350  9.488  9.510  9.478  9.476  9.490    0.018 0.024 0.019 0.017 0.020  A 52025
   2754.73965  9.469  9.493  9.462  9.465  9.469    0.020 0.025 0.020 0.018 0.022  A 52285
   2756.69438  9.444  9.461  9.434  9.450  9.450    0.021 0.030 0.031 0.020 0.022  A 52678
   2758.75714  9.465  9.453  9.481  9.473  9.463    0.019 0.025 0.020 0.017 0.022  A 53065
   2760.62709  9.467  9.480  9.465  9.473  9.466    0.020 0.022 0.022 0.020 0.021  A 53419
   2762.62310  9.482  9.505  9.464  9.475  9.483    0.046 0.039 0.038 0.039 0.050  A 53826
   2764.61619  9.506  9.512  9.514  9.510  9.500    0.019 0.027 0.020 0.018 0.021  A 54236
   2766.70146  9.514  9.574  9.513  9.507  9.523    0.022 0.044 0.024 0.020 0.025  A 54551
   2775.67364  9.560  9.567  9.556  9.560  9.560    0.036 0.039 0.039 0.034 0.038  A 55097
   2784.61797  9.580  9.602  9.597  9.585  9.586    0.021 0.025 0.023 0.020 0.022  A 56133
   2786.60387  9.590  9.607  9.571  9.583  9.595    0.019 0.023 0.023 0.019 0.020  A 56553
   2790.51669  9.570  9.606  9.575  9.578  9.563    0.025 0.034 0.022 0.022 0.028  A 57275
   2792.54108  9.545  9.513  9.553  9.542  9.552    0.019 0.034 0.020 0.018 0.020  A 57679
   2795.52444  9.558  9.531  9.565  9.567  9.557    0.045 0.038 0.033 0.037 0.054  A 58194
   2804.55807  9.463  9.486  9.501  9.473  9.459    0.030 0.034 0.027 0.026 0.034  A 59011
   2809.55323  9.448  9.410  9.474  9.444  9.433    0.024 0.037 0.040 0.023 0.023  A 59469
   2811.55155  9.416  9.407  9.451  9.423  9.408    0.020 0.023 0.025 0.019 0.021  A 59920
   2813.55005  9.397  9.423  9.390  9.399  9.400    0.019 0.038 0.029 0.020 0.020  A 60375
   2819.56075  9.383  9.386  9.381  9.380  9.386    0.021 0.029 0.026 0.019 0.023  A 61262
   2829.49133  9.349  9.382  9.358  9.354  9.348    0.024 0.029 0.027 0.020 0.026  A 62229
   2831.55128  9.367  9.371  9.363  9.368  9.369    0.027 0.029 0.029 0.024 0.030  A 62695
   2841.53436  9.623  9.643  9.610  9.616  9.624    0.020 0.028 0.023 0.018 0.023  A 64508
   3005.85940  9.519  9.521  9.537  9.523  9.513    0.035 0.031 0.027 0.028 0.042  A 86546
   3030.84566  9.662  9.685  9.659  9.661  9.657    0.028 0.038 0.030 0.025 0.032  A 88800
   3036.83625  9.875  9.891  9.878  9.886  9.867    0.045 0.050 0.040 0.042 0.048  A 89428
   3041.81718 99.999 99.999 99.999 99.999 99.999    0.041 0.041 0.036 0.035 0.047  C 89717
   3051.76648  9.670  9.692  9.667  9.673  9.664    0.032 0.035 0.031 0.029 0.036  A 91038
   3053.83167  9.627  9.636  9.639  9.629  9.624    0.054 0.054 0.048 0.052 0.058  B 91336
   3056.78986  9.509  9.506  9.503  9.506  9.494    0.061 0.050 0.048 0.057 0.063  B 91730
   3064.76410  9.302  9.278  9.314  9.303  9.301    0.038 0.042 0.035 0.034 0.042  A 92794
   3074.78083  9.386  9.384  9.412  9.391  9.392    0.035 0.034 0.029 0.029 0.041  A 94037
   3076.82485  9.406  9.401  9.439  9.414  9.388    0.025 0.024 0.024 0.021 0.030  A 94330
   3078.87592  9.451  9.478  9.462  9.449  9.460    0.030 0.028 0.029 0.025 0.034  A 94653
   3081.71063  9.528  9.485  9.556  9.529  9.516    0.039 0.044 0.046 0.038 0.043  A 95029
   3085.74298  9.603  9.593  9.618  9.601  9.603    0.038 0.036 0.032 0.033 0.042  A 95334
   3087.74979  9.588  9.590  9.604  9.588  9.590    0.062 0.054 0.053 0.056 0.071  B 95645
   3089.80868  9.676  9.731  9.684  9.679  9.685    0.032 0.029 0.029 0.028 0.038  A 95969
   3091.84223  9.733  9.737  9.702  9.737  9.736    0.031 0.029 0.029 0.026 0.036  A 96289
   3103.69851  9.805  9.819  9.832  9.813  9.809    0.031 0.032 0.028 0.027 0.037  A 97764
   3105.68383  9.908  9.840  9.919  9.899  9.888    0.091 0.072 0.078 0.086 0.097  D 98079
   3107.68716  9.787  9.771  9.813  9.790  9.781    0.025 0.043 0.035 0.023 0.026  A 98396
   3109.68869  9.772  9.784  9.804  9.778  9.772    0.021 0.024 0.024 0.019 0.023  A 98707
   3111.76635  9.771  9.788  9.747  9.769  9.763    0.036 0.031 0.032 0.031 0.042  A 99046
   3115.76408  9.697  9.728  9.738  9.709  9.691    0.025 0.038 0.027 0.021 0.028  A 99700
   3121.65240  9.590  9.618  9.596  9.594  9.593    0.021 0.025 0.022 0.018 0.023  A 100091
   3129.62581  9.516  9.525  9.531  9.510  9.522    0.035 0.031 0.033 0.030 0.041  A 101360
   3131.61881  9.521  9.500  9.532  9.510  9.522    0.029 0.031 0.029 0.025 0.035  A 101643
   3133.62048  9.496  9.518  9.498  9.495  9.497    0.025 0.025 0.026 0.022 0.028  A 101978
   3156.54715  9.702  9.715  9.711  9.707  9.697    0.028 0.024 0.029 0.024 0.033  A 104134
   3159.56706  9.734  9.731  9.757  9.731  9.740    0.033 0.040 0.028 0.027 0.040  A 104550
   3164.60410  9.811  9.827  9.787  9.811  9.816    0.023 0.029 0.027 0.021 0.026  A 105186
   3167.60594  9.832  9.838  9.849  9.840  9.835    0.023 0.027 0.027 0.021 0.025  A 105571
   3177.54290  9.848  9.852  9.855  9.848  9.849    0.024 0.025 0.024 0.021 0.028  A 106872
   3186.58949  9.756  9.779  9.762  9.759  9.775    0.033 0.035 0.029 0.029 0.040  A 108088
   3385.84217  9.576  9.578  9.567  9.569  9.577    0.032 0.038 0.031 0.029 0.036  A 126105
   3388.85375  9.635  9.622  9.620  9.625  9.642    0.041 0.050 0.035 0.035 0.049  A 126508
   3392.83234  9.647  9.651  9.641  9.638  9.651    0.037 0.037 0.032 0.032 0.042  A 127005
   3392.85302  9.637  9.690  9.637  9.653  9.629    0.037 0.042 0.032 0.033 0.043  A 127012
   3396.82425  9.649  9.665  9.667  9.654  9.646    0.035 0.037 0.027 0.029 0.042  A 127435
   3402.87413  9.504  9.468  9.486  9.503  9.506    0.034 0.077 0.040 0.033 0.037  A 128177
   3408.81688  9.435  9.507  9.461  9.435  9.424    0.037 0.047 0.036 0.034 0.041  A 129091
   3411.80948  9.326  9.274  9.304  9.316  9.329    0.039 0.080 0.048 0.037 0.040  A 129544
   3414.79824  9.265  9.330  9.273  9.264  9.268    0.033 0.044 0.030 0.028 0.038  A 130002
   3417.77617  9.214  9.226  9.224  9.221  9.225    0.025 0.030 0.022 0.023 0.029  A 130469
   3419.83312  9.203  9.199  9.208  9.200  9.203    0.032 0.057 0.030 0.028 0.037  A 130808
   3424.79816  9.213  9.177  9.209  9.209  9.224    0.042 0.079 0.042 0.038 0.047  A 131564
   3431.81637  9.277  9.272  9.279  9.270  9.278    0.035 0.048 0.033 0.032 0.041  A 132423
   3433.85340  9.290  9.378  9.313  9.283  9.296    0.030 0.061 0.030 0.028 0.032  A 132759
   3438.74075  9.341  9.354  9.345  9.343  9.337    0.025 0.033 0.024 0.022 0.030  A 133211
   3442.74449  9.443  9.438  9.435  9.432  9.438    0.025 0.044 0.027 0.023 0.028  A 133622
   3444.75215  9.449  9.405  9.429  9.444  9.449    0.041 0.080 0.039 0.037 0.047  A 133964
   3446.76560  9.455  9.410  9.429  9.454  9.461    0.026 0.040 0.025 0.024 0.030  A 134613
   3448.76532  9.479  9.463  9.463  9.473  9.479    0.040 0.063 0.041 0.037 0.044  A 134948
   3450.73608  9.502  9.539  9.515  9.503  9.496    0.046 0.089 0.047 0.041 0.052  B 135281
   3456.72398  9.560  9.550  9.553  9.555  9.558    0.037 0.059 0.033 0.031 0.042  A 136208
   3458.72073  9.527  9.543  9.530  9.528  9.526    0.033 0.054 0.033 0.031 0.037  A 136561
   3463.66710  9.449  9.487  9.451  9.452  9.447    0.030 0.051 0.031 0.028 0.035  A 137327
   3465.71230  9.374  9.419  9.376  9.374  9.376    0.031 0.055 0.032 0.026 0.036  A 137677
   3468.68098  9.366  9.393  9.363  9.362  9.362    0.030 0.078 0.035 0.029 0.032  A 138112
   3470.68947  9.347  9.403  9.382  9.358  9.346    0.027 0.068 0.033 0.026 0.030  A 138421
   3472.69780  9.303  9.286  9.302  9.302  9.291    0.030 0.060 0.032 0.027 0.034  A 138734
   3477.62626  9.412  9.376  9.407  9.408  9.408    0.029 0.050 0.028 0.027 0.033  A 139540
   3479.64878  9.295  9.376  9.300  9.298  9.284    0.067 0.076 0.053 0.055 0.081  D 139858
   3484.65518  9.256  9.219  9.244  9.253  9.261    0.067 0.096 0.053 0.056 0.081  D 140626
   3489.63393  9.327  9.408  9.350  9.337  9.328    0.026 0.044 0.028 0.024 0.031  A 140949
   3497.67350  9.329  9.342  9.338  9.332  9.328    0.029 0.065 0.034 0.027 0.033  A 141927
   3500.68171  9.303  9.310  9.316  9.301  9.304    0.044 0.088 0.044 0.041 0.049  B 142283
   3502.71184  9.300  9.242  9.298  9.303  9.304    0.042 0.080 0.047 0.041 0.044  A 142650
   3506.55905  9.333  9.349  9.333  9.331  9.340    0.032 0.039 0.034 0.031 0.035  A 143116
   3511.57283  9.348  9.302  9.354  9.346  9.356    0.031 0.057 0.032 0.028 0.036  A 143648
   3517.57748  9.383  9.463  9.404  9.380  9.385    0.036 0.054 0.034 0.032 0.042  A 144320
   3520.66285  9.383  9.313  9.368  9.374  9.387    0.036 0.091 0.041 0.034 0.040  B 144681
   3522.66766  9.367  9.366  9.373  9.372  9.370    0.039 0.055 0.034 0.034 0.045  A 145031
   3525.54276  9.378  9.377  9.378  9.375  9.383    0.027 0.051 0.026 0.024 0.030  A 145464
   3529.56211  9.328  9.317  9.318  9.319  9.326    0.031 0.059 0.033 0.030 0.035  A 146168
   3539.51935 99.999  9.234  9.278 99.999 99.999    0.045 0.085 0.040 0.040 0.049  C 146995
   3542.55531  9.296  9.308  9.290  9.294  9.295    0.044 0.045 0.036 0.038 0.051  A 147400
   3552.57113  9.334  9.280  9.326  9.325  9.331    0.062 0.054 0.053 0.055 0.072  B 148440
   3561.50878  9.331  9.334  9.324  9.328  9.330    0.030 0.058 0.032 0.028 0.032  A 149702
   3570.52525  9.318  9.261  9.309  9.310  9.323    0.031 0.045 0.030 0.027 0.035  A 150724
   3574.52470  9.304  9.291  9.305  9.295  9.298    0.029 0.034 0.030 0.025 0.035  A 151251
   3578.50929  9.297  9.253  9.270  9.286  9.298    0.051 0.054 0.043 0.043 0.060  A 151932
   3585.48326  9.360  9.413  9.381  9.363  9.358    0.034 0.082 0.040 0.033 0.036  A 153129
   3593.46753  9.461  9.507  9.469  9.471  9.458    0.030 0.041 0.030 0.028 0.034  A 154485
   3735.86371  9.603  9.636  9.607  9.597  9.600    0.029 0.040 0.031 0.027 0.033  A 172287
   3739.85127  9.600  9.677  9.606  9.599  9.602    0.030 0.038 0.026 0.026 0.034  A 172840
   3743.85583  9.638  9.624  9.632  9.636  9.637    0.033 0.038 0.027 0.028 0.039  A 173348
   3747.84985  9.656  9.612  9.634  9.644  9.643    0.036 0.045 0.032 0.033 0.042  A 173886
   3751.83688  9.626  9.550  9.596  9.615  9.617    0.040 0.063 0.036 0.035 0.048  A 174444
   3758.82412  9.586  9.611  9.593  9.588  9.581    0.031 0.054 0.031 0.029 0.035  A 175404
   3761.86368  9.604  9.617  9.604  9.600  9.601    0.037 0.046 0.032 0.033 0.042  A 175810
   3764.83868  9.591  9.560  9.594  9.588  9.592    0.041 0.040 0.034 0.036 0.046  A 176217
   3767.83886  9.583  9.558  9.585  9.586  9.584    0.035 0.047 0.029 0.030 0.041  A 176634
   3770.82555  9.576  9.563  9.583  9.581  9.581    0.044 0.045 0.037 0.038 0.051  A 177035
   3773.82934  9.604  9.711  9.625  9.607  9.611    0.043 0.072 0.040 0.038 0.050  A 177422
   3776.80276  9.582  9.559  9.583  9.576  9.580    0.035 0.045 0.030 0.029 0.043  A 177849
   3788.80845  9.354  9.319  9.342  9.343  9.353    0.048 0.096 0.050 0.044 0.052  B 179032
   3791.76909  9.337  9.436  9.345  9.331  9.331    0.041 0.085 0.044 0.038 0.046  B 179441
   3793.81294  9.311  9.309  9.306  9.307  9.309    0.032 0.038 0.026 0.027 0.037  A 179750
   3796.74705  9.304  9.279  9.296  9.304  9.300    0.026 0.044 0.026 0.024 0.029  A 180157
   3798.81237  9.281  9.300  9.269  9.271  9.293    0.045 0.071 0.040 0.039 0.050  A 180453
   3802.71926  9.345  9.296  9.341  9.349  9.339    0.045 0.050 0.036 0.038 0.054  A 180919
   3804.76848  9.397  9.498  9.417  9.399  9.392    0.045 0.074 0.044 0.041 0.051  A 181212
   3806.80488  9.347  9.300  9.334  9.341  9.346    0.045 0.090 0.048 0.042 0.049  B 181522
   3811.82868  9.388  9.384  9.395  9.401  9.387    0.046 0.055 0.037 0.037 0.054  A 182201
   3814.70766  9.427  9.456  9.412  9.421  9.426    0.045 0.091 0.045 0.040 0.049  B 182639
   3816.74463  9.429  9.406  9.419  9.419  9.426    0.035 0.061 0.035 0.032 0.039  A 182966
   3818.81247  9.431  9.431  9.437  9.438  9.438    0.036 0.053 0.034 0.031 0.040  A 183312
   3821.68972  9.482  9.504  9.479  9.477  9.490    0.033 0.047 0.026 0.027 0.039  A 183753
   3823.72495  9.470  9.497  9.495  9.474  9.463    0.042 0.056 0.037 0.037 0.050  A 184090
   3825.75292  9.509  9.473  9.503  9.508  9.528    0.043 0.044 0.035 0.036 0.051  A 184437
   3827.82051  9.535  9.496  9.530  9.530  9.536    0.034 0.065 0.037 0.032 0.037  A 184800
   3830.66683  9.524  9.583  9.543  9.534  9.527    0.031 0.041 0.024 0.026 0.035  A 185251
   3832.68930  9.537  9.555  9.535  9.540  9.537    0.035 0.068 0.036 0.031 0.038  A 185614
   3848.64842  9.588  9.654  9.585  9.580  9.592    0.055 0.053 0.039 0.046 0.068  A 186915
   3850.66778  9.619  9.728  9.645  9.622  9.620    0.030 0.058 0.031 0.027 0.034  A 187262
   3852.67518  9.585  9.585  9.596  9.583  9.582    0.026 0.032 0.025 0.023 0.029  A 187617
   3854.68989  9.578  9.536  9.568  9.578  9.571    0.035 0.065 0.037 0.032 0.039  A 187988
   3856.72847  9.578  9.573  9.588  9.587  9.573    0.030 0.048 0.032 0.029 0.034  A 188264
   3859.61772  9.541  9.501  9.528  9.539  9.544    0.048 0.060 0.047 0.045 0.053  A 188661
   3861.61410  9.486  9.468  9.477  9.485  9.489    0.026 0.040 0.025 0.023 0.030  A 189006
   3866.60125  9.448  9.543  9.440  9.429  9.462    0.046 0.092 0.050 0.042 0.051  B 189876
   3868.62978  9.359  9.321  9.349  9.352  9.364    0.042 0.053 0.036 0.038 0.049  A 190192
   3870.62751  9.354  9.279  9.348  9.350  9.358    0.029 0.042 0.027 0.025 0.034  A 190553
   3872.62673  9.340  9.367  9.337  9.338  9.341    0.039 0.092 0.044 0.038 0.042  B 190926
   3876.60097  9.483  9.481  9.488  9.491  9.485    0.028 0.073 0.036 0.028 0.031  A 191327
   3879.64241  9.336  9.329  9.340  9.336  9.336    0.036 0.065 0.038 0.034 0.040  A 191651
   3881.66607  9.345  9.279  9.348  9.348  9.337    0.029 0.075 0.033 0.027 0.031  A 192002
   3886.55230  9.377  9.412  9.398  9.374  9.373    0.033 0.049 0.036 0.032 0.036  A 192440
   3888.56134  9.387  9.394  9.397  9.391  9.393    0.048 0.070 0.046 0.043 0.056  A 192818
   3894.58967  9.401  9.411  9.390  9.401  9.405    0.032 0.034 0.030 0.027 0.037  A 193839
   3897.56878  9.460  9.496  9.461  9.458  9.460    0.045 0.052 0.040 0.039 0.050  A 194182
   3899.59984  9.551  9.654  9.583  9.569  9.531    0.088 0.070 0.059 0.070 0.105  D 194506
   3901.64010  9.488  9.523  9.507  9.492  9.496    0.034 0.068 0.037 0.032 0.040  A 194845
   3904.50598  9.510  9.471  9.496  9.509  9.516    0.037 0.076 0.042 0.037 0.039  A 195369
   3906.52663  9.521  9.477  9.515  9.524  9.521    0.026 0.038 0.025 0.022 0.028  A 195753
   3908.53146  9.572  9.725  9.601  9.574  9.574    0.041 0.098 0.048 0.040 0.043  B 196143
   4105.84637  9.294  9.281  9.296  9.284  9.301    0.037 0.042 0.031 0.031 0.043  A 210891
   4125.81533  9.320  9.309  9.314  9.316  9.317    0.031 0.041 0.031 0.029 0.035  A 211596
   4131.83639  9.399  9.351  9.391  9.401  9.400    0.046 0.097 0.047 0.041 0.050  B 212383
   4134.81472  9.536  9.495  9.529  9.528  9.538    0.037 0.047 0.032 0.031 0.044  A 212787
   4145.79598  9.623  9.636  9.624  9.624  9.621    0.031 0.041 0.028 0.027 0.036  A 214316
   4149.79621  9.640  9.562  9.611  9.628  9.650    0.049 0.064 0.045 0.044 0.056  A 214712
   4151.83392  9.613  9.696  9.620  9.607  9.616    0.032 0.049 0.031 0.026 0.037  A 215029
   4154.76709  9.650  9.576  9.623  9.649  9.657    0.047 0.045 0.041 0.044 0.052  A 215458
   4157.76807  9.545  9.520  9.546  9.542  9.545    0.038 0.050 0.030 0.033 0.044  A 215880
   4161.79133  9.501  9.502  9.497  9.494  9.500    0.034 0.049 0.031 0.029 0.040  A 216516
   4166.80536  9.436  9.409  9.434  9.438  9.424    0.067 0.074 0.052 0.056 0.077  B 217204
   4172.76392 99.999  9.261  9.231 99.999 99.999    0.032 0.065 0.036 0.030 0.036  C 217953
   4175.71668  9.206  9.170  9.184  9.197  9.207    0.038 0.056 0.038 0.034 0.045  A 218406
   4177.86563  9.178  9.150  9.174  9.170  9.173    0.034 0.045 0.034 0.032 0.039  A 218682
   4180.73131  9.147  9.193  9.157  9.150  9.145    0.075 0.072 0.059 0.066 0.081  D 219016
   4182.82300  9.129  9.103  9.124  9.119  9.126    0.038 0.064 0.044 0.037 0.044  A 219321
   4185.68912  9.265  9.272  9.267  9.263  9.268    0.054 0.048 0.047 0.049 0.059  A 219707
   4188.82330  9.239  9.254  9.229  9.238  9.233    0.031 0.033 0.032 0.027 0.033  A 219991
   4194.70717  9.244  9.233  9.242  9.233  9.245    0.057 0.070 0.051 0.052 0.061  B 220898
   4197.70382  9.329  9.303  9.330  9.328  9.336    0.035 0.061 0.035 0.030 0.040  A 221222
   4200.68360  9.332  9.309  9.332  9.332  9.329    0.026 0.039 0.029 0.023 0.030  A 221501
   4205.69125  9.376  9.323  9.351  9.372  9.375    0.032 0.039 0.030 0.029 0.036  A 222128
   4216.67758  9.517  9.588  9.537  9.521  9.523    0.044 0.050 0.043 0.041 0.047  A 222881
   4227.61339  9.685  9.712  9.698  9.687  9.682    0.026 0.034 0.031 0.024 0.028  A 223148
   4229.62331  9.681  9.679  9.664  9.676  9.681    0.028 0.052 0.034 0.027 0.031  A 223508
   4231.63248  9.692  9.756  9.712  9.695  9.684    0.057 0.062 0.050 0.053 0.060  B 223869
   4233.63087  9.671  9.684  9.682  9.677  9.672    0.026 0.043 0.031 0.024 0.028  A 224215
   4235.62827  9.660  9.696  9.668  9.657  9.662    0.029 0.063 0.036 0.028 0.032  A 224582
   4237.64496  9.685  9.697  9.676  9.672  9.701    0.075 0.065 0.055 0.062 0.084  D 224879
   4253.57720  9.381  9.339  9.353  9.373  9.388    0.028 0.043 0.036 0.027 0.031  A 226827
   4255.63033  9.349  9.359  9.350  9.349  9.349    0.029 0.046 0.031 0.026 0.032  A 227072
   4257.62578  9.288  9.310  9.295  9.286  9.284    0.048 0.047 0.040 0.040 0.057  A 227416
   4259.64061  9.276  9.318  9.300  9.288  9.268    0.099 0.083 0.083 0.091 0.108  D 227679
   4267.61082  9.390  9.301  9.393  9.403  9.396    0.072 0.075 0.067 0.069 0.075  D 227842
   4270.52783  9.295  9.268  9.297  9.294  9.294    0.080 0.065 0.059 0.066 0.096  D 228242
   4276.51042  9.372  9.391  9.370  9.371  9.373    0.029 0.047 0.036 0.027 0.033  A 228813
   4278.57083  9.541  9.533  9.541  9.549  9.542    0.066 0.060 0.061 0.064 0.070  D 229129
   4282.57186  9.480  9.419  9.478  9.482  9.484    0.049 0.063 0.041 0.041 0.058  A 229449
   4284.58493  9.488  9.631  9.522  9.487  9.489    0.082 0.071 0.073 0.076 0.087  D 229789
   4291.48918  9.627  9.624  9.622  9.628  9.628    0.030 0.043 0.039 0.030 0.030  A 230634
   4293.50138  9.650  9.746  9.678  9.667  9.644    0.027 0.047 0.034 0.026 0.029  A 231004
   4295.50161  9.636  9.618  9.639  9.634  9.640    0.025 0.038 0.030 0.023 0.029  A 231346
   4297.50447  9.510  9.408  9.505  9.513  9.513    0.084 0.087 0.079 0.080 0.088  D 231697
   4304.49690  9.533  9.578  9.552  9.535  9.532    0.030 0.042 0.033 0.027 0.031  A 232910
   4308.48227  9.480  9.412  9.469  9.476  9.471    0.048 0.053 0.042 0.040 0.056  A 233597
   4312.48463  9.466  9.393  9.472  9.464  9.452    0.074 0.084 0.061 0.064 0.086  D 234172
   4467.85181  9.476  9.476  9.466  9.468  9.483    0.037 0.038 0.034 0.034 0.043  A 251824
   4472.86498  9.447  9.387  9.413  9.440  9.446    0.074 0.059 0.055 0.065 0.081  D 252301
   4479.83653  9.387  9.366  9.371  9.381  9.389    0.039 0.061 0.042 0.037 0.044  A 253082
   4485.86036  9.399  9.402  9.389  9.387  9.393    0.036 0.071 0.042 0.034 0.040  A 253665
   4488.84928  9.435  9.491  9.447  9.432  9.433    0.035 0.057 0.036 0.032 0.040  A 254014
   4499.79421  9.591  9.591  9.599  9.592  9.594    0.042 0.079 0.049 0.042 0.045  A 255077
   4505.80682  9.660  9.742  9.669  9.653  9.659    0.036 0.063 0.039 0.034 0.042  A 255904
   4508.80627  9.642  9.760  9.652  9.641  9.646    0.033 0.044 0.034 0.031 0.037  A 256331
   4511.79625  9.619  9.562  9.618  9.623  9.618    0.041 0.076 0.045 0.037 0.045  A 256731
   4515.79815  9.631  9.697  9.641  9.635  9.638    0.057 0.073 0.047 0.047 0.069  B 257066
   4521.80796  9.470  9.468  9.472  9.468  9.466    0.034 0.042 0.032 0.029 0.039  A 257902
   4524.75642  9.399  9.405  9.406  9.400  9.401    0.029 0.048 0.030 0.026 0.034  A 258323
   4526.79474  9.429  9.511  9.430  9.424  9.421    0.034 0.068 0.040 0.033 0.038  A 258630
   4529.74921  9.280  9.287  9.278  9.280  9.283    0.028 0.040 0.030 0.027 0.031  A 259071
   4531.83094  9.218  9.207  9.216  9.215  9.225    0.049 0.064 0.051 0.047 0.053  B 259391
   4535.73903  9.247  9.329  9.259  9.250  9.249    0.036 0.062 0.038 0.033 0.040  A 259803
   4537.76438  9.264  9.350  9.280  9.269  9.256    0.029 0.052 0.033 0.027 0.032  A 260123
   4540.71903  9.207  9.218  9.217  9.215  9.197    0.050 0.045 0.039 0.042 0.062  A 260535
   4542.73604  9.273  9.251  9.277  9.272  9.273    0.035 0.044 0.033 0.031 0.040  A 260859
   4554.67895  9.431  9.414  9.416  9.420  9.424    0.039 0.058 0.037 0.033 0.045  A 262552
   4558.79477 99.999  9.452  9.486 99.999 99.999    0.032 0.054 0.037 0.030 0.035  C 263244
   4561.65878  9.515  9.601  9.537  9.520  9.517    0.027 0.038 0.029 0.025 0.032  A 263701
   4563.68922  9.555  9.637  9.556  9.550  9.560    0.034 0.061 0.037 0.032 0.038  A 264041
   4565.74587  9.477  9.491  9.474  9.474  9.478    0.035 0.067 0.040 0.034 0.038  A 264394
   4567.78414  9.476  9.442  9.482  9.481  9.471    0.039 0.065 0.042 0.036 0.044  A 264741
   4570.63781  9.548  9.549  9.551  9.545  9.548    0.028 0.036 0.030 0.025 0.031  A 265165
   4572.65340  9.549  9.544  9.557  9.550  9.555    0.034 0.037 0.032 0.029 0.039  A 265517
#ndata= 1
#dataset= 4 ; 1 F1248+16_447
#desig= 123308+0715.0
#cra=   12.552269  12:33:08.2
#cdec=   7.250148 07:15:00.5
#class= 0
#cmag_0=  9.650
#cmer_0=  0.000
#nskip_0= 0
#cmag_1=  9.607
#cmer_1=  0.000
#nskip_1= 0
#cmag_2=  9.613
#cmer_2=  0.000
#nskip_2= 0
#cmag_3=  9.604
#cmer_3=  0.000
#nskip_3= 0
#cmag_4=  9.596
#cmer_4=  0.000
#nskip_4= 0
#ra=   12.552269  12:33:08.2
#dec=   7.250148 07:15:00.5
#     HJD      MAG_3  MAG_0  MAG_1  MAG_2  MAG_4    MER_3 MER_0 MER_1 MER_2 MER_4 GRADE FRAME
   3392.83234  9.605  9.650  9.608  9.613  9.596    0.042 0.042 0.034 0.037 0.045  A 127005
