#ndata= 2
#dataset= 1 ; 1 F1245-48_107
#desig= 125007-4230.0
#cra=   12.835305  12:50:07.1
#cdec= -42.499799 -42:29:59.3
#class= 0
#cmag_0= 13.210
#cmer_0=  0.244
#nskip_0= 0
#cmag_1= 13.233
#cmer_1=  0.125
#nskip_1= 0
#cmag_2= 13.385
#cmer_2=  0.103
#nskip_2= 0
#cmag_3= 13.585
#cmer_3=  0.041
#nskip_3= 0
#cmag_4= 13.613
#cmer_4=  0.337
#nskip_4= 0
#ra=   12.835305  12:50:07.1
#dec= -42.499799 -42:29:59.3
#     HJD      MAG_0  MAG_1  MAG_2  MAG_3  MAG_4    MER_0 MER_1 MER_2 MER_3 MER_4 GRADE FRAME
   2143.46632 13.381 13.321 13.457 13.556 13.375    0.054 0.040 0.037 0.041 0.043  A 30729
   3449.77084 13.038 13.146 13.314 13.615 13.850    0.091 0.055 0.053 0.062 0.067  B 135114
#ndata= 1
#dataset= 2 ; 1 F1200-40_140
#desig= 125007-4230.1
#cra=   12.835257  12:50:06.9
#cdec= -42.500899 -42:30:03.2
#class= 0
#cmag_0= 13.120
#cmer_0=  0.000
#nskip_0= 0
#cmag_1= 13.244
#cmer_1=  0.000
#nskip_1= 0
#cmag_2= 13.231
#cmer_2=  0.000
#nskip_2= 0
#cmag_3= 13.195
#cmer_3=  0.000
#nskip_3= 0
#cmag_4= 13.151
#cmer_4=  0.000
#nskip_4= 0
#ra=   12.835257  12:50:06.9
#dec= -42.500899 -42:30:03.2
#     HJD      MAG_0  MAG_1  MAG_2  MAG_3  MAG_4    MER_0 MER_1 MER_2 MER_3 MER_4 GRADE FRAME
   2500.46812 13.120 13.244 13.231 13.196 13.152    0.049 0.050 0.039 0.039 0.043  A 15788
#ndata= 518
#dataset= 3 ; 1 F1240-40_141
#desig= 125006-4230.1
#cra=   12.834963  12:50:05.9
#cdec= -42.501988 -42:30:07.2
#class= 0
#cmag_0= 12.972
#cmer_0=  0.111
#nskip_0= 0
#cmag_1= 12.970
#cmer_1=  0.174
#nskip_1= 0
#cmag_2= 12.965
#cmer_2=  0.176
#nskip_2= 0
#cmag_3= 12.930
#cmer_3=  0.163
#nskip_3= 0
#cmag_4= 12.815
#cmer_4=  0.102
#nskip_4= 0
#ra=   12.834963  12:50:05.9
#dec= -42.501988 -42:30:07.2
#     HJD      MAG_0  MAG_1  MAG_2  MAG_3  MAG_4    MER_0 MER_1 MER_2 MER_3 MER_4 GRADE FRAME
   1953.76066 13.195 13.244 13.234 13.202 13.153    0.037 0.036 0.028 0.030 0.032  A 9725
   1967.75133 29.999 29.999 29.999 29.999 29.999    0.040 0.035 0.030 0.036 0.031  C 11570
   1968.73215 12.939 12.956 12.954 12.910 12.719    0.041 0.037 0.031 0.037 0.032  A 11746
   1979.70752 29.999 29.999 29.999 29.999 29.999    0.062 0.054 0.047 0.056 0.052  C 12257
   1993.71097 29.999 29.999 29.999 29.999 29.999    0.066 0.054 0.045 0.053 0.053  C 13327
   1996.66865 29.999 29.999 29.999 29.999 29.999    0.067 0.052 0.042 0.049 0.049  C 13854
   1997.67071 12.782 12.711 12.706 12.679 12.574    0.069 0.054 0.045 0.053 0.054  B 14060
   2016.61595 29.999 29.999 29.999 29.999 29.999    0.084 0.066 0.050 0.058 0.057  D 15952
   2095.51866 29.999 29.999 29.999 29.999 29.999    0.085 0.074 0.085 0.106 0.123  D 25176
   2130.46225 29.999 29.999 29.999 29.999 29.999    0.050 0.034 0.030 0.034 0.038  C 28294
   2237.85869 29.999 29.999 29.999 29.999 29.999    0.081 0.069 0.064 0.073 0.078  D 41362
   2452.45500 29.999 29.999 29.999 29.999 29.999    0.036 0.033 0.027 0.030 0.031  C 9382
   2489.46056 29.999 29.999 29.999 29.999 29.999    0.053 0.052 0.051 0.057 0.064  C 13772
   2826.62797 29.999 29.999 29.999 29.999 29.999    0.044 0.044 0.041 0.045 0.050  C 62028
   2977.83594 29.999 29.999 29.999 29.999 29.999    0.035 0.037 0.042 0.051 0.059  C 83068
   3078.74835 29.999 29.999 29.999 29.999 29.999    0.028 0.031 0.031 0.037 0.044  C 94608
   3116.65986 29.999 29.999 29.999 29.999 29.999    0.028 0.033 0.028 0.032 0.037  C 99822
   3127.65259 29.999 29.999 29.999 29.999 29.999    0.036 0.038 0.044 0.055 0.064  C 101033
   3158.64645 29.999 29.999 29.999 29.999 29.999    0.056 0.047 0.051 0.061 0.070  C 104406
   3484.77401 29.999 29.999 29.999 29.999 29.999    0.086 0.078 0.087 0.110 0.133  D 140661
   3591.47851 29.999 29.999 29.999 29.999 29.999    0.038 0.027 0.027 0.031 0.036  C 154138
#dataset= 3 ; 2 F1240-40_141
#desig= 125007-4230.0
#cra=   12.835301  12:50:07.1
#cdec= -42.500029 -42:30:00.1
#class= 0
#cmag_0= 13.032
#cmer_0=  0.219
#nskip_0= 0
#cmag_1= 13.032
#cmer_1=  0.209
#nskip_1= 2
#cmag_2= 13.044
#cmer_2=  0.218
#nskip_2= 2
#cmag_3= 13.059
#cmer_3=  0.237
#nskip_3= 4
#cmag_4= 13.060
#cmer_4=  0.260
#nskip_4= 4
#ra=   12.835301  12:50:07.1
#dec= -42.500029 -42:30:00.1
#     HJD      MAG_0  MAG_1  MAG_2  MAG_3  MAG_4    MER_0 MER_1 MER_2 MER_3 MER_4 GRADE FRAME
   1870.85772 13.137 13.142 13.157 13.182 13.229    0.068 0.033 0.032 0.036 0.040  B 488
   1873.85890 13.241 13.184 13.177 13.138 12.999    0.068 0.034 0.033 0.038 0.044  B 942
   1876.84964 13.065 13.048 13.017 13.007 13.016    0.061 0.030 0.027 0.030 0.033  A 1421
   1878.84349 13.325 13.279 13.326 13.370 13.423    0.058 0.032 0.030 0.033 0.038  A 1736
   1880.84324 13.136 13.165 13.174 13.206 13.219    0.061 0.034 0.030 0.034 0.038  A 2046
   1886.84383 13.141 13.155 13.101 13.053 13.048    0.047 0.026 0.024 0.027 0.030  A 2674
   1888.84203 13.122 13.151 13.178 13.186 13.152    0.056 0.032 0.029 0.032 0.036  A 2993
   1899.86589 12.991 12.900 12.923 12.972 12.981    0.036 0.032 0.030 0.037 0.042  A 3294
   1902.83138 12.935 12.945 12.976 12.978 12.949    0.037 0.025 0.022 0.025 0.028  A 3595
   1904.82123 12.826 12.874 12.857 12.855 12.925    0.047 0.025 0.022 0.025 0.028  A 3909
   1906.82118 12.759 12.796 12.844 12.854 12.841    0.038 0.024 0.022 0.024 0.028  A 4233
   1908.82047 12.765 12.847 12.836 12.803 12.735    0.034 0.027 0.023 0.026 0.029  A 4554
   1913.84560 12.662 12.676 12.669 12.672 12.679    0.033 0.023 0.021 0.024 0.028  A 4698
   1915.80862 12.519 12.569 12.598 12.617 12.589    0.046 0.026 0.023 0.025 0.029  A 5002
   1918.78061 12.430 12.486 12.495 12.509 12.494    0.041 0.027 0.026 0.030 0.034  A 5205
   1920.77461 12.747 12.726 12.671 12.603 12.546    0.043 0.030 0.026 0.030 0.034  A 5524
   1922.76355 12.576 12.677 12.719 12.772 12.745    0.033 0.024 0.022 0.026 0.031  A 5828
   1925.83085 12.567 12.540 12.576 12.602 12.625    0.033 0.025 0.023 0.027 0.032  A 6360
   1926.82533 12.651 12.618 12.624 12.612 12.617    0.035 0.024 0.023 0.026 0.028  A 6528
   1928.86571 12.602 12.612 12.631 12.663 12.676    0.030 0.022 0.020 0.023 0.026  A 6871
   1929.87063 12.586 12.577 12.604 12.592 12.586    0.027 0.028 0.022 0.023 0.027  A 7026
   1931.76676 12.669 12.664 12.631 12.541 12.458    0.028 0.025 0.020 0.023 0.026  A 7319
   1933.76914 12.613 12.635 12.662 12.671 12.680    0.031 0.027 0.022 0.024 0.027  A 7647
   1935.68981 12.737 12.711 12.713 12.735 12.662    0.031 0.024 0.021 0.025 0.028  A 7918
   1937.77387 12.811 12.795 12.794 12.792 12.763    0.029 0.028 0.022 0.024 0.027  A 8181
   1939.75879 12.923 13.037 13.075 13.123 13.086    0.027 0.025 0.019 0.021 0.024  A 8421
   1945.83745 12.892 12.947 13.016 13.019 12.977    0.032 0.031 0.024 0.026 0.029  A 8733
   1947.76676 12.949 12.856 12.828 12.841 12.895    0.032 0.028 0.024 0.028 0.032  A 8962
   1949.73253 13.083 13.153 13.194 13.295 13.458    0.037 0.029 0.026 0.029 0.033  A 9229
   1950.74110 12.953 12.897 12.837 12.736 12.618    0.035 0.030 0.025 0.029 0.033  A 9409
   1953.76066 13.160 13.190 13.226 13.269 13.260    0.037 0.036 0.028 0.030 0.032  A 9725
   1954.76016 13.161 13.156 13.215 13.250 13.179    0.043 0.039 0.032 0.035 0.037  A 9902
   1955.75873 13.300 13.299 13.352 13.367 13.357    0.036 0.035 0.028 0.031 0.033  A 10082
   1958.74521 13.085 13.187 13.293 13.373 13.313    0.036 0.034 0.026 0.028 0.029  A 10249
   1961.73494 13.013 12.982 13.030 13.049 12.972    0.033 0.032 0.024 0.026 0.026  A 10521
   1962.75982 13.022 13.060 13.127 13.196 13.219    0.043 0.039 0.033 0.039 0.035  A 10681
   1963.74932 13.078 13.080 13.120 13.167 13.101    0.037 0.035 0.029 0.034 0.031  A 10857
   1964.75178 13.017 12.996 13.004 12.995 12.902    0.038 0.036 0.029 0.031 0.029  A 11040
   1965.72881 12.953 13.046 13.041 13.028 12.904    0.034 0.034 0.027 0.030 0.028  A 11217
   1966.73523 12.761 12.835 12.856 12.805 12.693    0.036 0.034 0.027 0.032 0.030  A 11402
   1971.74904 12.803 12.932 12.958 12.915 12.872    0.046 0.041 0.035 0.042 0.039  A 11815
   1977.69320 12.864 12.918 12.916 12.900 12.802    0.052 0.046 0.041 0.049 0.046  A 11976
   1978.73143 12.679 12.748 12.980 13.136 13.026    0.061 0.051 0.045 0.055 0.053  B 12073
   1980.69712 29.999 29.999 29.999 29.999 29.999    0.065 0.056 0.048 0.057 0.055  C 12399
   1981.71927 29.999 29.999 29.999 29.999 29.999    0.054 0.047 0.040 0.049 0.046  C 12589
   1982.70149 12.882 13.045 13.095 13.149 13.096    0.050 0.044 0.037 0.043 0.039  A 12775
   1984.69105 29.999 29.999 29.999 29.999 29.999    0.059 0.049 0.042 0.050 0.048  C 12986
   1985.69251 12.776 12.849 12.852 12.868 12.856    0.050 0.043 0.037 0.043 0.040  A 13178
   1994.67139 12.965 12.931 12.797 12.711 12.688    0.055 0.046 0.037 0.044 0.042  A 13460
   1995.68510 12.816 12.904 12.918 12.946 12.949    0.055 0.047 0.039 0.047 0.046  A 13664
   1998.66249 12.534 12.514 12.573 12.662 12.686    0.077 0.061 0.048 0.054 0.054  B 14255
   2000.66053 29.999 29.999 29.999 29.999 29.999    0.075 0.057 0.045 0.051 0.052  C 14661
   2011.63109 29.999 29.999 29.999 29.999 29.999    0.074 0.060 0.048 0.055 0.058  C 15575
   2025.57867 13.113 13.132 13.135 13.074 12.981    0.044 0.029 0.027 0.031 0.034  A 17165
   2026.60726 13.051 13.099 13.100 13.076 13.118    0.057 0.031 0.029 0.032 0.034  A 17394
   2027.59464 13.120 13.097 13.098 13.092 13.079    0.061 0.033 0.032 0.032 0.036  A 17606
   2030.58328 13.262 13.176 13.156 13.167 13.237    0.062 0.031 0.027 0.030 0.035  A 17778
   2032.58127 13.251 13.202 13.186 13.185 13.150    0.045 0.024 0.023 0.025 0.029  A 18209
   2033.58257 13.135 13.083 13.042 13.013 12.964    0.051 0.029 0.027 0.029 0.031  A 18429
   2034.58245 13.152 13.149 13.208 13.233 13.225    0.048 0.027 0.027 0.031 0.035  A 18629
   2037.60121 13.144 13.173 13.134 13.059 13.060    0.050 0.026 0.027 0.032 0.037  A 18957
   2038.59250 13.120 13.030 12.969 12.959 12.890    0.065 0.031 0.030 0.037 0.042  A 19079
   2052.52879 13.137 13.084 13.075 13.099 13.025    0.070 0.033 0.029 0.032 0.036  B 19775
   2053.54973 13.437 13.374 13.380 13.338 13.235    0.056 0.029 0.027 0.029 0.032  A 19994
   2054.54537 13.229 13.154 13.146 13.177 13.105    0.069 0.038 0.034 0.038 0.042  B 20213
   2055.53644 13.279 13.300 13.332 13.381 13.539    0.069 0.033 0.033 0.037 0.040  B 20425
   2056.54701 13.288 13.252 13.234 13.204 13.265    0.069 0.034 0.031 0.034 0.036  B 20656
   2057.53193 13.202 13.177 13.189 13.219 13.228    0.070 0.033 0.029 0.032 0.034  B 20879
   2058.53269 13.180 13.160 13.100 13.098 13.136    0.060 0.028 0.024 0.026 0.030  A 21107
   2062.52537 13.182 13.170 13.255 13.428 13.487    0.066 0.040 0.039 0.046 0.052  A 21492
   2064.51690 13.083 13.113 13.193 13.305 13.302    0.061 0.030 0.028 0.032 0.035  A 21588
   2067.50638 13.144 13.095 13.121 13.157 13.286    0.068 0.033 0.029 0.031 0.034  B 21796
   2070.52299 13.143 13.117 13.148 13.215 13.239    0.051 0.027 0.025 0.028 0.031  A 22477
   2078.47961 13.124 13.078 13.144 13.232 13.237    0.049 0.030 0.026 0.029 0.032  A 22761
   2081.47915 13.042 13.043 13.043 13.046 13.030    0.053 0.026 0.024 0.028 0.030  A 23056
   2083.55725 13.235 13.269 13.308 13.387 13.454    0.051 0.028 0.026 0.030 0.033  A 23557
   2086.49391 13.297 13.309 13.265 13.234 13.240    0.045 0.025 0.023 0.027 0.030  A 23983
   2088.49073 13.350 13.326 13.375 13.410 13.439    0.048 0.027 0.024 0.027 0.030  A 24428
   2093.53037 13.385 13.351 13.341 13.345 13.438    0.052 0.033 0.027 0.029 0.033  A 24668
   2103.48531 13.453 13.382 13.421 13.441 13.443    0.037 0.023 0.021 0.024 0.027  A 25744
   2105.51374 13.591 13.550 13.538 13.540 13.602    0.046 0.027 0.024 0.028 0.031  A 26179
   2116.47425 13.553 13.501 13.502 13.568 13.541    0.036 0.027 0.022 0.025 0.028  A 27016
   2134.46336 13.830 13.849 13.942 14.102 13.926    0.054 0.038 0.034 0.039 0.043  A 29141
   2240.85555 29.999 29.999 29.999 29.999 29.999    0.075 0.064 0.059 0.066 0.069  D 41677
   2243.83862 29.999 29.999 29.999 29.999 29.999    0.073 0.064 0.054 0.059 0.062  D 42146
   2247.86120 29.999 29.999 29.999 29.999 29.999    0.085 0.071 0.061 0.070 0.074  D 42432
   2249.83947 29.999 29.999 29.999 29.999 29.999    0.059 0.049 0.041 0.046 0.047  C 42784
   2251.83266 29.999 29.999 29.999 29.999 29.999    0.074 0.061 0.047 0.052 0.055  C 43104
   2255.84334 29.999 29.999 29.999 29.999 29.999    0.069 0.057 0.044 0.051 0.053  C 43719
   2257.83347 29.999 29.999 29.999 29.999 29.999    0.081 0.063 0.049 0.054 0.054  D 44036
   2442.47686 13.258 13.223 13.216 13.278 13.231    0.030 0.029 0.023 0.025 0.028  A 8415
   2444.47551 13.355 13.318 13.353 13.350 13.331    0.031 0.027 0.022 0.023 0.026  A 8814
   2446.58807 13.310 13.257 13.224 13.249 13.276    0.031 0.025 0.024 0.028 0.032  A 9237
   2459.48895 13.224 13.282 13.255 13.249 13.189    0.026 0.028 0.020 0.020 0.020  A 10064
   2463.47208 13.103 13.073 13.113 13.137 13.106    0.026 0.021 0.018 0.018 0.021  A 10548
   2465.51147 13.146 13.117 13.131 13.176 13.118    0.029 0.031 0.021 0.021 0.021  A 11004
   2467.49898 13.086 13.133 13.114 13.110 13.055    0.025 0.024 0.017 0.018 0.020  A 11436
   2469.50371 13.046 13.088 13.184 13.217 13.159    0.031 0.032 0.023 0.022 0.024  A 11872
   2473.46982 13.065 13.088 13.117 13.130 13.088    0.031 0.034 0.025 0.026 0.026  A 12611
   2482.51328 12.886 12.954 13.029 13.038 13.032    0.039 0.037 0.033 0.040 0.034  A 13104
   2493.46302 13.301 13.257 13.246 13.260 13.288    0.037 0.036 0.031 0.034 0.035  A 14401
   2499.46554 13.229 13.248 13.303 13.369 13.413    0.033 0.034 0.029 0.034 0.037  A 15574
   2500.46812 13.182 13.243 13.231 13.203 13.147    0.036 0.037 0.027 0.030 0.033  A 15788
   2502.49727 13.409 13.405 13.368 13.316 13.442    0.035 0.037 0.030 0.034 0.032  A 16161
   2622.83314 13.081 13.059 13.036 13.023 12.951    0.028 0.028 0.026 0.028 0.032  A 30051
   2625.84376 13.058 13.045 13.040 13.048 13.001    0.033 0.031 0.025 0.028 0.030  A 30505
   2629.81118 13.114 13.024 13.048 13.110 13.110    0.037 0.034 0.025 0.029 0.032  A 30947
   2635.81656 13.305 13.196 13.206 13.224 13.212    0.029 0.026 0.024 0.028 0.031  A 32306
   2642.80824 13.220 13.193 13.200 13.250 13.327    0.028 0.026 0.023 0.025 0.027  A 33339
   2645.82517 13.281 13.311 13.350 13.297 13.270    0.023 0.023 0.021 0.023 0.025  A 33800
   2649.84173 13.173 13.210 13.229 13.271 13.270    0.035 0.052 0.038 0.040 0.039  B 34215
   2651.82972 13.108 13.098 13.129 13.162 13.210    0.026 0.029 0.023 0.026 0.027  A 34519
   2654.86528 13.138 13.175 13.128 13.072 13.025    0.033 0.031 0.025 0.030 0.032  A 35108
   2658.79371 13.217 13.255 13.233 13.271 13.311    0.034 0.032 0.029 0.031 0.034  A 35667
   2660.85579 13.060 13.099 13.233 13.336 13.362    0.033 0.034 0.032 0.038 0.041  A 36032
   2662.81420 13.103 13.049 13.078 13.106 13.053    0.026 0.027 0.024 0.028 0.029  A 36357
   2664.82620 13.090 13.122 13.173 13.247 13.288    0.024 0.021 0.020 0.022 0.024  A 36705
   2665.85511 13.125 13.158 13.170 13.147 13.146    0.035 0.039 0.037 0.041 0.043  A 36892
   2666.84947 13.052 13.058 13.081 13.122 13.067    0.027 0.028 0.026 0.029 0.032  A 37041
   2669.81190 13.009 12.955 12.949 12.956 12.973    0.026 0.022 0.019 0.021 0.023  A 37504
   2672.79449 13.087 13.026 13.052 13.103 13.218    0.025 0.029 0.023 0.028 0.028  A 37992
   2674.82384 13.167 13.148 13.160 13.182 13.213    0.025 0.033 0.027 0.026 0.029  A 38348
   2676.79369 13.095 13.057 13.047 13.033 12.998    0.024 0.020 0.019 0.020 0.023  A 38701
   2678.77330 13.020 13.045 13.039 13.049 13.098    0.022 0.019 0.019 0.020 0.022  A 39033
   2680.77787 12.964 12.881 12.843 12.795 12.766    0.025 0.024 0.022 0.025 0.028  A 39365
   2684.74983 12.969 13.026 13.008 12.974 12.963    0.025 0.029 0.025 0.029 0.031  A 40041
   2686.75379 13.136 13.100 13.062 13.050 13.033    0.027 0.027 0.024 0.027 0.031  A 40410
   2690.75630 13.031 13.105 13.212 13.352 13.356    0.029 0.033 0.028 0.031 0.034  A 41143
   2692.81343 13.167 13.099 13.102 13.111 13.177    0.034 0.033 0.022 0.025 0.028  A 41484
   2694.75420 13.163 13.129 13.159 13.181 13.149    0.025 0.026 0.022 0.024 0.026  A 41816
   2696.78369 13.174 13.221 13.141 13.084 13.047    0.028 0.031 0.022 0.024 0.025  A 42151
   2698.81978 13.210 13.184 13.204 13.245 13.310    0.034 0.044 0.034 0.039 0.042  A 42585
   2700.80423 13.339 13.257 13.228 13.297 13.227    0.032 0.031 0.024 0.025 0.027  A 42964
   2706.74920 13.205 13.318 13.263 13.204 13.177    0.028 0.037 0.022 0.023 0.023  A 44077
   2710.70138 13.291 13.295 13.369 13.410 13.351    0.021 0.023 0.021 0.022 0.023  A 44777
   2712.71058 13.291 13.233 13.214 13.175 13.114    0.022 0.022 0.021 0.023 0.026  A 45153
   2714.67915 13.417 13.357 13.347 13.329 13.224    0.027 0.029 0.026 0.027 0.029  A 45531
   2717.69369 13.156 13.083 13.080 13.092 13.166    0.025 0.024 0.025 0.030 0.034  A 45879
   2721.70846 13.171 13.208 13.267 13.282 13.284    0.034 0.029 0.022 0.025 0.028  A 46513
   2722.83508 13.191 13.281 13.359 13.398 13.296    0.048 0.038 0.028 0.032 0.035  A 46759
   2727.71799 13.009 13.072 13.028 12.997 12.908    0.023 0.026 0.020 0.022 0.024  A 47687
   2731.80710 13.066 13.110 13.124 13.117 13.071    0.037 0.027 0.024 0.024 0.026  A 48397
   2733.82394 13.062 13.052 13.096 13.119 13.053    0.033 0.025 0.021 0.022 0.024  A 48699
   2735.70808 13.164 13.092 13.065 13.039 13.032    0.027 0.027 0.021 0.024 0.027  A 49055
   2736.80387 13.016 12.955 13.004 13.065 13.049    0.026 0.024 0.024 0.028 0.031  A 49285
   2738.67774 13.114 13.129 13.106 13.069 13.022    0.028 0.027 0.025 0.028 0.032  A 49618
   2740.65806 13.151 13.159 13.133 13.262 13.292    0.028 0.035 0.027 0.031 0.031  A 49960
   2741.82325 13.055 13.017 13.063 13.120 13.104    0.034 0.030 0.033 0.036 0.040  A 50229
   2743.67360 13.149 13.171 13.182 13.150 13.059    0.027 0.034 0.027 0.034 0.035  A 50559
   2744.80350 12.895 12.975 12.999 12.950 13.041    0.038 0.038 0.042 0.044 0.048  A 50790
   2747.80524 29.999 29.999 29.999 29.999 29.999    0.040 0.037 0.042 0.052 0.062  C 51073
   2751.58216 13.072 12.992 12.960 12.934 12.943    0.030 0.026 0.020 0.021 0.024  A 51804
   2752.79020 13.062 13.117 13.118 13.202 13.282    0.024 0.023 0.024 0.026 0.028  A 52089
   2755.61041 13.060 13.092 13.093 13.090 13.029    0.021 0.025 0.018 0.019 0.021  A 52446
   2756.74276 12.953 13.013 13.012 13.040 13.012    0.020 0.022 0.019 0.020 0.023  A 52699
   2758.78259 13.022 12.970 12.944 12.924 12.893    0.024 0.024 0.021 0.022 0.025  A 53076
   2760.64542 12.987 12.934 12.970 12.967 12.933    0.022 0.019 0.018 0.020 0.021  A 53427
   2761.80830 13.016 12.914 12.979 13.041 13.088    0.027 0.026 0.022 0.026 0.031  A 53703
   2764.71571 12.977 12.944 12.955 12.993 13.032    0.028 0.023 0.021 0.023 0.026  A 54279
   2766.71076 12.857 12.878 12.894 12.917 12.955    0.028 0.025 0.023 0.025 0.027  A 54555
   2783.71118 12.947 12.888 12.935 13.009 13.109    0.027 0.028 0.025 0.026 0.028  A 55964
   2785.64305 12.985 12.933 12.940 12.937 12.958    0.026 0.026 0.021 0.021 0.023  A 56357
   2787.59478 12.947 12.970 12.907 12.872 12.841    0.025 0.029 0.019 0.021 0.023  A 56775
   2790.62014 12.826 12.948 12.984 13.024 12.977    0.031 0.040 0.026 0.028 0.030  A 57318
   2791.72916 12.915 12.908 12.871 12.831 12.823    0.026 0.024 0.023 0.027 0.030  A 57585
   2794.57355 13.117 13.015 12.983 12.975 13.018    0.028 0.036 0.028 0.035 0.032  A 58039
   2803.61772 29.999 29.999 29.999 29.999 29.999    0.076 0.080 0.091 0.111 0.133  D 58856
   2805.65542 12.869 12.839 12.835 12.830 12.831    0.033 0.030 0.033 0.040 0.047  A 59214
   2809.65537 13.043 12.944 12.889 12.889 12.852    0.030 0.035 0.023 0.025 0.028  A 59512
   2811.62067 13.058 13.118 13.087 13.067 12.962    0.031 0.031 0.020 0.021 0.023  A 59949
   2813.60266 13.116 13.035 13.010 12.962 12.935    0.032 0.029 0.020 0.021 0.023  A 60397
   2820.58393 13.016 13.043 13.022 13.031 13.063    0.026 0.025 0.020 0.022 0.024  A 61492
   2822.62816 12.947 13.036 13.147 13.287 13.181    0.055 0.058 0.066 0.079 0.090  D 61858
   2830.53269 13.034 13.007 13.035 13.058 13.043    0.026 0.026 0.020 0.023 0.027  A 62466
   2832.51486 12.982 12.993 13.033 13.051 13.058    0.026 0.024 0.021 0.024 0.028  A 62908
   2834.51601 12.928 12.941 12.977 12.951 12.928    0.029 0.027 0.025 0.027 0.031  A 63288
   2836.51335 12.861 12.889 12.943 12.959 12.889    0.027 0.028 0.025 0.028 0.029  A 63629
   2839.55480 12.882 12.880 12.893 12.908 12.958    0.026 0.028 0.024 0.027 0.030  A 64080
   2842.50763 13.065 13.059 13.097 13.119 13.114    0.036 0.042 0.036 0.043 0.043  A 64696
   2845.50385 12.880 12.909 12.892 12.880 12.829    0.033 0.029 0.023 0.027 0.026  A 65168
   2851.48964 12.881 12.913 12.926 12.918 12.859    0.023 0.027 0.023 0.028 0.027  A 65379
   2854.49239 12.980 12.932 12.954 12.941 12.876    0.025 0.026 0.020 0.024 0.024  A 65824
   2858.49336 12.873 12.862 12.893 12.909 12.865    0.029 0.028 0.022 0.026 0.028  A 66263
   2860.49561 12.946 12.997 13.076 13.122 13.073    0.026 0.029 0.023 0.027 0.031  A 66694
   2866.49844 12.993 12.979 12.940 12.920 12.844    0.032 0.036 0.026 0.027 0.027  A 67502
   2877.47244 12.838 12.803 12.793 12.778 12.792    0.026 0.025 0.024 0.027 0.030  A 68881
   2883.47173 13.063 13.047 12.980 12.946 13.068    0.032 0.028 0.029 0.033 0.037  A 69561
   2962.85630 29.999 29.999 29.999 29.999 29.999    0.036 0.039 0.039 0.046 0.055  C 81146
   2967.85496 12.936 12.846 12.766 12.710 12.636    0.030 0.029 0.029 0.033 0.038  A 81857
   2973.85153 12.783 12.855 12.883 12.930 12.958    0.027 0.027 0.028 0.033 0.039  A 82529
   2981.83463 12.847 13.032 13.195 13.322 13.317    0.033 0.035 0.037 0.046 0.052  A 83592
   2985.83662 12.735 12.849 12.880 12.858 12.793    0.025 0.026 0.026 0.030 0.035  A 84114
   2989.83134 12.823 12.768 12.731 12.726 12.745    0.026 0.023 0.023 0.026 0.031  A 84597
   2992.85543 12.672 12.685 12.676 12.690 12.702    0.032 0.031 0.034 0.042 0.049  A 85006
   3003.84169 12.802 12.834 12.872 12.907 12.992    0.025 0.024 0.026 0.030 0.035  A 86331
   3007.79576 12.803 12.820 12.805 12.817 12.789    0.024 0.024 0.023 0.026 0.030  A 86786
   3010.84609 12.844 12.862 12.902 12.983 13.037    0.026 0.024 0.024 0.028 0.032  A 87193
   3016.84881 13.049 12.991 12.945 12.978 13.014    0.024 0.023 0.022 0.026 0.030  A 87827
   3019.83652 12.984 12.965 12.911 12.855 12.833    0.032 0.039 0.039 0.048 0.057  A 88216
   3025.79880 13.076 13.051 13.000 12.989 13.013    0.030 0.032 0.030 0.033 0.037  A 88486
   3029.87173 13.019 13.006 13.005 13.023 13.029    0.030 0.026 0.025 0.031 0.036  A 88683
   3032.83533 12.954 12.971 13.038 13.062 13.091    0.034 0.039 0.037 0.044 0.053  A 88965
   3035.79905 12.984 13.026 13.012 12.952 12.857    0.025 0.022 0.022 0.025 0.029  A 89308
   3039.84260 13.033 12.987 12.944 12.936 12.891    0.025 0.027 0.023 0.027 0.031  A 89568
   3042.81243 13.092 13.126 13.047 12.954 12.865    0.038 0.027 0.028 0.033 0.039  A 89854
   3046.73381 13.166 13.213 13.382 13.562 13.550    0.028 0.030 0.033 0.038 0.043  A 90365
   3050.72574 13.080 13.077 13.061 13.016 13.043    0.024 0.023 0.022 0.025 0.029  A 90891
   3053.75763 12.978 12.883 12.867 12.868 12.901    0.028 0.025 0.024 0.027 0.031  A 91310
   3061.74247 13.029 13.053 13.044 13.063 13.067    0.024 0.023 0.023 0.027 0.030  A 92393
   3064.71845 13.085 13.087 13.136 13.156 13.144    0.024 0.021 0.021 0.025 0.027  A 92777
   3067.77429 12.966 12.969 12.981 12.994 12.957    0.027 0.027 0.027 0.032 0.037  A 93093
   3069.77765 13.029 13.074 13.125 13.169 13.231    0.027 0.027 0.026 0.031 0.036  A 93387
   3071.76846 12.826 12.855 12.954 13.059 13.065    0.031 0.032 0.030 0.035 0.040  A 93672
   3073.85278 13.084 13.080 13.124 13.164 13.258    0.026 0.026 0.028 0.033 0.039  A 93943
   3076.69714 12.862 12.845 12.844 12.819 12.786    0.026 0.025 0.025 0.030 0.034  A 94288
   3080.76924 13.008 13.072 13.164 13.319 13.441    0.049 0.054 0.060 0.066 0.069  D 94904
   3082.82861 13.083 13.178 13.150 13.156 13.145    0.027 0.022 0.023 0.027 0.030  A 95219
   3086.80304 13.150 13.217 13.228 13.312 13.452    0.028 0.023 0.023 0.027 0.032  A 95510
   3089.66640 13.369 13.372 13.404 13.364 13.284    0.028 0.027 0.027 0.033 0.039  A 95919
   3091.70695 13.195 13.188 13.167 13.165 13.110    0.035 0.038 0.036 0.038 0.041  A 96242
   3093.70534 13.124 13.155 13.162 13.200 13.304    0.030 0.032 0.029 0.033 0.038  A 96548
   3097.68600 12.950 12.951 12.939 12.908 12.886    0.024 0.024 0.025 0.030 0.035  A 96827
   3099.73754 13.143 13.038 13.149 13.307 13.393    0.028 0.029 0.030 0.036 0.042  A 97153
   3101.76624 13.170 13.213 13.255 13.236 13.214    0.028 0.027 0.029 0.035 0.040  A 97472
   3103.79202 12.961 12.939 12.945 12.976 12.943    0.029 0.032 0.033 0.041 0.048  A 97798
   3105.77452 12.911 12.882 12.883 12.914 12.890    0.027 0.028 0.028 0.034 0.040  A 98111
   3107.77908 13.135 13.138 13.079 13.048 12.984    0.027 0.025 0.023 0.026 0.030  A 98428
   3109.78953 12.987 12.974 12.988 13.022 13.049    0.032 0.027 0.027 0.030 0.033  A 98741
   3112.59797 12.985 13.031 12.992 13.028 13.116    0.024 0.023 0.021 0.025 0.029  A 99143
   3114.66242 12.984 12.910 12.909 12.912 12.877    0.031 0.025 0.023 0.026 0.030  A 99498
   3121.62606 13.069 12.969 12.897 12.880 12.850    0.025 0.027 0.024 0.027 0.030  A 100082
   3125.63765 13.055 13.054 13.074 13.092 13.108    0.023 0.023 0.023 0.028 0.032  A 100713
   3129.69759 13.317 13.286 13.509 13.941 14.126    0.029 0.029 0.032 0.039 0.046  A 101383
   3131.71351 12.921 12.934 12.884 12.827 12.775    0.033 0.027 0.029 0.036 0.042  A 101674
   3133.71662 13.162 13.179 13.196 13.227 13.305    0.025 0.024 0.024 0.029 0.034  A 102009
   3144.72813 13.246 13.235 13.220 13.223 13.169    0.024 0.024 0.023 0.027 0.031  A 103301
   3153.53654 13.333 13.271 13.316 13.452 13.507    0.029 0.028 0.030 0.036 0.041  A 103727
   3155.59199 29.999 29.999 29.999 29.999 29.999    0.036 0.041 0.046 0.057 0.065  C 104071
   3160.64526 13.149 13.088 13.132 13.087 13.030    0.028 0.029 0.030 0.037 0.042  A 104696
   3163.65318 13.101 13.136 13.190 13.188 13.150    0.028 0.023 0.023 0.027 0.032  A 105026
   3165.65104 13.326 13.265 13.252 13.265 13.211    0.026 0.022 0.022 0.026 0.029  A 105373
   3168.67003 13.211 13.240 13.145 13.212 13.204    0.024 0.023 0.023 0.028 0.033  A 105763
   3171.66332 13.327 13.377 13.387 13.478 13.548    0.026 0.026 0.025 0.030 0.036  A 106190
   3175.65071 13.209 13.136 13.112 13.107 13.086    0.027 0.026 0.027 0.032 0.037  A 106592
   3178.54674 13.313 13.258 13.227 13.211 99.999    0.026 0.024 0.023 0.026 0.029  C 107025
   3180.65896 13.188 13.163 13.168 13.202 13.183    0.026 0.025 0.025 0.029 0.033  A 107350
   3183.63374 13.075 13.047 13.060 13.119 13.187    0.031 0.030 0.027 0.032 0.036  A 107653
   3185.62491 13.207 13.191 13.205 13.251 13.355    0.028 0.028 0.029 0.036 0.042  A 107929
   3189.51181 13.371 13.345 13.351 13.369 13.379    0.025 0.025 0.026 0.031 0.035  A 108386
   3355.84187 13.232 13.357 13.423 13.401 13.357    0.051 0.042 0.043 0.049 0.054  A 124421
   3363.83487 13.552 13.795 14.128 14.618 17.572    0.102 0.061 0.062 0.068 0.074  D 125002
   3387.79422 13.373 13.345 13.311 13.301 13.293    0.056 0.041 0.040 0.047 0.053  A 126372
   3390.81722 13.276 13.301 13.270 13.247 13.203    0.057 0.037 0.032 0.035 0.040  A 126784
   3394.84136 13.128 13.088 13.053 12.995 12.915    0.037 0.025 0.027 0.031 0.035  A 127208
   3397.80358 13.333 13.345 13.328 13.281 13.254    0.054 0.035 0.031 0.034 0.039  A 127560
   3400.79468 13.171 13.199 13.216 13.177 13.091    0.043 0.033 0.031 0.036 0.041  A 127965
   3403.82448 13.187 13.125 13.110 13.123 99.999    0.043 0.034 0.032 0.035 0.040  C 128318
   3406.78787 13.286 13.306 13.322 13.384 13.467    0.036 0.029 0.029 0.033 0.038  A 128774
   3409.77392 13.197 13.288 13.319 13.375 13.361    0.041 0.029 0.028 0.032 0.036  A 129237
   3412.77121 13.245 13.177 13.158 13.211 13.249    0.036 0.026 0.027 0.030 0.035  A 129669
   3414.82541 13.255 13.256 13.275 13.309 13.327    0.035 0.029 0.029 0.034 0.039  A 130013
   3417.76052 13.114 13.188 13.232 13.215 13.142    0.045 0.032 0.028 0.030 0.033  A 130464
   3419.80683 13.114 13.185 13.196 13.207 13.284    0.052 0.032 0.029 0.032 0.035  A 130799
   3421.82282 12.967 12.970 13.040 13.121 13.255    0.038 0.030 0.031 0.037 0.042  A 131111
   3424.73435 13.106 13.148 13.235 13.441 13.657    0.034 0.027 0.029 0.035 0.042  A 131542
   3426.76533 12.976 12.979 13.010 13.043 13.077    0.040 0.026 0.027 0.032 0.037  A 131889
   3430.83309 13.002 13.007 13.006 13.004 13.012    0.039 0.024 0.023 0.028 0.032  A 132260
   3432.83308 12.944 12.965 13.006 12.984 12.925    0.033 0.030 0.031 0.035 0.040  A 132590
   3436.72511 12.987 13.079 13.161 13.224 13.233    0.030 0.032 0.032 0.038 0.046  A 133017
   3439.75531 12.977 12.956 12.930 12.862 12.884    0.034 0.028 0.030 0.037 0.043  A 133369
   3443.70888 12.994 12.983 12.967 12.976 13.013    0.039 0.023 0.022 0.025 0.028  A 133771
   3445.73609 13.047 12.997 12.972 12.966 12.938    0.034 0.024 0.024 0.027 0.030  A 134138
   3447.73907 13.082 13.118 13.194 13.310 13.292    0.052 0.030 0.028 0.030 0.034  A 134776
   3449.77084 13.046 13.128 13.298 13.597 13.839    0.101 0.054 0.058 0.065 0.068  B 135114
   3452.66729 13.171 13.302 13.347 13.369 13.294    0.058 0.037 0.036 0.043 0.049  A 135500
   3454.72227 13.309 13.315 13.357 13.414 13.485    0.046 0.033 0.033 0.039 0.045  A 135855
   3456.73805 13.073 13.059 13.064 13.086 13.156    0.046 0.031 0.031 0.037 0.043  A 136214
   3458.72735 13.039 13.054 13.087 13.106 13.076    0.046 0.029 0.027 0.031 0.036  A 136564
   3460.73870 13.233 13.210 13.164 13.159 13.194    0.058 0.034 0.030 0.035 0.040  A 136933
   3463.63106 13.066 13.024 13.058 13.108 13.116    0.071 0.038 0.033 0.038 0.042  B 137315
   3465.68727 13.153 13.121 13.114 13.111 13.079    0.049 0.031 0.028 0.030 0.033  A 137673
   3467.86341 13.047 13.012 13.014 12.985 12.928    0.050 0.030 0.028 0.032 0.037  A 137998
   3470.62040 13.112 13.024 13.034 13.013 12.961    0.039 0.027 0.025 0.029 0.032  A 138397
   3472.66565 12.974 12.995 12.951 12.908 12.861    0.030 0.027 0.026 0.030 0.033  A 138723
   3474.70973 13.080 13.078 13.006 12.939 12.860    0.036 0.032 0.032 0.035 0.040  A 139063
   3476.81370 13.048 12.993 12.916 12.834 12.781    0.065 0.037 0.036 0.041 0.047  A 139431
   3478.75053 13.023 13.045 13.061 13.080 13.151    0.054 0.034 0.032 0.035 0.040  A 139759
   3480.74120 13.079 13.018 13.044 13.015 12.948    0.076 0.043 0.038 0.041 0.045  B 140036
   3481.47369 13.284 13.280 13.269 13.244 13.220    0.071 0.041 0.038 0.043 0.049  B 140120
   3482.73313 13.038 12.980 13.005 13.074 13.090    0.078 0.047 0.042 0.047 0.052  B 140355
   3489.61627 13.023 13.010 13.053 13.071 12.988    0.033 0.025 0.023 0.026 0.030  A 140943
   3491.62308 13.001 13.044 13.078 13.149 13.152    0.042 0.029 0.029 0.035 0.041  A 141304
   3495.61955 12.887 12.951 12.934 12.949 12.964    0.032 0.025 0.021 0.025 0.029  A 141630
   3497.66246 13.019 12.997 13.028 13.055 13.111    0.037 0.027 0.024 0.026 0.030  A 141923
   3500.66993 12.885 12.833 12.887 12.988 12.999    0.088 0.053 0.052 0.058 0.064  B 142279
   3502.69500 12.930 13.022 13.145 13.274 13.501    0.095 0.054 0.051 0.057 0.066  B 142645
   3508.72054 13.112 13.106 13.054 13.027 12.983    0.026 0.027 0.023 0.026 0.029  A 143268
   3511.60412 13.138 13.070 13.124 13.197 13.301    0.038 0.028 0.025 0.030 0.034  A 143659
   3515.63538 12.804 12.721 12.746 12.872 13.040    0.065 0.058 0.071 0.087 0.100  D 144045
   3517.62794 13.093 13.066 13.040 12.995 12.986    0.054 0.034 0.030 0.033 0.035  A 144337
   3521.57783 13.123 13.047 13.034 13.025 12.984    0.081 0.043 0.038 0.041 0.043  B 144820
   3523.58114 13.193 13.206 13.248 13.315 13.355    0.053 0.034 0.030 0.035 0.038  A 145175
   3525.60402 13.024 12.982 12.948 12.986 12.985    0.031 0.025 0.022 0.025 0.029  A 145485
   3529.60721 13.052 13.034 13.101 13.160 13.232    0.035 0.028 0.026 0.029 0.033  A 146184
   3537.68027 12.974 13.005 13.030 13.020 12.950    0.045 0.039 0.042 0.051 0.059  A 146726
   3539.56891 12.971 13.028 13.053 13.124 13.205    0.071 0.042 0.037 0.040 0.044  B 147012
   3542.61303 12.892 12.910 12.966 13.067 13.158    0.037 0.034 0.035 0.042 0.051  A 147418
   3545.59135 29.999 29.999 29.999 29.999 29.999    0.076 0.084 0.105 0.137 0.164  D 147840
   3550.52351 12.960 13.011 13.043 13.100 13.198    0.066 0.034 0.033 0.037 0.042  A 148177
   3552.62376 13.160 13.231 13.334 13.476 13.669    0.049 0.050 0.058 0.072 0.087  D 148457
   3559.52014 13.205 13.205 13.324 13.446 13.442    0.061 0.046 0.038 0.040 0.044  A 149368
   3561.54118 13.186 13.125 13.116 13.093 13.151    0.056 0.025 0.025 0.029 0.032  A 149712
   3563.53063 13.108 13.079 13.089 13.075 13.112    0.027 0.023 0.025 0.028 0.032  A 150049
   3569.53411 12.959 12.874 12.878 12.882 12.867    0.031 0.029 0.024 0.028 0.032  A 150536
   3573.53942 12.810 12.872 12.902 12.942 12.941    0.031 0.031 0.027 0.030 0.036  A 151079
   3575.55661 13.045 13.050 13.039 13.027 13.004    0.027 0.026 0.023 0.027 0.032  A 151446
   3578.53541 12.883 12.876 12.813 12.791 12.765    0.031 0.025 0.024 0.027 0.031  A 151941
   3583.49450 12.967 12.935 12.890 12.856 12.835    0.056 0.035 0.035 0.039 0.042  A 152785
   3585.54333 12.871 12.882 12.885 12.899 12.939    0.038 0.029 0.029 0.032 0.035  A 153150
   3588.50555 12.924 12.851 12.836 12.800 12.737    0.031 0.029 0.030 0.035 0.040  A 153621
   3593.51086 13.010 12.961 12.941 12.973 12.943    0.066 0.036 0.031 0.034 0.038  A 154499
   3597.51365 12.937 12.988 13.060 13.096 13.178    0.054 0.046 0.052 0.063 0.073  B 155096
   3602.46900 13.298 13.342 13.382 13.410 13.435    0.050 0.035 0.035 0.042 0.048  A 155676
   3604.50831 13.041 13.002 12.923 12.810 12.796    0.052 0.042 0.043 0.051 0.060  A 156000
   3609.47415 13.016 13.029 13.080 13.148 13.095    0.074 0.057 0.057 0.064 0.072  B 156587
   3703.85404 13.033 13.008 13.019 13.021 13.031    0.060 0.035 0.034 0.039 0.044  A 168504
   3715.84013 13.072 13.041 12.988 12.961 12.944    0.063 0.040 0.039 0.046 0.052  A 169894
   3719.84196 12.970 12.982 12.945 12.874 12.820    0.037 0.029 0.032 0.039 0.046  A 170369
   3724.84795 13.083 13.089 13.120 13.103 13.026    0.031 0.026 0.029 0.034 0.040  A 170938
   3727.85577 12.831 12.879 12.875 12.892 12.916    0.047 0.031 0.030 0.036 0.043  A 171352
   3731.85816 12.863 12.887 12.898 12.892 12.920    0.037 0.031 0.032 0.039 0.045  A 171760
   3735.82905 12.849 12.806 12.827 12.838 12.912    0.035 0.027 0.028 0.032 0.037  A 172276
   3739.80950 12.786 12.831 12.845 12.883 12.952    0.039 0.028 0.029 0.033 0.038  A 172827
   3743.82652 12.830 12.801 12.832 12.851 12.870    0.051 0.034 0.033 0.037 0.040  A 173339
   3746.85585 12.980 12.995 12.971 12.935 12.999    0.051 0.041 0.042 0.050 0.057  A 173749
   3750.81675 12.881 12.904 12.931 12.972 13.032    0.036 0.030 0.032 0.039 0.046  A 174303
   3753.85503 12.969 12.973 12.903 12.846 12.829    0.041 0.031 0.033 0.040 0.050  A 174721
   3756.82847 13.074 13.087 13.125 13.224 13.297    0.042 0.034 0.035 0.043 0.051  A 175123
   3759.85435 12.968 12.977 13.002 13.028 13.001    0.055 0.033 0.031 0.037 0.042  A 175555
   3762.81863 29.999 29.999 29.999 29.999 29.999    0.076 0.051 0.045 0.051 0.056  C 175932
   3765.81553 13.164 13.142 13.171 13.265 13.380    0.067 0.047 0.043 0.045 0.048  A 176352
   3769.75334 13.153 13.067 13.013 12.956 12.911    0.069 0.044 0.041 0.046 0.054  B 176867
   3772.79126 12.958 12.976 13.009 13.068 13.135    0.067 0.036 0.032 0.034 0.036  A 177263
   3775.77911 13.022 12.973 13.016 13.087 12.980    0.038 0.031 0.036 0.043 0.051  A 177691
   3778.76410 12.973 12.872 12.757 12.638 12.551    0.043 0.034 0.034 0.042 0.049  A 178145
   3787.80384 13.019 12.993 12.997 12.964 12.998    0.032 0.028 0.030 0.036 0.042  A 178896
   3790.74681 13.025 12.982 12.918 12.862 12.859    0.059 0.042 0.039 0.043 0.048  A 179284
   3792.79919 12.908 12.903 12.913 12.922 12.882    0.046 0.034 0.034 0.040 0.044  A 179608
   3795.72607 13.056 13.048 13.090 13.190 13.340    0.043 0.030 0.028 0.032 0.036  A 180008
   3797.81305 13.051 13.060 13.065 13.059 13.093    0.055 0.034 0.030 0.033 0.038  A 180318
   3800.71597 13.287 13.310 13.420 13.688 14.263    0.062 0.047 0.049 0.055 0.063  B 180694
   3803.70708 13.450 13.428 13.386 13.357 13.323    0.083 0.049 0.047 0.054 0.062  B 181048
   3805.75498 13.217 13.179 13.192 13.229 13.211    0.037 0.029 0.030 0.035 0.039  A 181355
   3808.74268 13.018 13.024 13.044 13.136 13.298    0.056 0.042 0.041 0.048 0.055  A 181694
   3810.81441 13.120 13.107 13.089 13.015 12.917    0.039 0.032 0.034 0.041 0.048  A 182039
   3813.67618 13.093 13.175 13.265 13.434 13.730    0.060 0.042 0.043 0.051 0.059  A 182469
   3815.72790 13.166 13.253 13.346 13.423 13.461    0.060 0.045 0.037 0.038 0.043  A 182807
   3817.72651 13.145 13.141 13.144 13.170 13.089    0.055 0.034 0.033 0.037 0.041  A 183121
   3819.77271 13.077 13.097 13.105 13.121 13.190    0.051 0.035 0.036 0.042 0.049  A 183460
   3822.65791 13.347 13.469 13.541 13.706 13.770    0.053 0.034 0.033 0.037 0.041  A 183904
   3824.70415 13.156 13.081 13.017 12.995 12.950    0.035 0.028 0.029 0.036 0.043  A 184253
   3826.71259 13.161 13.201 13.287 13.404 13.509    0.058 0.037 0.037 0.046 0.053  A 184594
   3828.74810 13.214 13.227 13.193 13.184 13.209    0.048 0.030 0.030 0.033 0.037  A 184951
   3831.62669 13.206 13.277 13.261 13.267 13.248    0.046 0.033 0.032 0.037 0.043  A 185414
   3833.67655 13.198 13.036 12.940 12.887 12.903    0.054 0.038 0.039 0.047 0.055  A 185781
   3835.68072 13.324 13.255 13.103 12.844 12.693    0.031 0.033 0.039 0.048 0.058  A 186128
   3837.71818 29.999 29.999 29.999 29.999 29.999    0.035 0.029 0.032 0.041 0.049  C 186472
   3847.68107 13.438 13.283 13.178 13.044 12.971    0.053 0.037 0.039 0.047 0.056  A 186752
   3849.64391 13.447 13.424 13.409 13.400 13.388    0.034 0.036 0.032 0.033 0.036  A 187094
   3851.64049 13.450 13.501 13.504 13.505 13.498    0.032 0.025 0.024 0.028 0.032  A 187438
   3853.67949 13.502 13.502 13.546 13.690 13.782    0.049 0.026 0.025 0.028 0.032  A 187801
   3855.77203 13.208 13.261 13.437 13.546 13.608    0.051 0.051 0.057 0.068 0.077  B 188138
   3858.59107 13.455 13.475 13.536 13.542 13.615    0.042 0.028 0.027 0.031 0.035  A 188511
   3862.59731 13.202 13.136 13.170 13.215 13.200    0.051 0.030 0.026 0.030 0.033  A 189186
   3864.62363 13.299 13.273 13.274 13.370 13.500    0.076 0.040 0.037 0.040 0.044  B 189530
   3866.63492 13.395 13.345 13.390 13.493 13.585    0.060 0.036 0.032 0.038 0.043  A 189888
   3868.67466 13.482 13.498 13.515 13.587 13.617    0.044 0.033 0.035 0.042 0.048  A 190207
   3870.66971 13.383 13.384 13.438 13.472 13.320    0.041 0.031 0.031 0.037 0.044  A 190568
   3872.66711 13.395 13.389 13.459 13.610 13.796    0.053 0.031 0.027 0.031 0.034  A 190940
   3876.62080 13.271 13.222 13.282 13.328 13.315    0.037 0.027 0.027 0.029 0.033  A 191334
   3881.68364 13.238 13.212 13.240 13.301 13.214    0.035 0.025 0.024 0.028 0.031  A 192008
   3886.53481 13.206 13.213 13.195 13.182 13.137    0.029 0.027 0.026 0.030 0.036  A 192434
   3888.55300 13.099 13.141 13.209 13.310 13.378    0.036 0.030 0.030 0.035 0.040  A 192815
   3890.55119 13.329 13.317 13.281 13.281 13.244    0.027 0.025 0.023 0.026 0.029  A 193148
   3892.55763 29.999 29.999 29.999 29.999 29.999    0.041 0.039 0.042 0.050 0.060  C 193498
   3894.62579 13.254 13.155 13.142 13.148 13.082    0.032 0.032 0.030 0.034 0.039  A 193852
   3902.49727 13.276 13.215 13.240 13.311 13.422    0.035 0.024 0.024 0.028 0.032  A 194988
   3904.53291 13.255 13.209 13.152 13.126 13.120    0.046 0.027 0.025 0.028 0.031  A 195378
   3906.55271 13.270 13.279 13.342 13.413 13.413    0.082 0.044 0.039 0.041 0.044  B 195762
   3908.55342 13.229 13.262 13.282 13.278 13.252    0.056 0.038 0.032 0.033 0.036  A 196150
   3912.65672 13.400 13.364 13.330 13.272 13.213    0.034 0.025 0.024 0.028 0.031  A 196750
   4090.84238 13.043 13.112 13.140 13.142 13.072    0.040 0.033 0.032 0.037 0.043  A 209321
   4103.85396 12.746 12.717 12.826 12.999 13.068    0.036 0.030 0.032 0.038 0.045  A 210666
   4106.85242 12.686 12.745 12.784 12.813 12.896    0.040 0.033 0.036 0.043 0.049  A 211035
   4120.84186 12.657 12.734 12.825 12.883 12.962    0.047 0.033 0.033 0.039 0.043  A 211891
   4126.83002 12.728 12.714 12.744 12.793 12.840    0.036 0.031 0.029 0.033 0.037  A 211733
   4129.81023 12.730 12.750 12.772 12.766 12.733    0.042 0.032 0.031 0.036 0.040  A 212124
   4132.79790 12.712 12.625 12.665 12.732 12.732    0.086 0.046 0.041 0.043 0.046  B 212502
   4135.78287 12.654 12.662 12.654 12.672 12.650    0.071 0.038 0.035 0.040 0.045  B 212902
   4146.77202 12.600 12.603 12.624 12.631 12.647    0.070 0.051 0.042 0.041 0.045  B 214457
   4150.76542 12.574 12.578 12.612 12.636 12.659    0.051 0.039 0.033 0.033 0.036  A 214858
   4152.81226 12.526 12.522 12.525 12.506 12.576    0.037 0.033 0.031 0.036 0.041  A 215179
   4155.74229 12.612 12.532 12.543 12.591 12.601    0.068 0.034 0.033 0.035 0.037  B 215600
   4160.77974 12.658 12.602 12.604 12.582 12.531    0.033 0.028 0.027 0.031 0.034  A 216352
   4162.76828 12.638 12.623 12.652 12.692 12.651    0.077 0.077 0.077 0.083 0.089  D 216669
   4164.78350 12.699 12.676 12.603 12.566 12.524    0.049 0.037 0.040 0.048 0.057  A 216951
   4167.76895 12.667 12.664 12.670 12.649 12.667    0.035 0.033 0.033 0.038 0.044  A 217359
   4173.70747 12.656 12.698 12.690 12.696 12.694    0.044 0.034 0.031 0.035 0.040  A 218094
   4175.75916 12.601 12.693 12.718 12.727 12.752    0.037 0.039 0.038 0.044 0.050  A 218420
   4178.73726 12.744 12.717 12.665 12.674 12.639    0.070 0.056 0.061 0.073 0.085  D 218724
   4180.76575 12.635 12.613 12.642 12.674 12.717    0.072 0.048 0.047 0.056 0.064  B 219029
   4182.85526 12.839 12.806 12.792 12.771 12.766    0.060 0.040 0.038 0.042 0.048  A 219332
   4185.67107 12.759 12.771 12.803 12.880 12.979    0.039 0.033 0.032 0.038 0.045  A 219702
   4188.77569 12.664 12.702 12.759 12.827 12.904    0.030 0.031 0.027 0.030 0.034  A 219981
   4190.74459 12.827 12.752 12.757 12.764 12.699    0.054 0.036 0.031 0.036 0.041  A 220274
   4192.73401 12.682 12.711 12.771 12.824 12.859    0.050 0.038 0.033 0.037 0.043  A 220594
   4194.76438 12.693 12.723 12.702 12.682 12.670    0.065 0.048 0.047 0.054 0.061  B 220919
   4197.75908 12.621 12.624 12.556 12.475 12.430    0.070 0.046 0.041 0.048 0.054  B 221241
   4200.69811 12.887 12.862 12.819 12.818 12.794    0.030 0.031 0.026 0.030 0.035  A 221506
   4203.70225 99.999 99.999 99.999 99.999 99.999    0.061 0.037 0.031 0.033 0.036  C 221803
   4205.70772 12.848 12.816 12.893 13.010 12.979    0.066 0.040 0.036 0.041 0.046  A 222133
   4208.77339 12.851 12.801 12.767 12.772 12.737    0.070 0.048 0.046 0.053 0.060  B 222379
   4212.80509 12.939 12.911 12.959 12.989 12.917    0.061 0.059 0.067 0.078 0.089  D 222473
   4215.74395 12.809 12.816 12.786 12.733 12.676    0.045 0.038 0.032 0.036 0.041  A 222720
   4226.59692 29.999 29.999 29.999 29.999 29.999    0.061 0.064 0.071 0.089 0.107  D 222995
   4228.61564 12.718 12.772 12.721 12.671 12.627    0.051 0.037 0.031 0.034 0.038  A 223335
   4230.61841 12.780 12.796 12.814 12.839 12.820    0.040 0.037 0.034 0.035 0.038  A 223679
   4232.61515 12.743 12.725 12.726 12.712 12.698    0.050 0.035 0.031 0.036 0.043  A 224023
   4234.62110 12.696 12.746 12.759 12.781 12.796    0.042 0.032 0.027 0.029 0.033  A 224393
   4238.66170 12.752 12.768 12.736 12.751 12.712    0.041 0.041 0.039 0.045 0.053  A 225021
   4245.56191 29.999 29.999 29.999 29.999 29.999    0.054 0.055 0.060 0.074 0.088  D 226011
   4246.74207 12.533 12.596 12.659 12.670 12.636    0.047 0.037 0.034 0.039 0.045  A 226254
   4250.49534 12.524 12.531 12.546 12.520 12.532    0.036 0.033 0.030 0.035 0.041  A 226626
   4253.72699 12.621 12.788 12.815 12.845 12.786    0.045 0.041 0.038 0.044 0.050  A 226877
   4256.56714 12.623 12.707 12.712 12.707 12.738    0.043 0.032 0.030 0.034 0.037  A 227226
   4258.58873 12.593 12.652 12.654 12.671 12.639    0.049 0.035 0.029 0.032 0.035  A 227499
   4268.62201 12.724 12.809 12.884 12.944 13.024    0.039 0.041 0.040 0.047 0.055  A 227978
   4274.53164 12.523 12.526 12.510 12.522 12.520    0.033 0.032 0.026 0.028 0.031  A 228654
   4277.55571 12.565 12.607 12.621 12.657 12.658    0.033 0.032 0.027 0.030 0.034  A 228976
   4281.55910 12.507 12.504 12.473 12.451 12.556    0.045 0.036 0.038 0.045 0.053  A 229302
   4283.57993 12.504 12.442 12.400 12.330 12.264    0.048 0.035 0.035 0.041 0.048  A 229617
   4285.57821 12.551 12.613 12.639 12.688 12.754    0.043 0.038 0.035 0.041 0.046  A 229961
   4291.58885 12.691 12.747 12.740 12.752 12.788    0.037 0.035 0.029 0.031 0.034  A 230670
   4293.58185 12.704 12.727 12.718 12.707 12.685    0.038 0.032 0.027 0.030 0.033  A 231034
   4295.58570 12.729 12.729 12.759 12.779 12.748    0.028 0.029 0.025 0.028 0.031  A 231376
   4297.58470 12.654 12.615 12.712 12.824 12.870    0.049 0.042 0.043 0.050 0.058  A 231726
   4299.55892 12.775 12.852 12.910 12.981 12.997    0.035 0.031 0.028 0.032 0.036  A 232091
   4301.52743 12.772 12.693 12.704 12.757 12.760    0.075 0.069 0.082 0.098 0.106  D 232432
   4304.52454 12.861 12.936 12.941 12.939 12.886    0.045 0.039 0.034 0.038 0.042  A 232920
   4306.54613 12.897 12.868 12.921 12.923 13.001    0.032 0.031 0.027 0.031 0.036  A 233293
   4309.55809 29.999 29.999 29.999 29.999 29.999    0.040 0.040 0.042 0.050 0.059  C 233767
   4312.53502 12.791 12.823 12.800 12.778 12.755    0.055 0.050 0.051 0.059 0.065  B 234188
   4315.54174 12.862 12.858 12.865 12.834 12.840    0.039 0.038 0.032 0.036 0.038  A 234534
   4331.46874 12.793 12.837 12.715 12.626 12.565    0.046 0.043 0.041 0.046 0.051  A 235436
   4333.50501 12.761 12.673 12.697 12.722 12.683    0.034 0.031 0.029 0.033 0.038  A 235812
   4338.47258 12.752 12.732 12.672 12.623 12.597    0.046 0.038 0.031 0.035 0.038  A 236373
   4342.47553 12.704 12.771 12.770 12.780 12.817    0.046 0.034 0.033 0.039 0.045  A 237043
   4345.47225 12.733 12.624 12.608 12.627 12.644    0.069 0.042 0.040 0.047 0.052  B 237549
   4432.85602 29.999 29.999 29.999 29.999 29.999    0.040 0.037 0.038 0.046 0.055  C 247742
   4436.84462 13.134 13.186 13.315 13.508 13.715    0.039 0.036 0.036 0.042 0.049  A 248226
   4440.84524 13.295 13.324 13.362 13.374 13.374    0.035 0.033 0.033 0.037 0.044  A 248732
   4453.83550 13.371 13.246 13.249 13.296 13.406    0.049 0.040 0.041 0.045 0.051  A 250189
   4457.83369 29.999 29.999 29.999 29.999 29.999    0.038 0.034 0.033 0.040 0.046  C 250624
   4461.82139 13.338 13.233 13.116 13.052 12.975    0.040 0.038 0.037 0.043 0.050  A 251098
   4464.83677 13.290 13.271 13.357 13.502 13.578    0.039 0.033 0.031 0.036 0.042  A 251479
   4472.84630 29.999 29.999 29.999 29.999 29.999    0.068 0.054 0.057 0.069 0.081  D 252295
   4476.86289 13.349 13.481 13.709 14.012 14.355    0.060 0.050 0.055 0.067 0.076  B 252712
   4480.80411 13.311 13.323 13.372 13.431 13.425    0.047 0.037 0.038 0.046 0.052  A 253188
   4484.85987 13.184 13.117 13.041 13.000 12.979    0.056 0.037 0.035 0.041 0.047  A 253550
   4487.83776 29.999 29.999 29.999 29.999 29.999    0.054 0.046 0.050 0.057 0.063  C 253892
   4494.87580 13.305 13.283 13.182 13.064 12.930    0.037 0.033 0.031 0.035 0.041  A 254729
   4498.82019 13.180 13.143 13.209 13.245 13.306    0.040 0.037 0.035 0.037 0.041  A 254963
   4501.79523 13.337 13.399 13.423 13.447 13.492    0.046 0.037 0.034 0.037 0.041  A 255333
   4504.78429 13.141 13.203 13.120 13.017 13.015    0.035 0.031 0.026 0.029 0.032  A 255752
   4507.76836 13.028 13.078 13.131 13.195 13.151    0.054 0.040 0.038 0.043 0.051  A 256184
   4510.77573 13.115 13.213 13.258 13.308 13.401    0.048 0.039 0.037 0.043 0.048  A 256594
   4516.79085 29.999 29.999 29.999 29.999 29.999    0.068 0.060 0.061 0.072 0.083  D 257172
   4518.80403 12.818 12.756 12.743 12.762 12.753    0.038 0.038 0.040 0.047 0.056  A 257468
   4522.79798 13.111 13.110 13.111 13.081 13.014    0.035 0.032 0.028 0.032 0.037  A 258051
   4525.72077 12.969 13.110 13.183 13.223 13.221    0.046 0.039 0.029 0.032 0.035  A 258462
   4527.77956 13.066 13.152 13.137 13.052 12.987    0.053 0.040 0.037 0.044 0.052  A 258776
   4530.71432 13.147 13.176 13.239 13.288 13.270    0.032 0.031 0.028 0.032 0.036  A 259209
   4532.80592 13.035 13.109 13.068 13.038 12.975    0.033 0.031 0.027 0.030 0.033  A 259539
   4536.70529 13.170 13.250 13.251 13.274 13.281    0.030 0.030 0.026 0.028 0.032  A 259953
   4538.74790 13.055 13.156 13.191 13.227 13.294    0.036 0.031 0.027 0.030 0.034  A 260264
   4540.80275 13.026 13.058 13.085 13.173 13.213    0.050 0.038 0.035 0.041 0.048  A 260563
   4542.74155 12.997 13.096 13.169 13.207 13.206    0.034 0.032 0.031 0.036 0.043  A 260861
   4546.76123 13.034 13.006 13.056 13.102 13.076    0.043 0.038 0.036 0.042 0.049  A 261479
   4554.65713 13.081 13.098 13.111 13.116 13.180    0.038 0.035 0.034 0.041 0.049  A 262545
   4558.77623 12.888 12.919 12.969 13.043 13.111    0.033 0.030 0.027 0.029 0.033  A 263238
   4560.78137 12.860 12.856 12.871 12.864 12.838    0.049 0.035 0.029 0.032 0.037  A 263571
   4563.62700 13.235 13.183 13.116 13.131 13.132    0.035 0.036 0.035 0.040 0.047  A 264020
   4565.69163 13.215 13.185 13.255 13.393 13.459    0.043 0.033 0.030 0.034 0.040  A 264378
   4567.68168 13.161 13.180 13.215 13.280 13.264    0.038 0.032 0.031 0.035 0.039  A 264707
   4569.67882 13.087 13.062 13.047 13.043 13.038    0.032 0.032 0.031 0.035 0.042  A 265011
   4571.66391 13.046 13.000 12.951 12.917 12.863    0.033 0.033 0.030 0.036 0.042  A 265344
   4573.67900 13.106 13.153 13.085 13.048 13.066    0.043 0.036 0.035 0.042 0.047  A 265695
#ndata= 12
#dataset= 4 ; 1 F1320-40_142
#desig= 125007-4230.0
#cra=   12.835189  12:50:06.7
#cdec= -42.500341 -42:30:01.2
#class= 0
#cmag_0= 13.169
#cmer_0=  0.237
#nskip_0= 0
#cmag_1= 13.152
#cmer_1=  0.237
#nskip_1= 0
#cmag_2= 13.155
#cmer_2=  0.241
#nskip_2= 0
#cmag_3= 13.156
#cmer_3=  0.250
#nskip_3= 0
#cmag_4= 13.132
#cmer_4=  0.277
#nskip_4= 0
#ra=   12.835189  12:50:06.7
#dec= -42.500341 -42:30:01.2
#     HJD      MAG_0  MAG_1  MAG_2  MAG_3  MAG_4    MER_0 MER_1 MER_2 MER_3 MER_4 GRADE FRAME
   2454.51260 13.221 13.204 13.193 13.190 13.155    0.028 0.031 0.024 0.026 0.027  A 9798
   2665.85511 13.137 13.158 13.158 13.129 13.120    0.032 0.036 0.034 0.039 0.042  A 36892
   2701.75262 13.216 13.184 13.166 13.169 13.127    0.024 0.024 0.022 0.024 0.027  A 43134
   2703.74885 13.302 13.196 13.199 13.222 13.173    0.026 0.027 0.022 0.024 0.027  A 43515
   2705.74348 13.311 13.279 13.251 13.191 13.118    0.033 0.027 0.025 0.027 0.031  A 43887
   2726.92085 29.999 29.999 29.999 29.999 29.999    0.034 0.034 0.033 0.037 0.042  C 47583
   2728.72857 13.103 13.142 13.210 13.212 13.138    0.026 0.023 0.022 0.024 0.027  A 47896
   2783.73202 12.967 12.961 13.006 13.035 12.943    0.027 0.025 0.024 0.026 0.028  A 55972
   2976.84716 12.750 12.718 12.717 12.708 12.661    0.027 0.028 0.026 0.031 0.035  A 82939
   3177.67895 13.211 13.160 13.089 13.049 13.029    0.026 0.027 0.025 0.029 0.034  A 106912
   3363.84665 13.243 13.249 13.270 13.300 13.399    0.061 0.043 0.042 0.047 0.051  A 125006
   3387.85098 13.368 13.384 13.434 13.499 13.602    0.068 0.045 0.044 0.052 0.059  A 126392
