#ndata= 522
#dataset= 1 ; 1 F1248-56_076
#desig= 125926-5534.0
#cra=   12.990526  12:59:25.9
#cdec= -55.565943 -55:33:57.4
#class= 0
#cmag_0= 12.376
#cmer_0=  0.225
#nskip_0= 2
#cmag_1= 12.380
#cmer_1=  0.220
#nskip_1= 3
#cmag_2= 12.383
#cmer_2=  0.223
#nskip_2= 1
#cmag_3= 12.379
#cmer_3=  0.232
#nskip_3= 3
#cmag_4= 12.360
#cmer_4=  0.236
#nskip_4= 4
#ra=   12.990526  12:59:25.9
#dec= -55.565943 -55:33:57.4
#     HJD      MAG_0  MAG_1  MAG_2  MAG_3  MAG_4    MER_0 MER_1 MER_2 MER_3 MER_4 GRADE FRAME
   1875.85177 12.757 12.748 12.768 12.753 12.710    0.077 0.038 0.035 0.041 0.045  A 1261
   1877.85284 12.763 12.770 12.761 12.765 12.748    0.057 0.032 0.031 0.036 0.041  A 1580
   1879.84646 12.733 12.751 12.753 12.740 12.679    0.053 0.032 0.031 0.036 0.040  A 1893
   1881.84039 12.617 12.630 12.635 12.578 12.498    0.049 0.031 0.029 0.034 0.038  A 2204
   1887.83057 12.606 12.592 12.597 12.566 12.492    0.049 0.031 0.029 0.034 0.039  A 2828
   1889.82624 12.599 12.693 12.677 12.612 12.720    0.060 0.046 0.047 0.056 0.063  A 3148
   1903.79032 12.381 12.389 12.381 12.330 12.281    0.056 0.032 0.030 0.035 0.039  A 3735
   1905.78965 12.348 12.316 12.310 12.285 12.260    0.064 0.032 0.030 0.036 0.040  A 4058
   1907.78567 12.330 12.313 12.321 12.314 12.292    0.047 0.030 0.028 0.033 0.037  A 4378
   1913.83588 12.183 12.200 12.211 12.221 12.186    0.039 0.026 0.026 0.031 0.035  A 4694
   1915.79883 12.183 12.168 12.155 12.135 12.106    0.045 0.028 0.027 0.032 0.037  A 4998
   1919.86968 12.093 12.141 12.109 12.074 12.048    0.039 0.035 0.030 0.035 0.040  A 5403
   1921.78062 12.139 12.162 12.217 12.211 12.187    0.041 0.033 0.030 0.036 0.041  A 5684
   1922.87964 12.149 12.162 12.175 12.162 12.167    0.039 0.037 0.034 0.041 0.047  A 5878
   1925.81627 12.115 12.128 12.135 12.146 12.143    0.034 0.031 0.028 0.034 0.038  A 6354
   1926.81777 12.066 12.054 12.072 12.080 12.059    0.035 0.029 0.027 0.031 0.035  A 6525
   1928.83913 12.089 12.101 12.099 12.095 12.063    0.049 0.030 0.028 0.033 0.037  A 6860
   1929.84903 12.064 12.059 12.064 12.066 12.029    0.035 0.032 0.025 0.028 0.032  A 7017
   1931.75188 12.070 12.126 12.113 12.120 12.121    0.036 0.030 0.026 0.030 0.034  A 7313
   1933.75669 12.123 12.100 12.106 12.098 12.086    0.037 0.030 0.026 0.031 0.035  A 7642
   1935.84604 12.107 12.136 12.133 12.123 12.112    0.034 0.032 0.025 0.028 0.033  A 7963
   1937.77979 12.079 12.093 12.091 12.093 12.097    0.035 0.032 0.025 0.028 0.032  A 8183
   1939.77446 12.148 12.128 12.125 12.107 12.097    0.033 0.030 0.025 0.028 0.032  A 8426
   1945.83940 12.100 12.121 12.135 12.116 12.116    0.035 0.032 0.026 0.029 0.033  A 8734
   1947.77874 12.185 12.210 12.207 12.190 12.167    0.036 0.033 0.028 0.033 0.038  A 8966
   1949.72461 12.274 12.284 12.307 12.305 12.282    0.039 0.033 0.030 0.035 0.040  A 9226
   1950.75138 12.253 12.262 12.251 12.252 12.296    0.035 0.032 0.028 0.032 0.036  A 9414
   1953.75498 12.236 12.281 12.338 12.345 12.327    0.045 0.040 0.032 0.036 0.038  A 9723
   1954.76567 12.500 12.551 12.498 12.527 12.443    0.057 0.049 0.042 0.046 0.049  A 9905
   1955.75979 12.391 12.392 12.389 12.390 12.379    0.047 0.041 0.033 0.037 0.039  A 10083
   1961.74498 12.478 12.551 12.563 12.585 12.532    0.045 0.038 0.030 0.034 0.034  A 10526
   1962.76580 12.499 12.545 12.587 12.568 12.493    0.051 0.045 0.037 0.041 0.042  A 10684
   1963.75033 12.577 12.575 12.564 12.508 12.513    0.050 0.043 0.035 0.040 0.038  A 10858
   1964.75280 12.494 12.570 12.612 12.653 12.630    0.046 0.040 0.031 0.034 0.035  A 11041
   1965.73883 12.718 12.632 12.585 12.594 12.600    0.045 0.040 0.032 0.036 0.035  A 11222
   1966.73626 12.546 12.501 12.515 12.515 12.497    0.047 0.041 0.033 0.037 0.036  A 11403
   1967.75234 12.699 12.712 12.728 12.776 12.706    0.051 0.044 0.035 0.040 0.038  A 11571
   1968.73316 12.514 12.481 12.498 12.535 12.549    0.056 0.047 0.037 0.043 0.040  A 11747
   1971.75004 12.696 12.702 12.800 12.859 12.932    0.060 0.053 0.044 0.049 0.048  A 11816
   1977.68974 12.929 12.923 12.978 13.080 13.132    0.065 0.057 0.047 0.053 0.052  B 11975
   1978.73243 12.576 12.629 12.667 12.688 12.683    0.071 0.060 0.050 0.057 0.056  B 12074
   1979.71100 12.614 12.530 12.660 12.781 12.890    0.067 0.056 0.046 0.053 0.051  A 12259
   1980.70257 12.784 12.666 12.664 12.677 12.706    0.071 0.060 0.050 0.055 0.054  B 12402
   1981.72028 12.405 12.516 12.580 12.629 12.608    0.062 0.053 0.043 0.047 0.046  A 12590
   1982.70250 12.795 12.804 12.736 12.683 12.708    0.058 0.049 0.039 0.044 0.042  A 12776
   1984.69206 12.537 12.603 12.747 12.818 12.859    0.064 0.053 0.043 0.049 0.047  A 12987
   1985.69354 12.702 12.629 12.640 12.660 12.644    0.066 0.056 0.044 0.047 0.045  A 13179
   1994.68191 12.636 12.544 12.514 12.505 12.548    0.079 0.065 0.052 0.054 0.053  B 13465
   1995.69093 12.439 12.527 12.540 12.532 12.518    0.079 0.066 0.053 0.056 0.055  B 13667
   2025.58013 12.251 12.208 12.165 12.104 12.057    0.037 0.025 0.025 0.029 0.034  A 17166
   2030.58482 12.252 12.266 12.261 12.265 12.231    0.056 0.033 0.032 0.036 0.040  A 17779
   2031.60696 12.289 12.270 12.266 12.276 12.261    0.056 0.033 0.031 0.036 0.039  A 18001
   2032.58285 12.295 12.347 12.350 12.332 12.284    0.055 0.032 0.031 0.035 0.039  A 18210
   2033.58639 12.337 12.276 12.247 12.210 12.201    0.049 0.031 0.030 0.035 0.039  A 18431
   2034.58407 12.281 12.325 12.304 12.254 12.225    0.042 0.029 0.030 0.034 0.037  A 18630
   2037.60733 12.322 12.376 12.375 12.317 12.238    0.071 0.039 0.036 0.041 0.045  A 18960
   2038.60381 12.495 12.489 12.501 12.551 12.620    0.067 0.041 0.043 0.051 0.057  A 19084
   2052.53076 12.378 12.411 12.411 12.418 12.427    0.074 0.040 0.037 0.041 0.044  A 19776
   2053.55619 12.335 12.324 12.343 12.342 12.277    0.071 0.038 0.035 0.039 0.044  A 19997
   2055.54067 12.373 12.345 12.304 12.234 12.238    0.072 0.040 0.038 0.043 0.048  A 20427
   2056.54914 12.218 12.259 12.233 12.188 12.164    0.073 0.039 0.035 0.039 0.044  A 20657
   2057.54295 12.200 12.248 12.234 12.210 12.165    0.069 0.035 0.033 0.038 0.043  A 20884
   2058.53482 12.183 12.239 12.231 12.209 12.178    0.071 0.038 0.034 0.039 0.042  A 21108
   2062.52977 12.214 12.243 12.266 12.292 12.223    0.059 0.038 0.037 0.043 0.047  A 21494
   2064.52865 12.337 12.276 12.284 12.305 12.319    0.074 0.043 0.043 0.050 0.055  A 21593
   2067.50869 12.290 12.236 12.228 12.211 12.207    0.071 0.039 0.037 0.040 0.044  A 21797
   2068.53229 12.095 12.095 12.088 12.061 12.014    0.068 0.036 0.032 0.037 0.041  A 22029
   2070.48879 12.152 12.147 12.167 12.169 12.147    0.067 0.035 0.033 0.037 0.041  A 22462
   2081.58736 12.326 12.355 12.336 12.299 12.267    0.054 0.032 0.029 0.034 0.038  A 23101
   2083.55541 12.422 12.349 12.322 12.267 12.245    0.054 0.032 0.031 0.037 0.042  A 23556
   2086.48301 12.364 12.297 12.274 12.249 12.220    0.057 0.032 0.030 0.036 0.040  A 23978
   2088.48897 12.343 12.370 12.352 12.322 12.277    0.065 0.035 0.033 0.037 0.041  A 24427
   2093.46068 12.288 12.328 12.310 12.275 12.250    0.064 0.035 0.033 0.039 0.043  A 24637
   2103.47477 12.435 12.447 12.459 12.483 12.473    0.044 0.030 0.029 0.034 0.038  A 25739
   2105.50546 12.384 12.386 12.369 12.357 12.344    0.052 0.032 0.030 0.036 0.039  A 26175
   2116.47076 12.320 12.325 12.359 12.369 12.350    0.043 0.033 0.030 0.034 0.038  A 27014
   2125.51737 12.333 12.392 12.382 12.372 12.383    0.052 0.036 0.034 0.039 0.044  A 27813
   2129.52232 12.486 12.453 12.436 12.395 12.369    0.048 0.030 0.029 0.034 0.038  A 28106
   2133.47564 12.281 12.283 12.294 12.286 12.281    0.033 0.033 0.030 0.034 0.038  A 28927
   2136.48415 12.259 12.217 12.202 12.193 12.173    0.039 0.031 0.029 0.033 0.037  A 29573
   2145.47921 12.021 12.036 12.036 12.024 11.989    0.059 0.034 0.033 0.038 0.043  A 31145
   2247.85439 29.999 29.999 29.999 29.999 29.999    0.084 0.073 0.062 0.068 0.071  D 42429
   2249.83486 12.135 12.119 12.155 12.190 12.181    0.077 0.066 0.053 0.058 0.060  B 42782
   2255.83420 12.273 12.325 12.354 12.326 12.379    0.079 0.066 0.054 0.059 0.060  B 43715
   2445.48577 12.081 12.081 12.065 12.044 12.040    0.078 0.078 0.075 0.078 0.081  D 9027
   2452.45993 12.214 12.240 12.248 12.272 12.258    0.052 0.045 0.038 0.038 0.039  A 9384
   2454.51924 12.059 12.111 12.104 12.105 12.058    0.039 0.039 0.032 0.036 0.040  A 9801
   2459.48730 12.100 12.131 12.166 12.185 12.170    0.036 0.034 0.025 0.027 0.028  A 10063
   2463.46826 12.269 12.265 12.283 12.265 12.209    0.027 0.023 0.020 0.023 0.026  A 10546
   2465.50313 12.282 12.258 12.287 12.310 12.292    0.032 0.031 0.023 0.024 0.025  A 11000
   2467.48838 12.245 12.264 12.258 12.233 12.195    0.029 0.028 0.021 0.023 0.025  A 11431
   2469.49315 12.246 12.231 12.259 12.252 12.212    0.036 0.034 0.025 0.027 0.030  A 11867
   2473.46390 12.294 12.308 12.332 12.336 12.354    0.039 0.035 0.028 0.030 0.033  A 12608
   2482.50291 12.432 12.413 12.418 12.436 12.436    0.054 0.046 0.038 0.043 0.039  A 13099
   2491.49705 12.477 12.478 12.509 12.507 12.429    0.057 0.047 0.038 0.040 0.038  A 14180
   2495.46809 12.423 12.452 12.445 12.422 12.367    0.047 0.042 0.035 0.039 0.035  A 14729
   2500.50732 12.376 12.313 12.330 12.305 12.300    0.054 0.047 0.040 0.043 0.045  A 15804
   2502.52167 12.298 12.328 12.317 12.314 12.303    0.048 0.043 0.036 0.040 0.037  A 16171
   2508.47869 12.286 12.281 12.286 12.274 12.212    0.033 0.032 0.026 0.031 0.035  A 16726
   2512.47965 12.291 12.298 12.327 12.341 12.355    0.034 0.032 0.026 0.028 0.030  A 17192
   2521.47217 12.348 12.314 12.319 12.349 12.443    0.034 0.032 0.034 0.040 0.045  A 18329
   2526.47424 12.272 12.259 12.232 12.214 12.172    0.037 0.032 0.031 0.034 0.039  A 18777
   2622.83764 12.707 12.703 12.707 12.744 12.685    0.035 0.034 0.036 0.037 0.041  A 30053
   2625.83673 12.746 12.643 12.694 12.730 12.697    0.036 0.038 0.039 0.037 0.038  A 30502
   2629.80169 12.533 12.574 99.999 99.999 99.999    0.035 0.031 0.029 0.033 0.037  C 30943
   2635.80226 12.513 12.474 12.463 12.481 12.460    0.033 0.028 0.028 0.032 0.037  A 32300
   2638.82737 12.338 12.328 12.351 12.407 12.395    0.039 0.039 0.043 0.047 0.053  A 32754
   2641.84662 12.350 12.277 12.265 12.256 12.258    0.032 0.032 0.033 0.035 0.037  A 33201
   2644.83775 12.274 12.291 12.279 12.313 12.289    0.033 0.032 0.034 0.039 0.043  A 33658
   2649.82717 12.257 12.247 12.245 12.231 12.229    0.036 0.038 0.040 0.044 0.049  A 34209
   2651.82220 12.202 12.198 12.187 12.187 12.196    0.029 0.031 0.034 0.038 0.041  A 34516
   2654.85770 12.206 12.186 12.179 12.193 12.208    0.035 0.036 0.042 0.047 0.052  A 35105
   2658.78375 12.241 12.222 12.183 12.154 12.162    0.028 0.031 0.031 0.036 0.040  A 35663
   2660.81775 12.161 12.143 12.134 12.147 12.159    0.033 0.034 0.034 0.040 0.045  A 36016
   2662.79939 12.209 12.202 12.234 12.249 12.257    0.025 0.024 0.024 0.028 0.031  A 36351
   2664.81831 12.178 12.234 12.221 12.237 12.254    0.027 0.032 0.033 0.039 0.043  A 36702
   2666.85762 12.225 12.170 12.156 12.137 12.112    0.030 0.035 0.033 0.036 0.040  A 37045
   2669.81316 12.211 12.221 12.194 12.180 12.149    0.025 0.026 0.025 0.028 0.031  A 37505
   2672.79119 12.268 12.270 12.258 12.258 12.253    0.026 0.023 0.022 0.027 0.030  A 37991
   2674.82729 12.289 12.272 12.273 12.265 12.253    0.027 0.029 0.029 0.032 0.036  A 38350
   2676.79491 12.354 12.336 12.305 12.281 12.251    0.027 0.027 0.026 0.029 0.031  A 38702
   2678.77446 12.305 12.333 12.325 12.309 12.283    0.030 0.028 0.029 0.030 0.033  A 39034
   2680.77900 12.379 12.378 12.398 12.410 12.406    0.027 0.025 0.025 0.030 0.034  A 39366
   2684.74642 12.424 12.385 12.377 12.376 12.328    0.027 0.029 0.028 0.032 0.035  A 40040
   2686.75488 12.459 12.542 12.571 12.589 12.556    0.034 0.034 0.035 0.040 0.045  A 40411
   2688.75058 12.475 12.469 12.459 12.463 12.408    0.028 0.026 0.026 0.031 0.034  A 40772
   2690.75737 12.481 12.509 12.503 12.544 12.584    0.041 0.039 0.043 0.045 0.050  A 41144
   2694.75760 12.619 12.583 12.590 12.605 12.627    0.028 0.031 0.031 0.037 0.040  A 41818
   2697.72393 12.640 12.652 12.629 12.608 12.610    0.028 0.027 0.029 0.031 0.033  A 42317
   2699.74196 12.629 12.590 12.562 12.526 12.518    0.033 0.034 0.038 0.040 0.042  A 42746
   2701.74274 12.635 12.656 12.667 12.648 12.602    0.036 0.038 0.038 0.042 0.047  A 43130
   2703.74122 12.657 12.699 12.719 12.740 12.783    0.039 0.042 0.042 0.047 0.051  A 43512
   2705.73355 12.709 12.779 12.828 12.898 12.941    0.042 0.041 0.045 0.051 0.055  A 43883
   2707.73297 12.620 12.760 12.822 12.886 12.892    0.048 0.045 0.048 0.054 0.059  A 44248
   2709.69900 12.718 12.741 12.725 12.726 12.719    0.028 0.033 0.034 0.037 0.040  A 44598
   2711.66658 12.868 12.832 12.850 12.833 12.817    0.030 0.032 0.032 0.036 0.040  A 44957
   2712.80286 12.779 12.773 12.771 12.748 12.755    0.032 0.032 0.032 0.035 0.038  A 45193
   2714.68935 12.901 12.858 12.828 12.794 12.625    0.025 0.025 0.025 0.028 0.031  A 45536
   2717.69474 12.916 12.969 13.039 13.042 12.982    0.032 0.034 0.036 0.040 0.044  A 45880
   2721.72547 12.806 12.831 12.834 12.812 12.792    0.029 0.032 0.031 0.036 0.039  A 46521
   2723.69330 12.659 12.741 12.729 12.737 12.748    0.030 0.036 0.035 0.037 0.039  A 46895
   2724.85792 12.742 12.737 12.737 12.698 12.619    0.030 0.026 0.024 0.028 0.031  A 47155
   2728.69542 12.677 12.662 12.674 12.685 12.634    0.031 0.030 0.027 0.031 0.033  A 47882
   2730.69176 12.588 12.609 12.622 12.633 12.655    0.037 0.040 0.041 0.048 0.050  A 48289
   2732.80033 12.468 12.491 12.492 12.482 12.441    0.045 0.038 0.034 0.034 0.035  A 48481
   2734.66656 99.999 99.999 99.999 99.999 99.999    0.029 0.022 0.022 0.025 0.028  C 48837
   2736.65836 12.463 12.459 12.453 12.428 12.395    0.031 0.036 0.036 0.042 0.045  A 49223
   2738.65615 12.384 12.450 12.453 12.473 12.511    0.033 0.041 0.042 0.047 0.050  A 49609
   2740.66157 12.336 12.287 12.276 12.279 12.279    0.031 0.035 0.036 0.038 0.040  A 49962
   2742.58982 12.241 12.265 12.264 12.244 12.210    0.026 0.025 0.024 0.027 0.032  A 50338
   2743.74483 12.318 12.317 12.347 12.336 12.266    0.029 0.025 0.025 0.030 0.033  A 50589
   2745.69651 12.263 12.257 12.317 12.335 12.352    0.045 0.049 0.053 0.062 0.073  B 50954
   2749.77753 12.200 12.196 12.169 12.144 99.999    0.032 0.027 0.027 0.032 0.036  C 51506
   2751.59051 12.207 12.209 12.184 12.147 12.106    0.023 0.022 0.022 0.026 0.029  A 51808
   2752.79397 12.175 12.151 12.129 12.117 12.078    0.035 0.033 0.027 0.030 0.033  A 52091
   2755.61188 12.210 12.187 12.192 12.181 12.150    0.027 0.032 0.029 0.031 0.032  A 52447
   2756.74425 12.200 12.178 12.162 12.142 12.117    0.024 0.027 0.022 0.025 0.028  A 52700
   2757.83081 12.206 12.183 12.171 12.155 12.120    0.035 0.031 0.031 0.036 0.040  A 52957
   2759.84070 12.146 12.171 12.157 12.120 12.070    0.034 0.032 0.035 0.042 0.047  A 53306
   2761.61765 12.217 12.250 12.199 12.194 12.173    0.031 0.036 0.034 0.040 0.043  A 53620
   2763.83343 12.179 12.174 12.168 12.139 12.110    0.027 0.026 0.026 0.029 0.032  A 54109
   2769.70494 12.168 12.158 12.151 12.127 12.084    0.028 0.026 0.026 0.028 0.031  A 54680
   2782.56951 12.367 12.367 12.364 12.344 12.288    0.026 0.027 0.025 0.028 0.030  A 55685
   2783.71546 12.416 12.371 12.360 12.384 12.369    0.031 0.028 0.027 0.030 0.033  A 55966
   2785.64996 12.371 12.368 12.357 12.341 12.323    0.025 0.022 0.022 0.025 0.027  A 56360
   2787.60385 12.487 12.462 12.453 12.436 12.424    0.024 0.025 0.023 0.025 0.027  A 56779
   2790.62926 12.557 12.532 12.523 12.508 12.467    0.026 0.026 0.025 0.029 0.033  A 57322
   2791.73374 12.591 12.601 12.628 12.623 12.605    0.026 0.026 0.026 0.030 0.034  A 57587
   2794.59235 12.643 12.592 12.564 12.532 12.469    0.026 0.026 0.024 0.027 0.031  A 58047
   2805.66759 29.999 29.999 29.999 29.999 29.999    0.063 0.065 0.071 0.086 0.100  D 59219
   2809.66763 12.804 12.826 12.826 12.845 12.843    0.028 0.024 0.024 0.028 0.031  A 59517
   2811.62878 12.895 12.818 12.801 12.813 12.771    0.032 0.027 0.028 0.031 0.033  A 59952
   2813.61041 12.754 12.785 12.754 12.717 12.666    0.035 0.029 0.023 0.025 0.028  A 60400
   2820.61931 12.521 12.513 12.505 12.491 12.458    0.028 0.026 0.023 0.027 0.031  A 61506
   2822.65811 12.467 12.443 12.428 12.397 12.362    0.035 0.033 0.033 0.040 0.044  A 61870
   2830.54031 12.184 12.170 12.179 12.172 12.129    0.030 0.028 0.025 0.029 0.033  A 62469
   2832.52015 12.144 12.143 12.142 12.129 12.115    0.028 0.029 0.026 0.030 0.034  A 62910
   2834.52134 12.185 12.162 12.130 12.076 12.031    0.032 0.030 0.027 0.033 0.036  A 63290
   2836.51871 12.185 12.212 12.177 12.156 12.136    0.032 0.027 0.025 0.029 0.033  A 63631
   2842.51309 12.135 12.208 12.239 12.226 12.149    0.040 0.040 0.042 0.050 0.057  A 64698
   2845.50936 12.146 12.196 12.223 12.254 12.199    0.029 0.027 0.022 0.025 0.027  A 65170
   2851.51166 12.211 12.183 12.179 12.162 12.147    0.029 0.032 0.029 0.035 0.035  A 65388
   2854.50275 12.214 12.200 12.210 12.207 12.175    0.032 0.032 0.027 0.032 0.032  A 65828
   2858.50377 12.232 12.235 12.271 12.288 12.280    0.029 0.031 0.026 0.030 0.033  A 66267
   2860.50367 12.253 12.278 12.273 12.289 12.273    0.030 0.033 0.028 0.033 0.036  A 66697
   2862.50679 12.236 12.243 12.265 12.268 12.240    0.031 0.032 0.027 0.033 0.038  A 67124
   2866.50655 12.330 12.270 12.274 12.253 12.211    0.031 0.027 0.025 0.027 0.030  A 67505
   2875.48493 12.347 12.316 12.284 12.240 12.158    0.034 0.030 0.031 0.037 0.042  A 68488
   2877.48605 12.431 12.412 12.391 12.370 12.368    0.030 0.024 0.024 0.027 0.030  A 68886
   2879.49556 12.520 12.549 12.509 12.520 12.537    0.026 0.025 0.024 0.027 0.030  A 69196
   2883.48484 12.561 12.555 12.580 12.571 12.587    0.027 0.026 0.025 0.029 0.033  A 69566
   2955.86175 12.288 12.233 12.270 12.356 12.460    0.040 0.042 0.044 0.052 0.060  A 80178
   2963.85691 12.249 12.241 12.191 12.156 12.156    0.037 0.037 0.037 0.045 0.051  A 81287
   2968.85625 29.999 29.999 29.999 29.999 29.999    0.070 0.077 0.088 0.106 0.126  D 81995
   2977.82832 12.321 12.316 12.339 12.371 12.414    0.034 0.036 0.041 0.050 0.059  A 83065
   2981.82969 12.405 12.354 12.336 12.328 12.306    0.031 0.034 0.036 0.043 0.051  A 83590
   2985.82855 12.278 12.335 12.334 12.320 12.338    0.041 0.035 0.038 0.046 0.054  A 84111
   2992.84774 12.184 12.158 12.133 12.143 12.152    0.036 0.038 0.042 0.051 0.057  A 85003
   2996.80904 12.287 12.198 12.192 12.185 12.157    0.030 0.028 0.028 0.034 0.039  A 85514
   3007.78988 12.349 12.322 12.302 12.310 12.280    0.032 0.031 0.028 0.032 0.037  A 86784
   3016.84071 12.465 12.498 12.478 12.500 12.535    0.026 0.025 0.025 0.030 0.035  A 87824
   3025.78181 12.668 12.599 12.592 12.557 12.536    0.026 0.026 0.026 0.031 0.035  A 88480
   3030.77830 12.655 12.694 12.683 12.647 12.596    0.027 0.027 0.028 0.034 0.039  A 88780
   3033.80247 12.687 12.675 12.648 12.618 12.569    0.031 0.027 0.028 0.032 0.034  A 89086
   3036.79142 12.675 12.693 12.686 12.685 12.667    0.025 0.026 0.026 0.030 0.034  A 89412
   3040.87439 12.511 12.568 12.560 12.529 12.484    0.028 0.026 0.026 0.031 0.035  A 89636
   3043.78475 12.367 12.321 12.329 12.342 12.325    0.028 0.029 0.031 0.037 0.041  A 89977
   3047.73935 12.244 12.243 12.233 12.218 12.216    0.031 0.030 0.031 0.037 0.043  A 90500
   3051.72473 12.120 12.100 12.089 12.093 12.093    0.027 0.026 0.026 0.031 0.036  A 91025
   3053.81607 12.107 12.114 12.121 12.123 12.132    0.032 0.030 0.030 0.036 0.041  A 91332
   3056.77200 12.016 12.016 12.007 11.992 11.971    0.027 0.025 0.024 0.028 0.032  A 91726
   3061.80266 11.964 11.934 11.925 11.910 11.868    0.027 0.028 0.026 0.030 0.035  A 92414
   3064.74044 12.022 11.999 11.995 11.990 11.994    0.030 0.029 0.030 0.036 0.042  A 92786
   3067.79085 12.078 12.051 12.035 12.021 11.996    0.028 0.029 0.028 0.033 0.038  A 93099
   3069.78898 12.162 12.203 12.194 12.194 12.190    0.029 0.030 0.029 0.035 0.040  A 93391
   3071.77711 12.125 12.114 12.098 12.068 12.038    0.030 0.031 0.031 0.037 0.042  A 93675
   3073.85890 12.182 12.166 12.155 12.123 12.073    0.028 0.027 0.028 0.033 0.038  A 93945
   3078.75776 12.177 12.191 12.170 12.158 12.149    0.028 0.029 0.029 0.034 0.040  A 94612
   3080.77863 12.247 12.249 12.250 12.255 12.239    0.036 0.037 0.039 0.046 0.052  A 94908
   3082.83256 12.243 12.254 12.220 12.184 12.154    0.028 0.026 0.027 0.032 0.036  A 95221
   3086.80693 12.209 12.225 12.211 12.190 12.164    0.032 0.031 0.033 0.037 0.041  A 95512
   3089.66777 12.276 12.325 12.337 12.348 12.365    0.029 0.030 0.030 0.036 0.041  A 95920
   3091.70835 12.448 12.432 12.470 12.472 12.469    0.027 0.025 0.024 0.028 0.032  A 96243
   3093.71801 12.696 12.657 12.588 12.541 12.532    0.030 0.033 0.031 0.035 0.040  A 96553
   3097.69540 12.505 12.464 12.435 12.411 12.386    0.026 0.026 0.026 0.032 0.037  A 96830
   3099.74153 12.594 12.628 12.651 12.687 12.724    0.030 0.030 0.033 0.040 0.045  A 97155
   3101.77255 12.589 12.628 12.600 12.570 12.563    0.031 0.029 0.032 0.038 0.044  A 97474
   3103.79609 12.597 12.585 12.549 12.523 12.464    0.032 0.032 0.034 0.041 0.047  A 97800
   3105.78087 12.558 12.587 12.540 12.471 12.435    0.029 0.029 0.030 0.036 0.041  A 98113
   3107.78320 12.641 12.601 12.610 12.606 12.566    0.030 0.027 0.027 0.032 0.036  A 98430
   3109.79366 12.588 12.621 12.582 12.548 12.558    0.027 0.026 0.027 0.031 0.035  A 98743
   3112.60787 12.649 12.614 12.615 12.619 12.573    0.025 0.025 0.024 0.028 0.031  A 99147
   3114.67160 12.700 12.750 12.719 12.746 12.771    0.027 0.030 0.027 0.031 0.036  A 99501
   3116.66402 12.684 12.670 12.634 12.609 12.589    0.026 0.024 0.024 0.029 0.033  A 99824
   3121.63852 12.812 12.785 12.763 12.729 12.719    0.027 0.030 0.027 0.030 0.034  A 100086
   3125.63953 12.761 12.728 12.719 12.707 12.703    0.026 0.026 0.026 0.031 0.035  A 100714
   3127.65451 12.820 12.832 12.872 12.887 12.735    0.034 0.035 0.040 0.049 0.057  A 101034
   3129.69951 12.699 12.661 12.670 12.709 12.697    0.031 0.031 0.035 0.043 0.049  A 101384
   3131.71551 12.729 12.659 12.634 12.655 12.673    0.032 0.030 0.031 0.037 0.043  A 101675
   3133.71863 99.999 99.999 99.999 99.999 99.999    0.030 0.027 0.028 0.033 0.037  C 102010
   3144.73036 12.442 12.424 12.412 12.399 12.361    0.025 0.024 0.024 0.029 0.033  A 103302
   3153.54715 12.290 12.277 12.259 12.251 12.232    0.025 0.026 0.026 0.030 0.035  A 103731
   3155.59743 12.224 12.212 12.175 12.125 12.046    0.037 0.040 0.046 0.056 0.067  A 104073
   3158.64891 12.240 12.251 12.264 12.272 12.249    0.030 0.030 0.032 0.039 0.044  A 104407
   3160.64777 12.225 12.162 12.172 12.186 12.196    0.033 0.033 0.035 0.042 0.048  A 104697
   3163.65574 12.146 12.129 12.109 12.084 12.033    0.026 0.025 0.026 0.031 0.036  A 105027
   3165.65714 12.121 12.145 12.119 12.116 12.110    0.028 0.028 0.029 0.033 0.038  A 105375
   3168.68079 12.151 12.127 12.093 12.056 12.057    0.027 0.027 0.027 0.033 0.038  A 105766
   3171.66605 12.137 12.153 12.173 12.180 12.182    0.028 0.028 0.030 0.036 0.041  A 106191
   3175.65352 12.234 12.202 12.177 12.159 12.116    0.027 0.026 0.027 0.031 0.036  A 106593
   3177.67607 12.248 12.251 12.213 12.194 12.158    0.031 0.031 0.030 0.034 0.038  A 106911
   3180.59458 12.239 12.192 12.198 12.199 12.169    0.028 0.026 0.028 0.034 0.038  A 107329
   3183.59652 12.306 12.247 12.239 12.206 12.176    0.026 0.026 0.026 0.031 0.036  A 107640
   3185.59039 12.364 12.330 12.319 12.297 12.296    0.027 0.028 0.030 0.036 0.041  A 107917
   3187.60673 12.373 12.386 12.375 12.384 12.422    0.030 0.030 0.032 0.038 0.044  A 108264
   3190.62699 12.352 12.347 12.367 12.390 12.358    0.030 0.032 0.034 0.041 0.047  A 108600
   3354.83723 12.691 12.591 12.627 12.699 12.622    0.076 0.053 0.056 0.066 0.073  B 124311
   3358.82836 12.392 12.394 12.368 12.350 12.338    0.068 0.043 0.039 0.043 0.048  A 124751
   3386.84745 11.923 11.960 11.923 11.893 11.887    0.047 0.041 0.042 0.051 0.057  A 126241
   3390.78818 11.975 12.014 12.030 12.038 12.053    0.048 0.040 0.037 0.043 0.049  A 126774
   3394.83539 12.036 12.053 12.046 12.043 12.042    0.039 0.033 0.033 0.039 0.045  A 127206
   3397.81425 11.988 12.022 12.028 12.015 12.000    0.061 0.039 0.037 0.043 0.048  A 127564
   3400.81136 12.093 12.094 12.121 12.118 12.106    0.035 0.034 0.030 0.035 0.039  A 127971
   3403.83737 12.177 12.190 12.187 12.174 12.169    0.066 0.046 0.045 0.052 0.059  A 128323
   3406.78928 12.294 12.213 12.254 12.248 12.250    0.048 0.054 0.045 0.046 0.051  A 128775
   3409.77530 12.456 12.416 12.442 12.457 12.510    0.091 0.056 0.054 0.062 0.067  B 129238
   3412.77253 12.459 12.513 12.488 12.482 12.496    0.086 0.069 0.051 0.048 0.047  B 129670
   3414.85860 12.485 12.526 12.605 12.663 12.680    0.038 0.038 0.035 0.042 0.049  A 130026
   3417.76447 12.516 12.561 12.584 12.578 12.560    0.088 0.059 0.049 0.045 0.048  B 130466
   3419.82768 12.646 12.648 12.652 12.650 12.617    0.041 0.039 0.036 0.041 0.047  A 130807
   3422.75030 12.840 12.959 12.990 13.053 13.147    0.056 0.047 0.051 0.061 0.068  B 131251
   3424.78923 12.765 12.769 12.808 12.825 12.794    0.038 0.038 0.039 0.044 0.048  A 131562
   3426.77156 12.859 12.835 12.872 12.892 12.856    0.043 0.033 0.032 0.038 0.042  A 131892
   3430.84987 12.940 12.922 12.912 12.929 12.885    0.044 0.030 0.030 0.034 0.038  A 132267
   3433.72437 12.765 12.815 12.803 12.823 12.790    0.047 0.067 0.042 0.039 0.044  B 132713
   3436.77531 99.999 99.999 99.999 99.999 99.999    0.035 0.035 0.036 0.042 0.050  C 133035
   3439.76461 12.668 12.589 12.584 12.555 12.515    0.051 0.041 0.040 0.048 0.053  A 133373
   3443.71023 12.633 12.646 12.611 12.614 12.633    0.059 0.046 0.040 0.041 0.042  A 133772
   3445.73732 12.519 12.503 12.503 12.497 12.504    0.083 0.048 0.045 0.050 0.054  B 134139
   3447.75142 12.336 12.384 12.390 12.394 12.396    0.080 0.046 0.039 0.043 0.046  B 134781
   3449.77832 12.403 12.377 12.399 12.398 12.391    0.055 0.046 0.048 0.052 0.058  A 135117
   3454.72939 12.253 12.244 12.267 12.244 12.189    0.038 0.037 0.037 0.043 0.049  A 135858
   3456.74191 12.358 12.335 12.320 12.332 12.289    0.038 0.035 0.035 0.043 0.048  A 136216
   3458.73119 12.205 12.255 12.223 12.150 12.086    0.050 0.034 0.032 0.038 0.043  A 136566
   3460.74333 12.148 12.191 12.128 12.146 12.146    0.040 0.053 0.039 0.040 0.045  A 136935
   3465.70536 12.007 12.065 12.097 12.121 12.155    0.055 0.056 0.065 0.081 0.095  D 137675
   3468.68254 12.000 11.960 11.931 11.925 11.911    0.073 0.059 0.035 0.036 0.038  B 138113
   3470.69122 11.934 11.917 11.908 11.902 11.889    0.045 0.032 0.031 0.036 0.041  A 138422
   3472.69960 11.962 12.011 11.975 11.967 11.954    0.055 0.056 0.037 0.041 0.044  A 138735
   3476.85464 12.073 12.088 12.064 12.063 12.057    0.069 0.044 0.040 0.047 0.053  A 139445
   3478.76198 12.475 12.546 12.531 12.488 12.434    0.036 0.033 0.033 0.040 0.046  A 139763
   3480.75437 12.094 12.100 12.119 12.128 12.064    0.046 0.036 0.036 0.041 0.047  A 140041
   3484.77648 12.213 12.173 12.161 12.203 12.301    0.069 0.074 0.089 0.113 0.133  D 140662
   3489.62810 12.318 12.325 12.322 12.301 12.263    0.040 0.032 0.029 0.033 0.038  A 140947
   3491.63421 12.365 12.346 12.362 12.347 12.278    0.042 0.038 0.037 0.043 0.049  A 141308
   3495.63087 12.407 12.393 12.383 12.372 12.345    0.036 0.031 0.028 0.033 0.036  A 141634
   3497.66806 12.489 12.485 12.531 12.546 12.508    0.043 0.037 0.031 0.034 0.038  A 141925
   3500.67554 12.543 12.549 12.591 12.628 12.637    0.051 0.044 0.046 0.054 0.062  A 142281
   3502.69802 12.612 12.581 12.582 12.556 12.514    0.092 0.058 0.048 0.051 0.055  B 142646
   3508.72626 12.504 12.508 12.508 12.512 12.487    0.032 0.032 0.027 0.032 0.036  A 143270
   3510.77451 12.587 12.626 12.684 12.685 12.709    0.035 0.032 0.029 0.034 0.038  A 143528
   3512.62790 12.550 12.548 12.513 12.463 12.414    0.051 0.037 0.034 0.039 0.044  A 143858
   3516.63028 12.483 12.479 12.448 12.412 12.354    0.042 0.034 0.034 0.042 0.047  A 144174
   3524.53803 12.642 12.679 12.676 12.646 12.605    0.048 0.040 0.042 0.050 0.056  A 145304
   3528.55969 12.653 12.641 12.623 12.603 12.605    0.043 0.035 0.032 0.035 0.038  A 145989
   3530.57162 12.647 12.634 12.605 12.553 12.508    0.037 0.030 0.030 0.034 0.039  A 146348
   3539.57165 12.360 12.422 12.417 12.374 12.343    0.039 0.038 0.034 0.037 0.041  A 147013
   3542.61581 12.337 12.377 12.406 12.427 12.352    0.050 0.050 0.056 0.069 0.082  D 147419
   3550.53680 11.964 11.999 12.002 11.987 11.959    0.042 0.032 0.034 0.039 0.044  A 148181
   3552.63693 12.058 12.071 12.101 12.052 11.958    0.059 0.058 0.064 0.079 0.092  D 148461
   3555.63481 12.014 12.126 12.245 12.336 12.380    0.085 0.090 0.100 0.118 0.134  D 148921
   3558.64223 12.116 12.089 12.036 11.982 11.940    0.073 0.047 0.045 0.053 0.059  A 149231
   3560.64893 12.078 12.078 12.062 12.044 12.034    0.092 0.054 0.053 0.059 0.064  B 149566
   3563.48683 12.048 12.086 12.063 12.035 12.020    0.033 0.028 0.028 0.033 0.037  A 150033
   3565.48880 12.195 12.205 12.204 12.165 12.103    0.054 0.051 0.043 0.050 0.059  A 150383
   3569.55143 12.223 12.219 12.237 12.243 12.221    0.036 0.033 0.030 0.034 0.039  A 150542
   3573.55556 12.409 12.369 12.412 12.432 12.427    0.037 0.033 0.031 0.037 0.043  A 151084
   3575.57312 12.536 12.460 12.469 12.454 12.446    0.039 0.041 0.032 0.034 0.038  A 151451
   3577.59715 12.531 12.598 12.620 12.641 12.624    0.083 0.067 0.071 0.112 0.073  D 151790
   3583.51991 12.725 12.743 12.736 12.715 12.668    0.052 0.035 0.035 0.039 0.043  A 152794
   3585.57276 12.832 12.841 12.802 12.764 12.706    0.049 0.037 0.036 0.042 0.046  A 153160
   3588.50912 12.675 12.664 12.613 12.593 12.584    0.037 0.036 0.039 0.046 0.053  A 153622
   3591.48209 12.914 12.890 12.755 12.671 12.589    0.127 0.097 0.049 0.044 0.044  D 154139
   3593.51447 12.734 12.723 12.736 12.712 12.663    0.036 0.031 0.030 0.034 0.039  A 154500
   3597.51813 12.999 13.072 13.256 13.464 13.541    0.052 0.052 0.059 0.072 0.084  D 155097
   3601.51381 12.654 12.636 12.597 12.542 12.480    0.043 0.035 0.034 0.042 0.048  A 155519
   3604.49009 12.406 12.428 12.444 12.481 12.437    0.051 0.047 0.052 0.064 0.073  B 155993
   3608.48270 12.441 12.456 12.445 12.424 12.427    0.043 0.033 0.033 0.039 0.044  A 156417
   3618.47485 12.220 12.279 12.301 12.304 12.270    0.055 0.042 0.041 0.049 0.055  A 157231
   3622.47552 12.003 12.071 12.045 12.026 12.021    0.069 0.053 0.056 0.068 0.077  B 157854
   3699.85514 12.281 12.244 12.254 12.248 12.214    0.060 0.045 0.045 0.053 0.060  A 167978
   3704.84893 12.251 12.286 12.305 12.282 12.229    0.052 0.038 0.037 0.042 0.046  A 168642
   3708.84891 12.217 12.295 12.332 12.361 12.333    0.047 0.036 0.035 0.041 0.046  A 169196
   3714.84218 12.045 12.093 12.114 12.121 12.075    0.073 0.047 0.043 0.049 0.055  A 169766
   3719.82912 12.023 12.048 12.048 12.048 12.001    0.042 0.039 0.041 0.050 0.058  A 170365
   3724.82677 12.036 12.011 12.002 11.991 11.973    0.036 0.033 0.034 0.040 0.044  A 170931
   3727.82935 12.014 11.948 11.913 11.891 11.828    0.078 0.056 0.058 0.068 0.079  B 171343
   3731.84838 12.219 12.199 12.202 12.210 12.201    0.049 0.038 0.037 0.044 0.049  A 171757
   3735.81896 12.346 12.370 12.395 12.400 12.366    0.062 0.041 0.036 0.042 0.046  A 172273
   3739.80285 12.535 12.528 12.550 12.557 12.593    0.053 0.039 0.036 0.041 0.046  A 172825
   3746.84438 12.744 12.900 12.920 12.992 13.014    0.073 0.058 0.064 0.078 0.090  D 173745
   3750.80739 12.929 12.972 13.118 13.271 13.328    0.044 0.035 0.038 0.046 0.053  A 174300
   3753.83931 12.972 12.954 12.944 12.948 12.905    0.051 0.040 0.040 0.048 0.055  A 174716
   3756.81604 12.962 12.979 13.044 13.065 13.078    0.042 0.039 0.041 0.050 0.058  A 175119
   3759.83696 12.633 12.670 12.644 12.622 12.578    0.060 0.041 0.038 0.043 0.049  A 175550
   3762.82705 12.585 12.646 12.652 12.664 12.705    0.095 0.064 0.049 0.052 0.057  B 175935
   3765.81781 12.444 12.451 12.500 12.593 12.595    0.066 0.044 0.044 0.050 0.054  A 176353
   3769.77289 12.428 12.406 12.409 12.413 12.413    0.076 0.049 0.045 0.049 0.053  A 176873
   3772.80543 12.250 12.292 12.274 12.221 12.229    0.075 0.053 0.038 0.041 0.045  A 177268
   3778.76637 12.079 12.144 12.164 12.143 12.142    0.084 0.056 0.046 0.050 0.057  B 178146
   3787.84898 12.278 12.260 12.179 12.149 12.130    0.093 0.064 0.037 0.042 0.047  B 178913
   3790.74932 12.326 12.284 12.297 12.309 12.267    0.071 0.044 0.042 0.047 0.051  A 179285
   3792.80167 12.120 12.121 12.130 12.119 12.087    0.040 0.039 0.041 0.049 0.056  A 179609
   3795.73364 12.216 12.213 12.172 12.111 12.072    0.042 0.034 0.032 0.038 0.043  A 180011
   3797.86268 12.243 12.281 12.260 12.244 12.217    0.035 0.032 0.033 0.038 0.043  A 180335
   3800.71821 12.356 12.307 12.255 12.191 12.091    0.050 0.046 0.049 0.055 0.059  A 180695
   3803.70923 12.275 12.326 12.381 12.411 12.410    0.068 0.047 0.049 0.056 0.062  A 181049
   3805.75716 12.418 12.271 12.319 12.331 12.320    0.089 0.064 0.039 0.043 0.048  B 181356
   3808.74752 12.384 12.414 12.411 12.349 12.291    0.046 0.040 0.042 0.051 0.059  A 181696
   3810.81650 12.389 12.407 12.446 12.482 12.416    0.048 0.038 0.039 0.046 0.053  A 182040
   3813.68638 12.280 12.328 12.336 12.342 12.344    0.068 0.051 0.045 0.047 0.053  A 182473
   3817.74336 12.283 12.325 12.332 12.334 12.322    0.048 0.037 0.038 0.044 0.049  A 183127
   3819.78036 12.363 12.428 12.539 12.583 12.666    0.047 0.042 0.050 0.062 0.074  B 183463
   3822.66015 12.403 12.399 12.420 12.436 12.390    0.055 0.036 0.035 0.041 0.047  A 183905
   3824.72079 12.510 12.512 12.481 12.438 12.487    0.041 0.057 0.050 0.054 0.058  B 184259
   3826.71475 12.411 12.397 12.416 12.391 12.342    0.037 0.034 0.038 0.047 0.054  A 184595
   3828.75052 12.516 12.426 12.401 12.375 12.400    0.044 0.046 0.039 0.046 0.046  A 184952
   3833.68143 12.614 12.578 12.523 12.561 12.630    0.072 0.075 0.053 0.052 0.059  D 185783
   3835.68640 12.594 12.580 12.576 12.574 12.480    0.039 0.039 0.043 0.055 0.064  A 186130
   3837.72392 12.897 12.783 12.802 12.842 12.843    0.062 0.039 0.039 0.049 0.056  A 186474
   3847.70519 12.835 12.815 12.802 12.791 12.771    0.047 0.041 0.043 0.051 0.059  A 186761
   3849.66853 12.744 12.733 12.715 12.693 12.666    0.043 0.035 0.033 0.038 0.042  A 187103
   3851.66801 12.638 12.653 12.646 12.610 12.556    0.041 0.033 0.031 0.036 0.041  A 187448
   3853.70682 12.558 12.518 12.497 12.501 12.474    0.039 0.030 0.029 0.034 0.039  A 187810
   3855.81321 12.356 12.279 12.195 12.075 12.087    0.064 0.071 0.084 0.104 0.122  D 188151
   3858.59378 12.268 12.342 12.342 12.326 12.320    0.073 0.053 0.036 0.038 0.042  A 188512
   3860.62157 12.230 12.184 12.201 12.185 12.160    0.050 0.041 0.034 0.037 0.040  A 188824
   3862.59999 12.210 12.236 12.220 12.208 12.212    0.037 0.032 0.033 0.038 0.043  A 189187
   3864.62642 12.168 12.150 12.135 12.109 12.069    0.042 0.034 0.034 0.038 0.042  A 189531
   3866.64194 12.089 12.128 12.152 12.139 12.106    0.036 0.032 0.033 0.040 0.046  A 189890
   3868.67934 12.133 12.133 12.176 12.177 12.144    0.054 0.040 0.041 0.049 0.055  A 190209
   3870.67439 11.989 12.073 12.074 12.050 12.051    0.063 0.067 0.045 0.047 0.053  B 190570
   3872.67260 12.008 12.079 12.062 12.026 11.988    0.055 0.040 0.033 0.037 0.042  A 190942
   3875.76578 12.036 12.049 12.088 12.102 12.124    0.054 0.039 0.038 0.042 0.046  A 191212
   3879.55080 29.999 29.999 29.999 29.999 29.999    0.077 0.081 0.095 0.121 0.146  D 191624
   3881.62325 12.191 12.161 12.127 12.066 12.012    0.033 0.030 0.029 0.034 0.039  A 191987
   3883.69320 12.269 12.230 12.229 12.229 12.218    0.055 0.032 0.030 0.034 0.039  A 192281
   3887.65072 12.203 12.214 12.216 12.220 12.205    0.034 0.029 0.029 0.034 0.039  A 192662
   3889.65015 12.217 12.261 12.258 12.242 12.229    0.046 0.037 0.032 0.037 0.041  A 192991
   3891.57807 12.203 12.268 12.257 12.269 99.999    0.041 0.045 0.037 0.042 0.044  C 193332
   3893.58792 12.281 12.299 12.278 12.246 12.222    0.036 0.031 0.033 0.039 0.044  A 193691
   3896.65103 12.386 12.369 12.363 12.350 12.371    0.039 0.039 0.037 0.044 0.051  A 194039
   3898.68717 12.301 12.332 12.382 12.404 12.419    0.053 0.039 0.039 0.047 0.053  A 194371
   3900.69483 12.340 12.371 12.336 12.357 12.390    0.049 0.041 0.041 0.049 0.054  A 194675
   3902.71027 12.508 12.434 12.393 12.331 12.261    0.048 0.037 0.036 0.043 0.049  A 195056
   3905.48766 12.548 12.536 12.538 12.520 12.504    0.045 0.032 0.031 0.037 0.041  A 195546
   3907.50725 12.593 12.523 12.490 12.447 12.398    0.037 0.039 0.033 0.039 0.041  A 195940
   3910.66059 12.525 12.591 12.625 12.617 12.581    0.054 0.045 0.046 0.055 0.063  A 196556
   3981.48560 12.308 12.368 12.356 12.349 12.354    0.068 0.041 0.037 0.043 0.048  A 203294
   4090.82245 12.670 12.692 12.703 12.714 12.735    0.050 0.040 0.037 0.043 0.047  A 209314
   4103.85097 12.416 12.468 12.523 12.581 12.581    0.070 0.047 0.043 0.050 0.056  A 210665
   4106.84393 12.192 12.194 12.177 12.157 12.161    0.049 0.041 0.040 0.048 0.055  A 211032
   4126.83488 12.173 12.153 12.134 12.112 12.103    0.041 0.037 0.034 0.039 0.044  A 211735
   4129.81826 12.162 12.222 12.219 12.205 12.169    0.038 0.036 0.034 0.039 0.043  A 212127
   4132.80006 12.147 12.173 12.148 12.108 12.097    0.047 0.037 0.036 0.042 0.046  A 212503
   4135.78497 12.280 12.309 12.305 12.314 12.339    0.067 0.041 0.038 0.044 0.049  A 212903
   4147.75468 12.209 12.235 12.246 12.217 12.236    0.049 0.047 0.049 0.057 0.064  A 214606
   4151.71511 12.178 12.169 12.145 12.103 12.067    0.039 0.033 0.032 0.038 0.043  A 214989
   4153.80656 12.180 12.196 12.183 12.177 12.148    0.048 0.038 0.036 0.042 0.047  A 215334
   4156.73771 12.305 12.293 12.308 12.309 12.271    0.054 0.038 0.037 0.041 0.046  A 215745
   4158.81130 12.263 12.295 12.286 12.292 12.279    0.045 0.034 0.035 0.041 0.045  A 216048
   4160.82301 12.295 12.354 12.347 12.327 12.300    0.038 0.034 0.032 0.038 0.043  A 216366
   4162.77919 12.383 12.414 12.389 12.397 12.413    0.075 0.055 0.047 0.055 0.062  A 216673
   4164.78624 12.489 12.467 12.467 12.480 12.479    0.068 0.053 0.053 0.062 0.070  B 216952
   4167.73811 12.498 12.523 12.554 12.587 12.535    0.042 0.037 0.037 0.045 0.051  A 217348
   4172.79063 12.485 12.514 12.550 12.581 12.579    0.057 0.042 0.037 0.043 0.048  A 217963
   4175.69323 12.658 12.704 12.737 12.763 12.743    0.052 0.044 0.044 0.052 0.059  A 218399
   4177.83248 12.524 12.464 12.518 12.549 12.535    0.068 0.046 0.043 0.050 0.056  A 218672
   4180.71327 12.565 12.624 12.626 12.588 12.510    0.043 0.042 0.043 0.052 0.061  A 219011
   4182.80923 12.578 12.601 12.633 12.662 12.663    0.046 0.040 0.037 0.044 0.051  A 219317
   4187.88955 12.580 12.614 12.686 12.771 12.851    0.041 0.040 0.038 0.046 0.053  A 219875
   4190.64771 12.763 12.746 12.733 12.754 12.770    0.037 0.035 0.033 0.039 0.045  A 220240
   4192.69545 12.658 12.754 12.770 12.762 12.748    0.044 0.039 0.035 0.041 0.047  A 220581
   4194.73769 12.772 12.813 12.840 12.808 12.767    0.037 0.036 0.036 0.042 0.049  A 220909
   4200.68797 12.502 12.499 12.514 12.504 12.486    0.037 0.036 0.033 0.039 0.043  A 221503
   4203.68837 12.415 12.414 12.421 12.447 12.453    0.068 0.057 0.037 0.037 0.042  B 221799
   4205.69308 12.222 12.316 12.386 12.419 12.407    0.043 0.038 0.038 0.045 0.052  A 222129
   4208.75915 12.311 12.349 12.383 12.399 12.396    0.053 0.048 0.050 0.060 0.069  B 222375
   4212.80668 12.070 12.053 12.006 11.966 11.951    0.044 0.048 0.052 0.062 0.072  B 222474
   4226.61788 12.677 12.846 12.883 13.009 13.403    0.069 0.075 0.084 0.105 0.123  D 223003
   4228.63402 12.181 12.185 12.215 12.232 12.223    0.046 0.041 0.035 0.038 0.041  A 223342
   4232.63521 12.183 12.155 12.182 12.192 12.214    0.038 0.037 0.037 0.045 0.052  A 224030
   4234.63705 12.283 12.250 12.324 12.388 12.463    0.044 0.042 0.044 0.054 0.063  A 224399
   4238.69735 12.256 12.243 12.191 12.167 12.126    0.057 0.046 0.042 0.049 0.056  A 225033
   4245.56568 12.318 12.472 12.555 12.691 12.983    0.055 0.058 0.064 0.078 0.092  D 226012
   4246.75231 12.280 12.291 12.372 12.424 12.431    0.047 0.038 0.034 0.040 0.044  A 226257
   4250.50689 12.461 12.461 12.468 12.489 12.497    0.040 0.038 0.034 0.039 0.044  A 226630
   4253.72935 12.519 12.651 12.696 12.755 12.876    0.051 0.047 0.044 0.052 0.059  A 226878
   4256.57037 12.522 12.559 12.552 12.521 12.481    0.036 0.035 0.034 0.038 0.042  A 227227
   4258.59199 12.565 12.600 12.573 12.560 12.515    0.038 0.036 0.032 0.038 0.043  A 227500
   4266.70042 12.783 12.794 12.825 12.832 12.813    0.044 0.044 0.043 0.051 0.059  A 227754
   4268.67010 13.107 13.100 13.286 13.641 14.395    0.082 0.079 0.086 0.102 0.117  D 227995
   4274.53982 12.831 12.883 12.928 12.969 12.950    0.040 0.037 0.032 0.037 0.042  A 228657
   4277.56112 12.859 12.887 12.873 12.859 12.882    0.039 0.037 0.033 0.038 0.043  A 228978
   4283.60567 12.721 12.720 12.726 12.701 12.627    0.073 0.058 0.040 0.045 0.051  B 229626
   4285.60109 12.716 12.646 12.590 12.523 12.460    0.043 0.037 0.037 0.044 0.052  A 229969
   4289.60594 12.543 12.605 12.618 12.698 12.690    0.043 0.037 0.033 0.038 0.044  A 230325
   4291.60964 12.451 12.456 12.488 12.502 12.535    0.042 0.040 0.033 0.038 0.041  A 230677
   4293.59999 12.451 12.431 12.457 12.438 12.448    0.037 0.035 0.029 0.034 0.038  A 231040
   4295.60694 12.346 12.383 12.372 12.355 12.318    0.045 0.037 0.032 0.036 0.041  A 231383
   4297.60312 12.378 12.397 12.369 12.325 12.282    0.046 0.038 0.038 0.048 0.056  A 231732
   4299.57352 12.318 12.314 12.326 12.350 12.366    0.059 0.054 0.036 0.038 0.043  A 232096
   4301.53961 12.270 12.354 12.351 12.328 12.270    0.048 0.039 0.038 0.045 0.051  A 232436
   4303.56918 12.253 12.225 12.267 12.289 12.283    0.038 0.036 0.031 0.036 0.040  A 232742
   4305.55521 12.243 12.305 12.359 12.452 12.570    0.047 0.041 0.035 0.041 0.047  A 233116
   4307.57622 12.135 12.216 12.191 12.186 12.126    0.072 0.069 0.047 0.046 0.052  B 233458
   4310.58818 12.213 12.216 12.259 12.310 12.279    0.041 0.036 0.034 0.040 0.046  A 233879
   4312.58596 12.137 12.281 12.281 12.276 12.284    0.086 0.082 0.058 0.060 0.066  D 234206
   4316.55601 12.266 12.272 12.294 12.314 12.294    0.038 0.037 0.034 0.040 0.046  A 234618
   4329.49599 12.456 12.482 12.489 12.524 12.524    0.087 0.077 0.055 0.058 0.066  D 235088
   4331.50321 12.349 12.416 12.426 12.409 12.356    0.046 0.037 0.033 0.038 0.043  A 235448
   4333.51125 12.392 12.336 12.350 12.330 12.297    0.036 0.034 0.031 0.037 0.043  A 235814
   4344.48292 12.462 12.434 12.421 12.377 12.297    0.061 0.040 0.036 0.042 0.047  A 237385
   4347.48509 12.408 12.394 12.391 12.367 12.321    0.039 0.034 0.030 0.034 0.040  A 237904
   4350.47987 12.523 12.583 12.636 12.664 12.682    0.040 0.034 0.034 0.041 0.046  A 238396
   4353.47456 12.513 12.486 12.476 12.430 12.408    0.041 0.034 0.032 0.038 0.045  A 238804
   4431.84936 12.133 12.111 12.110 12.091 12.057    0.048 0.043 0.042 0.049 0.056  A 247605
   4435.84272 12.222 12.253 12.279 12.297 12.309    0.048 0.041 0.038 0.045 0.052  A 248098
   4439.84468 12.484 12.476 12.432 12.418 12.387    0.048 0.042 0.041 0.048 0.055  A 248598
   4443.84196 12.473 12.498 12.525 12.571 12.639    0.036 0.035 0.034 0.041 0.048  A 249046
   4453.82113 12.623 12.652 12.680 12.694 12.654    0.061 0.045 0.042 0.047 0.051  A 250185
   4457.82000 12.417 12.398 12.384 12.392 12.383    0.044 0.040 0.040 0.048 0.054  A 250620
   4461.81116 12.294 12.319 12.331 12.340 12.321    0.047 0.042 0.039 0.047 0.055  A 251095
   4464.82958 12.304 12.285 12.270 12.230 12.205    0.051 0.040 0.037 0.043 0.048  A 251477
   4467.85307 12.349 12.383 12.395 12.400 12.404    0.048 0.043 0.041 0.048 0.054  A 251825
   4471.81719 12.339 12.325 12.344 12.363 12.299    0.045 0.041 0.042 0.050 0.058  A 252219
   4476.83273 12.306 12.305 12.334 12.365 12.388    0.064 0.057 0.060 0.072 0.084  D 252708
   4479.82859 12.220 12.282 12.302 12.279 12.270    0.048 0.042 0.043 0.048 0.055  A 253080
   4484.84904 12.207 12.193 12.224 12.240 12.271    0.047 0.038 0.037 0.043 0.049  A 253547
   4487.82446 12.132 12.182 12.166 12.159 12.152    0.045 0.039 0.036 0.043 0.049  A 253888
   4494.80356 12.292 12.308 12.305 12.319 12.297    0.041 0.035 0.033 0.038 0.043  A 254705
   4498.81570 12.272 12.267 12.276 12.283 12.270    0.042 0.038 0.035 0.039 0.043  A 254962
   4501.79749 12.305 12.342 12.341 12.329 12.279    0.040 0.038 0.037 0.042 0.045  A 255334
   4504.78656 12.254 12.301 12.314 12.319 12.323    0.046 0.042 0.042 0.050 0.060  A 255753
   4507.78164 12.345 12.379 12.408 12.446 12.501    0.050 0.041 0.040 0.048 0.055  A 256189
   4510.77860 12.263 12.304 12.294 12.306 12.300    0.058 0.046 0.043 0.050 0.056  A 256595
   4516.79754 12.145 12.212 12.309 12.347 12.351    0.083 0.061 0.064 0.079 0.091  D 257175
   4518.80526 12.195 12.190 12.176 12.141 12.110    0.045 0.043 0.043 0.052 0.060  A 257469
   4520.85677 12.181 12.200 12.189 12.149 12.174    0.045 0.042 0.042 0.051 0.058  A 257778
   4523.73647 12.177 12.245 12.228 12.236 12.196    0.036 0.035 0.032 0.037 0.041  A 258186
   4525.80058 12.197 12.220 12.217 12.230 12.224    0.037 0.034 0.032 0.037 0.041  A 258488
   4530.82296 12.158 12.247 12.242 12.243 12.211    0.039 0.035 0.032 0.037 0.041  A 259244
   4533.85091 12.341 12.322 12.309 12.270 12.278    0.039 0.039 0.039 0.044 0.050  A 259646
   4536.73859 12.248 12.268 12.297 12.317 12.269    0.036 0.033 0.029 0.034 0.039  A 259965
   4538.77617 12.346 12.387 12.356 12.350 12.345    0.037 0.033 0.031 0.036 0.040  A 260274
   4540.82793 12.281 12.306 12.259 12.206 12.126    0.054 0.044 0.041 0.049 0.055  A 260572
   4543.68647 12.482 12.468 12.500 12.533 12.478    0.061 0.046 0.043 0.049 0.055  A 260997
   4545.73010 12.373 12.336 12.254 12.165 12.191    0.077 0.068 0.055 0.063 0.075  B 261302
   4547.75161 12.166 12.180 12.174 12.161 12.151    0.046 0.043 0.045 0.054 0.063  A 261644
   4552.73857 12.450 12.464 12.426 12.372 12.321    0.036 0.031 0.030 0.036 0.040  A 262281
   4554.76634 12.390 12.410 12.415 12.375 12.381    0.043 0.043 0.043 0.050 0.057  A 262583
   4559.63570 12.266 12.339 12.319 12.303 12.267    0.065 0.070 0.043 0.045 0.052  D 263355
   4561.69558 12.251 12.276 12.245 12.234 12.211    0.050 0.049 0.034 0.036 0.041  A 263713
   4563.73099 12.256 12.233 12.230 12.202 12.190    0.041 0.042 0.037 0.042 0.047  A 264054
   4565.77953 12.222 12.189 12.208 12.215 12.212    0.037 0.034 0.033 0.038 0.043  A 264405
   4567.83939 12.168 12.196 12.213 12.247 12.251    0.058 0.041 0.036 0.042 0.048  A 264758
   4570.60651 12.048 12.088 12.102 12.114 12.130    0.040 0.038 0.038 0.047 0.054  A 265156
   4572.64621 12.132 12.143 12.115 12.125 12.083    0.043 0.040 0.039 0.045 0.050  A 265515
   4574.66648 12.077 12.132 12.129 12.151 12.162    0.051 0.041 0.041 0.048 0.056  A 265845
#dataset= 1 ; 2 F1248-56_076
#desig= 125927-5534.2
#cra=   12.990929  12:59:27.3
#cdec= -55.570735 -55:34:14.6
#class= 0
#cmag_0= 12.519
#cmer_0=  0.140
#nskip_0= 0
#cmag_1= 12.387
#cmer_1=  0.102
#nskip_1= 0
#cmag_2= 12.303
#cmer_2=  0.028
#nskip_2= 0
#cmag_3= 12.336
#cmer_3=  0.134
#nskip_3= 0
#cmag_4= 12.330
#cmer_4=  0.198
#nskip_4= 0
#ra=   12.990929  12:59:27.3
#dec= -55.570735 -55:34:14.6
#     HJD      MAG_0  MAG_1  MAG_2  MAG_3  MAG_4    MER_0 MER_1 MER_2 MER_3 MER_4 GRADE FRAME
   1954.76567 12.621 12.535 12.543 12.591 12.606    0.057 0.049 0.042 0.046 0.049  A 9905
   2241.85174 29.999 29.999 29.999 29.999 29.999    0.071 0.062 0.053 0.059 0.065  C 41835
   2251.83038 12.369 12.241 12.203 12.302 12.332    0.079 0.067 0.056 0.061 0.065  B 43103
   2257.82881 29.999 29.999 29.999 29.999 29.999    0.085 0.071 0.057 0.062 0.064  D 44034
   2775.58926 29.999 29.999 29.999 29.999 29.999    0.081 0.086 0.094 0.116 0.134  D 55061
   2989.82560 29.999 29.999 29.999 29.999 29.999    0.027 0.024 0.024 0.028 0.032  C 84595
   3362.83278 29.999 29.999 29.999 29.999 29.999    0.057 0.043 0.040 0.046 0.051  C 124895
   3775.78135 29.999 29.999 29.999 29.999 29.999    0.077 0.048 0.042 0.048 0.055  C 177692
   3870.67439 12.568 12.386 12.163 12.114 12.053    0.063 0.067 0.045 0.047 0.053  B 190570
   4215.74897 29.999 29.999 29.999 29.999 29.999    0.046 0.040 0.036 0.041 0.046  C 222722
   4230.63758 29.999 29.999 29.999 29.999 29.999    0.043 0.037 0.035 0.040 0.045  C 223686
   4281.58788 29.999 29.999 29.999 29.999 29.999    0.072 0.081 0.097 0.124 0.149  D 229311
   4337.51200 29.999 29.999 29.999 29.999 29.999    0.047 0.045 0.042 0.048 0.054  C 236333
#ndata= 11
#dataset= 2 ; 1 F1336-56_077
#desig= 125926-5533.9
#cra=   12.990627  12:59:26.3
#cdec= -55.565658 -55:33:56.4
#class= 0
#cmag_0= 12.343
#cmer_0=  0.178
#nskip_0= 0
#cmag_1= 12.351
#cmer_1=  0.172
#nskip_1= 0
#cmag_2= 12.337
#cmer_2=  0.182
#nskip_2= 0
#cmag_3= 12.327
#cmer_3=  0.182
#nskip_3= 0
#cmag_4= 12.298
#cmer_4=  0.184
#nskip_4= 0
#ra=   12.990627  12:59:26.3
#dec= -55.565658 -55:33:56.4
#     HJD      MAG_0  MAG_1  MAG_2  MAG_3  MAG_4    MER_0 MER_1 MER_2 MER_3 MER_4 GRADE FRAME
   2454.49495 12.094 12.144 12.107 12.098 12.073    0.036 0.036 0.030 0.033 0.034  A 9790
   2490.53793 12.435 12.455 12.449 12.420 12.424    0.040 0.037 0.030 0.035 0.033  A 14023
   2500.50732 12.402 12.359 12.355 12.327 12.320    0.041 0.039 0.034 0.038 0.042  A 15804
   2665.85195 12.339 12.322 12.313 12.306 12.300    0.044 0.047 0.048 0.057 0.064  B 36891
   2685.76880 12.462 12.468 12.478 12.470 12.410    0.036 0.033 0.030 0.033 0.037  A 40234
   2695.79526 12.678 12.689 12.730 12.721 12.692    0.034 0.030 0.028 0.032 0.035  A 42019
   2783.73920 12.398 12.429 12.383 12.385 12.351    0.035 0.030 0.028 0.032 0.036  A 55975
   2998.82864 12.251 12.253 12.200 12.163 12.135    0.036 0.033 0.031 0.036 0.041  A 85797
   3177.69264 12.264 12.304 12.289 12.293 12.268    0.032 0.033 0.030 0.035 0.039  A 106916
   3387.83545 12.063 12.068 12.091 12.122 12.104    0.055 0.042 0.046 0.055 0.063  A 126387
   4136.82652 12.122 12.184 12.137 12.102 12.033    0.058 0.042 0.045 0.055 0.065  B 213048
#ndata= 3
#dataset= 3 ; 1 F1245-48_107
#desig= 125926-5534.0
#cra=   12.990548  12:59:26.0
#cdec= -55.566945 -55:34:01.0
#class= 0
#cmag_0= 12.548
#cmer_0=  0.439
#nskip_0= 0
#cmag_1= 12.503
#cmer_1=  0.430
#nskip_1= 0
#cmag_2= 12.501
#cmer_2=  0.453
#nskip_2= 0
#cmag_3= 12.450
#cmer_3=  0.431
#nskip_3= 0
#cmag_4= 12.407
#cmer_4=  0.399
#nskip_4= 0
#ra=   12.990548  12:59:26.0
#dec= -55.566945 -55:34:01.0
#     HJD      MAG_0  MAG_1  MAG_2  MAG_3  MAG_4    MER_0 MER_1 MER_2 MER_3 MER_4 GRADE FRAME
   1880.83870 12.928 12.878 12.881 12.800 12.726    0.064 0.037 0.034 0.040 0.043  A 2044
   3449.77832 12.406 12.359 12.382 12.363 12.335    0.055 0.045 0.044 0.051 0.057  A 135117
   3452.67784 12.309 12.271 12.242 12.191 12.162    0.039 0.033 0.033 0.039 0.044  A 135504
#ndata= 2
#dataset= 4 ; 1 F1330-48_108
#desig= 125926-5533.9
#cra=   12.990532  12:59:25.9
#cdec= -55.565463 -55:33:55.7
#class= 0
#cmag_0= 12.133
#cmer_0=  0.229
#nskip_0= 0
#cmag_1= 12.154
#cmer_1=  0.225
#nskip_1= 0
#cmag_2= 12.134
#cmer_2=  0.215
#nskip_2= 0
#cmag_3= 12.098
#cmer_3=  0.238
#nskip_3= 0
#cmag_4= 12.053
#cmer_4=  0.315
#nskip_4= 0
#ra=   12.990532  12:59:25.9
#dec= -55.565463 -55:33:55.7
#     HJD      MAG_0  MAG_1  MAG_2  MAG_3  MAG_4    MER_0 MER_1 MER_2 MER_3 MER_4 GRADE FRAME
   3387.84431 11.972 11.997 11.984 11.932 11.832    0.061 0.045 0.044 0.052 0.058  B 126390
   3453.67974 12.294 12.313 12.285 12.265 12.275    0.088 0.053 0.053 0.062 0.069  B 135660
