#ndata= 2
#dataset= 1 ; 1 F2016-16_281
#desig= 200707-0909.9
#cra=   20.118712  20:07:07.4
#cdec=  -9.165646 -9:09:56.3
#class= 0
#cmag_0= 11.268
#cmer_0=  0.007
#nskip_0= 0
#cmag_1= 11.291
#cmer_1=  0.017
#nskip_1= 0
#cmag_2= 11.319
#cmer_2=  0.040
#nskip_2= 0
#cmag_3= 11.337
#cmer_3=  0.056
#nskip_3= 0
#cmag_4= 11.349
#cmer_4=  0.028
#nskip_4= 0
#ra=   20.118712  20:07:07.4
#dec=  -9.165646 -9:09:56.3
#     HJD      MAG_1  MAG_0  MAG_2  MAG_3  MAG_4    MER_1 MER_0 MER_2 MER_3 MER_4 GRADE FRAME
   2140.60232 11.278 11.273 11.290 11.297 11.330    0.066 0.082 0.073 0.091 0.110  D 30168
   2901.63429 11.305 11.265 11.348 11.378 11.370    0.084 0.079 0.090 0.112 0.126  D 72416
#ndata= 3
#dataset= 2 ; 1 F1944-08_325
#desig= 200708-0910.0
#cra=   20.118825  20:07:07.8
#cdec=  -9.167221 -9:10:02.0
#class= 0
#cmag_0= 11.521
#cmer_0=  0.136
#nskip_0= 0
#cmag_1= 11.503
#cmer_1=  0.128
#nskip_1= 0
#cmag_2= 11.489
#cmer_2=  0.109
#nskip_2= 0
#cmag_3= 11.500
#cmer_3=  0.103
#nskip_3= 0
#cmag_4= 11.510
#cmer_4=  0.120
#nskip_4= 0
#ra=   20.118825  20:07:07.8
#dec=  -9.167221 -9:10:02.0
#     HJD      MAG_1  MAG_0  MAG_2  MAG_3  MAG_4    MER_1 MER_0 MER_2 MER_3 MER_4 GRADE FRAME
   2216.52902 11.598 11.566 11.578 11.604 11.601    0.041 0.055 0.033 0.035 0.038  A 38527
   2468.68982 11.367 11.402 11.369 11.377 11.382    0.036 0.040 0.028 0.031 0.033  A 11735
   2490.64299 11.547 11.594 11.522 11.521 11.549    0.039 0.042 0.033 0.041 0.036  A 14066
#ndata= 358
#dataset= 3 ; 1 F2016-08_326
#desig= 200708-0909.8
#cra=   20.118829  20:07:07.8
#cdec=  -9.162770 -9:09:46.0
#class= 0
#cmag_0= 11.668
#cmer_0=  0.000
#nskip_0= 0
#cmag_1= 11.679
#cmer_1=  0.000
#nskip_1= 0
#cmag_2= 11.625
#cmer_2=  0.000
#nskip_2= 0
#cmag_3= 11.667
#cmer_3=  0.000
#nskip_3= 0
#cmag_4= 11.641
#cmer_4=  0.000
#nskip_4= 0
#ra=   20.118829  20:07:07.8
#dec=  -9.162770 -9:09:46.0
#     HJD      MAG_1  MAG_0  MAG_2  MAG_3  MAG_4    MER_1 MER_0 MER_2 MER_3 MER_4 GRADE FRAME
   2018.82576 11.679 11.669 11.625 11.667 11.641    0.057 0.069 0.048 0.054 0.054  B 16287
   2519.52652 29.999 29.999 29.999 29.999 29.999    0.064 0.076 0.055 0.056 0.055  D 17955
   2556.55407 29.999 29.999 29.999 29.999 29.999    0.066 0.080 0.054 0.058 0.058  D 21656
   2782.87744 29.999 29.999 29.999 29.999 29.999    0.023 0.039 0.020 0.020 0.022  C 55809
   3891.83881 29.999 29.999 29.999 29.999 29.999    0.036 0.065 0.031 0.034 0.038  C 193421
#dataset= 3 ; 2 F2016-08_326
#desig= 200708-0910.0
#cra=   20.118790  20:07:07.6
#cdec=  -9.166928 -9:10:00.9
#class= 0
#cmag_0= 11.342
#cmer_0=  0.199
#nskip_0= 3
#cmag_1= 11.341
#cmer_1=  0.199
#nskip_1= 1
#cmag_2= 11.343
#cmer_2=  0.198
#nskip_2= 1
#cmag_3= 11.349
#cmer_3=  0.198
#nskip_3= 1
#cmag_4= 11.352
#cmer_4=  0.198
#nskip_4= 3
#ra=   20.118790  20:07:07.6
#dec=  -9.166928 -9:10:00.9
#     HJD      MAG_1  MAG_0  MAG_2  MAG_3  MAG_4    MER_1 MER_0 MER_2 MER_3 MER_4 GRADE FRAME
   1981.89917 11.318 11.282 11.314 11.311 11.306    0.042 0.044 0.037 0.041 0.042  A 12671
   1983.91106 11.333 11.349 11.307 11.337 11.331    0.056 0.061 0.053 0.060 0.060  B 12889
   1985.88935 11.290 11.316 11.334 11.341 11.348    0.042 0.046 0.036 0.040 0.039  A 13265
   1994.90607 11.367 11.396 11.349 11.342 11.366    0.052 0.060 0.047 0.053 0.052  B 13562
   1996.89773 11.397 11.379 11.410 11.419 11.423    0.052 0.062 0.045 0.052 0.052  B 13953
   1998.88994 11.486 11.478 11.460 11.474 11.478    0.048 0.057 0.043 0.050 0.049  A 14357
   2008.88308 11.587 11.576 11.601 11.572 11.587    0.054 0.064 0.048 0.055 0.055  B 15278
   2011.84029 11.543 11.497 11.572 11.577 11.571    0.056 0.065 0.048 0.055 0.054  B 15665
   2018.82576 11.632 11.613 11.616 11.640 11.611    0.057 0.069 0.048 0.054 0.054  B 16287
   2021.83628 11.628 11.638 11.662 11.668 11.679    0.066 0.076 0.056 0.056 0.059  D 16921
   2026.82259 11.719 11.746 11.741 11.738 11.727    0.026 0.034 0.025 0.029 0.032  A 17489
   2030.85480 11.761 11.753 11.761 11.784 11.804    0.026 0.042 0.024 0.028 0.031  A 17897
   2031.90158 11.733 11.727 11.753 11.767 11.777    0.027 0.040 0.026 0.029 0.032  A 18129
   2033.86868 11.712 11.703 11.731 11.728 11.717    0.024 0.036 0.022 0.025 0.028  A 18548
   2039.81858 11.579 11.564 11.619 11.640 11.672    0.029 0.048 0.029 0.033 0.037  A 19313
   2040.77202 11.528 11.471 11.540 11.561 11.578    0.036 0.069 0.034 0.039 0.043  A 19518
   2052.80176 11.061 11.098 11.057 11.071 11.073    0.027 0.047 0.026 0.029 0.031  A 19889
   2053.81532 11.161 11.189 11.107 11.089 11.082    0.026 0.047 0.025 0.028 0.032  A 20100
   2054.80956 11.086 11.104 11.081 11.084 11.096    0.031 0.055 0.028 0.032 0.034  A 20322
   2055.79809 11.055 11.026 11.043 11.041 11.042    0.025 0.042 0.024 0.027 0.031  A 20539
   2056.79926 11.017 11.015 11.029 11.042 11.056    0.026 0.051 0.024 0.028 0.032  A 20767
   2057.79574 11.049 11.024 11.047 11.055 11.060    0.023 0.037 0.022 0.026 0.028  A 20992
   2058.79441 11.075 11.083 11.075 11.082 11.084    0.027 0.047 0.025 0.028 0.032  A 21222
   2061.81803 11.110 11.143 11.104 11.098 11.093    0.029 0.055 0.027 0.030 0.034  A 21445
   2065.77511 11.186 11.141 11.202 11.200 11.191    0.034 0.064 0.033 0.037 0.042  A 21758
   2067.72761 11.245 11.254 11.241 11.236 11.253    0.030 0.046 0.028 0.031 0.037  A 21887
   2081.75810 11.686 11.641 11.709 11.716 11.715    0.031 0.054 0.028 0.031 0.034  A 23174
   2082.75345 11.744 11.794 11.749 11.760 11.761    0.028 0.052 0.025 0.028 0.031  A 23396
   2083.76882 11.782 11.743 11.796 11.806 11.838    0.031 0.048 0.034 0.041 0.047  A 23648
   2086.75532 11.802 11.825 11.792 11.807 11.800    0.028 0.054 0.026 0.030 0.033  A 24090
   2087.72836 11.827 11.938 11.848 11.878 11.879    0.028 0.048 0.026 0.029 0.033  A 24302
   2088.72517 11.767 11.798 11.773 11.781 11.756    0.030 0.057 0.028 0.031 0.035  A 24527
   2093.66506 11.750 11.721 11.768 11.798 11.824    0.029 0.044 0.028 0.031 0.035  A 24722
   2094.66972 11.610 11.639 11.604 11.601 11.579    0.032 0.050 0.028 0.032 0.036  A 25013
   2102.68067 11.364 11.383 11.363 11.378 11.406    0.047 0.060 0.052 0.064 0.076  B 25682
   2103.68925 11.320 11.350 11.328 11.336 11.346    0.028 0.047 0.024 0.027 0.030  A 25832
   2104.69611 11.263 11.295 11.258 11.266 11.268    0.028 0.046 0.025 0.027 0.031  A 26033
   2105.69111 11.272 11.260 11.267 11.276 11.271    0.030 0.052 0.026 0.029 0.030  A 26252
   2106.69087 11.218 11.228 11.208 11.224 11.224    0.029 0.046 0.026 0.028 0.032  A 26456
   2115.68382 10.986 11.027 10.981 10.997 10.996    0.031 0.046 0.028 0.031 0.033  A 26883
   2117.65524 10.914 10.931 10.920 10.930 10.951    0.030 0.051 0.028 0.031 0.034  A 27312
   2128.61584 11.051 11.074 11.035 11.035 11.025    0.026 0.039 0.024 0.029 0.032  A 27928
   2129.63783 11.088 11.085 11.089 11.086 11.087    0.026 0.044 0.023 0.026 0.029  A 28152
   2130.63712 11.074 11.070 11.068 11.062 11.055    0.026 0.044 0.023 0.027 0.031  A 28368
   2131.62531 11.141 11.194 11.104 11.084 11.075    0.027 0.046 0.024 0.028 0.031  A 28562
   2132.63302 11.156 11.172 11.160 11.174 11.180    0.025 0.037 0.024 0.026 0.029  A 28781
   2133.62764 11.131 11.115 11.133 11.146 11.143    0.026 0.039 0.023 0.026 0.030  A 28991
   2134.63422 11.178 11.164 11.179 11.176 11.187    0.026 0.034 0.024 0.027 0.030  A 29210
   2135.62230 11.192 11.206 11.189 11.191 11.194    0.027 0.041 0.026 0.030 0.033  A 29419
   2136.61955 11.206 11.201 11.209 11.222 11.230    0.029 0.043 0.026 0.028 0.032  A 29630
   2144.60161 11.431 11.419 11.437 11.438 11.432    0.029 0.047 0.026 0.030 0.034  A 30988
   2145.59937 11.465 11.444 11.472 11.481 11.494    0.027 0.041 0.026 0.029 0.032  A 31194
   2167.54190 11.443 11.409 11.445 11.439 11.450    0.032 0.051 0.028 0.031 0.035  A 32057
   2183.49779 10.848 10.797 10.830 10.813 10.793    0.039 0.053 0.034 0.035 0.039  A 33827
   2185.54553 10.788 10.831 10.803 10.814 10.827    0.035 0.050 0.031 0.035 0.039  A 34226
   2190.54494 10.900 10.852 10.897 10.901 10.913    0.037 0.051 0.031 0.032 0.035  A 34899
   2192.55333 10.950 10.918 10.937 10.930 10.931    0.031 0.045 0.026 0.029 0.033  A 35252
   2194.54778 11.017 10.992 11.021 11.024 11.031    0.033 0.049 0.028 0.030 0.033  A 35611
   2197.50545 11.054 11.031 11.068 11.073 11.074    0.036 0.056 0.032 0.033 0.036  A 36086
   2199.55644 11.099 11.117 11.115 11.140 11.144    0.033 0.040 0.026 0.028 0.031  A 36461
   2202.56212 11.229 11.262 11.215 11.208 11.209    0.038 0.053 0.033 0.036 0.039  A 36879
   2212.55921 11.488 11.470 11.501 11.520 11.546    0.037 0.053 0.032 0.035 0.039  A 37886
   2216.50613 11.540 11.526 11.533 11.554 11.550    0.037 0.051 0.031 0.033 0.036  A 38517
   2226.52368 11.455 11.448 11.446 11.475 11.485    0.042 0.054 0.034 0.034 0.036  A 39616
   2442.74924 99.999 99.999 99.999 99.999 99.999    0.030 0.027 0.021 0.021 0.022  C 8533
   2443.74639 11.238 11.285 11.273 11.289 11.296    0.029 0.025 0.019 0.019 0.020  A 8719
   2444.74616 11.262 11.199 11.263 11.285 11.281    0.027 0.025 0.019 0.021 0.023  A 8924
   2445.73492 11.215 11.206 11.222 11.231 11.228    0.024 0.024 0.019 0.021 0.024  A 9136
   2446.74435 11.179 11.202 11.200 11.216 11.223    0.030 0.026 0.022 0.023 0.026  A 9303
   2455.74746 11.161 11.172 11.173 11.174 11.187    0.039 0.038 0.034 0.037 0.041  A 9977
   2464.69817 11.295 11.290 11.284 11.300 11.302    0.032 0.031 0.025 0.029 0.025  A 10864
   2465.69745 11.290 11.328 11.307 11.302 11.320    0.033 0.032 0.027 0.031 0.026  A 11084
   2466.69476 11.296 11.331 11.293 11.317 11.329    0.032 0.030 0.023 0.023 0.022  A 11301
   2467.69176 11.348 11.303 11.353 11.361 11.367    0.027 0.026 0.019 0.020 0.020  A 11519
   2468.68982 11.360 11.387 11.376 11.384 11.390    0.040 0.041 0.033 0.036 0.039  A 11735
   2470.65889 11.360 11.365 11.330 11.358 11.357    0.033 0.033 0.027 0.032 0.028  A 12003
   2473.66466 11.329 11.350 11.362 11.364 11.385    0.035 0.035 0.029 0.035 0.029  A 12694
   2474.69572 11.387 11.343 11.374 11.363 11.355    0.034 0.033 0.029 0.033 0.030  A 12874
   2482.57778 11.502 11.516 11.463 11.467 11.437    0.051 0.058 0.045 0.051 0.048  A 13129
   2486.64725 11.514 11.508 11.495 11.488 11.490    0.042 0.048 0.035 0.037 0.038  A 13325
   2489.58906 11.506 11.529 11.540 11.549 11.573    0.030 0.029 0.024 0.027 0.026  A 13825
   2490.64299 11.540 11.567 11.534 11.525 11.562    0.042 0.044 0.035 0.043 0.040  A 14066
   2491.64322 11.457 11.476 11.476 11.525 11.502    0.050 0.059 0.043 0.049 0.048  A 14240
   2493.63640 11.564 11.539 11.543 11.536 11.515    0.040 0.044 0.036 0.042 0.037  A 14472
   2494.63748 11.587 11.570 11.554 11.564 11.550    0.038 0.040 0.035 0.040 0.034  A 14663
   2495.63690 11.373 11.392 11.444 11.467 11.469    0.035 0.036 0.030 0.037 0.030  A 14800
   2497.63206 11.433 11.462 11.468 11.462 11.490    0.031 0.030 0.026 0.029 0.026  A 15222
   2499.62261 11.433 11.441 11.433 11.454 11.459    0.033 0.035 0.023 0.025 0.023  A 15640
   2501.61750 11.437 11.441 11.437 11.440 11.486    0.032 0.030 0.026 0.028 0.026  A 15999
   2502.62657 29.999 29.999 29.999 29.999 29.999    0.034 0.034 0.029 0.033 0.029  C 16214
   2511.67214 11.039 11.140 11.030 10.986 11.022    0.070 0.080 0.063 0.067 0.067  D 17106
   2540.57063 11.437 11.417 11.491 11.525 11.510    0.051 0.063 0.045 0.050 0.049  A 19683
   2543.64174 11.603 11.643 11.560 11.549 11.607    0.039 0.038 0.037 0.043 0.048  A 19896
   2544.57131 11.737 11.644 11.731 11.692 11.690    0.032 0.033 0.027 0.030 0.032  A 19954
   2545.62070 11.520 11.597 11.542 11.540 11.565    0.033 0.034 0.024 0.022 0.023  A 20164
   2548.64545 11.581 11.580 11.559 11.576 11.553    0.033 0.031 0.025 0.027 0.026  A 20596
   2551.54830 11.423 11.388 11.496 11.521 11.545    0.063 0.079 0.054 0.058 0.059  D 20921
   2552.60797 11.508 11.543 11.511 11.521 11.553    0.048 0.051 0.042 0.047 0.043  A 21132
   2553.63084 11.458 11.439 11.462 11.479 11.484    0.027 0.033 0.022 0.023 0.025  A 21322
   2558.53179 11.393 11.386 11.389 11.398 11.398    0.030 0.027 0.021 0.022 0.022  A 22002
   2564.55390 11.296 11.312 11.301 11.289 11.291    0.033 0.031 0.027 0.029 0.031  A 23057
   2578.55443 11.315 11.299 11.279 11.278 11.262    0.031 0.032 0.024 0.027 0.026  A 24911
   2712.89755 11.313 11.252 11.308 11.309 11.297    0.031 0.034 0.026 0.029 0.033  A 45236
   2721.89073 11.301 11.313 11.316 11.312 11.291    0.039 0.037 0.042 0.051 0.059  A 46591
   2727.88068 11.313 11.337 11.303 11.295 11.284    0.040 0.037 0.040 0.047 0.052  A 47760
   2730.88481 11.305 11.335 11.346 11.380 11.402    0.026 0.025 0.023 0.027 0.030  A 48375
   2734.87094 11.342 11.383 11.334 11.339 11.346    0.028 0.029 0.023 0.026 0.029  A 48924
   2740.87197 11.417 11.409 11.422 11.419 11.408    0.022 0.021 0.020 0.022 0.024  A 50046
   2743.86535 11.409 11.445 11.417 11.418 11.408    0.023 0.023 0.022 0.025 0.027  A 50642
   2755.83585 11.663 11.694 11.680 11.705 11.723    0.022 0.022 0.019 0.022 0.024  A 52546
   2757.86860 11.618 11.654 11.607 11.604 11.602    0.020 0.028 0.020 0.023 0.026  A 52974
   2760.84427 11.698 11.620 11.670 11.659 11.616    0.049 0.037 0.036 0.040 0.042  A 53513
   2764.88995 11.516 11.526 11.509 11.521 11.517    0.027 0.045 0.028 0.033 0.039  A 54355
   2765.85641 11.505 11.507 11.496 11.512 11.518    0.021 0.030 0.019 0.021 0.023  A 54412
   2769.88380 11.339 11.340 11.344 11.351 11.370    0.037 0.033 0.034 0.042 0.047  A 54756
   2784.82322 11.016 11.035 11.007 11.012 11.015    0.022 0.034 0.021 0.023 0.025  A 56212
   2786.80638 10.978 11.012 10.993 10.996 10.987    0.027 0.024 0.020 0.021 0.023  A 56638
   2790.82937 11.045 11.051 11.038 11.048 11.053    0.022 0.037 0.021 0.023 0.026  A 57407
   2802.82975 11.144 11.101 11.160 11.175 11.167    0.035 0.048 0.037 0.046 0.055  A 58794
   2804.75094 11.184 11.172 11.192 11.197 11.209    0.026 0.028 0.027 0.032 0.037  A 59092
   2808.81107 11.187 11.225 11.220 11.254 11.252    0.028 0.033 0.025 0.027 0.031  A 59368
   2810.73709 11.260 11.289 11.240 11.229 11.226    0.022 0.024 0.020 0.022 0.025  A 59772
   2812.72871 11.269 11.279 11.269 11.291 11.300    0.021 0.025 0.020 0.022 0.024  A 60221
   2815.86202 11.325 11.299 11.338 11.354 11.358    0.023 0.028 0.020 0.022 0.025  A 60847
   2819.77402 11.376 11.363 11.385 11.388 11.384    0.027 0.024 0.021 0.024 0.028  A 61348
   2821.75562 11.349 11.356 11.357 11.349 11.345    0.024 0.026 0.019 0.022 0.025  A 61782
   2826.78918 11.353 11.376 11.364 11.358 11.377    0.032 0.030 0.028 0.033 0.035  A 62094
   2830.68499 11.406 11.385 11.396 11.395 11.379    0.025 0.022 0.020 0.023 0.026  A 62529
   2831.90033 11.362 11.379 11.384 11.407 11.412    0.026 0.026 0.022 0.026 0.030  A 62840
   2836.73635 11.849 11.961 11.643 11.514 11.473    0.032 0.028 0.030 0.036 0.042  A 63719
   2843.68354 11.148 11.129 11.129 11.131 11.131    0.033 0.030 0.028 0.033 0.037  A 64927
   2851.69133 11.085 11.094 11.091 11.094 11.091    0.023 0.020 0.018 0.021 0.023  A 65462
   2853.81855 11.182 11.127 11.178 11.179 11.180    0.054 0.052 0.057 0.067 0.075  B 65735
   2855.70295 11.091 11.093 11.098 11.113 11.120    0.038 0.033 0.033 0.037 0.041  A 66087
   2858.74471 11.126 11.126 11.129 11.130 11.124    0.023 0.023 0.019 0.022 0.024  A 66365
   2860.64679 11.111 11.138 11.120 11.114 11.107    0.027 0.023 0.022 0.026 0.029  A 66754
   2864.75454 11.252 11.359 11.140 11.079 11.068    0.091 0.084 0.099 0.119 0.141  D 67410
   2867.60350 11.147 11.185 11.176 11.181 11.184    0.026 0.026 0.022 0.024 0.026  A 67746
   2872.63386 11.215 11.169 11.214 11.224 11.222    0.026 0.023 0.021 0.023 0.023  A 68159
   2875.64855 11.313 11.298 11.302 11.289 11.283    0.021 0.028 0.019 0.020 0.022  A 68555
   2877.63429 11.306 11.331 11.299 11.296 11.301    0.026 0.023 0.020 0.021 0.024  A 68947
   2879.64252 11.323 11.323 11.330 11.352 11.357    0.023 0.022 0.019 0.020 0.021  A 69256
   2884.62574 11.354 11.357 11.342 11.329 11.333    0.026 0.025 0.021 0.023 0.024  A 69813
   2886.57168 11.293 11.316 11.300 11.309 11.323    0.027 0.024 0.023 0.024 0.026  A 70207
   2892.57867 11.270 11.298 11.252 11.236 11.226    0.025 0.041 0.024 0.029 0.032  A 70651
   2893.68862 11.197 11.201 11.198 11.208 11.207    0.028 0.028 0.029 0.034 0.037  A 70900
   2895.64382 11.197 11.211 11.211 11.228 11.217    0.021 0.027 0.021 0.024 0.027  A 71273
   2899.63494 11.113 11.094 11.109 11.091 11.049    0.066 0.064 0.074 0.087 0.099  D 72033
   2904.66935 11.069 11.090 11.077 11.083 11.125    0.050 0.050 0.053 0.061 0.069  B 72870
   2906.66702 11.149 11.148 11.144 11.146 11.147    0.023 0.026 0.021 0.026 0.030  A 73192
   2909.66224 11.159 11.193 11.154 11.174 11.189    0.024 0.034 0.022 0.024 0.026  A 73604
   2911.62278 11.204 11.197 11.203 11.218 11.223    0.024 0.035 0.022 0.024 0.027  A 73908
   2913.60282 11.226 11.256 11.224 11.233 11.222    0.028 0.032 0.029 0.033 0.036  A 74252
   2918.53019 11.257 11.290 11.227 11.207 11.179    0.043 0.043 0.046 0.054 0.066  B 74856
   2921.64870 11.291 11.265 11.267 11.290 11.322    0.034 0.031 0.033 0.040 0.048  A 75088
   2923.62991 11.241 11.245 11.256 11.247 11.250    0.026 0.030 0.025 0.029 0.033  A 75453
   2926.62574 11.279 11.302 11.285 11.297 11.305    0.024 0.027 0.023 0.026 0.029  A 75811
   2928.62550 11.296 11.278 11.284 11.276 11.267    0.025 0.030 0.024 0.028 0.032  A 76185
   2930.62252 11.337 11.282 11.317 11.284 11.168    0.027 0.029 0.024 0.026 0.028  A 76534
   2932.61567 11.274 11.279 11.281 11.286 11.296    0.026 0.028 0.022 0.026 0.029  A 76887
   2934.61009 11.316 11.307 11.311 11.327 11.334    0.028 0.033 0.026 0.029 0.032  A 77237
   2940.50799 11.379 11.445 11.424 11.455 11.494    0.034 0.038 0.033 0.037 0.042  A 77948
   2945.51178 11.502 11.426 11.493 11.504 11.482    0.045 0.043 0.034 0.040 0.044  A 78651
   2947.56851 11.496 11.484 11.522 11.542 11.564    0.033 0.040 0.031 0.036 0.039  A 78979
   2950.55195 11.534 11.511 11.532 11.551 11.575    0.032 0.035 0.030 0.037 0.043  A 79413
   2953.53591 11.545 11.551 11.544 11.558 11.550    0.031 0.034 0.033 0.039 0.045  A 79793
   2955.55031 11.532 11.487 11.546 11.547 11.542    0.042 0.042 0.048 0.053 0.055  B 80054
   2958.51983 11.586 11.560 11.592 11.600 11.586    0.025 0.027 0.023 0.026 0.030  A 80478
   2960.53095 11.654 11.624 11.712 11.766 11.909    0.078 0.072 0.089 0.108 0.130  D 80736
   2963.51841 11.606 11.609 11.596 11.570 11.561    0.026 0.029 0.025 0.029 0.033  A 81155
   2965.53406 11.615 11.547 11.603 11.603 11.581    0.027 0.028 0.025 0.030 0.033  A 81451
   3077.89718 11.188 11.176 11.181 11.190 11.210    0.042 0.040 0.043 0.050 0.057  A 94514
   3099.87398 11.494 11.517 11.499 11.516 11.542    0.050 0.050 0.051 0.056 0.062  B 97200
   3103.89240 11.445 11.473 11.458 11.472 11.469    0.047 0.046 0.047 0.053 0.060  B 97835
   3110.88580 11.367 11.299 11.392 11.418 11.412    0.068 0.068 0.074 0.077 0.089  D 98930
   3114.87496 11.182 11.158 11.178 11.183 11.183    0.044 0.044 0.044 0.049 0.053  A 99574
   3126.89259 11.118 11.128 11.118 11.116 11.122    0.051 0.049 0.050 0.054 0.060  B 100962
   3132.86290 11.313 11.261 11.297 11.270 11.236    0.036 0.037 0.035 0.042 0.050  A 101894
   3142.84998 11.780 11.708 11.733 11.702 11.652    0.038 0.028 0.028 0.030 0.032  A 103180
   3152.91012 11.680 11.704 11.712 11.758 11.805    0.050 0.042 0.056 0.069 0.080  D 103690
   3156.78562 11.664 11.645 11.669 11.667 11.690    0.033 0.040 0.033 0.037 0.042  A 104217
   3163.86548 11.520 11.571 11.529 11.534 11.527    0.029 0.030 0.026 0.031 0.035  A 105099
   3166.78394 11.487 11.463 11.498 11.497 11.488    0.024 0.028 0.023 0.026 0.029  A 105456
   3169.75534 11.402 11.422 11.408 11.419 11.444    0.039 0.043 0.037 0.041 0.045  A 105967
   3176.76199 11.289 11.286 11.278 11.279 11.299    0.027 0.024 0.024 0.027 0.031  A 106808
   3179.76514 11.276 11.279 11.284 11.294 11.297    0.026 0.027 0.025 0.029 0.034  A 107246
   3182.77833 11.239 11.270 11.272 11.270 11.260    0.043 0.037 0.039 0.045 0.052  A 107551
   3185.72244 11.179 11.192 11.197 11.213 11.227    0.041 0.039 0.040 0.044 0.050  A 107960
   3187.75073 11.189 11.190 11.186 11.194 11.199    0.029 0.028 0.028 0.033 0.038  A 108311
   3191.76257 11.186 11.159 11.174 11.171 11.160    0.035 0.035 0.035 0.043 0.051  A 108767
   3266.55693 11.226 11.220 11.223 11.233 11.237    0.020 0.022 0.017 0.018 0.021  A 115154
   3268.54593 11.256 11.202 11.272 11.281 11.293    0.032 0.055 0.031 0.035 0.040  A 115462
   3273.53613 11.259 11.233 11.269 11.277 11.273    0.029 0.032 0.029 0.034 0.040  A 116171
   3278.56172 11.389 11.329 11.375 11.355 11.334    0.031 0.043 0.026 0.030 0.035  A 116819
   3280.58946 11.456 11.498 11.462 11.482 11.488    0.031 0.043 0.028 0.033 0.037  A 117086
   3294.50123 11.455 11.369 11.433 11.427 11.413    0.029 0.029 0.022 0.024 0.026  A 118336
   3296.57762 11.610 11.690 11.585 11.604 11.621    0.029 0.031 0.023 0.026 0.030  A 118644
   3447.90890 10.989 11.003 10.994 10.987 10.965    0.029 0.039 0.032 0.039 0.045  A 134841
   3453.89622 11.123 11.184 11.093 11.091 11.120    0.040 0.073 0.043 0.050 0.057  A 135741
   3457.88979 10.859 10.895 10.851 10.867 10.857    0.031 0.033 0.032 0.038 0.044  A 136443
   3465.88577 10.965 10.987 10.970 10.992 11.016    0.028 0.039 0.028 0.033 0.037  A 137739
   3469.88882 11.111 11.118 11.124 11.152 11.159    0.028 0.037 0.028 0.032 0.037  A 138334
   3473.88054 11.200 11.234 11.216 11.237 11.241    0.028 0.035 0.025 0.028 0.031  A 138961
   3477.87068 11.253 11.225 11.275 11.310 11.341    0.033 0.062 0.033 0.038 0.042  A 139625
   3483.90957 11.324 11.354 11.345 11.392 11.404    0.039 0.046 0.044 0.055 0.065  B 140586
   3496.91924 11.360 11.281 11.342 11.322 11.306    0.042 0.051 0.041 0.047 0.055  A 141852
   3500.90625 11.429 11.541 11.426 11.428 11.425    0.040 0.072 0.035 0.038 0.041  A 142362
   3503.89872 11.371 11.322 11.464 11.603 11.716    0.068 0.079 0.080 0.101 0.124  D 142889
   3508.88706 11.254 11.223 11.264 11.271 11.282    0.029 0.033 0.024 0.026 0.030  A 143323
   3511.83792 11.180 11.218 11.184 11.196 11.203    0.026 0.036 0.026 0.029 0.033  A 143739
   3515.82976 11.162 11.213 11.154 11.149 11.141    0.033 0.042 0.036 0.043 0.049  A 144112
   3520.85804 11.123 11.116 11.129 11.112 11.091    0.028 0.036 0.031 0.037 0.043  A 144745
   3522.85950 11.184 11.162 11.186 11.197 11.215    0.037 0.060 0.035 0.039 0.045  A 145088
   3525.79752 11.163 11.168 11.162 11.177 11.186    0.044 0.078 0.042 0.046 0.051  B 145547
   3528.78736 11.206 11.165 11.211 11.201 11.193    0.030 0.040 0.030 0.032 0.036  A 146060
   3538.80184 11.414 11.399 11.437 11.458 11.446    0.032 0.052 0.028 0.031 0.034  A 146898
   3540.81033 11.465 11.480 11.464 11.476 11.484    0.032 0.042 0.031 0.035 0.041  A 147221
   3543.74791 11.470 11.462 11.484 11.493 11.513    0.033 0.039 0.035 0.042 0.048  A 147590
   3546.85281 11.529 11.509 11.538 11.574 11.624    0.058 0.058 0.070 0.087 0.105  D 147931
   3550.82241 11.619 11.604 11.634 11.643 11.641    0.032 0.042 0.032 0.038 0.044  A 148273
   3553.78562 11.643 11.646 11.645 11.643 11.637    0.029 0.027 0.025 0.028 0.031  A 148629
   3556.71589 11.615 11.584 11.630 11.632 11.613    0.025 0.034 0.024 0.026 0.028  A 149091
   3559.75761 11.592 11.594 11.635 11.659 11.664    0.042 0.059 0.036 0.040 0.044  A 149446
   3561.79463 11.549 11.476 11.536 11.525 11.500    0.052 0.091 0.040 0.042 0.045  B 149796
   3563.82872 11.505 11.418 11.541 11.569 11.590    0.032 0.060 0.030 0.033 0.037  A 150148
   3568.86388 11.412 11.412 11.423 11.439 11.439    0.030 0.036 0.026 0.029 0.033  A 150454
   3570.70778 11.328 11.349 11.345 11.357 11.357    0.028 0.032 0.026 0.030 0.035  A 150783
   3574.71428 11.284 11.290 11.273 11.277 11.267    0.028 0.031 0.026 0.031 0.035  A 151311
   3576.73152 11.230 11.281 11.210 11.194 11.200    0.032 0.054 0.028 0.031 0.034  A 151675
   3578.71238 11.149 11.157 11.168 11.176 11.180    0.037 0.065 0.030 0.032 0.035  A 152002
   3582.80011 11.071 11.063 11.079 11.091 11.106    0.028 0.038 0.029 0.034 0.038  A 152702
   3584.80487 11.053 11.056 11.055 11.056 11.050    0.034 0.056 0.032 0.036 0.040  A 153061
   3587.62902 11.007 11.041 11.003 11.020 11.024    0.026 0.038 0.024 0.027 0.029  A 153519
   3589.67093 10.966 10.919 10.961 10.964 10.970    0.046 0.083 0.038 0.039 0.040  B 153854
   3591.77614 10.909 10.821 10.927 10.925 10.932    0.039 0.077 0.034 0.037 0.041  A 154230
   3595.63133 11.102 11.042 11.063 11.043 10.984    0.097 0.087 0.116 0.145 0.179  D 154827
   3597.67027 10.963 10.903 10.968 10.972 10.978    0.033 0.051 0.030 0.033 0.035  A 155139
   3603.66332 11.099 11.113 11.098 11.105 11.106    0.027 0.034 0.027 0.032 0.036  A 155891
   3606.66279 11.258 11.271 11.248 11.244 11.241    0.047 0.049 0.050 0.058 0.067  B 156206
   3616.60083 11.416 11.385 11.415 11.410 11.400    0.029 0.031 0.025 0.028 0.032  A 157045
   3618.73424 11.493 11.551 11.493 11.492 11.492    0.042 0.065 0.038 0.041 0.045  A 157315
   3621.53314 11.522 11.473 11.541 11.558 11.592    0.037 0.044 0.040 0.050 0.059  A 157703
   3624.58230 11.462 11.455 11.469 11.469 11.485    0.030 0.032 0.024 0.027 0.031  A 158026
   3629.56311 11.463 11.456 11.455 11.455 11.476    0.032 0.039 0.031 0.037 0.043  A 158590
   3631.56319 11.415 11.416 11.403 11.400 11.411    0.029 0.032 0.031 0.038 0.044  A 158929
   3633.57942 11.387 11.460 11.406 11.435 11.436    0.036 0.064 0.032 0.038 0.043  A 159205
   3635.62956 99.999 99.999 99.999 99.999 99.999    0.051 0.052 0.056 0.064 0.073  C 159536
   3638.67246 11.283 11.306 11.305 11.309 11.312    0.040 0.064 0.037 0.040 0.045  A 159795
   3641.64594 11.227 11.246 11.243 11.240 11.236    0.038 0.051 0.026 0.029 0.032  A 160179
   3644.55310 11.210 11.222 11.203 11.198 11.192    0.043 0.061 0.042 0.049 0.057  A 160580
   3647.65522 11.140 11.111 11.130 11.130 11.126    0.029 0.032 0.025 0.027 0.031  A 160910
   3650.52697 11.091 11.089 11.078 11.084 11.091    0.033 0.054 0.030 0.034 0.038  A 161274
   3652.53388 11.133 11.170 11.132 11.140 11.149    0.041 0.065 0.037 0.040 0.045  A 161568
   3656.52306 11.126 11.152 11.114 11.105 11.105    0.039 0.068 0.035 0.039 0.044  A 162139
   3658.59502 11.155 11.198 11.156 11.174 11.166    0.040 0.066 0.038 0.044 0.049  A 162459
   3660.62079 11.090 11.116 11.101 11.111 11.116    0.039 0.055 0.038 0.045 0.052  A 162778
   3663.52401 11.092 11.093 11.106 11.130 11.153    0.037 0.063 0.034 0.037 0.042  A 163173
   3665.56039 11.118 11.057 11.135 11.149 11.148    0.038 0.066 0.033 0.036 0.039  A 163480
   3669.55033 11.183 11.165 11.193 11.202 11.203    0.027 0.036 0.024 0.027 0.030  A 163944
   3671.58073 11.214 11.226 11.221 11.223 11.220    0.028 0.032 0.025 0.028 0.031  A 164244
   3674.56478 11.232 11.218 11.228 11.241 11.254    0.027 0.043 0.025 0.028 0.032  A 164667
   3677.54838 11.257 11.287 11.252 11.248 11.258    0.035 0.060 0.031 0.035 0.038  A 165095
   3703.51805 11.383 11.364 11.380 11.388 11.363    0.038 0.065 0.034 0.039 0.045  A 168387
   3806.90193 11.396 11.398 11.393 11.389 11.382    0.034 0.042 0.036 0.044 0.052  A 181559
   3822.89604 11.542 11.641 11.514 11.499 11.477    0.038 0.067 0.035 0.040 0.044  A 183989
   3826.89663 11.489 11.483 11.499 11.523 11.549    0.033 0.038 0.035 0.042 0.050  A 184660
   3830.88445 11.435 11.469 11.424 11.433 11.447    0.031 0.038 0.035 0.041 0.048  A 185328
   3834.88459 11.435 11.400 11.447 11.463 11.466    0.030 0.036 0.034 0.040 0.045  A 186029
   3849.87516 11.294 11.236 11.312 11.328 11.341    0.028 0.042 0.028 0.033 0.037  A 187177
   3852.91021 11.258 11.300 11.276 11.288 11.299    0.037 0.040 0.039 0.047 0.055  A 187699
   3856.86501 11.241 11.280 11.239 11.264 11.261    0.052 0.058 0.056 0.067 0.077  B 188311
   3859.87428 11.255 11.288 11.265 11.284 11.268    0.038 0.046 0.040 0.045 0.050  A 188748
   3862.85366 11.213 11.253 11.213 11.223 11.221    0.028 0.042 0.026 0.029 0.033  A 189269
   3865.83669 11.171 11.171 11.172 11.170 11.164    0.032 0.050 0.030 0.035 0.040  A 189770
   3867.87975 11.211 11.327 11.200 11.207 11.226    0.041 0.074 0.039 0.043 0.045  A 190104
   3869.86205 11.158 11.147 11.172 11.198 11.213    0.033 0.040 0.036 0.045 0.053  A 190445
   3871.86133 11.127 11.119 11.134 11.138 11.122    0.032 0.038 0.033 0.041 0.049  A 190816
   3875.88723 11.161 11.089 11.172 11.182 11.192    0.038 0.062 0.036 0.041 0.047  A 191254
   3882.82707 11.351 11.335 11.365 11.373 11.390    0.035 0.063 0.033 0.037 0.040  A 192156
   3886.86030 11.467 11.492 11.468 11.477 11.489    0.030 0.041 0.029 0.033 0.038  A 192546
   3889.80232 11.526 11.532 11.507 11.501 11.488    0.030 0.034 0.028 0.032 0.036  A 193042
   3893.84879 11.541 11.538 11.557 11.579 11.587    0.028 0.034 0.026 0.029 0.034  A 193780
   3896.84280 11.490 11.457 11.456 11.438 11.412    0.035 0.037 0.034 0.041 0.047  A 194102
   3902.81465 11.376 11.405 11.370 11.377 11.380    0.029 0.039 0.029 0.034 0.039  A 195092
   3904.83796 11.419 11.438 11.431 11.440 11.461    0.034 0.056 0.032 0.035 0.039  A 195480
   3906.89225 11.380 11.461 11.382 11.387 11.370    0.041 0.077 0.035 0.039 0.042  A 195877
   3909.75502 11.251 11.287 11.250 11.247 11.251    0.028 0.044 0.028 0.031 0.034  A 196415
   3913.77397 11.177 11.205 11.165 11.179 11.190    0.036 0.072 0.033 0.034 0.036  A 196981
   4181.90390 11.418 11.411 11.426 11.433 11.427    0.051 0.055 0.055 0.067 0.078  B 219204
   4185.90620 11.352 11.376 11.343 11.335 11.344    0.038 0.051 0.040 0.048 0.057  A 219783
   4190.90808 11.375 11.352 11.382 11.393 11.402    0.036 0.040 0.035 0.039 0.044  A 220328
   4194.87881 11.324 11.336 11.307 11.292 11.268    0.034 0.039 0.033 0.039 0.044  A 220960
   4204.88374 11.413 11.378 11.433 11.444 11.442    0.037 0.045 0.036 0.039 0.044  A 222035
   4216.89841 11.408 11.410 11.422 11.437 11.437    0.036 0.044 0.032 0.034 0.038  A 222959
   4230.91343 11.529 11.506 11.519 11.510 11.511    0.034 0.043 0.030 0.034 0.040  A 223782
   4233.85956 11.482 11.487 11.470 11.484 11.489    0.068 0.063 0.080 0.092 0.099  D 224294
   4245.85233 99.999 99.999 99.999 99.999 99.999    0.060 0.066 0.068 0.084 0.103  D 226111
   4247.82132 11.477 11.435 11.482 11.480 11.471    0.031 0.038 0.028 0.033 0.039  A 226467
   4253.81715 11.330 11.299 99.999 99.999 99.999    0.036 0.042 0.033 0.039 0.044  C 226909
   4273.77316 11.293 11.327 11.329 11.340 11.359    0.033 0.035 0.029 0.032 0.035  A 228541
   4278.75919 11.363 11.377 11.388 11.412 11.407    0.028 0.033 0.027 0.031 0.035  A 229192
   4285.76790 11.468 11.411 11.469 11.470 11.444    0.056 0.061 0.058 0.065 0.071  B 230025
   4289.76111 11.505 11.525 11.532 11.563 11.565    0.040 0.041 0.031 0.034 0.038  A 230379
   4291.76244 11.485 11.451 11.468 11.475 11.476    0.034 0.038 0.028 0.032 0.035  A 230729
   4293.74523 11.428 11.436 11.464 11.482 11.487    0.042 0.046 0.039 0.043 0.046  A 231091
   4295.75444 11.473 11.461 11.495 11.493 11.479    0.043 0.056 0.043 0.052 0.060  B 231434
   4297.75500 11.492 11.460 11.513 11.540 11.575    0.052 0.051 0.061 0.075 0.090  D 231785
   4299.73743 11.381 11.313 11.385 11.388 11.408    0.038 0.058 0.038 0.043 0.047  A 232151
   4301.69588 11.382 11.367 11.390 11.417 11.453    0.036 0.042 0.034 0.039 0.046  A 232488
   4303.70394 11.393 11.391 11.415 11.431 11.438    0.041 0.052 0.035 0.037 0.039  A 232788
   4305.69123 11.323 11.373 11.329 11.326 11.320    0.036 0.042 0.029 0.032 0.037  A 233151
   4307.67296 11.365 11.378 11.372 11.387 11.403    0.031 0.037 0.029 0.034 0.038  A 233489
   4312.69481 11.306 11.296 11.289 11.294 11.270    0.041 0.055 0.041 0.050 0.058  A 234243
   4315.69151 11.347 11.294 11.322 11.311 11.299    0.035 0.042 0.029 0.033 0.037  A 234586
   4329.64461 11.274 11.279 11.260 11.267 11.266    0.039 0.041 0.034 0.038 0.043  A 235138
   4331.63556 11.243 11.245 11.264 11.277 11.281    0.035 0.046 0.029 0.032 0.034  A 235493
   4333.60967 11.211 11.226 11.194 11.162 11.128    0.029 0.032 0.024 0.028 0.031  A 235846
   4336.59345 11.270 11.201 11.270 11.287 11.301    0.038 0.041 0.035 0.040 0.045  A 236193
   4340.61631 11.202 11.208 11.186 11.179 11.200    0.053 0.058 0.055 0.063 0.071  B 236759
   4342.61119 11.270 11.190 11.270 11.281 11.283    0.042 0.059 0.037 0.042 0.047  A 237088
   4344.61111 11.249 11.278 11.246 11.248 11.245    0.039 0.048 0.037 0.041 0.047  A 237430
   4346.61081 11.250 11.256 11.260 11.273 11.274    0.035 0.054 0.030 0.033 0.037  A 237770
   4348.61403 11.257 11.269 11.264 11.281 11.260    0.044 0.068 0.039 0.041 0.045  A 238125
   4350.61716 11.587 11.646 11.598 11.618 11.624    0.040 0.062 0.035 0.038 0.043  A 238442
   4353.56443 11.303 11.279 11.290 11.295 11.300    0.030 0.035 0.026 0.029 0.034  A 238833
   4355.65029 11.271 11.305 11.286 11.299 11.305    0.031 0.045 0.027 0.030 0.034  A 239177
   4357.66380 11.298 11.323 11.302 11.320 11.330    0.035 0.039 0.030 0.033 0.038  A 239472
   4359.69062 11.485 11.464 11.484 11.487 11.475    0.036 0.040 0.035 0.042 0.049  A 239815
   4362.53100 11.519 11.568 11.505 11.508 11.505    0.029 0.034 0.027 0.033 0.039  A 240138
   4367.55180 11.448 11.469 11.447 11.471 11.474    0.038 0.047 0.035 0.041 0.049  A 240815
   4369.58137 11.629 11.537 11.620 11.617 11.603    0.046 0.051 0.044 0.051 0.060  A 241123
   4371.59962 11.541 11.470 11.542 11.556 11.537    0.043 0.066 0.039 0.044 0.050  A 241458
   4373.61259 11.588 11.539 11.591 11.593 11.582    0.040 0.064 0.035 0.039 0.043  A 241756
   4376.60225 11.633 11.530 11.635 11.647 11.650    0.033 0.044 0.029 0.032 0.036  A 242109
   4378.61835 11.523 11.496 11.550 11.565 11.572    0.041 0.059 0.039 0.044 0.051  A 242414
   4380.65218 11.587 11.580 11.582 11.569 11.574    0.040 0.052 0.038 0.044 0.049  A 242724
   4382.66185 11.548 11.533 11.556 11.566 11.578    0.032 0.038 0.028 0.032 0.036  A 243032
   4385.55031 11.514 11.557 11.515 11.522 11.516    0.035 0.043 0.028 0.031 0.035  A 243460
   4387.55399 11.521 11.544 11.513 11.514 11.505    0.036 0.048 0.029 0.031 0.034  A 243779
   4389.54018 11.451 11.481 11.465 11.503 11.506    0.039 0.041 0.035 0.040 0.044  A 244073
   4399.59414 11.292 11.311 11.304 11.319 11.338    0.046 0.058 0.048 0.058 0.069  B 244818
   4403.53562 11.334 11.365 11.330 11.332 11.324    0.034 0.055 0.029 0.032 0.036  A 245227
   4407.53570 11.293 11.278 11.288 11.282 11.276    0.033 0.038 0.029 0.032 0.036  A 245544
   4410.55406 11.348 11.360 11.354 11.364 11.367    0.036 0.050 0.034 0.040 0.046  A 245942
   4422.53757 11.479 11.447 11.497 11.523 11.554    0.042 0.067 0.039 0.044 0.049  A 246624
   4426.53811 11.615 11.631 11.605 11.619 11.633    0.045 0.058 0.047 0.055 0.064  B 246914
   4430.51994 11.684 11.670 11.724 11.762 11.767    0.040 0.052 0.040 0.047 0.054  A 247381
   4552.89518 11.279 11.274 11.286 11.282 11.293    0.031 0.039 0.029 0.033 0.038  A 262334
   4559.89004 11.432 11.426 11.428 11.422 11.416    0.032 0.038 0.031 0.036 0.041  A 263439
   4563.88207 11.463 11.403 11.477 11.487 11.503    0.037 0.050 0.036 0.041 0.046  A 264105
   4567.87872 11.508 11.517 11.513 11.530 11.559    0.033 0.042 0.032 0.035 0.040  A 264772
   4571.87486 11.512 11.505 11.513 11.528 11.534    0.037 0.046 0.031 0.035 0.040  A 265414
   4574.88640 11.492 11.470 11.493 11.493 11.508    0.031 0.037 0.030 0.034 0.039  A 265920
