#ndata= 34
#dataset= 1 ; 1 F2000-40_152
#desig= 200848-3410.0
#cra=   20.146560  20:08:47.6
#cdec= -34.166036 -34:09:57.7
#class= 0
#cmag_0= 12.459
#cmer_0=  0.092
#nskip_0= 0
#cmag_1= 12.482
#cmer_1=  0.086
#nskip_1= 0
#cmag_2= 12.452
#cmer_2=  0.086
#nskip_2= 0
#cmag_3= 12.405
#cmer_3=  0.087
#nskip_3= 0
#cmag_4= 12.368
#cmer_4=  0.083
#nskip_4= 0
#ra=   20.146560  20:08:47.6
#dec= -34.166036 -34:09:57.7
#     HJD      MAG_0  MAG_1  MAG_2  MAG_3  MAG_4    MER_0 MER_1 MER_2 MER_3 MER_4 GRADE FRAME
   2135.61051 12.600 12.616 12.571 12.561 12.466    0.045 0.030 0.029 0.033 0.036  A 29414
   2140.59266 12.585 12.573 12.556 12.509 12.482    0.061 0.037 0.034 0.036 0.039  A 30164
   2141.60604 12.677 12.754 12.670 12.622 12.535    0.034 0.026 0.023 0.026 0.029  A 30382
   2143.59638 12.606 12.665 12.623 12.531 12.477    0.036 0.026 0.022 0.025 0.027  A 30783
   2144.58749 12.681 12.641 12.627 12.597 12.519    0.054 0.036 0.031 0.035 0.037  A 30982
   2145.58741 12.551 12.621 12.539 12.483 12.424    0.037 0.028 0.026 0.028 0.031  A 31189
   3590.47318 12.475 12.439 12.389 12.317 12.298    0.049 0.034 0.033 0.037 0.041  A 153957
   3590.47653 12.402 12.383 12.340 12.278 12.249    0.042 0.032 0.030 0.034 0.038  A 153958
   3590.47979 12.498 12.543 12.512 12.464 12.408    0.040 0.028 0.028 0.032 0.036  A 153959
   3590.48303 12.475 12.474 12.444 12.433 12.452    0.039 0.029 0.029 0.032 0.036  A 153960
   3590.48541 12.502 12.546 12.530 12.469 12.456    0.039 0.029 0.030 0.033 0.037  A 153961
   3590.48877 12.469 12.431 12.419 12.374 12.329    0.052 0.029 0.030 0.034 0.037  A 153962
   3590.49203 12.331 12.364 12.343 12.315 12.303    0.038 0.028 0.029 0.031 0.035  A 153963
   3590.49440 12.421 12.391 12.368 12.361 12.358    0.044 0.032 0.031 0.035 0.040  A 153964
   3590.49779 12.375 12.426 12.408 12.366 12.321    0.041 0.029 0.029 0.033 0.037  A 153965
   3590.50017 12.400 12.439 12.389 12.324 12.313    0.043 0.030 0.029 0.032 0.035  A 153966
   3590.50267 12.488 12.493 12.470 12.388 12.337    0.046 0.031 0.029 0.033 0.036  A 153967
   3590.50515 12.392 12.425 99.999 99.999 99.999    0.035 0.029 0.028 0.033 0.037  C 153968
   3590.50768 12.385 12.444 12.428 12.391 12.383    0.040 0.030 0.028 0.032 0.036  A 153969
   3590.51102 12.482 12.506 12.517 12.484 12.437    0.048 0.027 0.027 0.031 0.034  A 153970
   3590.51792 12.479 12.466 12.408 12.321 12.257    0.086 0.048 0.041 0.043 0.046  B 153972
   3590.52502 12.360 12.423 12.394 12.345 12.289    0.069 0.039 0.034 0.036 0.041  B 153974
   3590.53200 12.383 12.469 12.437 12.360 12.304    0.070 0.039 0.034 0.036 0.040  B 153976
   3590.53861 12.455 12.525 12.510 12.443 12.442    0.085 0.046 0.040 0.042 0.045  B 153978
   3590.55290 12.532 12.510 12.496 12.467 12.402    0.076 0.044 0.037 0.039 0.041  B 153983
   3590.56875 99.999 99.999 99.999 99.999 99.999    0.067 0.040 0.036 0.037 0.039  C 153988
   3590.59754 12.365 12.413 12.386 12.341 12.296    0.048 0.033 0.029 0.033 0.036  A 153998
   3590.62874 12.456 12.427 12.389 12.348 12.297    0.079 0.041 0.035 0.036 0.038  B 154008
   3590.65706 12.454 12.437 12.394 12.341 12.304    0.046 0.030 0.027 0.029 0.033  A 154018
   3590.68602 12.400 12.439 12.433 12.409 12.373    0.073 0.038 0.033 0.036 0.039  B 154028
   3590.71625 12.380 12.470 12.452 12.384 12.346    0.078 0.041 0.037 0.039 0.043  B 154038
   3590.74422 12.425 12.417 12.387 12.362 12.368    0.065 0.038 0.033 0.035 0.038  A 154048
   3590.77484 12.359 12.376 12.365 12.311 12.286    0.065 0.039 0.033 0.036 0.037  A 154058
   3590.80425 12.461 12.483 12.469 12.431 12.407    0.058 0.038 0.033 0.036 0.039  A 154068
#ndata= 1
#dataset= 2 ; 1 F2040-40_153
#desig= 200848-3409.9
#cra=   20.146660  20:08:48.0
#cdec= -34.165693 -34:09:56.5
#class= 0
#cmag_0= 13.045
#cmer_0=  0.000
#nskip_0= 0
#cmag_1= 13.102
#cmer_1=  0.000
#nskip_1= 0
#cmag_2= 13.078
#cmer_2=  0.000
#nskip_2= 0
#cmag_3= 12.994
#cmer_3=  0.000
#nskip_3= 0
#cmag_4= 12.944
#cmer_4=  0.000
#nskip_4= 0
#ra=   20.146660  20:08:48.0
#dec= -34.165693 -34:09:56.5
#     HJD      MAG_0  MAG_1  MAG_2  MAG_3  MAG_4    MER_0 MER_1 MER_2 MER_3 MER_4 GRADE FRAME
   3450.89679 13.045 13.102 13.078 12.994 12.945    0.049 0.043 0.043 0.047 0.050  A 135345
#ndata= 1
#dataset= 3 ; 1 F1800-32_188
#desig= 200848-3410.0
#cra=   20.146669  20:08:48.0
#cdec= -34.166224 -34:09:58.4
#class= 0
#cmag_0= 12.672
#cmer_0=  0.000
#nskip_0= 0
#cmag_1= 12.709
#cmer_1=  0.000
#nskip_1= 0
#cmag_2= 12.714
#cmer_2=  0.000
#nskip_2= 0
#cmag_3= 12.669
#cmer_3=  0.000
#nskip_3= 0
#cmag_4= 12.641
#cmer_4=  0.000
#nskip_4= 0
#ra=   20.146669  20:08:48.0
#dec= -34.166224 -34:09:58.4
#     HJD      MAG_0  MAG_1  MAG_2  MAG_3  MAG_4    MER_0 MER_1 MER_2 MER_3 MER_4 GRADE FRAME
   3580.67941 12.672 12.710 12.714 12.670 12.642    0.042 0.038 0.039 0.040 0.041  A 152309
#ndata= 116
#dataset= 4 ; 1 F1948-32_191
#desig= 200848-3410.1
#cra=   20.146545  20:08:47.6
#cdec= -34.168421 -34:10:06.3
#class= 0
#cmag_0= 12.775
#cmer_0=  0.238
#nskip_0= 0
#cmag_1= 12.780
#cmer_1=  0.232
#nskip_1= 0
#cmag_2= 12.759
#cmer_2=  0.234
#nskip_2= 0
#cmag_3= 12.732
#cmer_3=  0.233
#nskip_3= 0
#cmag_4= 12.671
#cmer_4=  0.226
#nskip_4= 0
#ra=   20.146545  20:08:47.6
#dec= -34.168421 -34:10:06.3
#     HJD      MAG_0  MAG_1  MAG_2  MAG_3  MAG_4    MER_0 MER_1 MER_2 MER_3 MER_4 GRADE FRAME
   2128.58594 12.480 12.462 12.452 12.440 12.397    0.054 0.033 0.029 0.031 0.034  A 27915
   2130.61657 12.513 12.527 12.485 12.473 12.401    0.048 0.032 0.028 0.030 0.033  A 28359
   2163.53884 29.999 29.999 29.999 29.999 29.999    0.072 0.054 0.057 0.069 0.081  C 31843
   2198.54833 12.856 12.871 12.814 12.768 12.692    0.049 0.036 0.029 0.032 0.035  A 36277
   2216.49599 12.964 12.962 12.941 12.868 12.775    0.050 0.040 0.033 0.036 0.037  A 38513
   2473.64440 12.674 12.699 12.729 12.750 12.715    0.036 0.034 0.028 0.032 0.031  A 12685
   2481.63292 29.999 29.999 29.999 29.999 29.999    0.052 0.047 0.042 0.048 0.046  C 12994
   2491.62497 12.808 12.829 12.789 12.812 12.731    0.047 0.039 0.033 0.039 0.035  A 14232
   2495.61396 12.605 12.701 12.677 12.641 12.596    0.037 0.035 0.029 0.035 0.030  A 14790
   2502.60582 12.795 12.773 12.770 12.787 12.724    0.037 0.035 0.029 0.033 0.028  A 16205
   2523.72682 29.999 29.999 29.999 29.999 29.999    0.060 0.063 0.067 0.080 0.091  D 18520
   2529.54663 12.442 12.505 12.501 12.514 12.540    0.058 0.049 0.042 0.045 0.044  A 19037
   2556.55759 13.153 13.153 13.182 13.220 13.173    0.075 0.062 0.050 0.052 0.053  B 21658
   2802.90095 29.999 29.999 29.999 29.999 29.999    0.051 0.058 0.064 0.078 0.093  D 58824
   2818.92216 12.863 12.860 12.836 12.846 12.819    0.029 0.029 0.024 0.028 0.030  A 61189
   2874.79308 12.939 12.877 12.811 12.748 12.702    0.032 0.036 0.033 0.035 0.036  A 68427
   2880.76522 29.999 29.999 29.999 29.999 29.999    0.050 0.055 0.059 0.069 0.078  C 69418
   2923.53016 13.040 13.051 13.074 13.011 12.942    0.031 0.032 0.027 0.030 0.033  A 75411
   2950.55337 12.687 12.724 12.756 12.723 12.668    0.030 0.029 0.031 0.037 0.043  A 79414
   2972.51891 13.111 13.081 13.003 12.888 12.736    0.030 0.029 0.029 0.034 0.038  A 82340
   3075.89548 12.381 12.366 12.324 12.267 12.211    0.031 0.030 0.028 0.032 0.036  A 94223
   3178.73482 29.999 29.999 29.999 29.999 29.999    0.028 0.028 0.030 0.036 0.041  C 107085
   3190.75676 12.955 12.992 12.892 12.815 12.679    0.037 0.047 0.040 0.046 0.052  A 108643
   3673.58619 12.634 12.665 12.603 12.532 12.469    0.040 0.029 0.025 0.027 0.030  A 164529
#dataset= 4 ; 2 F1948-32_191
#desig= 200848-3409.9
#cra=   20.146805  20:08:48.5
#cdec= -34.165751 -34:09:56.7
#class= 0
#cmag_0= 12.815
#cmer_0=  0.164
#nskip_0= 1
#cmag_1= 12.811
#cmer_1=  0.162
#nskip_1= 1
#cmag_2= 12.785
#cmer_2=  0.158
#nskip_2= 0
#cmag_3= 12.750
#cmer_3=  0.158
#nskip_3= 0
#cmag_4= 12.699
#cmer_4=  0.159
#nskip_4= 0
#ra=   20.146805  20:08:48.5
#dec= -34.165751 -34:09:56.7
#     HJD      MAG_0  MAG_1  MAG_2  MAG_3  MAG_4    MER_0 MER_1 MER_2 MER_3 MER_4 GRADE FRAME
   2064.81193 12.499 12.456 12.459 12.560 12.775    0.067 0.041 0.040 0.047 0.054  A 21620
   2129.60756 12.538 12.514 12.495 12.469 12.410    0.044 0.029 0.026 0.028 0.031  A 28141
   2132.60609 12.620 12.615 12.614 12.569 12.481    0.052 0.029 0.026 0.029 0.033  A 28772
   2169.52522 12.843 12.820 12.780 12.736 12.675    0.048 0.032 0.027 0.030 0.033  A 32392
   2172.51656 12.798 12.819 12.763 12.716 12.670    0.052 0.037 0.032 0.034 0.036  A 32742
   2180.50597 12.564 12.587 12.596 12.525 12.461    0.053 0.040 0.034 0.038 0.041  A 33734
   2184.48364 12.593 12.594 12.596 12.588 12.481    0.057 0.040 0.034 0.037 0.038  A 34013
   2187.49904 12.590 12.690 12.713 12.662 12.588    0.040 0.031 0.026 0.029 0.031  A 34491
   2190.50270 12.593 12.594 12.589 12.571 12.527    0.046 0.034 0.028 0.031 0.032  A 34881
   2192.54319 12.729 12.685 12.639 12.619 12.585    0.040 0.032 0.027 0.029 0.032  A 35248
   2194.54897 12.800 12.802 12.739 12.686 12.656    0.042 0.033 0.028 0.030 0.032  A 35612
   2196.56019 12.715 12.752 12.725 12.724 12.731    0.053 0.035 0.028 0.033 0.035  A 35928
   2202.50848 12.790 12.842 12.901 12.880 12.759    0.046 0.038 0.029 0.032 0.035  A 36856
   2207.49686 13.135 13.050 13.035 13.018 12.954    0.048 0.040 0.036 0.040 0.044  A 37600
   2212.54906 13.090 13.054 13.032 12.998 12.905    0.058 0.042 0.034 0.037 0.042  A 37882
   2219.52391 12.999 13.047 13.030 13.005 12.982    0.050 0.040 0.032 0.035 0.037  A 38866
   2224.50954 12.919 12.874 12.831 12.819 12.785    0.049 0.040 0.032 0.034 0.035  A 39294
   2228.50271 12.702 12.723 12.768 12.744 12.658    0.053 0.047 0.038 0.042 0.043  A 39923
   2442.72474 12.880 12.901 12.864 12.836 12.807    0.028 0.030 0.023 0.026 0.025  A 8523
   2443.71996 12.860 12.836 12.779 12.747 12.700    0.024 0.029 0.023 0.027 0.026  A 8707
   2444.72870 12.920 12.932 12.895 12.829 12.775    0.032 0.028 0.021 0.022 0.023  A 8916
   2446.71787 13.037 13.109 13.073 13.006 12.840    0.029 0.030 0.022 0.022 0.024  A 9291
   2464.67583 12.984 13.082 13.018 12.963 12.942    0.032 0.031 0.024 0.027 0.026  A 10854
   2465.67278 12.738 12.798 12.763 12.708 12.653    0.030 0.031 0.025 0.028 0.027  A 11073
   2466.67240 12.982 12.981 12.924 12.867 12.810    0.028 0.028 0.022 0.025 0.023  A 11291
   2467.66487 12.966 13.020 12.949 12.863 12.754    0.024 0.027 0.020 0.020 0.021  A 11507
   2468.69438 12.950 12.967 12.924 12.870 12.805    0.032 0.032 0.025 0.026 0.026  A 11737
   2474.68444 12.788 12.756 12.702 12.711 12.694    0.037 0.037 0.030 0.033 0.032  A 12869
   2486.62215 12.625 12.724 12.690 12.628 12.572    0.046 0.038 0.032 0.036 0.035  A 13314
   2487.65497 12.456 12.482 12.540 12.573 12.532    0.066 0.055 0.046 0.050 0.052  B 13487
   2489.65351 12.645 12.619 12.588 12.577 12.538    0.033 0.034 0.028 0.031 0.033  A 13853
   2493.60916 12.646 12.582 12.550 12.533 12.540    0.035 0.033 0.027 0.030 0.028  A 14460
   2494.61008 11.901 12.093 12.225 12.370 12.442    0.070 0.065 0.064 0.072 0.076  D 14651
   2497.60681 12.747 12.694 12.642 12.580 12.517    0.030 0.030 0.023 0.026 0.025  A 15211
   2498.59717 12.645 12.663 12.621 12.586 12.555    0.031 0.031 0.025 0.028 0.027  A 15418
   2499.60199 12.835 12.810 12.786 12.734 12.667    0.030 0.030 0.022 0.025 0.025  A 15631
   2501.59904 12.690 12.693 12.659 12.644 12.595    0.031 0.031 0.024 0.026 0.025  A 15991
   2503.60822 12.719 12.753 12.752 12.741 12.682    0.036 0.037 0.032 0.038 0.032  A 16410
   2526.49975 12.857 12.830 12.792 12.750 12.722    0.030 0.022 0.021 0.024 0.027  A 18785
   2543.64994 12.822 12.784 12.744 12.747 12.759    0.035 0.035 0.033 0.038 0.042  A 19900
   2551.55883 12.863 12.849 12.931 12.960 12.974    0.078 0.058 0.050 0.055 0.056  B 20926
   2562.49953 13.009 12.987 12.976 12.908 12.889    0.030 0.032 0.024 0.026 0.029  A 22676
   2563.56250 12.994 13.090 13.085 13.078 12.996    0.035 0.029 0.025 0.026 0.027  A 22882
   2578.55791 12.550 12.558 12.576 12.576 12.497    0.031 0.032 0.025 0.026 0.025  A 24913
   2579.56195 12.634 12.582 12.567 12.497 12.394    0.036 0.037 0.029 0.029 0.029  A 25078
   2738.87697 12.923 12.868 12.863 12.851 12.807    0.026 0.025 0.022 0.023 0.025  A 49696
   2747.89641 29.999 29.999 29.999 29.999 29.999    0.036 0.041 0.041 0.048 0.056  C 51113
   2758.89701 12.666 12.685 12.662 12.628 12.663    0.028 0.026 0.023 0.026 0.028  A 53127
   2782.88771 12.714 12.705 12.660 12.606 12.567    0.034 0.021 0.019 0.021 0.023  A 55813
   2784.79881 12.832 12.705 12.536 12.510 12.496    0.030 0.032 0.030 0.035 0.039  A 56201
   2808.82086 12.958 12.961 12.927 12.888 12.840    0.037 0.026 0.025 0.027 0.030  A 59372
   2814.86581 12.871 12.920 12.842 12.777 12.695    0.041 0.037 0.028 0.029 0.031  A 60747
   2821.69950 12.772 12.790 12.770 12.740 12.629    0.027 0.029 0.025 0.029 0.029  A 61759
   2830.78565 12.828 12.735 12.729 12.669 12.634    0.028 0.031 0.026 0.029 0.030  A 62566
   2835.71705 12.616 12.620 12.570 12.508 12.477    0.031 0.031 0.028 0.032 0.036  A 63568
   2851.67491 12.947 12.909 12.861 12.791 12.738    0.021 0.024 0.019 0.023 0.024  A 65455
   2864.76810 29.999 29.999 29.999 29.999 29.999    0.069 0.073 0.082 0.103 0.122  D 67416
   2867.57518 12.956 12.926 12.912 12.904 12.890    0.026 0.026 0.021 0.024 0.026  A 67734
   2872.61494 12.874 12.880 12.870 12.843 12.769    0.022 0.024 0.019 0.020 0.022  A 68151
   2876.67298 12.980 12.949 12.911 12.840 12.722    0.027 0.024 0.021 0.022 0.024  A 68775
   2883.60025 12.956 12.986 12.952 12.831 12.754    0.035 0.023 0.019 0.021 0.022  A 69610
   2884.76205 12.951 12.970 13.000 12.968 12.883    0.030 0.030 0.028 0.032 0.034  A 69870
   2886.55497 12.925 12.856 12.786 12.742 12.678    0.023 0.025 0.019 0.022 0.025  A 70200
   2892.61207 13.068 12.936 12.846 12.783 12.830    0.040 0.033 0.032 0.032 0.035  A 70665
   2893.70154 12.737 12.783 12.743 12.642 12.541    0.050 0.041 0.045 0.055 0.064  B 70906
   2897.67558 12.869 12.864 12.809 12.797 12.769    0.028 0.025 0.024 0.026 0.028  A 71687
   2902.49514 12.933 12.879 12.871 12.853 12.735    0.028 0.032 0.027 0.032 0.031  A 72448
   2904.70391 29.999 29.999 29.999 29.999 29.999    0.064 0.069 0.077 0.088 0.101  D 72884
   2908.51126 99.999 99.999 99.999 99.999 99.999    0.025 0.028 0.024 0.023 0.025  C 73375
   2917.52363 12.812 12.914 12.869 12.772 12.819    0.031 0.044 0.033 0.038 0.036  A 74717
   2926.53764 13.046 13.010 12.969 12.939 12.837    0.033 0.027 0.026 0.030 0.035  A 75775
   2928.53835 13.087 13.097 13.031 12.953 12.861    0.035 0.035 0.032 0.036 0.041  A 76149
   2930.54679 13.081 13.013 99.999 99.999 99.999    0.036 0.037 0.025 0.026 0.028  C 76504
   2932.54757 12.933 12.838 12.782 12.717 12.667    0.039 0.033 0.025 0.026 0.029  A 76861
   2934.54297 13.052 12.979 12.923 12.837 12.785    0.040 0.034 0.026 0.029 0.030  A 77209
   2936.54188 29.999 29.999 29.999 29.999 29.999    0.078 0.082 0.089 0.106 0.120  D 77562
   2939.54897 12.955 12.931 12.914 12.862 12.790    0.034 0.026 0.024 0.025 0.028  A 77779
   2945.51989 12.786 12.908 12.857 12.907 12.958    0.047 0.052 0.037 0.040 0.042  B 78655
   2955.53442 12.663 12.660 12.613 12.556 12.442    0.030 0.027 0.027 0.032 0.036  A 80048
   2957.54594 12.659 12.657 12.663 12.666 12.663    0.026 0.025 0.025 0.029 0.033  A 80341
   2967.53013 29.999 29.999 29.999 29.999 29.999    0.075 0.080 0.087 0.102 0.118  D 81727
   3071.89731 12.570 12.605 12.590 12.524 12.415    0.036 0.036 0.038 0.044 0.051  A 93715
   3109.86053 12.761 12.761 12.735 12.688 12.616    0.042 0.040 0.040 0.045 0.050  A 98767
   3153.84227 12.880 12.857 12.820 12.758 12.648    0.028 0.025 0.023 0.027 0.030  A 103831
   3166.74893 99.999 99.999 99.999 99.999 99.999    0.026 0.025 0.024 0.027 0.031  C 105443
   3171.87555 12.988 12.996 13.069 13.155 13.069    0.034 0.035 0.039 0.047 0.055  A 106258
   3175.86688 12.858 12.873 12.836 12.776 12.708    0.028 0.027 0.025 0.029 0.032  A 106663
   3180.79477 12.754 12.811 12.799 12.787 12.763    0.026 0.024 0.024 0.027 0.030  A 107394
   3183.76088 12.798 12.766 12.683 12.556 12.413    0.029 0.027 0.028 0.034 0.041  A 107693
   3194.92177 12.744 12.731 12.731 12.680 12.589    0.033 0.031 0.031 0.037 0.041  A 109155
   3582.82443 12.547 12.555 12.575 12.565 12.521    0.069 0.041 0.037 0.043 0.046  A 152711
   3640.68603 12.791 12.778 12.732 12.663 12.648    0.040 0.030 0.028 0.032 0.037  A 160029
#ndata= 392
#dataset= 5 ; 1 F2024-32_192
#desig= 200849-3410.0
#cra=   20.147071  20:08:49.5
#cdec= -34.167174 -34:10:01.8
#class= 0
#cmag_0= 12.977
#cmer_0=  0.746
#nskip_0= 0
#cmag_1= 12.910
#cmer_1=  0.624
#nskip_1= 0
#cmag_2= 12.801
#cmer_2=  0.378
#nskip_2= 0
#cmag_3= 12.720
#cmer_3=  0.225
#nskip_3= 0
#cmag_4= 12.630
#cmer_4=  0.150
#nskip_4= 0
#ra=   20.147071  20:08:49.5
#dec= -34.167174 -34:10:01.8
#     HJD      MAG_0  MAG_1  MAG_2  MAG_3  MAG_4    MER_0 MER_1 MER_2 MER_3 MER_4 GRADE FRAME
   2454.78428 29.999 29.999 29.999 29.999 29.999    0.075 0.075 0.073 0.086 0.100  D 9914
   2487.65497 12.451 12.470 12.534 12.561 12.524    0.064 0.053 0.046 0.049 0.051  B 13487
   2503.62889 29.999 29.999 29.999 29.999 29.999    0.062 0.060 0.056 0.066 0.064  C 16419
   2727.86703 29.999 29.999 29.999 29.999 29.999    0.037 0.034 0.032 0.036 0.041  C 47754
   2897.67849 13.503 13.350 13.069 12.879 12.736    0.045 0.055 0.035 0.034 0.029  B 71688
   2918.55678 29.999 29.999 29.999 29.999 29.999    0.049 0.047 0.043 0.050 0.059  C 74862
#dataset= 5 ; 2 F2024-32_192
#desig= 200847-3409.8
#cra=   20.146473  20:08:47.3
#cdec= -34.163618 -34:09:49.0
#class= 0
#cmag_0= 12.975
#cmer_0=  0.274
#nskip_0= 0
#cmag_1= 12.968
#cmer_1=  0.257
#nskip_1= 0
#cmag_2= 12.928
#cmer_2=  0.250
#nskip_2= 0
#cmag_3= 12.863
#cmer_3=  0.230
#nskip_3= 0
#cmag_4= 12.776
#cmer_4=  0.191
#nskip_4= 0
#ra=   20.146473  20:08:47.3
#dec= -34.163618 -34:09:49.0
#     HJD      MAG_0  MAG_1  MAG_2  MAG_3  MAG_4    MER_0 MER_1 MER_2 MER_3 MER_4 GRADE FRAME
   2008.86738 12.645 12.687 12.647 12.612 12.614    0.065 0.056 0.048 0.057 0.057  B 15271
   2102.68298 29.999 29.999 29.999 29.999 29.999    0.060 0.039 0.038 0.043 0.049  C 25683
   2470.64990 13.200 13.249 13.180 13.086 12.970    0.030 0.029 0.024 0.029 0.023  A 11999
   2540.59576 12.487 12.424 12.390 12.432 12.450    0.071 0.056 0.048 0.053 0.050  B 19694
   2552.62876 29.999 29.999 29.999 29.999 29.999    0.066 0.059 0.053 0.057 0.060  C 21141
   2564.55821 29.999 29.999 29.999 29.999 29.999    0.034 0.033 0.028 0.031 0.032  C 23059
   2769.87738 29.999 29.999 29.999 29.999 29.999    0.063 0.073 0.069 0.080 0.087  D 54753
   2853.82529 29.999 29.999 29.999 29.999 29.999    0.041 0.043 0.043 0.050 0.059  C 65738
   2897.67849 13.237 13.293 13.182 13.049 12.937    0.045 0.055 0.035 0.034 0.029  B 71688
   2902.51401 29.999 29.999 29.999 29.999 29.999    0.023 0.027 0.019 0.022 0.023  C 72456
   3089.89035 29.999 29.999 29.999 29.999 29.999    0.041 0.040 0.043 0.047 0.053  C 95998
   3163.89676 29.999 29.999 29.999 29.999 29.999    0.030 0.028 0.030 0.035 0.042  C 105109
   3172.80464 12.915 12.828 12.819 12.802 12.695    0.037 0.042 0.038 0.045 0.053  A 106329
   3275.65660 29.999 29.999 29.999 29.999 29.999    0.050 0.045 0.050 0.063 0.076  C 116466
#dataset= 5 ; 3 F2024-32_192
#desig= 200848-3410.0
#cra=   20.146731  20:08:48.2
#cdec= -34.167145 -34:10:01.7
#class= 0
#cmag_0= 12.799
#cmer_0=  0.183
#nskip_0= 0
#cmag_1= 12.783
#cmer_1=  0.181
#nskip_1= 0
#cmag_2= 12.753
#cmer_2=  0.181
#nskip_2= 0
#cmag_3= 12.714
#cmer_3=  0.185
#nskip_3= 0
#cmag_4= 12.657
#cmer_4=  0.184
#nskip_4= 1
#ra=   20.146731  20:08:48.2
#dec= -34.167145 -34:10:01.7
#     HJD      MAG_0  MAG_1  MAG_2  MAG_3  MAG_4    MER_0 MER_1 MER_2 MER_3 MER_4 GRADE FRAME
   1874.52186 12.622 12.596 12.555 12.499 12.477    0.063 0.032 0.029 0.032 0.035  A 959
   1979.87827 12.771 12.737 12.674 12.576 12.521    0.049 0.045 0.040 0.046 0.043  A 12332
   1981.88802 12.717 12.759 12.766 12.733 12.645    0.044 0.040 0.034 0.038 0.037  A 12666
   1982.89594 12.758 12.673 12.691 12.664 12.492    0.047 0.044 0.039 0.044 0.040  A 12862
   1984.89066 12.657 12.704 12.701 12.649 12.573    0.051 0.043 0.038 0.046 0.041  A 13073
   1985.87249 12.640 12.676 12.698 12.742 12.720    0.046 0.041 0.036 0.041 0.037  A 13258
   1994.88238 12.883 12.920 12.881 12.883 12.829    0.052 0.045 0.039 0.047 0.043  A 13553
   1996.87763 12.693 12.773 12.797 12.784 12.732    0.059 0.047 0.039 0.046 0.047  A 13944
   1998.86973 12.800 12.674 12.651 12.596 12.495    0.059 0.049 0.043 0.053 0.052  B 14348
   2000.87193 12.733 12.697 12.750 12.787 12.767    0.052 0.045 0.039 0.047 0.044  A 14750
   2009.86708 12.572 12.523 12.496 12.514 12.534    0.072 0.059 0.052 0.060 0.060  B 15471
   2011.83159 12.492 12.457 12.435 12.439 12.400    0.069 0.057 0.050 0.060 0.060  B 15661
   2021.82284 12.618 12.655 12.652 12.678 12.624    0.086 0.065 0.049 0.054 0.053  D 16915
   2026.80211 12.784 12.761 12.711 12.652 12.607    0.049 0.029 0.028 0.032 0.035  A 17480
   2030.84608 12.901 12.844 12.765 12.724 12.684    0.041 0.025 0.023 0.027 0.030  A 17893
   2031.86468 12.916 12.863 12.831 12.768 12.745    0.055 0.029 0.027 0.030 0.034  A 18113
   2032.92619 12.840 12.846 12.802 12.752 12.633    0.053 0.025 0.024 0.028 0.031  A 18361
   2033.87581 12.925 12.869 12.813 12.803 12.747    0.053 0.030 0.028 0.030 0.033  A 18551
   2034.90742 12.887 12.957 13.014 13.012 12.883    0.049 0.029 0.026 0.029 0.032  A 18772
   2039.79853 13.058 13.068 13.033 13.032 12.988    0.067 0.032 0.030 0.034 0.038  A 19304
   2052.79532 12.747 12.770 12.790 12.781 12.675    0.055 0.032 0.028 0.029 0.032  A 19886
   2053.80895 12.685 12.716 12.723 12.748 12.737    0.064 0.033 0.029 0.031 0.033  A 20097
   2054.80762 12.678 12.633 12.623 12.632 12.685    0.071 0.037 0.033 0.035 0.037  A 20321
   2055.79615 12.733 12.698 12.649 12.574 12.490    0.064 0.031 0.029 0.031 0.033  A 20538
   2056.79286 12.694 12.671 12.627 12.627 12.610    0.066 0.032 0.029 0.031 0.034  A 20764
   2057.79378 12.596 12.592 12.550 12.498 12.412    0.051 0.028 0.026 0.030 0.032  A 20991
   2058.79246 12.598 12.630 12.615 12.583 12.530    0.061 0.029 0.025 0.028 0.031  A 21221
   2061.81607 12.619 12.568 12.573 12.519 12.425    0.061 0.034 0.031 0.033 0.036  A 21444
   2064.82717 12.385 12.401 12.320 12.244 12.149    0.073 0.055 0.061 0.076 0.090  D 21627
   2067.69525 12.579 12.552 12.505 12.520 12.467    0.072 0.035 0.033 0.036 0.040  A 21873
   2080.69125 12.474 12.501 12.483 12.437 12.382    0.064 0.031 0.028 0.030 0.032  A 22920
   2081.78227 12.554 12.509 12.481 12.493 12.462    0.040 0.028 0.024 0.028 0.031  A 23184
   2082.74695 12.608 12.571 12.495 12.394 12.329    0.067 0.034 0.029 0.030 0.032  A 23393
   2083.75285 12.483 12.483 12.543 12.612 12.539    0.061 0.040 0.044 0.054 0.060  B 23641
   2085.78325 12.587 12.603 12.566 12.513 12.437    0.042 0.029 0.024 0.026 0.030  A 23880
   2086.75100 12.654 12.625 12.584 12.535 12.439    0.047 0.025 0.023 0.025 0.028  A 24088
   2087.72627 12.780 12.743 12.713 12.650 12.583    0.063 0.030 0.026 0.029 0.032  A 24301
   2088.72755 12.696 12.662 12.615 12.555 12.509    0.065 0.033 0.029 0.030 0.033  A 24528
   2093.64475 12.816 12.861 12.845 12.797 12.704    0.059 0.030 0.027 0.030 0.033  A 24713
   2094.65169 13.022 13.037 12.977 12.897 12.840    0.066 0.035 0.032 0.035 0.038  A 25005
   2103.69636 13.088 13.038 12.974 12.873 12.837    0.054 0.029 0.026 0.028 0.033  A 25835
   2104.68947 13.046 12.966 12.896 12.857 12.789    0.044 0.028 0.024 0.027 0.030  A 26030
   2105.68664 13.140 13.095 13.058 13.003 12.960    0.058 0.031 0.027 0.030 0.033  A 26250
   2106.69318 13.007 13.009 12.952 12.862 12.762    0.044 0.028 0.023 0.025 0.028  A 26457
   2114.71031 12.743 12.791 12.776 12.739 12.689    0.042 0.029 0.025 0.027 0.029  A 26691
   2115.67934 12.792 12.782 12.759 12.744 12.724    0.035 0.027 0.024 0.026 0.030  A 26881
   2116.65936 12.765 12.755 12.764 12.732 12.638    0.043 0.030 0.025 0.028 0.032  A 27094
   2117.65746 12.707 12.741 12.687 12.618 12.558    0.048 0.032 0.026 0.028 0.032  A 27313
   2128.61799 12.523 12.564 12.525 12.513 12.469    0.062 0.036 0.030 0.033 0.034  A 27929
   2129.63999 12.488 12.490 12.488 12.471 12.422    0.054 0.031 0.027 0.028 0.031  A 28153
   2130.63255 12.582 12.583 12.596 12.596 12.606    0.046 0.029 0.025 0.028 0.030  A 28366
   2131.62965 12.527 12.540 12.551 12.567 12.550    0.051 0.029 0.024 0.027 0.028  A 28564
   2132.63739 12.595 12.543 12.503 12.492 12.452    0.049 0.028 0.023 0.025 0.027  A 28783
   2133.62305 12.522 12.544 12.518 12.493 12.446    0.039 0.026 0.023 0.025 0.028  A 28989
   2134.63183 12.492 12.547 12.564 12.561 12.514    0.044 0.030 0.025 0.026 0.029  A 29209
   2135.62664 12.663 12.731 12.719 12.680 12.623    0.041 0.029 0.026 0.027 0.031  A 29421
   2136.62619 12.511 12.569 12.560 12.549 12.505    0.038 0.030 0.024 0.026 0.027  A 29633
   2141.61100 12.612 12.605 12.608 12.578 12.519    0.049 0.033 0.028 0.030 0.032  A 30384
   2143.61106 12.706 12.637 12.574 12.514 12.495    0.045 0.026 0.023 0.027 0.030  A 30788
   2144.59697 12.693 12.677 12.685 12.677 12.635    0.046 0.028 0.025 0.029 0.032  A 30986
   2145.59690 12.647 12.704 12.709 12.683 12.593    0.047 0.029 0.027 0.030 0.033  A 31193
   2156.58840 12.909 13.034 13.076 13.163 13.146    0.048 0.039 0.033 0.036 0.041  A 31628
   2163.55514 29.999 29.999 29.999 29.999 29.999    0.069 0.067 0.076 0.096 0.114  D 31850
   2167.53934 12.921 12.937 12.927 12.868 12.753    0.049 0.033 0.027 0.031 0.034  A 32056
   2169.55310 12.898 12.854 12.802 12.749 12.692    0.045 0.033 0.027 0.029 0.032  A 32403
   2171.55703 12.769 12.746 12.683 12.588 12.551    0.051 0.038 0.033 0.037 0.041  A 32566
   2172.55969 12.867 12.883 12.873 12.847 12.798    0.048 0.033 0.027 0.029 0.032  A 32759
   2175.53434 12.756 12.730 12.718 12.701 12.630    0.050 0.037 0.030 0.033 0.036  A 33253
   2183.50415 12.618 12.695 12.719 12.684 12.660    0.039 0.037 0.029 0.032 0.034  A 33830
   2185.51520 12.661 12.684 12.645 12.566 12.421    0.043 0.032 0.027 0.030 0.033  A 34213
   2189.58283 12.549 12.489 12.490 12.477 12.397    0.044 0.038 0.031 0.033 0.034  A 34787
   2191.58556 12.617 12.621 12.595 12.568 12.521    0.049 0.036 0.028 0.031 0.033  A 35092
   2193.55150 12.728 12.735 12.732 12.701 12.666    0.039 0.031 0.025 0.027 0.030  A 35434
   2195.54138 12.780 12.746 12.698 12.637 12.558    0.045 0.034 0.028 0.031 0.034  A 35787
   2197.55291 12.832 12.787 12.715 12.621 12.550    0.044 0.034 0.028 0.029 0.032  A 36107
   2199.55155 12.828 12.791 12.706 12.628 12.613    0.047 0.037 0.029 0.031 0.032  A 36459
   2202.55722 12.897 12.881 12.908 12.862 12.765    0.052 0.040 0.034 0.036 0.039  A 36877
   2212.52465 13.061 13.083 13.044 13.045 12.889    0.049 0.038 0.031 0.035 0.036  A 37871
   2442.74721 12.852 12.928 12.906 12.897 12.820    0.037 0.040 0.034 0.035 0.037  A 8532
   2444.73964 12.991 12.991 12.973 12.920 12.839    0.029 0.029 0.021 0.021 0.023  A 8921
   2445.73288 13.158 13.112 13.077 13.081 12.991    0.032 0.031 0.022 0.022 0.024  A 9135
   2446.74681 12.953 12.923 12.938 12.890 12.814    0.032 0.032 0.023 0.023 0.025  A 9304
   2455.74533 13.077 12.991 12.887 12.845 12.793    0.034 0.036 0.029 0.032 0.035  A 9976
   2464.70051 12.886 12.940 12.917 12.877 12.789    0.029 0.030 0.022 0.024 0.022  A 10865
   2465.70202 13.026 12.905 12.860 12.810 12.754    0.028 0.029 0.022 0.026 0.023  A 11086
   2466.68814 13.004 13.014 12.953 12.896 12.856    0.026 0.030 0.021 0.021 0.021  A 11298
   2467.69409 12.878 12.876 12.859 12.821 12.749    0.025 0.026 0.018 0.019 0.019  A 11520
   2468.69438 12.947 12.957 12.915 12.863 12.797    0.038 0.039 0.031 0.034 0.035  A 11737
   2473.65797 12.744 12.762 12.720 12.667 12.608    0.032 0.033 0.029 0.034 0.027  A 12691
   2474.70022 12.994 12.943 12.925 12.857 12.791    0.032 0.034 0.026 0.030 0.028  A 12876
   2482.56101 12.634 12.640 12.646 12.664 12.644    0.051 0.044 0.039 0.045 0.041  A 13122
   2486.65164 12.591 12.560 12.589 12.583 12.560    0.044 0.039 0.032 0.034 0.033  A 13327
   2489.69293 12.726 12.690 12.681 12.633 12.583    0.028 0.031 0.023 0.024 0.026  A 13870
   2490.64524 12.546 12.546 12.570 12.547 12.529    0.045 0.041 0.036 0.044 0.040  A 14067
   2491.64089 12.634 12.599 12.572 12.563 12.601    0.044 0.038 0.033 0.038 0.036  A 14239
   2493.63860 12.630 12.641 12.605 12.553 12.517    0.036 0.035 0.028 0.033 0.028  A 14473
   2495.63231 12.701 12.673 12.638 12.638 12.558    0.032 0.032 0.027 0.032 0.028  A 14798
   2497.63642 12.586 12.564 12.578 12.542 12.431    0.030 0.031 0.024 0.025 0.025  A 15224
   2498.61999 12.668 12.595 12.648 12.637 12.645    0.028 0.030 0.024 0.027 0.026  A 15428
   2499.61803 12.783 12.768 12.685 12.663 12.614    0.027 0.030 0.022 0.024 0.023  A 15638
   2500.59038 12.700 12.673 12.663 12.631 12.576    0.026 0.030 0.021 0.021 0.021  A 15838
   2501.62632 12.814 12.734 12.715 12.680 12.634    0.028 0.029 0.023 0.026 0.025  A 16003
   2502.62417 12.762 12.737 12.740 12.728 12.668    0.035 0.034 0.029 0.034 0.031  A 16213
   2508.63562 12.997 13.123 13.171 13.135 13.018    0.044 0.044 0.037 0.041 0.040  A 16791
   2510.63100 12.972 12.917 12.892 12.825 12.755    0.030 0.032 0.024 0.027 0.029  A 16972
   2520.58700 12.974 12.965 12.959 12.905 12.791    0.024 0.025 0.018 0.019 0.021  A 18179
   2521.59668 12.991 13.042 12.935 12.849 12.763    0.027 0.022 0.018 0.018 0.020  A 18379
   2526.53678 12.938 12.954 12.927 12.837 12.717    0.032 0.032 0.028 0.033 0.036  A 18799
   2529.56597 12.835 12.779 12.752 12.712 12.680    0.057 0.044 0.037 0.043 0.039  A 19045
   2543.65744 12.525 12.577 12.567 12.470 12.444    0.046 0.046 0.045 0.052 0.057  B 19903
   2545.64807 12.899 12.798 12.771 12.747 12.684    0.036 0.026 0.022 0.021 0.022  A 20176
   2551.57105 29.999 29.999 29.999 29.999 29.999    0.069 0.054 0.047 0.051 0.053  C 20931
   2553.65281 13.044 12.986 12.935 12.879 12.866    0.030 0.033 0.023 0.023 0.024  A 21331
   2563.49187 99.999 99.999 99.999 99.999 99.999    0.033 0.031 0.025 0.027 0.028  C 22853
   2565.59518 12.981 12.945 12.915 12.869 12.779    0.035 0.031 0.025 0.026 0.028  A 23253
   2566.60751 13.069 13.023 99.999 99.999 99.999    0.029 0.028 0.025 0.028 0.031  C 23437
   2601.52706 12.657 12.718 12.742 12.758 12.708    0.030 0.028 0.023 0.026 0.028  A 27387
   2702.90070 12.559 12.607 12.659 12.602 12.499    0.043 0.047 0.047 0.057 0.065  B 43387
   2706.90152 12.444 12.403 12.395 12.399 12.328    0.034 0.031 0.028 0.032 0.036  A 44142
   2710.88914 12.831 12.791 12.655 12.600 12.565    0.031 0.029 0.028 0.031 0.035  A 44859
   2730.87601 12.821 12.831 12.811 12.809 12.751    0.028 0.025 0.022 0.023 0.026  A 48371
   2737.85934 12.821 12.775 12.709 12.648 12.624    0.028 0.025 0.023 0.025 0.026  A 49516
   2739.90630 12.757 12.787 12.739 12.718 12.681    0.027 0.026 0.025 0.026 0.028  A 49874
   2742.85094 12.868 12.707 12.663 12.657 12.579    0.032 0.030 0.028 0.032 0.036  A 50448
   2744.89674 12.845 12.769 12.703 12.631 12.527    0.031 0.037 0.032 0.038 0.039  A 50832
   2755.80773 12.746 12.670 12.653 12.609 12.568    0.022 0.021 0.019 0.021 0.023  A 52534
   2757.85514 12.711 12.754 12.746 12.692 12.630    0.026 0.028 0.023 0.029 0.031  A 52968
   2760.83050 12.687 12.635 12.675 12.697 12.562    0.027 0.027 0.027 0.030 0.035  A 53507
   2764.89764 12.529 12.602 12.502 12.410 12.372    0.036 0.028 0.027 0.032 0.036  A 54358
   2765.83048 12.696 12.651 12.606 12.538 12.484    0.022 0.021 0.019 0.021 0.023  A 54401
   2782.88936 12.689 12.745 12.634 12.522 12.435    0.032 0.026 0.021 0.023 0.025  A 55814
   2784.81182 12.653 12.570 12.580 12.548 12.508    0.027 0.028 0.023 0.023 0.025  A 56207
   2786.79979 12.774 12.763 12.728 12.693 12.646    0.025 0.027 0.020 0.021 0.024  A 56635
   2790.82286 12.840 12.807 12.755 12.746 12.773    0.024 0.030 0.023 0.023 0.025  A 57404
   2802.90276 29.999 29.999 29.999 29.999 29.999    0.078 0.088 0.100 0.123 0.148  D 58825
   2804.75344 29.999 29.999 29.999 29.999 29.999    0.030 0.039 0.032 0.035 0.040  C 59093
   2808.82273 13.143 13.121 13.075 13.052 13.017    0.029 0.030 0.024 0.028 0.030  A 59373
   2810.73956 12.912 12.960 13.011 13.007 12.928    0.027 0.029 0.020 0.022 0.024  A 59773
   2812.71981 12.925 12.939 12.888 12.804 12.785    0.024 0.025 0.021 0.023 0.026  A 60217
   2815.84823 12.939 12.859 12.802 12.718 12.655    0.032 0.038 0.029 0.032 0.031  A 60841
   2819.78344 12.911 12.872 12.858 12.859 12.786    0.026 0.028 0.022 0.025 0.027  A 61352
   2821.77903 12.795 12.770 12.740 12.693 12.666    0.022 0.024 0.018 0.021 0.023  A 61792
   2829.71567 12.726 12.758 12.718 12.657 12.607    0.028 0.030 0.025 0.027 0.030  A 62318
   2831.66933 12.721 12.723 12.689 12.650 12.619    0.030 0.035 0.026 0.029 0.030  A 62742
   2832.74124 12.621 12.614 12.545 12.475 12.421    0.025 0.029 0.023 0.027 0.030  A 63000
   2836.75169 12.655 12.589 12.523 12.474 12.421    0.029 0.028 0.028 0.033 0.038  A 63721
   2843.68804 12.728 12.725 12.683 12.636 12.588    0.026 0.028 0.024 0.027 0.030  A 64929
   2851.70067 12.963 12.899 12.815 12.735 12.670    0.022 0.025 0.020 0.022 0.024  A 65466
   2855.70966 12.820 12.856 12.839 12.798 12.710    0.040 0.044 0.041 0.044 0.048  A 66090
   2858.75141 13.023 13.010 12.989 12.976 12.902    0.027 0.024 0.019 0.022 0.025  A 66368
   2867.59133 13.122 13.061 12.998 12.880 12.783    0.027 0.026 0.021 0.024 0.025  A 67741
   2874.81555 12.922 12.825 12.818 12.841 12.771    0.031 0.027 0.027 0.030 0.032  A 68436
   2876.70843 12.903 12.898 12.867 12.826 12.761    0.064 0.041 0.030 0.036 0.031  A 68790
   2878.67221 12.859 12.844 12.811 12.765 12.758    0.026 0.026 0.023 0.027 0.029  A 69169
   2882.56919 13.033 12.985 12.838 12.835 12.892    0.032 0.032 0.028 0.032 0.035  A 69477
   2884.59770 12.933 12.860 12.856 12.841 12.768    0.026 0.028 0.022 0.024 0.025  A 69801
   2885.62238 12.729 12.811 12.795 12.728 12.652    0.026 0.033 0.021 0.024 0.023  A 70018
   2892.61492 12.871 12.948 12.989 12.901 12.741    0.048 0.038 0.026 0.029 0.032  A 70666
   2895.66703 13.078 12.990 12.960 12.910 12.830    0.027 0.029 0.024 0.026 0.028  A 71283
   2904.71817 12.838 12.852 12.935 13.005 12.945    0.047 0.049 0.048 0.053 0.059  B 72890
   2908.51424 12.902 12.878 12.840 12.790 12.662    0.026 0.033 0.022 0.023 0.024  A 73376
   2910.53430 13.096 13.058 13.000 12.899 12.784    0.026 0.027 0.021 0.023 0.024  A 73680
   2911.72369 13.058 13.094 13.078 13.015 12.964    0.026 0.023 0.020 0.022 0.025  A 73951
   2913.66108 12.991 12.996 12.969 12.951 12.869    0.031 0.029 0.024 0.026 0.028  A 74276
   2921.65890 13.156 13.104 13.113 13.140 13.107    0.030 0.031 0.034 0.041 0.049  A 75092
   2923.63638 13.014 12.961 12.894 12.874 12.849    0.027 0.025 0.025 0.029 0.034  A 75456
   2926.63220 12.976 12.947 12.963 12.974 12.955    0.026 0.026 0.024 0.026 0.029  A 75814
   2928.63196 13.025 13.030 13.052 13.040 12.951    0.030 0.025 0.025 0.029 0.033  A 76188
   2930.62933 12.935 12.966 12.950 12.950 12.920    0.031 0.027 0.025 0.027 0.029  A 76537
   2934.61656 13.084 13.042 12.986 12.954 12.888    0.023 0.024 0.022 0.025 0.028  A 77240
   2939.63549 12.883 12.774 12.776 12.723 12.634    0.036 0.034 0.030 0.032 0.032  A 77815
   2945.52289 12.739 12.647 12.626 12.626 12.574    0.046 0.045 0.037 0.041 0.041  A 78656
   2947.57291 12.810 12.719 12.701 12.667 12.659    0.045 0.035 0.032 0.034 0.038  A 78981
   2950.55657 12.728 12.676 12.601 12.505 12.513    0.032 0.033 0.035 0.042 0.047  A 79415
   2954.57934 12.737 12.735 12.611 12.546 12.580    0.028 0.026 0.028 0.032 0.037  A 79920
   2956.58056 12.876 12.721 12.611 12.580 12.527    0.027 0.025 0.024 0.028 0.030  A 80214
   2958.57928 12.703 12.602 12.572 12.584 12.512    0.032 0.033 0.035 0.039 0.042  A 80501
   2960.58035 12.760 12.799 12.807 12.798 12.722    0.031 0.031 0.030 0.035 0.038  A 80756
   2963.53890 13.076 13.072 13.030 12.997 12.950    0.029 0.027 0.026 0.029 0.032  A 81163
   2965.54884 13.215 13.224 13.257 13.288 13.226    0.026 0.028 0.026 0.029 0.033  A 81457
   2968.53117 13.237 13.220 13.159 13.060 13.065    0.034 0.029 0.027 0.031 0.034  A 81864
   2973.52739 13.125 13.074 13.055 12.993 12.886    0.029 0.027 0.026 0.030 0.034  A 82426
   2978.53137 13.109 13.170 13.132 13.010 12.900    0.031 0.030 0.032 0.038 0.045  A 83089
   3077.90262 12.629 12.639 12.667 12.717 12.755    0.035 0.034 0.035 0.040 0.047  A 94516
   3093.87876 99.999 99.999 99.999 99.999 99.999    0.028 0.028 0.027 0.030 0.035  C 96576
   3098.86642 12.902 12.972 12.993 13.007 12.849    0.035 0.034 0.033 0.037 0.041  A 97051
   3102.90544 12.884 12.899 12.815 12.806 12.701    0.027 0.028 0.028 0.032 0.037  A 97678
   3105.89057 13.064 12.969 12.956 12.946 13.099    0.029 0.027 0.027 0.031 0.035  A 98153
   3110.86077 12.836 12.899 12.889 12.796 12.748    0.030 0.026 0.026 0.030 0.033  A 98927
   3114.85942 12.944 12.868 12.803 12.764 12.745    0.027 0.024 0.024 0.027 0.030  A 99568
   3118.90464 13.014 12.947 12.858 12.805 12.746    0.028 0.032 0.029 0.031 0.035  A 100015
   3126.86432 12.764 12.711 12.675 12.666 12.628    0.025 0.024 0.024 0.028 0.031  A 100952
   3130.83433 12.767 12.820 12.728 12.592 12.542    0.033 0.032 0.033 0.038 0.043  A 101555
   3142.84255 12.844 12.849 12.813 12.732 12.633    0.026 0.027 0.023 0.026 0.030  A 103177
   3153.86636 12.784 12.733 12.661 12.623 12.571    0.026 0.024 0.022 0.025 0.029  A 103840
   3156.81998 12.985 12.958 12.896 12.827 12.799    0.028 0.025 0.024 0.029 0.034  A 104230
   3159.75186 13.060 13.081 13.172 13.197 13.233    0.038 0.040 0.045 0.058 0.068  B 104603
   3166.78941 12.964 12.913 12.844 12.767 12.702    0.026 0.023 0.022 0.024 0.027  A 105458
   3169.75812 12.899 12.930 12.942 12.925 12.837    0.027 0.023 0.023 0.027 0.031  A 105968
   3179.76867 12.730 12.721 12.685 12.590 12.478    0.028 0.024 0.022 0.025 0.028  A 107247
   3182.77333 12.541 12.509 12.416 12.310 12.224    0.032 0.035 0.035 0.042 0.050  A 107549
   3185.70946 12.843 12.754 12.676 12.618 12.501    0.029 0.027 0.027 0.033 0.038  A 107955
   3191.77014 12.707 12.618 12.533 12.440 12.370    0.038 0.036 0.034 0.039 0.046  A 108769
   3294.50654 12.901 12.946 12.902 12.828 12.709    0.036 0.032 0.023 0.024 0.026  A 118338
   3446.89849 13.005 13.070 13.003 12.848 12.605    0.047 0.037 0.044 0.054 0.064  B 134666
   3450.89679 13.020 13.083 13.067 12.982 12.926    0.059 0.041 0.039 0.046 0.054  B 135345
   3454.88275 12.881 12.863 12.722 12.598 12.544    0.061 0.036 0.036 0.045 0.051  A 135916
   3458.88012 12.989 12.926 12.840 12.723 12.638    0.043 0.031 0.031 0.036 0.042  A 136624
   3465.87219 12.825 12.809 12.741 12.658 12.636    0.047 0.030 0.029 0.033 0.037  A 137734
   3468.90447 12.687 12.708 12.717 12.724 12.686    0.034 0.025 0.025 0.028 0.031  A 138191
   3472.90736 12.472 12.612 12.616 12.526 12.475    0.069 0.042 0.042 0.047 0.054  B 138794
   3476.88280 12.583 12.518 12.514 12.529 12.527    0.067 0.041 0.037 0.041 0.044  A 139456
   3480.85519 12.459 12.501 12.522 12.544 12.423    0.080 0.047 0.042 0.045 0.051  A 140075
   3483.88820 12.548 12.563 12.538 12.504 12.485    0.038 0.030 0.030 0.035 0.040  A 140578
   3496.91210 12.630 12.627 12.576 12.550 12.584    0.039 0.036 0.033 0.038 0.045  A 141849
   3500.89808 12.764 12.785 12.820 12.837 12.798    0.073 0.041 0.035 0.038 0.042  A 142359
   3503.86403 12.772 12.754 12.821 12.917 12.764    0.053 0.052 0.062 0.076 0.092  D 142883
   3508.89651 12.791 12.753 12.714 12.675 12.618    0.031 0.030 0.024 0.026 0.029  A 143326
   3511.82651 12.612 12.629 12.590 12.530 12.490    0.045 0.031 0.026 0.030 0.034  A 143735
   3515.84051 12.610 12.554 12.490 12.419 12.346    0.037 0.034 0.035 0.042 0.049  A 144115
   3520.86349 12.722 12.647 12.561 12.468 12.399    0.073 0.042 0.037 0.043 0.047  A 144747
   3522.88138 12.635 12.639 12.594 12.539 12.487    0.087 0.049 0.045 0.048 0.051  B 145094
   3525.79265 12.668 12.659 12.653 12.640 12.604    0.049 0.033 0.030 0.034 0.037  A 145545
   3528.77726 12.634 12.591 12.554 12.549 12.509    0.038 0.029 0.027 0.029 0.032  A 146056
   3538.81594 12.455 12.437 12.401 12.363 12.337    0.046 0.028 0.024 0.028 0.030  A 146903
   3543.68212 12.430 12.485 12.474 12.427 12.427    0.061 0.043 0.042 0.048 0.057  B 147569
   3550.78760 12.478 12.405 12.362 12.326 12.278    0.061 0.035 0.031 0.035 0.038  A 148261
   3553.77571 12.570 12.546 12.548 12.544 12.534    0.026 0.025 0.022 0.026 0.029  A 148626
   3556.71861 12.720 12.661 12.637 12.578 12.482    0.045 0.029 0.030 0.032 0.035  A 149092
   3559.76025 12.697 12.604 12.560 12.535 12.492    0.074 0.039 0.033 0.035 0.038  A 149447
   3561.82613 12.798 12.728 12.661 12.593 12.492    0.048 0.033 0.032 0.036 0.038  A 149806
   3563.84340 12.832 12.716 12.617 12.549 12.494    0.074 0.036 0.031 0.035 0.038  A 150153
   3569.72716 12.659 12.665 12.673 12.676 12.661    0.034 0.030 0.025 0.028 0.030  A 150602
   3574.71684 12.678 12.660 12.618 12.559 12.462    0.042 0.031 0.027 0.031 0.036  A 151312
   3576.73404 13.016 12.940 12.876 12.817 12.703    0.036 0.029 0.025 0.028 0.030  A 151676
   3578.71492 12.583 12.550 12.518 12.479 12.428    0.046 0.030 0.026 0.028 0.030  A 152003
   3580.67941 12.637 12.689 12.696 12.657 12.626    0.034 0.031 0.034 0.043 0.050  A 152309
   3582.82707 12.527 12.508 12.491 12.466 12.450    0.040 0.028 0.027 0.031 0.035  A 152712
   3584.84389 12.427 12.442 12.418 12.367 12.319    0.044 0.027 0.025 0.029 0.033  A 153073
   3587.62052 12.402 12.379 12.352 12.324 12.305    0.029 0.025 0.022 0.025 0.028  A 153516
   3589.68120 12.474 12.467 12.420 12.370 12.286    0.070 0.036 0.032 0.033 0.036  A 153858
   3591.78389 12.333 12.359 12.341 12.345 12.313    0.078 0.038 0.033 0.036 0.038  A 154233
   3601.64387 12.500 12.430 12.361 12.277 12.273    0.079 0.043 0.039 0.044 0.050  A 155560
   3603.65102 99.999 99.999 99.999 99.999 99.999    0.040 0.029 0.026 0.030 0.033  C 155887
   3606.65477 12.704 12.603 12.592 12.571 12.535    0.046 0.040 0.042 0.050 0.057  B 156203
   3616.67234 12.915 12.886 12.816 12.741 12.659    0.035 0.033 0.029 0.031 0.035  A 157068
   3619.57919 13.099 13.052 13.030 12.990 12.902    0.069 0.037 0.032 0.034 0.038  A 157415
   3621.63816 13.101 12.900 12.847 12.786 12.695    0.076 0.045 0.043 0.049 0.058  B 157739
   3624.64825 12.944 12.929 12.912 12.873 12.781    0.033 0.030 0.024 0.027 0.030  A 158049
   3629.56530 13.015 13.043 13.042 13.018 12.948    0.032 0.031 0.030 0.034 0.041  A 158591
   3629.56779 12.962 12.925 12.918 12.944 12.920    0.048 0.036 0.034 0.039 0.045  A 158592
   3631.56542 12.838 12.890 12.784 12.670 12.587    0.053 0.036 0.033 0.038 0.044  A 158930
   3633.58156 12.960 12.957 12.896 12.820 12.714    0.034 0.027 0.027 0.033 0.038  A 159206
   3635.63174 29.999 29.999 29.999 29.999 29.999    0.067 0.074 0.085 0.104 0.125  D 159537
   3638.67471 12.865 12.848 12.821 12.773 12.718    0.042 0.032 0.030 0.035 0.039  A 159796
   3641.64810 12.891 12.815 12.795 12.757 12.725    0.032 0.026 0.024 0.026 0.028  A 160180
   3643.68731 12.765 12.809 12.804 12.751 12.687    0.034 0.033 0.031 0.034 0.038  A 160470
   3646.70726 12.892 12.823 12.741 12.660 12.578    0.036 0.035 0.030 0.033 0.036  A 160787
   3649.58700 12.721 12.713 12.695 12.646 12.657    0.050 0.034 0.030 0.033 0.037  A 161162
   3651.61499 12.703 12.671 12.658 12.636 12.582    0.045 0.031 0.028 0.030 0.034  A 161438
   3656.51414 12.866 12.763 12.715 12.669 12.688    0.075 0.042 0.037 0.042 0.047  A 162136
   3658.58089 12.657 12.662 12.668 12.673 12.718    0.040 0.030 0.033 0.039 0.046  A 162454
   3660.59918 12.696 12.712 12.697 12.704 12.718    0.035 0.029 0.031 0.037 0.043  A 162771
   3662.62795 12.715 12.753 12.716 12.590 12.509    0.045 0.039 0.041 0.051 0.061  B 163062
   3664.63900 12.553 12.577 12.574 12.562 12.501    0.070 0.039 0.034 0.038 0.043  A 163357
   3668.58607 12.604 12.608 12.603 12.602 12.583    0.028 0.026 0.022 0.025 0.028  A 163814
   3670.62631 12.625 12.632 12.681 12.678 12.642    0.036 0.028 0.025 0.028 0.031  A 164111
   3673.55861 12.734 12.742 12.719 12.648 12.554    0.054 0.030 0.026 0.030 0.033  A 164520
   3675.62693 12.715 12.732 12.704 12.630 12.541    0.038 0.026 0.025 0.028 0.032  A 164829
   3678.56565 12.671 12.706 12.690 12.697 12.650    0.069 0.037 0.032 0.034 0.038  A 165211
   3700.54867 12.797 12.788 12.717 12.679 12.683    0.036 0.030 0.030 0.033 0.037  A 168012
   3703.53911 12.783 12.773 12.708 12.650 12.626    0.034 0.028 0.028 0.034 0.040  A 168395
   3706.53393 12.595 12.556 12.546 12.546 12.520    0.039 0.034 0.035 0.040 0.045  A 168807
   3813.90611 12.776 12.717 12.660 12.645 12.615    0.079 0.044 0.042 0.046 0.052  A 182550
   3821.88425 12.986 12.997 12.926 12.838 12.691    0.066 0.038 0.037 0.042 0.047  A 183820
   3825.88938 12.917 12.860 12.766 12.678 12.638    0.058 0.044 0.049 0.061 0.072  B 184487
   3829.87618 13.054 13.069 13.040 12.981 12.812    0.056 0.037 0.036 0.041 0.045  A 185156
   3833.87372 12.922 12.931 12.877 12.787 12.708    0.047 0.040 0.045 0.053 0.062  B 185852
   3849.85415 12.780 12.706 12.688 12.629 12.569    0.040 0.027 0.027 0.029 0.033  A 187169
   3852.88877 12.698 12.763 12.786 12.935 12.980    0.037 0.035 0.037 0.044 0.050  A 187692
   3856.84858 12.850 12.835 12.786 12.713 12.600    0.037 0.028 0.031 0.036 0.042  A 188305
   3859.87709 12.875 12.791 12.711 12.643 12.640    0.047 0.038 0.036 0.041 0.047  A 188749
   3862.85909 12.896 12.912 12.943 12.899 12.846    0.049 0.032 0.028 0.031 0.034  A 189271
   3865.81942 12.960 12.981 12.962 12.942 12.912    0.051 0.031 0.031 0.034 0.037  A 189764
   3868.82521 12.852 12.822 12.750 12.665 12.597    0.035 0.030 0.033 0.041 0.048  A 190258
   3870.84252 12.961 12.939 12.889 12.915 12.940    0.046 0.034 0.033 0.038 0.044  A 190629
   3874.89415 12.865 12.876 12.846 12.749 12.658    0.064 0.036 0.032 0.036 0.040  A 191105
   3877.82496 12.819 12.858 12.822 12.767 12.681    0.060 0.036 0.031 0.034 0.037  A 191552
   3882.78046 12.868 12.868 12.796 12.710 12.606    0.046 0.032 0.029 0.032 0.036  A 192140
   3886.86388 12.881 12.913 12.892 12.858 12.757    0.049 0.030 0.027 0.033 0.037  A 192547
   3889.80766 12.939 12.960 12.959 12.928 12.832    0.037 0.030 0.027 0.031 0.034  A 193044
   3891.87669 13.041 13.022 12.981 12.936 12.868    0.036 0.027 0.025 0.029 0.033  A 193433
   3893.86228 12.913 12.878 12.862 12.828 12.759    0.034 0.030 0.025 0.028 0.031  A 193784
   3896.90213 12.807 12.725 12.582 12.417 12.275    0.045 0.048 0.053 0.066 0.078  B 194114
   3902.81742 12.670 12.632 12.595 12.559 12.537    0.037 0.027 0.027 0.032 0.036  A 195093
   3904.84082 12.656 12.660 12.633 12.589 12.571    0.043 0.030 0.028 0.031 0.035  A 195481
   3906.89499 12.548 12.514 12.472 12.412 12.341    0.047 0.032 0.029 0.033 0.036  A 195878
   3909.74920 12.609 12.560 12.544 12.514 12.473    0.078 0.039 0.034 0.036 0.039  A 196413
   3913.78494 12.561 12.556 12.557 12.525 12.453    0.078 0.039 0.034 0.036 0.039  A 196985
   4176.90312 12.880 12.827 12.777 12.774 12.767    0.077 0.052 0.051 0.060 0.069  B 218601
   4180.89798 12.816 12.768 12.745 12.734 12.586    0.065 0.052 0.055 0.065 0.075  B 219078
   4184.90159 12.634 12.580 12.655 12.657 12.568    0.074 0.050 0.052 0.062 0.073  B 219633
   4190.87413 12.409 12.375 12.345 12.301 12.228    0.042 0.035 0.032 0.036 0.041  A 220315
   4193.88625 12.447 12.430 12.380 12.377 12.320    0.067 0.043 0.040 0.044 0.049  A 220820
   4204.85832 12.686 12.710 12.732 12.740 12.636    0.052 0.052 0.058 0.062 0.066  B 222026
   4208.89747 12.770 12.696 12.628 12.644 12.659    0.075 0.048 0.044 0.048 0.053  B 222423
   4215.90677 13.020 12.895 12.804 12.723 12.625    0.047 0.045 0.046 0.055 0.063  B 222775
   4230.91623 12.998 12.953 12.937 12.942 12.854    0.049 0.038 0.030 0.035 0.038  A 223783
   4233.84389 12.800 12.783 12.790 12.829 12.851    0.066 0.073 0.080 0.088 0.093  D 224289
   4245.84770 12.887 12.993 13.083 13.105 13.399    0.056 0.054 0.060 0.074 0.091  D 226109
   4247.82659 12.789 12.776 12.784 12.774 12.772    0.035 0.030 0.027 0.031 0.035  A 226469
   4253.83225 12.807 12.766 12.716 12.676 12.605    0.053 0.047 0.045 0.052 0.058  B 226914
   4258.74947 12.882 12.932 12.903 12.855 12.838    0.049 0.038 0.035 0.038 0.042  A 227554
   4273.76771 12.958 12.896 12.798 12.722 12.671    0.045 0.045 0.044 0.050 0.054  B 228539
   4278.75447 12.930 12.927 12.889 12.843 12.800    0.034 0.032 0.028 0.032 0.036  A 229190
   4284.84777 12.899 12.840 12.825 12.814 12.857    0.051 0.039 0.035 0.038 0.043  A 229876
   4286.80247 12.853 12.936 12.839 12.715 12.714    0.059 0.049 0.051 0.063 0.076  B 230226
   4290.79144 12.962 12.919 12.882 12.829 12.761    0.045 0.041 0.038 0.040 0.041  A 230549
   4292.77399 12.852 12.812 12.701 12.553 12.467    0.052 0.055 0.066 0.084 0.097  D 230919
   4296.79660 12.769 12.836 12.799 12.704 12.644    0.059 0.045 0.042 0.049 0.056  B 231623
   4298.79269 12.644 12.588 12.510 12.409 12.315    0.039 0.034 0.032 0.040 0.048  A 231980
   4300.75293 12.785 12.781 12.736 12.670 12.584    0.041 0.039 0.039 0.044 0.048  A 232321
   4302.79173 12.688 12.723 12.728 12.723 12.702    0.042 0.037 0.035 0.042 0.049  A 232648
   4306.70200 12.615 12.602 12.582 12.563 12.530    0.033 0.032 0.027 0.032 0.037  A 233342
   4308.70122 12.741 12.606 12.492 12.398 12.368    0.052 0.046 0.047 0.055 0.063  B 233670
   4312.70045 12.565 12.583 12.475 12.312 12.133    0.078 0.058 0.056 0.063 0.071  B 234245
   4315.69631 12.696 12.671 12.639 12.606 12.534    0.047 0.040 0.037 0.042 0.045  A 234588
   4329.68518 13.149 13.160 13.181 13.210 13.168    0.046 0.040 0.037 0.040 0.042  A 235153
   4331.64280 12.952 12.962 12.896 12.808 12.772    0.049 0.045 0.043 0.047 0.049  A 235496
   4333.60460 13.013 13.020 12.971 12.885 12.821    0.029 0.029 0.025 0.028 0.031  A 235844
   4334.79863 13.117 13.106 13.079 12.965 12.885    0.035 0.030 0.026 0.029 0.033  A 236088
   4339.62447 13.484 13.371 13.377 13.379 13.316    0.051 0.039 0.033 0.036 0.041  A 236584
   4341.62357 13.164 13.140 13.139 13.129 13.053    0.046 0.036 0.031 0.035 0.039  A 236918
   4343.62697 12.850 12.881 12.883 12.837 12.745    0.050 0.041 0.043 0.050 0.055  B 237273
   4345.62851 12.850 12.869 12.840 12.852 12.823    0.061 0.039 0.040 0.043 0.046  A 237600
   4347.63315 12.852 12.860 12.838 12.829 12.716    0.067 0.039 0.037 0.052 0.048  B 237953
   4349.63460 12.797 12.759 12.742 12.679 12.566    0.075 0.046 0.043 0.049 0.055  B 238290
   4351.63487 12.679 12.722 12.649 12.545 12.449    0.040 0.035 0.035 0.040 0.046  A 238596
   4353.76407 12.710 12.686 12.634 12.584 12.539    0.037 0.031 0.026 0.030 0.034  A 238900
   4355.76287 12.813 12.740 12.720 12.730 12.697    0.042 0.033 0.028 0.032 0.036  A 239216
   4358.51559 12.700 12.642 12.598 12.572 12.548    0.036 0.033 0.029 0.031 0.033  A 239587
   4360.55553 12.557 12.496 12.458 12.425 12.357    0.046 0.043 0.044 0.050 0.058  B 239922
   4362.59244 12.609 12.596 12.560 12.513 12.458    0.034 0.031 0.027 0.030 0.033  A 240157
   4367.55984 12.676 12.636 12.597 12.533 12.448    0.041 0.037 0.035 0.042 0.048  A 240818
   4369.58951 12.744 12.718 12.649 12.591 12.528    0.041 0.038 0.035 0.041 0.047  A 241126
   4371.60763 12.652 12.635 12.556 12.509 12.477    0.047 0.034 0.031 0.036 0.041  A 241461
   4373.61983 12.732 12.714 12.663 12.599 12.546    0.057 0.049 0.047 0.049 0.051  B 241759
   4376.61279 12.759 12.733 12.664 12.599 12.535    0.034 0.031 0.027 0.029 0.032  A 242113
   4378.62902 12.850 12.826 12.806 12.781 12.809    0.043 0.034 0.032 0.036 0.041  A 242418
   4380.67929 12.862 12.917 12.937 12.945 12.858    0.046 0.038 0.037 0.042 0.047  A 242733
   4382.66953 12.931 12.928 12.916 12.918 12.814    0.039 0.033 0.027 0.030 0.033  A 243035
   4385.55816 13.066 12.976 12.935 12.892 12.822    0.046 0.035 0.027 0.029 0.030  A 243463
   4387.56441 13.023 12.965 12.879 12.806 12.746    0.031 0.030 0.025 0.028 0.032  A 243783
   4389.54796 13.007 13.017 12.970 12.916 12.864    0.047 0.039 0.035 0.039 0.043  A 244076
   4400.57687 12.876 12.878 12.856 12.799 12.685    0.053 0.040 0.043 0.054 0.066  B 244952
   4403.59557 13.111 13.097 13.074 12.979 12.824    0.051 0.035 0.030 0.032 0.035  A 245247
   4407.58971 12.692 12.724 12.741 12.740 12.715    0.043 0.035 0.030 0.033 0.035  A 245563
   4409.60649 12.695 12.692 12.680 12.700 12.714    0.050 0.035 0.032 0.039 0.045  A 245852
   4413.56303 12.797 12.714 12.647 12.582 12.528    0.035 0.030 0.026 0.030 0.033  A 246224
   4422.54396 12.525 12.527 12.510 12.465 12.398    0.034 0.026 0.026 0.031 0.035  A 246626
   4427.52641 12.542 12.474 12.413 12.359 99.999    0.049 0.043 0.050 0.061 0.072  C 247020
   4430.53076 12.814 12.768 12.735 12.659 12.600    0.040 0.038 0.039 0.044 0.051  A 247385
   4433.52506 12.787 12.753 12.697 12.643 12.602    0.034 0.029 0.027 0.030 0.035  A 247757
   4436.52961 12.820 12.770 12.723 12.643 12.558    0.035 0.028 0.026 0.030 0.034  A 248122
   4439.52878 12.900 12.846 12.799 12.739 12.685    0.036 0.027 0.026 0.030 0.033  A 248491
   4540.90153 12.757 12.721 12.675 12.636 12.518    0.044 0.041 0.042 0.050 0.056  B 260598
   4552.89034 12.992 12.975 12.939 12.870 12.822    0.038 0.029 0.028 0.032 0.037  A 262332
   4559.87716 13.120 13.041 12.953 12.902 12.808    0.056 0.038 0.032 0.036 0.040  A 263435
   4563.87712 13.288 13.171 13.126 13.093 13.003    0.070 0.053 0.051 0.053 0.054  B 264103
   4567.86656 12.960 12.917 12.847 12.748 12.679    0.049 0.036 0.030 0.033 0.037  A 264768
   4571.86296 12.937 12.899 12.873 12.838 12.762    0.041 0.034 0.029 0.033 0.037  A 265410
   4574.87400 12.792 12.807 12.782 12.730 12.727    0.065 0.040 0.035 0.038 0.043  A 265916
