#ndata= 27
#dataset= 1 ; 1 F1944-16_280
#desig= 200953-1352.0
#cra=   20.164841  20:09:53.4
#cdec= -13.866373 -13:51:58.9
#class= 0
#cmag_0= 11.258
#cmer_0=  0.034
#nskip_0= 1
#cmag_1= 11.283
#cmer_1=  0.032
#nskip_1= 0
#cmag_2= 11.318
#cmer_2=  0.037
#nskip_2= 0
#cmag_3= 11.331
#cmer_3=  0.039
#nskip_3= 0
#cmag_4= 11.342
#cmer_4=  0.042
#nskip_4= 1
#ra=   20.164841  20:09:53.4
#dec= -13.866373 -13:51:58.9
#     HJD      MAG_1  MAG_0  MAG_2  MAG_3  MAG_4    MER_1 MER_0 MER_2 MER_3 MER_4 GRADE FRAME
   2454.77987 11.418 11.312 11.447 11.379 11.467    0.079 0.078 0.081 0.094 0.112  D 9912
   2468.68773 11.300 11.252 11.349 11.366 11.380    0.036 0.036 0.028 0.029 0.031  A 11734
   2487.65968 11.212 11.215 11.207 11.233 11.246    0.057 0.064 0.047 0.051 0.051  B 13489
   2490.58968 11.231 11.245 11.251 11.256 11.278    0.038 0.038 0.034 0.041 0.035  A 14043
   3177.74620 11.287 11.269 11.305 11.288 11.287    0.040 0.037 0.035 0.040 0.046  A 106933
   3552.76022 11.264 11.254 11.306 11.320 11.334    0.038 0.052 0.034 0.036 0.041  A 148505
   3552.76515 11.251 11.249 11.318 11.340 11.358    0.043 0.073 0.036 0.040 0.043  A 148507
   3552.76765 11.263 11.289 11.306 11.317 11.325    0.036 0.049 0.032 0.035 0.039  A 148508
   3552.77015 11.311 11.263 11.334 11.320 11.334    0.052 0.089 0.047 0.052 0.056  D 148509
   3552.77262 11.295 11.256 11.327 11.350 11.358    0.041 0.071 0.036 0.038 0.042  A 148510
   3552.77514 11.288 11.292 11.307 11.307 11.308    0.045 0.075 0.038 0.040 0.044  A 148511
   3552.77761 11.281 11.262 11.317 11.318 11.317    0.035 0.048 0.032 0.035 0.037  A 148512
   3552.78009 11.237 11.245 11.291 11.306 11.320    0.039 0.058 0.034 0.036 0.040  A 148513
   3552.78585 11.286 11.245 11.323 11.334 11.343    0.035 0.048 0.032 0.034 0.037  A 148515
   3552.78837 11.279 11.262 11.317 11.337 11.342    0.040 0.063 0.034 0.037 0.040  A 148516
   3552.79087 11.290 11.257 11.324 11.345 11.347    0.036 0.048 0.033 0.036 0.041  A 148517
   3552.79422 11.280 11.410 11.288 11.314 11.333    0.056 0.097 0.053 0.058 0.062  D 148518
   3552.79678 11.286 11.247 11.323 11.354 11.386    0.039 0.061 0.035 0.038 0.041  A 148519
   3552.80228 11.310 11.309 11.344 11.362 11.350    0.037 0.051 0.033 0.036 0.040  A 148521
   3552.80767 11.306 11.287 11.340 11.364 11.379    0.040 0.066 0.034 0.037 0.040  A 148523
   3552.81320 11.276 11.196 11.295 11.308 11.299    0.037 0.049 0.033 0.036 0.040  A 148525
   3552.81937 11.295 11.226 11.340 11.370 11.381    0.054 0.094 0.051 0.058 0.064  D 148527
   3552.83389 11.306 11.262 11.330 11.297 11.064    0.041 0.057 0.038 0.043 0.049  A 148532
   3552.84789 11.341 11.319 11.397 11.416 11.431    0.049 0.048 0.047 0.052 0.060  A 148537
   3552.87867 11.293 11.277 11.346 11.366 11.389    0.041 0.048 0.039 0.044 0.049  A 148547
   3552.90871 11.253 11.228 11.281 11.278 11.293    0.043 0.044 0.043 0.047 0.053  A 148557
   3552.93959 11.266 11.223 11.317 11.355 11.374    0.045 0.060 0.044 0.048 0.054  A 148567
#ndata= 370
#dataset= 2 ; 1 F2016-16_281
#desig= 200953-1352.0
#cra=   20.164788  20:09:53.2
#cdec= -13.866687 -13:52:00.1
#class= 0
#cmag_0= 11.286
#cmer_0=  0.079
#nskip_0= 4
#cmag_1= 11.287
#cmer_1=  0.074
#nskip_1= 3
#cmag_2= 11.291
#cmer_2=  0.073
#nskip_2= 2
#cmag_3= 11.295
#cmer_3=  0.076
#nskip_3= 1
#cmag_4= 11.300
#cmer_4=  0.081
#nskip_4= 0
#ra=   20.164788  20:09:53.2
#dec= -13.866687 -13:52:00.1
#     HJD      MAG_1  MAG_0  MAG_2  MAG_3  MAG_4    MER_1 MER_0 MER_2 MER_3 MER_4 GRADE FRAME
   1978.91296 11.292 11.318 11.259 11.265 11.330    0.075 0.085 0.069 0.079 0.085  D 12155
   1980.90360 11.377 11.382 11.365 11.360 11.337    0.049 0.055 0.044 0.050 0.049  A 12489
   1982.88877 11.347 11.360 11.334 11.320 11.348    0.047 0.052 0.041 0.048 0.045  A 12859
   1984.90242 11.407 11.414 11.431 11.451 11.457    0.048 0.053 0.043 0.049 0.045  A 13078
   1994.89922 11.314 11.337 11.315 11.254 11.256    0.054 0.060 0.048 0.057 0.053  B 13559
   1996.89335 11.234 11.242 11.254 11.227 11.225    0.052 0.063 0.044 0.052 0.051  B 13951
   1998.88554 11.302 11.291 11.292 11.299 11.307    0.051 0.060 0.043 0.050 0.049  A 14355
   2000.88846 11.197 11.239 11.211 11.232 11.240    0.053 0.062 0.046 0.054 0.050  B 14756
   2008.87177 11.381 11.333 11.427 11.422 11.454    0.057 0.067 0.050 0.056 0.056  B 15273
   2009.91726 11.460 11.489 11.447 11.449 11.435    0.070 0.085 0.058 0.064 0.064  D 15493
   2011.87286 11.380 11.398 11.393 11.432 11.448    0.059 0.072 0.050 0.057 0.058  B 15679
   2018.81456 11.444 11.466 11.468 11.472 11.509    0.058 0.073 0.047 0.053 0.054  B 16282
   2021.83165 11.445 11.511 11.433 11.453 11.488    0.061 0.073 0.051 0.055 0.054  B 16919
   2026.81353 11.290 11.276 11.280 11.281 11.288    0.033 0.057 0.030 0.032 0.035  A 17485
   2030.85277 11.286 11.265 11.285 11.282 11.286    0.024 0.032 0.024 0.027 0.030  A 17896
   2031.88998 11.270 11.251 11.273 11.276 11.281    0.028 0.048 0.025 0.027 0.029  A 18124
   2032.92137 11.306 11.392 11.303 11.313 11.311    0.028 0.047 0.026 0.030 0.033  A 18359
   2033.86666 11.289 11.309 11.278 11.283 11.294    0.027 0.042 0.025 0.029 0.031  A 18547
   2034.91174 11.316 11.337 11.326 11.352 11.363    0.031 0.048 0.029 0.032 0.035  A 18774
   2039.80519 11.327 11.351 11.320 11.323 11.318    0.042 0.065 0.035 0.036 0.040  A 19307
   2053.81331 11.261 11.218 11.279 11.286 11.292    0.026 0.048 0.024 0.028 0.031  A 20099
   2054.80529 11.260 11.243 11.275 11.282 11.292    0.029 0.060 0.028 0.031 0.034  A 20320
   2055.79380 11.263 11.287 11.258 11.259 11.267    0.031 0.055 0.029 0.033 0.035  A 20537
   2056.79725 11.259 11.279 11.255 11.254 11.258    0.033 0.063 0.031 0.034 0.038  A 20766
   2057.79146 11.286 11.274 11.289 11.284 11.284    0.025 0.040 0.023 0.026 0.028  A 20990
   2058.79014 11.276 11.239 11.287 11.289 11.288    0.027 0.047 0.023 0.026 0.029  A 21220
   2061.81376 11.653 11.643 11.606 11.592 11.585    0.029 0.053 0.026 0.030 0.034  A 21443
   2064.84091 11.379 11.358 11.378 11.375 11.380    0.042 0.057 0.046 0.057 0.065  A 21633
   2065.77310 11.369 11.372 11.363 11.365 11.365    0.032 0.062 0.031 0.035 0.039  A 21757
   2067.72095 11.345 11.306 11.353 11.363 11.372    0.030 0.056 0.029 0.034 0.039  A 21884
   2080.69574 11.226 11.228 11.226 11.240 11.247    0.030 0.052 0.026 0.028 0.031  A 22922
   2081.75607 11.228 11.220 11.243 11.236 11.228    0.032 0.055 0.029 0.031 0.034  A 23173
   2082.75142 11.190 11.188 11.182 11.175 11.168    0.029 0.053 0.025 0.028 0.032  A 23395
   2083.74584 11.242 11.292 11.236 11.220 11.188    0.041 0.066 0.041 0.048 0.056  A 23638
   2085.78104 11.239 11.235 11.256 11.255 11.273    0.028 0.043 0.025 0.028 0.031  A 23879
   2086.75772 11.252 11.257 11.257 11.270 11.267    0.026 0.044 0.023 0.027 0.030  A 24091
   2087.72407 11.270 11.269 11.277 11.295 11.309    0.028 0.053 0.026 0.030 0.035  A 24300
   2088.72311 11.288 11.274 11.295 11.296 11.294    0.033 0.057 0.030 0.032 0.036  A 24526
   2093.65836 11.419 11.398 11.418 11.420 11.424    0.033 0.062 0.030 0.034 0.037  A 24719
   2094.65856 11.425 11.446 11.415 11.431 11.441    0.029 0.048 0.027 0.031 0.035  A 25008
   2102.67859 11.351 11.363 11.321 11.297 11.348    0.056 0.070 0.062 0.075 0.086  B 25681
   2104.69402 11.268 11.286 11.281 11.291 11.298    0.031 0.049 0.027 0.030 0.034  A 26032
   2105.68448 11.266 11.254 11.269 11.270 11.277    0.027 0.049 0.024 0.027 0.031  A 26249
   2106.68879 11.221 11.206 11.229 11.226 11.225    0.026 0.040 0.023 0.027 0.030  A 26455
   2114.70820 11.235 11.191 11.238 11.229 11.239    0.031 0.045 0.027 0.029 0.031  A 26690
   2116.65725 11.294 11.250 11.295 11.291 11.286    0.028 0.045 0.025 0.028 0.032  A 27093
   2117.65312 11.281 11.282 11.291 11.288 11.303    0.032 0.049 0.029 0.032 0.036  A 27311
   2128.61369 11.336 11.312 11.343 11.337 11.339    0.028 0.043 0.026 0.029 0.032  A 27927
   2129.63567 11.310 11.343 11.319 11.328 11.321    0.030 0.052 0.024 0.028 0.032  A 28151
   2130.63942 11.320 11.361 11.323 11.329 11.342    0.027 0.047 0.025 0.028 0.032  A 28369
   2131.62759 11.297 11.297 11.300 11.306 11.311    0.029 0.050 0.026 0.029 0.032  A 28563
   2132.63529 11.285 11.312 11.283 11.285 11.293    0.026 0.043 0.023 0.026 0.029  A 28782
   2133.62993 11.309 11.273 11.321 11.326 11.337    0.025 0.038 0.024 0.028 0.031  A 28992
   2134.62977 11.283 11.255 11.298 11.327 11.356    0.031 0.044 0.027 0.030 0.032  A 29208
   2135.62458 11.249 11.236 11.272 11.277 11.284    0.029 0.046 0.026 0.031 0.035  A 29420
   2136.62412 11.239 11.276 11.266 11.276 11.285    0.030 0.043 0.026 0.030 0.032  A 29632
   2140.60232 11.293 11.241 11.313 11.308 11.309    0.066 0.082 0.073 0.091 0.110  D 30168
   2141.61569 11.264 11.272 11.269 11.261 11.268    0.029 0.040 0.025 0.028 0.030  A 30386
   2143.60675 11.282 11.229 11.296 11.293 11.295    0.030 0.049 0.027 0.031 0.035  A 30786
   2144.60386 11.324 11.325 11.327 11.327 11.348    0.030 0.050 0.026 0.030 0.033  A 30989
   2145.59487 11.327 11.339 11.328 11.331 11.347    0.028 0.044 0.026 0.029 0.033  A 31192
   2442.74495 11.231 11.246 11.243 11.249 11.261    0.043 0.039 0.036 0.038 0.041  A 8531
   2443.74211 11.213 11.228 11.219 11.218 11.227    0.026 0.022 0.018 0.019 0.020  A 8717
   2444.74412 11.618 11.617 11.531 11.465 11.459    0.026 0.025 0.020 0.022 0.023  A 8923
   2445.73064 11.218 11.174 11.204 11.197 11.195    0.026 0.025 0.020 0.021 0.024  A 9134
   2446.74232 11.166 11.190 11.187 11.186 11.185    0.032 0.028 0.023 0.025 0.026  A 9302
   2454.77987 11.462 11.379 11.458 11.368 11.447    0.079 0.078 0.081 0.093 0.111  D 9912
   2455.75211 11.303 11.320 11.289 11.301 11.335    0.074 0.076 0.077 0.090 0.105  D 9979
   2464.69611 11.384 11.369 11.367 11.369 99.999    0.031 0.029 0.025 0.029 0.024  C 10863
   2465.69534 11.343 11.364 11.351 11.333 11.362    0.032 0.029 0.026 0.032 0.026  A 11083
   2466.69268 11.333 11.358 11.336 11.334 11.339    0.031 0.028 0.022 0.024 0.023  A 11300
   2467.68967 11.331 11.322 11.341 11.352 11.350    0.028 0.025 0.019 0.020 0.020  A 11518
   2468.68773 11.342 11.307 11.354 11.357 11.364    0.041 0.042 0.034 0.037 0.041  A 11734
   2468.70335 11.356 11.357 11.359 11.369 11.381    0.034 0.031 0.024 0.025 0.026  A 11741
   2470.64774 11.316 11.304 11.313 11.323 11.327    0.033 0.032 0.026 0.030 0.026  A 11998
   2473.66256 11.241 11.245 11.243 11.241 11.263    0.034 0.034 0.030 0.036 0.030  A 12693
   2474.69808 11.266 11.258 11.267 11.287 11.262    0.036 0.033 0.029 0.031 0.028  A 12875
   2482.56846 11.179 11.167 11.177 11.157 11.157    0.044 0.051 0.039 0.045 0.041  A 13125
   2486.64956 11.254 11.229 11.253 11.278 11.267    0.041 0.043 0.035 0.041 0.039  A 13326
   2487.65968 11.254 11.257 11.230 11.205 11.234    0.056 0.066 0.045 0.049 0.051  B 13489
   2490.58968 11.268 11.293 11.256 11.233 11.264    0.042 0.040 0.037 0.043 0.038  A 14043
   2491.63881 99.999 99.999 99.999 99.999 99.999    0.044 0.047 0.038 0.044 0.041  C 14238
   2493.63422 11.272 11.276 11.290 11.261 11.284    0.040 0.042 0.036 0.042 0.036  A 14471
   2494.63530 11.306 11.297 11.287 11.274 11.277    0.047 0.050 0.043 0.050 0.047  A 14662
   2495.63920 11.283 11.292 11.283 11.290 11.299    0.034 0.036 0.029 0.035 0.029  A 14801
   2497.63433 11.309 11.330 11.292 11.275 99.999    0.032 0.031 0.025 0.028 0.024  C 15223
   2499.62491 11.254 11.282 11.249 11.237 11.254    0.029 0.027 0.022 0.023 0.022  A 15641
   2501.61979 11.258 11.252 11.262 11.260 11.284    0.033 0.031 0.024 0.027 0.024  A 16000
   2502.63112 11.298 11.263 11.310 11.335 11.317    0.034 0.033 0.029 0.033 0.028  A 16216
   2503.62682 11.180 11.160 11.212 11.220 11.230    0.052 0.054 0.050 0.056 0.055  B 16418
   2508.63134 11.234 11.250 11.259 11.288 11.293    0.045 0.047 0.040 0.045 0.042  A 16789
   2510.62674 11.237 11.267 11.262 11.273 11.276    0.040 0.032 0.034 0.036 0.036  A 16970
   2511.66485 11.331 11.349 11.337 11.308 11.324    0.061 0.066 0.056 0.061 0.064  B 17103
   2520.59168 11.264 11.316 11.279 11.297 11.311    0.023 0.027 0.018 0.019 0.022  A 18181
   2521.60137 11.276 11.292 11.298 11.298 11.313    0.024 0.027 0.019 0.021 0.022  A 18381
   2529.56396 11.216 11.181 11.233 11.244 11.248    0.047 0.060 0.039 0.044 0.043  A 19044
   2540.56603 11.324 11.316 11.318 11.349 11.358    0.048 0.061 0.042 0.047 0.046  A 19681
   2543.63711 11.352 11.336 11.349 11.357 11.391    0.035 0.035 0.033 0.038 0.041  A 19894
   2544.56670 11.375 11.387 11.389 11.393 11.393    0.034 0.033 0.029 0.032 0.035  A 19952
   2545.61369 11.365 11.331 11.356 11.376 11.386    0.024 0.029 0.021 0.022 0.024  A 20161
   2548.63136 11.338 11.344 11.346 11.344 11.370    0.033 0.035 0.024 0.026 0.025  A 20590
   2551.54365 11.274 11.200 11.314 11.366 11.371    0.058 0.076 0.050 0.054 0.054  B 20919
   2552.60332 11.299 11.273 11.296 11.303 11.295    0.046 0.050 0.041 0.047 0.042  A 21130
   2553.62090 11.236 11.253 11.250 11.247 11.253    0.035 0.044 0.023 0.024 0.026  A 21318
   2556.54703 11.233 11.198 11.246 11.220 11.193    0.057 0.066 0.048 0.050 0.050  B 21653
   2563.48974 11.304 11.329 11.269 11.264 11.254    0.033 0.032 0.027 0.031 0.034  A 22852
   2564.55152 11.378 11.335 11.383 11.381 11.403    0.033 0.035 0.028 0.031 0.032  A 23056
   2565.59090 11.281 11.286 11.281 11.271 11.287    0.031 0.030 0.026 0.029 0.033  A 23251
   2578.54962 11.331 11.386 11.386 11.416 11.448    0.032 0.031 0.024 0.026 0.025  A 24909
   2579.55588 11.367 11.393 11.374 11.377 11.382    0.034 0.034 0.027 0.027 0.027  A 25075
   2707.90387 11.198 11.228 11.216 11.219 11.198    0.049 0.048 0.051 0.062 0.071  B 44323
   2710.90532 11.225 11.270 11.236 11.256 11.281    0.036 0.037 0.035 0.042 0.047  A 44866
   2728.87115 11.204 11.228 11.204 11.189 11.192    0.039 0.039 0.037 0.042 0.048  A 47958
   2731.89583 11.505 11.461 11.495 11.479 11.482    0.029 0.028 0.024 0.026 0.029  A 48438
   2734.88606 11.183 11.238 11.207 11.223 11.224    0.023 0.026 0.021 0.024 0.027  A 48927
   2737.86829 11.242 11.258 11.264 11.275 11.263    0.034 0.030 0.031 0.036 0.039  A 49520
   2740.86066 11.340 11.344 11.352 11.344 11.346    0.026 0.027 0.022 0.025 0.028  A 50041
   2743.86325 11.244 11.287 11.265 11.293 11.310    0.039 0.029 0.023 0.025 0.027  A 50641
   2747.91388 11.299 11.322 11.295 11.285 11.278    0.036 0.045 0.037 0.042 0.051  A 51121
   2755.81445 11.237 11.270 11.250 11.250 11.268    0.022 0.024 0.019 0.020 0.022  A 52537
   2757.86194 11.218 11.252 11.222 11.209 11.208    0.022 0.031 0.021 0.023 0.026  A 52971
   2760.83508 11.156 11.249 11.181 11.187 11.190    0.044 0.038 0.036 0.039 0.043  A 53509
   2764.87835 11.188 11.224 11.192 11.196 11.195    0.028 0.036 0.029 0.033 0.038  A 54350
   2765.84694 11.199 11.206 99.999 99.999 99.999    0.023 0.026 0.021 0.023 0.026  C 54408
   2769.88625 11.229 11.297 11.240 11.229 11.227    0.029 0.048 0.030 0.034 0.039  A 54757
   2782.87540 11.387 11.312 11.366 11.364 11.365    0.027 0.032 0.021 0.022 0.024  A 55808
   2784.80946 11.279 11.288 11.266 11.266 11.275    0.025 0.026 0.021 0.023 0.025  A 56206
   2786.79741 11.192 11.219 11.209 11.210 11.212    0.039 0.029 0.024 0.026 0.027  A 56634
   2802.82537 11.242 11.168 11.228 11.231 11.231    0.042 0.048 0.043 0.052 0.059  A 58792
   2804.74889 11.233 11.235 11.237 11.236 11.242    0.031 0.031 0.031 0.036 0.041  A 59091
   2808.80902 11.299 11.319 11.275 11.271 11.270    0.030 0.031 0.024 0.029 0.033  A 59367
   2810.73278 11.244 11.280 11.232 11.218 11.220    0.026 0.026 0.022 0.025 0.027  A 59770
   2812.72666 11.233 11.268 11.239 11.255 11.266    0.024 0.028 0.021 0.023 0.024  A 60220
   2815.85996 11.231 11.276 11.248 11.259 11.267    0.028 0.033 0.023 0.025 0.027  A 60846
   2819.78819 11.229 11.260 11.246 11.253 11.273    0.029 0.028 0.025 0.029 0.032  A 61354
   2821.76031 11.255 11.193 11.242 11.239 11.236    0.024 0.026 0.020 0.023 0.025  A 61784
   2830.68290 11.250 11.274 11.251 11.253 11.255    0.026 0.023 0.021 0.023 0.025  A 62528
   2831.89522 11.274 11.266 11.267 11.265 11.269    0.030 0.027 0.024 0.028 0.031  A 62838
   2836.73424 11.426 11.322 11.427 11.408 11.414    0.032 0.032 0.032 0.038 0.045  A 63718
   2843.68590 11.283 11.263 11.277 11.285 11.274    0.031 0.029 0.028 0.031 0.034  A 64928
   2851.68918 11.216 11.222 11.202 11.213 11.232    0.026 0.022 0.020 0.024 0.026  A 65461
   2853.81639 11.225 11.202 11.222 11.225 11.227    0.050 0.048 0.050 0.055 0.062  B 65734
   2855.70077 11.261 11.259 11.265 11.274 11.284    0.043 0.040 0.040 0.046 0.050  A 66086
   2858.74252 11.244 11.250 11.239 11.239 11.238    0.027 0.026 0.022 0.024 0.026  A 66364
   2864.73838 11.375 11.331 11.360 11.375 11.378    0.037 0.035 0.031 0.036 0.040  A 67403
   2867.60129 11.316 11.318 11.318 11.317 11.320    0.026 0.028 0.022 0.025 0.026  A 67745
   2871.79748 11.235 11.239 11.217 11.230 11.237    0.032 0.032 0.032 0.037 0.040  A 68017
   2874.63084 11.204 11.159 11.196 11.202 11.211    0.023 0.024 0.020 0.022 0.024  A 68365
   2876.61867 11.173 11.180 11.165 11.169 11.180    0.023 0.027 0.020 0.021 0.023  A 68752
   2878.61855 11.211 11.202 11.185 11.173 11.147    0.044 0.042 0.045 0.052 0.058  A 69146
   2880.66235 11.087 11.107 11.078 11.052 11.059    0.055 0.055 0.061 0.071 0.082  B 69383
   2886.57843 11.253 11.284 11.248 11.257 11.252    0.024 0.026 0.020 0.022 0.024  A 70210
   2892.57638 11.393 11.374 11.371 11.385 11.386    0.037 0.049 0.030 0.034 0.038  A 70650
   2893.68364 11.264 11.329 11.292 11.298 11.334    0.045 0.039 0.034 0.038 0.039  A 70898
   2895.64152 11.348 11.346 11.335 11.336 11.342    0.031 0.029 0.025 0.029 0.031  A 71272
   2897.65301 11.375 11.434 11.324 11.316 11.325    0.049 0.038 0.030 0.031 0.030  A 71677
   2899.63262 11.320 11.346 11.328 11.291 11.301    0.064 0.063 0.064 0.072 0.079  B 72032
   2901.63429 11.259 11.290 11.264 11.252 11.268    0.084 0.079 0.090 0.112 0.126  D 72416
   2904.66415 11.211 11.239 11.294 11.270 11.265    0.060 0.058 0.057 0.066 0.072  B 72868
   2906.66467 11.269 11.244 11.253 11.252 11.255    0.025 0.028 0.023 0.025 0.029  A 73191
   2909.65988 11.236 11.269 11.261 11.271 11.285    0.029 0.030 0.021 0.023 0.026  A 73603
   2911.62043 11.268 11.283 11.269 11.270 11.278    0.027 0.030 0.021 0.022 0.024  A 73907
   2918.51688 11.379 11.375 11.355 11.319 11.322    0.058 0.061 0.055 0.061 0.071  B 74854
   2921.64355 11.396 11.406 11.434 11.458 11.512    0.031 0.032 0.033 0.040 0.048  A 75086
   2923.62525 11.352 11.334 11.354 11.354 11.353    0.032 0.035 0.033 0.038 0.042  A 75451
   2926.62107 11.291 11.317 11.298 11.296 11.291    0.032 0.033 0.029 0.032 0.034  A 75809
   2928.62083 11.301 11.252 11.280 11.275 11.282    0.032 0.029 0.029 0.032 0.034  A 76183
   2930.61762 11.264 11.285 99.999 99.999 99.999    0.025 0.027 0.025 0.029 0.034  C 76532
   2932.61100 11.264 11.254 11.264 11.285 11.301    0.026 0.028 0.025 0.029 0.035  A 76885
   2934.60541 11.266 11.226 11.261 11.253 11.238    0.028 0.034 0.026 0.030 0.033  A 77235
   2939.60942 11.263 11.243 11.249 11.257 11.261    0.030 0.032 0.026 0.030 0.032  A 77804
   2945.50250 11.355 11.307 11.353 11.350 11.340    0.037 0.040 0.036 0.043 0.048  A 78647
   2947.55877 11.323 11.378 11.320 11.316 11.318    0.039 0.046 0.033 0.038 0.043  A 78975
   2950.54430 11.329 11.347 11.341 11.362 11.346    0.030 0.035 0.031 0.038 0.043  A 79410
   2954.57467 11.251 11.274 11.261 11.273 11.278    0.033 0.035 0.032 0.037 0.043  A 79918
   2957.52128 11.220 11.233 11.229 11.231 11.243    0.033 0.033 0.037 0.042 0.046  A 80331
   2959.53309 11.267 11.249 11.249 11.223 11.189    0.057 0.055 0.065 0.077 0.090  D 80627
   2964.52232 11.257 11.315 11.265 11.269 11.277    0.026 0.030 0.026 0.031 0.035  A 81299
   2973.51533 11.360 11.363 11.363 11.365 99.999    0.033 0.032 0.033 0.040 0.046  C 82421
   3074.90460 11.251 11.264 11.237 11.242 11.233    0.048 0.047 0.050 0.057 0.063  B 94086
   3088.90980 11.426 11.433 11.431 11.446 11.474    0.045 0.042 0.047 0.052 0.061  A 95860
   3093.89438 11.459 11.485 11.468 11.496 11.516    0.043 0.041 0.046 0.052 0.057  A 96582
   3098.89791 11.406 11.406 11.387 11.381 11.396    0.030 0.028 0.029 0.034 0.038  A 97061
   3103.88207 11.330 11.384 11.358 11.364 11.350    0.049 0.050 0.050 0.057 0.064  B 97831
   3114.87257 11.270 11.231 11.267 11.268 11.261    0.031 0.033 0.030 0.035 0.040  A 99573
   3118.91716 11.265 11.245 11.255 11.247 11.248    0.033 0.029 0.030 0.034 0.038  A 100019
   3126.89021 11.278 11.245 11.274 11.275 11.280    0.040 0.045 0.039 0.044 0.049  A 100961
   3142.83469 11.362 11.374 11.356 11.343 11.342    0.028 0.027 0.024 0.027 0.030  A 103174
   3146.80920 11.288 11.270 11.310 11.330 11.343    0.031 0.031 0.033 0.038 0.045  A 103578
   3152.86570 11.219 11.211 11.197 11.201 11.215    0.031 0.031 0.031 0.037 0.043  A 103675
   3154.85222 11.163 11.207 11.157 11.165 11.177    0.026 0.032 0.024 0.027 0.030  A 104013
   3158.76819 11.219 11.234 11.217 11.216 11.228    0.038 0.040 0.039 0.046 0.051  A 104448
   3164.83302 11.218 11.215 11.219 11.218 11.233    0.030 0.033 0.025 0.029 0.032  A 105265
   3170.79804 11.293 11.353 11.306 11.313 11.316    0.035 0.034 0.029 0.033 0.037  A 106063
   3177.74620 11.340 11.336 11.312 11.289 11.285    0.043 0.039 0.042 0.048 0.055  A 106933
   3179.82540 11.313 11.298 11.301 11.290 11.274    0.027 0.034 0.025 0.029 0.032  A 107264
   3182.77076 11.304 11.280 11.276 11.258 11.274    0.055 0.053 0.051 0.057 0.066  B 107548
   3185.72008 11.232 11.180 11.212 11.228 11.247    0.033 0.036 0.033 0.039 0.043  A 107959
   3187.75344 11.172 11.184 11.176 11.190 11.196    0.028 0.029 0.027 0.032 0.036  A 108312
   3191.76013 11.208 11.213 11.214 11.198 11.183    0.036 0.037 0.036 0.043 0.051  A 108766
   3273.53340 11.284 11.149 11.290 11.298 11.321    0.038 0.055 0.034 0.039 0.044  A 116170
   3275.64449 11.271 11.275 11.261 11.247 11.257    0.047 0.050 0.052 0.068 0.081  B 116464
   3278.55888 11.292 11.315 11.285 11.280 11.289    0.031 0.039 0.028 0.032 0.036  A 116818
   3280.58663 11.272 11.272 11.285 11.283 11.281    0.028 0.033 0.026 0.030 0.035  A 117085
   3293.62831 11.294 11.267 11.259 11.249 11.206    0.040 0.040 0.039 0.046 0.055  A 118312
   3296.54141 11.265 11.280 11.260 11.268 11.272    0.033 0.034 0.024 0.026 0.030  A 118632
   3457.88223 11.323 11.292 11.340 11.351 11.374    0.032 0.044 0.031 0.036 0.042  A 136440
   3466.88166 11.384 11.358 11.413 11.454 11.483    0.043 0.042 0.046 0.055 0.065  A 137912
   3470.87964 11.290 11.279 11.309 11.308 11.307    0.027 0.032 0.028 0.033 0.038  A 138481
   3474.86633 11.264 11.297 11.266 11.276 11.275    0.030 0.042 0.030 0.036 0.043  A 139115
   3478.85080 11.198 11.232 11.155 11.132 11.135    0.053 0.063 0.061 0.071 0.084  B 139795
   3481.87906 11.171 11.107 11.171 11.155 11.155    0.060 0.104 0.059 0.067 0.078  D 140257
   3496.89987 11.250 11.242 11.247 11.243 11.254    0.036 0.040 0.036 0.042 0.050  A 141845
   3500.88686 11.317 11.286 11.320 11.322 11.312    0.029 0.039 0.027 0.031 0.036  A 142355
   3508.88480 11.310 11.295 11.288 11.280 11.290    0.028 0.030 0.023 0.026 0.029  A 143322
   3511.82392 11.292 11.367 11.293 11.293 11.306    0.036 0.055 0.036 0.040 0.044  A 143734
   3515.82750 11.178 11.172 11.177 11.187 11.219    0.036 0.037 0.040 0.048 0.055  A 144111
   3520.85504 11.203 11.177 11.212 11.234 11.241    0.035 0.052 0.035 0.040 0.046  A 144744
   3522.84986 11.157 11.134 11.164 11.168 11.160    0.028 0.036 0.027 0.032 0.036  A 145085
   3525.79517 11.556 11.570 11.542 11.525 11.523    0.028 0.040 0.027 0.030 0.034  A 145546
   3528.78510 11.203 11.169 11.212 11.218 11.229    0.033 0.038 0.034 0.037 0.042  A 146059
   3539.82105 11.403 11.418 11.442 11.527 11.562    0.080 0.082 0.093 0.116 0.139  D 147093
   3542.74916 11.447 11.408 11.447 11.450 11.406    0.039 0.050 0.043 0.051 0.059  A 147458
   3550.78178 11.371 11.381 11.358 11.361 11.368    0.034 0.061 0.032 0.035 0.040  A 148259
   3553.77326 11.300 11.293 11.309 11.301 11.311    0.028 0.035 0.023 0.027 0.030  A 148625
   3556.71348 11.286 11.334 11.285 11.283 11.287    0.024 0.041 0.024 0.027 0.030  A 149090
   3559.75368 11.261 11.240 11.277 11.280 11.243    0.050 0.091 0.048 0.054 0.059  D 149445
   3561.79216 11.206 11.235 11.220 11.230 11.242    0.045 0.085 0.039 0.041 0.042  B 149795
   3563.82638 11.345 11.310 11.345 11.323 11.333    0.031 0.038 0.030 0.034 0.040  A 150147
   3568.81886 11.154 11.126 11.158 11.155 11.146    0.031 0.042 0.027 0.030 0.034  A 150438
   3570.70547 11.220 11.200 11.211 11.210 11.204    0.029 0.033 0.026 0.030 0.035  A 150782
   3574.71194 11.256 11.327 11.258 11.253 11.261    0.032 0.042 0.028 0.033 0.038  A 151310
   3576.72916 11.306 11.373 11.311 11.324 11.339    0.033 0.058 0.027 0.030 0.034  A 151674
   3578.70488 11.358 11.353 11.394 11.408 11.412    0.041 0.078 0.035 0.036 0.039  A 151999
   3582.78373 11.442 11.537 11.421 11.405 11.409    0.036 0.059 0.034 0.037 0.041  A 152696
   3584.74413 11.421 11.420 11.431 11.445 11.453    0.028 0.035 0.028 0.031 0.035  A 153046
   3586.68488 11.402 11.452 11.396 11.398 11.400    0.042 0.080 0.036 0.037 0.040  A 153371
   3588.71601 11.308 11.257 11.356 11.372 11.314    0.054 0.067 0.058 0.069 0.080  B 153688
   3591.62876 11.250 11.240 11.249 11.220 11.229    0.047 0.074 0.052 0.062 0.073  B 154180
   3597.65939 11.336 11.332 11.321 11.303 11.329    0.032 0.035 0.038 0.048 0.057  A 155135
   3601.64149 11.175 11.100 11.186 11.189 11.214    0.039 0.065 0.036 0.044 0.049  A 155559
   3603.64865 11.240 11.269 11.234 11.256 11.274    0.031 0.045 0.028 0.033 0.037  A 155886
   3606.65251 11.229 11.229 11.250 11.267 11.261    0.059 0.062 0.063 0.077 0.090  D 156202
   3616.59837 11.257 11.245 11.253 11.255 11.247    0.028 0.029 0.024 0.028 0.032  A 157044
   3618.72480 11.264 11.221 11.267 11.262 11.275    0.038 0.061 0.035 0.039 0.043  A 157312
   3621.53068 11.297 11.277 11.322 11.355 11.377    0.034 0.038 0.041 0.051 0.063  A 157702
   3624.57984 11.252 11.234 11.237 11.226 11.231    0.030 0.035 0.024 0.027 0.030  A 158025
   3629.56046 11.208 11.205 11.243 11.250 11.242    0.035 0.048 0.032 0.037 0.043  A 158589
   3631.56065 11.257 11.200 11.243 11.235 11.242    0.036 0.048 0.034 0.039 0.046  A 158928
   3633.57604 11.216 11.165 11.221 11.217 11.213    0.031 0.045 0.030 0.035 0.040  A 159204
   3635.62184 11.201 11.222 11.200 11.197 11.172    0.055 0.063 0.059 0.072 0.084  B 159534
   3638.66991 11.165 11.141 11.165 11.180 11.190    0.038 0.050 0.037 0.040 0.044  A 159794
   3641.64331 11.125 11.102 11.141 11.143 11.152    0.029 0.043 0.025 0.028 0.032  A 160178
   3643.68506 11.160 11.129 11.155 11.142 11.130    0.034 0.037 0.033 0.036 0.042  A 160469
   3647.58159 11.261 11.255 11.273 11.279 11.275    0.027 0.027 0.022 0.025 0.028  A 160885
   3651.64074 11.218 11.190 11.218 11.197 11.188    0.031 0.042 0.030 0.033 0.036  A 161447
   3656.49649 11.307 11.355 11.293 11.281 11.251    0.042 0.076 0.040 0.044 0.048  A 162130
   3658.56543 11.366 11.389 11.389 11.404 11.409    0.045 0.079 0.041 0.046 0.051  A 162448
   3660.58299 11.359 11.322 11.395 11.402 11.386    0.041 0.060 0.040 0.045 0.054  A 162765
   3662.61275 11.380 11.415 11.414 11.480 11.560    0.078 0.073 0.093 0.114 0.137  D 163057
   3664.61649 11.395 11.388 11.423 11.457 11.456    0.027 0.034 0.030 0.034 0.039  A 163350
   3668.57794 11.279 11.276 11.286 11.299 11.315    0.029 0.042 0.026 0.028 0.031  A 163811
   3670.61022 11.264 11.275 11.265 11.269 11.267    0.028 0.035 0.026 0.028 0.032  A 164106
   3673.55339 11.238 11.187 11.242 11.241 11.246    0.029 0.047 0.025 0.027 0.031  A 164518
   3676.53968 11.137 11.082 11.151 11.164 11.167    0.039 0.075 0.034 0.036 0.039  A 164942
   3679.51811 11.200 11.215 11.204 11.207 11.197    0.058 0.088 0.056 0.062 0.071  B 165275
   3699.51385 11.222 11.164 11.237 11.252 11.268    0.043 0.064 0.043 0.051 0.060  A 167862
   3702.51999 11.268 11.251 11.278 11.286 11.311    0.028 0.031 0.028 0.032 0.036  A 168265
   3800.90102 11.357 11.370 11.408 11.449 11.477    0.045 0.051 0.052 0.066 0.079  B 180746
   3805.90321 11.287 11.285 11.283 11.291 11.277    0.038 0.045 0.043 0.052 0.061  A 181398
   3810.90651 11.236 11.261 11.233 11.234 11.202    0.036 0.049 0.039 0.046 0.054  A 182065
   3814.90950 11.271 11.287 11.277 11.272 11.271    0.037 0.043 0.042 0.052 0.061  A 182710
   3821.89547 11.323 11.312 11.327 11.343 11.356    0.034 0.041 0.035 0.041 0.048  A 183824
   3825.89914 11.350 11.332 11.355 11.377 11.400    0.038 0.041 0.046 0.057 0.068  B 184490
   3829.88534 11.397 11.373 11.395 11.379 11.394    0.030 0.043 0.033 0.039 0.045  A 185159
   3833.88433 11.457 11.427 11.477 11.485 11.492    0.035 0.041 0.041 0.051 0.061  A 185855
   3849.86946 11.237 11.292 11.230 11.219 11.213    0.031 0.049 0.029 0.032 0.036  A 187175
   3852.90531 11.306 11.334 11.316 11.333 11.353    0.038 0.038 0.040 0.048 0.054  A 187697
   3856.85590 99.999 99.999 99.999 99.999 99.999    0.040 0.051 0.042 0.048 0.055  C 188308
   3859.86772 11.378 11.387 11.395 11.412 11.408    0.040 0.050 0.039 0.045 0.050  A 188746
   3862.84777 11.355 11.369 11.353 11.344 11.345    0.026 0.033 0.024 0.027 0.032  A 189267
   3865.82172 11.338 11.371 11.336 11.353 11.382    0.029 0.046 0.028 0.032 0.036  A 189765
   3867.87488 11.338 11.351 11.346 11.362 11.368    0.028 0.035 0.028 0.032 0.037  A 190102
   3869.85600 11.267 11.265 11.263 11.247 11.215    0.037 0.040 0.040 0.050 0.059  A 190443
   3871.85905 11.304 11.258 11.306 11.305 11.307    0.038 0.061 0.036 0.043 0.049  A 190815
   3875.88497 11.377 11.381 11.380 11.375 11.406    0.033 0.046 0.034 0.041 0.047  A 191253
   3882.82227 11.396 11.360 11.405 11.427 11.426    0.032 0.050 0.033 0.037 0.041  A 192154
   3886.85806 11.329 11.236 11.311 11.305 11.302    0.035 0.052 0.030 0.033 0.038  A 192545
   3889.79996 11.235 11.261 11.250 11.254 11.254    0.040 0.046 0.038 0.043 0.049  A 193041
   3891.82786 11.170 11.150 11.161 11.149 11.144    0.033 0.052 0.028 0.032 0.036  A 193417
   3893.84119 11.152 11.158 11.144 11.159 11.162    0.029 0.033 0.026 0.029 0.032  A 193777
   3896.83774 11.134 11.137 11.136 11.109 11.111    0.034 0.036 0.033 0.038 0.045  A 194100
   3902.81240 11.288 11.281 11.297 11.296 11.309    0.028 0.032 0.028 0.031 0.036  A 195091
   3904.83263 11.349 11.406 11.353 11.348 11.329    0.043 0.080 0.038 0.041 0.043  A 195478
   3906.88999 11.388 11.368 11.401 11.417 11.424    0.034 0.052 0.030 0.033 0.036  A 195876
   3909.74663 11.342 11.279 11.355 11.352 11.337    0.039 0.073 0.033 0.035 0.038  A 196412
   3913.77659 11.399 11.287 11.433 11.443 11.445    0.047 0.083 0.040 0.042 0.044  B 196982
   4176.90531 11.237 11.254 11.197 11.212 11.259    0.061 0.061 0.067 0.078 0.086  D 218602
   4184.90713 11.277 11.285 11.297 11.303 11.304    0.049 0.049 0.053 0.061 0.073  B 219635
   4189.91536 11.295 11.305 11.294 11.293 11.304    0.033 0.038 0.031 0.035 0.041  A 220179
   4193.87487 11.281 11.281 11.320 11.347 11.350    0.033 0.038 0.033 0.039 0.044  A 220816
   4204.87216 11.249 11.235 11.240 11.229 11.228    0.034 0.041 0.032 0.036 0.040  A 222031
   4208.92196 11.275 11.309 11.301 11.296 11.280    0.035 0.039 0.037 0.045 0.052  A 222431
   4215.92362 11.430 11.421 11.455 11.448 11.450    0.047 0.047 0.047 0.055 0.065  A 222780
   4230.91120 11.319 11.326 11.316 11.339 11.339    0.038 0.056 0.034 0.038 0.042  A 223781
   4233.85735 11.264 11.278 11.254 11.230 11.213    0.044 0.049 0.042 0.052 0.060  A 224293
   4245.84442 11.417 11.401 11.366 11.299 11.244    0.057 0.056 0.064 0.077 0.089  D 226108
   4247.81910 11.357 11.349 11.364 11.380 11.377    0.031 0.037 0.029 0.032 0.036  A 226466
   4253.82464 11.375 11.350 11.341 11.333 11.297    0.040 0.044 0.036 0.040 0.047  A 226911
   4258.84019 11.297 11.276 11.298 11.303 11.310    0.033 0.035 0.029 0.034 0.038  A 227585
   4273.77578 11.315 11.340 11.314 11.312 11.323    0.041 0.045 0.030 0.034 0.038  A 228542
   4278.75051 11.388 11.411 11.390 11.391 11.388    0.030 0.032 0.028 0.033 0.038  A 229189
   4285.76563 11.422 11.363 11.436 11.428 11.446    0.049 0.046 0.052 0.059 0.065  B 230024
   4289.75886 11.260 11.227 11.248 11.242 11.232    0.034 0.037 0.029 0.034 0.039  A 230378
   4291.76020 11.191 11.215 11.233 11.257 11.276    0.047 0.050 0.046 0.051 0.054  A 230728
   4293.74294 11.330 11.332 11.320 11.320 11.323    0.038 0.039 0.035 0.039 0.043  A 231090
   4295.75218 11.283 11.273 11.303 11.306 11.304    0.036 0.048 0.029 0.032 0.037  A 231433
   4297.74586 11.328 11.338 11.346 11.349 11.341    0.043 0.046 0.044 0.053 0.062  A 231782
   4299.73432 11.319 11.327 11.337 11.363 11.378    0.033 0.039 0.030 0.033 0.038  A 232150
   4301.70108 11.367 11.343 11.361 11.337 11.344    0.049 0.071 0.041 0.046 0.051  A 232490
   4303.71161 11.369 11.387 11.387 11.408 11.413    0.042 0.053 0.037 0.041 0.044  A 232791
   4305.69951 11.398 11.426 11.381 11.358 11.350    0.041 0.043 0.038 0.040 0.044  A 233154
   4307.68048 11.368 11.368 11.379 11.389 11.387    0.036 0.052 0.032 0.036 0.040  A 233492
   4312.69247 11.358 11.382 11.394 11.405 11.441    0.052 0.075 0.049 0.056 0.065  B 234242
   4315.68636 11.444 11.411 11.438 11.440 11.429    0.036 0.040 0.030 0.032 0.036  A 234584
   4329.64148 11.323 11.355 11.312 11.302 11.281    0.041 0.042 0.038 0.043 0.047  A 235137
   4331.63801 11.377 11.344 11.395 11.397 11.408    0.032 0.041 0.027 0.030 0.033  A 235494
   4333.60238 11.365 11.365 11.372 11.377 11.378    0.031 0.031 0.027 0.030 0.035  A 235843
   4334.79638 11.368 11.334 11.356 11.354 11.355    0.036 0.045 0.030 0.034 0.038  A 236087
   4340.61386 11.345 11.338 11.353 11.358 11.347    0.041 0.053 0.037 0.042 0.049  A 236758
   4342.60798 11.489 11.545 11.497 11.510 11.557    0.053 0.060 0.057 0.068 0.076  B 237087
   4344.60865 11.312 11.281 11.301 11.311 11.313    0.052 0.070 0.042 0.047 0.053  B 237429
   4346.60756 11.265 11.257 11.254 11.273 11.281    0.043 0.054 0.043 0.047 0.050  A 237769
   4348.61080 11.253 11.269 11.260 11.256 11.252    0.033 0.043 0.029 0.032 0.035  A 238124
   4350.61388 11.252 11.219 11.268 11.254 11.268    0.034 0.047 0.033 0.037 0.042  A 238441
   4353.56676 11.300 11.273 11.283 11.288 11.302    0.035 0.039 0.029 0.031 0.036  A 238834
   4355.65262 11.310 11.312 11.311 11.323 11.328    0.034 0.041 0.030 0.033 0.037  A 239178
   4357.67033 11.403 11.390 11.406 11.420 11.430    0.033 0.038 0.028 0.032 0.038  A 239474
   4359.69386 11.377 11.380 11.382 11.372 11.345    0.039 0.042 0.037 0.043 0.050  A 239816
   4362.52435 11.356 11.352 11.380 11.400 11.416    0.030 0.032 0.026 0.031 0.035  A 240136
   4367.54927 99.999 99.999 99.999 99.999 99.999    0.055 0.059 0.059 0.071 0.086  C 240814
   4369.57872 11.170 11.203 11.168 11.171 11.178    0.044 0.048 0.042 0.048 0.057  A 241122
   4371.59607 11.154 11.118 11.186 11.201 11.184    0.045 0.064 0.040 0.045 0.050  A 241457
   4373.60917 11.151 11.185 11.167 11.156 11.159    0.038 0.057 0.034 0.038 0.041  A 241755
   4376.59959 11.155 11.171 11.176 11.180 11.190    0.035 0.047 0.031 0.034 0.038  A 242108
   4378.61481 11.179 11.095 11.159 11.138 11.109    0.043 0.062 0.042 0.048 0.054  A 242413
   4380.64948 11.234 11.270 11.255 11.262 11.255    0.043 0.059 0.041 0.046 0.051  A 242723
   4382.65921 11.293 11.251 11.270 11.283 11.277    0.032 0.035 0.028 0.032 0.036  A 243031
   4385.54766 11.365 11.378 11.350 11.346 11.334    0.035 0.042 0.028 0.032 0.035  A 243459
   4387.55066 11.406 11.364 11.408 11.422 11.450    0.039 0.051 0.033 0.037 0.041  A 243778
   4389.53750 11.405 11.414 11.432 11.448 11.464    0.042 0.044 0.041 0.046 0.052  A 244072
   4399.54051 11.284 11.258 11.308 11.322 11.321    0.041 0.055 0.042 0.051 0.058  A 244809
   4402.57942 11.244 11.242 11.239 11.246 11.257    0.037 0.048 0.034 0.039 0.045  A 245095
   4406.58798 11.184 11.173 11.188 11.178 11.176    0.060 0.060 0.068 0.083 0.097  D 245415
   4409.52464 11.161 11.064 11.177 11.184 11.197    0.043 0.078 0.041 0.041 0.044  A 245833
   4413.52674 11.191 11.196 11.225 11.252 11.251    0.038 0.050 0.034 0.038 0.043  A 246211
   4422.52623 11.340 11.411 11.346 11.338 11.314    0.041 0.055 0.042 0.052 0.060  A 246620
   4426.52593 11.380 11.334 11.367 11.356 11.369    0.039 0.046 0.041 0.049 0.057  A 246910
   4429.52455 11.338 11.334 11.335 11.318 11.308    0.043 0.055 0.040 0.047 0.055  A 247262
   4432.52089 11.310 11.246 11.318 11.321 11.339    0.041 0.062 0.035 0.038 0.042  A 247631
   4436.51762 11.357 11.374 11.331 11.331 11.324    0.045 0.069 0.043 0.047 0.053  A 248118
   4538.90489 11.259 11.229 11.267 11.277 11.256    0.037 0.040 0.038 0.046 0.053  A 260319
   4542.90817 11.149 11.161 11.180 11.185 11.182    0.039 0.042 0.041 0.049 0.058  A 260912
   4546.90682 99.999 99.999 99.999 99.999 99.999    0.044 0.056 0.043 0.052 0.058  C 261529
   4554.89807 11.262 11.293 11.267 11.281 11.289    0.038 0.040 0.041 0.049 0.058  A 262628
   4559.87954 11.280 11.296 11.311 11.324 11.345    0.032 0.037 0.030 0.035 0.040  A 263436
   4563.87947 11.206 11.204 11.190 11.178 11.176    0.034 0.036 0.032 0.036 0.042  A 264104
   4567.87263 11.151 11.113 11.143 11.136 11.130    0.034 0.039 0.032 0.035 0.040  A 264770
   4571.87170 11.096 11.079 11.106 11.096 11.090    0.036 0.041 0.032 0.035 0.040  A 265413
   4574.88039 11.189 11.159 99.999 99.999 99.999    0.031 0.039 0.030 0.034 0.039  C 265918
#ndata= 1
#dataset= 3 ; 1 F2048-16_282
#desig= 200953-1352.0
#cra=   20.164765  20:09:53.2
#cdec= -13.867014 -13:52:01.2
#class= 0
#cmag_0= 11.238
#cmer_0=  0.000
#nskip_0= 0
#cmag_1= 11.267
#cmer_1=  0.000
#nskip_1= 0
#cmag_2= 11.295
#cmer_2=  0.000
#nskip_2= 0
#cmag_3= 11.315
#cmer_3=  0.000
#nskip_3= 0
#cmag_4= 11.347
#cmer_4=  0.000
#nskip_4= 0
#ra=   20.164765  20:09:53.2
#dec= -13.867014 -13:52:01.2
#     HJD      MAG_1  MAG_0  MAG_2  MAG_3  MAG_4    MER_1 MER_0 MER_2 MER_3 MER_4 GRADE FRAME
   2468.70335 11.267 11.238 11.296 11.315 11.347    0.042 0.039 0.031 0.033 0.034  A 11741
#ndata= 27
#dataset= 4 ; 1 F2016-08_326
#desig= 200953-1352.0
#cra=   20.164741  20:09:53.1
#cdec= -13.866112 -13:51:58.0
#class= 0
#cmag_0= 11.291
#cmer_0=  0.086
#nskip_0= 0
#cmag_1= 11.280
#cmer_1=  0.080
#nskip_1= 0
#cmag_2= 11.249
#cmer_2=  0.072
#nskip_2= 0
#cmag_3= 11.251
#cmer_3=  0.072
#nskip_3= 0
#cmag_4= 11.252
#cmer_4=  0.078
#nskip_4= 0
#ra=   20.164741  20:09:53.1
#dec= -13.866112 -13:51:58.0
#     HJD      MAG_1  MAG_0  MAG_2  MAG_3  MAG_4    MER_1 MER_0 MER_2 MER_3 MER_4 GRADE FRAME
   2040.77202 11.389 11.371 11.363 11.392 11.431    0.036 0.069 0.034 0.039 0.043  A 19518
   2167.54190 11.240 11.249 11.237 11.251 11.246    0.032 0.051 0.028 0.031 0.035  A 32057
   2183.49779 11.277 11.243 11.263 11.268 11.257    0.039 0.053 0.034 0.035 0.039  A 33827
   2185.54553 11.290 11.272 11.290 11.276 11.250    0.035 0.050 0.031 0.035 0.039  A 34226
   2190.54494 11.186 11.209 11.164 11.173 11.160    0.037 0.051 0.031 0.032 0.035  A 34899
   2192.55333 11.159 11.101 11.140 11.135 11.116    0.031 0.045 0.026 0.029 0.033  A 35252
   2194.54778 11.148 11.125 11.130 11.126 11.139    0.033 0.049 0.028 0.030 0.033  A 35611
   2197.50545 11.174 11.247 11.139 11.123 11.136    0.036 0.056 0.032 0.033 0.036  A 36086
   2199.55644 11.240 11.256 11.208 11.208 11.206    0.033 0.040 0.026 0.028 0.031  A 36461
   2202.56212 11.303 11.269 11.272 11.257 11.263    0.038 0.053 0.033 0.036 0.039  A 36879
   2212.55921 11.331 11.320 11.320 11.335 11.301    0.037 0.053 0.032 0.035 0.039  A 37886
   2216.50613 11.210 11.208 11.182 11.183 11.167    0.037 0.051 0.031 0.033 0.036  A 38517
   2226.52368 11.323 11.429 11.284 11.274 11.275    0.042 0.054 0.034 0.034 0.036  A 39616
   3453.89622 11.269 11.280 11.273 11.307 11.336    0.040 0.073 0.043 0.050 0.057  A 135741
   3496.91924 11.358 11.435 11.345 11.330 11.330    0.042 0.051 0.041 0.047 0.055  A 141852
   4181.90390 11.262 11.340 11.241 11.252 11.288    0.051 0.055 0.055 0.067 0.078  B 219204
   4185.90620 11.267 11.255 11.213 11.234 11.246    0.038 0.051 0.040 0.048 0.057  A 219783
   4204.88374 11.263 11.263 11.249 11.226 11.217    0.037 0.045 0.036 0.039 0.044  A 222035
   4216.89841 11.380 11.359 11.370 11.365 11.378    0.036 0.044 0.032 0.034 0.038  A 222959
   4230.91343 11.324 11.302 11.285 11.271 11.282    0.034 0.043 0.030 0.034 0.040  A 223782
   4233.85956 11.288 11.340 11.259 11.220 11.167    0.068 0.063 0.080 0.092 0.099  D 224294
   4245.85233 99.999 99.999 99.999 99.999 99.999    0.060 0.066 0.068 0.084 0.103  D 226111
   4247.82132 11.402 11.415 11.386 11.374 11.374    0.031 0.038 0.028 0.033 0.039  A 226467
   4253.81715 11.292 11.346 99.999 99.999 99.999    0.036 0.042 0.033 0.039 0.044  C 226909
   4563.88207 11.232 11.263 11.187 11.186 11.186    0.037 0.050 0.036 0.041 0.046  A 264105
   4567.87872 29.999 29.999 29.999 29.999 29.999    0.033 0.042 0.032 0.035 0.040  C 264772
   4571.87486 11.156 11.197 11.151 11.168 11.182    0.037 0.046 0.031 0.035 0.040  A 265414
