#ndata= 2
#dataset= 1 ; 1 F2016-24_236
#desig= 201415-1706.1
#cra=   20.237590  20:14:15.3
#cdec= -17.101881 -17:06:06.8
#class= 0
#cmag_0=  9.650
#cmer_0=  0.081
#nskip_0= 0
#cmag_1=  9.673
#cmer_1=  0.123
#nskip_1= 0
#cmag_2=  9.664
#cmer_2=  0.111
#nskip_2= 0
#cmag_3=  9.666
#cmer_3=  0.101
#nskip_3= 0
#cmag_4=  9.670
#cmer_4=  0.106
#nskip_4= 0
#ra=   20.237590  20:14:15.3
#dec= -17.101881 -17:06:06.8
#     HJD      MAG_3  MAG_0  MAG_1  MAG_2  MAG_4    MER_3 MER_0 MER_1 MER_2 MER_4 GRADE FRAME
   2140.60001  9.737  9.707  9.759  9.742  9.744    0.040 0.054 0.038 0.037 0.045  A 30167
   3449.90630  9.596  9.593  9.586  9.586  9.595    0.041 0.043 0.032 0.034 0.046  A 135166
#ndata= 25
#dataset= 2 ; 1 F1944-16_280
#desig= 201415-1706.1
#cra=   20.237598  20:14:15.4
#cdec= -17.100973 -17:06:03.5
#class= 0
#cmag_0=  9.637
#cmer_0=  0.029
#nskip_0= 1
#cmag_1=  9.653
#cmer_1=  0.022
#nskip_1= 0
#cmag_2=  9.671
#cmer_2=  0.013
#nskip_2= 0
#cmag_3=  9.678
#cmer_3=  0.016
#nskip_3= 0
#cmag_4=  9.676
#cmer_4=  0.012
#nskip_4= 0
#ra=   20.237598  20:14:15.4
#dec= -17.100973 -17:06:03.5
#     HJD      MAG_3  MAG_0  MAG_1  MAG_2  MAG_4    MER_3 MER_0 MER_1 MER_2 MER_4 GRADE FRAME
   2454.77987  9.623  9.596  9.579  9.608  9.622    0.094 0.078 0.079 0.081 0.112  D 9912
   2487.65968  9.656  9.560  9.592  9.634  9.649    0.051 0.064 0.057 0.047 0.051  B 13489
   2490.58968  9.649  9.628  9.610  9.641  9.655    0.041 0.038 0.038 0.034 0.035  A 14043
   3177.74620  9.672  9.645  9.658  9.674  9.679    0.040 0.037 0.040 0.035 0.046  A 106933
   3552.76022  9.704  9.612  9.659  9.683  9.683    0.036 0.052 0.038 0.034 0.041  A 148505
   3552.76515  9.677  9.643  9.649  9.668  9.683    0.040 0.073 0.043 0.036 0.043  A 148507
   3552.76765  9.669  9.634  9.642  9.672  9.674    0.035 0.049 0.036 0.032 0.039  A 148508
   3552.77015  9.671  9.658  9.659  9.674  9.681    0.052 0.089 0.052 0.047 0.056  D 148509
   3552.77262  9.683  9.646  9.640  9.670  9.688    0.038 0.071 0.041 0.036 0.042  A 148510
   3552.77514  9.690  9.629  9.663  9.678  9.686    0.040 0.075 0.045 0.038 0.044  A 148511
   3552.77761  9.696  9.684  9.640  9.680  9.688    0.035 0.048 0.035 0.032 0.037  A 148512
   3552.78009  9.689  9.644  9.657  9.673  9.675    0.036 0.058 0.039 0.034 0.040  A 148513
   3552.78585  9.676  9.658  9.660  9.671  9.677    0.034 0.048 0.035 0.032 0.037  A 148515
   3552.78837  9.681  9.640  9.675  9.674  9.678    0.037 0.063 0.040 0.034 0.040  A 148516
   3552.79087  9.694  9.682  9.679  9.688  9.691    0.036 0.048 0.036 0.033 0.041  A 148517
   3552.79422  9.694  9.762  9.660  9.681  9.703    0.058 0.097 0.056 0.053 0.062  D 148518
   3552.79678  9.678  9.617  9.655  9.679  9.672    0.038 0.061 0.039 0.035 0.041  A 148519
   3552.80228  9.695  9.661  9.641  9.684  9.694    0.036 0.051 0.037 0.033 0.040  A 148521
   3552.80767  9.689  9.658  9.676  9.671  9.676    0.037 0.066 0.040 0.034 0.040  A 148523
   3552.81320  9.686  9.642  9.664  9.681  9.682    0.036 0.049 0.037 0.033 0.040  A 148525
   3552.81937  9.703  9.575  9.673  9.717  9.685    0.058 0.094 0.054 0.051 0.064  D 148527
   3552.83389  9.672  9.653  9.683  9.675  9.672    0.043 0.057 0.041 0.038 0.049  A 148532
   3552.87867  9.670  9.648  9.669  9.670  9.666    0.044 0.048 0.041 0.039 0.049  A 148547
   3552.90871  9.669  9.622  9.658  9.675  9.661    0.047 0.044 0.043 0.043 0.053  A 148557
   3552.93959  9.682  9.658  9.664  9.678  9.677    0.048 0.060 0.045 0.044 0.054  A 148567
#ndata= 394
#dataset= 3 ; 1 F2016-16_281
#desig= 201415-1706.1
#cra=   20.237548  20:14:15.2
#cdec= -17.101378 -17:06:05.0
#class= 0
#cmag_0=  9.625
#cmer_0=  0.095
#nskip_0= 2
#cmag_1=  9.628
#cmer_1=  0.092
#nskip_1= 4
#cmag_2=  9.625
#cmer_2=  0.093
#nskip_2= 4
#cmag_3=  9.628
#cmer_3=  0.092
#nskip_3= 4
#cmag_4=  9.630
#cmer_4=  0.092
#nskip_4= 3
#ra=   20.237548  20:14:15.2
#dec= -17.101378 -17:06:05.0
#     HJD      MAG_3  MAG_0  MAG_1  MAG_2  MAG_4    MER_3 MER_0 MER_1 MER_2 MER_4 GRADE FRAME
   1978.91296  9.722  9.705  9.724  9.716  9.684    0.079 0.085 0.075 0.069 0.085  D 12155
   1980.90360  9.652  9.675  9.654  9.679  9.669    0.050 0.055 0.049 0.044 0.049  A 12489
   1982.88877  9.622  9.655  9.642  9.640  9.650    0.048 0.052 0.047 0.041 0.045  A 12859
   1984.90242  9.725  9.672  9.697  9.696  9.690    0.049 0.053 0.048 0.043 0.045  A 13078
   1994.89922  9.469  9.460  9.467  9.456  9.465    0.057 0.060 0.054 0.048 0.053  B 13559
   1996.89335  9.471  9.443  9.442  9.446  9.474    0.052 0.063 0.052 0.044 0.051  B 13951
   1998.88554  9.443  9.464  9.469  9.458  9.441    0.050 0.060 0.051 0.043 0.049  A 14355
   2000.88846  9.419  9.433  9.450  9.445  9.438    0.054 0.062 0.053 0.046 0.050  B 14756
   2008.87177  9.522  9.550  9.556  9.565  9.536    0.056 0.067 0.057 0.050 0.056  B 15273
   2009.91726  9.560  9.579  9.572  9.579  9.553    0.064 0.085 0.070 0.058 0.064  D 15493
   2011.87286  9.618  9.592  9.608  9.601  9.633    0.057 0.072 0.059 0.050 0.058  B 15679
   2018.81456  9.636  9.642  9.621  9.618  9.624    0.053 0.073 0.058 0.047 0.054  B 16282
   2021.83165  9.650  9.651  9.656  9.650  9.660    0.055 0.073 0.061 0.051 0.054  B 16919
   2026.81353  9.611  9.612  9.601  9.616  9.605    0.032 0.057 0.033 0.030 0.035  A 17485
   2030.85277  9.614  9.637  9.622  9.610  9.613    0.027 0.032 0.024 0.024 0.030  A 17896
   2031.88998  9.598  9.625  9.598  9.593  9.603    0.027 0.048 0.028 0.025 0.029  A 18124
   2032.92137  9.596  9.575  9.585  9.593  9.599    0.030 0.047 0.028 0.026 0.033  A 18359
   2033.86666  9.594  9.596  9.618  9.601  9.591    0.029 0.042 0.027 0.025 0.031  A 18547
   2034.91174  9.584  9.605  9.581  9.575  9.587    0.032 0.048 0.031 0.029 0.035  A 18774
   2039.80519  9.573  9.631  9.571  9.561  9.582    0.036 0.065 0.042 0.035 0.040  A 19307
   2053.81331  9.633  9.653  9.636  9.629  9.639    0.028 0.048 0.026 0.024 0.031  A 20099
   2054.80529  9.604  9.612  9.602  9.602  9.603    0.031 0.060 0.029 0.028 0.034  A 20320
   2055.79380  9.611  9.594  9.605  9.608  9.609    0.033 0.055 0.031 0.029 0.035  A 20537
   2056.79725  9.604  9.565  9.607  9.609  9.610    0.034 0.063 0.033 0.031 0.038  A 20766
   2057.79146  9.590  9.592  9.596  9.586  9.590    0.026 0.040 0.025 0.023 0.028  A 20990
   2058.79014  9.575  9.567  9.569  9.570  9.573    0.026 0.047 0.027 0.023 0.029  A 21220
   2061.81376  9.559  9.553  9.542  9.556  9.561    0.030 0.053 0.029 0.026 0.034  A 21443
   2064.84091  9.504  9.561  9.520  9.507  9.518    0.057 0.057 0.042 0.046 0.065  A 21633
   2065.77310  9.548  9.500  9.543  9.546  9.547    0.035 0.062 0.032 0.031 0.039  A 21757
   2067.72095  9.533  9.562  9.537  9.530  9.536    0.034 0.056 0.030 0.029 0.039  A 21884
   2080.69574  9.654  9.623  9.645  9.647  9.657    0.028 0.052 0.030 0.026 0.031  A 22922
   2081.75607  9.639  9.597  9.635  9.635  9.632    0.031 0.055 0.032 0.029 0.034  A 23173
   2082.75142  9.661  9.640  9.657  9.661  9.667    0.028 0.053 0.029 0.025 0.032  A 23395
   2083.74584  9.647  9.601  9.654  9.658  9.639    0.048 0.066 0.041 0.041 0.056  A 23638
   2085.78104  9.662  9.628  9.660  9.659  9.654    0.028 0.043 0.028 0.025 0.031  A 23879
   2086.75772  9.681  9.740  9.699  9.682  9.681    0.027 0.044 0.026 0.023 0.030  A 24091
   2087.72407  9.699  9.661  9.705  9.697  9.699    0.030 0.053 0.028 0.026 0.035  A 24300
   2088.72311  9.718  9.717  9.723  9.710  9.723    0.032 0.057 0.033 0.030 0.036  A 24526
   2093.65836  9.666  9.616  9.663  9.658  9.668    0.034 0.062 0.033 0.030 0.037  A 24719
   2094.65856  9.622  9.653  9.634  9.623  9.622    0.031 0.048 0.029 0.027 0.035  A 25008
   2102.67859  9.506  9.524  9.527  9.514  9.509    0.075 0.070 0.056 0.062 0.086  B 25681
   2104.69402  9.520  9.490  9.520  9.523  9.519    0.030 0.049 0.031 0.027 0.034  A 26032
   2105.68448  9.563  9.523  9.556  9.562  9.560    0.027 0.049 0.027 0.024 0.031  A 26249
   2106.68879  9.512  9.486  9.507  9.509  9.510    0.027 0.040 0.026 0.023 0.030  A 26455
   2114.70820  9.635  9.694  9.646  9.641  9.639    0.029 0.045 0.031 0.027 0.031  A 26690
   2116.65725  9.644  9.646  9.645  9.638  9.640    0.028 0.045 0.028 0.025 0.032  A 27093
   2117.65312  9.659  9.652  9.662  9.653  9.659    0.032 0.049 0.032 0.029 0.036  A 27311
   2128.61369  9.886  9.888  9.881  9.876  9.890    0.029 0.043 0.028 0.026 0.032  A 27927
   2129.63567  9.883  9.844  9.881  9.879  9.887    0.028 0.052 0.030 0.024 0.032  A 28151
   2130.63942  9.887  9.873  9.885  9.882  9.889    0.028 0.047 0.027 0.025 0.032  A 28369
   2131.62759  9.890  9.900  9.894  9.888  9.886    0.029 0.050 0.029 0.026 0.032  A 28563
   2132.63529  9.916  9.946  9.911  9.914  9.915    0.026 0.043 0.026 0.023 0.029  A 28782
   2133.62993  9.914  9.948  9.918  9.910  9.919    0.028 0.038 0.025 0.024 0.031  A 28992
   2134.62977  9.883  9.836  9.864  9.877  9.884    0.030 0.044 0.031 0.027 0.032  A 29208
   2135.62458  9.864  9.840  9.861  9.862  9.868    0.031 0.046 0.029 0.026 0.035  A 29420
   2136.62412  9.833  9.803  9.841  9.832  9.838    0.030 0.043 0.030 0.026 0.032  A 29632
   2141.61569  9.693  9.648  9.684  9.692  9.697    0.028 0.040 0.029 0.025 0.030  A 30386
   2143.60675  9.652  9.689  9.650  9.646  9.654    0.031 0.049 0.030 0.027 0.035  A 30786
   2144.60386  9.633  9.567  9.610  9.626  9.632    0.030 0.050 0.030 0.026 0.033  A 30989
   2145.59487  9.630  9.614  9.631  9.625  9.636    0.029 0.044 0.028 0.026 0.033  A 31192
   2156.59308  9.682  9.677  9.679  9.684  9.679    0.044 0.052 0.040 0.038 0.050  A 31630
   2163.55986  9.761  9.722  9.751  9.758  9.767    0.068 0.069 0.050 0.055 0.080  B 31852
   2167.53508  9.858  9.849  9.841  9.855  9.858    0.031 0.050 0.032 0.027 0.034  A 32054
   2169.54884  9.858  9.873  9.836  9.846  9.858    0.032 0.048 0.033 0.029 0.035  A 32401
   2171.56398  9.851  9.841  9.828  9.840  9.850    0.041 0.053 0.038 0.036 0.048  A 32569
   2173.52927  9.825  9.820  9.827  9.827  9.825    0.030 0.042 0.031 0.027 0.033  A 32934
   2175.53117  9.807  9.817  9.806  9.802  9.813    0.047 0.055 0.041 0.041 0.053  A 33252
   2183.50212  9.701  9.649  9.699  9.689  9.704    0.033 0.050 0.037 0.031 0.036  A 33829
   2185.54319  9.684  9.702  9.656  9.672  9.692    0.035 0.051 0.038 0.033 0.038  A 34225
   2190.54258  9.686  9.661  9.681  9.680  9.688    0.030 0.044 0.034 0.028 0.033  A 34898
   2192.54189  9.725  9.699  9.737  9.724  9.726    0.027 0.034 0.029 0.024 0.031  A 35247
   2194.54315  9.730  9.734  9.728  9.720  9.733    0.027 0.039 0.029 0.024 0.030  A 35609
   2196.55432  9.743  9.701  9.769  9.748  9.745    0.029 0.049 0.030 0.026 0.032  A 35925
   2198.54476  9.747  9.745  9.768  9.750  9.755    0.030 0.046 0.032 0.027 0.033  A 36275
   2201.53873  9.749  9.751  9.752  9.740  9.750    0.031 0.050 0.035 0.030 0.035  A 36701
   2212.54308  9.624  9.604  9.609  9.613  9.628    0.034 0.050 0.036 0.031 0.037  A 37879
   2218.53964  9.536  9.521  9.521  9.521  9.549    0.107 0.086 0.082 0.090 0.125  D 38832
   2224.50812  9.611  9.608  9.593  9.607  9.609    0.037 0.055 0.044 0.035 0.037  A 39293
   2227.51719  9.673  9.666  9.671  9.655  9.671    0.034 0.053 0.041 0.033 0.035  A 39766
   2442.74495  9.476  9.452  9.481  9.470  9.477    0.038 0.039 0.043 0.036 0.041  A 8531
   2443.74211  9.463  9.460  9.465  9.461  9.468    0.019 0.022 0.026 0.018 0.020  A 8717
   2444.74412  9.450  9.458  9.440  9.445  9.453    0.022 0.025 0.026 0.020 0.023  A 8923
   2445.73064  9.446  9.402  9.464  9.449  9.454    0.021 0.025 0.026 0.020 0.024  A 9134
   2446.74232  9.439  9.420  9.446  9.444  9.435    0.025 0.028 0.032 0.023 0.026  A 9302
   2454.77987  9.606  9.603  9.600  9.593  9.611    0.093 0.078 0.079 0.081 0.111  D 9912
   2455.75211  9.584  9.659  9.620  9.592  9.602    0.090 0.076 0.074 0.077 0.105  D 9979
   2464.69611  9.595  9.599  9.587  9.584 99.999    0.029 0.029 0.031 0.025 0.024  C 10863
   2464.71410  9.617  9.588  9.594  9.604  9.613    0.030 0.031 0.036 0.027 0.027  A 10871
   2465.69534  9.547  9.567  9.553  9.557  9.567    0.032 0.029 0.032 0.026 0.026  A 11083
   2466.69268  9.540  9.553  9.531  9.528  9.549    0.024 0.028 0.031 0.022 0.023  A 11300
   2467.68967  9.545  9.532  9.543  9.535  9.543    0.020 0.025 0.028 0.019 0.020  A 11518
   2468.70335  9.510  9.517  9.499  9.506  9.520    0.025 0.031 0.034 0.024 0.026  A 11741
   2470.64774  9.491  9.469  9.504  9.472  9.481    0.030 0.032 0.033 0.026 0.026  A 11998
   2473.66256  9.453  9.438  9.439  9.447  9.443    0.036 0.034 0.034 0.030 0.030  A 12693
   2474.69808  9.410  9.435  9.416  9.398  9.431    0.031 0.033 0.036 0.029 0.028  A 12875
   2482.56846  9.583  9.584  9.581  9.573  9.579    0.045 0.051 0.044 0.039 0.041  A 13125
   2486.64956  9.603  9.599  9.592  9.598  9.613    0.041 0.043 0.041 0.035 0.039  A 13326
   2487.65968  9.609  9.563  9.575  9.593  9.605    0.049 0.066 0.056 0.045 0.051  B 13489
   2490.58968  9.614  9.641  9.606  9.611  9.625    0.043 0.040 0.042 0.037 0.038  A 14043
   2490.65000  9.635  9.640  9.626  9.609  9.629    0.041 0.037 0.038 0.034 0.035  A 14069
   2491.63881 99.999 99.999 99.999 99.999 99.999    0.044 0.047 0.044 0.038 0.041  C 14238
   2493.63422  9.618  9.628  9.612  9.635  9.639    0.042 0.042 0.040 0.036 0.036  A 14471
   2494.63530  9.637  9.634  9.625  9.638  9.642    0.050 0.050 0.047 0.043 0.047  A 14662
   2495.63920  9.637  9.626  9.632  9.626  9.634    0.035 0.036 0.034 0.029 0.029  A 14801
   2497.63433  9.636  9.635  9.638  9.635 99.999    0.028 0.031 0.032 0.025 0.024  C 15223
   2499.62491  9.652  9.637  9.648  9.654  9.652    0.023 0.027 0.029 0.022 0.022  A 15641
   2501.61979  9.694  9.659  9.703  9.675  9.697    0.027 0.031 0.033 0.024 0.024  A 16000
   2502.63112  9.684  9.677  9.701  9.674  9.683    0.033 0.033 0.034 0.029 0.028  A 16216
   2503.62682  9.721  9.685  9.692  9.715  9.719    0.056 0.054 0.052 0.050 0.055  B 16418
   2508.63134  9.781  9.758  9.787  9.769  9.761    0.045 0.047 0.045 0.040 0.042  A 16789
   2510.62674  9.955  9.880  9.954  9.998  9.936    0.036 0.032 0.040 0.034 0.036  A 16970
   2511.66485  9.819  9.771  9.802  9.786  9.810    0.061 0.066 0.061 0.056 0.064  B 17103
   2520.59168  9.678  9.643  9.677  9.680  9.679    0.019 0.027 0.023 0.018 0.022  A 18181
   2521.60137  9.653  9.658  9.650  9.657  9.659    0.021 0.027 0.024 0.019 0.022  A 18381
   2529.56396  9.574  9.579  9.587  9.558  9.584    0.044 0.060 0.047 0.039 0.043  A 19044
   2540.56603  9.708  9.725  9.715  9.722  9.693    0.047 0.061 0.048 0.042 0.046  A 19681
   2543.63711  9.708  9.725  9.701  9.715  9.702    0.038 0.035 0.035 0.033 0.041  A 19894
   2544.56670  9.682  9.694  9.673  9.684  9.692    0.032 0.033 0.034 0.029 0.035  A 19952
   2545.61369  9.665  9.655  9.675  9.670  9.665    0.022 0.029 0.024 0.021 0.024  A 20161
   2548.63136  9.624  9.607  9.636  9.632  9.634    0.026 0.035 0.033 0.024 0.025  A 20590
   2551.54365  9.572  9.582  9.579  9.572  9.573    0.054 0.076 0.058 0.050 0.054  B 20919
   2552.60332  9.598  9.642  9.619  9.604  9.600    0.047 0.050 0.046 0.041 0.042  A 21130
   2553.62090  9.639  9.677  9.640  9.634  9.639    0.024 0.044 0.035 0.023 0.026  A 21318
   2556.54703  9.684  9.661  9.671  9.664  9.684    0.050 0.066 0.057 0.048 0.050  B 21653
   2563.48974  9.801  9.784  9.816  9.771  9.787    0.031 0.032 0.033 0.027 0.034  A 22852
   2564.55152  9.811  9.812  9.820  9.808  9.804    0.031 0.035 0.033 0.028 0.032  A 23056
   2565.59090  9.789  9.811  9.803  9.792  9.797    0.029 0.030 0.031 0.026 0.033  A 23251
   2578.54962  9.615  9.636  9.618  9.613  9.628    0.026 0.031 0.032 0.024 0.025  A 24909
   2579.55588  9.630  9.641  9.646  9.630  9.614    0.027 0.034 0.034 0.027 0.027  A 25075
   2707.90387  9.657  9.654  9.647  9.656  9.665    0.062 0.048 0.049 0.051 0.071  B 44323
   2710.90532  9.679  9.671  9.680  9.678  9.678    0.042 0.037 0.036 0.035 0.047  A 44866
   2728.87115  9.717  9.727  9.721  9.713  9.720    0.042 0.039 0.039 0.037 0.048  A 47958
   2731.89583  9.683  9.666  9.703  9.693  9.682    0.026 0.028 0.029 0.024 0.029  A 48438
   2734.88606  9.663  9.673  9.668  9.663  9.665    0.024 0.026 0.023 0.021 0.027  A 48927
   2737.86829  9.655  9.638  9.671  9.653  9.643    0.036 0.030 0.034 0.031 0.039  A 49520
   2740.86066  9.614  9.632  9.610  9.609  9.615    0.025 0.027 0.026 0.022 0.028  A 50041
   2743.86325  9.612  9.625  9.651  9.617  9.611    0.025 0.029 0.039 0.023 0.027  A 50641
   2747.91388  9.568  9.515  9.557  9.557  9.564    0.042 0.045 0.036 0.037 0.051  A 51121
   2755.81445  9.543  9.598  9.543  9.538  9.553    0.020 0.024 0.022 0.019 0.022  A 52537
   2757.86194  9.560  9.577  9.552  9.559  9.558    0.023 0.031 0.022 0.021 0.026  A 52971
   2760.83508  9.627  9.608  9.666  9.626  9.603    0.039 0.038 0.044 0.036 0.043  A 53509
   2764.87835  9.653  9.653  9.662  9.647  9.657    0.033 0.036 0.028 0.029 0.038  A 54350
   2765.84694 99.999  9.665  9.662 99.999 99.999    0.023 0.026 0.023 0.021 0.026  C 54408
   2769.88625  9.643  9.650  9.650  9.643  9.652    0.034 0.048 0.029 0.030 0.039  A 54757
   2782.87540  9.527  9.500  9.565  9.533  9.524    0.022 0.032 0.027 0.021 0.024  A 55808
   2784.80946  9.500  9.504  9.503  9.501  9.502    0.023 0.026 0.025 0.021 0.025  A 56206
   2786.79741  9.513  9.531  9.530  9.511  9.514    0.026 0.029 0.039 0.024 0.027  A 56634
   2802.82537  9.523  9.530  9.528  9.524  9.516    0.052 0.048 0.042 0.043 0.059  A 58792
   2804.74889  9.503  9.504  9.511  9.496  9.511    0.036 0.031 0.031 0.031 0.041  A 59091
   2808.80902  9.485  9.489  9.482  9.490  9.489    0.029 0.031 0.030 0.024 0.033  A 59367
   2810.73278  9.486  9.480  9.476  9.480  9.489    0.025 0.026 0.026 0.022 0.027  A 59770
   2812.72666  9.478  9.515  9.484  9.483  9.480    0.023 0.028 0.024 0.021 0.024  A 60220
   2815.85996  9.526  9.522  9.541  9.531  9.527    0.025 0.033 0.028 0.023 0.027  A 60846
   2819.78819  9.609  9.603  9.595  9.602  9.615    0.029 0.028 0.029 0.025 0.032  A 61354
   2821.76031  9.661  9.634  9.665  9.656  9.667    0.023 0.026 0.024 0.020 0.025  A 61784
   2830.68290  9.572  9.579  9.552  9.571  9.572    0.023 0.023 0.026 0.021 0.025  A 62528
   2831.89522  9.547  9.567  9.521  9.545  9.548    0.028 0.027 0.030 0.024 0.031  A 62838
   2836.73424  9.497  9.515  9.464  9.492  9.510    0.038 0.032 0.032 0.032 0.045  A 63718
   2843.68590  9.614  9.597  9.617  9.611  9.615    0.031 0.029 0.031 0.028 0.034  A 64928
   2851.68918  9.514  9.522  9.516  9.515  9.523    0.024 0.022 0.026 0.020 0.026  A 65461
   2853.81639  9.463  9.435  9.509  9.472  9.451    0.055 0.048 0.050 0.050 0.062  B 65734
   2855.70077  9.420  9.418  9.404  9.414  9.419    0.046 0.040 0.043 0.040 0.050  A 66086
   2858.74252  9.414  9.387  9.439  9.413  9.410    0.024 0.026 0.027 0.022 0.026  A 66364
   2864.73838  9.539  9.583  9.542  9.546  9.546    0.036 0.035 0.037 0.031 0.040  A 67403
   2867.60129  9.653  9.661  9.653  9.641  9.658    0.025 0.028 0.026 0.022 0.026  A 67745
   2871.79748  9.724  9.747  9.730  9.721  9.729    0.037 0.032 0.032 0.032 0.040  A 68017
   2874.63084  9.720  9.712  9.738  9.723  9.724    0.022 0.024 0.023 0.020 0.024  A 68365
   2876.61867  9.704  9.721  9.698  9.701  9.708    0.021 0.027 0.023 0.020 0.023  A 68752
   2878.61855  9.627  9.641  9.639  9.630  9.635    0.052 0.042 0.044 0.045 0.058  A 69146
   2880.66235  9.599  9.637  9.609  9.596  9.596    0.071 0.055 0.055 0.061 0.082  B 69383
   2884.75564  9.522  9.553  9.511  9.529  9.529    0.029 0.031 0.033 0.027 0.030  A 69867
   2886.57843  9.520  9.540  9.515  9.517  9.519    0.022 0.026 0.024 0.020 0.024  A 70210
   2892.57638  9.598  9.580  9.612  9.606  9.599    0.034 0.049 0.037 0.030 0.038  A 70650
   2893.68364  9.634  9.666  9.655  9.639  9.635    0.038 0.039 0.045 0.034 0.039  A 70898
   2895.64152  9.658  9.685  9.685  9.662  9.657    0.029 0.029 0.031 0.025 0.031  A 71272
   2897.65301  9.714  9.680  9.725  9.724  9.718    0.031 0.038 0.049 0.030 0.030  A 71677
   2899.63262  9.785  9.852  9.792  9.787  9.786    0.072 0.063 0.064 0.064 0.079  B 72032
   2904.66415  9.650  9.669  9.688  9.653  9.638    0.066 0.058 0.060 0.057 0.072  B 72868
   2906.66467  9.599  9.629  9.590  9.591  9.603    0.025 0.028 0.025 0.023 0.029  A 73191
   2909.65988  9.544  9.554  9.531  9.544  9.549    0.023 0.030 0.029 0.021 0.026  A 73603
   2911.62043  9.551  9.555  9.556  9.542  9.551    0.022 0.030 0.027 0.021 0.024  A 73907
   2918.51688  9.658  9.690  9.682  9.666  9.678    0.061 0.061 0.058 0.055 0.071  B 74854
   2921.64355  9.728  9.754  9.750  9.739  9.720    0.040 0.032 0.031 0.033 0.048  A 75086
   2923.62525  9.793  9.820  9.800  9.798  9.799    0.038 0.035 0.032 0.033 0.042  A 75451
   2926.62107  9.724  9.776  9.731  9.733  9.733    0.032 0.033 0.032 0.029 0.034  A 75809
   2928.62083  9.709  9.716  9.717  9.706  9.714    0.032 0.029 0.032 0.029 0.034  A 76183
   2930.61762 99.999  9.694  9.660 99.999 99.999    0.029 0.027 0.025 0.025 0.034  C 76532
   2932.61100  9.635  9.620  9.644  9.633  9.636    0.029 0.028 0.026 0.025 0.035  A 76885
   2934.60541  9.609  9.612  9.607  9.610  9.606    0.030 0.034 0.028 0.026 0.033  A 77235
   2939.60942  9.650  9.662  9.641  9.652  9.650    0.030 0.032 0.030 0.026 0.032  A 77804
   2945.50250  9.733  9.723  9.747  9.744  9.735    0.043 0.040 0.037 0.036 0.048  A 78647
   2947.55877  9.756  9.753  9.792  9.763  9.755    0.038 0.046 0.039 0.033 0.043  A 78975
   2950.54430  9.765  9.782  9.766  9.759  9.770    0.038 0.035 0.030 0.031 0.043  A 79410
   2954.57467  9.700  9.724  9.689  9.698  9.709    0.037 0.035 0.033 0.032 0.043  A 79918
   2957.52128  9.668  9.602  9.661  9.670  9.661    0.042 0.033 0.033 0.037 0.046  A 80331
   2959.53309  9.598  9.617  9.593  9.589  9.596    0.077 0.055 0.057 0.065 0.090  D 80627
   2964.52232  9.554  9.546  9.563  9.550  9.555    0.031 0.030 0.026 0.026 0.035  A 81299
   2973.51533  9.751  9.770  9.754  9.749 99.999    0.040 0.032 0.033 0.033 0.046  C 82421
   3074.90460  9.680  9.653  9.680  9.677  9.686    0.057 0.047 0.048 0.050 0.063  B 94086
   3088.90980  9.587  9.592  9.599  9.590  9.581    0.052 0.042 0.045 0.047 0.061  A 95860
   3093.89438  9.591  9.608  9.595  9.592  9.606    0.052 0.041 0.043 0.046 0.057  A 96582
   3098.89791  9.579  9.608  9.579  9.584  9.582    0.034 0.028 0.030 0.029 0.038  A 97061
   3103.88207  9.655  9.658  9.670  9.655  9.658    0.057 0.050 0.049 0.050 0.064  B 97831
   3114.87257  9.677  9.670  9.683  9.675  9.677    0.035 0.033 0.031 0.030 0.040  A 99573
   3118.91716  9.672  9.665  9.688  9.676  9.675    0.034 0.029 0.033 0.030 0.038  A 100019
   3126.89021  9.698  9.655  9.689  9.696  9.702    0.044 0.045 0.040 0.039 0.049  A 100961
   3142.83469  9.620  9.616  9.638  9.619  9.622    0.027 0.027 0.028 0.024 0.030  A 103174
   3146.80920  9.603  9.631  9.615  9.611  9.604    0.038 0.031 0.031 0.033 0.045  A 103578
   3152.86570  9.641  9.675  9.634  9.636  9.647    0.037 0.031 0.031 0.031 0.043  A 103675
   3154.85222  9.671  9.687  9.673  9.666  9.673    0.027 0.032 0.026 0.024 0.030  A 104013
   3158.76819  9.658  9.640  9.652  9.659  9.664    0.046 0.040 0.038 0.039 0.051  A 104448
   3164.83302  9.622  9.596  9.632  9.622  9.621    0.029 0.033 0.030 0.025 0.032  A 105265
   3170.79804  9.630  9.638  9.643  9.618  9.623    0.033 0.034 0.035 0.029 0.037  A 106063
   3177.74620  9.659  9.655  9.663  9.658  9.670    0.048 0.039 0.043 0.042 0.055  A 106933
   3177.76784  9.630  9.640  9.626  9.631  9.637    0.044 0.037 0.040 0.038 0.050  A 106941
   3179.82540  9.650  9.678  9.660  9.644  9.647    0.029 0.034 0.027 0.025 0.032  A 107264
   3182.77076  9.630  9.670  9.618  9.618  9.635    0.057 0.053 0.055 0.051 0.066  B 107548
   3185.72008  9.660  9.657  9.668  9.658  9.664    0.039 0.036 0.033 0.033 0.043  A 107959
   3187.75344  9.597  9.596  9.602  9.594  9.603    0.032 0.029 0.028 0.027 0.036  A 108312
   3191.76013  9.598  9.579  9.587  9.590  9.610    0.043 0.037 0.036 0.036 0.051  A 108766
   3273.53340  9.630  9.642  9.636  9.623  9.629    0.039 0.055 0.038 0.034 0.044  A 116170
   3275.64449  9.559  9.600  9.576  9.576  9.558    0.068 0.050 0.047 0.052 0.081  B 116464
   3278.55888  9.586  9.555  9.606  9.587  9.590    0.032 0.039 0.031 0.028 0.036  A 116818
   3280.58663  9.561  9.521  9.597  9.562  9.561    0.030 0.033 0.028 0.026 0.035  A 117085
   3293.62831  9.576  9.579  9.567  9.577  9.584    0.046 0.040 0.040 0.039 0.055  A 118312
   3296.54141  9.519  9.511  9.494  9.513  9.524    0.026 0.034 0.033 0.024 0.030  A 118632
   3449.90630  9.579  9.598  9.577  9.572  9.583    0.044 0.049 0.035 0.036 0.050  A 135166
   3453.89129  9.546  9.510  9.531  9.540  9.550    0.037 0.050 0.033 0.033 0.043  A 135739
   3457.88223  9.565  9.559  9.567  9.566  9.566    0.036 0.044 0.032 0.031 0.042  A 136440
   3466.88166  9.687  9.678  9.674  9.677  9.701    0.055 0.042 0.043 0.046 0.065  A 137912
   3470.87964  9.690  9.680  9.686  9.686  9.691    0.033 0.032 0.027 0.028 0.038  A 138481
   3474.86633  9.623  9.614  9.646  9.627  9.611    0.036 0.042 0.030 0.030 0.043  A 139115
   3478.85080  9.597  9.525  9.587  9.601  9.605    0.071 0.063 0.053 0.061 0.084  B 139795
   3481.87906  9.574  9.601  9.568  9.561  9.567    0.067 0.104 0.060 0.059 0.078  D 140257
   3496.89987  9.594  9.590  9.591  9.587  9.599    0.042 0.040 0.036 0.036 0.050  A 141845
   3500.88686  9.578  9.573  9.550  9.571  9.584    0.031 0.039 0.029 0.027 0.036  A 142355
   3508.88480  9.569  9.550  9.589  9.570  9.565    0.026 0.030 0.028 0.023 0.029  A 143322
   3511.82392  9.635  9.625  9.636  9.633  9.636    0.040 0.055 0.036 0.036 0.044  A 143734
   3515.82750  9.642  9.600  9.644  9.645  9.643    0.048 0.037 0.036 0.040 0.055  A 144111
   3520.85504  9.699  9.764  9.713  9.700  9.704    0.040 0.052 0.035 0.035 0.046  A 144744
   3522.84986  9.666  9.673  9.671  9.667  9.666    0.032 0.036 0.028 0.027 0.036  A 145085
   3525.79517  9.683  9.651  9.680  9.680  9.685    0.030 0.040 0.028 0.027 0.034  A 145546
   3528.78510  9.664  9.654  9.662  9.661  9.665    0.037 0.038 0.033 0.034 0.042  A 146059
   3539.82105  9.748  9.769  9.724  9.730  9.759    0.116 0.082 0.080 0.093 0.139  D 147093
   3542.74916  9.671  9.629  9.662  9.664  9.676    0.051 0.050 0.039 0.043 0.059  A 147458
   3550.78178 10.084 10.173 10.102 10.082 10.087    0.035 0.061 0.034 0.032 0.040  A 148259
   3553.77326  9.696  9.692  9.687  9.689  9.696    0.027 0.035 0.028 0.023 0.030  A 148625
   3556.71348  9.685  9.645  9.683  9.681  9.689    0.027 0.041 0.024 0.024 0.030  A 149090
   3559.75368  9.653  9.715  9.681  9.669  9.640    0.054 0.091 0.050 0.048 0.059  D 149445
   3561.79216  9.749  9.793  9.719  9.745  9.752    0.041 0.085 0.045 0.039 0.042  B 149795
   3563.82638  9.682  9.691  9.672  9.679  9.679    0.034 0.038 0.031 0.030 0.040  A 150147
   3568.81886  9.695  9.698  9.708  9.701  9.697    0.030 0.042 0.031 0.027 0.034  A 150438
   3570.70547  9.700  9.681  9.703  9.696  9.703    0.030 0.033 0.029 0.026 0.035  A 150782
   3574.71194  9.663  9.691  9.654  9.662  9.665    0.033 0.042 0.032 0.028 0.038  A 151310
   3576.72916  9.676  9.707  9.680  9.672  9.675    0.030 0.058 0.033 0.027 0.034  A 151674
   3578.70488  9.601  9.590  9.602  9.597  9.600    0.036 0.078 0.041 0.035 0.039  A 151999
   3582.78373  9.559  9.547  9.563  9.556  9.559    0.037 0.059 0.036 0.034 0.041  A 152696
   3584.74413  9.555  9.544  9.556  9.557  9.556    0.031 0.035 0.028 0.028 0.035  A 153046
   3586.68488  9.606  9.726  9.647  9.622  9.611    0.037 0.080 0.042 0.036 0.040  A 153371
   3588.71601  9.618  9.631  9.634  9.621  9.610    0.069 0.067 0.054 0.058 0.080  B 153688
   3591.62876  9.647  9.688  9.636  9.636  9.654    0.062 0.074 0.047 0.052 0.073  B 154180
   3597.65939  9.685  9.680  9.703  9.689  9.686    0.048 0.035 0.032 0.038 0.057  A 155135
   3601.64149  9.619  9.565  9.599  9.608  9.621    0.044 0.065 0.039 0.036 0.049  A 155559
   3603.64865  9.646  9.636  9.662  9.646  9.648    0.033 0.045 0.031 0.028 0.037  A 155886
   3606.65251  9.593  9.597  9.600  9.591  9.601    0.077 0.062 0.059 0.063 0.090  D 156202
   3616.59837  9.504  9.514  9.515  9.501  9.506    0.028 0.029 0.028 0.024 0.032  A 157044
   3618.72480  9.518  9.492  9.494  9.509  9.520    0.039 0.061 0.038 0.035 0.043  A 157312
   3621.53068  9.617  9.575  9.587  9.604  9.637    0.051 0.038 0.034 0.041 0.063  A 157702
   3624.57984  9.689  9.687  9.678  9.685  9.691    0.027 0.035 0.030 0.024 0.030  A 158025
   3629.56046  9.730  9.709  9.746  9.729  9.731    0.037 0.048 0.035 0.032 0.043  A 158589
   3631.56065  9.707  9.681  9.717  9.706  9.713    0.039 0.048 0.036 0.034 0.046  A 158928
   3633.57604  9.677  9.655  9.669  9.671  9.676    0.035 0.045 0.031 0.030 0.040  A 159204
   3635.62184  9.659  9.624  9.644  9.654  9.649    0.072 0.063 0.055 0.059 0.084  B 159534
   3638.66991  9.688  9.643  9.706  9.695  9.692    0.040 0.050 0.038 0.037 0.044  A 159794
   3641.64331  9.705  9.732  9.718  9.704  9.707    0.028 0.043 0.029 0.025 0.032  A 160178
   3643.68506  9.688  9.673  9.688  9.680  9.692    0.036 0.037 0.034 0.033 0.042  A 160469
   3647.58159  9.655  9.645  9.658  9.653  9.659    0.025 0.027 0.027 0.022 0.028  A 160885
   3651.64074  9.589  9.567  9.595  9.590  9.590    0.033 0.042 0.031 0.030 0.036  A 161447
   3656.49649  9.564  9.548  9.557  9.557  9.566    0.044 0.076 0.042 0.040 0.048  A 162130
   3658.56543  9.514  9.489  9.519  9.515  9.514    0.046 0.079 0.045 0.041 0.051  A 162448
   3660.58299  9.536  9.492  9.535  9.535  9.542    0.045 0.060 0.041 0.040 0.054  A 162765
   3662.61275  9.549  9.513  9.538  9.553  9.558    0.114 0.073 0.078 0.093 0.137  D 163057
   3664.61649  9.580  9.587  9.583  9.574  9.584    0.034 0.034 0.027 0.030 0.039  A 163350
   3668.57794  9.629  9.637  9.638  9.627  9.626    0.028 0.042 0.029 0.026 0.031  A 163811
   3670.61022  9.651  9.646  9.633  9.647  9.650    0.028 0.035 0.028 0.026 0.032  A 164106
   3673.55339  9.679  9.710  9.673  9.680  9.680    0.027 0.047 0.029 0.025 0.031  A 164518
   3676.53968  9.683  9.711  9.686  9.679  9.682    0.036 0.075 0.039 0.034 0.039  A 164942
   3679.51811  9.583  9.548  9.560  9.577  9.594    0.062 0.088 0.058 0.056 0.071  B 165275
   3699.51385  9.586  9.507  9.576  9.578  9.596    0.051 0.064 0.043 0.043 0.060  A 167862
   3702.51999  9.622  9.605  9.609  9.613  9.633    0.032 0.031 0.028 0.028 0.036  A 168265
   3800.90102  9.608  9.578  9.611  9.603  9.612    0.066 0.051 0.045 0.052 0.079  B 180746
   3805.90321  9.616  9.589  9.612  9.610  9.620    0.052 0.045 0.038 0.043 0.061  A 181398
   3810.90651  9.545  9.526  9.535  9.541  9.553    0.046 0.049 0.036 0.039 0.054  A 182065
   3814.90950  9.567  9.569  9.566  9.568  9.567    0.052 0.043 0.037 0.042 0.061  A 182710
   3821.89547  9.643  9.621  9.639  9.644  9.641    0.041 0.041 0.034 0.035 0.048  A 183824
   3825.89914  9.694  9.714  9.696  9.688  9.691    0.057 0.041 0.038 0.046 0.068  B 184490
   3829.88534  9.622  9.619  9.627  9.620  9.622    0.039 0.043 0.030 0.033 0.045  A 185159
   3833.88433  9.521  9.500  9.516  9.511  9.518    0.051 0.041 0.035 0.041 0.061  A 185855
   3849.86946  9.682  9.630  9.679  9.683  9.682    0.032 0.049 0.031 0.029 0.036  A 187175
   3852.90531  9.734  9.714  9.715  9.726  9.733    0.048 0.038 0.038 0.040 0.054  A 187697
   3856.85590 99.999 99.999 99.999 99.999 99.999    0.048 0.051 0.040 0.042 0.055  C 188308
   3859.86772  9.594  9.542  9.577  9.582  9.604    0.045 0.050 0.040 0.039 0.050  A 188746
   3862.84777  9.558  9.540  9.563  9.558  9.569    0.027 0.033 0.026 0.024 0.032  A 189267
   3865.82172  9.555  9.536  9.558  9.555  9.556    0.032 0.046 0.029 0.028 0.036  A 189765
   3867.87488  9.541  9.558  9.517  9.528  9.546    0.032 0.035 0.028 0.028 0.037  A 190102
   3869.85600  9.554  9.518  9.545  9.545  9.552    0.050 0.040 0.037 0.040 0.059  A 190443
   3871.85905  9.499  9.474  9.481  9.499  9.495    0.043 0.061 0.038 0.036 0.049  A 190815
   3875.88497  9.486  9.485  9.500  9.488  9.491    0.041 0.046 0.033 0.034 0.047  A 191253
   3882.82227  9.553  9.577  9.558  9.555  9.551    0.037 0.050 0.032 0.033 0.041  A 192154
   3886.85806  9.587  9.618  9.581  9.579  9.594    0.033 0.052 0.035 0.030 0.038  A 192545
   3889.79996  9.550  9.518  9.543  9.544  9.555    0.043 0.046 0.040 0.038 0.049  A 193041
   3891.82786  9.560  9.559  9.575  9.562  9.570    0.032 0.052 0.033 0.028 0.036  A 193417
   3893.84119  9.585  9.556  9.576  9.576  9.585    0.029 0.033 0.029 0.026 0.032  A 193777
   3896.83774  9.668  9.626  9.681  9.674  9.653    0.038 0.036 0.034 0.033 0.045  A 194100
   3902.81240  9.696  9.669  9.695  9.695  9.704    0.031 0.032 0.028 0.028 0.036  A 195091
   3904.83263  9.652  9.657  9.658  9.647  9.664    0.041 0.080 0.043 0.038 0.043  A 195478
   3906.88999  9.635  9.605  9.622  9.629  9.640    0.033 0.052 0.034 0.030 0.036  A 195876
   3909.74663  9.543  9.518  9.514  9.526  9.537    0.035 0.073 0.039 0.033 0.038  A 196412
   3913.77659  9.511  9.522  9.518  9.511  9.510    0.042 0.083 0.047 0.040 0.044  B 196982
   4167.90160  9.585  9.550  9.589  9.589  9.583    0.045 0.044 0.036 0.037 0.050  A 217405
   4176.90531  9.551  9.570  9.562  9.544  9.554    0.078 0.061 0.061 0.067 0.086  D 218602
   4180.90613  9.500  9.467  9.500  9.490  9.506    0.064 0.050 0.049 0.053 0.074  B 219081
   4184.90713  9.576  9.572  9.572  9.566  9.587    0.061 0.049 0.049 0.053 0.073  B 219635
   4189.91536  9.627  9.638  9.601  9.622  9.632    0.035 0.038 0.033 0.031 0.041  A 220179
   4193.87487  9.608  9.611  9.608  9.606  9.612    0.039 0.038 0.033 0.033 0.044  A 220816
   4204.87216  9.453  9.424  9.465  9.448  9.455    0.036 0.041 0.034 0.032 0.040  A 222031
   4208.92196  9.488  9.502  9.490  9.491  9.485    0.045 0.039 0.035 0.037 0.052  A 222431
   4215.92362  9.634  9.612  9.622  9.631  9.629    0.055 0.047 0.047 0.047 0.065  A 222780
   4230.91120  9.578  9.578  9.547  9.573  9.583    0.038 0.056 0.038 0.034 0.042  A 223781
   4233.85735  9.518  9.525  9.514  9.519  9.523    0.052 0.049 0.044 0.042 0.060  A 224293
   4245.84442  9.525  9.535  9.520  9.522  9.530    0.077 0.056 0.057 0.064 0.089  D 226108
   4247.81910  9.481  9.472  9.497  9.478  9.481    0.032 0.037 0.031 0.029 0.036  A 226466
   4253.82464  9.385  9.398  9.406  9.381  9.387    0.040 0.044 0.040 0.036 0.047  A 226911
   4258.84019  9.467  9.429  9.479  9.466  9.469    0.034 0.035 0.033 0.029 0.038  A 227585
   4273.77578  9.599  9.613  9.591  9.600  9.603    0.034 0.045 0.041 0.030 0.038  A 228542
   4278.75051  9.473  9.498  9.465  9.473  9.477    0.033 0.032 0.030 0.028 0.038  A 229189
   4285.76563  9.574  9.541  9.542  9.562  9.578    0.059 0.046 0.049 0.052 0.065  B 230024
   4289.75886  9.555  9.557  9.534  9.551  9.564    0.034 0.037 0.034 0.029 0.039  A 230378
   4291.76020  9.591  9.579  9.561  9.580  9.597    0.051 0.050 0.047 0.046 0.054  A 230728
   4293.74294  9.550  9.556  9.543  9.551  9.557    0.039 0.039 0.038 0.035 0.043  A 231090
   4295.75218  9.602  9.605  9.593  9.595  9.603    0.032 0.048 0.036 0.029 0.037  A 231433
   4297.74586  9.582  9.578  9.554  9.577  9.584    0.053 0.046 0.043 0.044 0.062  A 231782
   4299.73432  9.576  9.552  9.584  9.578  9.576    0.033 0.039 0.033 0.030 0.038  A 232150
   4301.70108  9.565  9.531  9.563  9.561  9.567    0.046 0.071 0.049 0.041 0.051  A 232490
   4303.71161  9.539  9.540  9.536  9.533  9.545    0.041 0.053 0.042 0.037 0.044  A 232791
   4305.69951  9.569  9.534  9.595  9.577  9.566    0.040 0.043 0.041 0.038 0.044  A 233154
   4307.68048  9.541  9.499  9.544  9.538  9.539    0.036 0.052 0.036 0.032 0.040  A 233492
   4312.69247  9.578  9.542  9.573  9.577  9.587    0.056 0.075 0.052 0.049 0.065  B 234242
   4315.68636  9.612  9.607  9.600  9.612  9.616    0.032 0.040 0.036 0.030 0.036  A 234584
   4329.64148  9.540  9.527  9.565  9.542  9.546    0.043 0.042 0.041 0.038 0.047  A 235137
   4331.63801  9.553  9.526  9.572  9.555  9.552    0.030 0.041 0.032 0.027 0.033  A 235494
   4333.60238  9.615  9.607  9.609  9.612  9.614    0.030 0.031 0.031 0.027 0.035  A 235843
   4334.79638  9.637  9.641  9.620  9.629  9.639    0.034 0.045 0.036 0.030 0.038  A 236087
   4340.61386  9.695  9.686  9.715  9.694  9.698    0.042 0.053 0.041 0.037 0.049  A 236758
   4342.60798  9.367  9.625  9.566  9.429  9.365    0.068 0.060 0.053 0.057 0.076  B 237087
   4344.60865  9.623  9.668  9.618  9.625  9.622    0.047 0.070 0.052 0.042 0.053  B 237429
   4346.60756  9.618  9.609  9.618  9.625  9.611    0.047 0.054 0.043 0.043 0.050  A 237769
   4348.61080  9.572  9.581  9.579  9.573  9.575    0.032 0.043 0.033 0.029 0.035  A 238124
   4350.61388  9.567  9.569  9.562  9.559  9.564    0.037 0.047 0.034 0.033 0.042  A 238441
   4353.56676  9.575  9.572  9.575  9.568  9.577    0.031 0.039 0.035 0.029 0.036  A 238834
   4355.65262  9.611  9.612  9.619  9.607  9.614    0.033 0.041 0.034 0.030 0.037  A 239178
   4357.67033  9.668  9.681  9.658  9.663  9.674    0.032 0.038 0.033 0.028 0.038  A 239474
   4359.69386  9.678  9.675  9.696  9.675  9.679    0.043 0.042 0.039 0.037 0.050  A 239816
   4362.52435  9.699  9.656  9.706  9.692  9.705    0.031 0.032 0.030 0.026 0.035  A 240136
   4367.54927 99.999 99.999 99.999 99.999 99.999    0.071 0.059 0.055 0.059 0.086  C 240814
   4369.57872  9.636  9.650  9.634  9.636  9.641    0.048 0.048 0.044 0.042 0.057  A 241122
   4371.59607  9.681  9.701  9.684  9.674  9.679    0.045 0.064 0.045 0.040 0.050  A 241457
   4373.60917  9.632  9.678  9.633  9.627  9.631    0.038 0.057 0.038 0.034 0.041  A 241755
   4376.59959  9.624  9.602  9.616  9.615  9.627    0.034 0.047 0.035 0.031 0.038  A 242108
   4378.61481  9.617  9.588  9.620  9.611  9.618    0.048 0.062 0.043 0.042 0.054  A 242413
   4380.64948  9.648  9.608  9.648  9.645  9.650    0.046 0.059 0.043 0.041 0.051  A 242723
   4382.65921  9.656  9.671  9.644  9.653  9.660    0.032 0.035 0.032 0.028 0.036  A 243031
   4385.54766  9.688  9.680  9.687  9.683  9.685    0.032 0.042 0.035 0.028 0.035  A 243459
   4387.55066  9.689  9.661  9.663  9.688  9.694    0.037 0.051 0.039 0.033 0.041  A 243778
   4389.53750  9.652  9.649  9.651  9.647  9.662    0.046 0.044 0.042 0.041 0.052  A 244072
   4399.54051  9.640  9.630  9.644  9.631  9.642    0.051 0.055 0.041 0.042 0.058  A 244809
   4402.57942  9.619  9.610  9.583  9.608  9.622    0.039 0.048 0.037 0.034 0.045  A 245095
   4406.58798  9.677  9.691  9.671  9.676  9.672    0.083 0.060 0.060 0.068 0.097  D 245415
   4409.52464  9.725  9.769  9.731  9.720  9.732    0.041 0.078 0.043 0.041 0.044  A 245833
   4413.52674  9.720  9.708  9.733  9.726  9.721    0.038 0.050 0.038 0.034 0.043  A 246211
   4422.52623  9.747  9.767  9.747  9.744  9.753    0.052 0.055 0.041 0.042 0.060  A 246620
   4426.52593  9.700  9.713  9.723  9.710  9.703    0.049 0.046 0.039 0.041 0.057  A 246910
   4429.52455  9.750  9.726  9.755  9.745  9.749    0.047 0.055 0.043 0.040 0.055  A 247262
   4432.52089 10.369 10.480 10.416 10.386 10.368    0.038 0.062 0.041 0.035 0.042  A 247631
   4436.51762  9.763  9.769  9.768  9.762  9.765    0.047 0.069 0.045 0.043 0.053  A 248118
   4538.90489  9.675  9.690  9.675  9.672  9.671    0.046 0.040 0.037 0.038 0.053  A 260319
   4542.90817  9.670  9.645  9.655  9.657  9.668    0.049 0.042 0.039 0.041 0.058  A 260912
   4546.90682 99.999 99.999 99.999 99.999 99.999    0.052 0.056 0.044 0.043 0.058  C 261529
   4554.89807  9.654  9.651  9.656  9.655  9.658    0.049 0.040 0.038 0.041 0.058  A 262628
   4559.87954  9.770  9.876  9.779  9.775  9.771    0.035 0.037 0.032 0.030 0.040  A 263436
   4563.87947  9.684  9.694  9.670  9.681  9.687    0.036 0.036 0.034 0.032 0.042  A 264104
   4567.87263  9.707  9.717  9.684  9.702  9.711    0.035 0.039 0.034 0.032 0.040  A 264770
   4571.87170  9.740  9.734  9.713  9.731  9.739    0.035 0.041 0.036 0.032 0.040  A 265413
   4574.88039 99.999  9.755  9.750 99.999 99.999    0.034 0.039 0.031 0.030 0.039  C 265918
#ndata= 4
#dataset= 4 ; 1 F2048-16_282
#desig= 201415-1706.1
#cra=   20.237590  20:14:15.3
#cdec= -17.101765 -17:06:06.4
#class= 0
#cmag_0=  9.586
#cmer_0=  0.032
#nskip_0= 0
#cmag_1=  9.580
#cmer_1=  0.017
#nskip_1= 0
#cmag_2=  9.603
#cmer_2=  0.017
#nskip_2= 0
#cmag_3=  9.620
#cmer_3=  0.018
#nskip_3= 0
#cmag_4=  9.624
#cmer_4=  0.018
#nskip_4= 0
#ra=   20.237590  20:14:15.3
#dec= -17.101765 -17:06:06.4
#     HJD      MAG_3  MAG_0  MAG_1  MAG_2  MAG_4    MER_3 MER_0 MER_1 MER_2 MER_4 GRADE FRAME
   2464.71410  9.608  9.554  9.566  9.595  9.616    0.034 0.035 0.038 0.031 0.033  A 10871
   2468.70335  9.510  9.503  9.470  9.505  9.523    0.033 0.039 0.042 0.031 0.034  A 11741
   2490.65000  9.633  9.618  9.595  9.611  9.633    0.045 0.042 0.041 0.037 0.040  A 14069
   3177.76784  9.631  9.618  9.603  9.629  9.641    0.049 0.041 0.043 0.043 0.055  A 106941
