#ndata= 2
#dataset= 1 ; 1 F2040-40_153
#desig= 202209-3323.0
#cra=   20.369258  20:22:09.3
#cdec= -33.382736 -33:22:57.8
#class= 0
#cmag_0= 12.958
#cmer_0=  0.414
#nskip_0= 0
#cmag_1= 12.991
#cmer_1=  0.332
#nskip_1= 0
#cmag_2= 12.985
#cmer_2=  0.300
#nskip_2= 0
#cmag_3= 12.952
#cmer_3=  0.297
#nskip_3= 0
#cmag_4= 12.915
#cmer_4=  0.285
#nskip_4= 0
#ra=   20.369258  20:22:09.3
#dec= -33.382736 -33:22:57.8
#     HJD      MAG_0  MAG_1  MAG_2  MAG_3  MAG_4    MER_0 MER_1 MER_2 MER_3 MER_4 GRADE FRAME
   2140.60870 12.667 12.757 12.774 12.742 12.714    0.053 0.035 0.034 0.038 0.042  A 30171
   3450.89679 13.250 13.226 13.196 13.162 13.116    0.049 0.043 0.043 0.047 0.050  A 135345
#ndata= 1
#dataset= 2 ; 1 F1800-32_188
#desig= 202209-3323.0
#cra=   20.369233  20:22:09.2
#cdec= -33.383892 -33:23:02.0
#class= 0
#cmag_0= 13.026
#cmer_0=  0.000
#nskip_0= 0
#cmag_1= 13.021
#cmer_1=  0.000
#nskip_1= 0
#cmag_2= 12.989
#cmer_2=  0.000
#nskip_2= 0
#cmag_3= 12.970
#cmer_3=  0.000
#nskip_3= 0
#cmag_4= 12.888
#cmer_4=  0.000
#nskip_4= 0
#ra=   20.369233  20:22:09.2
#dec= -33.383892 -33:23:02.0
#     HJD      MAG_0  MAG_1  MAG_2  MAG_3  MAG_4    MER_0 MER_1 MER_2 MER_3 MER_4 GRADE FRAME
   3580.67941 13.027 13.021 12.990 12.970 12.889    0.042 0.038 0.039 0.040 0.041  A 152309
#ndata= 2
#dataset= 3 ; 1 F1948-32_191
#desig= 202209-3323.1
#cra=   20.369129  20:22:08.9
#cdec= -33.384594 -33:23:04.5
#class= 0
#cmag_0= 12.928
#cmer_0=  0.460
#nskip_0= 0
#cmag_1= 12.795
#cmer_1=  0.338
#nskip_1= 0
#cmag_2= 12.750
#cmer_2=  0.200
#nskip_2= 0
#cmag_3= 12.771
#cmer_3=  0.147
#nskip_3= 0
#cmag_4= 12.819
#cmer_4=  0.160
#nskip_4= 0
#ra=   20.369129  20:22:08.9
#dec= -33.384594 -33:23:04.5
#     HJD      MAG_0  MAG_1  MAG_2  MAG_3  MAG_4    MER_0 MER_1 MER_2 MER_3 MER_4 GRADE FRAME
   2468.69438 12.606 12.557 12.610 12.669 12.707    0.032 0.032 0.025 0.026 0.026  A 11737
   2487.65497 13.252 13.033 12.892 12.875 12.932    0.066 0.055 0.046 0.050 0.052  B 13487
#ndata= 398
#dataset= 4 ; 1 F2024-32_192
#desig= 202209-3323.0
#cra=   20.369270  20:22:09.4
#cdec= -33.383214 -33:22:59.6
#class= 0
#cmag_0= 12.692
#cmer_0=  0.275
#nskip_0= 0
#cmag_1= 12.693
#cmer_1=  0.266
#nskip_1= 0
#cmag_2= 12.695
#cmer_2=  0.265
#nskip_2= 1
#cmag_3= 12.688
#cmer_3=  0.267
#nskip_3= 1
#cmag_4= 12.686
#cmer_4=  0.274
#nskip_4= 1
#ra=   20.369270  20:22:09.4
#dec= -33.383214 -33:22:59.6
#     HJD      MAG_0  MAG_1  MAG_2  MAG_3  MAG_4    MER_0 MER_1 MER_2 MER_3 MER_4 GRADE FRAME
   1874.52186 12.874 12.853 12.903 12.909 12.865    0.063 0.032 0.029 0.032 0.035  A 959
   1979.87827 12.714 12.773 12.809 12.877 12.866    0.049 0.045 0.040 0.046 0.043  A 12332
   1981.88802 12.919 12.931 13.009 13.046 13.085    0.044 0.040 0.034 0.038 0.037  A 12666
   1982.89594 12.763 12.678 12.710 12.758 12.806    0.047 0.044 0.039 0.044 0.040  A 12862
   1984.89066 12.825 12.792 12.810 12.856 12.913    0.051 0.043 0.038 0.046 0.041  A 13073
   1985.87249 12.919 12.890 12.918 12.967 13.002    0.046 0.041 0.036 0.041 0.037  A 13258
   1994.88238 12.897 12.943 13.011 13.076 13.162    0.052 0.045 0.039 0.047 0.043  A 13553
   1996.87763 12.996 13.026 13.023 13.006 13.071    0.059 0.047 0.039 0.046 0.047  A 13944
   1998.86973 12.936 12.845 12.846 12.856 12.849    0.059 0.049 0.043 0.053 0.052  B 14348
   2000.87193 12.851 12.927 12.969 12.984 12.969    0.052 0.045 0.039 0.047 0.044  A 14750
   2008.86738 12.986 13.068 13.074 13.104 13.158    0.065 0.056 0.048 0.057 0.057  B 15271
   2009.86708 12.771 12.792 12.956 13.021 13.051    0.072 0.059 0.052 0.060 0.060  B 15471
   2011.83159 12.810 12.861 12.982 13.066 13.138    0.069 0.057 0.050 0.060 0.060  B 15661
   2021.82284 12.910 12.903 13.026 13.062 13.121    0.086 0.065 0.049 0.054 0.053  D 16915
   2026.80211 13.091 13.048 13.026 12.978 12.994    0.049 0.029 0.028 0.032 0.035  A 17480
   2030.84608 13.147 13.108 13.084 13.054 13.053    0.041 0.025 0.023 0.027 0.030  A 17893
   2031.86468 13.044 13.045 13.054 13.029 12.995    0.055 0.029 0.027 0.030 0.034  A 18113
   2032.92619 13.073 13.084 13.081 13.051 12.994    0.053 0.025 0.024 0.028 0.031  A 18361
   2033.87581 13.057 13.020 12.979 12.928 12.928    0.053 0.030 0.028 0.030 0.033  A 18551
   2034.90742 12.962 12.896 12.860 12.830 12.779    0.049 0.029 0.026 0.029 0.032  A 18772
   2039.79853 12.811 12.771 12.705 12.614 12.547    0.067 0.032 0.030 0.034 0.038  A 19304
   2052.79532 12.688 12.709 12.690 12.684 12.663    0.055 0.032 0.028 0.029 0.032  A 19886
   2053.80895 12.791 12.765 12.690 12.643 12.619    0.064 0.033 0.029 0.031 0.033  A 20097
   2054.80762 12.868 12.796 12.808 12.810 12.830    0.071 0.037 0.033 0.035 0.037  A 20321
   2055.79615 12.787 12.766 12.749 12.717 12.706    0.064 0.031 0.029 0.031 0.033  A 20538
   2056.79286 12.826 12.747 12.711 12.667 12.654    0.066 0.032 0.029 0.031 0.034  A 20764
   2057.79378 12.815 12.808 12.786 12.744 12.743    0.051 0.028 0.026 0.030 0.032  A 20991
   2058.79246 12.716 12.733 12.700 12.656 12.681    0.061 0.029 0.025 0.028 0.031  A 21221
   2061.81607 12.980 12.761 12.659 12.591 12.615    0.061 0.034 0.031 0.033 0.036  A 21444
   2064.82717 12.828 12.818 12.674 12.464 12.179    0.073 0.055 0.061 0.076 0.090  D 21627
   2067.69525 12.739 12.715 12.694 12.690 12.653    0.072 0.035 0.033 0.036 0.040  A 21873
   2080.69125 12.994 12.966 12.947 12.912 12.846    0.064 0.031 0.028 0.030 0.032  A 22920
   2081.78227 12.832 12.884 12.872 12.820 12.778    0.040 0.028 0.024 0.028 0.031  A 23184
   2082.74695 12.780 12.800 12.762 12.701 12.667    0.067 0.034 0.029 0.030 0.032  A 23393
   2083.75285 12.959 13.068 13.061 12.953 12.947    0.061 0.040 0.044 0.054 0.060  B 23641
   2085.78325 12.946 12.896 12.953 13.008 13.044    0.042 0.029 0.024 0.026 0.030  A 23880
   2086.75100 12.890 12.866 12.853 12.868 12.825    0.047 0.025 0.023 0.025 0.028  A 24088
   2087.72627 12.931 12.915 12.911 12.868 12.840    0.063 0.030 0.026 0.029 0.032  A 24301
   2088.72755 12.896 12.895 12.867 12.821 12.740    0.065 0.033 0.029 0.030 0.033  A 24528
   2093.64475 12.992 12.958 12.985 12.995 12.949    0.059 0.030 0.027 0.030 0.033  A 24713
   2094.65169 12.736 12.736 12.718 12.670 12.611    0.066 0.035 0.032 0.035 0.038  A 25005
   2102.68298 12.724 12.626 12.599 12.540 12.491    0.060 0.039 0.038 0.043 0.049  A 25683
   2103.69636 12.697 12.693 12.640 12.599 12.581    0.054 0.029 0.026 0.028 0.033  A 25835
   2104.68947 12.749 12.728 12.692 12.697 12.687    0.044 0.028 0.024 0.027 0.030  A 26030
   2105.68664 12.640 12.602 12.594 12.593 12.572    0.058 0.031 0.027 0.030 0.033  A 26250
   2106.69318 12.604 12.624 12.589 12.542 12.560    0.044 0.028 0.023 0.025 0.028  A 26457
   2114.71031 12.690 12.671 12.650 12.625 12.613    0.042 0.029 0.025 0.027 0.029  A 26691
   2115.67934 12.701 12.703 12.670 12.618 12.573    0.035 0.027 0.024 0.026 0.030  A 26881
   2116.65936 12.609 12.616 12.636 12.629 12.591    0.043 0.030 0.025 0.028 0.032  A 27094
   2117.65746 12.740 12.645 12.633 12.643 12.596    0.048 0.032 0.026 0.028 0.032  A 27313
   2128.61799 12.585 12.670 12.693 12.681 12.674    0.062 0.036 0.030 0.033 0.034  A 27929
   2129.63999 12.604 12.636 12.607 12.542 12.528    0.054 0.031 0.027 0.028 0.031  A 28153
   2130.63255 12.719 12.673 12.643 12.612 12.571    0.046 0.029 0.025 0.028 0.030  A 28366
   2131.62965 12.636 12.646 12.619 12.576 12.571    0.051 0.029 0.024 0.027 0.028  A 28564
   2132.63739 12.709 12.712 12.662 12.570 12.522    0.049 0.028 0.023 0.025 0.027  A 28783
   2133.62305 12.640 12.669 12.635 12.575 12.527    0.039 0.026 0.023 0.025 0.028  A 28989
   2134.63183 12.673 12.711 12.723 12.704 12.659    0.044 0.030 0.025 0.026 0.029  A 29209
   2135.62664 12.737 12.743 12.726 12.710 12.729    0.041 0.029 0.026 0.027 0.031  A 29421
   2136.62619 12.707 12.673 12.710 12.707 12.692    0.038 0.030 0.024 0.026 0.027  A 29633
   2141.61100 12.819 12.803 12.812 12.813 12.817    0.049 0.033 0.028 0.030 0.032  A 30384
   2143.61106 12.746 12.765 12.771 12.726 12.687    0.045 0.026 0.023 0.027 0.030  A 30788
   2144.59697 13.013 12.920 12.884 12.844 12.766    0.046 0.028 0.025 0.029 0.032  A 30986
   2145.59690 12.943 12.854 12.802 12.738 12.735    0.047 0.029 0.027 0.030 0.033  A 31193
   2156.58840 12.626 12.661 12.656 12.731 12.773    0.048 0.039 0.033 0.036 0.041  A 31628
   2163.55514 12.512 12.554 12.511 12.418 12.290    0.069 0.067 0.076 0.096 0.114  D 31850
   2167.53934 12.711 12.697 12.719 12.732 12.770    0.049 0.033 0.027 0.031 0.034  A 32056
   2169.55310 12.716 12.722 12.795 12.844 12.900    0.045 0.033 0.027 0.029 0.032  A 32403
   2171.55703 12.734 12.751 12.755 12.750 12.799    0.051 0.038 0.033 0.037 0.041  A 32566
   2172.55969 12.659 12.665 12.671 12.656 12.659    0.048 0.033 0.027 0.029 0.032  A 32759
   2175.53434 12.540 12.621 12.622 12.638 12.656    0.050 0.037 0.030 0.033 0.036  A 33253
   2183.50415 12.472 12.486 12.505 12.537 12.543    0.039 0.037 0.029 0.032 0.034  A 33830
   2185.51520 12.516 12.548 12.500 12.427 12.407    0.043 0.032 0.027 0.030 0.033  A 34213
   2189.58283 12.500 12.516 12.564 12.603 12.600    0.044 0.038 0.031 0.033 0.034  A 34787
   2191.58556 12.513 12.537 12.575 12.576 12.615    0.049 0.036 0.028 0.031 0.033  A 35092
   2193.55150 12.460 12.536 12.525 12.514 12.519    0.039 0.031 0.025 0.027 0.030  A 35434
   2195.54138 12.514 12.515 12.496 12.464 12.465    0.045 0.034 0.028 0.031 0.034  A 35787
   2197.55291 12.581 12.578 12.636 12.680 12.736    0.044 0.034 0.028 0.029 0.032  A 36107
   2199.55155 12.496 12.550 12.539 12.567 12.598    0.047 0.037 0.029 0.031 0.032  A 36459
   2202.55722 12.629 12.626 12.592 12.566 12.547    0.052 0.040 0.034 0.036 0.039  A 36877
   2212.52465 12.711 12.672 12.684 12.699 12.722    0.049 0.038 0.031 0.035 0.036  A 37871
   2215.51055 12.859 12.891 12.907 12.918 12.934    0.053 0.037 0.031 0.033 0.036  A 38349
   2222.55512 12.799 12.725 12.781 12.839 12.858    0.050 0.042 0.033 0.036 0.035  A 39151
   2226.50953 12.695 12.726 12.726 12.726 12.745    0.052 0.041 0.033 0.035 0.035  A 39610
   2229.52016 12.668 12.730 12.773 12.817 12.845    0.050 0.044 0.035 0.037 0.036  A 40093
   2235.51418 12.731 12.780 12.826 12.867 12.933    0.047 0.037 0.030 0.032 0.032  A 40893
   2442.74721 12.730 12.767 12.825 12.867 12.867    0.037 0.040 0.034 0.035 0.037  A 8532
   2444.73964 12.673 12.697 12.705 12.713 12.704    0.029 0.029 0.021 0.021 0.023  A 8921
   2445.73288 12.662 12.721 12.709 12.700 12.717    0.032 0.031 0.022 0.022 0.024  A 9135
   2446.74681 12.584 12.590 12.637 12.675 12.683    0.032 0.032 0.023 0.023 0.025  A 9304
   2454.78428 29.999 29.999 29.999 29.999 29.999    0.075 0.075 0.073 0.086 0.100  D 9914
   2455.74533 12.665 12.641 12.646 12.643 12.690    0.034 0.036 0.029 0.032 0.035  A 9976
   2460.91452 29.999 29.999 29.999 29.999 29.999    0.029 0.032 0.024 0.025 0.025  C 10321
   2464.70051 12.613 12.617 12.624 12.614 12.674    0.029 0.030 0.022 0.024 0.022  A 10865
   2465.70202 12.581 12.655 12.656 12.676 12.655    0.028 0.029 0.022 0.026 0.023  A 11086
   2466.68814 12.634 12.627 12.670 12.666 12.663    0.026 0.030 0.021 0.021 0.021  A 11298
   2467.69409 12.576 12.585 12.591 12.604 12.622    0.025 0.026 0.018 0.019 0.019  A 11520
   2468.69438 12.612 12.582 12.649 12.709 12.747    0.038 0.039 0.031 0.034 0.035  A 11737
   2468.71005 12.564 12.569 12.597 12.623 12.587    0.060 0.054 0.035 0.030 0.026  B 11744
   2470.64990 12.667 12.662 12.682 12.686 12.729    0.030 0.029 0.024 0.029 0.023  A 11999
   2473.65797 12.750 12.736 12.754 12.791 12.849    0.032 0.033 0.029 0.034 0.027  A 12691
   2474.70022 12.609 12.621 12.662 12.678 12.677    0.032 0.034 0.026 0.030 0.028  A 12876
   2482.56101 12.827 12.793 12.820 12.844 12.888    0.051 0.044 0.039 0.045 0.041  A 13122
   2486.65164 12.939 12.888 12.928 12.983 13.005    0.044 0.039 0.032 0.034 0.033  A 13327
   2487.65497 29.999 29.999 29.999 29.999 29.999    0.064 0.053 0.046 0.049 0.051  C 13487
   2489.69293 12.861 12.897 12.923 12.937 12.951    0.028 0.031 0.023 0.024 0.026  A 13870
   2490.64524 13.054 12.959 12.937 12.906 12.907    0.045 0.041 0.036 0.044 0.040  A 14067
   2491.64089 12.745 12.800 12.868 12.912 12.943    0.044 0.038 0.033 0.038 0.036  A 14239
   2493.63860 13.037 13.007 13.007 12.996 13.018    0.036 0.035 0.028 0.033 0.028  A 14473
   2495.63231 12.825 12.928 13.008 13.068 13.094    0.032 0.032 0.027 0.032 0.028  A 14798
   2497.63642 13.025 13.093 13.180 13.316 13.329    0.030 0.031 0.024 0.025 0.025  A 15224
   2498.61999 12.877 12.918 12.996 12.989 13.038    0.028 0.030 0.024 0.027 0.026  A 15428
   2499.61803 12.849 12.893 12.899 12.958 12.961    0.027 0.030 0.022 0.024 0.023  A 15638
   2500.59038 13.031 13.095 13.060 13.053 13.033    0.026 0.030 0.021 0.021 0.021  A 15838
   2501.62632 12.916 12.912 12.882 12.875 12.912    0.028 0.029 0.023 0.026 0.025  A 16003
   2502.62417 12.879 12.810 12.753 12.762 12.771    0.035 0.034 0.029 0.034 0.031  A 16213
   2503.62889 29.999 29.999 29.999 29.999 29.999    0.062 0.060 0.056 0.066 0.064  C 16419
   2508.63562 29.999 29.999 29.999 29.999 29.999    0.044 0.044 0.037 0.041 0.040  C 16791
   2510.63100 12.847 12.866 12.861 12.845 12.845    0.030 0.032 0.024 0.027 0.029  A 16972
   2520.58700 12.840 12.830 12.815 12.822 12.812    0.024 0.025 0.018 0.019 0.021  A 18179
   2521.59668 13.060 13.095 13.055 12.997 12.943    0.027 0.022 0.018 0.018 0.020  A 18379
   2526.53678 12.977 12.950 12.948 12.975 12.976    0.032 0.032 0.028 0.033 0.036  A 18799
   2529.56597 12.765 12.784 12.835 12.881 12.864    0.057 0.044 0.037 0.043 0.039  A 19045
   2540.59576 29.999 29.999 29.999 29.999 29.999    0.071 0.056 0.048 0.053 0.050  C 19694
   2543.65744 13.038 12.982 12.967 12.983 13.182    0.046 0.046 0.045 0.052 0.057  B 19903
   2545.64807 12.954 12.921 12.914 12.901 12.879    0.036 0.026 0.022 0.021 0.022  A 20176
   2551.57105 29.999 29.999 29.999 29.999 29.999    0.069 0.054 0.047 0.051 0.053  C 20931
   2552.62876 29.999 29.999 29.999 29.999 29.999    0.066 0.059 0.053 0.057 0.060  C 21141
   2553.65281 12.840 12.918 12.943 12.963 12.940    0.030 0.033 0.023 0.023 0.024  A 21331
   2563.49187 99.999 99.999 99.999 99.999 99.999    0.033 0.031 0.025 0.027 0.028  C 22853
   2564.55821 12.954 13.016 13.057 13.025 12.967    0.034 0.033 0.028 0.031 0.032  A 23059
   2565.59518 12.907 12.899 12.910 12.920 12.905    0.035 0.031 0.025 0.026 0.028  A 23253
   2566.60751 12.844 12.765 99.999 99.999 99.999    0.029 0.028 0.025 0.028 0.031  C 23437
   2601.52706 12.953 12.911 12.900 12.928 12.906    0.030 0.028 0.023 0.026 0.028  A 27387
   2702.90070 12.400 12.404 12.513 12.585 12.576    0.043 0.047 0.047 0.057 0.065  B 43387
   2706.90152 12.343 12.379 12.379 12.370 12.359    0.034 0.031 0.028 0.032 0.036  A 44142
   2710.88914 12.355 12.343 12.358 12.366 12.353    0.031 0.029 0.028 0.031 0.035  A 44859
   2727.86703 99.999 99.999 99.999 99.999 99.999    0.037 0.034 0.032 0.036 0.041  C 47754
   2730.87601 12.538 12.524 12.495 12.490 12.481    0.028 0.025 0.022 0.023 0.026  A 48371
   2737.85934 12.749 12.745 12.686 12.627 12.608    0.028 0.025 0.023 0.025 0.026  A 49516
   2739.90630 12.752 12.722 12.712 12.692 12.651    0.027 0.026 0.025 0.026 0.028  A 49874
   2742.85094 12.765 12.753 12.730 12.665 12.645    0.032 0.030 0.028 0.032 0.036  A 50448
   2744.89674 12.754 12.766 12.786 12.798 12.766    0.031 0.037 0.032 0.038 0.039  A 50832
   2755.80773 12.754 12.755 12.732 12.694 12.652    0.022 0.021 0.019 0.021 0.023  A 52534
   2757.85514 12.753 12.721 12.668 12.631 12.626    0.026 0.028 0.023 0.029 0.031  A 52968
   2760.83050 12.690 12.657 12.666 12.641 12.650    0.027 0.027 0.027 0.030 0.035  A 53507
   2764.89764 12.708 12.677 12.688 12.766 12.762    0.036 0.028 0.027 0.032 0.036  A 54358
   2765.83048 12.627 12.639 12.607 12.586 12.596    0.022 0.021 0.019 0.021 0.023  A 54401
   2769.87738 12.595 12.721 12.718 12.665 12.621    0.063 0.073 0.069 0.080 0.087  D 54753
   2782.88936 12.615 12.570 12.607 12.634 12.618    0.032 0.026 0.021 0.023 0.025  A 55814
   2784.81182 12.615 12.595 12.603 12.594 12.589    0.027 0.028 0.023 0.023 0.025  A 56207
   2786.79979 12.690 12.686 12.696 12.689 12.681    0.025 0.027 0.020 0.021 0.024  A 56635
   2790.82286 12.737 12.695 12.649 12.582 12.579    0.024 0.030 0.023 0.023 0.025  A 57404
   2802.90276 29.999 29.999 29.999 29.999 29.999    0.078 0.088 0.100 0.123 0.148  D 58825
   2804.75344 12.536 12.596 12.574 12.519 12.518    0.030 0.039 0.032 0.035 0.040  A 59093
   2808.82273 12.456 12.509 12.551 12.556 12.566    0.029 0.030 0.024 0.028 0.030  A 59373
   2810.73956 12.483 12.451 12.416 12.416 12.422    0.027 0.029 0.020 0.022 0.024  A 59773
   2812.71981 12.467 12.442 12.443 12.415 12.381    0.024 0.025 0.021 0.023 0.026  A 60217
   2815.84823 12.345 12.400 12.361 12.331 12.303    0.032 0.038 0.029 0.032 0.031  A 60841
   2819.78344 12.259 12.282 12.293 12.289 12.285    0.026 0.028 0.022 0.025 0.027  A 61352
   2821.77903 12.286 12.270 12.322 12.359 12.355    0.022 0.024 0.018 0.021 0.023  A 61792
   2829.71567 12.225 12.208 12.209 12.232 12.242    0.028 0.030 0.025 0.027 0.030  A 62318
   2831.66933 12.495 12.494 12.441 12.400 12.426    0.030 0.035 0.026 0.029 0.030  A 62742
   2832.74124 12.262 12.266 12.278 12.271 12.274    0.025 0.029 0.023 0.027 0.030  A 63000
   2836.75169 12.209 12.253 12.259 12.276 12.304    0.029 0.028 0.028 0.033 0.038  A 63721
   2843.68804 12.550 12.500 12.466 12.447 12.482    0.026 0.028 0.024 0.027 0.030  A 64929
   2851.70067 12.503 12.504 12.504 12.477 12.437    0.022 0.025 0.020 0.022 0.024  A 65466
   2853.82529 12.556 12.644 12.666 12.709 12.818    0.041 0.043 0.043 0.050 0.059  B 65738
   2855.70966 12.638 12.639 12.657 12.732 12.792    0.040 0.044 0.041 0.044 0.048  A 66090
   2858.75141 12.491 12.543 12.531 12.521 12.517    0.027 0.024 0.019 0.022 0.025  A 66368
   2867.59133 12.505 12.603 12.649 12.635 12.616    0.027 0.026 0.021 0.024 0.025  A 67741
   2874.81555 12.545 12.534 12.538 12.532 12.544    0.031 0.027 0.027 0.030 0.032  A 68436
   2876.70843 12.620 12.595 12.575 12.523 12.487    0.064 0.041 0.030 0.036 0.031  A 68790
   2878.67221 12.797 12.776 12.683 12.627 12.615    0.026 0.026 0.023 0.027 0.029  A 69169
   2882.56919 12.672 12.718 12.701 12.703 12.664    0.032 0.032 0.028 0.032 0.035  A 69477
   2884.59770 12.737 12.779 12.839 12.846 12.921    0.026 0.028 0.022 0.024 0.025  A 69801
   2885.62238 12.697 12.707 12.706 12.701 12.698    0.026 0.033 0.021 0.024 0.023  A 70018
   2892.61492 12.632 12.712 12.714 12.674 12.674    0.048 0.038 0.026 0.029 0.032  A 70666
   2895.66703 12.770 12.758 12.753 12.765 12.784    0.027 0.029 0.024 0.026 0.028  A 71283
   2897.67849 12.718 12.772 12.774 12.800 12.826    0.045 0.055 0.035 0.034 0.029  B 71688
   2902.51401 99.999 99.999 99.999 99.999 99.999    0.023 0.027 0.019 0.022 0.023  C 72456
   2904.71817 12.773 12.876 12.905 12.864 12.796    0.047 0.049 0.048 0.053 0.059  B 72890
   2908.51424 12.703 12.717 12.718 12.696 12.696    0.026 0.033 0.022 0.023 0.024  A 73376
   2910.53430 12.799 12.800 12.778 12.784 12.783    0.026 0.027 0.021 0.023 0.024  A 73680
   2911.72369 12.823 12.817 12.783 12.738 12.738    0.026 0.023 0.020 0.022 0.025  A 73951
   2913.66108 12.667 12.686 12.697 12.762 12.803    0.031 0.029 0.024 0.026 0.028  A 74276
   2918.55678 29.999 29.999 29.999 29.999 29.999    0.049 0.047 0.043 0.050 0.059  C 74862
   2921.65890 12.660 12.629 12.587 12.566 12.514    0.030 0.031 0.034 0.041 0.049  A 75092
   2923.63638 12.621 12.608 12.617 12.624 12.612    0.027 0.025 0.025 0.029 0.034  A 75456
   2926.63220 12.669 12.630 12.615 12.573 12.548    0.026 0.026 0.024 0.026 0.029  A 75814
   2928.63196 12.551 12.545 12.520 12.487 12.509    0.030 0.025 0.025 0.029 0.033  A 76188
   2930.62933 12.525 12.523 12.497 12.480 12.471    0.031 0.027 0.025 0.027 0.029  A 76537
   2934.61656 12.473 12.446 12.453 12.504 12.465    0.023 0.024 0.022 0.025 0.028  A 77240
   2939.63549 12.384 12.403 12.427 12.462 12.455    0.036 0.034 0.030 0.032 0.032  A 77815
   2945.52289 12.313 12.372 12.389 12.410 12.413    0.046 0.045 0.037 0.041 0.041  A 78656
   2947.57291 12.273 12.211 12.188 12.188 12.193    0.045 0.035 0.032 0.034 0.038  A 78981
   2950.55657 12.392 12.380 12.373 12.396 12.437    0.032 0.033 0.035 0.042 0.047  A 79415
   2954.57934 12.416 12.392 12.365 12.325 12.358    0.028 0.026 0.028 0.032 0.037  A 79920
   2956.58056 12.450 12.432 12.395 12.369 12.374    0.027 0.025 0.024 0.028 0.030  A 80214
   2958.57928 12.588 12.639 12.632 12.617 12.617    0.032 0.033 0.035 0.039 0.042  A 80501
   2960.58035 12.613 12.649 12.606 12.557 12.508    0.031 0.031 0.030 0.035 0.038  A 80756
   2963.53890 12.572 12.556 12.556 12.538 12.572    0.029 0.027 0.026 0.029 0.032  A 81163
   2965.54884 12.528 12.528 12.493 12.489 12.443    0.026 0.028 0.026 0.029 0.033  A 81457
   2968.53117 12.410 12.401 12.437 12.413 12.364    0.034 0.029 0.027 0.031 0.034  A 81864
   2973.52739 12.327 12.290 12.300 12.282 12.254    0.029 0.027 0.026 0.030 0.034  A 82426
   2978.53137 12.374 12.412 12.414 12.399 12.402    0.031 0.030 0.032 0.038 0.045  A 83089
   3077.90262 12.415 12.404 12.389 12.380 12.392    0.035 0.034 0.035 0.040 0.047  A 94516
   3089.89035 12.693 12.637 12.622 12.588 12.537    0.041 0.040 0.043 0.047 0.053  A 95998
   3093.87876 99.999 99.999 99.999 99.999 99.999    0.028 0.028 0.027 0.030 0.035  C 96576
   3098.86642 12.714 12.740 12.720 12.698 12.691    0.035 0.034 0.033 0.037 0.041  A 97051
   3102.90544 13.067 13.037 13.046 13.104 13.154    0.027 0.028 0.028 0.032 0.037  A 97678
   3105.89057 12.976 12.936 12.872 12.873 12.928    0.029 0.027 0.027 0.031 0.035  A 98153
   3110.86077 12.818 12.749 12.707 12.654 12.642    0.030 0.026 0.026 0.030 0.033  A 98927
   3114.85942 12.870 12.878 12.900 12.893 12.917    0.027 0.024 0.024 0.027 0.030  A 99568
   3118.90464 12.903 12.889 12.882 12.926 12.968    0.028 0.032 0.029 0.031 0.035  A 100015
   3126.86432 12.958 12.966 12.971 12.932 12.935    0.025 0.024 0.024 0.028 0.031  A 100952
   3130.83433 12.994 12.967 12.930 12.943 13.057    0.033 0.032 0.033 0.038 0.043  A 101555
   3142.84255 12.879 12.841 12.822 12.822 12.815    0.026 0.027 0.023 0.026 0.030  A 103177
   3153.86636 13.086 13.019 13.032 13.052 13.055    0.026 0.024 0.022 0.025 0.029  A 103840
   3156.81998 13.093 13.073 13.127 13.207 13.203    0.028 0.025 0.024 0.029 0.034  A 104230
   3159.75186 12.774 12.772 12.810 12.880 12.995    0.038 0.040 0.045 0.058 0.068  B 104603
   3163.89676 12.972 12.987 12.939 12.863 12.838    0.030 0.028 0.030 0.035 0.042  A 105109
   3166.78941 12.907 12.891 12.858 12.825 12.795    0.026 0.023 0.022 0.024 0.027  A 105458
   3169.75812 12.882 12.829 12.766 12.721 12.755    0.027 0.023 0.023 0.027 0.031  A 105968
   3172.80464 12.758 12.657 12.618 12.589 12.593    0.037 0.042 0.038 0.045 0.053  A 106329
   3179.76867 12.873 12.924 12.941 12.903 12.869    0.028 0.024 0.022 0.025 0.028  A 107247
   3182.77333 12.854 12.785 12.775 12.766 12.738    0.032 0.035 0.035 0.042 0.050  A 107549
   3185.70946 12.979 12.914 12.914 12.907 12.925    0.029 0.027 0.027 0.033 0.038  A 107955
   3191.77014 12.913 12.898 12.940 13.013 13.133    0.038 0.036 0.034 0.039 0.046  A 108769
   3275.65660 12.844 12.959 13.118 13.185 13.212    0.050 0.045 0.050 0.063 0.076  B 116466
   3294.50654 13.085 13.075 13.079 13.039 12.988    0.036 0.032 0.023 0.024 0.026  A 118338
   3446.89849 13.391 13.286 13.204 13.185 13.335    0.047 0.037 0.044 0.054 0.064  B 134666
   3450.89679 13.281 13.229 13.189 13.149 13.107    0.059 0.041 0.039 0.046 0.054  B 135345
   3454.88275 13.251 13.169 13.130 13.114 13.099    0.061 0.036 0.036 0.045 0.051  A 135916
   3458.88012 13.333 13.308 13.255 13.147 13.048    0.043 0.031 0.031 0.036 0.042  A 136624
   3465.87219 13.161 13.200 13.180 13.095 13.063    0.047 0.030 0.029 0.033 0.037  A 137734
   3468.90447 13.142 13.196 13.207 13.187 13.102    0.034 0.025 0.025 0.028 0.031  A 138191
   3472.90736 13.253 13.217 13.150 13.054 12.996    0.069 0.042 0.042 0.047 0.054  B 138794
   3476.88280 13.186 13.078 13.021 12.995 13.024    0.067 0.041 0.037 0.041 0.044  A 139456
   3480.85519 13.386 13.347 13.324 13.335 13.411    0.080 0.047 0.042 0.045 0.051  A 140075
   3483.88820 13.239 13.238 13.236 13.246 13.359    0.038 0.030 0.030 0.035 0.040  A 140578
   3496.91210 13.194 13.158 13.180 13.196 13.193    0.039 0.036 0.033 0.038 0.045  A 141849
   3500.89808 13.234 13.170 13.166 13.179 13.202    0.073 0.041 0.035 0.038 0.042  A 142359
   3503.86403 29.999 29.999 29.999 29.999 29.999    0.053 0.052 0.062 0.076 0.092  D 142883
   3508.89651 13.151 13.134 13.190 13.201 13.287    0.031 0.030 0.024 0.026 0.029  A 143326
   3511.82651 13.112 13.172 13.158 13.113 13.066    0.045 0.031 0.026 0.030 0.034  A 143735
   3515.84051 13.150 13.133 13.101 13.066 12.998    0.037 0.034 0.035 0.042 0.049  A 144115
   3520.86349 13.013 13.013 12.976 12.908 12.888    0.073 0.042 0.037 0.043 0.047  A 144747
   3522.88138 13.222 13.101 13.066 13.058 13.028    0.087 0.049 0.045 0.048 0.051  B 145094
   3525.79265 13.343 13.281 13.232 13.190 13.189    0.049 0.033 0.030 0.034 0.037  A 145545
   3528.77726 13.130 13.127 13.160 13.211 13.229    0.038 0.029 0.027 0.029 0.032  A 146056
   3538.81594 12.845 12.816 12.798 12.813 12.829    0.046 0.028 0.024 0.028 0.030  A 146903
   3543.68212 12.887 12.947 13.015 13.137 13.211    0.061 0.043 0.042 0.048 0.057  B 147569
   3550.78760 12.816 12.816 12.785 12.740 12.762    0.061 0.035 0.031 0.035 0.038  A 148261
   3553.77571 12.902 12.881 12.864 12.859 12.834    0.026 0.025 0.022 0.026 0.029  A 148626
   3556.71861 12.834 12.854 12.856 12.840 12.812    0.045 0.029 0.030 0.032 0.035  A 149092
   3559.76025 13.050 13.071 13.089 13.071 12.977    0.074 0.039 0.033 0.035 0.038  A 149447
   3561.82613 12.988 13.028 13.040 13.049 13.037    0.048 0.033 0.032 0.036 0.038  A 149806
   3563.84340 12.993 12.980 12.975 12.956 12.961    0.074 0.036 0.031 0.035 0.038  A 150153
   3569.72716 12.857 12.925 12.947 12.958 12.953    0.034 0.030 0.025 0.028 0.030  A 150602
   3574.71684 12.883 12.864 12.883 12.877 12.897    0.042 0.031 0.027 0.031 0.036  A 151312
   3576.73404 13.010 12.989 12.971 12.932 12.922    0.036 0.029 0.025 0.028 0.030  A 151676
   3578.71492 12.971 12.996 12.946 12.881 12.814    0.046 0.030 0.026 0.028 0.030  A 152003
   3580.67941 13.028 13.026 12.988 12.968 12.896    0.034 0.031 0.034 0.043 0.050  A 152309
   3582.82707 12.956 12.970 12.978 12.992 13.023    0.040 0.028 0.027 0.031 0.035  A 152712
   3584.84389 12.975 12.997 12.975 12.910 12.832    0.044 0.027 0.025 0.029 0.033  A 153073
   3587.62052 12.926 12.944 12.947 12.935 12.909    0.029 0.025 0.022 0.025 0.028  A 153516
   3589.68120 12.827 12.880 12.881 12.833 12.812    0.070 0.036 0.032 0.033 0.036  A 153858
   3591.78389 12.765 12.788 12.794 12.798 12.834    0.078 0.038 0.033 0.036 0.038  A 154233
   3601.64387 12.791 12.776 12.702 12.602 12.542    0.079 0.043 0.039 0.044 0.050  A 155560
   3603.65102 99.999 99.999 99.999 99.999 99.999    0.040 0.029 0.026 0.030 0.033  C 155887
   3606.65477 12.644 12.655 12.631 12.603 12.598    0.046 0.040 0.042 0.050 0.057  B 156203
   3616.67234 12.829 12.839 12.840 12.861 12.898    0.035 0.033 0.029 0.031 0.035  A 157068
   3619.57919 12.870 12.821 12.833 12.855 12.875    0.069 0.037 0.032 0.034 0.038  A 157415
   3621.63816 12.684 12.680 12.602 12.499 12.440    0.076 0.045 0.043 0.049 0.058  B 157739
   3624.64825 12.695 12.768 12.730 12.736 12.758    0.033 0.030 0.024 0.027 0.030  A 158049
   3629.56530 12.715 12.690 12.722 12.753 12.683    0.032 0.031 0.030 0.034 0.041  A 158591
   3629.56779 12.787 12.758 12.789 12.734 12.713    0.048 0.036 0.034 0.039 0.045  A 158592
   3631.56542 12.792 12.775 12.738 12.711 12.688    0.053 0.036 0.033 0.038 0.044  A 158930
   3633.58156 12.737 12.800 12.803 12.758 12.727    0.034 0.027 0.027 0.033 0.038  A 159206
   3635.63174 12.906 13.257 13.789 14.274 15.052    0.067 0.074 0.085 0.104 0.125  D 159537
   3638.67471 12.860 12.861 12.838 12.776 12.714    0.042 0.032 0.030 0.035 0.039  A 159796
   3641.64810 12.987 13.016 13.024 13.021 13.005    0.032 0.026 0.024 0.026 0.028  A 160180
   3643.68731 13.055 13.038 13.027 13.033 13.011    0.034 0.033 0.031 0.034 0.038  A 160470
   3646.70726 13.008 12.964 12.966 12.964 12.928    0.036 0.035 0.030 0.033 0.036  A 160787
   3649.58700 12.927 12.986 13.029 13.020 12.925    0.050 0.034 0.030 0.033 0.037  A 161162
   3651.61499 12.942 12.950 12.940 12.902 12.870    0.045 0.031 0.028 0.030 0.034  A 161438
   3656.51414 12.938 12.883 12.809 12.753 12.776    0.075 0.042 0.037 0.042 0.047  A 162136
   3658.58089 13.006 12.985 12.970 12.937 12.843    0.040 0.030 0.033 0.039 0.046  A 162454
   3660.59918 13.042 13.037 13.070 13.102 13.225    0.035 0.029 0.031 0.037 0.043  A 162771
   3662.62795 12.947 12.922 12.872 12.815 12.765    0.045 0.039 0.041 0.051 0.061  B 163062
   3664.63900 12.789 12.844 12.804 12.778 12.761    0.070 0.039 0.034 0.038 0.043  A 163357
   3668.58607 12.928 12.917 12.888 12.829 12.786    0.028 0.026 0.022 0.025 0.028  A 163814
   3670.62631 13.061 12.998 12.927 12.873 12.852    0.036 0.028 0.025 0.028 0.031  A 164111
   3673.55861 12.877 12.847 12.846 12.820 12.789    0.054 0.030 0.026 0.030 0.033  A 164520
   3675.62693 12.772 12.780 12.784 12.770 12.783    0.038 0.026 0.025 0.028 0.032  A 164829
   3678.56565 12.790 12.725 12.676 12.645 12.629    0.069 0.037 0.032 0.034 0.038  A 165211
   3700.54867 12.671 12.659 12.652 12.671 12.683    0.036 0.030 0.030 0.033 0.037  A 168012
   3703.53911 12.754 12.760 12.811 12.886 12.976    0.034 0.028 0.028 0.034 0.040  A 168395
   3706.53393 12.791 12.843 12.884 12.896 12.935    0.039 0.034 0.035 0.040 0.045  A 168807
   3813.90611 12.401 12.413 12.452 12.447 12.438    0.079 0.044 0.042 0.046 0.052  A 182550
   3821.88425 12.526 12.465 12.435 12.429 12.423    0.066 0.038 0.037 0.042 0.047  A 183820
   3825.88938 12.336 12.372 12.388 12.404 12.426    0.058 0.044 0.049 0.061 0.072  B 184487
   3829.87618 12.410 12.379 12.373 12.386 12.349    0.056 0.037 0.036 0.041 0.045  A 185156
   3833.87372 12.396 12.390 12.351 12.333 12.282    0.047 0.040 0.045 0.053 0.062  B 185852
   3849.85415 12.468 12.515 12.542 12.579 12.567    0.040 0.027 0.027 0.029 0.033  A 187169
   3852.88877 12.477 12.491 12.456 12.398 12.393    0.037 0.035 0.037 0.044 0.050  A 187692
   3856.84858 12.428 12.441 12.434 12.405 12.403    0.037 0.028 0.031 0.036 0.042  A 188305
   3859.87709 12.574 12.602 12.571 12.532 12.507    0.047 0.038 0.036 0.041 0.047  A 188749
   3862.85909 12.573 12.515 12.481 12.486 12.503    0.049 0.032 0.028 0.031 0.034  A 189271
   3865.81942 12.610 12.531 12.505 12.481 12.455    0.051 0.031 0.031 0.034 0.037  A 189764
   3868.82521 12.449 12.476 12.463 12.433 12.413    0.035 0.030 0.033 0.041 0.048  A 190258
   3870.84252 12.422 12.420 12.411 12.382 12.405    0.046 0.034 0.033 0.038 0.044  A 190629
   3874.89415 12.475 12.487 12.462 12.414 12.372    0.064 0.036 0.032 0.036 0.040  A 191105
   3877.82496 12.363 12.370 12.362 12.321 12.309    0.060 0.036 0.031 0.034 0.037  A 191552
   3882.78046 12.358 12.400 12.417 12.439 12.423    0.046 0.032 0.029 0.032 0.036  A 192140
   3886.86388 12.403 12.406 12.379 12.370 12.396    0.049 0.030 0.027 0.033 0.037  A 192547
   3889.80766 12.343 12.326 12.302 12.275 12.281    0.037 0.030 0.027 0.031 0.034  A 193044
   3891.87669 12.405 12.441 12.411 12.374 12.373    0.036 0.027 0.025 0.029 0.033  A 193433
   3893.86228 12.427 12.425 12.452 12.470 12.449    0.034 0.030 0.025 0.028 0.031  A 193784
   3896.90213 12.364 12.340 12.321 12.292 12.256    0.045 0.048 0.053 0.066 0.078  B 194114
   3902.81742 12.408 12.421 12.422 12.413 12.407    0.037 0.027 0.027 0.032 0.036  A 195093
   3904.84082 12.417 12.418 12.426 12.399 12.348    0.043 0.030 0.028 0.031 0.035  A 195481
   3906.89499 12.333 12.364 12.357 12.339 12.354    0.047 0.032 0.029 0.033 0.036  A 195878
   3909.74920 12.458 12.407 12.384 12.363 12.349    0.078 0.039 0.034 0.036 0.039  A 196413
   3913.78494 12.439 12.386 12.353 12.347 12.356    0.078 0.039 0.034 0.036 0.039  A 196985
   4176.90312 12.603 12.606 12.595 12.604 12.640    0.077 0.052 0.051 0.060 0.069  B 218601
   4180.89798 12.575 12.565 12.525 12.514 12.464    0.065 0.052 0.055 0.065 0.075  B 219078
   4184.90159 12.551 12.560 12.571 12.542 12.514    0.074 0.050 0.052 0.062 0.073  B 219633
   4190.87413 12.278 12.284 12.281 12.284 12.287    0.042 0.035 0.032 0.036 0.041  A 220315
   4193.88625 12.009 12.081 12.093 12.079 12.060    0.067 0.043 0.040 0.044 0.049  A 220820
   4204.85832 12.074 12.094 12.075 12.058 12.051    0.052 0.052 0.058 0.062 0.066  B 222026
   4208.89747 12.225 12.290 12.326 12.346 12.334    0.075 0.048 0.044 0.048 0.053  B 222423
   4215.90677 12.472 12.520 12.500 12.503 12.551    0.047 0.045 0.046 0.055 0.063  B 222775
   4230.91623 12.464 12.468 12.465 12.464 12.472    0.049 0.038 0.030 0.035 0.038  A 223783
   4233.84389 12.339 12.320 12.269 12.255 12.264    0.066 0.073 0.080 0.088 0.093  D 224289
   4245.84770 12.532 12.546 12.496 12.439 12.393    0.056 0.054 0.060 0.074 0.091  D 226109
   4247.82659 12.519 12.544 12.572 12.563 12.528    0.035 0.030 0.027 0.031 0.035  A 226469
   4253.83225 12.305 12.316 12.271 12.245 12.247    0.053 0.047 0.045 0.052 0.058  B 226914
   4258.74947 12.336 12.298 12.284 12.255 12.235    0.049 0.038 0.035 0.038 0.042  A 227554
   4273.76771 12.283 12.273 12.258 12.260 12.255    0.045 0.045 0.044 0.050 0.054  B 228539
   4278.75447 12.417 12.426 12.429 12.424 12.390    0.034 0.032 0.028 0.032 0.036  A 229190
   4284.84777 12.326 12.301 12.303 12.321 12.376    0.051 0.039 0.035 0.038 0.043  A 229876
   4286.80247 12.315 12.349 12.369 12.303 12.284    0.059 0.049 0.051 0.063 0.076  B 230226
   4290.79144 12.387 12.404 12.380 12.368 12.353    0.045 0.041 0.038 0.040 0.041  A 230549
   4292.77399 12.352 12.267 12.249 12.216 12.187    0.052 0.055 0.066 0.084 0.097  D 230919
   4296.79660 12.261 12.255 12.214 12.200 12.177    0.059 0.045 0.042 0.049 0.056  B 231623
   4298.79269 12.326 12.377 12.414 12.432 12.447    0.039 0.034 0.032 0.040 0.048  A 231980
   4300.75293 12.359 12.412 12.449 12.456 12.423    0.041 0.039 0.039 0.044 0.048  A 232321
   4302.79173 12.238 12.247 12.262 12.278 12.309    0.042 0.037 0.035 0.042 0.049  A 232648
   4306.70200 12.146 12.186 12.214 12.235 12.252    0.033 0.032 0.027 0.032 0.037  A 233342
   4308.70122 12.194 12.197 12.240 12.280 12.355    0.052 0.046 0.047 0.055 0.063  B 233670
   4312.70045 12.108 12.139 12.178 12.236 12.296    0.078 0.058 0.056 0.063 0.071  B 234245
   4315.69631 12.154 12.184 12.185 12.179 12.192    0.047 0.040 0.037 0.042 0.045  A 234588
   4329.68518 12.246 12.280 12.290 12.297 12.299    0.046 0.040 0.037 0.040 0.042  A 235153
   4331.64280 12.230 12.246 12.227 12.232 12.248    0.049 0.045 0.043 0.047 0.049  A 235496
   4333.60460 12.297 12.306 12.296 12.286 12.282    0.029 0.029 0.025 0.028 0.031  A 235844
   4334.79863 12.271 12.249 12.261 12.246 12.251    0.035 0.030 0.026 0.029 0.033  A 236088
   4339.62447 12.384 12.409 12.448 12.460 12.498    0.051 0.039 0.033 0.036 0.041  A 236584
   4341.62357 12.350 12.351 12.354 12.391 12.420    0.046 0.036 0.031 0.035 0.039  A 236918
   4343.62697 12.400 12.379 12.373 12.367 12.351    0.050 0.041 0.043 0.050 0.055  B 237273
   4345.62851 12.425 12.407 12.429 12.439 12.410    0.061 0.039 0.040 0.043 0.046  A 237600
   4347.63315 12.503 12.482 12.491 12.463 12.445    0.067 0.039 0.037 0.052 0.048  B 237953
   4349.63460 12.498 12.465 12.470 12.489 12.471    0.075 0.046 0.043 0.049 0.055  B 238290
   4351.63487 12.470 12.490 12.492 12.478 12.486    0.040 0.035 0.035 0.040 0.046  A 238596
   4353.76407 12.399 12.386 12.371 12.368 12.382    0.037 0.031 0.026 0.030 0.034  A 238900
   4355.76287 12.400 12.423 12.435 12.430 12.420    0.042 0.033 0.028 0.032 0.036  A 239216
   4358.51559 12.355 12.389 12.386 12.396 12.395    0.036 0.033 0.029 0.031 0.033  A 239587
   4360.55553 12.298 12.333 12.403 12.463 12.502    0.046 0.043 0.044 0.050 0.058  B 239922
   4362.59244 12.273 12.237 12.244 12.221 12.202    0.034 0.031 0.027 0.030 0.033  A 240157
   4367.55984 12.215 12.319 12.339 12.366 12.378    0.041 0.037 0.035 0.042 0.048  A 240818
   4369.58951 12.181 12.223 12.255 12.278 12.270    0.041 0.038 0.035 0.041 0.047  A 241126
   4371.60763 12.197 12.227 12.227 12.222 12.211    0.047 0.034 0.031 0.036 0.041  A 241461
   4373.61983 12.183 12.181 12.183 12.182 12.181    0.057 0.049 0.047 0.049 0.051  B 241759
   4376.61279 12.157 12.169 12.159 12.154 12.151    0.034 0.031 0.027 0.029 0.032  A 242113
   4378.62902 12.348 12.317 12.303 12.289 12.258    0.043 0.034 0.032 0.036 0.041  A 242418
   4380.67929 12.288 12.339 12.339 12.345 12.394    0.046 0.038 0.037 0.042 0.047  A 242733
   4382.66953 12.286 12.335 12.326 12.311 12.302    0.039 0.033 0.027 0.030 0.033  A 243035
   4385.55816 12.200 12.234 12.231 12.222 12.193    0.046 0.035 0.027 0.029 0.030  A 243463
   4387.56441 12.219 12.253 12.250 12.255 12.243    0.031 0.030 0.025 0.028 0.032  A 243783
   4389.54796 12.191 12.193 12.174 12.122 12.076    0.047 0.039 0.035 0.039 0.043  A 244076
   4400.57687 12.109 12.127 12.092 12.036 11.984    0.053 0.040 0.043 0.054 0.066  B 244952
   4403.59557 12.264 12.247 12.234 12.228 12.225    0.051 0.035 0.030 0.032 0.035  A 245247
   4407.58971 12.319 12.314 12.310 12.308 12.306    0.043 0.035 0.030 0.033 0.035  A 245563
   4409.60649 12.278 12.314 12.334 12.344 12.342    0.050 0.035 0.032 0.039 0.045  A 245852
   4413.56303 12.410 12.382 12.379 12.362 12.349    0.035 0.030 0.026 0.030 0.033  A 246224
   4422.54396 12.896 12.851 12.797 12.752 12.748    0.034 0.026 0.026 0.031 0.035  A 246626
   4427.52641 12.540 12.540 12.533 12.521 99.999    0.049 0.043 0.050 0.061 0.072  C 247020
   4430.53076 12.688 12.728 12.770 12.830 12.867    0.040 0.038 0.039 0.044 0.051  A 247385
   4433.52506 12.664 12.693 12.740 12.765 12.744    0.034 0.029 0.027 0.030 0.035  A 247757
   4436.52961 12.732 12.731 12.706 12.663 12.669    0.035 0.028 0.026 0.030 0.034  A 248122
   4439.52878 12.753 12.767 12.762 12.776 12.759    0.036 0.027 0.026 0.030 0.033  A 248491
   4540.90153 13.008 13.047 12.997 12.925 12.850    0.044 0.041 0.042 0.050 0.056  B 260598
   4552.89034 12.983 12.935 12.945 12.935 12.958    0.038 0.029 0.028 0.032 0.037  A 262332
   4559.87716 13.202 13.232 13.234 13.254 13.168    0.056 0.038 0.032 0.036 0.040  A 263435
   4563.87712 29.999 29.999 29.999 29.999 29.999    0.070 0.053 0.051 0.053 0.054  C 264103
   4567.86656 13.266 13.315 13.288 13.261 13.230    0.049 0.036 0.030 0.033 0.037  A 264768
   4571.86296 13.179 13.169 13.144 13.140 13.137    0.041 0.034 0.029 0.033 0.037  A 265410
   4574.87400 13.196 13.173 13.124 13.123 13.213    0.065 0.040 0.035 0.038 0.043  A 265916
#ndata= 2
#dataset= 5 ; 1 F2100-32_193
#desig= 202208-3323.0
#cra=   20.368966  20:22:08.3
#cdec= -33.382739 -33:22:57.9
#class= 0
#cmag_0= 12.642
#cmer_0=  0.000
#nskip_0= 0
#cmag_1= 12.611
#cmer_1=  0.000
#nskip_1= 0
#cmag_2= 12.619
#cmer_2=  0.000
#nskip_2= 0
#cmag_3= 12.613
#cmer_3=  0.000
#nskip_3= 0
#cmag_4= 12.588
#cmer_4=  0.000
#nskip_4= 0
#ra=   20.368966  20:22:08.3
#dec= -33.382739 -33:22:57.9
#     HJD      MAG_0  MAG_1  MAG_2  MAG_3  MAG_4    MER_0 MER_1 MER_2 MER_3 MER_4 GRADE FRAME
   2460.91452 29.999 29.999 29.999 29.999 29.999    0.034 0.038 0.028 0.030 0.031  C 10321
   2468.71005 12.643 12.611 12.620 12.614 12.589    0.028 0.031 0.023 0.025 0.025  A 11744
