#ndata= 1
#dataset= 1 ; 1 F2048-24_237
#desig= 205930-1448.0
#cra=   20.991556  20:59:29.6
#cdec= -14.800397 -14:48:01.4
#class= 0
#cmag_0=  9.291
#cmer_0=  0.000
#nskip_0= 0
#cmag_1=  9.329
#cmer_1=  0.000
#nskip_1= 0
#cmag_2=  9.335
#cmer_2=  0.000
#nskip_2= 0
#cmag_3=  9.335
#cmer_3=  0.000
#nskip_3= 0
#cmag_4=  9.329
#cmer_4=  0.000
#nskip_4= 0
#ra=   20.991556  20:59:29.6
#dec= -14.800397 -14:48:01.4
#     HJD      MAG_3  MAG_0  MAG_1  MAG_2  MAG_4    MER_3 MER_0 MER_1 MER_2 MER_4 GRADE FRAME
   2140.61598  9.336  9.292  9.329  9.335  9.329    0.039 0.050 0.035 0.033 0.044  A 30174
#ndata= 374
#dataset= 2 ; 1 F2048-16_282
#desig= 205929-1447.8
#cra=   20.991474  20:59:29.3
#cdec= -14.796057 -14:47:45.8
#class= 0
#cmag_0=  9.236
#cmer_0=  0.292
#nskip_0= 0
#cmag_1=  9.242
#cmer_1=  0.268
#nskip_1= 0
#cmag_2=  9.232
#cmer_2=  0.255
#nskip_2= 0
#cmag_3=  9.218
#cmer_3=  0.271
#nskip_3= 0
#cmag_4=  9.213
#cmer_4=  0.269
#nskip_4= 0
#ra=   20.991474  20:59:29.3
#dec= -14.796057 -14:47:45.8
#     HJD      MAG_3  MAG_0  MAG_1  MAG_2  MAG_4    MER_3 MER_0 MER_1 MER_2 MER_4 GRADE FRAME
   2000.90137  9.385  9.454  9.438  9.398  9.376    0.048 0.053 0.047 0.041 0.048  A 14762
   2018.83197  8.944  8.921  8.956  8.970  8.942    0.053 0.072 0.057 0.047 0.054  B 16290
   2529.59914  9.327  9.335  9.333  9.330  9.322    0.051 0.068 0.054 0.045 0.051  B 19059
#dataset= 2 ; 2 F2048-16_282
#desig= 205931-1448.0
#cra=   20.991931  20:59:31.0
#cdec= -14.800741 -14:48:02.7
#class= 0
#cmag_0=  9.247
#cmer_0=  0.330
#nskip_0= 0
#cmag_1=  9.275
#cmer_1=  0.327
#nskip_1= 0
#cmag_2=  9.291
#cmer_2=  0.317
#nskip_2= 0
#cmag_3=  9.293
#cmer_3=  0.331
#nskip_3= 0
#cmag_4=  9.301
#cmer_4=  0.328
#nskip_4= 0
#ra=   20.991931  20:59:31.0
#dec= -14.800741 -14:48:02.7
#     HJD      MAG_3  MAG_0  MAG_1  MAG_2  MAG_4    MER_3 MER_0 MER_1 MER_2 MER_4 GRADE FRAME
   1994.91007  9.573  9.516  9.552  9.561  9.577    0.056 0.063 0.053 0.047 0.054  B 13564
   2000.90137  9.387  9.345  9.367  9.379  9.394    0.048 0.053 0.047 0.041 0.048  A 14762
   2018.83197  8.921  8.880  8.909  8.933  8.933    0.053 0.072 0.057 0.047 0.054  B 16290
   3704.53614 29.999 29.999 29.999 29.999 29.999    0.035 0.046 0.033 0.032 0.038  C 168535
   4231.93248 29.999 29.999 29.999 29.999 29.999    0.034 0.037 0.032 0.030 0.040  C 223975
   4348.63262 29.999 29.999 29.999 29.999 29.999    0.066 0.065 0.047 0.054 0.071  C 238132
   4377.62008 29.999 29.999 29.999 29.999 29.999    0.029 0.056 0.034 0.027 0.033  C 242255
#dataset= 2 ; 3 F2048-16_282
#desig= 205930-1448.0
#cra=   20.991567  20:59:29.6
#cdec= -14.800044 -14:48:00.2
#class= 0
#cmag_0=  9.292
#cmer_0=  0.136
#nskip_0= 5
#cmag_1=  9.294
#cmer_1=  0.134
#nskip_1= 2
#cmag_2=  9.295
#cmer_2=  0.133
#nskip_2= 2
#cmag_3=  9.295
#cmer_3=  0.133
#nskip_3= 15
#cmag_4=  9.296
#cmer_4=  0.133
#nskip_4= 7
#ra=   20.991567  20:59:29.6
#dec= -14.800044 -14:48:00.2
#     HJD      MAG_3  MAG_0  MAG_1  MAG_2  MAG_4    MER_3 MER_0 MER_1 MER_2 MER_4 GRADE FRAME
   1982.91145  9.391  9.347  9.380  9.362  9.367    0.069 0.070 0.062 0.059 0.068  B 12869
   1984.91351  9.422  9.419  9.413  9.414  9.416    0.071 0.078 0.067 0.061 0.071  D 13083
   1998.89844  9.442  9.405  9.437  9.457  9.435    0.049 0.054 0.045 0.039 0.050  A 14361
   2008.89386  9.059  8.984  9.006  9.018  9.032    0.056 0.065 0.055 0.048 0.055  B 15283
   2025.83831  9.238  9.227  9.240  9.240  9.237    0.024 0.031 0.023 0.021 0.027  A 17280
   2026.92551  9.253  9.244  9.245  9.247  9.254    0.029 0.051 0.028 0.027 0.033  A 17534
   2032.83203  9.412  9.406  9.415  9.409  9.413    0.026 0.035 0.024 0.023 0.029  A 18321
   2033.90941  9.416  9.382  9.424  9.418  9.421    0.025 0.039 0.026 0.023 0.028  A 18566
   2039.83156  9.365  9.386  9.369  9.366  9.370    0.033 0.056 0.031 0.029 0.037  A 19319
   2052.81929  9.077  9.059  9.071  9.070  9.075    0.030 0.055 0.033 0.028 0.033  A 19897
   2053.83290  9.088  9.045  9.079  9.077  9.089    0.027 0.048 0.027 0.023 0.031  A 20108
   2054.82940  9.076  9.052  9.060  9.064  9.075    0.027 0.046 0.026 0.023 0.031  A 20331
   2055.81814  9.072  9.068  9.068  9.076  9.068    0.025 0.044 0.022 0.021 0.029  A 20548
   2056.81459  9.043  9.085  9.050  9.043  9.046    0.026 0.052 0.026 0.023 0.030  A 20774
   2057.81588  9.051  9.101  9.062  9.054  9.048    0.025 0.042 0.026 0.023 0.028  A 21001
   2058.82267  9.037  9.005  9.029  9.037  9.039    0.026 0.045 0.026 0.023 0.029  A 21228
   2061.83571  9.072  9.045  9.072  9.077  9.078    0.026 0.047 0.026 0.023 0.031  A 21453
   2064.85622  9.115  9.118  9.113  9.116  9.116    0.032 0.054 0.028 0.027 0.038  A 21640
   2067.72266  9.203  9.220  9.200  9.202  9.208    0.034 0.059 0.032 0.031 0.038  A 21885
   2080.71567  9.444  9.402  9.465  9.462  9.444    0.027 0.056 0.030 0.025 0.031  A 22931
   2081.81810  9.461  9.412  9.454  9.458  9.465    0.028 0.051 0.031 0.025 0.031  A 23200
   2082.76895  9.462  9.533  9.465  9.463  9.463    0.029 0.057 0.030 0.026 0.033  A 23403
   2083.80090  9.432  9.435  9.433  9.432  9.426    0.077 0.062 0.051 0.060 0.093  D 23662
   2086.67862  9.387  9.375  9.371  9.381  9.385    0.025 0.045 0.026 0.023 0.029  A 24057
   2087.74417  9.317  9.324  9.311  9.316  9.321    0.030 0.052 0.028 0.026 0.034  A 24309
   2088.73848  9.340  9.340  9.330  9.330  9.337    0.028 0.053 0.028 0.025 0.031  A 24533
   2093.67855  9.246  9.229  9.243  9.242  9.251    0.032 0.061 0.031 0.028 0.035  A 24728
   2094.68322  9.226  9.229  9.228  9.223  9.231    0.030 0.053 0.031 0.027 0.033  A 25019
   2095.67349  9.251  9.286  9.263  9.260  9.253    0.122 0.077 0.081 0.097 0.146  D 25239
   2103.71481  9.166  9.184  9.168  9.166  9.165    0.027 0.051 0.028 0.025 0.030  A 25843
   2104.70958  9.183  9.188  9.178  9.181  9.187    0.025 0.047 0.026 0.022 0.028  A 26039
   2105.70458  9.172  9.160  9.170  9.172  9.170    0.027 0.054 0.028 0.025 0.031  A 26258
   2106.70212  9.180  9.147  9.170  9.177  9.179    0.027 0.043 0.026 0.024 0.030  A 26461
   2114.72161  9.231  9.226  9.216  9.226  9.234    0.029 0.046 0.031 0.027 0.033  A 26696
   2115.70201  9.254  9.255  9.234  9.241  9.253    0.027 0.045 0.029 0.025 0.030  A 26891
   2116.67520  9.275  9.227  9.277  9.278  9.274    0.026 0.041 0.026 0.023 0.029  A 27101
   2117.66888  9.288  9.273  9.286  9.285  9.293    0.031 0.048 0.029 0.027 0.034  A 27318
   2128.63415  9.534  9.504  9.518  9.534  9.541    0.026 0.043 0.025 0.023 0.030  A 27936
   2129.65151  9.548  9.501  9.540  9.547  9.555    0.025 0.048 0.029 0.023 0.027  A 28158
   2130.65308  9.554  9.571  9.566  9.557  9.562    0.027 0.047 0.029 0.024 0.029  A 28375
   2131.63674  9.543  9.554  9.550  9.549  9.549    0.027 0.052 0.028 0.025 0.030  A 28567
   2132.64741  9.544  9.575  9.524  9.537  9.545    0.025 0.044 0.032 0.024 0.028  A 28786
   2133.64363  9.519  9.484  9.520  9.521  9.519    0.024 0.038 0.024 0.021 0.028  A 28998
   2134.65022  9.508  9.521  9.490  9.502  9.508    0.027 0.045 0.029 0.025 0.031  A 29217
   2135.63602  9.484  9.478  9.482  9.484  9.484    0.029 0.045 0.027 0.025 0.032  A 29425
   2136.63779  9.458  9.457  9.442  9.452  9.459    0.026 0.040 0.026 0.023 0.029  A 29638
   2141.62945  9.323  9.350  9.302  9.324  9.325    0.026 0.044 0.030 0.023 0.029  A 30392
   2143.61831  9.314  9.398  9.320  9.316  9.315    0.029 0.048 0.029 0.025 0.033  A 30791
   2145.61545  9.282  9.380  9.296  9.287  9.286    0.026 0.042 0.026 0.023 0.032  A 31201
   2156.60035  9.172  9.146  9.151  9.160  9.178    0.057 0.064 0.050 0.049 0.066  B 31633
   2163.57620  9.282  9.297  9.308  9.308  9.294    0.103 0.081 0.075 0.083 0.121  D 31859
   2167.55814  9.327  9.303  9.320  9.317  9.317    0.031 0.055 0.033 0.028 0.034  A 32064
   2168.58270  9.337  9.316  9.310  9.332  9.335    0.028 0.051 0.032 0.026 0.032  A 32240
   2171.53754  9.326  9.323  9.333  9.326  9.322    0.035 0.052 0.034 0.031 0.040  A 32557
   2172.56501  9.348  9.324  9.343  9.343  9.356    0.029 0.051 0.032 0.026 0.030  A 32761
   2173.56292  9.354  9.339  9.331  9.341  9.354    0.029 0.050 0.033 0.028 0.032  A 32947
   2175.54189  9.288  9.301  9.273  9.301  9.295    0.037 0.053 0.039 0.034 0.042  A 33256
   2183.51175  9.167  9.151  9.159  9.171  9.166    0.033 0.051 0.037 0.031 0.037  A 33833
   2185.53027  9.174  9.169  9.184  9.171  9.175    0.031 0.047 0.033 0.028 0.035  A 34219
   2189.52171  9.176  9.175  9.160  9.158  9.151    0.030 0.037 0.037 0.028 0.030  A 34761
   2191.57750  9.150  9.115  9.133  9.144  9.144    0.029 0.045 0.033 0.027 0.033  A 35088
   2193.54796  9.152  9.124  9.137  9.144  9.151    0.030 0.054 0.035 0.028 0.033  A 35432
   2195.53784  9.188  9.181  9.173  9.174  9.179    0.030 0.051 0.037 0.029 0.033  A 35785
   2197.55159  9.197  9.178  9.210  9.196  9.195    0.029 0.047 0.035 0.028 0.032  A 36106
   2199.53904  9.234  9.205  9.232  9.223  9.241    0.030 0.045 0.034 0.028 0.032  A 36453
   2202.55591  9.281  9.281  9.272  9.267  9.269    0.029 0.047 0.035 0.027 0.033  A 36876
   2212.53245  9.306  9.280  9.274  9.293  9.303    0.033 0.050 0.037 0.030 0.036  A 37874
   2215.51372  9.298  9.281  9.297  9.308  9.306    0.029 0.042 0.033 0.027 0.031  A 38350
   2226.51265  9.371  9.350  9.368  9.378  9.374    0.033 0.054 0.042 0.032 0.034  A 39611
   2230.50545  9.301  9.274  9.278  9.303  9.313    0.037 0.050 0.043 0.035 0.037  A 40251
   2236.52020  9.205  9.214  9.230  9.227  9.221    0.038 0.058 0.047 0.038 0.037  A 41058
   2443.75965  9.531  9.514  9.538  9.537  9.526    0.018 0.023 0.028 0.018 0.018  A 8725
   2444.76166  9.482  9.461  9.495  9.491  9.485    0.019 0.024 0.027 0.018 0.020  A 8931
   2445.74602  9.425  9.442  9.385  9.420  9.424    0.021 0.026 0.028 0.020 0.022  A 9141
   2446.75764  9.378  9.388  9.364  9.370  9.382    0.025 0.030 0.034 0.025 0.027  A 9309
   2464.73410  9.199  9.137  9.164  9.189  9.184    0.028 0.030 0.036 0.026 0.025  A 10880
   2465.71308  9.244  9.201  9.230  9.230  9.232    0.031 0.028 0.031 0.025 0.024  A 11091
   2466.71045  9.204  9.217  9.203  9.205  9.210    0.023 0.026 0.030 0.022 0.021  A 11308
   2467.70757  9.262  9.247  9.268  9.260  9.261    0.020 0.023 0.027 0.019 0.019  A 11526
   2468.72415  9.275  9.259  9.255  9.267  9.272    0.022 0.029 0.033 0.022 0.023  A 11749
   2470.67241  9.362  9.326  9.352  9.348  9.347    0.028 0.027 0.028 0.023 0.024  A 12009
   2473.68276  9.416  9.354  9.400  9.390  9.394    0.035 0.032 0.034 0.029 0.030  A 12702
   2473.69394  9.383  9.367  9.366  9.378  9.386    0.038 0.035 0.037 0.032 0.033  A 12707
   2474.71369  9.330  9.349  9.330  9.329  9.344    0.077 0.070 0.070 0.069 0.082  D 12882
   2482.72481  9.286  9.323  9.299  9.288  9.300    0.040 0.039 0.038 0.033 0.035  A 13192
   2486.66084  9.275  9.229  9.244  9.249  9.271    0.034 0.039 0.037 0.031 0.034  A 13331
   2487.69126  9.314  9.274  9.258  9.280  9.304    0.048 0.062 0.053 0.043 0.048  B 13503
   2489.61222  9.225  9.187  9.202  9.220  9.222    0.044 0.044 0.043 0.040 0.046  A 13835
   2490.67755  9.251  9.211  9.220  9.241  9.248    0.038 0.035 0.036 0.031 0.033  A 14081
   2493.64786  9.231  9.263  9.227  9.250  9.252    0.040 0.038 0.036 0.033 0.032  A 14477
   2495.65290  9.314  9.270  9.296  9.296  9.311    0.038 0.034 0.036 0.031 0.029  A 14807
   2497.64578  9.304  9.309  9.299  9.312  9.318    0.028 0.030 0.031 0.025 0.023  A 15228
   2498.63871  9.344  9.320  9.327  9.343  9.340    0.026 0.029 0.032 0.024 0.024  A 15435
   2500.61782  9.327  9.333  9.305  9.326  9.338    0.028 0.032 0.035 0.026 0.026  A 15850
   2501.63572  9.368  9.322  9.378  9.359  9.357    0.027 0.032 0.032 0.024 0.023  A 16007
   2502.64497  9.364  9.339  9.355  9.353  9.359    0.035 0.031 0.035 0.030 0.029  A 16222
   2510.56159  9.282  9.280  9.294  9.286  9.284    0.043 0.038 0.035 0.036 0.050  A 16943
   2511.63211  9.266  9.231  9.262  9.267  9.267    0.048 0.041 0.044 0.040 0.054  A 17089
   2520.71381  9.249  9.215  9.284  9.253  9.234    0.020 0.030 0.031 0.021 0.020  A 18232
   2524.65311  9.265  9.284  9.261  9.265  9.270    0.023 0.025 0.028 0.021 0.021  A 18656
   2526.67661  9.309  9.287  9.308  9.307  9.312    0.026 0.041 0.028 0.025 0.028  A 18858
   2529.59914  9.355  9.315  9.335  9.345  9.349    0.051 0.068 0.054 0.045 0.051  B 19059
   2540.59211  9.333  9.381  9.358  9.342  9.328    0.046 0.055 0.046 0.040 0.044  A 19692
   2543.65379  9.279  9.276  9.301  9.288  9.277    0.037 0.037 0.036 0.033 0.042  A 19901
   2545.63736  9.206  9.236  9.221  9.215  9.206    0.020 0.027 0.028 0.022 0.022  A 20171
   2548.66702  9.180  9.095  9.212  9.181  9.166    0.031 0.029 0.032 0.029 0.030  A 20605
   2551.56275  9.119  9.169  9.143  9.120  9.115    0.052 0.069 0.054 0.047 0.053  B 20927
   2552.62290  9.065  9.133  9.107  9.090  9.076    0.056 0.055 0.053 0.050 0.057  B 21138
   2553.64060  9.119  9.118  9.127  9.120  9.129    0.027 0.049 0.039 0.028 0.026  A 21326
   2558.51319  9.140  9.144  9.132  9.133  9.137    0.023 0.027 0.029 0.021 0.022  A 21994
   2564.49820  9.274  9.277  9.268  9.275  9.264    0.039 0.041 0.041 0.035 0.038  A 23033
   2565.56608  9.279  9.308  9.267  9.280  9.272    0.030 0.033 0.033 0.027 0.032  A 23240
   2566.57818  9.283  9.280  9.289  9.291  9.289    0.025 0.029 0.027 0.023 0.027  A 23424
   2568.60592  9.320  9.336  9.319  9.325  9.315    0.045 0.047 0.046 0.040 0.044  A 23588
   2714.90745  9.129  9.128  9.137  9.129  9.132    0.033 0.029 0.030 0.027 0.038  A 45629
   2721.90885  9.044  9.043  9.054  9.050  9.030    0.052 0.036 0.040 0.044 0.062  B 46599
   2732.89548  9.226  9.226  9.182  9.202  9.225    0.028 0.033 0.048 0.033 0.029  A 48524
   2735.88339  9.286  9.245  9.264  9.255  9.284    0.025 0.025 0.024 0.022 0.028  A 49127
   2738.88001 99.999  9.304  9.311 99.999 99.999    0.025 0.025 0.025 0.024 0.027  C 49698
   2755.83758  9.163  9.203  9.151  9.161  9.171    0.028 0.027 0.040 0.028 0.026  A 52547
   2757.87963  9.181  9.144  9.190  9.182  9.180    0.022 0.024 0.023 0.019 0.024  A 52979
   2760.85759  9.208  9.182  9.228  9.214  9.207    0.027 0.036 0.033 0.026 0.029  A 53519
   2765.79189  9.394  9.404  9.403  9.400  9.393    0.023 0.028 0.027 0.020 0.025  A 54385
   2769.90834  9.461  9.465  9.453  9.461  9.461    0.033 0.043 0.032 0.029 0.036  A 54767
   2782.90009  9.393  9.394  9.392  9.396  9.394    0.021 0.022 0.026 0.019 0.023  A 55819
   2784.84172  9.428  9.388  9.460  9.437  9.427    0.023 0.026 0.028 0.021 0.025  A 56220
   2786.81978  9.450  9.444  9.457  9.459  9.459    0.022 0.027 0.021 0.019 0.024  A 56644
   2790.84710  9.529  9.478  9.530  9.527  9.521    0.020 0.035 0.022 0.019 0.023  A 57415
   2804.76926  9.388  9.369  9.405  9.396  9.379    0.034 0.031 0.037 0.029 0.037  A 59100
   2809.82775  9.302  9.311  9.341  9.297  9.279    0.025 0.030 0.032 0.022 0.027  A 59583
   2811.75346  9.223  9.214  9.221  9.217  9.230    0.025 0.026 0.023 0.022 0.028  A 60004
   2812.86156  9.212  9.196  9.235  9.215  9.196    0.033 0.033 0.033 0.029 0.035  A 60276
   2816.86224  9.266  9.260  9.282  9.269  9.261    0.024 0.027 0.029 0.021 0.026  A 60951
   2820.71815  9.347  9.353  9.344  9.359  9.353    0.028 0.023 0.034 0.024 0.025  A 61546
   2826.80843  9.518  9.511  9.492  9.520  9.521    0.023 0.026 0.027 0.021 0.025  A 62102
   2832.69054  9.567  9.575  9.581  9.575  9.568    0.026 0.027 0.026 0.023 0.029  A 62981
   2839.82627  9.575  9.606  9.572  9.595  9.551    0.088 0.072 0.077 0.078 0.096  D 64186
   2843.70856  9.518  9.526  9.508  9.518  9.511    0.022 0.021 0.026 0.019 0.023  A 64938
   2851.70788  9.341  9.349  9.327  9.346  9.350    0.022 0.020 0.024 0.018 0.024  A 65469
   2853.83308  9.325  9.314  9.342  9.324  9.332    0.066 0.057 0.057 0.058 0.076  B 65741
   2858.75396  9.341  9.335  9.345  9.332  9.332    0.024 0.026 0.030 0.021 0.025  A 66369
   2864.74085  9.349  9.359  9.342  9.354  9.349    0.033 0.033 0.034 0.029 0.037  A 67404
   2867.61285  9.364  9.365  9.387  9.369  9.354    0.024 0.025 0.029 0.023 0.025  A 67750
   2871.80002  9.347  9.322  9.363  9.347  9.340    0.026 0.031 0.027 0.023 0.028  A 68018
   2874.63569  9.329  9.330  9.314  9.322  9.327    0.022 0.025 0.026 0.020 0.023  A 68367
   2876.64046  9.347  9.345  9.344  9.349  9.349    0.021 0.029 0.023 0.020 0.024  A 68761
   2878.64029  9.388  9.392  9.403  9.391  9.380    0.024 0.026 0.025 0.022 0.028  A 69155
   2880.69076  9.452  9.415  9.436  9.444  9.454    0.043 0.041 0.038 0.039 0.051  A 69394
   2883.62210  9.509  9.515  9.495  9.497  9.508    0.018 0.028 0.021 0.017 0.019  A 69619
   2884.78466  9.506  9.525  9.483  9.502  9.511    0.024 0.027 0.027 0.022 0.027  A 69879
   2886.60233  9.522  9.531  9.508  9.513  9.521    0.021 0.023 0.022 0.019 0.023  A 70220
   2892.59626  9.463  9.508  9.455  9.457  9.444    0.029 0.046 0.031 0.025 0.034  A 70658
   2893.69600  9.431  9.385  9.460  9.443  9.420    0.034 0.044 0.041 0.030 0.036  A 70903
   2895.65865  9.396  9.404  9.403  9.399  9.398    0.023 0.026 0.021 0.020 0.026  A 71279
   2897.66785  9.374  9.411  9.377  9.370  9.377    0.022 0.032 0.021 0.019 0.024  A 71683
   2899.64499  9.350  9.367  9.316  9.342  9.361    0.050 0.050 0.051 0.046 0.051  A 72037
   2901.64442  9.266  9.335  9.246  9.242  9.276    0.105 0.081 0.085 0.090 0.123  D 72420
   2904.67944  9.277  9.315  9.272  9.279  9.296    0.059 0.052 0.054 0.052 0.068  B 72874
   2906.67712  9.309  9.329  9.301  9.305  9.310    0.020 0.026 0.025 0.020 0.023  A 73196
   2908.72170  9.308  9.316  9.312  9.309  9.309    0.025 0.029 0.024 0.022 0.028  A 73446
   2911.50671  9.350  9.328  9.373  9.363  9.340    0.021 0.024 0.026 0.020 0.022  A 73859
   2913.54077  9.335  9.371  9.348  9.339  9.341    0.045 0.047 0.038 0.039 0.052  A 74226
   2922.58953  9.462  9.489  9.465  9.466  9.474    0.036 0.030 0.044 0.032 0.035  A 75248
   2924.60093  9.536  9.505  9.559  9.547  9.515    0.044 0.037 0.054 0.041 0.040  B 75629
   2927.59410  9.572  9.542  9.605  9.577  9.563    0.031 0.030 0.031 0.027 0.036  A 75983
   2929.59517  9.573  9.558  9.592  9.574  9.567    0.030 0.034 0.043 0.028 0.030  A 76340
   2931.60242  9.956 10.963 10.378 10.057  9.907    0.030 0.035 0.027 0.025 0.035  A 76705
   2933.59232  9.529  9.531  9.518  9.528  9.532    0.029 0.034 0.043 0.025 0.028  A 77056
   2935.59035  9.504  9.501  9.503  9.501  9.510    0.031 0.043 0.054 0.029 0.030  B 77413
   2937.59068  9.450  9.476  9.454  9.449  9.448    0.028 0.041 0.029 0.026 0.032  A 77685
   2946.50133  9.183  9.157  9.185  9.184  9.187    0.027 0.030 0.026 0.024 0.032  A 78782
   2948.58449  9.154  9.172  9.133  9.150  9.158    0.039 0.037 0.035 0.033 0.044  A 79118
   2951.52908  9.126  9.142  9.136  9.122  9.128    0.030 0.030 0.024 0.025 0.035  A 79530
   2953.56982  9.129  9.149  9.107  9.131  9.126    0.039 0.031 0.031 0.032 0.046  A 79806
   2955.57842  9.129  9.139  9.129  9.134  9.137    0.025 0.024 0.024 0.022 0.030  A 80065
   2955.60818  9.137  9.105  9.143  9.126  9.142    0.037 0.033 0.035 0.032 0.043  A 80077
   2957.57979  9.107  9.110  9.112  9.110  9.106    0.029 0.026 0.026 0.025 0.034  A 80354
   2961.57470  9.158  9.153  9.174  9.162  9.159    0.026 0.027 0.026 0.023 0.030  A 80898
   2964.53272  9.190  9.196  9.185  9.190  9.189    0.028 0.029 0.024 0.024 0.032  A 81303
   2966.55177  9.218  9.241  9.198  9.224  9.228    0.027 0.028 0.026 0.024 0.031  A 81597
   2973.51834  9.268  9.258  9.277  9.268  9.262    0.029 0.031 0.025 0.025 0.035  A 82422
   3088.91178  9.236  9.264  9.224  9.236  9.240    0.051 0.044 0.045 0.046 0.059  A 95861
   3089.85967  9.338  9.302  9.344  9.346  9.338    0.071 0.058 0.061 0.065 0.078  D 95990
   3089.86221  9.216  9.230  9.230  9.219  9.221    0.062 0.054 0.056 0.056 0.066  B 95991
   3093.90909 99.999  9.222  9.207 99.999 99.999    0.044 0.036 0.037 0.038 0.050  C 96587
   3098.91480  9.209  9.185  9.202  9.194  9.214    0.043 0.036 0.036 0.038 0.050  A 97066
   3103.91348  9.141  9.121  9.134  9.132  9.144    0.043 0.034 0.035 0.036 0.052  A 97843
   3111.87618  9.118  9.121  9.104  9.117  9.118    0.119 0.080 0.087 0.100 0.137  D 99085
   3115.87257  9.122  9.121  9.127  9.119  9.122    0.067 0.067 0.067 0.064 0.070  D 99740
   3127.84493  9.445  9.480  9.445  9.449  9.448    0.073 0.056 0.058 0.063 0.085  D 101099
   3130.88870  9.407  9.441  9.403  9.409  9.418    0.059 0.059 0.047 0.051 0.067  B 101575
   3133.91138  9.346  9.346  9.360  9.344  9.348    0.028 0.025 0.032 0.024 0.032  A 102074
   3146.84234  9.026  9.041  9.005  9.027  9.032    0.033 0.027 0.027 0.028 0.039  A 103590
   3152.88554  9.024  9.018  9.016  9.017  9.039    0.060 0.041 0.043 0.049 0.071  B 103681
   3159.80512  9.114  9.099  9.144  9.128  9.100    0.054 0.039 0.041 0.045 0.063  B 104622
   3164.85514  9.245  9.270  9.251  9.245  9.242    0.026 0.031 0.028 0.023 0.029  A 105272
   3170.80773  9.327  9.272  9.330  9.331  9.325    0.031 0.037 0.028 0.027 0.036  A 106067
   3179.83292  9.315  9.324  9.321  9.317  9.318    0.025 0.030 0.023 0.022 0.029  A 107267
   3182.80127  9.216  9.229  9.203  9.216  9.221    0.045 0.036 0.039 0.038 0.052  A 107560
   3187.77712  9.184  9.171  9.183  9.189  9.183    0.029 0.027 0.028 0.026 0.033  A 108321
   3193.84870  9.139  9.085  9.152  9.144  9.142    0.037 0.042 0.035 0.034 0.041  A 108960
   3274.55398  9.397  9.431  9.380  9.394  9.395    0.029 0.041 0.030 0.026 0.034  A 116304
   3278.66225  9.347  9.381  9.348  9.355  9.354    0.031 0.032 0.030 0.026 0.035  A 116849
   3280.67721  9.331  9.360  9.312  9.325  9.340    0.038 0.039 0.033 0.032 0.044  A 117112
   3290.59574  9.185  9.185  9.165  9.176  9.184    0.026 0.032 0.030 0.024 0.029  A 118125
   3294.59606  9.128  9.129  9.133  9.145  9.137    0.027 0.034 0.031 0.024 0.028  A 118367
   3446.90532  9.201  9.198  9.189  9.194  9.192    0.051 0.040 0.037 0.040 0.058  A 134669
   3449.90810  9.138  9.130  9.155  9.151  9.138    0.043 0.041 0.036 0.036 0.050  A 135167
   3454.90434  9.155  9.125  9.135  9.150  9.136    0.057 0.073 0.046 0.049 0.064  B 135924
   3458.90468  9.170  9.171  9.167  9.163  9.169    0.035 0.041 0.031 0.030 0.041  A 136633
   3466.89968  9.357  9.365  9.365  9.367  9.361    0.057 0.047 0.044 0.048 0.067  B 137919
   3470.89602  9.335  9.335  9.341  9.338  9.328    0.034 0.037 0.030 0.029 0.040  A 138487
   3474.88756  9.318  9.299  9.312  9.315  9.319    0.038 0.037 0.028 0.032 0.043  A 139122
   3478.87141  9.279  9.248  9.287  9.284  9.281    0.035 0.041 0.030 0.029 0.041  A 139802
   3497.85424  9.054  9.026  9.053  9.054  9.053    0.032 0.034 0.029 0.027 0.038  A 141992
   3508.90418  9.072  9.100  9.061  9.074  9.083    0.026 0.029 0.028 0.023 0.030  A 143329
   3511.85445  9.110  9.075  9.123  9.115  9.104    0.026 0.035 0.027 0.024 0.030  A 143745
   3516.85737  9.168  9.162  9.173  9.176  9.176    0.040 0.033 0.029 0.033 0.047  A 144245
   3520.87832  9.213  9.182  9.223  9.214  9.210    0.033 0.038 0.028 0.028 0.039  A 144752
   3523.81851  9.246  9.215  9.229  9.243  9.251    0.036 0.041 0.031 0.031 0.040  A 145249
   3526.82066  9.317  9.329  9.308  9.317  9.322    0.038 0.058 0.033 0.034 0.043  A 145741
   3529.80592  9.315  9.345  9.319  9.312  9.318    0.066 0.052 0.051 0.056 0.076  B 146250
   3540.76785  9.279  9.267  9.276  9.277  9.283    0.035 0.036 0.028 0.030 0.041  A 147207
   3543.76950  9.229  9.237  9.219  9.224  9.233    0.040 0.042 0.034 0.034 0.046  A 147597
   3547.80766  9.199  9.240  9.188  9.195  9.189    0.051 0.065 0.041 0.042 0.060  A 148093
   3551.79688  9.156  9.127  9.136  9.154  9.164    0.039 0.069 0.039 0.035 0.043  A 148362
   3554.78609  9.234  9.256  9.235  9.228  9.251    0.046 0.055 0.042 0.040 0.051  A 148807
   3558.74922  9.321  9.251  9.306  9.320  9.326    0.039 0.054 0.033 0.034 0.044  A 149267
   3560.76616  9.359  9.351  9.364  9.360  9.353    0.040 0.066 0.040 0.036 0.044  A 149603
   3564.76111  9.450  9.456  9.441  9.446  9.459    0.025 0.028 0.027 0.022 0.029  A 150285
   3568.82126  9.502  9.457  9.466  9.490  9.494    0.026 0.040 0.030 0.023 0.030  A 150439
   3570.71290  9.530  9.509  9.539  9.528  9.527    0.029 0.031 0.027 0.024 0.033  A 150785
   3574.73549  9.510  9.525  9.489  9.502  9.520    0.037 0.046 0.035 0.032 0.042  A 151319
   3576.75007  9.472  9.494  9.450  9.466  9.471    0.028 0.046 0.029 0.026 0.032  A 151682
   3578.85477  9.418  9.406  9.434  9.425 99.999    0.036 0.055 0.037 0.032 0.039  C 152039
   3582.85597  9.309  9.258  9.317  9.310  9.315    0.037 0.064 0.036 0.033 0.043  A 152722
   3585.64786  9.263  9.218  9.247  9.261  9.269    0.034 0.053 0.034 0.031 0.037  A 153183
   3587.70368  9.259  9.276  9.241  9.255  9.264    0.031 0.038 0.029 0.027 0.034  A 153545
   3589.81833  9.257  9.225  9.250  9.256  9.262    0.028 0.051 0.029 0.025 0.031  A 153903
   3592.62867  9.281  9.316  9.287  9.285  9.281    0.027 0.041 0.024 0.023 0.031  A 154360
   3597.72479  9.348  9.356  9.375  9.350  9.330    0.058 0.055 0.045 0.048 0.068  B 155157
   3602.65728  9.482  9.443  9.477  9.477  9.483    0.040 0.043 0.032 0.034 0.047  A 155742
   3604.66699  9.504  9.546  9.546  9.531  9.494    0.096 0.077 0.069 0.078 0.115  D 156048
   3615.79137  9.562  9.549  9.573  9.562  9.555    0.046 0.060 0.042 0.041 0.053  A 156954
   3618.57820  9.565  9.606  9.552  9.558  9.569    0.042 0.045 0.038 0.037 0.048  A 157264
   3620.60569  9.601  9.672  9.598  9.596  9.610    0.043 0.085 0.046 0.041 0.045  B 157578
   3622.67497  9.558  9.563  9.549  9.559  9.558    0.032 0.060 0.035 0.029 0.035  A 157915
   3629.58224  9.461  9.490  9.444  9.466  9.462    0.043 0.048 0.036 0.035 0.050  A 158597
   3631.58069  9.465  9.480  9.470  9.467  9.471    0.036 0.034 0.030 0.030 0.043  A 158935
   3633.59806 99.999 99.999 99.999 99.999 99.999    0.033 0.045 0.031 0.028 0.038  C 159211
   3635.65150  9.334  9.362  9.334  9.327  9.331    0.138 0.081 0.089 0.109 0.173  D 159543
   3638.68351  9.258  9.201  9.277  9.259  9.260    0.037 0.038 0.033 0.033 0.042  A 159799
   3641.65682  9.242  9.266  9.238  9.236  9.245    0.026 0.032 0.025 0.023 0.028  A 160183
   3643.70222  9.211  9.242  9.208  9.206  9.211    0.039 0.046 0.038 0.036 0.044  A 160475
   3647.58729  9.196  9.192  9.161  9.195  9.197    0.023 0.026 0.026 0.021 0.026  A 160887
   3649.67807  9.155  9.213  9.152  9.165  9.170    0.116 0.078 0.082 0.092 0.144  D 161189
   3651.65672  9.195  9.189  9.207  9.198  9.197    0.033 0.064 0.037 0.030 0.036  A 161452
   3657.50699  9.259  9.220  9.246  9.257  9.265    0.044 0.087 0.045 0.040 0.049  B 162274
   3659.56148  9.290  9.308  9.271  9.286  9.289    0.036 0.040 0.031 0.030 0.042  A 162605
   3661.58193  9.328  9.317  9.337  9.330  9.322    0.036 0.033 0.030 0.029 0.040  A 162915
   3663.58573  9.366  9.370  9.358  9.365  9.360    0.033 0.037 0.030 0.029 0.037  A 163194
   3665.59651  9.405  9.363  9.394  9.398  9.403    0.033 0.063 0.038 0.031 0.037  A 163492
   3669.57965  9.435  9.455  9.394  9.431  9.441    0.024 0.027 0.026 0.021 0.027  A 163954
   3671.61892  9.412  9.408  9.446  9.424  9.415    0.026 0.037 0.028 0.024 0.030  A 164251
   3674.58187  9.390  9.382  9.357  9.383  9.393    0.025 0.033 0.026 0.023 0.028  A 164673
   3676.60624  9.353  9.348  9.358  9.351  9.356    0.028 0.041 0.029 0.026 0.032  A 164965
   3701.53726  9.132  9.155  9.134  9.139  9.134    0.041 0.040 0.035 0.036 0.049  A 168142
   3811.90598  9.252  9.285  9.273  9.263  9.251    0.062 0.050 0.044 0.050 0.072  B 182231
   3815.90865  9.355  9.367  9.339  9.341  9.362    0.060 0.050 0.042 0.047 0.073  B 182864
   3822.90084  9.386  9.388  9.383  9.387  9.387    0.040 0.048 0.033 0.034 0.048  A 183991
   3826.90125  9.407  9.415  9.423  9.410  9.413    0.042 0.042 0.034 0.035 0.048  A 184662
   3830.89182  9.412  9.453  9.410  9.415  9.410    0.040 0.046 0.034 0.033 0.047  A 185331
   3834.88910  9.459  9.439  9.467  9.465  9.453    0.048 0.042 0.034 0.039 0.057  A 186031
   3849.88580  9.551  9.564  9.559  9.559  9.553    0.030 0.044 0.029 0.026 0.034  A 187181
   3853.86758  9.451  9.446  9.446  9.446  9.460    0.037 0.045 0.034 0.034 0.040  A 187867
   3857.90224  9.351  9.364  9.357  9.357  9.350    0.038 0.033 0.029 0.031 0.046  A 188435
   3861.87112  9.316  9.285  9.326  9.316  9.324    0.034 0.039 0.030 0.030 0.038  A 189095
   3864.85481  9.311  9.295  9.319  9.316  9.311    0.034 0.046 0.030 0.029 0.039  A 189610
   3867.83202  9.334  9.332  9.334  9.332  9.338    0.033 0.033 0.028 0.028 0.039  A 190087
   3870.81515  9.331  9.327  9.325  9.331  9.336    0.037 0.042 0.030 0.031 0.044  A 190620
   3875.90650  9.419  9.470  9.408  9.410 99.999    0.041 0.076 0.042 0.037 0.046  C 191261
   3879.87581  9.438  9.477  9.453  9.458  9.444    0.074 0.084 0.060 0.062 0.086  D 191721
   3882.88225  9.413  9.382  9.410  9.411  9.418    0.034 0.048 0.033 0.029 0.037  A 192174
   3886.88626  9.367  9.372  9.341  9.367  9.370    0.033 0.048 0.031 0.029 0.037  A 192555
   3889.81544  9.370  9.347  9.354  9.360  9.375    0.031 0.036 0.032 0.027 0.034  A 193047
   3891.88399  9.319  9.311  9.312  9.318  9.319    0.029 0.042 0.031 0.026 0.034  A 193436
   3894.75822  9.296  9.328  9.256  9.293  9.304    0.029 0.035 0.030 0.025 0.034  A 193895
   3897.84351  9.233  9.242  9.227  9.228  9.234    0.045 0.048 0.037 0.037 0.051  A 194250
   3902.83661  9.225  9.255  9.237  9.228  9.224    0.036 0.037 0.031 0.031 0.042  A 195100
   3904.86131  9.247  9.218  9.231  9.244  9.246    0.040 0.079 0.044 0.038 0.042  B 195488
   3907.76834  9.300  9.319  9.308  9.303  9.300    0.032 0.070 0.034 0.030 0.035  A 196030
   3909.87706  9.314  9.307  9.317  9.313  9.315    0.031 0.042 0.029 0.027 0.037  A 196455
   3913.83202  9.296  9.241  9.310  9.306  9.300    0.035 0.070 0.038 0.033 0.038  A 197002
   4177.90659  9.471  9.426  9.489  9.480  9.460    0.050 0.047 0.042 0.041 0.059  A 218698
   4181.90917  9.462  9.409  9.482  9.455  9.457    0.070 0.060 0.054 0.059 0.083  D 219206
   4185.91085  9.324  9.313  9.348  9.331  9.321    0.045 0.047 0.038 0.038 0.052  A 219785
   4190.91270  9.263  9.266  9.253  9.259  9.264    0.055 0.046 0.042 0.047 0.059  A 220330
   4194.89113  9.162  9.174  9.137  9.152  9.174    0.038 0.048 0.035 0.033 0.045  A 220964
   4204.89573  9.093  9.061  9.107  9.103  9.072    0.037 0.043 0.036 0.033 0.040  A 222039
   4215.92531  9.211  9.203  9.201  9.215  9.216    0.050 0.046 0.043 0.042 0.060  A 222781
   4226.93083  9.258  9.310  9.294  9.274  9.271    0.107 0.080 0.085 0.092 0.125  D 223072
   4234.86712  9.190  9.196  9.179  9.175  9.177    0.036 0.050 0.035 0.031 0.041  A 224478
   4246.81877  9.068  9.071  9.019  9.057  9.080    0.031 0.043 0.036 0.030 0.034  A 226280
   4250.83592  9.147  9.139  9.128  9.151  9.141    0.038 0.034 0.034 0.032 0.043  A 226714
   4254.74744  9.178  9.169  9.166  9.175  9.186    0.035 0.033 0.032 0.030 0.041  A 227049
   4258.86183  9.158  9.116  9.182  9.163  9.157    0.051 0.053 0.047 0.046 0.056  A 227592
   4267.83802  9.109  9.091  9.107  9.119  9.080    0.091 0.071 0.076 0.079 0.109  D 227915
   4273.78821  9.234  9.176  9.210  9.213  9.220    0.033 0.040 0.037 0.032 0.036  A 228546
   4276.76378  9.211  9.170  9.160  9.188  9.212    0.082 0.068 0.073 0.074 0.090  D 228895
   4278.78213  9.184  9.182  9.170  9.179  9.183    0.046 0.040 0.038 0.041 0.049  A 229200
   4285.78662  9.116  9.120  9.114  9.125  9.119    0.038 0.037 0.034 0.032 0.046  A 230031
   4289.77830  9.094  9.098  9.109  9.102  9.109    0.038 0.038 0.036 0.033 0.042  A 230385
   4291.77963  9.078  9.116  9.074  9.090  9.088    0.030 0.035 0.034 0.027 0.032  A 230735
   4293.76678  9.084  9.096  9.082  9.089  9.096    0.029 0.035 0.032 0.025 0.031  A 231098
   4295.77387  9.094  9.073  9.121  9.093  9.091    0.030 0.041 0.033 0.026 0.034  A 231441
   4297.79471  9.028  9.026  9.016  9.030  9.028    0.070 0.053 0.055 0.059 0.083  D 231798
   4299.75429  9.110  9.098  9.093  9.113  9.119    0.041 0.047 0.036 0.037 0.046  A 232157
   4301.71552  9.077  9.081  9.066  9.071  9.075    0.038 0.055 0.038 0.034 0.043  A 232495
   4303.72475  9.067  9.072  9.086  9.068  9.078    0.035 0.041 0.037 0.032 0.038  A 232796
   4305.71345  9.160  9.134  9.130  9.149  9.150    0.030 0.042 0.036 0.028 0.032  A 233159
   4307.69760  9.124  9.137  9.101  9.113  9.127    0.036 0.059 0.040 0.034 0.040  A 233498
   4316.71377  9.294  9.307  9.269  9.302  9.297    0.035 0.035 0.035 0.031 0.040  A 234670
   4319.69251  9.351  9.367  9.336  9.355  9.353    0.029 0.041 0.033 0.027 0.034  A 235001
   4329.66624  9.184  9.204  9.181  9.183  9.190    0.039 0.045 0.039 0.036 0.043  A 235146
   4331.65974  9.177  9.164  9.174  9.182  9.179    0.030 0.047 0.037 0.027 0.033  A 235502
   4333.62790  9.091  9.116  9.082  9.094  9.095    0.031 0.033 0.032 0.028 0.034  A 235852
   4336.59870  9.114  9.107  9.113  9.121  9.112    0.040 0.043 0.039 0.035 0.045  A 236195
   4340.63800  9.114  9.136  9.170  9.150  9.062    0.057 0.060 0.050 0.050 0.063  B 236767
   4342.63402  9.151  9.124  9.101  9.138  9.156    0.060 0.062 0.051 0.052 0.068  B 237096
   4344.63369  9.204  9.173  9.192  9.186  9.210    0.067 0.067 0.049 0.055 0.072  B 237438
   4346.63091  9.211  9.212  9.168  9.202  9.214    0.037 0.056 0.037 0.033 0.041  A 237777
   4350.63809  9.281  9.207  9.291  9.275  9.276    0.043 0.076 0.046 0.039 0.047  B 238449
   4352.77400  9.242  9.235  9.246  9.252  9.241    0.037 0.041 0.036 0.033 0.040  A 238764
   4354.76620  9.250  9.263  9.248  9.251  9.253    0.032 0.052 0.035 0.029 0.036  A 239041
   4357.53594  9.222  9.200  9.222  9.225  9.224    0.027 0.036 0.029 0.025 0.030  A 239426
   4359.57518  9.230  9.212  9.242  9.237  9.232    0.034 0.032 0.031 0.029 0.041  A 239777
   4361.58283  9.258  9.231  9.254  9.251  9.232    0.030 0.033 0.031 0.026 0.032  A 240007
   4368.55842  9.332  9.333  9.315  9.322  9.345    0.042 0.047 0.039 0.037 0.048  A 240957
   4372.57983  9.407  9.368  9.392  9.393  9.408    0.047 0.062 0.042 0.040 0.054  A 241612
   4375.59347  9.443  9.404  9.444  9.441  9.437    0.030 0.044 0.031 0.027 0.032  A 241943
   4379.65246 99.999  9.489  9.535 99.999 99.999    0.037 0.050 0.039 0.033 0.042  C 242578
   4381.66925  9.535  9.533  9.502  9.537  9.541    0.035 0.038 0.032 0.030 0.041  A 242884
   4383.69170  9.559  9.570  9.555  9.543  9.568    0.037 0.037 0.035 0.032 0.042  A 243198
   4386.55605  9.627  9.566  9.619  9.621  9.614    0.029 0.042 0.034 0.027 0.031  A 243622
   4388.53979  9.633  9.613  9.640  9.633  9.619    0.031 0.032 0.031 0.026 0.037  A 243930
   4399.54383  9.340  9.337  9.366  9.355  9.331    0.048 0.050 0.039 0.040 0.057  A 244810
   4402.58264  9.271  9.219  9.307  9.279  9.260    0.037 0.057 0.037 0.033 0.041  A 245096
   4406.59122  9.242  9.221  9.250  9.249  9.256    0.036 0.048 0.036 0.031 0.042  A 245416
   4408.62040  9.251  9.268  9.266  9.254  9.251    0.040 0.061 0.042 0.037 0.045  A 245725
   4411.60458  9.319  9.314  9.327  9.324  9.326    0.041 0.053 0.038 0.035 0.047  A 246086
   4422.56181  9.298  9.271  9.292  9.299  9.298    0.035 0.041 0.030 0.029 0.040  A 246632
   4426.56153  9.287  9.234  9.264  9.268  9.288    0.056 0.048 0.041 0.046 0.068  B 246922
   4429.54527  9.224  9.234  9.208  9.222  9.228    0.042 0.043 0.038 0.035 0.049  A 247269
   4432.54160  9.154  9.150  9.170  9.157  9.153    0.029 0.036 0.029 0.026 0.033  A 247638
   4436.52785  9.165  9.137  9.177  9.171  9.159    0.032 0.031 0.030 0.027 0.036  A 248121
   4439.52622  9.175  9.151  9.177  9.178  9.169    0.032 0.041 0.032 0.028 0.036  A 248490
   4539.90771  9.283  9.285  9.292  9.296  9.281    0.076 0.053 0.052 0.061 0.093  D 260462
   4547.90866  9.266  9.254  9.238  9.260  9.261    0.044 0.046 0.037 0.037 0.052  A 261698
   4560.89032  9.314  9.328  9.314  9.303  9.327    0.035 0.042 0.034 0.030 0.041  A 263611
   4563.81601  9.355  9.356  9.342  9.336  9.363    0.037 0.041 0.036 0.032 0.041  A 264083
   4563.81856 99.999  9.366  9.308 99.999 99.999    0.037 0.043 0.034 0.032 0.043  C 264084
   4564.88785  9.345  9.375  9.363  9.352  9.349    0.032 0.041 0.033 0.029 0.036  A 264275
   4568.87916  9.293  9.266  9.291  9.298  9.309    0.050 0.045 0.043 0.043 0.056  A 264907
   4572.87541  9.322  9.304  9.318  9.325  9.326    0.036 0.037 0.034 0.031 0.043  A 265592
#ndata= 71
#dataset= 3 ; 1 F2120-16_283
#desig= 205930-1448.0
#cra=   20.991539  20:59:29.5
#cdec= -14.799350 -14:47:57.7
#class= 0
#cmag_0=  9.229
#cmer_0=  0.134
#nskip_0= 0
#cmag_1=  9.239
#cmer_1=  0.137
#nskip_1= 0
#cmag_2=  9.236
#cmer_2=  0.136
#nskip_2= 0
#cmag_3=  9.248
#cmer_3=  0.135
#nskip_3= 0
#cmag_4=  9.248
#cmer_4=  0.135
#nskip_4= 0
#ra=   20.991539  20:59:29.5
#dec= -14.799350 -14:47:57.7
#     HJD      MAG_3  MAG_0  MAG_1  MAG_2  MAG_4    MER_3 MER_0 MER_1 MER_2 MER_4 GRADE FRAME
   2464.73410  9.170  9.084  9.135  9.154  9.155    0.031 0.033 0.036 0.028 0.028  A 10880
   2468.72415  9.244  9.215  9.226  9.230  9.246    0.030 0.036 0.037 0.028 0.031  A 11749
   2473.69394  9.372  9.325  9.349  9.363  9.367    0.043 0.039 0.041 0.035 0.037  A 12707
   2487.69126  9.295  9.216  9.230  9.246  9.287    0.048 0.061 0.051 0.043 0.048  A 13503
   2490.67755  9.223  9.159  9.200  9.211  9.223    0.042 0.039 0.038 0.034 0.037  A 14081
   2721.91061  9.056  9.033  9.057  9.036  9.048    0.059 0.047 0.051 0.050 0.068  B 46600
   2729.90003  9.163  9.165  9.188  9.158  9.177    0.028 0.032 0.031 0.025 0.030  A 48175
   2733.91023  9.226  9.188  9.244  9.225  9.230    0.028 0.029 0.033 0.026 0.032  A 48738
   2736.89992  9.280  9.197  9.300  9.263  9.282    0.034 0.034 0.042 0.033 0.038  A 49328
   2742.89389  9.303  9.266  9.347  9.306  9.290    0.035 0.036 0.035 0.031 0.040  A 50467
   2770.85500  9.438  9.405  9.448  9.425  9.431    0.032 0.039 0.036 0.030 0.031  A 54949
   2819.81072  9.303  9.296  9.329  9.290  9.307    0.032 0.042 0.037 0.031 0.035  A 61364
   2826.79824  9.505  9.476  9.500  9.493  9.500    0.022 0.023 0.025 0.020 0.023  A 62098
   2886.61639  9.493  9.501  9.469  9.489  9.496    0.025 0.029 0.028 0.023 0.028  A 70226
   2951.57450  9.101  9.085  9.105  9.094  9.094    0.036 0.034 0.032 0.031 0.041  A 79548
   2955.60818  9.113  9.062  9.114  9.094  9.121    0.043 0.039 0.038 0.036 0.050  A 80077
   3826.91176  9.406  9.387  9.385  9.392  9.405    0.043 0.039 0.034 0.036 0.050  A 184666
   3853.89753  9.470  9.495  9.471  9.452  9.478    0.032 0.065 0.032 0.028 0.036  A 187878
   3861.88388  9.278  9.218  9.268  9.257  9.286    0.036 0.049 0.034 0.031 0.038  A 189100
   3886.89746  9.363  9.311  9.353  9.347  9.362    0.030 0.033 0.028 0.025 0.033  A 192559
   3889.83848  9.337  9.323  9.327  9.317  9.331    0.030 0.033 0.031 0.027 0.034  A 193055
   4182.90965  9.376  9.372  9.366  9.354  9.364    0.041 0.041 0.035 0.035 0.049  A 219353
   4191.91322  9.140  9.134  9.137  9.128  9.152    0.085 0.060 0.066 0.074 0.094  D 220503
   4196.90831  9.132  9.113  9.123  9.113  9.129    0.063 0.047 0.046 0.050 0.076  B 221140
   4205.89723  9.063  9.038  9.058  9.055  9.057    0.041 0.039 0.034 0.034 0.046  A 222200
   4227.91440  9.264  9.251  9.244  9.253  9.262    0.036 0.044 0.037 0.032 0.042  A 223253
   4232.85690  9.217  9.195  9.215  9.201  9.211    0.030 0.036 0.030 0.026 0.034  A 224107
   4235.90359  9.161  9.135  9.157  9.152  9.155    0.052 0.056 0.052 0.047 0.062  B 224676
   4272.80556  9.169  9.184  9.161  9.154  9.173    0.036 0.042 0.040 0.033 0.037  A 228435
   4274.83150  9.156  9.116  9.158  9.142  9.151    0.034 0.036 0.035 0.030 0.038  A 228756
   4277.78237  9.139  9.135  9.110  9.128  9.142    0.028 0.031 0.031 0.025 0.030  A 229050
   4281.81542  9.112  9.208  9.143  9.099  9.110    0.107 0.080 0.078 0.086 0.131  D 229379
   4286.80882  9.080  9.098  9.097  9.084  9.066    0.089 0.062 0.065 0.073 0.107  D 230228
   4290.79589  9.078  9.037  9.054  9.066  9.075    0.035 0.043 0.039 0.032 0.035  A 230551
   4292.78940  9.086  9.046  9.060  9.067  9.087    0.028 0.044 0.034 0.026 0.031  A 230925
   4296.80980  9.072  9.046  9.052  9.056  9.069    0.044 0.054 0.042 0.038 0.050  A 231628
   4298.81268  9.034  9.033  9.035  9.020  9.037    0.047 0.057 0.045 0.042 0.053  A 231987
   4300.76894  9.162  9.229  9.178  9.164  9.180    0.054 0.074 0.053 0.049 0.060  B 232327
   4302.80213  9.084  9.027  9.078  9.064  9.087    0.041 0.043 0.037 0.034 0.048  A 232652
   4304.72841  9.073  9.118  9.072  9.052  9.073    0.031 0.048 0.035 0.028 0.040  A 232988
   4306.72544  9.144  9.154  9.118  9.120  9.143    0.028 0.035 0.033 0.025 0.030  A 233350
   4308.72636  9.156  9.201  9.150  9.132  9.141    0.053 0.058 0.047 0.045 0.060  B 233679
   4314.69465  9.243  9.285  9.151  9.227  9.243    0.049 0.047 0.048 0.042 0.057  B 234396
   4316.78401  9.278  9.247  9.288  9.279  9.259    0.046 0.042 0.041 0.040 0.049  A 234693
   4319.72577  9.326  9.270  9.326  9.316  9.331    0.031 0.045 0.035 0.028 0.034  A 235013
   4329.69519  9.202  9.243  9.208  9.195  9.202    0.035 0.041 0.037 0.032 0.039  A 235156
   4331.66740  9.163  9.220  9.156  9.159  9.153    0.041 0.056 0.043 0.038 0.044  A 235505
   4333.64274  9.061  9.052  9.069  9.061  9.074    0.049 0.041 0.044 0.046 0.052  A 235857
   4336.62181  9.082  9.082  9.089  9.074  9.078    0.032 0.032 0.032 0.027 0.036  A 236203
   4341.65771  9.150  9.060  9.121  9.118  9.168    0.052 0.048 0.048 0.046 0.057  B 236930
   4343.65861  9.269  9.261  9.313  9.278  9.269    0.059 0.067 0.048 0.050 0.065  B 237284
   4345.65772  9.178  9.304  9.174  9.173  9.181    0.038 0.051 0.035 0.033 0.042  A 237610
   4347.65856  9.174  9.159  9.182  9.164  9.178    0.028 0.032 0.029 0.025 0.030  A 237962
   4349.65297  9.223  9.150  9.188  9.200  9.229    0.038 0.044 0.036 0.034 0.043  A 238296
   4351.65548  9.246  9.167  9.246  9.242  9.259    0.043 0.053 0.039 0.038 0.050  A 238603
   4353.77307  9.247  9.240  9.244  9.240  9.247    0.030 0.040 0.033 0.027 0.033  A 238903
   4356.56944  9.225  9.168  9.215  9.209  9.228    0.030 0.038 0.032 0.027 0.033  A 239322
   4358.60971  9.188  9.246  9.200  9.183  9.187    0.030 0.035 0.035 0.029 0.034  A 239620
   4362.63412  9.208  9.200  9.200  9.199  9.213    0.026 0.027 0.027 0.023 0.029  A 240171
   4379.66142  9.488  9.440  9.465  9.467  9.486    0.029 0.032 0.029 0.026 0.033  A 242581
   4381.69306  9.484  9.459  9.493  9.483  9.497    0.042 0.055 0.039 0.048 0.056  B 242892
   4384.55078  9.566  9.523  9.561  9.538  9.560    0.026 0.036 0.030 0.023 0.030  A 243298
   4386.57950  9.586  9.594  9.594  9.584  9.587    0.029 0.046 0.036 0.026 0.031  A 243630
   4388.56398  9.579  9.550  9.602  9.569  9.577    0.031 0.038 0.035 0.028 0.033  A 243938
   4402.58592  9.250  9.318  9.267  9.244  9.248    0.035 0.049 0.036 0.031 0.041  A 245097
   4411.60786  9.295  9.257  9.304  9.287  9.296    0.034 0.041 0.032 0.030 0.038  A 246087
   4545.91020  9.252  9.271  9.238  9.241  9.256    0.062 0.047 0.046 0.052 0.074  B 261362
   4560.90773  9.310  9.313  9.287  9.296  9.312    0.035 0.049 0.036 0.031 0.038  A 263617
   4564.91173  9.329  9.311  9.313  9.322  9.326    0.033 0.040 0.031 0.028 0.037  A 264283
   4568.90229  9.297  9.283  9.282  9.282  9.298    0.061 0.055 0.054 0.055 0.071  B 264914
   4572.89585  9.285  9.255  9.286  9.270  9.282    0.032 0.042 0.033 0.028 0.035  A 265599
#ndata= 10
#dataset= 4 ; 1 F2048-08_327
#desig= 205930-1448.0
#cra=   20.991554  20:59:29.6
#cdec= -14.799548 -14:47:58.4
#class= 0
#cmag_0=  9.278
#cmer_0=  0.023
#nskip_0= 1
#cmag_1=  9.338
#cmer_1=  0.025
#nskip_1= 1
#cmag_2=  9.325
#cmer_2=  0.040
#nskip_2= 1
#cmag_3=  9.319
#cmer_3=  0.039
#nskip_3= 1
#cmag_4=  9.282
#cmer_4=  0.086
#nskip_4= 0
#ra=   20.991554  20:59:29.6
#dec= -14.799548 -14:47:58.4
#     HJD      MAG_3  MAG_0  MAG_1  MAG_2  MAG_4    MER_3 MER_0 MER_1 MER_2 MER_4 GRADE FRAME
   2040.79705  9.358  9.301  9.363  9.365  9.366    0.040 0.078 0.040 0.037 0.044  B 19529
   2171.53542 29.999 29.999 29.999 29.999 29.999    0.036 0.056 0.036 0.032 0.039  C 32556
   2183.50966 29.999 29.999 29.999 29.999 29.999    0.033 0.048 0.036 0.031 0.036  C 33832
   2193.55035 29.999 29.999 29.999 29.999 29.999    0.030 0.046 0.033 0.027 0.033  C 35433
   2195.54024 29.999 29.999 29.999 29.999 29.999    0.026 0.040 0.030 0.024 0.030  C 35786
   2197.55627  9.190  9.249  9.231  9.207  9.192    0.029 0.043 0.034 0.026 0.031  A 36108
   2218.52864  9.416  9.498  9.424  9.403  9.406    0.066 0.070 0.060 0.058 0.074  B 38827
   2227.51584 29.999 29.999 29.999 29.999 29.999    0.035 0.057 0.045 0.035 0.036  C 39765
   3449.90810  9.128  9.111  9.154  9.150  9.133    0.044 0.051 0.035 0.036 0.052  A 135167
   4227.90926  9.280  9.256  9.312  9.285  9.271    0.033 0.042 0.037 0.030 0.037  A 223251
