#ndata= 320
#dataset= 1 ; 1 F1600-24_228
#desig= 161159-2050.8
#cra=   16.199618  16:11:58.6
#cdec= -20.846944 -20:50:49.0
#class= 0
#cmag_0= 10.444
#cmer_0=  0.081
#nskip_0= 0
#cmag_1= 10.354
#cmer_1=  0.115
#nskip_1= 0
#cmag_2= 10.301
#cmer_2=  0.217
#nskip_2= 0
#cmag_3= 10.304
#cmer_3=  0.279
#nskip_3= 0
#cmag_4= 10.307
#cmer_4=  0.285
#nskip_4= 0
#ra=   16.199618  16:11:58.6
#dec= -20.846944 -20:50:49.0
#     HJD      MAG_2  MAG_0  MAG_1  MAG_3  MAG_4    MER_2 MER_0 MER_1 MER_3 MER_4 GRADE FRAME
   1984.88453 10.481 10.450 10.465 10.515 10.513    0.044 0.061 0.050 0.051 0.050  A 13068
   2016.73799 10.248 10.319 10.295 10.276 10.294    0.045 0.065 0.055 0.051 0.052  B 16002
   2526.51906 10.177 10.565 10.304 10.121 10.114    0.029 0.038 0.032 0.029 0.032  A 18795
   2905.52938 29.999 29.999 29.999 29.999 29.999    0.021 0.023 0.024 0.023 0.027  C 72936
   3128.72645 29.999 29.999 29.999 29.999 29.999    0.028 0.034 0.032 0.033 0.038  C 101228
#dataset= 1 ; 2 F1600-24_228
#desig= 161158-2051.0
#cra=   16.199353  16:11:57.7
#cdec= -20.849330 -20:50:57.6
#class= 0
#cmag_0= 10.312
#cmer_0=  0.189
#nskip_0= 4
#cmag_1= 10.318
#cmer_1=  0.190
#nskip_1= 5
#cmag_2= 10.312
#cmer_2=  0.189
#nskip_2= 7
#cmag_3= 10.315
#cmer_3=  0.189
#nskip_3= 7
#cmag_4= 10.317
#cmer_4=  0.189
#nskip_4= 8
#ra=   16.199353  16:11:57.7
#dec= -20.849330 -20:50:57.6
#     HJD      MAG_2  MAG_0  MAG_1  MAG_3  MAG_4    MER_2 MER_0 MER_1 MER_3 MER_4 GRADE FRAME
   1919.87407 10.304 10.276 10.336 10.293 10.289    0.045 0.061 0.044 0.053 0.062  A 5406
   1921.87355 10.331 10.326 10.346 10.327 10.316    0.046 0.050 0.044 0.054 0.062  A 5725
   1924.86237 10.322 10.277 10.344 10.317 10.315    0.032 0.047 0.035 0.037 0.043  A 6207
   1931.84903 10.306 10.320 10.308 10.313 10.324    0.030 0.042 0.033 0.032 0.035  A 7356
   1933.86055 10.320 10.315 10.350 10.314 10.322    0.027 0.037 0.030 0.030 0.035  A 7687
   1936.85255 10.306 10.297 10.316 10.307 10.301    0.024 0.034 0.030 0.026 0.029  A 8085
   1939.85014 10.276 10.294 10.277 10.286 10.290    0.028 0.037 0.032 0.030 0.034  A 8450
   1946.86591 10.128 10.125 10.108 10.130 10.131    0.024 0.032 0.029 0.027 0.031  A 8867
   1949.83077 10.124 10.091 10.102 10.139 10.140    0.032 0.050 0.039 0.035 0.038  A 9273
   1950.86926 10.106 10.094 10.140 10.101 10.096    0.029 0.038 0.036 0.031 0.034  A 9466
   1953.82839 10.025 10.022 10.031 10.034 10.030    0.034 0.042 0.041 0.037 0.039  A 9756
   1958.84102  9.994 10.006  9.986  9.997 10.001    0.028 0.036 0.035 0.029 0.029  A 10291
   1962.79239  9.975  9.994  9.978  9.996  9.975    0.036 0.045 0.043 0.038 0.039  A 10696
   1963.90935 10.048 10.043 10.055 10.073 10.071    0.048 0.059 0.053 0.055 0.055  B 10926
   1965.81586  9.989  9.991  9.996  9.989 10.000    0.027 0.034 0.034 0.029 0.029  A 11255
   1967.81577  9.999  9.989 10.021 10.000 10.005    0.029 0.038 0.035 0.030 0.030  A 11599
   1978.82156 10.234 10.227 10.239 10.232 10.248    0.042 0.052 0.047 0.049 0.047  A 12113
   1979.83508 10.302 10.298 10.303 10.288 10.289    0.044 0.057 0.051 0.051 0.049  A 12311
   1980.77782 10.329 10.321 10.354 10.318 10.296    0.067 0.077 0.070 0.074 0.077  D 12434
   1985.81618 10.521 10.494 10.507 10.491 10.498    0.037 0.049 0.044 0.046 0.042  A 13231
   1994.70476 10.767 10.723 10.752 10.771 10.765    0.038 0.053 0.044 0.042 0.042  A 13475
   1995.79003 10.735 10.700 10.738 10.728 10.722    0.046 0.066 0.054 0.054 0.055  B 13709
   1996.78680 10.777 10.775 10.781 10.762 10.769    0.044 0.068 0.053 0.050 0.051  B 13903
   1997.79119 10.775 10.754 10.775 10.784 10.767    0.042 0.058 0.050 0.049 0.048  A 14111
   1998.78370 10.765 10.711 10.757 10.779 10.778    0.048 0.070 0.058 0.054 0.054  B 14308
   1999.78828 10.816 10.862 10.845 10.826 10.844    0.055 0.087 0.069 0.060 0.062  D 14509
   2000.78050 10.772 10.738 10.758 10.755 10.757    0.045 0.067 0.056 0.051 0.050  B 14709
   2007.69960 10.520 10.538 10.529 10.473 10.468    0.055 0.075 0.063 0.064 0.065  D 14987
   2008.68183 10.472 10.489 10.462 10.485 10.495    0.061 0.080 0.071 0.063 0.068  D 15188
   2016.73799 10.188 10.204 10.207 10.175 10.168    0.045 0.065 0.055 0.051 0.052  B 16002
   2026.71704  9.783  9.746  9.777  9.785  9.789    0.025 0.040 0.025 0.028 0.031  A 17441
   2027.71215  9.785  9.768  9.775  9.790  9.793    0.024 0.038 0.026 0.027 0.031  A 17658
   2030.70209  9.748  9.739  9.741  9.755  9.762    0.024 0.047 0.027 0.027 0.029  A 17829
   2031.71232  9.777  9.836  9.792  9.777  9.775    0.029 0.053 0.031 0.033 0.035  A 18044
   2032.69939  9.785  9.739  9.784  9.785  9.789    0.025 0.036 0.027 0.027 0.029  A 18260
   2033.69137  9.797  9.722  9.785  9.799  9.798    0.025 0.042 0.026 0.027 0.031  A 18477
   2052.63643 10.055 10.065 10.054 10.063 10.055    0.024 0.047 0.027 0.027 0.031  A 19822
   2053.66938 10.057 10.115 10.068 10.059 10.058    0.027 0.051 0.029 0.030 0.034  A 20039
   2054.66576 10.057 10.058 10.056 10.061 10.059    0.026 0.040 0.026 0.030 0.033  A 20258
   2055.64534 10.091 10.117 10.083 10.093 10.086    0.026 0.048 0.028 0.029 0.031  A 20471
   2056.65135 10.097 10.121 10.103 10.100 10.100    0.029 0.060 0.034 0.031 0.034  A 20700
   2057.64346 10.127 10.156 10.141 10.123 10.129    0.028 0.051 0.031 0.032 0.036  A 20926
   2058.63950 10.138 10.083 10.140 10.135 10.128    0.028 0.051 0.029 0.032 0.035  A 21152
   2059.68377 10.134 10.175 10.137 10.131 10.129    0.042 0.062 0.039 0.048 0.055  A 21304
   2062.58244 10.207 10.235 10.212 10.211 10.199    0.039 0.069 0.040 0.044 0.049  A 21516
   2067.66332 10.271 10.262 10.284 10.272 10.270    0.028 0.049 0.029 0.032 0.036  A 21859
   2068.62497 10.276 10.276 10.278 10.289 10.296    0.029 0.057 0.029 0.033 0.036  A 22069
   2069.61852 10.264 10.250 10.255 10.267 10.262    0.029 0.060 0.032 0.032 0.034  A 22289
   2070.61341 10.288 10.255 10.292 10.291 10.288    0.025 0.052 0.027 0.028 0.031  A 22516
   2080.51857 10.221 10.245 10.204 10.217 10.220    0.034 0.058 0.041 0.037 0.041  A 22844
   2081.59474 10.213 10.262 10.219 10.213 10.214    0.026 0.052 0.029 0.030 0.032  A 23103
   2082.61454 10.209 10.177 10.217 10.206 10.211    0.028 0.050 0.030 0.031 0.032  A 23337
   2083.59427 10.197 10.200 10.189 10.205 10.198    0.033 0.047 0.033 0.038 0.043  A 23572
   2085.58315 10.213 10.207 10.209 10.216 10.212    0.025 0.032 0.027 0.028 0.032  A 23794
   2086.58902 10.187 10.206 10.191 10.189 10.185    0.025 0.043 0.026 0.028 0.031  A 24020
   2087.58431 10.197 10.230 10.200 10.201 10.201    0.029 0.048 0.029 0.035 0.038  A 24238
   2094.58858 10.119 10.125 10.117 10.122 10.118    0.029 0.051 0.032 0.033 0.038  A 24978
   2095.56700 10.109 10.107 10.091 10.109 10.084    0.072 0.065 0.060 0.092 0.110  D 25196
   2102.52608 10.077 10.071 10.071 10.081 10.082    0.026 0.046 0.030 0.029 0.033  A 25614
   2103.55257 10.093 10.072 10.107 10.084 10.077    0.032 0.047 0.035 0.036 0.040  A 25772
   2104.55685 10.074 10.050 10.080 10.074 10.073    0.027 0.045 0.030 0.031 0.034  A 25976
   2105.55152 10.069 10.071 10.059 10.075 10.076    0.027 0.049 0.032 0.030 0.033  A 26194
   2106.55782 10.052 10.081 10.042 10.055 10.054    0.026 0.046 0.030 0.030 0.032  A 26401
   2115.51067 10.234 10.192 10.252 10.229 10.229    0.025 0.036 0.028 0.027 0.030  A 26812
   2116.52310 10.265 10.241 10.266 10.263 10.263    0.029 0.043 0.032 0.030 0.032  A 27036
   2117.51286 10.271 10.259 10.266 10.274 10.281    0.030 0.047 0.033 0.033 0.036  A 27253
   2124.47952 10.438 10.453 10.424 10.430 10.439    0.030 0.052 0.031 0.033 0.037  A 27587
   2128.47845 10.524 10.535 10.507 10.529 10.540    0.028 0.046 0.030 0.032 0.036  A 27869
   2130.52277 10.535 10.522 10.525 10.538 10.538    0.028 0.049 0.032 0.031 0.033  A 28319
   2132.51654 10.568 10.568 10.549 10.582 10.585    0.025 0.047 0.029 0.028 0.030  A 28734
   2134.51978 10.545 10.558 10.524 10.553 10.549    0.026 0.041 0.029 0.029 0.031  A 29163
   2136.51116 10.506 10.491 10.503 10.501 10.501    0.030 0.048 0.033 0.032 0.035  A 29584
   2141.51607 10.382 10.387 10.387 10.377 10.375    0.029 0.049 0.038 0.031 0.034  A 30344
   2143.51237 10.315 10.318 10.306 10.320 10.326    0.029 0.046 0.030 0.031 0.035  A 30748
   2440.60696 10.341 10.338 10.355 10.339 10.342    0.026 0.028 0.034 0.029 0.029  A 8045
   2442.60203 10.428 10.392 10.419 10.439 10.439    0.028 0.033 0.035 0.032 0.033  A 8469
   2443.59955 10.413 10.384 10.443 10.421 10.429    0.023 0.026 0.029 0.025 0.026  A 8656
   2445.58180 10.428 10.462 10.409 10.438 10.438    0.021 0.026 0.026 0.023 0.027  A 9068
   2452.56655 10.476 10.477 10.482 10.478 10.476    0.030 0.038 0.038 0.033 0.032  A 9430
   2454.59046 10.466 10.454 10.468 10.475 10.492    0.028 0.035 0.037 0.030 0.032  A 9831
   2456.56754 10.474 10.487 10.470 10.471 10.482    0.022 0.027 0.029 0.024 0.025  A 10046
   2459.58209 10.433 10.456 10.410 10.431 10.443    0.035 0.039 0.042 0.035 0.036  A 10102
   2463.57175 10.361 10.365 10.363 10.368 10.369    0.023 0.028 0.029 0.025 0.028  A 10590
   2464.55677 10.351 10.334 10.369 10.364 10.356    0.024 0.029 0.030 0.027 0.024  A 10802
   2465.56048 10.305 10.306 10.310 10.303 10.302    0.024 0.029 0.031 0.027 0.024  A 11024
   2466.55437 10.300 10.281 10.303 10.309 10.312    0.021 0.026 0.027 0.022 0.022  A 11240
   2467.55704 10.280 10.268 10.308 10.277 10.283    0.019 0.024 0.026 0.020 0.020  A 11460
   2468.55148 10.248 10.232 10.250 10.255 10.256    0.018 0.023 0.025 0.020 0.021  A 11676
   2469.54808 10.228 10.205 10.245 10.225 10.221    0.029 0.032 0.036 0.033 0.033  A 11890
   2481.50717 10.055 10.057 10.067 10.058 10.040    0.036 0.046 0.042 0.041 0.038  A 12940
   2487.61702 10.097 10.079 10.093 10.117 10.130    0.042 0.057 0.050 0.046 0.047  A 13472
   2490.49425 10.126 10.117 10.134 10.128 10.126    0.023 0.029 0.032 0.025 0.024  A 14003
   2493.48568 10.176 10.173 10.194 10.167 10.171    0.029 0.033 0.035 0.031 0.030  A 14407
   2495.50016 10.177 10.202 10.203 10.186 10.187    0.034 0.042 0.040 0.040 0.035  A 14742
   2497.50988 10.216 10.177 10.244 10.215 10.208    0.024 0.029 0.033 0.025 0.027  A 15170
   2499.48036 10.201 10.198 10.191 10.198 10.200    0.023 0.030 0.031 0.025 0.026  A 15579
   2504.60040 10.200 10.247 10.220 10.178 10.166    0.059 0.074 0.065 0.067 0.071  D 16550
   2508.49249 10.136 10.159 10.136 10.133 10.147    0.028 0.029 0.032 0.035 0.036  A 16731
   2509.54378 10.150 10.130 10.163 10.145 10.146    0.028 0.031 0.029 0.034 0.040  A 16886
   2512.55486 10.141 10.151 10.153 10.138 10.125    0.032 0.037 0.038 0.033 0.033  A 17223
   2524.49122 10.116 10.133 10.105 10.106 10.114    0.027 0.035 0.035 0.031 0.029  A 18590
   2526.51906 10.097 10.100 10.098 10.104 10.107    0.029 0.038 0.032 0.029 0.032  A 18795
   2540.49754 10.097 10.095 10.111 10.097 10.086    0.042 0.065 0.049 0.048 0.048  A 19654
   2545.48789 10.075 10.089 10.102 10.081 10.078    0.022 0.029 0.024 0.024 0.027  A 20109
   2659.86776 10.092 10.102 10.087 10.095 10.074    0.039 0.031 0.036 0.045 0.051  A 35867
   2663.85287  9.994  9.989  9.989  9.999  9.999    0.033 0.034 0.034 0.037 0.041  A 36543
   2669.85961 10.016 10.038 10.026 10.023 10.028    0.032 0.030 0.033 0.035 0.036  A 37526
   2673.85126 10.041 10.038 10.034 10.046 10.048    0.025 0.029 0.028 0.028 0.028  A 38186
   2677.83044 10.142 10.157 10.141 10.158 10.158    0.052 0.045 0.051 0.054 0.060  B 38888
   2681.82170 10.231 10.235 10.236 10.229 10.235    0.022 0.023 0.025 0.025 0.027  A 39536
   2683.86889 10.246 10.250 10.248 10.258 10.268    0.023 0.025 0.025 0.025 0.028  A 39913
   2686.82725 10.281 10.330 10.265 10.287 10.284    0.030 0.036 0.041 0.033 0.037  A 40441
   2689.82062 10.315 10.313 10.322 10.305 99.999    0.026 0.025 0.027 0.030 0.035  C 40986
   2699.81570 10.369 10.371 10.371 10.368 10.360    0.024 0.028 0.025 0.026 0.028  A 42778
   2701.85079 10.381 10.378 10.381 10.388 10.394    0.023 0.023 0.024 0.025 0.027  A 43177
   2704.83219 10.402 10.389 10.398 10.395 10.396    0.025 0.034 0.027 0.026 0.029  A 43745
   2706.84202 10.358 10.387 10.370 10.355 10.357    0.022 0.024 0.024 0.025 0.026  A 44115
   2710.81380 10.361 10.370 10.368 10.367 10.369    0.025 0.028 0.032 0.026 0.029  A 44826
   2712.80909 10.382 10.378 10.421 10.370 10.367    0.023 0.025 0.035 0.024 0.026  A 45196
   2714.80472 10.378 10.351 10.409 10.385 10.349    0.034 0.030 0.042 0.037 0.034  A 45585
   2717.82415 99.999 10.367 10.333 99.999 99.999    0.025 0.030 0.024 0.029 0.032  C 45935
   2722.87004 10.236 10.293 10.237 10.247 10.255    0.025 0.031 0.026 0.028 0.033  A 46774
   2730.78085 10.143 10.166 10.124 10.139 10.141    0.027 0.027 0.031 0.032 0.033  A 48328
   2733.77930 10.109 10.084 10.118 10.108 10.107    0.021 0.028 0.025 0.022 0.025  A 48681
   2735.77826 10.079 10.067 10.060 10.075 10.080    0.022 0.027 0.034 0.026 0.027  A 49086
   2737.75730 10.071 10.086 10.060 10.077 10.089    0.026 0.027 0.029 0.029 0.032  A 49472
   2739.76446 10.056 10.098 10.052 10.060 10.072    0.027 0.029 0.037 0.029 0.029  A 49812
   2743.72872 10.095 10.117 10.095 10.100 10.094    0.025 0.029 0.030 0.026 0.029  A 50582
   2749.85121 10.197 10.217 10.211 10.198 10.202    0.031 0.039 0.045 0.034 0.037  A 51537
   2754.71941 10.364 10.394 10.367 10.366 10.364    0.019 0.027 0.025 0.021 0.023  A 52277
   2755.90530 10.313 10.293 10.329 10.321 10.320    0.024 0.026 0.026 0.025 0.028  A 52572
   2757.71922 10.375 10.314 10.363 10.381 10.379    0.020 0.035 0.021 0.022 0.025  A 52909
   2759.76632 10.433 10.394 10.439 10.437 10.444    0.020 0.034 0.022 0.022 0.024  A 53273
   2761.71045 10.461 10.483 10.450 10.460 10.465    0.019 0.024 0.023 0.020 0.023  A 53660
   2763.69319 10.515 10.518 10.524 10.504 10.502    0.021 0.023 0.030 0.021 0.024  A 54048
   2770.69204 10.638 10.640 10.669 10.643 10.630    0.022 0.025 0.025 0.025 0.027  A 54877
   2785.67780 10.510 10.469 10.526 10.506 10.505    0.021 0.025 0.026 0.023 0.024  A 56371
   2787.68623 99.999 99.999 99.999 99.999 99.999    0.019 0.024 0.023 0.022 0.025  C 56814
   2790.71451 10.355 10.358 10.342 10.370 10.370    0.020 0.024 0.024 0.022 0.024  A 57358
   2794.62932 10.283 10.296 10.283 10.289 10.302    0.024 0.033 0.037 0.028 0.028  A 58062
   2809.63218 10.318 10.331 10.342 10.320 10.320    0.021 0.029 0.027 0.024 0.025  A 59501
   2810.77465 10.334 10.322 10.334 10.343 10.346    0.021 0.029 0.025 0.023 0.026  A 59787
   2813.77146 10.309 10.299 10.313 10.304 10.306    0.026 0.035 0.029 0.028 0.029  A 60468
   2819.67584 10.421 10.438 10.404 10.429 10.430    0.020 0.026 0.026 0.023 0.026  A 61306
   2821.66289 10.468 10.479 10.469 10.470 10.474    0.023 0.028 0.028 0.025 0.028  A 61745
   2832.56966 10.596 10.573 10.626 10.590 10.587    0.024 0.027 0.028 0.029 0.033  A 62930
   2833.69170 10.576 10.553 10.592 10.576 10.561    0.038 0.037 0.037 0.045 0.051  A 63166
   2838.57932 10.533 10.533 10.550 10.537 10.530    0.022 0.021 0.028 0.026 0.027  A 63875
   2840.63311 10.493 10.465 10.505 10.488 10.488    0.022 0.026 0.024 0.025 0.028  A 64330
   2842.61047 10.443 10.443 10.447 10.435 10.439    0.035 0.034 0.038 0.042 0.044  A 64738
   2845.61969 10.396 10.434 10.397 10.392 10.397    0.023 0.030 0.028 0.027 0.027  A 65214
   2853.54785 10.302 10.297 10.321 10.296 10.289    0.019 0.023 0.026 0.021 0.023  A 65625
   2854.67194 10.278 10.297 10.296 10.273 10.271    0.022 0.025 0.026 0.024 0.025  A 65897
   2859.51827 10.265 10.272 10.269 10.262 10.263    0.024 0.027 0.028 0.028 0.031  A 66493
   2860.67060 10.275 10.274 10.273 10.273 10.273    0.027 0.031 0.030 0.032 0.037  A 66766
   2862.59738 10.258 10.282 10.237 10.273 10.285    0.027 0.032 0.028 0.031 0.036  A 67158
   2866.64530 10.227 10.231 10.213 10.230 10.234    0.024 0.030 0.027 0.027 0.030  A 67562
   2874.56103 99.999 10.277 10.243 99.999 99.999    0.050 0.050 0.051 0.054 0.060  C 68338
   2876.56208 10.289 10.281 10.297 10.294 10.298    0.022 0.031 0.025 0.024 0.027  A 68730
   2878.55862 10.322 10.348 10.324 10.320 10.318    0.019 0.024 0.022 0.021 0.023  A 69123
   2888.51825 10.420 10.407 10.426 10.429 10.446    0.032 0.030 0.030 0.039 0.046  A 70395
   2893.53985 10.470 10.495 10.473 10.473 10.472    0.027 0.028 0.026 0.032 0.037  A 70840
   2895.54554 10.517 10.516 10.517 10.521 10.512    0.024 0.026 0.025 0.028 0.032  A 71237
   2897.55737 10.496 10.500 10.472 10.500 10.500    0.085 0.083 0.083 0.090 0.095  D 71639
   2901.54479 10.458 10.487 10.466 10.460 10.473    0.042 0.038 0.040 0.047 0.055  A 72382
   2916.49966 10.331 10.326 10.339 10.340 10.339    0.032 0.032 0.027 0.036 0.038  A 74522
   3033.86325 10.259 10.262 10.266 10.260 10.267    0.052 0.044 0.047 0.063 0.073  B 89093
   3037.87579 10.200 10.191 10.229 10.208 10.215    0.045 0.039 0.041 0.056 0.065  B 89489
   3042.87446 10.134 10.116 10.131 10.120 10.117    0.028 0.028 0.026 0.034 0.039  A 89877
   3060.84234  9.997  9.985 10.010  9.994  9.988    0.025 0.028 0.025 0.029 0.034  A 92284
   3064.83520 10.051 10.032 10.057 10.048 10.040    0.029 0.027 0.028 0.034 0.039  A 92820
   3068.81597 10.074 10.081 10.073 10.073 10.075    0.029 0.028 0.028 0.034 0.039  A 93256
   3071.83814 10.106 10.118 10.103 10.118 10.130    0.029 0.030 0.028 0.035 0.041  A 93694
   3074.79299 10.094 10.118 10.107 10.086 10.091    0.037 0.036 0.035 0.043 0.048  A 94043
   3078.89137 10.115 10.061 10.116 10.114 10.114    0.029 0.040 0.027 0.035 0.041  A 94660
   3081.82340 10.181 10.195 10.174 10.178 10.181    0.023 0.026 0.026 0.027 0.030  A 95067
   3086.84228 10.268 10.223 10.278 10.274 10.270    0.025 0.036 0.029 0.028 0.031  A 95525
   3089.80078 10.344 10.350 10.358 10.350 10.358    0.053 0.046 0.049 0.057 0.060  B 95967
   3092.78781 10.408 10.378 10.401 10.412 10.424    0.024 0.025 0.027 0.027 0.030  A 96431
   3097.75400 10.486 10.490 10.487 10.483 10.488    0.025 0.026 0.025 0.030 0.035  A 96851
   3099.80078 10.469 10.495 10.471 10.465 10.455    0.031 0.035 0.030 0.036 0.041  A 97174
   3105.82339 10.492 10.550 10.504 10.487 10.498    0.028 0.043 0.029 0.031 0.037  A 98126
   3107.82848 10.518 10.506 10.524 10.521 10.516    0.031 0.033 0.035 0.037 0.042  A 98447
   3110.74381 10.545 10.578 10.528 10.540 10.532    0.023 0.024 0.026 0.026 0.029  A 98886
   3112.79968 10.454 10.438 10.485 10.444 10.450    0.025 0.027 0.034 0.028 0.032  A 99214
   3115.72709 10.420 10.447 10.418 10.423 10.433    0.022 0.025 0.023 0.025 0.030  A 99687
   3122.72965 10.300 10.289 10.304 10.304 10.305    0.034 0.038 0.033 0.037 0.040  A 100242
   3124.78221 10.285 10.255 10.306 10.279 10.293    0.030 0.038 0.036 0.034 0.037  A 100597
   3126.74452 10.251 10.237 10.255 10.268 10.277    0.026 0.030 0.026 0.032 0.037  A 100913
   3132.75394 10.191 10.163 10.205 10.181 10.183    0.031 0.033 0.035 0.035 0.041  A 101854
   3142.75899 10.208 10.190 10.226 10.202 10.195    0.022 0.025 0.027 0.026 0.030  A 103144
   3146.61816 10.179 10.189 10.181 10.181 99.999    0.023 0.024 0.025 0.025 0.028  C 103509
   3153.86058 10.176 10.162 10.183 10.168 10.175    0.026 0.029 0.029 0.030 0.035  A 103837
   3156.63401 10.181 10.167 10.197 10.172 10.166    0.027 0.025 0.028 0.031 0.035  A 104163
   3160.67185 10.180 10.135 10.183 10.192 10.198    0.033 0.035 0.034 0.038 0.044  A 104703
   3163.68157 10.167 10.219 10.153 10.184 10.175    0.037 0.051 0.034 0.042 0.046  A 105034
   3165.67586 10.180 10.170 10.194 10.175 10.166    0.027 0.029 0.030 0.031 0.037  A 105381
   3168.70030 10.164 10.143 10.178 10.167 10.169    0.025 0.026 0.024 0.029 0.033  A 105771
   3171.68432 10.200 10.213 10.224 10.189 10.183    0.028 0.029 0.032 0.032 0.038  A 106196
   3175.67193 10.218 10.242 10.211 10.221 10.226    0.025 0.028 0.028 0.029 0.033  A 106598
   3180.61282 10.272 10.287 10.266 10.276 10.286    0.026 0.030 0.027 0.030 0.033  A 107335
   3187.59900 10.304 10.310 10.304 10.299 10.299    0.032 0.035 0.031 0.039 0.046  A 108260
   3189.77456 10.318 10.321 10.327 10.316 10.311    0.036 0.032 0.036 0.044 0.050  A 108476
   3272.53150 10.081 10.058 10.083 10.086 10.083    0.032 0.053 0.033 0.038 0.044  A 116042
   3278.50822 10.175 10.203 10.164 10.184 10.186    0.027 0.029 0.028 0.031 0.034  A 116803
   3402.85549 10.483 10.517 10.502 10.486 10.485    0.026 0.033 0.028 0.029 0.033  A 128172
   3407.85352 10.113 10.121 10.109 10.119 10.113    0.038 0.049 0.037 0.040 0.046  A 128957
   3411.85457 10.080 10.089 10.069 10.092 10.103    0.044 0.086 0.045 0.049 0.055  B 129563
   3414.87647 10.291 10.339 10.314 10.278 10.262    0.030 0.035 0.029 0.035 0.041  A 130033
   3418.85006 10.088 10.075 10.090 10.091 10.087    0.040 0.040 0.038 0.044 0.050  A 130654
   3422.83662 10.137 10.164 10.137 10.154 10.167    0.044 0.046 0.040 0.047 0.052  A 131283
   3425.84522 10.162 10.183 10.171 10.158 10.147    0.031 0.032 0.028 0.039 0.044  A 131752
   3434.82376 10.315 10.301 10.317 10.317 10.318    0.033 0.057 0.037 0.035 0.037  A 132903
   3438.84637 10.368 10.356 10.369 10.375 10.389    0.030 0.063 0.035 0.033 0.036  A 133246
   3442.85652 10.416 10.382 10.436 10.400 10.386    0.027 0.034 0.027 0.032 0.035  A 133665
   3445.80569 10.431 10.438 10.441 10.424 10.417    0.025 0.034 0.027 0.029 0.032  A 134164
   3453.75807 10.498 10.482 10.480 10.504 10.505    0.042 0.048 0.043 0.050 0.056  A 135688
   3465.90865 10.564 10.593 10.567 10.565 10.576    0.044 0.081 0.045 0.047 0.052  B 137745
   3471.75915 10.546 10.477 10.538 10.549 10.561    0.025 0.037 0.027 0.029 0.032  A 138614
   3476.74645 10.462 10.476 10.465 10.466 10.476    0.031 0.039 0.030 0.036 0.042  A 139410
   3478.77096 10.441 10.410 10.422 10.440 10.436    0.039 0.085 0.044 0.044 0.048  B 139766
   3480.78339 10.443 10.408 10.449 10.449 10.465    0.036 0.068 0.038 0.040 0.043  A 140050
   3482.77216 10.453 10.455 10.448 10.451 10.460    0.049 0.073 0.048 0.060 0.069  B 140368
   3489.72616 10.286 10.302 10.277 10.286 10.289    0.032 0.042 0.033 0.037 0.042  A 140982
   3491.75934 10.214 10.196 10.215 10.218 10.212    0.039 0.051 0.038 0.044 0.048  A 141351
   3501.63845 10.097 10.054 10.088 10.097 10.110    0.034 0.052 0.034 0.038 0.041  A 142449
   3503.71709 10.112 10.033 10.109 10.107 10.102    0.029 0.042 0.030 0.033 0.036  A 142833
   3515.73635 10.379 10.407 10.377 10.395 10.404    0.037 0.046 0.037 0.045 0.051  A 144080
   3517.72979 10.442 10.374 10.446 10.436 10.447    0.036 0.076 0.041 0.040 0.043  B 144373
   3521.68269 10.531 10.489 10.518 10.533 10.552    0.051 0.085 0.051 0.056 0.062  B 144854
   3523.68903 10.575 10.540 10.573 10.581 10.598    0.040 0.070 0.042 0.044 0.048  A 145211
   3525.71414 10.626 10.607 10.603 10.641 10.641    0.030 0.045 0.032 0.033 0.038  A 145518
   3529.78536 10.656 10.661 10.636 10.661 10.641    0.032 0.046 0.033 0.038 0.042  A 146243
   3538.66165 10.630 10.622 10.635 10.640 10.646    0.031 0.055 0.035 0.034 0.037  A 146851
   3543.61970 10.526 10.551 10.526 10.548 10.561    0.036 0.039 0.035 0.044 0.052  A 147548
   3550.65687 10.339 10.311 10.318 10.343 10.331    0.036 0.068 0.040 0.041 0.047  A 148221
   3552.70233 10.222 10.247 10.218 10.232 10.232    0.036 0.079 0.042 0.038 0.040  B 148484
   3555.69858 10.129 10.108 10.135 10.134 10.141    0.026 0.049 0.031 0.029 0.031  A 148943
   3558.70394 10.034 10.030 10.037 10.041 10.041    0.041 0.061 0.042 0.045 0.051  A 149251
   3560.70967  9.973  9.974  9.974  9.970  9.975    0.038 0.067 0.043 0.040 0.043  A 149585
   3562.72452  9.938  9.896  9.933  9.942  9.937    0.037 0.075 0.042 0.040 0.042  B 149936
   3564.70521  9.983  9.969  9.965  9.990  9.980    0.025 0.032 0.027 0.029 0.031  A 150267
   3570.64422 10.064 10.103 10.067 10.065 10.056    0.029 0.034 0.031 0.033 0.038  A 150764
   3573.68799 10.169 10.153 10.187 10.171 10.153    0.032 0.040 0.036 0.036 0.042  A 151131
   3575.70489 10.232 10.176 10.236 10.229 10.236    0.028 0.035 0.029 0.032 0.039  A 151497
   3578.56058 10.551 10.640 10.577 10.541 10.549    0.025 0.040 0.027 0.028 0.031  A 151949
   3583.68927 10.425 10.423 10.415 10.428 10.433    0.032 0.035 0.032 0.036 0.039  A 152853
   3586.55240 10.532 10.534 10.527 10.543 10.542    0.039 0.076 0.045 0.043 0.046  B 153333
   3588.59270 10.549 10.526 10.548 10.575 10.557    0.062 0.053 0.056 0.078 0.095  D 153649
   3590.67013 10.638 10.657 10.626 10.648 10.641    0.029 0.041 0.029 0.033 0.036  A 154024
   3600.53255 10.659 10.640 10.641 10.668 10.678    0.038 0.036 0.036 0.047 0.054  A 155368
   3602.54033 10.645 10.576 10.640 10.653 10.659    0.032 0.037 0.030 0.038 0.043  A 155701
   3604.55513 10.568 10.590 10.563 10.574 10.575    0.030 0.040 0.033 0.033 0.038  A 156014
   3608.53131 10.516 10.512 10.497 10.512 10.508    0.032 0.055 0.034 0.036 0.038  A 156434
   3617.57828 10.278 10.298 10.280 10.281 10.271    0.033 0.040 0.035 0.038 0.043  A 157116
   3620.49806 10.190 10.169 10.188 10.195 10.194    0.044 0.072 0.050 0.047 0.050  A 157545
   3628.54366 10.073 10.077 10.089 10.070 10.076    0.029 0.033 0.031 0.032 0.038  A 158423
   3631.50720 10.055 10.046 10.052 10.065 10.060    0.034 0.043 0.033 0.040 0.045  A 158911
   3633.52657 10.045 10.042 10.037 10.055 10.057    0.040 0.040 0.039 0.045 0.052  A 159189
   3639.52234 10.080 10.089 10.073 10.089 10.090    0.027 0.030 0.028 0.032 0.037  A 159897
   3643.50162 10.043 10.026 10.049 10.056 10.038    0.098 0.083 0.089 0.117 0.139  D 160414
   3652.49658 10.219 10.227 10.206 10.229 10.238    0.034 0.036 0.032 0.041 0.048  A 161557
   3754.86586 29.999 29.999 29.999 29.999 29.999    0.043 0.048 0.040 0.052 0.061  C 174859
   3796.86711 10.484 10.458 10.485 10.482 10.487    0.029 0.043 0.032 0.033 0.036  A 180193
   3819.79471 10.691 10.683 10.686 10.708 10.728    0.037 0.041 0.037 0.043 0.050  A 183468
   3828.78578 10.585 10.598 10.563 10.588 10.611    0.030 0.035 0.030 0.034 0.039  A 184963
   3835.82350 10.391 10.397 10.387 10.404 10.421    0.038 0.037 0.035 0.047 0.057  A 186171
   3837.80314 10.367 10.344 10.365 10.376 10.365    0.037 0.059 0.040 0.044 0.050  A 186502
   3855.71424 10.385 10.391 10.390 10.366 10.375    0.037 0.042 0.034 0.045 0.050  A 188119
   3859.78532 10.473 10.454 10.488 10.472 10.483    0.041 0.050 0.042 0.047 0.051  A 188716
   3863.75273 10.455 10.473 10.464 10.457 10.453    0.033 0.073 0.040 0.036 0.039  A 189388
   3865.74054 10.463 10.507 10.476 10.460 10.450    0.041 0.073 0.049 0.044 0.048  A 189736
   3875.87677 10.477 10.452 10.480 10.483 10.485    0.053 0.055 0.051 0.058 0.064  B 191249
   3891.65803 99.999 10.476 10.487 99.999 99.999    0.028 0.040 0.031 0.031 0.034  C 193358
   3898.65921 10.512 10.454 10.500 10.513 10.520    0.037 0.066 0.037 0.044 0.050  A 194361
   3900.67588 10.469 10.477 10.463 10.474 10.468    0.036 0.048 0.037 0.042 0.048  A 194668
   3902.69337 10.506 10.492 10.503 10.514 10.511    0.027 0.035 0.028 0.030 0.034  A 195049
   3904.71571 99.999 10.426 10.447 99.999 99.999    0.047 0.080 0.057 0.048 0.049  C 195438
   3906.72642 10.506 10.470 10.508 10.507 10.504    0.038 0.060 0.045 0.040 0.043  A 195821
   3909.67787 10.508 10.558 10.502 10.516 10.518    0.027 0.053 0.031 0.031 0.034  A 196388
   3913.68073 10.574 10.560 10.562 10.581 10.582    0.029 0.037 0.029 0.032 0.036  A 196948
   3981.56592 10.288 10.302 10.284 10.290 10.277    0.029 0.037 0.029 0.033 0.038  A 203322
   4188.80653 10.367 10.376 10.339 10.393 10.412    0.031 0.036 0.036 0.033 0.036  A 219986
   4190.85548 10.439 10.402 10.449 10.430 10.422    0.030 0.040 0.034 0.034 0.039  A 220306
   4255.74834 10.321 10.327 10.307 10.328 10.349    0.042 0.040 0.040 0.050 0.058  A 227113
   4258.60914 10.322 10.259 10.313 10.329 10.335    0.028 0.040 0.036 0.032 0.037  A 227505
   4273.60799 10.415 10.412 10.413 10.402 10.401    0.036 0.042 0.037 0.041 0.044  A 228487
   4276.57891 10.416 10.415 10.416 10.423 10.409    0.029 0.036 0.034 0.032 0.037  A 228836
   4281.72771 10.473 10.427 10.470 10.483 10.496    0.115 0.079 0.091 0.147 0.179  D 229352
   4283.74354 10.482 10.506 10.483 10.489 10.493    0.051 0.056 0.050 0.060 0.068  B 229673
   4299.68602 10.432 10.461 10.484 10.414 10.386    0.029 0.041 0.033 0.032 0.037  A 232135
   4301.62361 10.299 10.297 10.286 10.314 10.348    0.037 0.059 0.040 0.042 0.047  A 232464
   4308.52748 10.301 10.336 10.305 10.298 10.308    0.045 0.055 0.045 0.054 0.063  B 233612
   4310.62199 10.250 10.264 10.259 10.255 10.274    0.038 0.058 0.054 0.044 0.047  B 233891
   4312.61899 10.306 10.314 10.316 10.321 10.324    0.040 0.067 0.051 0.046 0.054  A 234218
   4336.53548 10.390 10.379 10.376 10.398 10.417    0.031 0.039 0.036 0.036 0.041  A 236175
   4340.49024 10.460 10.456 10.475 10.475 10.461    0.033 0.051 0.038 0.038 0.043  A 236715
   4342.51608 10.414 10.455 10.424 10.395 10.395    0.040 0.056 0.043 0.046 0.053  A 237056
   4344.52719 10.412 10.372 10.399 10.410 10.411    0.039 0.061 0.041 0.043 0.048  A 237401
   4346.53070 10.387 10.412 10.364 10.389 10.387    0.029 0.047 0.035 0.033 0.037  A 237743
   4348.55089 10.458 10.380 10.472 10.450 10.435    0.036 0.058 0.038 0.040 0.044  A 238104
   4350.55521 10.470 10.500 10.470 10.470 10.466    0.036 0.047 0.038 0.041 0.045  A 238423
   4352.56596 10.482 10.467 10.462 10.499 10.523    0.028 0.035 0.032 0.032 0.037  A 238738
   4356.48686 10.602 10.535 10.615 10.611 10.607    0.031 0.054 0.037 0.034 0.037  A 239295
   4363.49847 10.588 10.584 10.574 10.582 10.585    0.029 0.036 0.033 0.032 0.035  A 240292
   4368.51384 10.557 10.525 10.563 10.557 10.545    0.035 0.039 0.036 0.041 0.048  A 240943
   4371.49563 10.560 10.565 10.569 10.548 10.545    0.031 0.033 0.032 0.038 0.043  A 241423
   4375.49224 10.536 10.524 10.518 10.546 10.553    0.032 0.038 0.035 0.035 0.038  A 241909
   4377.50575 10.513 10.525 10.485 10.510 10.501    0.031 0.040 0.033 0.035 0.039  A 242226
   4380.49511 10.512 10.452 10.537 10.513 10.513    0.039 0.064 0.043 0.044 0.048  A 242673
   4383.48860 10.498 10.509 10.506 10.512 10.516    0.030 0.037 0.034 0.035 0.039  A 243129
#dataset= 1 ; 3 F1600-24_228
#desig= 161159-2051.1
#cra=   16.199728  16:11:59.0
#cdec= -20.851730 -20:51:06.2
#class= 0
#cmag_0= 10.184
#cmer_0=  0.000
#nskip_0= 0
#cmag_1= 10.149
#cmer_1=  0.000
#nskip_1= 0
#cmag_2= 10.115
#cmer_2=  0.000
#nskip_2= 0
#cmag_3= 10.155
#cmer_3=  0.000
#nskip_3= 0
#cmag_4= 10.160
#cmer_4=  0.000
#nskip_4= 0
#ra=   16.199728  16:11:59.0
#dec= -20.851730 -20:51:06.2
#     HJD      MAG_2  MAG_0  MAG_1  MAG_3  MAG_4    MER_2 MER_0 MER_1 MER_3 MER_4 GRADE FRAME
   2019.73144 10.115 10.184 10.150 10.155 10.161    0.052 0.080 0.064 0.058 0.060  D 16452
   3790.83907 29.999 29.999 29.999 29.999 29.999    0.038 0.073 0.041 0.042 0.046  C 179315
   3811.83255 29.999 29.999 29.999 29.999 29.999    0.037 0.041 0.034 0.044 0.051  C 182203
   3822.78526 29.999 29.999 29.999 29.999 29.999    0.037 0.045 0.037 0.043 0.050  C 183948
#ndata= 51
#dataset= 2 ; 1 F1632-24_229
#desig= 161158-2051.0
#cra=   16.199371  16:11:57.7
#cdec= -20.849717 -20:50:59.0
#class= 0
#cmag_0= 10.385
#cmer_0=  0.127
#nskip_0= 1
#cmag_1= 10.397
#cmer_1=  0.135
#nskip_1= 0
#cmag_2= 10.401
#cmer_2=  0.138
#nskip_2= 0
#cmag_3= 10.397
#cmer_3=  0.139
#nskip_3= 0
#cmag_4= 10.398
#cmer_4=  0.140
#nskip_4= 0
#ra=   16.199371  16:11:57.7
#dec= -20.849717 -20:50:59.0
#     HJD      MAG_2  MAG_0  MAG_1  MAG_3  MAG_4    MER_2 MER_0 MER_1 MER_3 MER_4 GRADE FRAME
   2454.59046 10.458 10.443 10.461 10.470 10.489    0.032 0.039 0.039 0.036 0.037  A 9831
   2463.57175 10.339 10.345 10.347 10.344 10.353    0.032 0.036 0.038 0.037 0.039  A 10590
   2673.85996 10.102 10.041 10.114 10.097 10.081    0.026 0.034 0.035 0.028 0.030  A 38190
   2681.83957 99.999 99.999 99.999 99.999 99.999    0.024 0.035 0.030 0.027 0.031  C 39544
   2684.84317 10.273 10.286 10.251 10.269 10.281    0.033 0.030 0.039 0.038 0.040  A 40082
   2690.83162 10.382 10.343 10.394 10.388 10.370    0.037 0.042 0.043 0.040 0.042  A 41176
   2705.82438 10.369 10.367 10.371 10.349 10.343    0.052 0.050 0.052 0.060 0.066  B 43923
   2709.86056 10.360 10.333 10.349 10.362 10.366    0.023 0.032 0.030 0.024 0.027  A 44665
   2711.86116 10.360 10.375 10.375 10.371 10.374    0.024 0.030 0.027 0.027 0.029  A 45037
   2713.83448 10.371 10.360 10.375 10.369 10.357    0.024 0.029 0.028 0.026 0.028  A 45402
   2727.80328 10.200 10.190 10.205 10.206 10.206    0.031 0.041 0.043 0.035 0.037  A 47725
   2744.75408 10.127 10.135 10.115 10.128 10.133    0.031 0.033 0.032 0.036 0.040  A 50770
   2763.72033 10.496 10.503 10.511 10.496 10.495    0.027 0.030 0.034 0.030 0.032  A 54060
   2783.64871 10.547 10.505 10.566 10.531 10.528    0.028 0.033 0.034 0.031 0.033  A 55938
   3056.87325  9.972  9.988  9.985  9.983  9.983    0.030 0.033 0.031 0.034 0.038  A 91761
   3790.85067 10.399 10.322 10.385 10.371 10.372    0.040 0.058 0.048 0.044 0.049  A 179319
   3819.82543 10.613 10.752 10.662 10.602 10.631    0.041 0.082 0.044 0.045 0.050  B 183479
   3855.83075 10.403 10.366 10.420 10.377 10.382    0.053 0.076 0.054 0.058 0.063  B 188157
   3858.72957 10.419 10.406 10.395 10.412 10.411    0.049 0.078 0.057 0.052 0.055  B 188555
   4207.77848 10.566 10.605 10.575 10.563 10.572    0.040 0.048 0.040 0.044 0.049  A 222273
   4268.59282 10.384 10.343 10.396 10.400 10.381    0.056 0.066 0.058 0.061 0.066  B 227966
   4273.71442 10.457 10.449 10.452 10.452 10.442    0.044 0.042 0.044 0.051 0.055  A 228522
   4276.60018 10.421 10.446 10.414 10.411 10.406    0.034 0.041 0.038 0.039 0.044  A 228843
   4283.74644 10.423 10.456 10.431 10.405 10.379    0.058 0.063 0.054 0.067 0.078  D 229674
   4299.69300 10.341 10.275 10.330 10.335 10.317    0.058 0.070 0.058 0.062 0.067  B 232137
   4301.62947 10.325 10.321 10.341 10.321 10.307    0.067 0.086 0.067 0.071 0.077  D 232466
   4303.62823 10.234 10.270 10.232 10.237 10.233    0.046 0.056 0.049 0.049 0.052  A 232762
   4308.55362 10.233 10.245 10.225 10.234 10.236    0.051 0.055 0.053 0.060 0.069  B 233621
   4310.65233 10.253 10.275 10.265 10.229 10.215    0.036 0.048 0.037 0.042 0.046  A 233902
   4319.54879 10.341 10.317 10.337 10.340 10.335    0.031 0.038 0.034 0.035 0.038  A 234952
   4330.55593 10.440 10.481 10.448 10.443 10.424    0.032 0.042 0.037 0.036 0.042  A 235289
   4336.53868 10.438 10.429 10.410 10.437 10.436    0.039 0.052 0.045 0.043 0.048  A 236176
   4339.63417 10.399 10.461 10.417 10.405 10.396    0.038 0.049 0.040 0.042 0.049  A 236589
   4342.50612 10.473 10.486 10.468 10.468 10.474    0.054 0.072 0.055 0.059 0.064  B 237052
   4344.52021 10.374 10.368 10.376 10.358 10.369    0.035 0.040 0.037 0.038 0.045  A 237398
   4346.52375 10.522 10.487 10.517 10.505 10.492    0.048 0.073 0.049 0.053 0.057  A 237740
   4348.54392 10.439 10.373 10.447 10.442 10.440    0.044 0.056 0.043 0.050 0.054  A 238101
   4350.54823 10.455 10.453 10.451 10.493 10.510    0.037 0.043 0.038 0.042 0.047  A 238420
   4352.56155 10.450 10.416 10.450 10.451 10.429    0.032 0.036 0.036 0.036 0.040  A 238736
   4355.56502 10.509 10.518 10.496 10.504 10.499    0.034 0.041 0.037 0.039 0.045  A 239147
   4357.57564 10.508 10.538 10.515 10.521 10.538    0.035 0.038 0.037 0.037 0.041  A 239441
   4363.50171 10.592 10.579 10.594 10.588 10.576    0.031 0.038 0.035 0.035 0.040  A 240293
   4365.55068 10.553 10.541 10.560 10.553 10.546    0.049 0.055 0.051 0.053 0.058  A 240620
   4369.52725 10.516 10.516 10.504 10.533 10.534    0.047 0.046 0.048 0.053 0.061  A 241105
   4371.53916 10.512 10.488 10.515 10.510 10.510    0.040 0.056 0.042 0.047 0.054  A 241438
   4375.52207 10.496 10.511 10.496 10.509 10.504    0.035 0.040 0.037 0.037 0.041  A 241920
   4377.52789 10.489 10.537 10.496 10.491 10.490    0.031 0.043 0.034 0.035 0.040  A 242234
   4380.51610 10.537 10.487 10.516 10.550 10.559    0.041 0.046 0.040 0.047 0.053  A 242680
   4383.50821 10.520 10.471 10.493 10.527 10.529    0.032 0.044 0.034 0.036 0.039  A 243136
   4517.87202 10.453 10.366 10.454 10.495 10.509    0.044 0.059 0.046 0.051 0.059  A 257336
   4569.78354 10.315 10.307 10.326 10.301 10.286    0.033 0.042 0.035 0.038 0.043  A 265038
#ndata= 206
#dataset= 3 ; 1 F1600-16_273
#desig= 161158-2050.9
#cra=   16.199404  16:11:57.9
#cdec= -20.848814 -20:50:55.7
#class= 0
#cmag_0= 10.417
#cmer_0=  0.153
#nskip_0= 23
#cmag_1= 10.426
#cmer_1=  0.158
#nskip_1= 25
#cmag_2= 10.417
#cmer_2=  0.159
#nskip_2= 30
#cmag_3= 10.414
#cmer_3=  0.158
#nskip_3= 30
#cmag_4= 10.112
#cmer_4=  0.031
#nskip_4= 177
#ra=   16.199404  16:11:57.9
#dec= -20.848814 -20:50:55.7
#     HJD      MAG_2  MAG_0  MAG_1  MAG_3  MAG_4    MER_2 MER_0 MER_1 MER_3 MER_4 GRADE FRAME
   2040.68981  9.886  9.814  9.877  9.881  9.891    0.041 0.065 0.039 0.048 0.056  A 19481
   2177.47689 10.318 10.299 10.352 10.306 10.300    0.045 0.052 0.049 0.052 0.057  A 33362
   3110.64215 10.499 10.471 10.477 10.496 10.511    0.078 0.078 0.079 0.082 0.086  D 98853
   3110.70286 10.479 10.464 10.503 10.468 10.477    0.041 0.043 0.043 0.045 0.050  A 98873
   3110.73511 10.483 10.461 10.486 10.484 10.500    0.034 0.037 0.036 0.040 0.045  A 98883
   3110.76773 10.484 10.515 10.493 10.471 10.493    0.026 0.030 0.033 0.030 0.035  A 98893
   3110.79427 10.479 10.463 10.489 10.473 10.488    0.028 0.035 0.033 0.030 0.034  A 98903
   3389.87586 10.541 10.549 10.557 10.541 10.544    0.038 0.041 0.037 0.046 0.053  A 126663
   3394.87303 10.469 10.459 10.481 10.470 10.480    0.033 0.038 0.033 0.039 0.043  A 127221
   3398.87608 10.474 10.402 10.459 10.482 10.500    0.055 0.055 0.048 0.064 0.072  B 127717
   3407.85988 10.109 10.121 10.104 10.113 10.123    0.035 0.050 0.038 0.038 0.043  A 128959
   3414.87909 10.115 10.083 10.107 10.104 10.099    0.029 0.030 0.027 0.035 0.042  A 130034
   3418.85277 10.103 10.069 10.105 10.099 10.101    0.033 0.040 0.032 0.039 0.044  A 130655
   3425.86210 10.176 10.143 10.172 10.168 10.187    0.032 0.038 0.030 0.039 0.047  A 131758
   3434.83183 10.361 10.347 10.369 10.364 10.361    0.034 0.064 0.037 0.036 0.038  A 132906
   3438.85661 10.388 10.305 10.409 10.378 10.379    0.030 0.065 0.036 0.033 0.035  A 133250
   3442.86677 10.455 10.442 10.432 10.461 10.465    0.032 0.070 0.034 0.035 0.039  A 133669
   3450.83682 10.481 10.497 10.490 10.475 10.505    0.060 0.085 0.057 0.067 0.073  B 135320
   3453.75807 10.501 10.484 10.480 10.501 10.510    0.040 0.047 0.038 0.049 0.055  A 135688
   3455.78169 10.496 10.467 10.501 10.496 10.516    0.033 0.037 0.032 0.039 0.044  A 136057
   3463.78726 10.556 10.560 10.576 10.541 10.530    0.050 0.052 0.045 0.055 0.060  A 137369
   3465.91125 10.549 10.564 10.540 10.569 10.571    0.034 0.075 0.040 0.037 0.041  B 137746
   3468.78401 10.545 10.555 10.546 10.540 10.557    0.024 0.032 0.024 0.027 0.030  A 138148
   3471.76167 10.502 10.502 10.494 10.500 10.494    0.023 0.031 0.026 0.025 0.028  A 138615
   3473.85103 10.502 10.508 10.506 10.500 10.507    0.023 0.031 0.026 0.026 0.030  A 138949
   3476.74899 10.479 10.511 10.481 10.474 10.488    0.029 0.036 0.026 0.035 0.040  A 139411
   3478.77890 10.515 10.535 10.540 10.511 10.519    0.044 0.069 0.052 0.047 0.052  A 139769
   3480.80343 10.439 10.447 10.444 10.436 10.437    0.036 0.040 0.035 0.038 0.040  A 140056
   3487.91699 10.323 10.318 10.298 10.327 10.356    0.039 0.054 0.040 0.046 0.053  A 140865
   3490.82497 10.269 10.299 10.255 10.278 10.287    0.037 0.052 0.035 0.043 0.051  A 141200
   3492.82000 10.209 10.213 10.189 10.220 10.230    0.033 0.059 0.034 0.038 0.044  A 141536
   3496.80384 10.129 10.150 10.114 10.131 10.120    0.039 0.035 0.037 0.042 0.046  A 141811
   3502.68062 10.069 10.093 10.066 10.080 10.100    0.045 0.056 0.046 0.049 0.051  A 142640
   3504.73123 10.128 10.180 10.112 10.124 10.127    0.037 0.049 0.038 0.040 0.045  A 143014
   3508.73347 10.220 10.229 10.199 10.225 10.239    0.023 0.026 0.028 0.025 0.029  A 143272
   3510.79134 29.999 29.999 29.999 29.999 29.999    0.024 0.032 0.028 0.027 0.031  C 143533
   3517.69083 10.495 10.526 10.498 10.494 10.502    0.033 0.075 0.037 0.036 0.040  B 144359
   3521.67713 10.582 10.511 10.571 10.581 10.590    0.042 0.083 0.047 0.040 0.047  B 144852
   3523.68362 10.596 10.569 10.578 10.591 10.581    0.033 0.057 0.036 0.037 0.042  A 145209
   3525.70887 10.622 10.564 10.621 10.617 10.645    0.032 0.070 0.036 0.034 0.039  A 145516
   3529.78282 10.680 10.647 10.678 10.676 10.690    0.029 0.058 0.028 0.035 0.041  A 146242
   3544.72270 29.999 29.999 29.999 29.999 29.999    0.033 0.048 0.034 0.036 0.039  C 147728
   3547.77493 10.438 10.444 10.434 10.437 10.457    0.030 0.054 0.034 0.033 0.036  A 148082
   3558.62594 29.999 29.999 29.999 29.999 29.999    0.041 0.086 0.045 0.048 0.056  C 149225
   3560.62352  9.963  9.949  9.950  9.963  9.974    0.040 0.064 0.045 0.040 0.043  A 149557
   3562.64200 29.999 29.999 29.999 29.999 29.999    0.034 0.045 0.032 0.037 0.040  C 149912
   3564.58081  9.989 10.013  9.983  9.990  9.988    0.023 0.047 0.028 0.026 0.029  A 150232
   3570.54369 10.084 10.107 10.045 10.092 10.097    0.028 0.047 0.031 0.032 0.036  A 150729
   3573.62310 10.165 10.186 10.170 10.145 10.135    0.031 0.040 0.036 0.034 0.039  A 151107
   3575.64044 29.999 29.999 29.999 29.999 29.999    0.025 0.027 0.028 0.028 0.032  C 151474
   3577.66240 10.240 10.190 10.215 10.243 10.252    0.081 0.085 0.075 0.096 0.110  D 151812
   3587.55922 10.549 10.552 10.559 10.543 10.558    0.023 0.030 0.025 0.025 0.028  A 153496
   3589.57369 29.999 29.999 29.999 29.999 29.999    0.024 0.043 0.026 0.026 0.030  C 153822
   3602.60592 10.601 10.580 10.566 10.608 10.620    0.032 0.042 0.033 0.038 0.044  A 155726
   3618.54572 10.257 10.223 10.262 10.240 10.246    0.038 0.037 0.035 0.042 0.048  A 157255
   3626.48874 10.109 10.133 10.092 10.114 10.128    0.024 0.029 0.027 0.028 0.033  A 158271
   3629.54313 10.060 10.065 10.058 10.055 10.070    0.030 0.031 0.030 0.036 0.042  A 158585
   3642.50925 29.999 29.999 29.999 29.999 29.999    0.033 0.045 0.036 0.037 0.042  C 160273
   3647.48350 29.999 29.999 29.999 29.999 29.999    0.027 0.033 0.030 0.032 0.036  C 160852
   3748.86886 10.450 10.493 10.442 10.450 10.457    0.035 0.037 0.033 0.043 0.050  A 174034
   3754.87421 10.233 10.233 10.215 10.226 10.217    0.045 0.043 0.040 0.055 0.066  A 174862
   3763.87997  9.974  9.987  9.980  9.972  9.990    0.047 0.043 0.041 0.058 0.069  A 176095
   3767.87717 10.007  9.999 10.015  9.994 10.010    0.032 0.041 0.030 0.037 0.043  A 176648
   3772.87076 10.042 10.020 10.052 10.041 10.052    0.029 0.036 0.027 0.034 0.038  A 177291
   3783.89571 10.250 10.236 10.271 10.237 10.254    0.042 0.040 0.037 0.053 0.062  A 178757
   3789.85301 10.355 10.362 10.348 10.342 10.344    0.031 0.034 0.029 0.036 0.042  A 179183
   3793.83167 10.422 10.443 10.412 10.423 10.440    0.031 0.039 0.030 0.036 0.040  A 179757
   3796.88916 10.498 10.493 10.490 10.494 10.504    0.025 0.036 0.027 0.029 0.033  A 180201
   3804.80939 10.594 10.552 10.615 10.583 10.577    0.038 0.056 0.039 0.044 0.051  A 181227
   3808.80703 10.639 10.661 10.655 10.631 10.621    0.036 0.049 0.036 0.044 0.050  A 181716
   3811.84689 10.658 10.690 10.689 10.644 10.659    0.046 0.075 0.048 0.053 0.060  B 182208
   3816.86783 10.701 10.736 10.694 10.711 10.725    0.047 0.081 0.047 0.056 0.065  B 183007
   3819.80905 10.650 10.640 10.638 10.649 10.654    0.040 0.071 0.044 0.043 0.050  A 183473
   3822.79673 10.630 10.604 10.638 10.621 10.620    0.038 0.049 0.038 0.044 0.050  A 183952
   3825.79210 10.562 10.574 10.557 10.555 10.545    0.040 0.041 0.039 0.048 0.057  A 184451
   3828.78852 10.561 10.614 10.541 10.563 10.584    0.032 0.064 0.036 0.034 0.038  A 184964
   3831.77600 10.504 10.491 10.500 10.513 10.529    0.035 0.037 0.032 0.042 0.049  A 185466
   3833.81425 10.444 10.443 10.437 10.446 10.443    0.035 0.041 0.033 0.042 0.049  A 185830
   3837.84085 10.378 10.342 10.380 10.358 10.363    0.035 0.048 0.037 0.041 0.046  A 186516
   3847.78687 10.287 10.233 10.271 10.286 10.289    0.042 0.052 0.041 0.050 0.059  A 186788
   3849.77818 10.293 10.326 10.301 10.290 10.305    0.037 0.077 0.042 0.039 0.041  B 187141
   3851.81509 10.341 10.387 10.349 10.330 10.332    0.039 0.084 0.046 0.040 0.044  B 187497
   3854.71691 10.339 10.332 10.364 10.313 10.318    0.062 0.057 0.056 0.077 0.089  D 187997
   3856.76326 10.401 10.393 10.407 10.396 10.387    0.029 0.047 0.031 0.030 0.034  A 188276
   3858.84238 10.429 10.375 10.429 10.429 10.425    0.042 0.047 0.040 0.050 0.056  A 188594
   3861.70260 10.421 10.396 10.402 10.419 10.432    0.034 0.071 0.040 0.036 0.037  A 189035
   3863.73415 29.999 29.999 29.999 29.999 29.999    0.028 0.039 0.029 0.030 0.033  C 189382
   3865.73801 29.999 29.999 29.999 29.999 29.999    0.028 0.043 0.029 0.033 0.037  C 189735
   3870.72556 10.512 10.514 10.505 10.511 10.523    0.034 0.055 0.035 0.041 0.047  A 190587
   3872.72368 10.501 10.523 10.514 10.501 10.507    0.032 0.040 0.032 0.037 0.040  A 190959
   3875.80469 29.999 29.999 29.999 29.999 29.999    0.031 0.063 0.035 0.034 0.036  C 191225
   3879.66054 10.502 10.549 10.493 10.496 10.512    0.030 0.054 0.035 0.032 0.036  A 191656
   3881.69491 10.508 10.511 10.507 10.513 10.530    0.024 0.034 0.025 0.027 0.030  A 192011
   3883.55700 10.505 10.515 10.506 10.504 10.509    0.030 0.038 0.030 0.034 0.039  A 192232
   3883.55939 10.498 10.511 10.510 10.491 10.489    0.028 0.032 0.029 0.032 0.036  A 192233
   3883.56186 10.501 10.489 10.514 10.488 10.491    0.029 0.040 0.029 0.033 0.037  A 192234
   3883.56504 10.504 10.508 10.516 10.487 10.491    0.028 0.041 0.029 0.032 0.036  A 192235
   3883.56833 10.504 10.495 10.502 10.502 10.503    0.028 0.037 0.027 0.033 0.036  A 192236
   3883.57083 10.500 10.485 10.504 10.495 10.506    0.029 0.039 0.029 0.032 0.036  A 192237
   3883.57337 10.521 10.528 10.533 10.512 10.514    0.029 0.042 0.030 0.032 0.037  A 192238
   3883.57589 10.511 10.535 10.525 10.517 10.528    0.028 0.040 0.029 0.032 0.037  A 192239
   3883.57840 10.506 10.486 10.504 10.493 10.493    0.028 0.040 0.029 0.033 0.038  A 192240
   3883.58088 10.494 10.486 10.501 10.488 10.497    0.029 0.050 0.028 0.033 0.036  A 192241
   3883.58338 10.503 10.512 10.515 10.508 10.519    0.030 0.042 0.030 0.033 0.037  A 192242
   3883.58665 10.505 10.471 10.511 10.505 10.507    0.028 0.033 0.027 0.031 0.036  A 192243
   3883.58917 10.507 10.486 10.516 10.494 10.502    0.029 0.041 0.028 0.032 0.036  A 192244
   3883.59164 10.507 10.521 10.524 10.497 10.496    0.027 0.031 0.027 0.031 0.034  A 192245
   3883.59778 10.500 10.475 10.496 10.488 10.497    0.029 0.041 0.029 0.033 0.037  A 192247
   3883.60433 10.499 10.497 10.498 10.492 10.503    0.029 0.034 0.030 0.032 0.036  A 192249
   3883.60952 10.509 10.514 10.517 10.499 10.504    0.030 0.049 0.032 0.033 0.037  A 192251
   3883.61588 10.490 10.462 10.468 10.482 10.489    0.032 0.065 0.034 0.036 0.041  A 192253
   3883.63054 10.500 10.521 10.512 10.491 10.488    0.034 0.072 0.039 0.037 0.041  A 192258
   3883.64516 10.525 10.507 10.536 10.522 10.524    0.028 0.035 0.028 0.031 0.034  A 192263
   3883.67224 10.485 10.425 10.478 10.476 10.492    0.038 0.078 0.043 0.040 0.044  B 192273
   3883.70110 10.515 10.508 10.524 10.515 10.529    0.032 0.050 0.034 0.036 0.039  A 192283
   3886.67720 10.511 10.519 10.497 10.511 10.532    0.024 0.035 0.025 0.028 0.032  A 192482
   3888.69531 10.509 10.556 10.509 10.486 10.369    0.105 0.087 0.093 0.129 0.150  D 192860
   3890.67028 10.494 10.489 10.519 10.495 10.511    0.028 0.059 0.033 0.032 0.035  A 193189
   3892.66035 10.535 10.483 10.532 10.529 10.525    0.026 0.042 0.029 0.031 0.035  A 193531
   3898.64882 10.498 10.410 10.486 10.496 10.497    0.039 0.071 0.043 0.045 0.051  A 194357
   3900.66336 10.495 10.522 10.493 10.484 99.999    0.035 0.059 0.035 0.041 0.047  C 194664
   3902.68206 10.503 10.511 10.491 10.509 10.516    0.025 0.028 0.023 0.027 0.031  A 195045
   3904.70639 10.511 10.474 10.509 10.510 10.510    0.033 0.055 0.037 0.035 0.038  A 195435
   3906.71874 10.489 10.477 10.483 10.484 10.489    0.027 0.041 0.030 0.032 0.036  A 195818
   3908.76991 10.539 10.583 10.547 10.528 10.534    0.036 0.076 0.042 0.037 0.040  B 196221
   4126.87729 10.329 10.304 10.336 10.323 10.328    0.030 0.034 0.029 0.034 0.037  A 211750
   4134.86699 10.376 10.370 10.387 10.366 10.369    0.035 0.041 0.033 0.041 0.047  A 212806
   4151.84383 10.467 10.497 10.472 10.453 10.480    0.032 0.055 0.031 0.038 0.043  A 215034
   4154.87198 10.442 10.447 10.442 10.442 10.436    0.054 0.083 0.053 0.060 0.064  B 215495
   4158.83866 10.487 10.458 10.487 10.491 10.504    0.031 0.070 0.035 0.035 0.039  A 216057
   4161.85532 10.493 10.491 10.502 10.503 10.501    0.044 0.063 0.042 0.050 0.056  A 216539
   4164.89249 10.481 10.481 10.479 10.479 10.487    0.040 0.049 0.036 0.050 0.058  A 216989
   4172.85769 10.485 10.508 10.474 10.490 10.512    0.031 0.050 0.034 0.035 0.038  A 217985
   4178.83508 10.529 10.474 10.554 10.509 10.521    0.056 0.060 0.050 0.071 0.085  D 218756
   4181.81511 10.473 10.514 10.480 10.462 10.438    0.052 0.064 0.050 0.063 0.070  B 219172
   4184.80394 10.435 10.444 10.424 10.446 10.452    0.039 0.043 0.038 0.045 0.054  A 219605
   4188.81233 10.412 10.347 10.418 10.413 10.420    0.046 0.051 0.050 0.048 0.051  A 219988
   4190.87434 10.406 10.380 10.410 10.404 10.409    0.036 0.039 0.038 0.039 0.042  A 220313
   4192.80383 10.457 10.453 10.459 10.467 10.480    0.031 0.036 0.034 0.037 0.041  A 220618
   4194.80256 10.452 10.469 10.452 10.453 10.468    0.033 0.034 0.034 0.038 0.044  A 220932
   4199.74027 10.520 10.568 10.530 10.507 10.514    0.054 0.072 0.049 0.062 0.071  B 221414
   4202.80810 10.526 10.531 10.535 10.547 10.560    0.042 0.065 0.043 0.047 0.052  A 221686
   4204.82479 10.555 10.566 10.558 10.557 10.560    0.033 0.046 0.037 0.037 0.041  A 222013
   4207.86626 10.593 10.597 10.605 10.578 10.588    0.038 0.057 0.040 0.042 0.047  A 222303
   4212.79980 10.636 10.608 10.614 10.662 10.718    0.085 0.058 0.068 0.102 0.106  D 222471
   4215.78401 10.583 10.570 10.584 10.587 10.610    0.038 0.050 0.042 0.043 0.047  A 222734
   4228.74626 10.496 10.493 10.505 10.495 10.504    0.043 0.059 0.047 0.046 0.042  A 223382
   4230.74397 10.489 10.511 10.494 10.491 10.509    0.030 0.048 0.038 0.032 0.035  A 223723
   4232.74152 10.455 10.420 10.452 10.451 10.450    0.053 0.057 0.052 0.056 0.058  B 224066
   4234.73451 10.499 10.522 10.501 10.495 10.504    0.031 0.051 0.036 0.036 0.039  A 224432
   4246.67727 10.465 10.437 10.484 10.465 10.468    0.033 0.042 0.038 0.037 0.041  A 226232
   4255.70546 10.372 10.334 10.368 10.379 10.407    0.038 0.042 0.036 0.043 0.047  A 227097
   4257.70711 10.428 10.347 10.437 10.423 10.453    0.060 0.051 0.052 0.072 0.083  D 227444
   4273.69136 10.425 10.430 10.437 10.425 10.439    0.027 0.032 0.032 0.030 0.032  A 228515
   4276.58121 10.484 10.510 10.481 10.470 10.486    0.044 0.041 0.043 0.049 0.053  A 228837
   4282.75194 99.999 99.999 99.999 99.999 99.999    0.047 0.045 0.045 0.055 0.065  C 229509
   4284.76066 10.481 10.491 10.502 10.471 10.480    0.037 0.054 0.041 0.042 0.048  A 229847
   4286.73038 10.531 10.490 10.514 10.581 10.659    0.079 0.072 0.069 0.099 0.118  D 230202
   4290.72631 10.492 10.436 10.503 10.484 10.479    0.031 0.038 0.037 0.033 0.036  A 230526
   4292.61491 10.467 10.463 10.486 10.477 10.482    0.025 0.036 0.032 0.028 0.030  A 230864
   4296.61950 10.421 10.388 10.443 10.418 10.431    0.048 0.047 0.047 0.052 0.058  A 231563
   4298.62407 10.346 10.302 10.325 10.348 10.359    0.041 0.059 0.043 0.046 0.054  A 231922
   4300.57878 29.999 29.999 29.999 29.999 29.999    0.042 0.066 0.058 0.042 0.046  C 232263
   4308.52245 10.301 10.228 10.305 10.306 10.322    0.049 0.071 0.050 0.058 0.068  A 233610
   4310.61694 10.279 10.215 10.286 10.279 99.999    0.032 0.050 0.038 0.036 0.039  C 233889
   4312.61394 10.371 10.294 10.365 10.361 10.375    0.059 0.073 0.055 0.071 0.078  B 234216
   4315.61989 10.329 10.311 10.332 10.324 10.331    0.030 0.038 0.037 0.032 0.035  A 234561
   4319.53813 10.340 10.344 10.345 10.328 10.335    0.038 0.049 0.040 0.042 0.045  A 234948
   4329.47379 29.999 29.999 29.999 29.999 29.999    0.038 0.053 0.041 0.043 0.051  C 235079
   4336.48115 10.528 10.437 10.470 10.546 10.542    0.108 0.079 0.093 0.124 0.135  D 236156
   4339.50896 10.487 10.432 10.470 10.480 10.492    0.082 0.059 0.066 0.100 0.108  D 236564
   4341.56437 10.481 10.447 10.471 10.488 10.489    0.068 0.070 0.066 0.073 0.076  D 236898
   4343.56611 10.404 10.393 10.412 10.394 10.395    0.045 0.067 0.047 0.049 0.054  A 237253
   4345.58244 10.393 10.326 10.382 10.369 10.390    0.069 0.078 0.066 0.072 0.075  D 237585
   4347.58024 10.388 10.439 10.406 10.376 10.372    0.053 0.051 0.050 0.058 0.062  B 237936
   4349.57808 10.429 10.444 10.432 10.424 10.424    0.047 0.059 0.045 0.053 0.060  A 238272
   4352.51555 10.495 10.465 10.503 10.503 10.524    0.026 0.029 0.030 0.029 0.033  A 238719
   4355.52269 10.536 10.531 10.542 10.544 10.570    0.040 0.046 0.041 0.045 0.051  A 239131
   4357.52155 10.570 10.548 10.530 10.582 10.590    0.026 0.034 0.031 0.028 0.031  A 239423
   4362.49023 10.571 10.538 10.588 10.553 10.560    0.028 0.036 0.032 0.030 0.033  A 240126
   4364.53509 10.535 10.509 10.520 10.536 10.527    0.031 0.044 0.037 0.034 0.038  A 240472
   4368.52412 10.588 10.527 10.587 10.586 10.594    0.040 0.053 0.043 0.046 0.052  A 240947
   4371.49797 10.568 10.541 10.583 10.560 10.554    0.033 0.043 0.036 0.038 0.045  A 241424
   4375.49457 29.999 29.999 29.999 29.999 29.999    0.032 0.044 0.035 0.035 0.039  C 241910
   4378.49048 29.999 29.999 29.999 29.999 29.999    0.036 0.051 0.038 0.041 0.046  C 242372
   4487.87187 10.529 10.550 10.524 10.504 10.504    0.034 0.042 0.036 0.041 0.047  A 253905
   4492.87874 10.613 10.570 10.620 10.596 10.593    0.031 0.038 0.033 0.036 0.043  A 254484
   4499.88113 10.619 10.598 10.631 10.615 10.635    0.032 0.041 0.033 0.038 0.042  A 255107
   4503.87599 10.586 10.623 10.598 10.590 10.595    0.034 0.035 0.035 0.040 0.047  A 255645
   4507.86299 10.573 10.550 10.599 10.552 10.552    0.037 0.040 0.038 0.044 0.050  A 256217
   4511.85670 10.496 10.522 10.490 10.492 99.999    0.041 0.071 0.066 0.041 0.042  D 256752
   4517.85046 10.481 10.460 10.476 10.485 10.499    0.038 0.035 0.035 0.045 0.052  A 257329
   4520.86266 10.412 10.434 10.422 10.413 10.410    0.035 0.039 0.035 0.042 0.049  A 257780
   4527.84016 10.379 10.374 10.398 10.378 10.394    0.032 0.037 0.034 0.036 0.041  A 258797
   4530.87944 10.358 10.365 10.365 10.350 10.340    0.028 0.033 0.030 0.031 0.035  A 259262
   4535.86579 10.351 10.386 10.360 10.349 10.360    0.035 0.039 0.036 0.038 0.041  A 259845
   4538.85012 10.386 10.374 10.373 10.401 10.417    0.030 0.041 0.034 0.035 0.040  A 260298
   4541.83307 10.373 10.383 10.358 10.375 10.385    0.026 0.034 0.029 0.030 0.033  A 260733
   4547.80199 10.454 10.425 10.473 10.444 10.440    0.038 0.047 0.037 0.044 0.051  A 261661
   4559.78655 10.471 10.495 10.482 10.477 10.493    0.028 0.035 0.030 0.032 0.036  A 263404
   4562.77520 10.451 10.457 10.448 10.450 10.453    0.031 0.047 0.035 0.033 0.038  A 263905
   4564.85450 10.432 10.388 10.447 10.415 10.417    0.030 0.051 0.037 0.034 0.038  A 264263
   4567.76627 10.360 10.353 10.361 10.352 10.343    0.033 0.046 0.035 0.037 0.042  A 264735
   4570.75145 10.289 10.286 10.294 10.284 10.291    0.028 0.036 0.031 0.031 0.035  A 265201
   4572.77157 10.306 10.309 10.280 10.313 10.324    0.043 0.057 0.046 0.049 0.053  A 265556
   4574.76961 10.316 10.305 10.323 10.319 10.343    0.037 0.066 0.043 0.042 0.048  A 265880
#ndata= 111
#dataset= 4 ; 1 F1632-16_274
#desig= 161158-2051.0
#cra=   16.199367  16:11:57.7
#cdec= -20.849899 -20:50:59.6
#class= 0
#cmag_0= 10.457
#cmer_0=  0.081
#nskip_0= 8
#cmag_1= 10.468
#cmer_1=  0.076
#nskip_1= 7
#cmag_2= 10.455
#cmer_2=  0.077
#nskip_2= 7
#cmag_3= 10.452
#cmer_3=  0.075
#nskip_3= 8
#cmag_4= 10.456
#cmer_4=  0.075
#nskip_4= 8
#ra=   16.199367  16:11:57.7
#dec= -20.849899 -20:50:59.6
#     HJD      MAG_2  MAG_0  MAG_1  MAG_3  MAG_4    MER_2 MER_0 MER_1 MER_3 MER_4 GRADE FRAME
   3099.66068 10.477 10.491 10.476 10.481 10.493    0.077 0.075 0.078 0.082 0.088  D 97132
   3099.70183 10.476 10.460 10.481 10.453 10.446    0.054 0.051 0.052 0.058 0.064  B 97140
   3099.72841 10.463 10.472 10.451 10.461 10.472    0.045 0.044 0.044 0.052 0.059  A 97150
   3099.78442 10.488 10.481 10.489 10.486 10.488    0.034 0.034 0.034 0.041 0.049  A 97169
   3099.84599 10.471 10.446 10.489 10.460 10.454    0.035 0.039 0.037 0.042 0.048  A 97189
   3099.87665 10.475 10.477 10.495 10.476 10.479    0.032 0.038 0.035 0.038 0.045  A 97199
   3099.90815 10.480 10.438 10.497 10.473 10.465    0.031 0.037 0.031 0.036 0.044  A 97209
   3100.67608 10.452 10.467 10.459 10.440 10.450    0.059 0.058 0.057 0.067 0.074  B 97285
   3100.70932 10.484 10.463 10.480 10.477 10.485    0.048 0.050 0.048 0.055 0.063  A 97295
   3100.77580 10.467 10.506 10.467 10.464 10.467    0.039 0.042 0.040 0.045 0.051  A 97315
   3100.80187 10.449 10.466 10.458 10.448 10.454    0.033 0.034 0.032 0.039 0.047  A 97325
   3100.86105 10.437 10.463 10.452 10.439 10.447    0.037 0.035 0.038 0.043 0.050  A 97345
   3100.88724 10.486 10.465 10.513 10.481 10.485    0.034 0.036 0.035 0.041 0.049  A 97355
   3100.91831 10.481 10.481 10.482 10.477 10.489    0.036 0.035 0.036 0.042 0.048  A 97365
   3101.66861 10.480 10.526 10.488 10.461 10.468    0.062 0.062 0.062 0.068 0.073  D 97439
   3101.72473 10.484 10.482 10.501 10.475 10.474    0.051 0.052 0.052 0.057 0.063  A 97458
   3101.75205 10.491 10.480 10.497 10.494 10.504    0.042 0.042 0.042 0.047 0.054  A 97468
   3101.84170 10.487 10.488 10.501 10.486 10.494    0.037 0.038 0.041 0.044 0.052  A 97498
   3101.87015 10.477 10.490 10.509 10.472 10.467    0.037 0.041 0.039 0.043 0.049  A 97508
   3101.89868 10.474 10.475 10.492 10.456 10.455    0.036 0.043 0.038 0.042 0.049  A 97518
   3392.86845 10.569 10.550 10.577 10.562 10.552    0.074 0.065 0.066 0.080 0.086  D 127019
   3763.88264  9.961  9.962  9.965  9.948  9.947    0.062 0.050 0.052 0.077 0.094  D 176096
   3767.88456  9.982 10.002  9.977  9.965  9.977    0.040 0.051 0.043 0.048 0.056  A 176651
   3790.85324 10.384 10.357 10.402 10.374 10.382    0.042 0.060 0.044 0.040 0.045  A 179320
   3805.73356 10.582 10.610 10.601 10.576 10.590    0.039 0.046 0.037 0.047 0.057  A 181348
   3805.76211 10.611 10.587 10.622 10.608 10.612    0.038 0.036 0.034 0.045 0.054  A 181358
   3812.84799 10.658 10.626 10.670 10.653 10.651    0.035 0.042 0.035 0.043 0.051  A 182368
   3816.89201 10.612 10.597 10.620 10.614 10.602    0.034 0.052 0.037 0.041 0.045  A 183016
   3819.83720 10.662 10.670 10.666 10.673 10.664    0.033 0.044 0.034 0.038 0.043  A 183483
   3825.81472 10.573 10.602 10.588 10.573 10.585    0.040 0.039 0.037 0.048 0.058  A 184459
   3828.80837 10.578 10.563 10.598 10.588 10.588    0.032 0.042 0.034 0.036 0.041  A 184970
   3849.79511 10.260 10.241 10.267 10.248 10.255    0.034 0.076 0.041 0.037 0.041  B 187147
   3856.82507 10.416 10.406 10.411 10.414 10.427    0.040 0.068 0.043 0.044 0.048  A 188296
   3861.77359 10.445 10.379 10.457 10.415 10.415    0.036 0.061 0.049 0.031 0.036  A 189060
   3886.77321 10.470 10.449 10.478 10.458 10.464    0.032 0.063 0.038 0.035 0.039  A 192515
   4128.87881 10.321 10.356 10.336 10.313 10.318    0.030 0.037 0.032 0.034 0.039  A 212017
   4132.88229 10.358 10.367 10.365 10.364 10.369    0.038 0.045 0.038 0.046 0.055  A 212533
   4136.87054 10.449 10.402 10.464 10.428 10.418    0.050 0.053 0.044 0.060 0.070  A 213063
   4145.86339 10.479 10.467 10.488 10.488 10.492    0.069 0.067 0.067 0.077 0.084  D 214340
   4151.87384 10.537 10.523 10.542 10.532 10.526    0.053 0.065 0.051 0.060 0.064  A 215045
   4155.86685 10.471 10.489 10.468 10.474 10.488    0.051 0.085 0.053 0.051 0.046  B 215641
   4158.87495 10.474 10.453 10.487 10.470 10.467    0.031 0.038 0.030 0.036 0.046  A 216069
   4162.84457 10.501 10.539 10.513 10.488 10.483    0.044 0.052 0.040 0.055 0.066  A 216696
   4166.83717 10.481 10.488 10.482 10.467 10.460    0.038 0.040 0.036 0.046 0.055  A 217216
   4172.86914 10.502 10.515 10.504 10.489 10.486    0.031 0.039 0.033 0.035 0.040  A 217989
   4178.84949 10.450 10.438 10.447 10.458 10.456    0.068 0.065 0.061 0.082 0.096  D 218761
   4181.83383 10.536 10.444 10.521 10.546 10.547    0.080 0.066 0.065 0.098 0.109  D 219179
   4184.85802 10.488 10.458 10.496 10.483 10.466    0.048 0.060 0.050 0.055 0.062  A 219617
   4188.83245 10.433 10.406 10.436 10.456 10.465    0.041 0.044 0.043 0.046 0.053  A 219995
   4191.78368 10.418 10.449 10.455 10.414 10.428    0.038 0.061 0.043 0.044 0.050  A 220457
   4193.83358 10.440 10.499 10.473 10.436 10.423    0.038 0.062 0.044 0.042 0.047  A 220799
   4200.78664 10.551 10.545 10.569 10.543 10.547    0.043 0.044 0.044 0.047 0.052  A 221535
   4203.83222 10.536 10.582 10.559 10.531 10.535    0.053 0.054 0.051 0.056 0.059  A 221847
   4207.78743 10.548 10.565 10.576 10.533 10.558    0.042 0.045 0.041 0.047 0.053  A 222276
   4215.76044 10.595 10.613 10.602 10.615 10.623    0.033 0.044 0.039 0.038 0.042  A 222726
   4228.76523 10.460 10.371 10.443 10.470 10.482    0.037 0.054 0.043 0.039 0.043  A 223389
   4230.76217 10.474 10.451 10.490 10.466 10.464    0.031 0.042 0.036 0.034 0.038  A 223730
   4232.76132 99.999 99.999 99.999 99.999 99.999    0.032 0.045 0.035 0.036 0.041  C 224073
   4234.76404 10.482 10.478 10.486 10.478 10.478    0.031 0.035 0.033 0.036 0.042  A 224442
   4273.79693 10.380 10.421 10.398 10.370 10.371    0.045 0.051 0.049 0.049 0.052  A 228549
   4276.60251 10.461 10.444 10.477 10.442 10.444    0.031 0.035 0.035 0.034 0.039  A 228844
   4281.62171 10.504 10.527 10.556 10.498 10.494    0.068 0.070 0.080 0.077 0.092  D 229320
   4284.77195 10.476 10.373 10.469 10.467 10.462    0.037 0.054 0.043 0.041 0.046  A 229851
   4286.76435 10.453 10.472 10.446 10.491 10.519    0.081 0.076 0.075 0.098 0.118  D 230214
   4290.75943 10.452 10.449 10.481 10.460 10.448    0.063 0.058 0.065 0.066 0.073  D 230538
   4292.71188 10.462 10.457 10.480 10.461 10.454    0.028 0.038 0.036 0.030 0.034  A 230897
   4296.71331 10.322 10.294 10.340 10.321 10.328    0.057 0.069 0.056 0.064 0.072  B 231594
   4298.72179 10.355 10.332 10.348 10.355 10.360    0.038 0.046 0.039 0.046 0.055  A 231955
   4300.62150 10.389 10.352 10.390 10.385 10.381    0.044 0.063 0.046 0.049 0.056  A 232278
   4302.67204 10.323 10.423 10.338 10.325 10.333    0.034 0.057 0.040 0.038 0.041  A 232607
   4308.54534 29.999 29.999 29.999 29.999 29.999    0.045 0.068 0.049 0.051 0.057  C 233618
   4310.64100 10.310 10.305 10.317 10.299 10.304    0.034 0.044 0.039 0.039 0.044  A 233898
   4312.64031 10.228 10.191 10.256 10.213 10.205    0.042 0.073 0.049 0.047 0.053  A 234225
   4315.64471 10.320 10.308 10.330 10.311 10.335    0.037 0.049 0.042 0.039 0.043  A 234570
   4319.54378 10.370 10.397 10.403 10.361 10.359    0.029 0.045 0.038 0.031 0.035  A 234950
   4329.48288 29.999 29.999 29.999 29.999 29.999    0.039 0.060 0.043 0.045 0.052  C 235082
   4339.51295 10.384 10.334 10.384 10.378 10.377    0.048 0.061 0.051 0.051 0.057  A 236565
   4341.56763 10.436 10.489 10.473 10.408 10.405    0.033 0.046 0.038 0.036 0.041  A 236899
   4343.56937 10.519 10.503 10.550 10.498 10.483    0.068 0.058 0.067 0.072 0.075  D 237254
   4345.58570 10.371 10.379 10.393 10.403 10.410    0.041 0.057 0.042 0.046 0.051  A 237586
   4347.58349 10.440 10.413 10.442 10.444 10.458    0.038 0.050 0.038 0.041 0.044  A 237937
   4349.58132 10.446 10.449 10.465 10.442 10.443    0.055 0.060 0.051 0.060 0.067  B 238273
   4351.58225 10.476 10.464 10.483 10.467 10.472    0.042 0.052 0.043 0.050 0.060  A 238579
   4354.56468 10.515 10.502 10.510 10.516 10.517    0.029 0.038 0.034 0.031 0.035  A 238973
   4365.53272 10.564 10.585 10.583 10.550 10.558    0.039 0.041 0.045 0.042 0.047  A 240613
   4369.50574 10.555 10.566 10.563 10.573 10.572    0.039 0.042 0.041 0.047 0.056  A 241097
   4371.52289 10.558 10.635 10.570 10.534 10.547    0.041 0.055 0.042 0.045 0.051  A 241432
   4375.51171 29.999 29.999 29.999 29.999 29.999    0.031 0.047 0.038 0.034 0.039  C 241916
   4377.52014 10.546 10.509 10.560 10.530 10.528    0.033 0.057 0.038 0.036 0.041  A 242231
   4380.50750 10.465 10.488 10.472 10.453 10.468    0.039 0.044 0.039 0.043 0.048  A 242677
   4383.49958 29.999 29.999 29.999 29.999 29.999    0.030 0.040 0.034 0.032 0.037  C 243133
   4488.87006 10.526 10.538 10.535 10.531 10.529    0.065 0.047 0.056 0.078 0.084  D 254023
   4492.88060 10.566 10.523 10.585 10.579 10.580    0.035 0.036 0.036 0.040 0.047  A 254485
   4506.85973 10.546 10.479 10.549 10.545 10.540    0.038 0.047 0.040 0.042 0.045  A 256066
   4510.86123 10.484 10.532 10.501 10.470 10.491    0.057 0.064 0.054 0.069 0.079  B 256623
   4517.88000 10.493 10.520 10.493 10.495 10.537    0.043 0.042 0.043 0.050 0.059  A 257338
   4521.84428 10.430 10.380 10.437 10.437 10.453    0.033 0.041 0.037 0.037 0.041  A 257915
   4527.84975 10.375 10.390 10.385 10.375 10.387    0.030 0.039 0.034 0.033 0.037  A 258800
   4531.83655 10.378 10.360 10.382 10.383 10.390    0.031 0.039 0.033 0.034 0.039  A 259394
   4535.89636 10.364 10.393 10.387 10.365 10.378    0.031 0.038 0.036 0.034 0.039  A 259855
   4539.83222 10.335 10.325 10.342 10.343 10.384    0.053 0.053 0.050 0.064 0.075  B 260436
   4542.85830 10.399 10.428 10.427 10.384 10.382    0.034 0.062 0.040 0.038 0.044  A 260893
   4545.84933 10.400 10.465 10.436 10.378 10.372    0.046 0.062 0.046 0.055 0.064  A 261340
   4554.87308 10.484 10.454 10.476 10.477 10.494    0.045 0.052 0.046 0.051 0.060  A 262618
   4557.81093 10.469 10.497 10.495 10.447 10.441    0.030 0.050 0.036 0.034 0.039  A 263083
   4560.80717 10.408 10.369 10.396 10.421 10.427    0.034 0.051 0.040 0.037 0.040  A 263580
   4563.80189 10.429 10.436 10.459 10.420 10.426    0.033 0.054 0.039 0.037 0.040  A 264077
   4566.79018 10.297 10.234 10.286 10.310 10.316    0.040 0.069 0.045 0.042 0.047  A 264577
   4569.78979 29.999 29.999 29.999 29.999 29.999    0.029 0.033 0.033 0.033 0.037  C 265040
   4571.83305 10.293 10.291 10.299 10.293 10.298    0.031 0.037 0.037 0.034 0.038  A 265399
   4573.78833 10.255 10.205 10.252 10.257 10.271    0.040 0.064 0.044 0.045 0.052  A 265730
