#ndata= 305
#dataset= 1 ; 1 F1600+00_363
#desig= 161116+0056.9
#cra=   16.187873  16:11:16.3
#cdec=   0.948318 00:56:53.9
#class= 0
#cmag_0= 12.503
#cmer_0=  0.000
#nskip_0= 0
#cmag_1= 12.575
#cmer_1=  0.000
#nskip_1= 0
#cmag_2= 12.580
#cmer_2=  0.000
#nskip_2= 0
#cmag_3= 12.606
#cmer_3=  0.000
#nskip_3= 0
#cmag_4= 12.667
#cmer_4=  0.000
#nskip_4= 0
#ra=   16.187873  16:11:16.3
#dec=   0.948318 00:56:53.9
#     HJD      MAG_0  MAG_1  MAG_2  MAG_3  MAG_4    MER_0 MER_1 MER_2 MER_3 MER_4 GRADE FRAME
   2018.74288 12.504 12.576 12.580 12.606 12.668    0.083 0.081 0.094 0.119 0.116  D 16248
   2755.92081 29.999 29.999 29.999 29.999 29.999    0.023 0.031 0.021 0.024 0.026  C 52578
   2854.51157 29.999 29.999 29.999 29.999 29.999    0.023 0.027 0.020 0.022 0.023  C 65831
   3066.88857 29.999 29.999 29.999 29.999 29.999    0.027 0.035 0.027 0.029 0.032  C 92988
   3172.72415 29.999 29.999 29.999 29.999 29.999    0.080 0.100 0.115 0.124 0.133  D 106302
   4232.75271 29.999 29.999 29.999 29.999 29.999    0.042 0.046 0.047 0.051 0.054  C 224070
   4281.61754 29.999 29.999 29.999 29.999 29.999    0.084 0.065 0.070 0.090 0.105  D 229319
   4285.62135 29.999 29.999 29.999 29.999 29.999    0.071 0.051 0.047 0.054 0.059  C 229975
#dataset= 1 ; 2 F1600+00_363
#desig= 161115+0056.9
#cra=   16.187549  16:11:15.2
#cdec=   0.949109 00:56:56.8
#class= 0
#cmag_0= 12.636
#cmer_0=  0.098
#nskip_0= 2
#cmag_1= 12.641
#cmer_1=  0.109
#nskip_1= 1
#cmag_2= 12.647
#cmer_2=  0.110
#nskip_2= 4
#cmag_3= 12.653
#cmer_3=  0.131
#nskip_3= 4
#cmag_4= 12.661
#cmer_4=  0.151
#nskip_4= 5
#ra=   16.187549  16:11:15.2
#dec=   0.949109 00:56:56.8
#     HJD      MAG_0  MAG_1  MAG_2  MAG_3  MAG_4    MER_0 MER_1 MER_2 MER_3 MER_4 GRADE FRAME
   1930.88030 12.491 12.505 12.564 12.576 12.557    0.036 0.033 0.031 0.036 0.042  A 7198
   1933.87016 12.568 12.613 12.655 12.660 12.628    0.037 0.030 0.026 0.030 0.033  A 7691
   1936.87496 12.515 12.493 12.515 12.519 12.529    0.049 0.044 0.039 0.042 0.045  A 8091
   1962.81376 12.802 12.888 12.850 12.902 12.977    0.066 0.067 0.060 0.063 0.065  B 10705
   1979.77370 12.426 12.592 12.683 12.734 12.790    0.075 0.075 0.072 0.077 0.077  D 12284
   1994.73786 12.802 12.733 12.649 12.671 12.660    0.055 0.053 0.046 0.050 0.048  B 13488
   2040.69176 12.584 12.575 12.570 12.544 12.458    0.053 0.039 0.038 0.043 0.050  A 19482
   2130.53118 12.434 12.426 12.426 12.460 12.456    0.038 0.026 0.025 0.028 0.030  A 28323
   2132.52273 12.487 12.510 12.520 12.529 12.588    0.038 0.024 0.025 0.025 0.026  A 28737
   2134.53056 12.466 12.446 12.454 12.457 12.443    0.047 0.026 0.025 0.027 0.030  A 29168
   2136.54027 12.485 12.522 12.529 12.534 12.532    0.053 0.030 0.026 0.028 0.029  A 29597
   2158.49273 12.840 12.787 12.792 12.813 12.729    0.048 0.028 0.025 0.028 0.031  A 31801
   2508.49875 12.582 12.627 12.648 12.637 12.631    0.028 0.032 0.025 0.027 0.030  A 16734
   2509.55016 12.700 12.729 12.778 12.902 12.947    0.036 0.031 0.030 0.034 0.040  A 16889
   2520.50852 12.531 12.488 12.522 12.524 12.537    0.026 0.027 0.019 0.019 0.021  A 18148
   2521.52539 12.510 12.531 12.511 12.511 12.492    0.030 0.022 0.018 0.019 0.020  A 18351
   2663.87261 12.493 12.481 12.455 12.400 12.392    0.031 0.033 0.033 0.038 0.044  A 36551
   2673.87528 12.691 12.711 12.768 12.817 12.827    0.028 0.033 0.027 0.028 0.030  A 38196
   2677.85920 12.657 12.585 12.565 12.572 12.612    0.036 0.029 0.030 0.035 0.040  A 38900
   2681.85946 12.723 12.695 12.679 12.676 12.675    0.028 0.028 0.024 0.025 0.028  A 39552
   2690.84702 12.865 12.998 13.053 13.014 13.098    0.036 0.034 0.036 0.044 0.051  A 41182
   2699.84881 12.791 12.773 12.831 12.867 12.927    0.026 0.024 0.024 0.028 0.032  A 42792
   2702.86615 12.627 12.633 12.598 12.609 12.628    0.025 0.021 0.019 0.022 0.024  A 43370
   2707.84432 12.666 12.825 12.969 12.982 13.034    0.037 0.037 0.040 0.047 0.060  A 44295
   2709.85927 12.558 12.561 12.600 12.636 12.640    0.023 0.023 0.020 0.023 0.024  A 44664
   2711.84578 12.647 12.595 12.573 12.569 12.583    0.030 0.028 0.026 0.028 0.032  A 45030
   2713.82859 12.558 12.535 12.521 12.511 12.539    0.031 0.022 0.020 0.023 0.026  A 45399
   2715.81860 12.685 12.632 12.647 12.645 12.591    0.025 0.023 0.023 0.026 0.030  A 45769
   2721.86726 12.517 12.424 12.535 12.590 12.639    0.046 0.066 0.045 0.046 0.049  B 46579
   2723.79738 12.583 12.628 12.593 12.606 12.568    0.028 0.032 0.025 0.028 0.030  A 46934
   2731.88944 12.574 12.614 12.590 12.585 12.576    0.029 0.023 0.021 0.021 0.023  A 48433
   2734.74985 12.649 12.597 12.571 12.547 12.508    0.022 0.022 0.019 0.020 0.021  A 48873
   2736.75675 12.501 12.567 12.578 12.577 12.557    0.027 0.037 0.025 0.026 0.029  A 49266
   2740.77572 12.610 12.583 12.594 12.610 12.652    0.025 0.022 0.019 0.020 0.022  A 50012
   2742.74672 12.512 12.403 12.470 12.504 12.509    0.034 0.048 0.037 0.040 0.041  A 50403
   2749.80391 12.713 12.758 12.743 12.693 12.614    0.034 0.036 0.026 0.029 0.032  A 51517
   2754.73157 12.700 12.649 12.671 12.698 12.682    0.035 0.019 0.019 0.021 0.022  A 52282
   2757.74187 12.755 12.745 12.637 12.638 12.644    0.035 0.022 0.018 0.019 0.022  A 52919
   2759.77520 12.751 12.734 12.733 12.734 12.749    0.028 0.029 0.025 0.023 0.024  A 53277
   2761.71703 12.624 12.663 12.655 12.666 12.679    0.026 0.022 0.020 0.022 0.024  A 53663
   2763.70437 12.730 12.723 12.725 12.719 12.695    0.047 0.022 0.019 0.021 0.023  A 54053
   2766.79989 12.723 12.669 12.689 12.720 12.734    0.031 0.022 0.020 0.022 0.024  A 54593
   2770.70103 12.710 12.710 12.758 12.791 12.759    0.039 0.024 0.020 0.021 0.023  A 54881
   2782.70595 12.715 12.803 12.787 12.738 12.716    0.033 0.029 0.024 0.026 0.027  A 55742
   2784.67719 12.734 12.699 12.663 12.629 12.604    0.025 0.028 0.021 0.024 0.026  A 56148
   2785.80797 12.667 12.667 12.680 12.704 12.739    0.034 0.031 0.022 0.025 0.028  A 56420
   2787.74456 12.692 12.720 12.711 12.714 12.727    0.026 0.026 0.019 0.022 0.025  A 56839
   2791.60066 12.715 12.745 12.757 12.745 12.775    0.027 0.025 0.024 0.027 0.030  A 57532
   2794.65878 12.635 12.580 12.600 12.611 12.620    0.030 0.029 0.023 0.023 0.025  A 58075
   2808.65414 12.656 12.678 12.689 12.708 12.720    0.024 0.030 0.020 0.022 0.024  A 59312
   2810.60664 12.587 12.588 12.586 12.586 12.624    0.026 0.031 0.021 0.022 0.024  A 59719
   2811.77553 12.473 12.444 12.462 12.515 12.549    0.031 0.027 0.029 0.034 0.040  A 60013
   2813.68517 12.612 12.635 12.653 12.676 12.685    0.030 0.023 0.019 0.019 0.022  A 60431
   2821.54632 12.630 12.631 12.651 12.665 12.653    0.027 0.028 0.022 0.025 0.029  A 61697
   2826.57580 12.637 12.643 12.608 12.632 12.661    0.022 0.025 0.018 0.020 0.022  A 62006
   2831.56992 12.634 12.619 12.652 12.659 12.614    0.026 0.025 0.021 0.025 0.029  A 62701
   2832.68357 12.687 12.718 12.707 12.657 12.621    0.030 0.028 0.025 0.030 0.035  A 62979
   2834.58383 12.666 12.691 12.676 12.665 12.697    0.026 0.026 0.023 0.027 0.031  A 63316
   2835.67897 12.686 12.674 12.708 12.699 12.722    0.030 0.029 0.025 0.029 0.033  A 63553
   2838.66929 12.654 12.681 12.710 12.759 12.792    0.027 0.028 0.025 0.028 0.030  A 63913
   2843.58759 12.665 12.743 12.751 12.742 12.729    0.035 0.035 0.032 0.036 0.040  A 64887
   2851.59143 12.589 12.546 12.583 12.614 12.624    0.026 0.028 0.026 0.033 0.039  A 65421
   2858.54033 12.576 12.612 12.612 12.627 12.643    0.030 0.032 0.024 0.029 0.029  A 66282
   2859.60845 12.607 12.594 12.540 12.512 12.458    0.028 0.028 0.024 0.027 0.030  A 66530
   2861.60041 12.637 12.669 12.724 12.762 12.753    0.028 0.027 0.023 0.027 0.031  A 66954
   2866.47939 12.627 12.656 12.615 12.632 12.642    0.028 0.026 0.021 0.023 0.024  A 67493
   2868.50793 12.606 12.576 12.561 12.574 12.616    0.042 0.042 0.039 0.041 0.044  A 67921
   2875.56321 12.661 12.626 12.633 12.658 12.636    0.026 0.021 0.018 0.019 0.021  A 68521
   2877.55715 12.695 12.687 12.674 12.680 12.734    0.032 0.021 0.019 0.021 0.023  A 68916
   2879.55505 12.600 12.619 12.618 12.612 12.608    0.021 0.022 0.018 0.021 0.022  A 69221
   2886.48405 12.640 12.645 12.650 12.657 12.728    0.029 0.026 0.023 0.025 0.029  A 70172
   2892.50458 12.670 12.671 12.673 12.731 12.805    0.052 0.034 0.028 0.031 0.036  A 70630
   2894.53357 12.635 12.624 12.622 12.617 12.601    0.031 0.027 0.025 0.028 0.032  A 71035
   2897.50903 12.591 12.575 12.610 12.616 12.669    0.038 0.035 0.030 0.033 0.036  A 71619
   2901.50254 12.576 12.586 12.594 12.576 12.578    0.036 0.038 0.036 0.042 0.047  A 72364
   2905.49662 12.557 12.543 12.567 12.580 12.587    0.025 0.025 0.021 0.022 0.024  A 72922
   2909.48797 12.551 12.599 12.589 12.587 12.573    0.039 0.042 0.034 0.037 0.039  A 73542
   3036.87711 12.821 12.771 12.729 12.755 12.906    0.048 0.049 0.054 0.059 0.063  B 89446
   3053.86098 12.439 12.422 12.407 12.351 12.366    0.057 0.051 0.052 0.056 0.060  B 91346
   3057.88510 12.550 12.560 12.534 12.495 12.500    0.041 0.026 0.026 0.029 0.033  A 91902
   3061.89350 12.558 12.550 12.642 12.743 12.808    0.030 0.033 0.031 0.038 0.045  A 92427
   3069.86886 12.489 12.480 12.507 12.545 12.604    0.040 0.029 0.028 0.035 0.041  A 93420
   3072.85451 12.562 12.465 12.545 12.658 12.715    0.032 0.034 0.029 0.032 0.037  A 93808
   3077.89780 12.862 12.841 12.773 12.735 12.741    0.048 0.066 0.068 0.072 0.076  B 94512
   3080.84745 12.729 12.742 12.711 12.709 12.760    0.035 0.037 0.032 0.034 0.038  A 94931
   3085.87287 12.763 12.903 12.975 13.077 13.166    0.038 0.037 0.035 0.041 0.046  A 95381
   3088.81813 12.702 12.728 12.720 12.746 12.700    0.037 0.032 0.030 0.034 0.039  A 95826
   3091.80568 12.712 12.723 12.755 12.770 12.776    0.028 0.033 0.029 0.033 0.038  A 96276
   3096.84672 12.748 12.696 12.702 12.681 12.619    0.040 0.029 0.029 0.034 0.040  A 96721
   3098.82043 12.724 12.698 12.634 12.584 12.586    0.038 0.027 0.027 0.031 0.036  A 97032
   3100.82483 12.690 12.621 12.639 12.617 12.613    0.040 0.029 0.028 0.034 0.041  A 97332
   3104.82302 12.697 12.753 12.742 12.679 12.590    0.031 0.029 0.027 0.030 0.034  A 97971
   3106.82160 12.707 12.626 12.635 12.606 12.683    0.037 0.032 0.032 0.038 0.045  A 98285
   3108.85403 12.627 12.671 12.649 12.593 12.564    0.028 0.024 0.022 0.026 0.030  A 98609
   3111.75778 12.728 12.697 12.695 12.668 12.632    0.027 0.032 0.029 0.034 0.040  A 99043
   3113.83111 12.615 12.599 12.593 12.565 12.538    0.036 0.024 0.025 0.028 0.033  A 99390
   3116.73943 12.675 12.613 12.599 12.550 12.531    0.038 0.040 0.035 0.037 0.040  A 99851
   3121.76855 12.736 12.772 12.809 12.856 99.999    0.029 0.029 0.027 0.030 0.034  C 100133
   3125.73215 12.682 12.711 12.710 12.664 12.612    0.029 0.028 0.028 0.032 0.038  A 100748
   3131.74609 12.722 12.636 12.597 12.562 12.546    0.031 0.030 0.029 0.034 0.040  A 101685
   3133.74915 12.554 12.589 12.576 12.606 12.600    0.029 0.027 0.024 0.027 0.031  A 102020
   3144.78983 12.592 12.569 12.578 12.623 12.683    0.024 0.026 0.021 0.024 0.026  A 103322
   3153.67893 12.706 12.715 12.698 12.667 12.641    0.029 0.032 0.029 0.033 0.038  A 103775
   3159.67432 12.474 12.384 12.472 12.583 12.844    0.051 0.045 0.052 0.064 0.078  B 104578
   3162.68295 12.551 12.488 12.500 12.497 12.528    0.029 0.031 0.025 0.029 0.033  A 104860
   3164.69209 12.565 12.577 12.552 12.541 12.563    0.023 0.025 0.022 0.025 0.028  A 105215
   3167.70371 12.612 12.526 12.466 12.432 12.421    0.036 0.038 0.041 0.044 0.047  A 105607
   3169.69129 12.735 12.689 12.663 12.635 12.598    0.026 0.026 0.023 0.026 0.031  A 105942
   3176.58591 12.645 12.622 12.655 12.655 12.698    0.030 0.033 0.027 0.030 0.034  A 106744
   3178.72074 12.757 12.753 12.712 12.748 12.735    0.032 0.034 0.033 0.039 0.045  A 107080
   3182.57628 12.739 12.758 12.758 12.757 12.763    0.037 0.034 0.032 0.036 0.040  A 107479
   3186.59655 12.711 12.824 12.842 12.846 12.863    0.029 0.029 0.029 0.034 0.039  A 108089
   3189.62311 12.721 12.655 12.589 12.517 12.493    0.044 0.053 0.061 0.066 0.070  B 108422
   3268.48959 12.604 12.612 12.656 12.692 12.745    0.030 0.027 0.023 0.025 0.028  A 115445
   3273.48363 12.718 12.708 12.678 12.595 12.444    0.038 0.034 0.033 0.040 0.046  A 116157
   3278.48216 12.587 12.569 12.570 12.564 12.567    0.037 0.033 0.031 0.037 0.044  A 116794
   3406.87003 12.712 12.766 12.789 12.804 12.811    0.033 0.026 0.027 0.031 0.035  A 128805
   3410.87125 12.704 12.686 12.652 12.632 12.597    0.037 0.026 0.026 0.029 0.035  A 129421
   3414.86321 12.641 12.596 12.579 12.574 12.566    0.038 0.030 0.030 0.036 0.042  A 130028
   3418.86158 12.603 12.563 12.539 12.547 12.536    0.041 0.029 0.032 0.037 0.042  A 130658
   3422.84741 12.702 12.768 12.824 12.813 12.746    0.044 0.038 0.040 0.047 0.054  A 131287
   3425.89765 12.594 12.687 12.712 12.753 12.753    0.063 0.047 0.052 0.058 0.065  B 131771
   3433.83245 12.616 12.607 12.574 12.539 12.521    0.036 0.028 0.029 0.034 0.039  A 132753
   3438.86443 12.704 12.683 12.725 12.774 12.796    0.031 0.024 0.023 0.027 0.029  A 133253
   3442.86185 12.747 12.807 12.838 12.867 12.942    0.038 0.026 0.025 0.028 0.032  A 133667
   3445.82977 12.726 12.720 12.769 12.826 12.821    0.041 0.025 0.023 0.027 0.030  A 134173
   3448.83474 12.788 12.799 12.816 12.843 12.901    0.036 0.031 0.033 0.041 0.045  A 134971
   3453.80044 12.789 12.829 12.898 13.000 13.200    0.033 0.027 0.031 0.039 0.046  A 135703
   3455.79854 12.702 12.651 12.624 12.593 12.620    0.038 0.029 0.033 0.040 0.049  A 136063
   3459.84690 12.586 12.580 12.540 12.510 12.495    0.026 0.023 0.023 0.028 0.035  A 136788
   3462.80446 12.740 12.701 12.729 12.768 12.843    0.038 0.029 0.028 0.032 0.037  A 137228
   3464.84279 12.745 12.723 12.746 12.809 12.835    0.040 0.028 0.025 0.027 0.031  A 137564
   3467.78698 12.758 12.741 12.707 12.639 12.619    0.060 0.033 0.029 0.032 0.036  A 137973
   3470.76607 12.680 12.674 12.658 12.654 12.653    0.029 0.022 0.021 0.024 0.028  A 138447
   3473.76724 12.709 12.708 12.697 12.633 12.571    0.053 0.045 0.046 0.050 0.053  A 138921
   3476.75912 12.766 12.788 12.816 12.848 12.966    0.046 0.026 0.030 0.037 0.044  A 139414
   3478.77349 12.695 12.684 12.707 12.727 12.748    0.035 0.027 0.030 0.034 0.038  A 139767
   3482.76696 12.675 12.700 12.684 12.637 12.622    0.063 0.038 0.037 0.042 0.046  A 140366
   3487.77412 12.649 12.704 12.751 12.828 12.874    0.034 0.030 0.031 0.037 0.042  A 140819
   3490.77361 12.651 12.613 12.565 12.471 12.372    0.049 0.032 0.034 0.039 0.046  A 141183
   3492.77221 12.581 12.627 12.652 12.665 12.724    0.079 0.043 0.039 0.042 0.047  B 141521
   3496.76876 12.552 12.554 12.607 12.640 12.638    0.035 0.028 0.025 0.027 0.031  A 141799
   3502.69020 12.650 12.665 12.715 12.794 12.804    0.039 0.031 0.032 0.036 0.043  A 142643
   3504.71716 12.585 12.572 12.586 12.599 12.644    0.043 0.033 0.032 0.036 0.042  A 143009
   3508.71894 12.602 12.617 12.671 12.712 12.780    0.030 0.027 0.023 0.026 0.030  A 143267
   3510.77337 12.612 12.584 12.605 12.585 12.655    0.042 0.028 0.024 0.027 0.032  A 143527
   3515.68776 12.743 12.805 12.820 12.850 12.920    0.039 0.034 0.035 0.041 0.049  A 144062
   3517.68796 99.999 99.999 99.999 99.999 99.999    0.055 0.066 0.035 0.032 0.037  C 144358
   3521.66819 12.578 12.627 12.652 12.661 12.657    0.071 0.042 0.041 0.057 0.058  B 144849
   3523.67276 12.803 12.775 12.784 12.805 12.833    0.066 0.042 0.040 0.043 0.047  A 145205
   3525.70005 12.685 12.674 12.670 12.719 12.774    0.044 0.029 0.028 0.031 0.034  A 145513
   3529.77254 12.569 12.633 12.660 12.663 12.700    0.089 0.048 0.044 0.047 0.050  B 146239
   3537.73894 12.679 12.657 12.686 12.741 12.734    0.064 0.044 0.042 0.046 0.053  A 146745
   3544.57170 12.517 12.516 12.497 12.486 12.463    0.056 0.034 0.034 0.039 0.044  A 147695
   3547.65651 12.573 12.599 12.618 12.630 12.605    0.065 0.036 0.031 0.033 0.036  A 148040
   3551.65908 12.619 12.532 12.436 12.308 12.261    0.076 0.052 0.057 0.070 0.082  D 148315
   3554.63820 12.597 12.599 12.602 12.585 12.548    0.041 0.028 0.023 0.026 0.028  A 148755
   3560.57052 12.662 12.645 12.645 12.674 12.715    0.078 0.038 0.034 0.036 0.039  B 149539
   3562.55710 12.760 12.668 12.635 12.607 12.574    0.059 0.038 0.036 0.039 0.042  A 149887
   3564.55688 12.623 12.606 12.608 12.591 12.562    0.028 0.023 0.022 0.025 0.029  A 150224
   3569.61809 12.564 12.490 12.471 12.427 12.377    0.040 0.031 0.027 0.031 0.035  A 150565
   3571.65657 12.557 12.518 12.494 12.464 12.458    0.033 0.030 0.029 0.033 0.039  A 150914
   3574.66131 12.520 12.530 12.531 12.535 12.503    0.034 0.031 0.028 0.033 0.036  A 151293
   3577.56133 12.507 12.604 12.597 12.575 12.578    0.057 0.032 0.026 0.028 0.030  A 151777
   3583.60391 12.406 12.451 12.404 12.344 12.319    0.083 0.044 0.040 0.043 0.048  B 152823
   3585.65163 12.556 12.551 12.536 12.511 12.537    0.088 0.044 0.040 0.043 0.045  B 153186
   3588.52036 12.573 12.585 12.587 12.592 12.565    0.040 0.029 0.028 0.031 0.036  A 153625
   3591.48666 12.780 12.806 12.802 12.820 12.854    0.069 0.040 0.035 0.038 0.041  A 154140
   3593.51899 12.554 12.611 12.608 12.623 12.631    0.058 0.028 0.025 0.027 0.031  A 154501
   3597.53083 29.999 29.999 29.999 29.999 29.999    0.082 0.082 0.095 0.119 0.141  D 155100
   3601.52454 12.720 12.674 12.680 12.642 12.687    0.078 0.041 0.036 0.041 0.045  B 155522
   3603.53893 12.618 12.538 12.506 12.464 12.452    0.036 0.027 0.026 0.031 0.035  A 155850
   3606.54680 12.748 12.775 12.791 12.801 12.849    0.051 0.041 0.038 0.042 0.046  A 156167
   3616.55859 13.047 13.089 13.133 13.187 13.201    0.040 0.041 0.042 0.047 0.052  A 157033
   3619.51187 12.694 12.718 12.743 12.750 12.720    0.062 0.036 0.033 0.035 0.039  A 157394
   3628.50741 12.648 12.668 12.642 12.608 12.561    0.029 0.029 0.027 0.033 0.037  A 158410
   3631.49343 12.624 12.580 12.589 12.593 12.518    0.038 0.032 0.032 0.038 0.046  A 158906
   3634.48478 12.579 12.592 12.600 12.593 12.607    0.042 0.035 0.039 0.044 0.048  A 159327
   3641.48478 12.644 12.632 12.689 12.717 12.740    0.058 0.035 0.031 0.035 0.039  A 160126
   3761.87897 12.726 12.706 12.717 12.734 12.734    0.042 0.032 0.036 0.045 0.054  A 175817
   3773.88330 12.655 12.704 12.714 12.696 12.714    0.034 0.034 0.037 0.045 0.053  A 177442
   3789.86840 12.576 12.558 12.564 12.580 12.603    0.044 0.027 0.031 0.036 0.041  A 179188
   3793.84648 12.621 12.610 12.613 12.626 12.642    0.047 0.033 0.033 0.038 0.044  A 179762
   3797.84491 12.556 12.527 12.517 12.498 12.441    0.034 0.028 0.029 0.033 0.037  A 180329
   3802.83597 12.632 12.634 12.677 12.724 12.638    0.036 0.030 0.034 0.042 0.049  A 180951
   3805.86259 12.500 12.460 12.464 12.443 12.422    0.045 0.031 0.029 0.033 0.037  A 181383
   3808.85443 12.521 12.576 12.559 12.581 12.638    0.048 0.043 0.041 0.045 0.050  A 181732
   3811.86229 12.549 12.520 12.480 12.448 12.412    0.079 0.045 0.045 0.053 0.062  B 182213
   3815.88963 12.855 12.986 99.999 99.999 99.999    0.068 0.045 0.049 0.060 0.072  C 182855
   3818.82364 12.651 12.680 12.705 12.716 12.719    0.033 0.026 0.028 0.034 0.040  A 183317
   3821.80937 12.607 12.657 12.684 12.742 12.854    0.050 0.032 0.035 0.042 0.050  A 183793
   3824.80039 12.692 12.638 12.580 12.524 12.482    0.047 0.031 0.032 0.037 0.043  A 184286
   3827.79541 12.678 12.745 12.762 12.782 12.853    0.041 0.027 0.027 0.031 0.034  A 184792
   3830.78535 12.623 12.607 12.581 12.576 12.607    0.093 0.048 0.042 0.045 0.048  B 185292
   3833.76908 12.471 12.448 12.387 12.271 12.096    0.035 0.032 0.035 0.044 0.054  A 185814
   3835.80121 12.348 12.223 12.129 12.049 11.966    0.061 0.058 0.070 0.088 0.108  D 186164
   3837.80842 12.579 12.576 12.529 12.526 12.580    0.044 0.032 0.035 0.042 0.047  A 186504
   3847.87085 12.608 12.504 12.406 12.354 12.394    0.070 0.045 0.048 0.054 0.063  B 186815
   3849.80376 12.709 12.730 12.715 12.666 12.596    0.046 0.032 0.030 0.034 0.037  A 187150
   3852.72846 12.801 12.767 12.759 12.763 12.776    0.034 0.024 0.024 0.028 0.032  A 187636
   3856.80140 12.623 12.649 12.715 12.785 12.862    0.092 0.051 0.049 0.052 0.057  B 188288
   3859.70610 12.724 12.770 12.795 12.768 12.762    0.056 0.032 0.029 0.033 0.036  A 188690
   3861.73924 12.695 12.688 12.645 12.615 12.611    0.044 0.027 0.025 0.029 0.033  A 189048
   3863.73895 12.658 12.620 12.616 12.635 12.694    0.049 0.031 0.028 0.030 0.034  A 189384
   3865.72591 12.606 12.657 12.631 12.580 12.546    0.051 0.030 0.029 0.033 0.037  A 189731
   3869.72796 12.451 12.511 12.556 12.557 12.577    0.040 0.034 0.039 0.048 0.059  A 190399
   3871.72211 12.672 12.720 12.762 12.826 12.935    0.084 0.042 0.035 0.039 0.042  B 190768
   3874.81369 12.557 12.565 12.549 12.511 12.467    0.051 0.029 0.027 0.030 0.033  A 191075
   3877.65951 12.567 12.544 12.513 12.474 12.468    0.045 0.028 0.026 0.029 0.032  A 191495
   3880.69214 12.512 12.506 12.493 12.478 12.481    0.028 0.025 0.023 0.025 0.030  A 191822
   3882.72315 12.580 12.511 12.519 12.574 12.563    0.058 0.032 0.031 0.033 0.034  A 192120
   3886.72540 12.508 12.496 12.514 12.552 12.544    0.032 0.026 0.025 0.028 0.031  A 192499
   3890.70988 12.427 12.419 12.391 12.326 12.150    0.068 0.047 0.048 0.054 0.062  B 193203
   3892.67123 12.468 12.489 12.528 12.495 12.446    0.058 0.044 0.046 0.054 0.063  A 193535
   3897.65308 12.477 12.459 12.441 12.451 99.999    0.062 0.039 0.038 0.044 0.052  C 194202
   3899.65806 12.429 12.559 12.627 12.581 12.466    0.065 0.048 0.050 0.063 0.073  B 194526
   3901.70126 12.590 12.526 12.531 12.582 12.560    0.067 0.037 0.034 0.039 0.043  A 194866
   3903.71836 12.679 12.641 12.632 12.656 12.703    0.057 0.033 0.028 0.031 0.035  A 195248
   3905.70478 12.581 12.594 12.600 12.614 12.600    0.060 0.034 0.031 0.033 0.036  A 195620
   3907.71260 12.652 12.658 12.658 12.638 12.569    0.073 0.037 0.031 0.032 0.036  A 196010
   3983.53187 12.616 12.637 12.725 12.771 12.802    0.074 0.046 0.046 0.055 0.064  B 203584
   4133.87277 12.819 12.742 12.684 12.667 12.676    0.046 0.045 0.051 0.059 0.067  B 212666
   4151.87241 12.420 12.458 12.494 12.556 12.656    0.051 0.032 0.034 0.040 0.046  A 215044
   4155.87117 12.542 12.644 12.622 12.610 12.628    0.109 0.055 0.034 0.034 0.038  D 215642
   4158.87842 12.607 12.684 12.799 12.944 13.014    0.036 0.030 0.033 0.038 0.044  A 216070
   4162.84807 12.694 12.711 12.688 12.690 12.729    0.043 0.036 0.040 0.048 0.060  A 216697
   4166.84643 12.563 12.528 12.585 12.661 12.793    0.079 0.078 0.085 0.090 0.096  D 217219
   4174.82670 12.502 12.500 12.525 12.553 12.669    0.072 0.058 0.060 0.066 0.070  B 218292
   4177.83837 12.471 12.473 12.488 12.447 12.454    0.052 0.040 0.037 0.042 0.048  A 218674
   4180.82983 29.999 29.999 29.999 29.999 29.999    0.044 0.044 0.046 0.054 0.063  C 219052
   4183.81805 12.573 12.579 12.611 12.635 12.721    0.045 0.037 0.037 0.045 0.053  A 219465
   4186.84762 12.523 12.503 12.536 12.530 12.477    0.040 0.039 0.039 0.043 0.047  A 219829
   4189.79928 12.547 12.642 12.647 12.619 12.539    0.036 0.035 0.032 0.035 0.039  A 220139
   4191.81891 12.507 12.588 12.569 12.574 12.606    0.036 0.034 0.032 0.037 0.041  A 220468
   4193.80816 29.999 29.999 29.999 29.999 29.999    0.034 0.032 0.031 0.036 0.042  C 220790
   4197.82647 12.698 12.583 12.560 12.504 12.502    0.073 0.071 0.054 0.061 0.072  D 221264
   4200.79214 12.615 12.601 12.575 12.554 12.513    0.034 0.032 0.029 0.032 0.036  A 221537
   4203.81273 12.705 12.747 12.756 12.797 12.805    0.048 0.034 0.029 0.031 0.035  A 221840
   4205.78953 12.834 12.827 12.872 12.846 12.885    0.044 0.034 0.033 0.038 0.044  A 222161
   4208.87585 12.806 12.766 12.938 13.258 13.421    0.058 0.057 0.062 0.068 0.077  B 222414
   4212.88460 29.999 29.999 29.999 29.999 29.999    0.041 0.044 0.047 0.056 0.068  C 222500
   4215.84382 13.078 13.000 12.930 12.876 12.856    0.043 0.038 0.031 0.035 0.040  A 222755
   4230.75437 12.754 12.761 12.782 12.817 12.833    0.054 0.048 0.033 0.035 0.038  A 223727
   4234.75213 12.706 12.658 12.665 12.692 12.754    0.044 0.031 0.029 0.033 0.039  A 224438
   4246.68256 12.636 12.690 12.714 12.748 99.999    0.036 0.032 0.030 0.034 0.037  C 226234
   4253.66696 12.680 12.679 12.678 12.683 12.648    0.048 0.040 0.034 0.038 0.042  A 226856
   4255.69995 12.592 12.664 12.664 12.666 12.641    0.033 0.029 0.025 0.029 0.033  A 227095
   4257.70159 12.609 12.623 12.681 12.700 12.707    0.050 0.049 0.052 0.061 0.071  B 227442
   4267.62759 12.588 12.539 12.456 12.441 12.433    0.087 0.097 0.125 0.161 0.180  D 227847
   4269.65917 12.589 12.492 12.527 12.569 12.587    0.046 0.048 0.052 0.059 0.064  B 228161
   4272.61666 12.887 12.877 12.888 12.875 12.875    0.045 0.037 0.031 0.033 0.035  A 228372
   4274.62868 12.634 12.660 12.634 12.655 12.651    0.042 0.037 0.030 0.031 0.034  A 228687
   4283.62449 12.513 12.570 12.579 12.563 12.576    0.075 0.045 0.043 0.047 0.052  B 229632
   4289.62245 12.753 12.814 12.928 13.011 12.977    0.054 0.047 0.043 0.046 0.051  A 230330
   4291.62616 12.733 12.745 12.767 12.814 12.846    0.049 0.050 0.055 0.066 0.073  B 230682
   4293.61574 12.658 12.696 12.647 12.626 12.615    0.068 0.064 0.062 0.064 0.065  B 231045
   4295.62822 12.663 12.654 12.674 12.669 12.647    0.052 0.033 0.026 0.029 0.033  A 231389
   4297.62285 12.638 12.640 12.655 12.685 12.693    0.060 0.043 0.038 0.043 0.050  A 231738
   4299.58928 12.673 12.691 12.699 12.706 12.745    0.054 0.034 0.029 0.032 0.036  A 232101
   4301.55615 12.673 12.681 12.667 12.645 12.600    0.079 0.060 0.063 0.069 0.074  B 232441
   4303.57716 12.643 12.639 12.678 12.676 12.677    0.040 0.043 0.044 0.050 0.053  A 232744
   4306.52829 12.673 12.757 12.829 12.880 12.860    0.040 0.034 0.028 0.031 0.034  A 233285
   4308.58552 12.525 12.530 12.458 12.378 12.342    0.048 0.043 0.045 0.054 0.064  A 233633
   4310.65952 12.810 12.750 12.737 12.695 12.698    0.045 0.036 0.033 0.038 0.044  A 233905
   4316.56300 12.644 12.647 12.597 12.500 12.518    0.041 0.037 0.034 0.037 0.041  A 234620
   4319.60844 12.597 12.628 12.692 12.760 12.747    0.045 0.036 0.028 0.030 0.033  A 234972
   4329.55924 12.500 12.539 12.493 12.450 12.441    0.051 0.045 0.043 0.047 0.051  A 235110
   4334.48245 12.475 12.457 12.411 12.361 12.348    0.059 0.043 0.047 0.053 0.059  A 235982
   4338.48586 12.528 12.638 12.721 12.773 12.707    0.057 0.047 0.043 0.048 0.050  A 236377
   4340.55292 12.577 12.598 12.608 12.676 12.720    0.038 0.034 0.031 0.036 0.041  A 236738
   4342.55462 12.576 12.535 12.547 12.546 12.685    0.056 0.052 0.057 0.062 0.068  B 237070
   4346.55586 12.614 12.637 12.585 12.570 12.585    0.067 0.046 0.044 0.046 0.049  A 237752
   4349.49830 12.559 12.581 12.649 12.668 12.668    0.057 0.038 0.035 0.040 0.044  A 238245
   4351.54026 12.647 12.733 12.773 12.780 12.705    0.053 0.040 0.039 0.046 0.054  A 238565
   4354.53117 12.743 12.745 12.765 12.803 12.854    0.051 0.036 0.030 0.032 0.034  A 238961
   4357.48423 12.625 12.691 12.735 12.757 12.772    0.049 0.040 0.036 0.041 0.045  A 239411
   4365.50371 12.615 12.618 12.649 12.679 12.719    0.045 0.034 0.029 0.032 0.036  A 240603
   4373.48147 12.601 12.653 12.624 12.521 12.437    0.055 0.052 0.059 0.075 0.089  D 241724
   4501.88495 12.538 12.529 12.591 12.646 12.735    0.035 0.031 0.031 0.037 0.041  A 255362
   4505.88248 12.725 12.656 12.675 12.669 12.759    0.046 0.037 0.033 0.038 0.045  A 255930
   4518.83200 29.999 29.999 29.999 29.999 29.999    0.042 0.042 0.043 0.052 0.061  C 257478
   4521.87161 12.767 12.869 12.928 12.922 12.897    0.049 0.034 0.029 0.034 0.039  A 257923
   4526.84303 12.479 12.526 12.578 12.609 12.595    0.037 0.031 0.028 0.033 0.037  A 258647
   4530.83741 12.572 12.612 12.658 12.665 12.666    0.032 0.029 0.026 0.030 0.033  A 259249
   4535.87442 12.548 12.538 12.595 12.672 12.793    0.035 0.034 0.030 0.032 0.036  A 259848
   4538.85540 12.467 12.471 12.465 12.484 12.498    0.041 0.032 0.027 0.029 0.033  A 260300
   4541.83650 12.528 12.589 12.641 12.678 12.732    0.037 0.030 0.027 0.030 0.035  A 260734
   4547.80862 12.729 12.856 13.003 13.110 13.233    0.039 0.035 0.037 0.045 0.054  A 261663
   4552.85347 12.682 12.644 12.641 12.637 12.581    0.037 0.031 0.030 0.034 0.038  A 262318
   4555.79526 99.999 99.999 99.999 99.999 99.999    0.037 0.032 0.027 0.029 0.033  C 262752
   4558.78752 99.999 99.999 99.999 99.999 99.999    0.051 0.035 0.030 0.033 0.036  C 263242
   4560.84846 12.760 12.773 12.783 12.788 12.688    0.051 0.037 0.033 0.036 0.041  A 263594
   4563.78038 12.667 12.681 12.744 12.809 12.817    0.043 0.032 0.028 0.032 0.037  A 264070
   4565.83378 12.796 12.735 12.772 12.829 12.855    0.064 0.038 0.032 0.034 0.038  A 264423
   4570.82466 12.777 12.784 12.797 12.790 12.813    0.040 0.033 0.028 0.032 0.035  A 265224
   4572.78439 12.761 12.741 12.670 12.638 12.616    0.041 0.034 0.031 0.037 0.043  A 265560
   4574.76698 12.635 12.620 12.599 12.547 12.535    0.037 0.032 0.031 0.036 0.043  A 265879
#ndata= 23
#dataset= 2 ; 1 F1632+00_364
#desig= 161115+0057.0
#cra=   16.187516  16:11:15.1
#cdec=   0.949563 00:56:58.4
#class= 0
#cmag_0= 12.652
#cmer_0=  0.129
#nskip_0= 0
#cmag_1= 12.672
#cmer_1=  0.130
#nskip_1= 0
#cmag_2= 12.654
#cmer_2=  0.131
#nskip_2= 0
#cmag_3= 12.648
#cmer_3=  0.144
#nskip_3= 1
#cmag_4= 12.653
#cmer_4=  0.163
#nskip_4= 1
#ra=   16.187516  16:11:15.1
#dec=   0.949563 00:56:58.4
#     HJD      MAG_0  MAG_1  MAG_2  MAG_3  MAG_4    MER_0 MER_1 MER_2 MER_3 MER_4 GRADE FRAME
   2685.86371 12.707 12.799 12.762 12.743 12.712    0.032 0.043 0.030 0.032 0.037  A 40275
   2719.82084 12.544 12.619 12.611 12.558 12.503    0.033 0.032 0.032 0.037 0.042  A 46175
   2726.81587 12.677 12.662 12.647 12.674 12.686    0.040 0.026 0.023 0.026 0.030  A 47540
   2728.80772 12.651 12.615 12.617 12.611 12.643    0.033 0.026 0.025 0.028 0.031  A 47931
   2751.74451 12.721 12.731 12.765 12.811 12.839    0.035 0.031 0.028 0.031 0.034  A 51872
   2763.73152 12.735 12.712 12.678 12.669 12.664    0.032 0.027 0.025 0.028 0.032  A 54065
   3134.76096 12.603 12.565 12.573 12.594 12.561    0.032 0.033 0.031 0.038 0.044  A 102182
   4136.88238 12.567 12.594 12.576 12.544 12.509    0.041 0.036 0.040 0.049 0.056  A 213067
   4152.87026 12.637 12.587 12.594 12.600 12.571    0.046 0.051 0.054 0.058 0.060  B 215199
   4156.86654 12.647 12.561 12.517 12.487 12.450    0.064 0.040 0.039 0.043 0.049  A 215787
   4160.86179 12.512 12.548 12.522 12.474 12.499    0.042 0.044 0.050 0.058 0.065  A 216380
   4164.85154 12.622 12.620 12.573 12.540 12.568    0.043 0.036 0.040 0.049 0.059  A 216975
   4167.88168 12.617 12.663 12.721 12.788 12.789    0.059 0.055 0.059 0.065 0.071  B 217397
   4172.88095 12.666 12.704 12.706 12.693 12.786    0.039 0.032 0.029 0.034 0.040  A 217993
   4179.85467 12.422 12.460 12.445 12.475 12.480    0.044 0.037 0.036 0.042 0.048  A 218911
   4185.83796 12.683 12.800 12.872 12.923 12.922    0.040 0.037 0.037 0.043 0.049  A 219758
   4193.85593 12.611 12.551 12.531 12.541 12.517    0.051 0.050 0.053 0.060 0.065  A 220807
   4213.79842 12.943 12.971 13.097 13.297 13.490    0.064 0.055 0.061 0.068 0.067  B 222641
   4216.79258 12.752 12.762 12.756 12.771 12.847    0.037 0.032 0.029 0.031 0.035  A 222921
   4228.76985 12.635 12.758 12.794 12.803 12.900    0.048 0.038 0.032 0.035 0.040  A 223391
   4518.86316 29.999 29.999 29.999 29.999 29.999    0.047 0.042 0.041 0.049 0.057  C 257489
   4555.82650 12.637 12.751 12.778 12.757 12.778    0.056 0.039 0.032 0.040 0.038  A 262762
   4564.79502 12.885 12.816 12.794 12.785 12.738    0.049 0.035 0.030 0.034 0.038  A 264245
#ndata= 3
#dataset= 3 ; 1 F1600+08_408
#desig= 161115+0056.9
#cra=   16.187515  16:11:15.1
#cdec=   0.948970 00:56:56.3
#class= 0
#cmag_0= 12.659
#cmer_0=  0.107
#nskip_0= 0
#cmag_1= 12.678
#cmer_1=  0.170
#nskip_1= 0
#cmag_2= 12.684
#cmer_2=  0.277
#nskip_2= 0
#cmag_3= 12.701
#cmer_3=  0.401
#nskip_3= 0
#cmag_4= 12.775
#cmer_4=  0.554
#nskip_4= 0
#ra=   16.187515  16:11:15.1
#dec=   0.948970 00:56:56.3
#     HJD      MAG_0  MAG_1  MAG_2  MAG_3  MAG_4    MER_0 MER_1 MER_2 MER_3 MER_4 GRADE FRAME
   3448.83474 12.697 12.727 12.749 12.777 12.816    0.045 0.040 0.042 0.049 0.056  A 134971
   3450.85823 12.564 12.534 12.457 12.382 12.364    0.043 0.042 0.047 0.056 0.063  A 135328
   3453.80044 12.715 12.773 12.847 12.946 13.144    0.038 0.035 0.038 0.046 0.056  A 135703
