#ndata= 13
#dataset= 1 ; 1 F1612-32_185
#desig= 163349-2727.1
#cra=   16.563640  16:33:49.1
#cdec= -27.452024 -27:27:07.3
#class= 0
#cmag_0= 10.302
#cmer_0=  0.032
#nskip_0= 0
#cmag_1= 10.305
#cmer_1=  0.060
#nskip_1= 0
#cmag_2= 10.293
#cmer_2=  0.053
#nskip_2= 0
#cmag_3= 10.286
#cmer_3=  0.055
#nskip_3= 0
#cmag_4= 10.289
#cmer_4=  0.046
#nskip_4= 0
#ra=   16.563640  16:33:49.1
#dec= -27.452024 -27:27:07.3
#     HJD      MAG_2  MAG_0  MAG_1  MAG_3  MAG_4    MER_2 MER_0 MER_1 MER_3 MER_4 GRADE FRAME
   2782.70847 10.330 10.275 10.349 10.322 10.307    0.028 0.033 0.038 0.031 0.031  A 55743
   2921.50144 10.392 10.341 10.407 10.397 10.407    0.043 0.042 0.041 0.053 0.059  B 75033
   2928.49242 10.395 10.386 10.408 10.390 10.378    0.034 0.033 0.035 0.038 0.043  A 76131
   3170.83326 10.328 10.344 10.360 10.313 10.308    0.034 0.033 0.033 0.040 0.047  A 106075
   3576.63685 10.242 10.286 10.226 10.232 10.246    0.033 0.050 0.035 0.037 0.042  A 151643
   3576.69396 10.249 10.287 10.254 10.247 10.253    0.036 0.047 0.039 0.039 0.043  A 151663
   3576.72379 10.260 10.306 10.244 10.258 10.258    0.033 0.050 0.038 0.039 0.044  A 151673
   3576.75075 10.267 10.286 10.281 10.251 10.262    0.071 0.071 0.071 0.079 0.085  D 151683
   3577.61694 10.258 10.271 10.266 10.247 10.259    0.036 0.049 0.039 0.040 0.042  A 151796
   3577.64612 10.263 10.263 10.278 10.250 10.262    0.044 0.064 0.046 0.049 0.055  A 151806
   3577.67481 10.252 10.304 10.274 10.235 10.264    0.051 0.058 0.050 0.061 0.069  B 151816
   3577.70276 10.255 10.265 10.279 10.246 10.246    0.041 0.047 0.040 0.048 0.055  A 151826
   3577.73044 10.297 10.293 10.304 10.295 10.308    0.035 0.037 0.035 0.039 0.044  A 151836
#ndata= 131
#dataset= 2 ; 1 F1648-32_186
#desig= 163350-2727.0
#cra=   16.563850  16:33:49.9
#cdec= -27.449492 -27:26:58.2
#class= 0
#cmag_0= 10.418
#cmer_0=  0.087
#nskip_0= 8
#cmag_1= 10.404
#cmer_1=  0.091
#nskip_1= 3
#cmag_2= 10.385
#cmer_2=  0.093
#nskip_2= 4
#cmag_3= 10.388
#cmer_3=  0.095
#nskip_3= 1
#cmag_4= 10.387
#cmer_4=  0.095
#nskip_4= 2
#ra=   16.563850  16:33:49.9
#dec= -27.449492 -27:26:58.2
#     HJD      MAG_2  MAG_0  MAG_1  MAG_3  MAG_4    MER_2 MER_0 MER_1 MER_3 MER_4 GRADE FRAME
   1940.86344 10.117 10.137 10.126 10.124 10.142    0.026 0.034 0.030 0.028 0.033  A 8574
   1947.83807 10.221 10.283 10.250 10.212 10.208    0.030 0.041 0.031 0.035 0.041  A 8985
   1953.82042 10.248 10.276 10.235 10.253 10.243    0.036 0.046 0.043 0.041 0.044  A 9753
   1961.84620 10.328 10.345 10.326 10.332 10.351    0.028 0.041 0.037 0.030 0.033  A 10572
   1963.83812 10.312 10.355 10.328 10.316 10.310    0.030 0.043 0.038 0.034 0.035  A 10896
   1965.82640 10.308 10.308 10.325 10.311 10.309    0.028 0.039 0.036 0.031 0.032  A 11260
   1967.83118 10.296 10.267 10.327 10.293 10.284    0.031 0.044 0.038 0.034 0.034  A 11606
   2000.81178 10.267 10.263 10.251 10.280 10.289    0.052 0.076 0.065 0.054 0.054  B 14722
   2009.71573 10.286 10.311 10.307 10.284 10.284    0.054 0.076 0.063 0.058 0.059  B 15403
   2026.74340 10.322 10.387 10.372 10.331 10.336    0.030 0.047 0.032 0.034 0.038  A 17453
   2031.73419 10.382 10.483 10.431 10.403 10.412    0.031 0.049 0.031 0.034 0.038  A 18054
   2034.69759 10.387 10.407 10.415 10.377 10.359    0.090 0.076 0.078 0.113 0.132  D 18680
   2052.68314 10.154 10.185 10.185 10.163 10.166    0.034 0.064 0.036 0.039 0.042  A 19835
   2053.69418 10.166 10.187 10.185 10.167 10.172    0.034 0.062 0.036 0.036 0.041  A 20050
   2054.68807 10.181 10.220 10.215 10.186 10.188    0.035 0.067 0.040 0.040 0.044  A 20268
   2055.67248 10.181 10.163 10.224 10.174 10.192    0.037 0.070 0.041 0.040 0.044  A 20482
   2057.66952 10.253 10.319 10.279 10.254 10.245    0.029 0.050 0.031 0.034 0.038  A 20936
   2059.71342 10.274 10.356 10.301 10.267 10.271    0.048 0.058 0.045 0.060 0.070  B 21311
   2071.66857 10.466 10.534 10.495 10.467 10.520    0.062 0.064 0.055 0.076 0.089  D 22728
   2082.63322 10.287 10.367 10.333 10.306 10.301    0.029 0.049 0.030 0.032 0.037  A 23344
   2085.60603 10.270 10.314 10.297 10.279 10.273    0.025 0.035 0.026 0.029 0.034  A 23804
   2086.60968 10.294 10.333 10.313 10.300 10.302    0.029 0.049 0.031 0.034 0.038  A 24029
   2087.60501 10.285 10.337 10.308 10.285 10.289    0.034 0.062 0.035 0.039 0.043  A 24247
   2096.58534 10.380 10.427 10.394 10.391 10.373    0.039 0.058 0.040 0.046 0.053  A 25427
   2102.55840 10.352 10.399 10.365 10.364 10.365    0.032 0.047 0.034 0.036 0.037  A 25628
   2103.57583 10.342 10.384 10.357 10.355 10.364    0.031 0.044 0.031 0.036 0.040  A 25782
   2104.57561 10.329 10.357 10.343 10.329 10.329    0.029 0.045 0.030 0.035 0.039  A 25984
   2105.56808 10.335 10.365 10.348 10.351 10.342    0.027 0.045 0.029 0.032 0.036  A 26201
   2106.57451 10.335 10.367 10.345 10.344 10.349    0.027 0.038 0.028 0.032 0.036  A 26408
   2109.56723 10.355 10.295 10.381 10.346 10.344    0.030 0.044 0.034 0.034 0.039  A 26577
   2115.53181 10.344 10.356 10.346 10.362 10.364    0.031 0.045 0.035 0.036 0.038  A 26821
   2116.53979 10.349 10.317 10.365 10.348 10.350    0.029 0.043 0.033 0.031 0.036  A 27043
   2117.53637 10.369 10.365 10.385 10.368 10.364    0.032 0.047 0.036 0.036 0.040  A 27263
   2124.51592 10.286 10.302 10.290 10.298 10.295    0.032 0.045 0.032 0.038 0.043  A 27600
   2125.54146 10.275 10.321 10.303 10.281 10.270    0.032 0.045 0.034 0.037 0.041  A 27822
   2128.51581 10.286 10.279 10.309 10.287 10.296    0.030 0.047 0.032 0.034 0.038  A 27885
   2130.50805 10.300 10.337 10.314 10.309 10.310    0.035 0.057 0.037 0.039 0.043  A 28312
   2131.54113 10.702 11.294 10.943 10.682 10.659    0.027 0.040 0.029 0.031 0.036  A 28526
   2133.49513 10.322 10.335 10.351 10.331 10.322    0.033 0.041 0.033 0.035 0.036  A 28934
   2135.49561 10.323 10.360 10.346 10.333 10.329    0.031 0.048 0.033 0.035 0.039  A 29366
   2140.48752 10.384 10.424 10.414 10.392 10.390    0.041 0.062 0.049 0.048 0.053  A 30120
   2142.52496 10.417 10.434 10.435 10.409 10.406    0.031 0.045 0.032 0.035 0.039  A 30550
   2144.50968 10.424 10.501 10.450 10.433 10.434    0.028 0.037 0.029 0.032 0.036  A 30951
   2440.63071 10.342 10.357 10.363 10.338 10.354    0.021 0.026 0.027 0.024 0.025  A 8054
   2498.53343 10.373 10.421 10.375 10.372 10.367    0.023 0.029 0.030 0.024 0.026  A 15391
   2512.62614 10.383 10.426 10.403 10.394 10.386    0.040 0.049 0.046 0.045 0.045  A 17252
   2524.49471 10.460 10.489 10.503 10.475 10.463    0.029 0.040 0.036 0.031 0.030  A 18591
   2526.53011 10.453 10.508 10.482 10.441 10.441    0.045 0.041 0.040 0.055 0.064  A 18798
   2548.52475 10.377 10.389 10.411 10.371 10.370    0.023 0.031 0.026 0.026 0.028  A 20548
   2559.49051 10.369 10.394 10.386 10.378 10.371    0.046 0.043 0.043 0.055 0.065  A 22167
   2725.81281 10.428 10.442 10.448 10.421 10.398    0.026 0.030 0.028 0.030 0.034  A 47339
   2738.80207 10.453 10.555 10.485 10.423 10.425    0.030 0.028 0.037 0.037 0.037  A 49663
   2742.76272 10.441 10.468 10.457 10.440 10.446    0.036 0.033 0.039 0.043 0.047  A 50410
   2750.82298 10.402 10.411 10.390 10.401 10.387    0.030 0.036 0.037 0.035 0.042  A 51712
   2752.75486 10.372 10.397 10.398 10.361 10.367    0.024 0.025 0.027 0.028 0.031  A 52074
   2755.74218 10.402 10.418 10.418 10.389 10.395    0.024 0.025 0.027 0.028 0.029  A 52504
   2759.80203 10.419 10.457 10.440 10.441 10.433    0.028 0.031 0.030 0.033 0.034  A 53289
   2761.73928 10.451 10.487 10.448 10.450 10.460    0.020 0.026 0.025 0.023 0.026  A 53673
   2763.73372 10.479 10.466 10.517 10.467 10.455    0.022 0.029 0.027 0.025 0.028  A 54066
   2766.82281 10.524 10.520 10.560 10.542 10.571    0.026 0.031 0.027 0.030 0.034  A 54603
   2787.79596 10.229 10.306 10.268 10.233 10.236    0.022 0.026 0.025 0.025 0.027  A 56861
   2794.69721 10.213 10.234 10.216 10.206 10.205    0.023 0.031 0.029 0.026 0.029  A 58087
   2809.67311 10.460 10.485 10.487 10.450 10.471    0.026 0.031 0.034 0.030 0.030  A 59518
   2810.81475 10.462 10.496 10.509 10.462 10.452    0.028 0.033 0.028 0.031 0.034  A 59803
   2813.79430 10.522 10.574 10.546 10.522 10.513    0.026 0.037 0.028 0.030 0.034  A 60477
   2820.80241 10.463 10.515 10.478 10.464 10.475    0.025 0.030 0.030 0.029 0.033  A 61581
   2824.67933 10.342 10.456 10.418 10.286 10.274    0.071 0.064 0.070 0.084 0.097  D 61950
   2833.59751 10.213 10.357 10.250 10.188 10.174    0.099 0.083 0.088 0.123 0.143  D 63126
   2834.70257 10.308 10.323 10.326 10.322 10.322    0.032 0.033 0.034 0.037 0.041  A 63364
   2836.56981 10.307 10.370 10.311 10.294 10.295    0.026 0.028 0.029 0.031 0.032  A 63651
   2843.62214 99.999 99.999 99.999 99.999 99.999    0.034 0.035 0.036 0.040 0.045  C 64901
   2851.63808 10.372 10.422 10.409 10.377 10.379    0.023 0.027 0.026 0.027 0.030  A 65440
   2854.52697 10.355 10.382 10.396 10.356 10.357    0.021 0.025 0.026 0.024 0.027  A 65837
   2860.52134 10.375 10.371 10.371 10.397 10.391    0.026 0.027 0.029 0.032 0.034  A 66703
   2861.69171 10.326 10.376 10.370 10.329 10.334    0.030 0.031 0.033 0.036 0.042  A 66985
   2866.55300 10.381 10.418 10.390 10.364 10.370    0.023 0.031 0.027 0.026 0.028  A 67523
   2867.68383 10.375 10.417 10.418 10.372 10.365    0.027 0.031 0.030 0.030 0.033  A 67782
   2871.47235 10.392 10.410 10.416 10.398 10.386    0.031 0.037 0.036 0.036 0.041  A 68010
   2875.56255 10.477 10.464 10.506 10.468 10.471    0.031 0.044 0.038 0.036 0.037  A 68520
   2877.55649 10.426 10.482 10.443 10.420 10.415    0.031 0.034 0.035 0.035 0.038  A 68915
   2879.55437 10.436 10.505 10.450 10.419 10.421    0.027 0.027 0.031 0.031 0.032  A 69220
   2882.57742 10.479 10.553 10.514 10.489 10.500    0.026 0.032 0.026 0.030 0.033  A 69482
   2892.58208 10.570 10.686 10.598 10.579 10.588    0.030 0.042 0.030 0.035 0.039  A 70654
   2894.55893 10.606 10.643 10.599 10.604 10.601    0.030 0.036 0.042 0.032 0.036  A 71045
   2896.58009 10.560 10.643 10.590 10.562 10.568    0.026 0.030 0.026 0.030 0.033  A 71448
   2898.56771 10.563 10.672 10.613 10.566 10.585    0.026 0.034 0.027 0.030 0.034  A 71841
   2900.55969 10.466 10.531 10.481 10.469 10.476    0.029 0.035 0.041 0.033 0.034  A 72195
   2904.54928 10.376 10.439 10.427 10.392 10.397    0.029 0.042 0.034 0.033 0.037  A 72822
   2906.54761 10.321 10.374 10.352 10.328 10.325    0.025 0.033 0.029 0.028 0.033  A 73144
   2909.54904 10.343 10.388 10.378 10.341 10.347    0.025 0.034 0.028 0.028 0.031  A 73567
   2915.51379 10.321 10.445 10.337 10.338 10.341    0.030 0.036 0.038 0.033 0.037  A 74334
   2917.54132 10.366 10.421 10.400 10.362 10.357    0.028 0.030 0.028 0.033 0.038  A 74726
   2922.49561 10.393 10.395 10.422 10.395 10.396    0.030 0.035 0.030 0.035 0.039  A 75210
   2924.51453 10.379 10.465 10.426 10.377 10.377    0.026 0.032 0.027 0.030 0.034  A 75595
   2927.52306 10.398 10.465 10.422 10.390 10.376    0.025 0.028 0.027 0.029 0.032  A 75955
   2930.50378 10.431 10.463 10.471 10.423 10.426    0.026 0.031 0.027 0.029 0.032  A 76488
   2933.49761 10.432 10.511 10.466 10.423 10.429    0.028 0.031 0.030 0.032 0.035  A 77018
   2935.50603 10.385 10.451 10.413 10.375 10.361    0.031 0.035 0.037 0.035 0.039  A 77379
   3056.87541 10.435 10.446 10.467 10.417 10.418    0.029 0.032 0.029 0.034 0.038  A 91762
   3060.87495 10.442 10.470 10.455 10.433 10.439    0.026 0.026 0.027 0.030 0.033  A 92296
   3064.86318 10.416 10.461 10.415 10.409 10.402    0.031 0.029 0.030 0.038 0.043  A 92831
   3071.88472 10.356 10.386 10.390 10.359 10.361    0.031 0.034 0.031 0.037 0.043  A 93709
   3082.85975 99.999 10.452 10.495 99.999 99.999    0.035 0.033 0.032 0.043 0.051  C 95231
   3086.86171 10.435 10.474 10.431 10.432 10.448    0.025 0.030 0.025 0.029 0.033  A 95533
   3089.84147 10.382 10.428 10.410 10.369 10.361    0.029 0.029 0.029 0.033 0.038  A 95982
   3092.82989 10.348 10.372 10.374 10.350 10.345    0.026 0.026 0.028 0.029 0.033  A 96447
   3096.87836 10.351 10.373 10.355 10.355 10.358    0.028 0.033 0.031 0.034 0.038  A 96732
   3098.85522 10.358 10.404 10.380 10.353 10.346    0.027 0.030 0.028 0.033 0.037  A 97045
   3101.80218 10.395 10.449 10.406 10.399 10.386    0.030 0.032 0.030 0.035 0.039  A 97484
   3106.84664 10.467 10.507 10.454 10.479 10.496    0.036 0.032 0.035 0.043 0.050  A 98294
   3108.90132 10.458 10.515 10.469 10.457 10.460    0.026 0.028 0.029 0.030 0.034  A 98627
   3111.78313 10.452 10.506 10.496 10.467 10.450    0.031 0.033 0.031 0.037 0.043  A 99052
   3113.84098 10.448 10.474 10.470 10.446 10.439    0.028 0.027 0.034 0.032 0.036  A 99394
   3116.75785 10.449 10.461 10.482 10.462 10.458    0.025 0.026 0.026 0.029 0.033  A 99857
   3122.75977 10.364 10.365 10.390 10.356 10.346    0.027 0.028 0.028 0.031 0.037  A 100254
   3124.81265 10.345 10.396 10.375 10.360 10.368    0.029 0.028 0.028 0.035 0.039  A 100609
   3126.79336 10.344 10.408 10.371 10.356 10.357    0.036 0.037 0.033 0.042 0.046  A 100931
   3128.77874 10.352 10.404 10.377 10.339 10.332    0.034 0.031 0.033 0.040 0.048  A 101246
   3144.81315 10.530 10.596 10.577 10.536 10.533    0.025 0.028 0.026 0.029 0.033  A 103330
   3153.71973 99.999 99.999 99.999 99.999 99.999    0.025 0.028 0.027 0.030 0.034  C 103789
   3156.65200 10.584 10.600 10.611 10.573 10.576    0.036 0.033 0.033 0.041 0.046  A 104169
   3160.73865 10.472 10.481 10.490 10.484 10.500    0.054 0.047 0.048 0.066 0.079  B 104727
   3163.74717 10.472 10.504 10.512 10.462 10.459    0.027 0.031 0.028 0.032 0.036  A 105057
   3165.77051 10.453 10.506 10.456 10.444 10.425    0.043 0.037 0.039 0.051 0.059  A 105411
   3168.78604 10.373 10.420 10.384 10.368 10.356    0.026 0.025 0.026 0.031 0.035  A 105800
   3171.73233 10.297 10.315 10.339 10.307 99.999    0.028 0.031 0.030 0.033 0.038  C 106214
   3175.72788 10.326 10.386 10.374 10.351 10.342    0.028 0.030 0.028 0.033 0.038  A 106617
   3178.59776 10.409 10.422 10.422 10.409 10.408    0.027 0.027 0.028 0.030 0.035  A 107041
   3183.67438 99.999 99.999 99.999 99.999 99.999    0.027 0.029 0.028 0.031 0.035  C 107667
   3189.57081 10.506 10.562 10.554 10.491 10.472    0.032 0.032 0.031 0.037 0.042  A 108402
   3191.69626 10.511 10.592 10.532 10.508 10.506    0.035 0.039 0.034 0.042 0.048  A 108742
#ndata= 1
#dataset= 3 ; 1 F1600-24_228
#desig= 163350-2727.0
#cra=   16.563790  16:33:49.6
#cdec= -27.449899 -27:26:59.6
#class= 0
#cmag_0= 10.509
#cmer_0=  0.000
#nskip_0= 0
#cmag_1= 10.498
#cmer_1=  0.000
#nskip_1= 0
#cmag_2= 10.483
#cmer_2=  0.000
#nskip_2= 0
#cmag_3= 10.482
#cmer_3=  0.000
#nskip_3= 0
#cmag_4= 10.487
#cmer_4=  0.000
#nskip_4= 0
#ra=   16.563790  16:33:49.6
#dec= -27.449899 -27:26:59.6
#     HJD      MAG_2  MAG_0  MAG_1  MAG_3  MAG_4    MER_2 MER_0 MER_1 MER_3 MER_4 GRADE FRAME
   2696.83720 10.484 10.509 10.499 10.482 10.488    0.035 0.042 0.041 0.038 0.043  A 42175
#ndata= 428
#dataset= 4 ; 1 F1632-24_229
#desig= 163350-2727.0
#cra=   16.563766  16:33:49.6
#cdec= -27.449729 -27:26:59.0
#class= 0
#cmag_0= 10.406
#cmer_0=  0.113
#nskip_0= 1
#cmag_1= 10.383
#cmer_1=  0.109
#nskip_1= 1
#cmag_2= 10.368
#cmer_2=  0.106
#nskip_2= 1
#cmag_3= 10.360
#cmer_3=  0.103
#nskip_3= 1
#cmag_4= 10.366
#cmer_4=  0.103
#nskip_4= 2
#ra=   16.563766  16:33:49.6
#dec= -27.449729 -27:26:59.0
#     HJD      MAG_2  MAG_0  MAG_1  MAG_3  MAG_4    MER_2 MER_0 MER_1 MER_3 MER_4 GRADE FRAME
   1926.88084 10.304 10.317 10.326 10.299 10.312    0.052 0.061 0.047 0.063 0.076  B 6554
   1932.86221 10.220 10.213 10.239 10.211 10.214    0.031 0.042 0.035 0.035 0.037  A 7525
   1937.87659 10.138 10.220 10.163 10.118 10.114    0.027 0.041 0.033 0.030 0.034  A 8214
   1940.86682 10.075 10.080 10.056 10.071 10.078    0.029 0.041 0.035 0.030 0.033  A 8575
   1947.84149 10.190 10.285 10.216 10.188 10.205    0.034 0.048 0.036 0.037 0.041  A 8986
   1949.85519 10.198 10.220 10.209 10.200 10.208    0.035 0.055 0.042 0.037 0.040  A 9284
   1953.81860 10.253 10.301 10.295 10.245 10.244    0.038 0.047 0.045 0.040 0.043  A 9752
   1961.84439 10.314 10.376 10.349 10.302 10.311    0.029 0.039 0.038 0.030 0.032  A 10571
   1963.83631 10.313 10.335 10.315 10.306 10.313    0.030 0.038 0.036 0.033 0.033  A 10895
   1965.82460 10.293 10.320 10.318 10.290 10.293    0.027 0.037 0.035 0.029 0.030  A 11259
   1967.82938 10.299 10.331 10.335 10.300 10.313    0.031 0.041 0.038 0.033 0.032  A 11605
   1977.76587 10.261 10.278 10.260 10.260 10.269    0.043 0.053 0.049 0.047 0.046  A 12009
   1979.77729 10.276 10.355 10.295 10.272 10.282    0.042 0.053 0.047 0.047 0.045  A 12286
   1981.76873 10.259 10.283 10.267 10.256 10.251    0.039 0.051 0.047 0.043 0.040  A 12612
   1985.90389 10.270 10.256 10.277 10.256 10.247    0.048 0.065 0.055 0.053 0.050  B 13269
   1994.73477 10.249 10.267 10.248 10.256 10.245    0.043 0.057 0.052 0.047 0.044  A 13487
   1995.80992 10.272 10.269 10.272 10.282 10.271    0.046 0.064 0.054 0.053 0.052  B 13718
   1996.80645 10.314 10.307 10.326 10.336 10.321    0.043 0.063 0.051 0.049 0.047  A 13911
   1997.85065 10.246 10.274 10.251 10.239 10.246    0.045 0.064 0.055 0.049 0.048  B 14137
   1998.79915 10.272 10.267 10.271 10.265 10.262    0.047 0.066 0.054 0.054 0.054  B 14315
   2000.79799 10.256 10.264 10.250 10.240 10.250    0.041 0.059 0.049 0.047 0.045  A 14717
   2007.72694 10.227 10.231 10.271 10.236 10.256    0.057 0.081 0.066 0.064 0.063  B 14999
   2008.71590 10.262 10.226 10.268 10.258 10.234    0.052 0.074 0.063 0.057 0.059  B 15203
   2014.74690 10.348 10.357 10.336 10.350 10.339    0.048 0.074 0.058 0.054 0.054  B 15825
   2016.75561 10.255 10.280 10.253 10.231 10.243    0.043 0.060 0.050 0.049 0.048  A 16010
   2018.75150 10.269 10.293 10.265 10.221 10.233    0.052 0.084 0.065 0.054 0.055  B 16252
   2019.74671 10.291 10.265 10.301 10.303 10.302    0.049 0.076 0.060 0.056 0.055  B 16459
   2025.75447 10.332 10.381 10.361 10.323 10.330    0.027 0.038 0.029 0.029 0.032  A 17241
   2026.73468 10.329 10.358 10.358 10.314 10.309    0.025 0.036 0.027 0.028 0.029  A 17449
   2027.72752 10.310 10.386 10.322 10.288 10.283    0.027 0.048 0.030 0.031 0.033  A 17665
   2030.71755 10.353 10.428 10.365 10.345 10.358    0.025 0.043 0.027 0.029 0.032  A 17836
   2031.72329 29.999 29.999 29.999 29.999 29.999    0.025 0.045 0.028 0.029 0.032  C 18049
   2032.71483 10.352 10.432 10.367 10.336 10.344    0.026 0.043 0.027 0.029 0.030  A 18267
   2033.70904 10.365 10.388 10.401 10.348 10.345    0.025 0.040 0.026 0.026 0.029  A 18485
   2040.75872 10.315 10.318 10.329 10.319 10.336    0.033 0.051 0.035 0.038 0.043  A 19511
   2052.65436 10.137 10.188 10.153 10.134 10.145    0.029 0.054 0.031 0.030 0.033  A 19830
   2053.68312 10.148 10.198 10.204 10.159 10.174    0.028 0.054 0.030 0.032 0.034  A 20045
   2054.67696 29.999 29.999 29.999 29.999 29.999    0.029 0.058 0.031 0.032 0.035  C 20263
   2055.66103 10.167 10.271 10.191 10.164 10.171    0.027 0.060 0.029 0.030 0.032  A 20478
   2056.66258 10.194 10.315 10.223 10.191 10.199    0.028 0.061 0.031 0.031 0.034  A 20705
   2057.65471 10.209 10.290 10.237 10.203 10.210    0.031 0.056 0.032 0.035 0.036  A 20931
   2058.65533 10.244 10.285 10.255 10.239 10.245    0.027 0.061 0.033 0.030 0.033  A 21159
   2061.70362 10.297 10.308 10.311 10.297 10.304    0.031 0.058 0.038 0.032 0.033  A 21409
   2067.68480 10.369 10.470 10.415 10.371 10.390    0.031 0.053 0.032 0.035 0.039  A 21868
   2068.64090 10.412 10.464 10.451 10.395 10.397    0.029 0.054 0.032 0.032 0.036  A 22076
   2069.63675 10.391 10.447 10.399 10.386 10.392    0.029 0.061 0.033 0.031 0.035  A 22297
   2070.62708 10.395 10.449 10.425 10.383 10.393    0.029 0.058 0.031 0.033 0.035  A 22522
   2071.65735 10.675 10.817 10.745 10.626 10.606    0.051 0.067 0.048 0.060 0.067  B 22723
   2080.54233 10.296 10.414 10.326 10.296 10.314    0.031 0.065 0.034 0.033 0.037  A 22854
   2081.60625 10.305 10.345 10.324 10.298 10.309    0.028 0.058 0.033 0.032 0.035  A 23108
   2082.62155 10.261 10.296 10.270 10.253 10.264    0.028 0.052 0.031 0.031 0.034  A 23340
   2083.60360 10.236 10.333 10.257 10.229 10.239    0.035 0.059 0.038 0.039 0.042  A 23576
   2085.59474 10.285 10.278 10.291 10.278 10.277    0.026 0.039 0.029 0.030 0.033  A 23799
   2086.59836 10.262 10.285 10.266 10.253 10.259    0.029 0.058 0.032 0.032 0.036  A 24024
   2088.59358 10.273 10.334 10.314 10.281 10.283    0.030 0.061 0.035 0.034 0.037  A 24472
   2103.56660 10.313 10.385 10.340 10.316 10.324    0.033 0.045 0.035 0.036 0.040  A 25778
   2105.56107 10.318 10.361 10.350 10.308 10.307    0.027 0.048 0.030 0.031 0.034  A 26198
   2130.49642 10.277 10.361 10.306 10.269 10.295    0.030 0.052 0.034 0.032 0.035  A 28307
   2132.50154 10.276 10.319 10.288 10.265 10.268    0.028 0.046 0.032 0.031 0.032  A 28727
   2136.49617 10.332 10.409 10.356 10.323 10.334    0.028 0.044 0.030 0.031 0.034  A 29577
   2156.54305 10.378 10.374 10.405 10.371 10.380    0.042 0.058 0.045 0.046 0.050  A 31610
   2171.50197 10.349 10.392 10.351 10.342 10.349    0.035 0.048 0.038 0.040 0.045  A 32544
   2177.49809 10.528 10.570 10.568 10.509 10.512    0.035 0.053 0.039 0.038 0.042  A 33371
   2452.57816 10.316 10.356 10.328 10.314 10.303    0.031 0.039 0.038 0.034 0.032  A 9435
   2454.61109 10.324 10.364 10.351 10.322 10.337    0.031 0.035 0.037 0.035 0.038  A 9840
   2456.57922 10.390 10.402 10.424 10.393 10.387    0.030 0.035 0.034 0.032 0.033  A 10051
   2459.60543 10.395 10.379 10.392 10.410 10.407    0.054 0.059 0.059 0.058 0.061  B 10112
   2463.58800 10.431 10.453 10.422 10.425 10.428    0.023 0.029 0.030 0.026 0.027  A 10597
   2464.57535 10.423 10.417 10.426 10.429 10.437    0.024 0.030 0.031 0.027 0.024  A 10810
   2465.57225 10.430 10.482 10.458 10.436 10.423    0.023 0.032 0.031 0.025 0.022  A 11029
   2466.56164 10.426 10.430 10.398 10.413 10.436    0.020 0.027 0.026 0.021 0.021  A 11243
   2467.56878 10.413 10.456 10.406 10.397 10.404    0.019 0.028 0.027 0.020 0.022  A 11465
   2468.56330 10.403 10.437 10.414 10.390 10.393    0.021 0.027 0.027 0.023 0.024  A 11681
   2469.55764 10.400 10.433 10.405 10.386 10.390    0.025 0.031 0.032 0.025 0.026  A 11894
   2470.58480 10.367 10.395 10.385 10.362 10.370    0.025 0.032 0.032 0.027 0.025  A 11971
   2473.55212 10.348 10.380 10.363 10.353 10.350    0.029 0.036 0.036 0.032 0.029  A 12645
   2481.51682 10.272 10.266 10.267 10.244 10.254    0.033 0.040 0.039 0.038 0.034  A 12944
   2482.54277 10.248 10.256 10.242 10.232 10.236    0.037 0.049 0.043 0.044 0.040  A 13115
   2486.52934 10.285 10.294 10.283 10.250 10.262    0.036 0.044 0.042 0.040 0.037  A 13274
   2489.51568 10.350 10.383 10.358 10.357 10.370    0.039 0.043 0.044 0.042 0.048  A 13794
   2491.50487 10.339 10.343 10.325 10.329 10.328    0.040 0.051 0.046 0.036 0.033  A 14182
   2494.49759 10.356 10.426 10.364 10.338 10.337    0.029 0.038 0.036 0.032 0.033  A 14603
   2504.60339 10.372 10.374 10.372 10.357 10.351    0.061 0.076 0.067 0.065 0.066  D 16551
   2510.60057 10.379 10.455 10.418 10.378 10.369    0.025 0.032 0.031 0.028 0.031  A 16961
   2540.50052 10.417 10.473 10.452 10.411 10.424    0.044 0.061 0.051 0.050 0.047  A 19655
   2545.49083 10.356 10.364 10.394 10.341 10.333    0.021 0.036 0.030 0.023 0.024  A 20110
   2547.49856 10.319 10.367 10.343 10.310 10.318    0.021 0.029 0.023 0.024 0.027  A 20364
   2549.49638 10.299 10.352 10.349 10.305 10.302    0.034 0.045 0.042 0.030 0.030  A 20720
   2552.49240 10.317 10.278 10.322 10.319 10.296    0.038 0.047 0.043 0.044 0.039  A 21084
   2664.87178 10.364 10.417 10.384 10.343 10.347    0.031 0.031 0.032 0.035 0.039  A 36726
   2673.85996 10.304 10.366 10.338 10.298 10.310    0.026 0.034 0.035 0.028 0.030  A 38190
   2677.83918 10.382 10.431 10.420 10.382 10.371    0.034 0.034 0.034 0.041 0.047  A 38892
   2681.83957 99.999 99.999 99.999 99.999 99.999    0.024 0.035 0.030 0.027 0.031  C 39544
   2684.84317 10.519 10.529 10.553 10.505 10.504    0.033 0.030 0.039 0.038 0.040  A 40082
   2690.83162 10.515 10.561 10.529 10.506 10.513    0.037 0.042 0.043 0.040 0.042  A 41176
   2696.83720 10.482 10.546 10.502 10.480 10.486    0.029 0.033 0.034 0.030 0.032  A 42175
   2699.83381 10.488 10.534 10.507 10.477 10.486    0.025 0.035 0.027 0.028 0.031  A 42786
   2702.85571 10.455 10.487 10.473 10.441 10.458    0.025 0.028 0.030 0.029 0.030  A 43366
   2705.82438 10.410 10.460 10.440 10.395 10.397    0.052 0.050 0.052 0.060 0.066  B 43923
   2707.84784 10.419 10.499 10.445 10.410 10.424    0.045 0.040 0.042 0.053 0.062  A 44297
   2709.86056 10.461 10.459 10.489 10.448 10.451    0.023 0.032 0.030 0.024 0.027  A 44665
   2711.86116 10.458 10.505 10.470 10.449 10.456    0.024 0.030 0.027 0.027 0.029  A 45037
   2713.83448 10.444 10.511 10.449 10.425 10.431    0.024 0.029 0.028 0.026 0.028  A 45402
   2717.81198 10.419 10.460 10.431 10.414 10.423    0.034 0.034 0.035 0.036 0.038  A 45930
   2723.88328 10.381 10.439 10.392 10.375 10.387    0.024 0.030 0.027 0.028 0.031  A 46967
   2725.80842 10.383 10.443 10.387 10.368 10.374    0.025 0.029 0.028 0.029 0.030  A 47337
   2727.80328 10.383 10.443 10.396 10.368 10.375    0.031 0.041 0.043 0.035 0.037  A 47725
   2732.79474 10.397 10.450 10.430 10.381 10.382    0.024 0.027 0.036 0.025 0.025  A 48479
   2734.76684 10.413 10.457 10.407 10.392 10.402    0.023 0.027 0.029 0.026 0.028  A 48880
   2736.76768 10.408 10.455 10.409 10.401 10.411    0.024 0.028 0.032 0.026 0.028  A 49271
   2738.79340 10.404 10.485 10.415 10.399 10.416    0.027 0.033 0.034 0.029 0.030  A 49659
   2740.77744 10.428 10.429 10.449 10.422 10.431    0.019 0.028 0.023 0.021 0.023  A 50013
   2742.75078 10.411 10.475 10.415 10.401 10.424    0.030 0.029 0.031 0.035 0.040  A 50405
   2744.75408 10.374 10.444 10.383 10.358 10.367    0.031 0.033 0.032 0.036 0.040  A 50770
   2750.81415 10.329 10.391 10.339 10.322 10.325    0.026 0.034 0.027 0.030 0.033  A 51708
   2752.74383 10.365 10.385 10.355 10.348 10.346    0.028 0.030 0.031 0.029 0.030  A 52069
   2755.73338 10.376 10.438 10.358 10.362 10.370    0.020 0.030 0.024 0.023 0.024  A 52500
   2757.73256 10.447 10.398 10.445 10.445 10.446    0.022 0.028 0.035 0.023 0.023  A 52915
   2759.78647 10.429 10.430 10.448 10.418 10.423    0.022 0.026 0.024 0.025 0.028  A 53282
   2761.72827 10.435 10.482 10.447 10.421 10.419    0.021 0.027 0.024 0.022 0.025  A 53668
   2763.72033 10.466 10.511 10.493 10.453 10.448    0.027 0.030 0.034 0.030 0.032  A 54060
   2766.81151 10.494 10.560 10.540 10.494 10.500    0.027 0.033 0.031 0.031 0.035  A 54598
   2770.71246 10.519 10.543 10.547 10.490 10.495    0.023 0.025 0.029 0.024 0.026  A 54886
   2783.64871 10.290 10.341 10.308 10.278 10.288    0.028 0.033 0.034 0.031 0.033  A 55938
   2786.63989 10.249 10.263 10.264 10.239 10.239    0.023 0.032 0.026 0.026 0.027  A 56567
   2787.79382 10.229 10.266 10.252 10.224 10.222    0.023 0.030 0.029 0.026 0.027  A 56860
   2794.69050 10.186 10.181 10.220 10.141 10.136    0.046 0.051 0.041 0.056 0.067  A 58084
   2805.66554 10.415 10.539 10.368 10.407 10.449    0.062 0.067 0.077 0.070 0.084  D 59217
   2809.66568 10.423 10.452 10.469 10.406 10.408    0.021 0.030 0.026 0.024 0.026  A 59515
   2810.80253 10.469 10.508 10.503 10.448 10.452    0.028 0.034 0.031 0.030 0.033  A 59798
   2812.61745 10.476 10.506 10.480 10.470 10.475    0.023 0.037 0.024 0.027 0.029  A 60173
   2821.56711 10.422 10.487 10.429 10.421 10.416    0.022 0.023 0.028 0.025 0.027  A 61705
   2832.59518 10.265 10.292 10.274 10.244 10.240    0.028 0.029 0.030 0.032 0.038  A 62941
   2833.71538 10.244 10.293 10.242 10.233 10.249    0.030 0.033 0.032 0.034 0.039  A 63176
   2835.60999 10.274 10.348 10.314 10.264 10.276    0.025 0.033 0.030 0.029 0.030  A 63523
   2842.63149 10.387 10.419 10.402 10.373 10.371    0.062 0.058 0.059 0.075 0.088  D 64747
   2845.64992 10.413 10.444 10.448 10.406 10.400    0.021 0.025 0.028 0.022 0.024  A 65226
   2854.68974 10.328 10.374 10.354 10.338 10.345    0.022 0.025 0.027 0.025 0.026  A 65904
   2860.51141 10.342 10.380 10.349 10.340 10.339    0.024 0.025 0.028 0.027 0.030  A 66699
   2861.68683 10.330 10.384 10.343 10.327 10.323    0.031 0.033 0.033 0.035 0.040  A 66983
   2866.65313 10.337 10.368 10.354 10.321 10.332    0.024 0.031 0.027 0.027 0.029  A 67565
   2868.66844 10.350 10.403 10.372 10.344 10.356    0.028 0.035 0.033 0.032 0.035  A 67988
   2874.56404 10.398 10.464 10.408 10.377 10.386    0.068 0.069 0.068 0.072 0.076  D 68339
   2876.56509 10.454 10.590 10.497 10.450 10.457    0.026 0.036 0.030 0.027 0.028  A 68731
   2878.56163 10.457 10.475 10.468 10.446 99.999    0.026 0.030 0.032 0.028 0.027  C 69124
   2882.53612 10.449 10.524 10.469 10.447 10.479    0.041 0.040 0.040 0.048 0.052  A 69465
   2888.52125 10.515 10.518 10.521 10.514 10.522    0.028 0.042 0.033 0.033 0.037  A 70396
   2893.54770 10.541 10.619 10.581 10.514 10.507    0.027 0.032 0.028 0.031 0.035  A 70843
   2895.55338 10.567 10.628 10.590 10.531 10.534    0.025 0.030 0.026 0.027 0.030  A 71240
   2897.56520 10.575 10.626 10.579 10.559 10.574    0.048 0.046 0.047 0.050 0.053  A 71642
   2905.53723 10.382 10.431 10.397 10.370 10.371    0.020 0.024 0.024 0.023 0.026  A 72939
   2908.55058 10.360 10.402 10.392 10.339 10.336    0.025 0.033 0.027 0.028 0.030  A 73393
   2915.52972 10.305 10.386 10.304 10.288 10.303    0.027 0.028 0.029 0.031 0.035  A 74341
   2926.49651 10.379 10.430 10.395 10.355 10.356    0.070 0.066 0.068 0.081 0.091  D 75759
   2929.49339 10.402 10.445 10.395 10.399 10.397    0.031 0.036 0.032 0.034 0.038  A 76299
   3036.87344 10.298 10.326 10.323 10.300 10.306    0.068 0.063 0.067 0.071 0.076  D 89445
   3043.85384 10.252 10.350 10.268 10.232 10.236    0.042 0.037 0.037 0.051 0.059  A 90002
   3053.84961 10.368 10.416 10.401 10.350 10.357    0.029 0.032 0.031 0.034 0.039  A 91343
   3056.87325 10.406 10.438 10.402 10.387 10.394    0.030 0.033 0.031 0.034 0.038  A 91761
   3060.87281 10.427 10.459 10.434 10.415 10.418    0.025 0.028 0.029 0.030 0.034  A 92295
   3064.86110 10.383 10.384 10.388 10.380 10.385    0.037 0.038 0.043 0.042 0.047  A 92830
   3068.83857 10.355 10.363 10.379 10.353 10.353    0.028 0.029 0.029 0.034 0.039  A 93265
   3071.88260 10.405 10.394 10.457 10.377 10.367    0.033 0.050 0.036 0.037 0.042  A 93708
   3079.82097 10.391 10.449 10.418 10.375 10.389    0.028 0.031 0.028 0.033 0.038  A 94773
   3082.84185 10.456 10.551 10.467 10.435 10.433    0.041 0.046 0.040 0.050 0.058  A 95225
   3086.84678 10.432 10.439 10.441 10.424 10.433    0.024 0.032 0.026 0.028 0.033  A 95527
   3089.82113 10.388 10.390 10.399 10.385 10.390    0.030 0.033 0.031 0.035 0.040  A 95975
   3092.81746 10.366 10.374 10.374 10.357 99.999    0.027 0.029 0.032 0.029 0.032  C 96442
   3097.76426 10.346 10.388 10.377 10.346 10.359    0.028 0.030 0.028 0.033 0.037  A 96855
   3099.83260 10.362 10.341 10.363 10.354 10.354    0.030 0.041 0.032 0.034 0.039  A 97184
   3105.84280 10.426 10.433 10.459 10.422 10.450    0.031 0.032 0.036 0.034 0.038  A 98133
   3107.84118 10.420 10.487 10.427 10.398 10.395    0.031 0.042 0.033 0.035 0.040  A 98452
   3110.77250 10.441 10.482 10.448 10.428 10.437    0.027 0.031 0.031 0.031 0.035  A 98895
   3113.75579 10.438 10.505 10.422 10.424 10.434    0.025 0.029 0.027 0.028 0.032  A 99364
   3115.81024 10.461 10.501 10.448 10.460 10.475    0.027 0.031 0.031 0.031 0.036  A 99717
   3122.74207 10.336 10.371 10.321 10.328 10.322    0.023 0.025 0.028 0.026 0.030  A 100247
   3124.79477 10.315 10.362 10.313 10.298 10.307    0.026 0.028 0.028 0.030 0.033  A 100602
   3126.77276 10.318 10.318 10.333 10.305 10.310    0.030 0.030 0.030 0.034 0.039  A 100923
   3128.75356 10.354 10.394 10.356 10.339 10.352    0.037 0.036 0.040 0.040 0.045  A 101237
   3133.76482 10.365 10.371 10.380 10.362 10.360    0.028 0.031 0.030 0.034 0.040  A 102025
   3144.80064 10.561 10.590 10.573 10.555 10.569    0.025 0.029 0.026 0.028 0.031  A 103326
   3153.88221 10.550 10.593 10.583 10.530 10.549    0.026 0.028 0.028 0.030 0.034  A 103845
   3156.65804 10.574 10.614 10.579 10.555 10.555    0.027 0.031 0.029 0.030 0.035  A 104171
   3160.69863 10.580 10.556 10.610 10.571 10.568    0.034 0.037 0.036 0.039 0.046  A 104713
   3163.71035 10.447 10.494 10.466 10.433 10.440    0.028 0.032 0.029 0.033 0.038  A 105044
   3165.71953 10.452 10.477 10.462 10.439 10.440    0.028 0.031 0.032 0.032 0.035  A 105393
   3168.74460 10.335 10.394 10.330 10.322 10.325    0.028 0.032 0.030 0.031 0.036  A 105786
   3170.84108 10.302 10.326 10.330 10.288 10.288    0.032 0.033 0.033 0.038 0.044  A 106078
   3176.69233 10.328 10.382 10.330 10.326 10.330    0.025 0.028 0.027 0.029 0.032  A 106782
   3179.58664 10.355 10.372 10.362 10.343 10.346    0.026 0.032 0.027 0.030 0.033  A 107192
   3182.62832 10.400 10.425 10.419 10.393 10.402    0.026 0.031 0.034 0.028 0.031  A 107498
   3184.61153 10.440 10.442 10.462 10.437 10.445    0.026 0.031 0.026 0.030 0.034  A 107824
   3189.55965 10.495 10.548 10.498 10.493 10.506    0.034 0.036 0.032 0.038 0.043  A 108398
   3191.68815 10.486 10.512 10.497 10.473 10.481    0.034 0.044 0.037 0.039 0.046  A 108739
   3270.51036 10.595 10.654 10.622 10.598 10.597    0.065 0.069 0.068 0.052 0.057  D 115753
   3274.51088 10.592 10.628 10.630 10.573 10.587    0.027 0.030 0.030 0.030 0.034  A 116294
   3277.51125 10.541 10.596 10.579 10.538 10.549    0.029 0.034 0.029 0.034 0.039  A 116667
   3280.50792 10.483 10.526 10.489 10.469 10.466    0.024 0.034 0.027 0.027 0.030  A 117062
   3282.52763 10.446 10.476 10.452 10.423 10.429    0.045 0.055 0.057 0.055 0.067  B 117291
   3292.49895 10.318 10.343 10.353 10.302 10.304    0.040 0.039 0.039 0.049 0.059  A 118233
   3293.49953 10.297 10.317 10.315 10.289 10.294    0.029 0.035 0.033 0.032 0.035  A 118271
   3407.86484 10.230 10.287 10.252 10.231 10.243    0.036 0.047 0.036 0.041 0.045  A 128961
   3411.86452 10.217 10.273 10.233 10.208 10.216    0.031 0.039 0.031 0.035 0.040  A 129566
   3415.85260 10.247 10.286 10.258 10.242 10.250    0.031 0.036 0.031 0.033 0.036  A 130183
   3419.84690 10.346 10.428 10.387 10.334 10.342    0.029 0.043 0.032 0.035 0.039  A 130815
   3422.87851 10.391 10.431 10.404 10.379 10.390    0.038 0.059 0.040 0.046 0.051  A 131299
   3425.87567 10.525 10.538 10.545 10.526 10.500    0.056 0.090 0.057 0.060 0.058  B 131763
   3442.88694 10.461 10.481 10.468 10.455 10.459    0.031 0.043 0.034 0.035 0.040  A 133677
   3445.84969 10.489 10.504 10.498 10.488 10.500    0.034 0.051 0.035 0.037 0.038  A 134181
   3448.84403 10.486 10.549 10.505 10.477 10.490    0.036 0.045 0.036 0.041 0.045  A 134974
   3452.81347 10.464 10.480 10.477 10.458 10.464    0.034 0.044 0.035 0.040 0.046  A 135554
   3454.85617 10.430 10.445 10.441 10.423 10.411    0.044 0.046 0.039 0.056 0.057  A 135904
   3457.79139 10.381 10.412 10.400 10.376 10.392    0.037 0.067 0.038 0.041 0.047  A 136413
   3462.77350 10.445 10.441 10.479 10.422 10.437    0.039 0.065 0.041 0.043 0.050  A 137217
   3464.88017 10.440 10.493 10.456 10.427 10.435    0.026 0.037 0.030 0.031 0.035  A 137578
   3467.80839 10.454 10.547 10.476 10.437 10.444    0.031 0.051 0.034 0.036 0.039  A 137981
   3470.78401 10.454 10.504 10.468 10.455 10.465    0.034 0.043 0.035 0.038 0.041  A 138453
   3473.77348 10.409 10.475 10.410 10.406 10.415    0.041 0.043 0.039 0.045 0.049  A 138923
   3476.76541 10.415 10.513 10.448 10.406 10.417    0.033 0.036 0.030 0.039 0.043  A 139416
   3478.79194 10.410 10.436 10.432 10.406 10.403    0.033 0.045 0.031 0.038 0.043  A 139774
   3480.81861 10.401 10.420 10.405 10.399 10.411    0.039 0.062 0.046 0.043 0.047  A 140061
   3482.79417 10.378 10.480 10.422 10.359 10.371    0.085 0.084 0.075 0.106 0.123  D 140375
   3484.79126 10.299 10.305 10.293 10.309 10.295    0.078 0.087 0.070 0.095 0.109  D 140666
   3489.74747 10.293 10.347 10.307 10.294 10.309    0.034 0.042 0.033 0.040 0.046  A 140990
   3491.77995 10.306 10.327 10.319 10.302 10.309    0.036 0.048 0.036 0.042 0.046  A 141358
   3495.77506 10.319 10.322 10.319 10.286 10.266    0.089 0.081 0.077 0.106 0.125  D 141681
   3497.78524 10.432 10.455 10.439 10.421 10.432    0.029 0.036 0.032 0.032 0.035  A 141968
   3501.68073 10.488 10.547 10.516 10.476 10.473    0.028 0.036 0.028 0.032 0.036  A 142463
   3503.73937 10.472 10.503 10.469 10.470 10.483    0.038 0.077 0.044 0.042 0.045  A 142840
   3506.74101 10.520 10.538 10.518 10.508 10.527    0.030 0.047 0.035 0.032 0.035  A 143177
   3509.72796 10.582 10.643 10.575 10.603 10.636    0.037 0.056 0.042 0.042 0.047  A 143452
   3512.65570 10.550 10.579 10.575 10.542 10.547    0.030 0.033 0.031 0.035 0.040  A 143866
   3516.71548 10.478 10.523 10.486 10.466 10.466    0.060 0.061 0.056 0.075 0.087  D 144201
   3524.64129 10.403 10.475 10.430 10.397 10.395    0.046 0.079 0.047 0.052 0.052  A 145339
   3526.68660 10.383 10.467 10.403 10.371 10.353    0.059 0.087 0.056 0.067 0.076  B 145695
   3528.69331 10.376 10.485 10.400 10.367 10.373    0.045 0.090 0.054 0.043 0.046  B 146027
   3530.70717 10.327 10.331 10.334 10.328 10.338    0.041 0.069 0.043 0.044 0.049  A 146393
   3538.66449 10.330 10.367 10.347 10.320 10.328    0.032 0.053 0.036 0.035 0.038  A 146852
   3543.64636 10.324 10.309 10.321 10.330 10.351    0.040 0.064 0.039 0.047 0.053  A 147557
   3546.72183 10.391 10.411 10.414 10.386 10.403    0.057 0.065 0.054 0.067 0.077  B 147896
   3550.67558 10.475 10.560 10.488 10.463 10.469    0.037 0.054 0.039 0.044 0.049  A 148227
   3552.71977 10.470 10.527 10.502 10.457 10.464    0.041 0.055 0.041 0.046 0.051  A 148490
   3555.71407 10.474 10.460 10.496 10.460 10.465    0.028 0.042 0.029 0.032 0.035  A 148948
   3558.72075 10.409 10.431 10.436 10.400 10.402    0.042 0.060 0.042 0.046 0.050  A 149257
   3560.72411 10.391 10.404 10.418 10.368 10.371    0.030 0.044 0.031 0.033 0.036  A 149590
   3562.74289 10.354 10.402 10.387 10.336 10.343    0.033 0.045 0.033 0.038 0.042  A 149942
   3564.72282 10.296 10.316 10.323 10.287 10.285    0.026 0.035 0.029 0.029 0.033  A 150273
   3571.60163 10.233 10.268 10.239 10.223 10.225    0.029 0.031 0.033 0.034 0.038  A 150894
   3574.61917 10.239 10.297 10.226 10.241 10.252    0.030 0.040 0.033 0.036 0.040  A 151277
   3576.46588 10.265 10.315 10.274 10.260 10.263    0.033 0.042 0.034 0.037 0.043  A 151582
   3576.46829 10.267 10.302 10.287 10.255 10.265    0.030 0.041 0.031 0.034 0.040  A 151583
   3576.47078 10.280 10.310 10.306 10.267 10.264    0.031 0.040 0.032 0.035 0.040  A 151584
   3576.47331 10.262 10.287 10.278 10.254 10.261    0.035 0.048 0.036 0.038 0.043  A 151585
   3576.47583 10.245 10.279 10.254 10.233 10.235    0.031 0.045 0.033 0.036 0.040  A 151586
   3576.47832 10.264 10.312 10.287 10.254 10.252    0.036 0.055 0.040 0.038 0.041  A 151587
   3576.48237 10.249 10.319 10.239 10.235 10.242    0.031 0.044 0.032 0.035 0.039  A 151588
   3576.48487 10.253 10.264 10.270 10.243 10.251    0.030 0.041 0.032 0.033 0.038  A 151589
   3576.48734 10.257 10.305 10.269 10.252 10.255    0.030 0.040 0.031 0.035 0.039  A 151590
   3576.48985 10.250 10.320 10.261 10.242 10.245    0.032 0.045 0.035 0.036 0.041  A 151591
   3576.49236 10.248 10.307 10.261 10.245 10.251    0.031 0.040 0.033 0.035 0.040  A 151592
   3576.49487 10.267 10.298 10.297 10.254 10.256    0.032 0.044 0.036 0.035 0.039  A 151593
   3576.49735 10.255 10.281 10.263 10.259 10.267    0.029 0.040 0.032 0.033 0.038  A 151594
   3576.50068 10.267 10.319 10.274 10.266 10.276    0.032 0.061 0.037 0.037 0.042  A 151595
   3576.50700 10.253 10.277 10.293 10.247 10.258    0.036 0.047 0.040 0.040 0.046  A 151597
   3576.51318 10.233 10.295 10.248 10.233 10.239    0.033 0.061 0.036 0.037 0.041  A 151599
   3576.51928 10.250 10.282 10.256 10.262 10.259    0.036 0.064 0.041 0.040 0.044  A 151601
   3576.52544 10.257 10.275 10.277 10.248 10.252    0.036 0.068 0.046 0.037 0.042  A 151603
   3576.53925 10.261 10.320 10.266 10.256 10.262    0.035 0.053 0.038 0.041 0.041  A 151608
   3576.55307 10.259 10.302 10.251 10.258 10.265    0.031 0.040 0.034 0.035 0.040  A 151613
   3576.58106 10.257 10.292 10.271 10.252 10.258    0.033 0.057 0.037 0.038 0.042  A 151623
   3576.60870 10.243 10.291 10.256 10.239 10.247    0.032 0.050 0.036 0.036 0.041  A 151633
   3576.63439 10.272 10.294 10.296 10.256 10.254    0.030 0.039 0.032 0.033 0.037  A 151642
   3576.66354 10.270 10.294 10.291 10.260 10.262    0.030 0.038 0.033 0.035 0.040  A 151653
   3577.50138 10.303 10.379 10.310 10.299 10.290    0.049 0.067 0.049 0.058 0.065  A 151756
   3577.53091 10.275 10.327 10.267 10.276 10.289    0.044 0.081 0.045 0.048 0.053  B 151766
   3577.55993 10.274 10.283 10.295 10.271 10.281    0.032 0.054 0.036 0.036 0.040  A 151776
   3577.58985 10.262 10.340 10.282 10.257 10.251    0.033 0.054 0.037 0.036 0.041  A 151786
   3578.63888 10.302 10.362 10.337 10.285 10.288    0.029 0.066 0.033 0.032 0.035  A 151976
   3583.70090 10.371 10.447 10.385 10.363 10.383    0.045 0.076 0.052 0.048 0.049  A 152857
   3586.55913 10.315 10.350 10.325 10.318 10.332    0.040 0.076 0.044 0.042 0.044  A 153335
   3588.60117 10.349 10.434 10.380 10.326 10.311    0.088 0.073 0.074 0.108 0.126  D 153651
   3590.68602 10.349 10.401 10.385 10.338 10.345    0.033 0.047 0.035 0.036 0.039  A 154029
   3593.49979 10.286 10.338 10.296 10.283 10.280    0.025 0.029 0.024 0.029 0.033  A 154494
   3599.65034 10.265 10.295 10.261 10.257 10.262    0.037 0.043 0.038 0.041 0.045  A 155271
   3602.49800 10.297 10.370 10.330 10.281 10.283    0.035 0.059 0.037 0.041 0.046  A 155685
   3604.53384 10.290 10.374 10.311 10.281 10.294    0.038 0.052 0.035 0.045 0.048  A 156007
   3608.51241 10.344 10.423 10.380 10.325 10.333    0.045 0.094 0.050 0.047 0.046  B 156427
   3617.59097 10.301 10.342 10.307 10.297 10.301    0.033 0.037 0.036 0.038 0.043  A 157120
   3620.50160 10.339 10.418 10.360 10.340 10.363    0.037 0.071 0.040 0.040 0.043  A 157546
   3626.58591 10.333 10.410 10.351 10.319 10.330    0.031 0.038 0.034 0.037 0.042  A 158305
   3630.55713 10.454 10.446 10.484 10.442 10.447    0.034 0.033 0.033 0.041 0.047  A 158761
   3632.56334 10.368 10.438 10.381 10.355 10.359    0.036 0.042 0.036 0.043 0.051  A 159073
   3635.54628 10.424 10.457 10.467 10.419 10.413    0.055 0.050 0.049 0.064 0.074  B 159510
   3639.54765 10.436 10.468 10.455 10.433 10.436    0.034 0.041 0.032 0.039 0.043  A 159906
   3642.54758 10.353 10.409 10.345 10.343 10.354    0.041 0.040 0.040 0.048 0.053  A 160287
   3647.51506 10.281 10.306 10.296 10.279 10.285    0.027 0.031 0.031 0.031 0.034  A 160863
   3654.50777 10.290 10.337 10.298 10.283 10.295    0.040 0.086 0.045 0.045 0.049  B 161839
   3659.49495 10.349 10.381 10.354 10.343 10.351    0.038 0.039 0.035 0.045 0.051  A 162582
   3765.86922 10.671 10.720 10.691 10.656 10.667    0.040 0.047 0.038 0.047 0.053  A 176372
   3770.88163 10.501 10.552 10.534 10.470 10.460    0.044 0.047 0.038 0.053 0.062  A 177056
   3774.86525 10.614 10.691 10.631 10.607 10.622    0.037 0.047 0.033 0.044 0.051  A 177575
   3790.85067 10.545 10.627 10.571 10.535 10.537    0.040 0.058 0.048 0.044 0.049  A 179319
   3794.84769 99.999 10.646 10.601 99.999 99.999    0.033 0.036 0.032 0.039 0.045  C 179902
   3797.87596 10.616 10.693 10.641 10.612 10.621    0.034 0.042 0.035 0.037 0.042  A 180340
   3802.83754 10.589 10.626 10.606 10.579 10.576    0.050 0.075 0.051 0.056 0.062  A 180952
   3805.86425 10.523 10.611 10.566 10.509 10.510    0.036 0.066 0.038 0.041 0.045  A 181384
   3809.83325 10.401 10.478 10.432 10.400 10.431    0.038 0.059 0.039 0.047 0.053  A 181885
   3812.83340 10.369 10.412 10.390 10.359 10.365    0.036 0.039 0.035 0.043 0.050  A 182363
   3816.89687 10.317 10.430 10.349 10.309 10.308    0.046 0.074 0.052 0.049 0.053  A 183018
   3819.82543 10.272 10.286 10.271 10.275 10.284    0.041 0.082 0.044 0.045 0.050  B 183479
   3822.81544 10.280 10.312 10.290 10.270 10.284    0.040 0.046 0.037 0.046 0.053  A 183959
   3825.80588 99.999 99.999 99.999 99.999 99.999    0.039 0.039 0.036 0.046 0.054  C 184456
   3828.80265 10.362 10.375 10.366 10.358 10.367    0.034 0.066 0.037 0.038 0.043  A 184968
   3831.78918 10.379 10.476 10.406 10.365 10.373    0.038 0.051 0.037 0.045 0.050  A 185471
   3833.84558 10.361 10.424 10.395 10.374 10.377    0.042 0.062 0.041 0.051 0.060  A 185841
   3836.77541 10.353 10.403 10.361 10.353 10.368    0.044 0.056 0.051 0.055 0.064  A 186323
   3848.81120 10.242 10.259 10.235 10.220 10.229    0.063 0.085 0.063 0.072 0.081  D 186972
   3850.85167 10.274 10.264 10.291 10.263 10.277    0.035 0.053 0.038 0.039 0.044  A 187326
   3853.74057 10.260 10.273 10.278 10.256 10.268    0.031 0.051 0.033 0.036 0.041  A 187822
   3855.83075 10.297 10.391 10.319 10.299 10.307    0.053 0.076 0.054 0.058 0.063  B 188157
   3858.72957 10.190 10.225 10.208 10.197 10.208    0.049 0.078 0.057 0.052 0.055  B 188555
   3860.76855 10.205 10.253 10.198 10.201 10.217    0.037 0.045 0.038 0.045 0.049  A 188871
   3862.70491 10.172 10.227 10.183 10.160 10.171    0.031 0.041 0.031 0.035 0.040  A 189223
   3864.70115 10.162 10.179 10.162 10.166 10.186    0.038 0.057 0.041 0.041 0.046  A 189556
   3866.68646 10.582 10.613 10.650 10.549 10.568    0.034 0.035 0.032 0.039 0.045  A 189904
   3871.74280 10.265 10.278 10.269 10.277 10.287    0.040 0.077 0.046 0.043 0.047  A 190774
   3874.82911 10.386 10.419 10.407 10.373 10.387    0.032 0.044 0.032 0.037 0.041  A 191080
   3877.67747 10.410 10.475 10.418 10.406 10.416    0.029 0.040 0.032 0.033 0.037  A 191500
   3880.71690 10.401 10.441 10.428 10.395 10.407    0.030 0.047 0.031 0.034 0.038  A 191830
   3882.76336 10.388 10.489 10.412 10.386 10.401    0.038 0.080 0.043 0.043 0.047  A 192133
   3886.84539 10.292 10.295 10.319 10.285 10.289    0.034 0.041 0.036 0.038 0.044  A 192540
   3889.63829 10.270 10.303 10.281 10.253 10.263    0.033 0.042 0.036 0.036 0.040  A 192986
   3891.66986 10.239 10.259 10.250 10.220 10.233    0.030 0.036 0.032 0.034 0.036  A 193362
   3893.67112 10.227 10.263 10.233 10.214 10.224    0.035 0.044 0.042 0.039 0.044  A 193719
   3898.67801 10.233 10.250 10.236 10.234 10.250    0.045 0.062 0.046 0.052 0.060  A 194367
   3900.69136 10.319 10.365 10.355 10.310 10.320    0.043 0.076 0.045 0.049 0.057  A 194673
   3902.71019 10.327 10.364 10.327 10.329 10.339    0.032 0.061 0.035 0.037 0.042  A 195055
   3904.74011 10.358 10.421 10.391 10.339 10.345    0.032 0.053 0.034 0.036 0.040  A 195446
   3906.74391 10.375 10.435 10.383 10.371 10.383    0.036 0.060 0.038 0.039 0.044  A 195827
   3908.81573 10.355 10.402 10.365 10.352 10.360    0.032 0.051 0.035 0.037 0.041  A 196236
   3912.73492 10.288 10.331 10.311 10.282 10.286    0.032 0.040 0.033 0.036 0.039  A 196776
   3981.57723 10.341 10.415 10.367 10.328 10.334    0.032 0.041 0.032 0.037 0.040  A 203326
   4127.86979 10.409 10.457 10.420 10.402 10.414    0.055 0.088 0.086 0.058 0.046  D 211883
   4131.87114 10.510 10.587 10.530 10.507 10.523    0.032 0.049 0.035 0.036 0.041  A 212396
   4135.86688 11.115 11.328 11.246 10.998 10.986    0.048 0.042 0.042 0.060 0.073  B 212931
   4145.85655 10.579 10.614 10.598 10.576 10.596    0.044 0.050 0.041 0.051 0.058  A 214338
   4151.86624 10.510 10.587 10.527 10.508 10.517    0.037 0.057 0.039 0.041 0.046  A 215042
   4155.86097 10.455 10.566 10.502 10.448 10.459    0.035 0.061 0.041 0.038 0.042  A 215639
   4158.86911 10.461 10.516 10.493 10.432 10.435    0.038 0.052 0.036 0.044 0.048  A 216067
   4162.83880 10.449 10.530 10.475 10.425 10.418    0.062 0.077 0.056 0.073 0.081  D 216694
   4165.88395 10.464 10.531 10.490 10.454 10.459    0.045 0.057 0.040 0.054 0.064  A 217123
   4173.87243 10.488 10.512 10.494 10.487 10.505    0.036 0.052 0.038 0.044 0.048  A 218150
   4176.84700 10.480 10.548 10.494 10.479 10.483    0.044 0.071 0.047 0.050 0.055  A 218581
   4179.85203 10.454 10.484 10.485 10.432 10.441    0.041 0.062 0.044 0.046 0.052  A 218910
   4182.82645 10.397 10.429 10.420 10.384 10.392    0.044 0.065 0.048 0.049 0.056  A 219323
   4185.81516 10.443 10.506 10.463 10.439 10.457    0.043 0.060 0.044 0.050 0.057  A 219751
   4189.77944 99.999 99.999 99.999 99.999 99.999    0.032 0.039 0.036 0.035 0.040  C 220132
   4191.83245 10.373 10.468 10.404 10.379 10.388    0.053 0.051 0.053 0.057 0.063  B 220473
   4193.84697 10.397 10.433 10.437 10.387 10.388    0.038 0.055 0.042 0.042 0.049  A 220804
   4200.77824 10.436 10.452 10.439 10.431 10.432    0.035 0.040 0.039 0.039 0.045  A 221532
   4203.82325 10.427 10.476 10.472 10.426 10.429    0.036 0.057 0.041 0.040 0.044  A 221844
   4207.77848 10.403 10.463 10.426 10.389 10.398    0.040 0.048 0.040 0.044 0.049  A 222273
   4213.84460 10.406 10.340 10.413 10.404 10.422    0.053 0.062 0.052 0.060 0.067  B 222656
   4216.83714 10.354 10.411 10.373 10.361 10.364    0.039 0.059 0.044 0.043 0.048  A 222936
   4227.77409 10.317 10.330 10.292 10.305 10.322    0.032 0.038 0.037 0.036 0.041  A 223204
   4229.77513 10.277 10.289 10.306 10.283 10.300    0.039 0.058 0.042 0.044 0.048  A 223561
   4231.77927 10.294 10.292 10.326 10.282 10.290    0.038 0.043 0.039 0.043 0.050  A 223920
   4233.77795 10.266 10.319 10.272 10.261 10.269    0.035 0.037 0.037 0.040 0.045  A 224266
   4235.80694 10.268 10.286 10.302 10.261 10.257    0.032 0.039 0.034 0.036 0.041  A 224642
   4238.68731 10.271 10.262 10.257 10.272 10.280    0.039 0.051 0.043 0.045 0.052  A 225029
   4245.66609 10.259 10.312 10.293 10.248 10.247    0.063 0.060 0.060 0.077 0.093  D 226047
   4247.63652 10.285 10.364 10.294 10.283 10.290    0.044 0.053 0.045 0.048 0.055  A 226403
   4254.69583 10.320 10.329 10.321 10.326 10.338    0.078 0.073 0.078 0.081 0.087  D 227031
   4256.73025 10.357 10.399 10.365 10.347 10.362    0.031 0.040 0.033 0.036 0.040  A 227283
   4258.79718 10.345 10.385 10.359 10.331 10.339    0.034 0.036 0.036 0.038 0.044  A 227570
   4268.59282 10.199 10.178 10.223 10.185 10.194    0.056 0.066 0.058 0.061 0.066  B 227966
   4273.71442 10.312 10.337 10.284 10.309 10.312    0.044 0.042 0.044 0.051 0.055  A 228522
   4276.60018 10.331 10.375 10.349 10.324 10.322    0.034 0.041 0.038 0.039 0.044  A 228843
   4283.74644 10.419 10.415 10.423 10.431 10.450    0.058 0.063 0.054 0.067 0.078  D 229674
   4285.73196 10.365 10.398 10.397 10.350 10.352    0.041 0.048 0.044 0.046 0.052  A 230013
   4289.72563 10.307 10.328 10.313 10.303 10.305    0.035 0.049 0.044 0.039 0.044  A 230367
   4291.72763 10.320 10.321 10.345 10.318 10.310    0.076 0.066 0.070 0.079 0.088  D 230718
   4293.71625 10.262 10.324 10.270 10.261 10.250    0.043 0.065 0.055 0.045 0.048  B 231081
   4295.72890 10.216 10.212 10.244 10.206 10.218    0.043 0.069 0.047 0.047 0.051  A 231425
   4299.69300 10.189 10.177 10.205 10.178 10.197    0.058 0.070 0.058 0.062 0.067  B 232137
   4301.62947 10.141 10.122 10.148 10.142 10.163    0.067 0.086 0.067 0.071 0.077  D 232466
   4303.62823 10.243 10.243 10.222 10.243 10.243    0.046 0.056 0.049 0.049 0.052  A 232762
   4308.55362 10.339 10.425 10.333 10.315 10.306    0.051 0.055 0.053 0.060 0.069  B 233621
   4310.65233 10.387 10.456 10.434 10.384 10.393    0.036 0.048 0.037 0.042 0.046  A 233902
   4315.65527 10.352 10.352 10.325 10.352 10.361    0.051 0.056 0.053 0.057 0.060  A 234574
   4319.54879 10.345 10.370 10.374 10.338 10.336    0.031 0.038 0.034 0.035 0.038  A 234952
   4330.55593 10.327 10.355 10.328 10.324 10.334    0.032 0.042 0.037 0.036 0.042  A 235289
   4336.53868 10.346 10.375 10.353 10.348 10.348    0.039 0.052 0.045 0.043 0.048  A 236176
   4339.63417 10.306 10.375 10.319 10.297 10.299    0.038 0.049 0.040 0.042 0.049  A 236589
   4342.50612 10.255 10.228 10.259 10.250 10.277    0.054 0.072 0.055 0.059 0.064  B 237052
   4344.52021 10.291 10.346 10.306 10.276 10.291    0.035 0.040 0.037 0.038 0.045  A 237398
   4346.52375 10.299 10.303 10.302 10.294 10.305    0.048 0.073 0.049 0.053 0.057  A 237740
   4348.54392 10.276 10.340 10.309 10.261 10.266    0.044 0.056 0.043 0.050 0.054  A 238101
   4350.54823 10.259 10.320 10.284 10.247 10.257    0.037 0.043 0.038 0.042 0.047  A 238420
   4352.56155 10.324 10.344 10.346 10.321 10.325    0.032 0.036 0.036 0.036 0.040  A 238736
   4355.56502 10.381 10.411 10.391 10.370 10.381    0.034 0.041 0.037 0.039 0.045  A 239147
   4357.57564 10.405 10.406 10.435 10.400 10.401    0.035 0.038 0.037 0.037 0.041  A 239441
   4363.50171 10.405 10.433 10.440 10.395 10.399    0.031 0.038 0.035 0.035 0.040  A 240293
   4365.55068 10.374 10.396 10.407 10.359 10.357    0.049 0.055 0.051 0.053 0.058  A 240620
   4369.52725 10.364 10.415 10.355 10.348 10.335    0.047 0.046 0.048 0.053 0.061  A 241105
   4371.53916 10.331 10.341 10.354 10.314 10.312    0.040 0.056 0.042 0.047 0.054  A 241438
   4375.52207 10.284 10.354 10.295 10.277 10.285    0.035 0.040 0.037 0.037 0.041  A 241920
   4377.52789 10.291 10.289 10.302 10.282 10.288    0.031 0.043 0.034 0.035 0.040  A 242234
   4380.51610 10.324 10.387 10.340 10.310 10.321    0.041 0.046 0.040 0.047 0.053  A 242680
   4383.50821 10.329 10.380 10.365 10.312 10.319    0.032 0.044 0.034 0.036 0.039  A 243136
   4501.87526 10.430 10.494 10.452 10.414 10.425    0.035 0.040 0.034 0.039 0.044  A 255359
   4505.87348 10.438 10.469 10.461 10.422 10.420    0.036 0.041 0.036 0.040 0.045  A 255927
   4517.87202 10.666 10.739 10.674 10.644 10.670    0.044 0.059 0.046 0.051 0.059  A 257336
   4520.87461 10.659 10.711 10.686 10.639 10.633    0.043 0.052 0.044 0.049 0.056  A 257784
   4528.83539 10.586 10.622 10.578 10.601 10.606    0.035 0.042 0.038 0.040 0.044  A 258948
   4531.86852 10.496 10.559 10.523 10.485 10.490    0.037 0.042 0.039 0.041 0.046  A 259404
   4535.88624 10.436 10.457 10.461 10.422 10.420    0.034 0.040 0.037 0.038 0.041  A 259852
   4538.86968 10.414 10.496 10.429 10.407 10.410    0.042 0.047 0.042 0.048 0.053  A 260305
   4541.84481 10.408 10.449 10.442 10.390 10.405    0.032 0.038 0.034 0.036 0.040  A 260737
   4547.82819 10.427 10.440 10.444 10.420 10.430    0.041 0.046 0.040 0.047 0.052  A 261669
   4554.87952 10.531 10.583 10.567 10.529 10.539    0.046 0.052 0.046 0.054 0.061  A 262620
   4557.80514 10.556 10.570 10.586 10.537 10.538    0.032 0.038 0.036 0.035 0.040  A 263081
   4560.79575 10.576 10.632 10.574 10.580 10.607    0.036 0.056 0.042 0.040 0.044  A 263576
   4563.79218 10.594 10.659 10.616 10.593 10.599    0.036 0.062 0.042 0.039 0.044  A 264074
   4566.78226 10.630 10.663 10.670 10.610 10.614    0.037 0.042 0.041 0.040 0.043  A 264574
   4569.78354 10.653 10.707 10.684 10.643 10.647    0.033 0.042 0.035 0.038 0.043  A 265038
   4571.81455 10.656 10.694 10.701 10.639 10.642    0.046 0.047 0.047 0.058 0.042  A 265393
   4573.78301 10.654 10.672 10.686 10.631 10.634    0.037 0.046 0.039 0.042 0.049  A 265728
#ndata= 8
#dataset= 5 ; 1 F1704-24_230
#desig= 163350-2727.0
#cra=   16.563816  16:33:49.7
#cdec= -27.449297 -27:26:57.5
#class= 0
#cmag_0= 10.430
#cmer_0=  0.044
#nskip_0= 0
#cmag_1= 10.426
#cmer_1=  0.042
#nskip_1= 0
#cmag_2= 10.409
#cmer_2=  0.045
#nskip_2= 0
#cmag_3= 10.414
#cmer_3=  0.044
#nskip_3= 0
#cmag_4= 10.415
#cmer_4=  0.043
#nskip_4= 0
#ra=   16.563816  16:33:49.7
#dec= -27.449297 -27:26:57.5
#     HJD      MAG_2  MAG_0  MAG_1  MAG_3  MAG_4    MER_2 MER_0 MER_1 MER_3 MER_4 GRADE FRAME
   2454.61109 10.330 10.349 10.357 10.344 10.349    0.039 0.050 0.044 0.043 0.048  A 9840
   2463.58800 10.431 10.446 10.434 10.444 10.448    0.031 0.041 0.037 0.036 0.039  A 10597
   2703.83552 10.478 10.499 10.487 10.484 10.486    0.031 0.038 0.033 0.034 0.038  A 43554
   2719.83173 10.442 10.458 10.474 10.445 10.440    0.036 0.043 0.037 0.041 0.049  A 46180
   2727.81721 10.389 10.436 10.398 10.393 99.999    0.032 0.041 0.034 0.035 0.039  C 47731
   2744.76590 10.406 10.406 10.431 10.406 10.411    0.031 0.042 0.032 0.036 0.040  A 50775
   2763.74503 10.448 10.471 10.479 10.473 10.463    0.032 0.045 0.034 0.035 0.038  A 54071
   2783.65322 10.298 10.301 10.307 10.310 10.295    0.031 0.044 0.043 0.034 0.036  A 55940
