#ndata= 427
#dataset= 1 ; 1 F1630-48_112
#desig= 164047-4501.8
#cra=   16.679841  16:40:47.4
#cdec= -45.030229 -45:01:48.8
#class= 0
#cmag_0= 11.594
#cmer_0=  0.169
#nskip_0= 0
#cmag_1= 11.634
#cmer_1=  0.228
#nskip_1= 0
#cmag_2= 11.668
#cmer_2=  0.153
#nskip_2= 0
#cmag_3= 11.690
#cmer_3=  0.152
#nskip_3= 0
#cmag_4= 11.679
#cmer_4=  0.143
#nskip_4= 0
#ra=   16.679841  16:40:47.4
#dec= -45.030229 -45:01:48.8
#     HJD      MAG_1  MAG_0  MAG_2  MAG_3  MAG_4    MER_1 MER_0 MER_2 MER_3 MER_4 GRADE FRAME
   1984.90443 29.999 29.999 29.999 29.999 29.999    0.061 0.066 0.049 0.053 0.054  C 13077
   1985.82176 29.999 29.999 29.999 29.999 29.999    0.055 0.059 0.045 0.049 0.050  C 13234
   2000.79056 29.999 29.999 29.999 29.999 29.999    0.069 0.079 0.056 0.060 0.061  D 14714
   2008.70854 11.474 11.477 11.561 11.585 11.579    0.073 0.083 0.062 0.066 0.068  D 15200
   3168.72393 29.999 29.999 29.999 29.999 29.999    0.042 0.051 0.036 0.041 0.045  C 105779
   3495.77101 29.999 29.999 29.999 29.999 29.999    0.070 0.069 0.075 0.092 0.108  D 141680
   3876.60557 29.999 29.999 29.999 29.999 29.999    0.048 0.067 0.043 0.048 0.052  C 191328
   3902.69910 29.999 29.999 29.999 29.999 29.999    0.043 0.053 0.038 0.044 0.049  C 195051
   4253.70721 11.794 11.714 11.776 11.797 11.780    0.048 0.049 0.043 0.050 0.057  A 226869
#dataset= 1 ; 2 F1630-48_112
#desig= 164049-4502.0
#cra=   16.680177  16:40:48.6
#cdec= -45.032743 -45:01:57.9
#class= 0
#cmag_0= 11.416
#cmer_0=  0.124
#nskip_0= 1
#cmag_1= 11.427
#cmer_1=  0.123
#nskip_1= 0
#cmag_2= 11.447
#cmer_2=  0.126
#nskip_2= 0
#cmag_3= 11.477
#cmer_3=  0.129
#nskip_3= 0
#cmag_4= 11.505
#cmer_4=  0.133
#nskip_4= 0
#ra=   16.680177  16:40:48.6
#dec= -45.032743 -45:01:57.9
#     HJD      MAG_1  MAG_0  MAG_2  MAG_3  MAG_4    MER_1 MER_0 MER_2 MER_3 MER_4 GRADE FRAME
   1930.85145 11.328 11.259 11.339 11.385 11.430    0.042 0.049 0.036 0.041 0.044  A 7186
   1932.86690 11.262 11.200 11.266 11.285 11.321    0.041 0.048 0.035 0.039 0.044  A 7527
   1937.85452 11.235 11.243 11.269 11.317 11.340    0.042 0.049 0.036 0.039 0.043  A 8207
   1940.84133 11.293 11.308 11.325 11.360 11.396    0.043 0.051 0.035 0.039 0.043  A 8567
   1946.86823 11.300 11.273 11.327 11.358 11.394    0.041 0.046 0.032 0.037 0.041  A 8868
   1949.83225 11.326 11.320 11.335 11.350 11.382    0.047 0.057 0.040 0.045 0.050  A 9274
   1950.88460 11.268 11.228 11.275 11.289 11.323    0.044 0.046 0.034 0.038 0.043  A 9472
   1953.82979 11.245 11.270 11.219 11.215 11.255    0.047 0.048 0.038 0.044 0.048  A 9757
   1955.83843 11.223 11.204 11.258 11.267 11.294    0.041 0.041 0.033 0.038 0.041  A 10119
   1958.89492 11.239 11.243 11.262 11.276 11.322    0.048 0.050 0.038 0.043 0.044  A 10315
   1965.81259 11.317 11.306 11.322 11.342 11.352    0.042 0.042 0.033 0.036 0.039  A 11254
   1967.81249 11.306 11.289 11.308 11.361 11.399    0.044 0.043 0.035 0.038 0.041  A 11598
   1976.90660 29.999 29.999 29.999 29.999 29.999    0.056 0.062 0.047 0.051 0.051  C 11891
   1979.74644 11.344 11.364 11.374 11.375 11.445    0.052 0.055 0.043 0.049 0.051  A 12274
   1980.77214 11.373 11.395 11.427 11.426 11.451    0.075 0.077 0.072 0.081 0.089  D 12432
   1981.79380 11.393 11.357 11.402 11.419 11.445    0.052 0.056 0.043 0.049 0.050  A 12623
   1982.76871 11.379 11.346 11.416 11.472 11.497    0.045 0.049 0.037 0.041 0.044  A 12805
   1994.71531 11.469 11.465 11.483 11.510 11.554    0.060 0.066 0.048 0.052 0.052  B 13480
   1995.79782 29.999 29.999 29.999 29.999 29.999    0.069 0.078 0.056 0.060 0.062  D 13713
   1996.79686 11.502 11.489 11.505 11.490 11.512    0.068 0.079 0.054 0.057 0.059  D 13908
   1997.84295 29.999 29.999 29.999 29.999 29.999    0.073 0.083 0.060 0.060 0.063  D 14134
   1998.79634 29.999 29.999 29.999 29.999 29.999    0.073 0.086 0.058 0.061 0.062  D 14314
   2016.75049 29.999 29.999 29.999 29.999 29.999    0.065 0.074 0.054 0.057 0.058  C 16008
   2025.74457 11.268 11.220 11.289 11.313 11.319    0.046 0.063 0.040 0.043 0.046  A 17237
   2026.73177 11.283 11.306 11.308 11.351 11.366    0.047 0.065 0.038 0.041 0.046  A 17448
   2027.72236 11.263 11.256 11.278 11.289 11.316    0.049 0.070 0.041 0.044 0.048  A 17663
   2030.71234 11.314 11.323 11.320 11.324 11.323    0.047 0.067 0.040 0.043 0.047  A 17834
   2031.72039 11.327 11.376 11.333 11.362 11.375    0.048 0.070 0.041 0.044 0.048  A 18048
   2032.70965 11.278 11.296 11.290 11.311 11.314    0.045 0.063 0.038 0.041 0.045  A 18265
   2033.70166 11.342 11.340 11.349 11.372 11.379    0.043 0.058 0.035 0.038 0.043  A 18482
   2037.67839 11.341 11.345 11.358 11.388 11.410    0.050 0.070 0.042 0.047 0.051  A 18989
   2052.64470 11.444 11.468 11.450 11.473 11.494    0.049 0.073 0.041 0.045 0.049  A 19826
   2053.68025 11.387 11.371 11.412 11.452 11.469    0.049 0.074 0.042 0.045 0.050  B 20044
   2054.67411 11.426 11.410 11.434 11.456 11.483    0.055 0.087 0.047 0.050 0.055  B 20262
   2055.65594 11.386 11.383 11.405 11.453 11.487    0.052 0.081 0.044 0.047 0.051  B 20476
   2056.65972 11.404 11.465 11.393 11.421 11.433    0.051 0.080 0.044 0.047 0.052  B 20704
   2057.65185 11.424 11.398 11.425 11.435 11.453    0.051 0.078 0.043 0.047 0.052  B 20930
   2058.65243 11.446 11.447 11.445 11.459 11.474    0.049 0.078 0.041 0.044 0.049  B 21158
   2059.70622 11.490 11.505 11.501 11.527 11.543    0.058 0.080 0.054 0.062 0.070  B 21308
   2062.59565 11.396 11.376 11.449 11.508 11.518    0.052 0.074 0.045 0.051 0.056  B 21522
   2067.62364 11.411 11.407 11.441 11.473 11.510    0.051 0.073 0.043 0.048 0.052  A 21844
   2068.62910 11.412 11.366 11.438 11.466 11.496    0.054 0.084 0.045 0.050 0.054  B 22071
   2069.63396 11.491 11.478 11.496 11.524 11.546    0.052 0.082 0.044 0.049 0.053  B 22296
   2070.62428 11.501 11.555 11.517 11.553 11.564    0.052 0.083 0.042 0.045 0.050  B 22521
   2071.66132 11.449 11.406 11.472 11.484 11.500    0.058 0.082 0.057 0.066 0.075  B 22725
   2081.60355 11.488 11.514 11.529 11.577 11.596    0.051 0.077 0.042 0.046 0.050  B 23107
   2082.62598 11.542 11.528 11.544 11.552 11.570    0.049 0.073 0.042 0.046 0.051  A 23341
   2083.60092 11.456 11.480 11.493 11.538 11.608    0.047 0.064 0.041 0.046 0.050  A 23575
   2085.59207 11.511 11.481 11.551 11.575 11.606    0.046 0.058 0.038 0.042 0.046  A 23798
   2086.59571 11.512 11.523 11.531 11.555 11.579    0.048 0.073 0.041 0.044 0.048  A 24023
   2087.59103 11.499 11.484 11.516 11.543 11.564    0.051 0.079 0.044 0.048 0.052  B 24241
   2088.58873 11.530 11.515 11.531 11.577 11.623    0.051 0.077 0.042 0.047 0.050  B 24470
   2094.60761 11.481 11.467 11.530 11.586 11.600    0.050 0.072 0.042 0.047 0.051  A 24986
   2096.56909 11.427 11.439 11.473 11.510 11.526    0.049 0.070 0.042 0.046 0.050  A 25420
   2102.54443 11.481 11.439 11.490 11.516 11.528    0.046 0.061 0.038 0.042 0.046  A 25622
   2103.57082 11.462 11.451 11.501 11.535 11.546    0.050 0.066 0.043 0.048 0.051  A 25780
   2104.57069 11.470 11.479 11.486 11.508 11.538    0.045 0.063 0.038 0.042 0.046  A 25982
   2105.55858 11.476 11.425 11.512 11.572 11.614    0.048 0.065 0.040 0.043 0.047  A 26197
   2106.56043 11.445 11.411 11.465 11.504 11.531    0.047 0.063 0.038 0.042 0.045  A 26402
   2109.55544 11.431 11.387 11.434 11.447 11.472    0.048 0.064 0.041 0.044 0.047  A 26572
   2115.52241 11.401 11.406 11.442 11.478 11.531    0.045 0.061 0.038 0.041 0.046  A 26817
   2116.52810 11.470 11.416 11.470 11.518 11.569    0.044 0.057 0.038 0.040 0.044  A 27038
   2117.52693 11.415 11.407 11.425 11.453 11.478    0.047 0.063 0.040 0.043 0.045  A 27259
   2124.50064 11.452 11.461 11.503 11.543 11.544    0.048 0.068 0.041 0.046 0.050  A 27596
   2128.49496 11.547 11.528 11.550 11.568 11.593    0.045 0.061 0.038 0.041 0.046  A 27876
   2130.51221 11.521 11.536 11.545 11.568 11.572    0.045 0.057 0.037 0.041 0.046  A 28314
   2132.49934 11.590 11.559 11.614 11.657 11.681    0.047 0.066 0.039 0.044 0.048  A 28726
   2134.50228 11.578 11.532 11.632 11.679 11.733    0.043 0.050 0.036 0.040 0.044  A 29156
   2141.49904 11.587 11.558 11.617 11.641 11.684    0.044 0.055 0.038 0.042 0.046  A 30336
   2143.48620 11.587 11.602 11.603 11.617 11.623    0.047 0.067 0.040 0.044 0.049  A 30736
   2145.48889 11.541 11.500 11.574 11.603 11.609    0.043 0.057 0.038 0.043 0.047  A 31148
   2151.50866 11.556 11.495 11.598 11.642 11.697    0.040 0.055 0.040 0.048 0.053  A 31333
   2441.61673 11.330 11.318 11.338 11.380 11.427    0.036 0.037 0.028 0.032 0.035  A 8270
   2442.61310 11.341 11.294 11.355 11.388 11.418    0.041 0.041 0.037 0.042 0.044  A 8474
   2452.57549 11.415 11.437 11.475 11.482 11.518    0.049 0.052 0.041 0.045 0.045  A 9434
   2453.58951 11.457 11.551 11.492 11.550 11.500    0.078 0.087 0.074 0.084 0.095  D 9610
   2456.57661 11.543 11.515 11.524 11.567 11.584    0.042 0.044 0.034 0.036 0.038  A 10050
   2459.59823 11.463 11.443 11.500 11.586 11.630    0.061 0.062 0.060 0.070 0.079  D 10109
   2464.57059 11.480 11.499 11.479 11.520 11.583    0.042 0.041 0.031 0.036 0.035  A 10808
   2465.57649 11.471 11.417 11.472 11.506 11.544    0.040 0.040 0.032 0.035 0.035  A 11031
   2466.56812 11.478 11.399 11.469 11.481 11.487    0.037 0.057 0.022 0.029 0.038  A 11246
   2468.56758 11.514 11.497 11.520 11.541 11.560    0.036 0.036 0.027 0.029 0.032  A 11683
   2469.56415 11.453 11.474 11.500 11.539 11.594    0.042 0.037 0.031 0.035 0.037  A 11897
   2473.50871 11.520 11.487 11.501 11.523 11.551    0.047 0.050 0.039 0.044 0.044  A 12626
   2481.51445 11.343 11.250 11.361 11.412 11.419    0.052 0.059 0.043 0.046 0.047  A 12943
   2482.54030 11.372 11.386 11.412 11.419 11.462    0.050 0.054 0.040 0.044 0.043  A 13114
   2486.52448 11.338 11.347 11.345 11.366 11.376    0.060 0.065 0.050 0.051 0.053  B 13272
   2489.51332 11.372 11.409 11.375 11.376 11.443    0.057 0.058 0.053 0.061 0.070  B 13793
   2491.50935 11.367 11.362 11.362 11.360 11.393    0.049 0.054 0.041 0.042 0.042  A 14184
   2494.50474 11.317 11.294 11.316 11.332 11.353    0.039 0.038 0.035 0.039 0.044  A 14606
   2508.63938 11.454 11.485 99.999 99.999 99.999    0.053 0.056 0.046 0.051 0.056  C 16794
   2510.61022 11.453 11.476 11.482 11.514 11.519    0.041 0.042 0.033 0.038 0.042  A 16965
   2519.58918 11.366 11.332 11.388 11.456 11.474    0.058 0.065 0.046 0.049 0.048  B 17983
   2520.59458 11.387 11.313 11.388 11.399 11.424    0.039 0.043 0.032 0.036 0.040  A 18184
   2521.60421 11.328 11.300 11.334 11.359 11.374    0.041 0.050 0.032 0.036 0.038  A 18384
   2524.58023 11.257 11.289 11.305 11.322 11.349    0.051 0.056 0.043 0.047 0.049  A 18628
   2535.57487 11.252 11.314 11.306 11.359 11.405    0.043 0.053 0.036 0.041 0.045  A 19239
   2543.49941 11.323 11.323 11.363 11.401 11.418    0.044 0.049 0.038 0.043 0.048  A 19857
   2545.48672 11.431 11.361 11.435 11.455 11.481    0.043 0.052 0.034 0.035 0.038  A 20108
   2547.49677 11.452 11.435 11.466 11.467 11.486    0.043 0.055 0.036 0.039 0.042  A 20363
   2549.48979 11.472 11.492 11.506 11.539 11.571    0.045 0.053 0.035 0.037 0.040  A 20717
   2552.49065 11.530 11.567 11.578 11.589 11.616    0.057 0.070 0.046 0.050 0.051  B 21083
   2558.48352 11.506 11.462 11.526 11.558 11.587    0.043 0.043 0.038 0.044 0.048  A 21984
   2559.50724 11.483 11.442 11.482 11.502 11.515    0.047 0.053 0.043 0.048 0.054  A 22174
   2564.49061 11.372 11.398 11.397 11.421 11.456    0.050 0.055 0.042 0.047 0.052  A 23032
   2566.49143 11.421 11.404 11.423 11.462 11.489    0.044 0.056 0.040 0.046 0.052  A 23389
   2652.86697 11.341 11.228 11.347 11.347 11.348    0.048 0.056 0.043 0.049 0.054  A 34687
   2659.86505 11.101 11.113 11.134 11.184 11.201    0.048 0.057 0.045 0.053 0.061  A 35866
   2662.86499 11.121 11.147 11.164 11.202 11.222    0.043 0.052 0.038 0.044 0.047  A 36380
   2670.85539 11.245 11.244 11.249 11.264 11.280    0.043 0.050 0.038 0.042 0.047  A 37685
   2674.84053 11.322 11.323 11.352 11.385 11.400    0.041 0.052 0.034 0.039 0.042  A 38357
   2677.83457 11.436 11.325 11.485 11.522 11.548    0.048 0.055 0.042 0.048 0.054  A 38890
   2681.82318 11.443 11.382 11.457 11.457 11.476    0.039 0.049 0.033 0.036 0.039  A 39537
   2683.87285 11.454 11.418 11.477 11.502 11.542    0.041 0.051 0.034 0.038 0.041  A 39915
   2686.82866 11.501 11.428 11.540 11.572 11.618    0.042 0.050 0.036 0.041 0.046  A 40442
   2689.81742 11.446 11.383 11.456 11.497 11.522    0.049 0.051 0.042 0.045 0.047  A 40985
   2693.77284 11.296 11.289 11.312 11.338 11.363    0.041 0.050 0.034 0.038 0.041  A 41641
   2696.87345 11.244 11.247 11.272 11.292 11.331    0.047 0.055 0.046 0.052 0.057  A 42191
   2699.81697 11.232 11.216 11.255 11.295 11.322    0.044 0.047 0.038 0.040 0.042  A 42779
   2702.83916 11.232 11.179 11.255 11.285 11.315    0.041 0.044 0.036 0.038 0.040  A 43359
   2704.83803 11.176 11.252 11.197 11.234 11.272    0.042 0.048 0.039 0.041 0.043  A 43748
   2706.85516 11.209 11.196 11.227 11.273 11.320    0.042 0.047 0.035 0.040 0.043  A 44121
   2710.82602 11.333 11.293 11.360 11.383 11.378    0.048 0.049 0.045 0.050 0.056  A 44831
   2712.81527 11.254 11.256 11.249 11.270 11.322    0.040 0.048 0.034 0.036 0.038  A 45199
   2714.81534 11.392 11.297 11.422 11.469 11.505    0.046 0.046 0.041 0.046 0.049  A 45590
   2717.83468 11.375 11.367 11.403 11.430 11.471    0.041 0.049 0.035 0.039 0.044  A 45940
   2720.76503 11.338 11.404 11.365 11.389 11.423    0.055 0.055 0.049 0.051 0.055  B 46346
   2722.88313 11.370 11.342 11.385 11.411 11.436    0.042 0.052 0.036 0.041 0.045  A 46780
   2730.79339 11.469 11.429 11.490 11.507 11.518    0.043 0.044 0.037 0.041 0.043  A 48334
   2733.78719 11.415 11.427 11.437 11.465 11.467    0.040 0.045 0.032 0.034 0.038  A 48685
   2737.76757 11.439 11.450 11.466 11.496 11.519    0.041 0.045 0.036 0.039 0.043  A 49477
   2739.77692 11.438 11.449 11.473 11.492 11.514    0.046 0.046 0.040 0.044 0.047  A 49818
   2743.74679 11.440 11.461 11.485 11.542 11.559    0.043 0.046 0.035 0.038 0.042  A 50590
   2747.76888 11.455 11.471 11.464 11.481 11.530    0.057 0.058 0.054 0.064 0.075  B 51059
   2750.80898 11.415 11.436 11.429 11.469 11.488    0.044 0.048 0.036 0.040 0.043  A 51706
   2752.74092 11.403 11.392 11.442 11.489 11.511    0.043 0.045 0.037 0.042 0.046  A 52068
   2755.72353 11.347 11.380 11.371 11.397 11.424    0.041 0.042 0.035 0.037 0.039  A 52496
   2757.72500 11.362 11.324 11.361 11.388 11.410    0.042 0.045 0.036 0.039 0.041  A 52912
   2759.77665 11.306 11.339 11.304 11.332 11.362    0.040 0.044 0.034 0.036 0.039  A 53278
   2761.72534 11.293 11.278 11.310 11.333 11.341    0.043 0.047 0.039 0.041 0.045  A 53667
   2763.70821 11.297 11.293 11.305 11.330 11.353    0.042 0.045 0.036 0.040 0.042  A 54055
   2766.78978 11.272 11.230 11.280 11.298 11.313    0.044 0.044 0.034 0.036 0.038  A 54589
   2770.70952 11.312 11.320 11.320 11.338 11.355    0.041 0.046 0.035 0.039 0.043  A 54885
   2782.91972 11.492 11.454 11.517 11.556 11.596    0.043 0.048 0.039 0.046 0.050  A 55826
   2784.69745 11.623 11.636 11.640 11.668 11.706    0.040 0.046 0.033 0.036 0.039  A 56157
   2784.89408 11.570 11.616 11.606 11.657 11.686    0.045 0.057 0.039 0.043 0.047  A 56241
   2785.84646 11.488 11.511 11.493 11.520 11.548    0.045 0.049 0.040 0.043 0.044  A 56436
   2787.77431 11.566 11.531 11.602 11.633 11.660    0.040 0.048 0.033 0.036 0.039  A 56852
   2790.90395 11.533 11.519 11.560 11.597 11.627    0.041 0.052 0.035 0.040 0.044  A 57438
   2794.64730 11.469 11.472 11.489 11.521 11.531    0.040 0.049 0.034 0.037 0.040  A 58070
   2804.66854 11.368 11.386 11.403 11.435 11.500    0.044 0.048 0.038 0.043 0.049  A 59057
   2808.83721 11.383 11.399 11.398 11.406 11.422    0.044 0.051 0.037 0.041 0.045  A 59379
   2810.61381 11.383 11.399 11.378 11.387 11.413    0.043 0.043 0.034 0.038 0.039  A 59722
   2811.79100 11.422 11.409 11.440 11.429 11.423    0.045 0.054 0.039 0.045 0.051  A 60019
   2813.69015 11.363 11.381 11.381 11.417 11.437    0.040 0.049 0.034 0.036 0.039  A 60433
   2821.55669 11.506 11.489 11.514 11.522 11.544    0.043 0.041 0.039 0.045 0.048  A 61701
   2832.58584 11.545 11.532 11.569 11.605 11.635    0.040 0.040 0.034 0.040 0.045  A 62937
   2833.70606 11.492 11.475 11.519 11.550 11.593    0.043 0.047 0.040 0.045 0.051  A 63172
   2838.59107 11.495 11.520 11.538 11.568 11.602    0.039 0.038 0.031 0.035 0.039  A 63880
   2840.64735 11.451 11.426 11.471 11.499 11.511    0.040 0.044 0.032 0.036 0.039  A 64336
   2842.62227 11.505 11.431 11.520 11.580 11.606    0.067 0.067 0.069 0.082 0.096  D 64743
   2845.63769 11.419 11.353 11.420 11.450 11.484    0.037 0.038 0.028 0.031 0.033  A 65221
   2853.52752 11.425 11.397 11.426 11.464 11.489    0.040 0.038 0.034 0.039 0.039  A 65616
   2854.61224 11.345 11.357 11.382 11.415 11.462    0.036 0.036 0.029 0.033 0.035  A 65872
   2859.50974 11.420 11.425 11.452 11.462 11.493    0.042 0.040 0.036 0.040 0.042  A 66489
   2860.66905 11.494 11.417 11.514 11.552 11.615    0.040 0.043 0.035 0.040 0.044  A 66765
   2862.59100 11.460 11.397 11.452 11.469 11.499    0.044 0.049 0.037 0.043 0.046  A 67155
   2866.62900 11.425 11.437 11.441 11.467 11.489    0.041 0.051 0.033 0.037 0.039  A 67555
   2868.66374 11.454 11.428 11.455 11.482 11.530    0.045 0.053 0.037 0.041 0.045  A 67986
   2872.66688 11.484 11.470 11.501 11.520 11.520    0.040 0.049 0.034 0.036 0.040  A 68173
   2876.51607 11.454 11.464 11.488 11.537 11.539    0.042 0.052 0.035 0.038 0.041  A 68710
   2878.51712 11.487 11.500 11.529 11.558 11.564    0.039 0.048 0.032 0.034 0.037  A 69105
   2883.52231 11.458 11.504 11.499 11.544 11.582    0.042 0.046 0.033 0.036 0.040  A 69581
   2888.51236 11.403 11.383 11.420 11.443 11.464    0.043 0.052 0.036 0.039 0.042  A 70393
   2893.52922 11.349 11.370 11.390 11.410 11.450    0.050 0.057 0.039 0.043 0.047  A 70835
   2895.53716 11.346 11.365 11.366 11.384 11.434    0.050 0.050 0.038 0.041 0.043  A 71233
   2897.55147 11.384 11.443 11.401 11.442 11.451    0.051 0.062 0.046 0.052 0.059  A 71636
   2901.53892 11.317 11.273 11.303 11.311 11.351    0.063 0.066 0.052 0.058 0.065  B 72379
   2905.52824 11.347 11.399 11.370 11.382 11.399    0.042 0.044 0.031 0.035 0.038  A 72935
   2908.54400 11.377 11.371 11.395 11.412 11.424    0.041 0.051 0.036 0.040 0.044  A 73390
   2910.54449 11.446 11.425 11.465 11.481 11.479    0.045 0.053 0.037 0.040 0.043  A 73686
   2915.52319 11.586 11.560 11.609 11.635 11.655    0.041 0.052 0.035 0.039 0.045  A 74338
   2917.55107 11.624 11.600 11.633 11.670 11.710    0.041 0.049 0.037 0.041 0.045  A 74730
   2922.50509 11.722 11.671 11.747 11.775 11.790    0.043 0.055 0.038 0.043 0.047  A 75214
   2924.51937 11.703 11.714 11.734 11.803 11.853    0.043 0.052 0.037 0.040 0.044  A 75597
   2928.50006 11.649 11.644 11.663 11.693 11.718    0.045 0.051 0.038 0.043 0.047  A 76134
   2930.50911 11.582 11.571 11.603 11.617 11.607    0.042 0.051 0.036 0.039 0.043  A 76490
   2932.51756 11.482 11.507 11.517 11.538 11.580    0.042 0.049 0.036 0.040 0.043  A 76850
   2935.50407 11.396 11.400 11.436 11.481 11.511    0.041 0.050 0.036 0.041 0.045  A 77378
   3032.87105 11.231 11.196 11.247 11.251 11.258    0.049 0.055 0.048 0.057 0.065  A 88979
   3036.86070 11.279 11.304 11.291 11.318 11.324    0.042 0.050 0.037 0.042 0.046  A 89440
   3042.87863 11.289 11.249 99.999 99.999 99.999    0.047 0.053 0.043 0.050 0.058  C 89879
   3064.83924 11.367 11.317 11.370 11.402 11.447    0.045 0.051 0.041 0.047 0.052  A 92822
   3074.86934 11.168 11.149 11.176 11.194 11.233    0.044 0.048 0.038 0.043 0.048  A 94071
   3079.80180 11.134 11.158 11.155 11.187 11.202    0.042 0.049 0.035 0.039 0.043  A 94766
   3082.83616 11.169 11.155 11.203 11.235 11.262    0.045 0.048 0.039 0.045 0.051  A 95223
   3086.84881 11.235 11.198 11.243 11.256 11.271    0.042 0.048 0.035 0.040 0.044  A 95528
   3089.81803 11.330 11.301 11.341 11.382 11.399    0.046 0.049 0.040 0.046 0.051  A 95974
   3092.80674 11.411 11.416 11.402 11.404 11.426    0.044 0.045 0.037 0.040 0.044  A 96438
   3096.90150 11.462 11.431 11.479 11.522 11.555    0.042 0.050 0.037 0.042 0.047  A 96741
   3098.83739 11.527 11.500 11.552 11.567 11.584    0.042 0.050 0.036 0.041 0.046  A 97039
   3100.85232 11.555 11.545 11.596 11.631 11.679    0.045 0.048 0.039 0.045 0.050  A 97342
   3103.68773 11.600 11.574 11.609 11.642 11.658    0.060 0.066 0.057 0.064 0.071  B 97761
   3105.84742 11.576 11.493 11.619 11.652 11.655    0.050 0.051 0.045 0.051 0.056  A 98135
   3107.84310 11.542 11.552 11.565 11.594 11.625    0.044 0.047 0.039 0.045 0.050  A 98453
   3110.76158 11.519 11.500 11.521 11.550 11.593    0.042 0.048 0.036 0.042 0.047  A 98891
   3112.82215 11.494 11.551 11.529 11.564 11.591    0.043 0.051 0.036 0.041 0.045  A 99223
   3115.75214 11.439 11.442 11.444 11.470 11.492    0.042 0.046 0.035 0.039 0.044  A 99696
   3118.82348 11.488 11.439 11.496 11.506 11.519    0.040 0.043 0.034 0.038 0.041  A 99983
   3122.75167 11.370 11.324 11.382 11.413 11.451    0.042 0.048 0.037 0.041 0.046  A 100251
   3124.80445 11.350 11.343 11.379 11.398 11.418    0.042 0.047 0.037 0.043 0.048  A 100606
   3126.78506 11.332 11.363 11.361 11.392 11.440    0.043 0.048 0.038 0.043 0.049  A 100928
   3128.74277 11.371 11.377 11.398 11.443 11.483    0.043 0.048 0.039 0.045 0.051  A 101234
   3130.76292 11.346 11.323 11.385 11.435 11.487    0.047 0.049 0.043 0.049 0.056  A 101528
   3132.79610 11.380 11.372 11.416 11.454 11.462    0.046 0.052 0.043 0.049 0.055  A 101870
   3134.80191 11.403 11.406 11.387 11.399 11.399    0.044 0.050 0.040 0.046 0.052  A 102197
   3144.68948 11.417 11.432 11.441 11.472 11.509    0.041 0.048 0.034 0.038 0.041  A 103287
   3146.86152 11.412 11.437 11.436 11.462 11.480    0.047 0.051 0.044 0.051 0.058  A 103596
   3153.74231 11.354 11.344 11.385 11.425 11.446    0.045 0.056 0.041 0.046 0.050  A 103797
   3156.64629 11.411 11.402 11.431 11.465 11.491    0.042 0.048 0.037 0.042 0.044  A 104167
   3160.68776 11.426 11.416 11.425 11.421 11.419    0.047 0.053 0.044 0.050 0.058  A 104709
   3163.69734 11.400 11.384 11.412 11.436 11.466    0.042 0.048 0.036 0.039 0.044  A 105040
   3165.70597 11.370 11.347 11.397 11.416 11.444    0.042 0.049 0.036 0.040 0.045  A 105388
   3170.83545 11.335 11.309 11.354 11.390 11.402    0.046 0.053 0.042 0.047 0.054  A 106076
   3176.69443 11.299 11.283 11.335 11.360 11.381    0.043 0.053 0.037 0.040 0.044  A 106783
   3184.61862 11.285 11.307 11.319 11.340 11.345    0.042 0.049 0.036 0.040 0.045  A 107826
   3187.62452 11.354 11.327 11.383 11.430 11.476    0.045 0.048 0.039 0.044 0.050  A 108268
   3190.64029 11.327 11.352 11.355 11.375 11.405    0.042 0.050 0.037 0.042 0.048  A 108604
   3391.86755 11.375 11.383 11.398 11.428 11.447    0.042 0.049 0.041 0.047 0.052  A 126913
   3407.84781 11.477 11.536 11.487 11.495 11.517    0.052 0.083 0.045 0.049 0.054  B 128955
   3411.84873 11.475 11.510 11.483 11.527 11.547    0.053 0.080 0.046 0.050 0.055  B 129561
   3414.86440 11.505 11.539 11.534 11.598 11.657    0.043 0.057 0.040 0.046 0.051  A 130029
   3418.84409 11.485 11.455 11.488 11.476 11.492    0.053 0.069 0.050 0.054 0.059  A 130652
   3422.83066 11.587 11.578 11.612 11.650 11.661    0.054 0.072 0.048 0.052 0.055  B 131281
   3425.83914 11.525 11.465 11.538 11.561 11.600    0.048 0.063 0.043 0.050 0.054  A 131750
   3431.77309 11.470 11.446 11.499 11.532 11.561    0.045 0.050 0.041 0.047 0.053  A 132409
   3434.84445 11.438 11.367 11.466 11.490 11.521    0.048 0.063 0.043 0.047 0.051  A 132911
   3438.84779 11.361 11.308 11.383 11.405 11.426    0.045 0.063 0.037 0.042 0.046  A 133247
   3442.87058 11.327 11.293 11.357 11.392 11.404    0.044 0.060 0.038 0.042 0.046  A 133671
   3445.83088 11.351 11.322 11.360 11.384 11.395    0.047 0.063 0.040 0.043 0.045  A 134174
   3452.81045 11.324 11.309 11.354 11.401 11.442    0.044 0.055 0.042 0.048 0.056  A 135553
   3454.85233 11.343 11.362 11.367 11.420 11.435    0.047 0.061 0.043 0.050 0.056  A 135903
   3457.76941 11.382 11.399 11.410 11.430 11.448    0.049 0.067 0.044 0.048 0.053  A 136405
   3462.76270 11.452 11.443 11.466 11.489 11.522    0.046 0.061 0.041 0.048 0.052  A 137213
   3464.87458 11.476 11.415 11.482 11.491 11.526    0.041 0.048 0.036 0.040 0.045  A 137576
   3467.80009 11.442 11.443 11.466 11.500 11.509    0.042 0.052 0.038 0.042 0.047  A 137978
   3470.77994 11.518 11.475 11.486 11.509 11.530    0.046 0.061 0.039 0.044 0.049  A 138452
   3473.76953 11.501 11.493 11.503 11.518 11.539    0.040 0.044 0.033 0.038 0.042  A 138922
   3476.76143 11.494 11.485 11.527 11.571 11.577    0.046 0.058 0.044 0.050 0.057  A 139415
   3478.78310 11.481 11.492 11.478 11.492 11.510    0.050 0.070 0.043 0.047 0.053  A 139771
   3480.81552 11.433 11.440 11.417 11.444 11.491    0.048 0.057 0.045 0.050 0.058  A 140060
   3482.78326 11.493 11.444 11.508 11.520 11.543    0.061 0.065 0.065 0.079 0.091  D 140372
   3484.79724 11.532 11.555 11.536 11.469 11.371    0.072 0.075 0.080 0.099 0.116  D 140668
   3489.73105 11.505 11.533 11.510 11.511 11.496    0.046 0.062 0.041 0.046 0.051  A 140984
   3491.77676 11.508 11.509 11.517 11.542 11.570    0.047 0.059 0.042 0.047 0.052  A 141357
   3497.78214 11.546 11.556 11.573 11.609 11.625    0.042 0.050 0.035 0.040 0.044  A 141967
   3501.65032 11.651 11.665 11.685 11.723 11.751    0.048 0.072 0.041 0.046 0.049  A 142453
   3503.74410 11.678 11.689 11.702 11.747 11.793    0.048 0.064 0.041 0.045 0.050  A 142842
   3506.75016 11.684 11.716 11.716 11.746 11.759    0.040 0.041 0.033 0.038 0.042  A 143180
   3509.74038 11.701 11.753 11.756 11.812 11.882    0.041 0.045 0.033 0.038 0.043  A 143456
   3511.80415 11.765 11.721 11.786 11.801 11.828    0.041 0.049 0.036 0.041 0.046  A 143726
   3515.78026 11.722 11.741 11.767 11.809 11.830    0.045 0.052 0.043 0.051 0.057  A 144095
   3517.77174 11.655 11.636 11.688 11.747 11.787    0.047 0.065 0.040 0.045 0.049  A 144387
   3521.70948 11.642 11.670 11.671 11.717 11.758    0.052 0.066 0.047 0.050 0.053  A 144862
   3523.71419 11.656 11.611 11.695 11.737 11.769    0.047 0.056 0.043 0.047 0.051  A 145219
   3525.74438 11.561 11.598 11.592 11.626 11.651    0.043 0.053 0.037 0.040 0.045  A 145528
   3529.85080 11.421 11.434 11.458 11.483 11.489    0.053 0.068 0.049 0.054 0.060  A 146263
   3538.64772 11.454 11.361 11.478 11.508 11.517    0.046 0.063 0.039 0.043 0.046  A 146846
   3543.64010 11.511 11.485 11.534 11.548 11.551    0.045 0.053 0.043 0.050 0.056  A 147555
   3550.66940 11.662 11.564 11.696 11.712 11.731    0.047 0.054 0.044 0.051 0.058  A 148225
   3552.71170 11.682 11.637 11.727 11.768 11.778    0.054 0.085 0.047 0.050 0.054  B 148487
   3555.70875 11.764 11.765 11.796 11.831 11.840    0.043 0.051 0.036 0.039 0.043  A 148946
   3558.71536 11.853 11.887 11.880 11.912 11.924    0.049 0.064 0.046 0.050 0.056  A 149255
   3562.73601 11.706 11.722 11.739 11.802 11.832    0.050 0.063 0.045 0.049 0.051  A 149940
   3564.71059 11.784 11.788 11.790 11.802 11.821    0.043 0.056 0.036 0.040 0.044  A 150269
   3570.61966 11.640 11.574 11.629 11.646 11.693    0.047 0.063 0.041 0.047 0.051  A 150755
   3573.68069 11.539 11.576 11.586 11.645 11.692    0.043 0.045 0.037 0.044 0.049  A 151128
   3575.70015 11.498 11.503 11.498 11.498 11.520    0.042 0.048 0.036 0.041 0.045  A 151495
   3577.72162 11.494 11.492 11.523 11.553 11.574    0.044 0.048 0.039 0.043 0.046  A 151833
   3583.68466 11.507 11.479 11.519 11.543 11.561    0.044 0.053 0.039 0.043 0.048  A 152851
   3586.55051 11.426 11.436 11.442 11.468 11.478    0.051 0.068 0.045 0.049 0.053  A 153332
   3588.59079 11.461 11.448 11.492 11.527 11.524    0.070 0.074 0.076 0.092 0.109  D 153648
   3590.66747 11.451 11.458 11.462 11.493 11.527    0.044 0.052 0.038 0.042 0.047  A 154023
   3592.69687 11.476 11.464 11.488 11.512 11.544    0.044 0.051 0.040 0.044 0.047  A 154383
   3599.64147 11.710 11.688 11.702 11.688 11.730    0.043 0.048 0.038 0.043 0.048  A 155268
   3602.49235 11.522 11.483 11.539 11.576 11.642    0.045 0.052 0.040 0.047 0.052  A 155683
   3604.52892 11.718 11.691 11.716 11.738 11.749    0.043 0.051 0.038 0.042 0.047  A 156005
   3608.50750 11.440 11.428 11.440 11.434 11.453    0.044 0.054 0.038 0.044 0.048  A 156425
   3617.56881 11.445 11.455 11.461 11.464 11.503    0.046 0.048 0.040 0.045 0.050  A 157113
   3619.62430 11.496 11.536 11.506 11.537 11.547    0.047 0.063 0.040 0.045 0.049  A 157432
   3621.47743 11.444 11.365 11.468 11.504 11.526    0.054 0.082 0.049 0.054 0.059  B 157684
   3621.47984 11.492 11.484 11.506 11.534 11.576    0.061 0.098 0.053 0.058 0.062  B 157685
   3621.48305 11.500 11.449 11.513 11.535 11.553    0.055 0.084 0.048 0.053 0.057  B 157686
   3621.48556 11.471 11.403 11.470 11.475 11.494    0.059 0.091 0.051 0.055 0.059  B 157687
   3621.48806 11.449 11.418 11.434 11.454 11.457    0.060 0.093 0.052 0.055 0.060  B 157688
   3621.49055 11.443 11.450 11.454 11.466 11.477    0.060 0.091 0.053 0.056 0.059  B 157689
   3621.49306 11.434 11.360 11.426 11.416 11.414    0.062 0.092 0.055 0.060 0.064  B 157690
   3621.49558 11.426 11.400 11.478 11.523 11.550    0.060 0.084 0.057 0.063 0.070  B 157691
   3621.49806 11.487 11.478 11.472 11.476 11.482    0.057 0.082 0.051 0.055 0.060  B 157692
   3621.50381 11.493 11.522 11.515 11.563 11.576    0.053 0.075 0.047 0.051 0.057  B 157694
   3625.61655 11.398 11.424 11.466 11.566 11.679    0.059 0.061 0.064 0.077 0.090  D 158162
   3628.59900 11.408 11.388 11.398 11.454 11.512    0.045 0.051 0.040 0.046 0.052  A 158441
   3631.52388 11.362 11.362 11.370 11.396 11.424    0.048 0.062 0.043 0.050 0.055  A 158917
   3633.54435 11.336 11.388 11.349 11.371 11.379    0.050 0.070 0.045 0.051 0.057  A 159195
   3637.54753 11.263 11.303 11.301 11.332 11.343    0.047 0.050 0.044 0.048 0.052  A 159678
   3641.51569 11.288 11.309 11.314 11.350 11.400    0.041 0.047 0.035 0.040 0.044  A 160136
   3643.55472 11.262 11.269 11.289 11.301 11.328    0.043 0.047 0.037 0.042 0.046  A 160430
   3647.52151 11.312 11.311 11.332 11.347 11.372    0.040 0.041 0.034 0.038 0.042  A 160865
   3652.50842 11.359 11.408 11.372 11.395 11.430    0.044 0.053 0.040 0.045 0.049  A 161561
   3655.52626 11.360 11.336 11.396 11.428 11.435    0.048 0.055 0.045 0.050 0.054  A 161984
   3658.51570 11.329 11.353 11.348 11.370 11.393    0.046 0.054 0.043 0.050 0.058  A 162432
   3661.50923 11.386 11.348 11.408 11.453 11.500    0.053 0.070 0.050 0.059 0.066  A 162891
   3664.50289 11.370 11.351 11.405 11.463 11.524    0.048 0.053 0.044 0.047 0.052  A 163316
   3763.85975 11.363 11.420 11.370 11.410 11.440    0.061 0.088 0.058 0.066 0.074  B 176088
   3790.84423 11.261 11.253 11.317 11.366 11.415    0.057 0.086 0.049 0.053 0.058  B 179317
   3793.88816 11.335 11.361 11.334 11.387 11.421    0.053 0.073 0.045 0.051 0.056  A 179776
   3796.85741 11.360 11.362 11.396 11.455 11.463    0.042 0.051 0.037 0.040 0.045  A 180190
   3804.81363 11.363 11.369 11.388 11.417 11.441    0.050 0.063 0.047 0.054 0.060  A 181229
   3808.81475 11.282 11.200 11.316 11.342 11.345    0.056 0.080 0.053 0.062 0.070  B 181719
   3811.87745 11.350 11.342 11.367 11.422 11.475    0.046 0.051 0.044 0.052 0.059  A 182219
   3816.88800 11.290 11.202 11.333 11.379 11.409    0.047 0.058 0.043 0.050 0.055  A 183015
   3819.81641 11.241 11.152 11.291 11.344 11.391    0.061 0.094 0.053 0.057 0.062  B 183476
   3822.80416 11.318 11.279 11.330 11.357 11.383    0.043 0.049 0.040 0.046 0.053  A 183955
   3825.79679 11.332 11.303 11.354 11.393 11.438    0.049 0.052 0.048 0.057 0.064  A 184453
   3828.79427 11.352 11.322 11.362 11.392 11.430    0.047 0.066 0.042 0.048 0.053  A 184966
   3831.78522 11.313 11.244 11.311 11.323 11.354    0.048 0.060 0.045 0.053 0.059  A 185470
   3833.83903 11.349 11.250 11.366 11.379 11.377    0.053 0.073 0.049 0.057 0.065  A 185839
   3836.76549 11.290 11.305 11.346 11.398 11.439    0.047 0.050 0.045 0.053 0.061  A 186320
   3848.79689 11.261 11.192 11.319 11.400 11.437    0.059 0.069 0.061 0.072 0.080  D 186967
   3850.81293 11.286 11.256 11.308 11.329 11.334    0.044 0.057 0.039 0.044 0.048  A 187313
   3852.84352 11.247 11.217 11.287 11.336 11.385    0.047 0.056 0.046 0.054 0.059  A 187675
   3855.72957 11.375 11.254 11.498 11.630 11.644    0.071 0.078 0.077 0.093 0.106  D 188124
   3859.81121 11.200 11.186 11.235 11.249 11.245    0.044 0.053 0.039 0.044 0.048  A 188725
   3861.79183 11.226 11.229 11.231 11.248 11.273    0.042 0.048 0.037 0.043 0.048  A 189067
   3863.77130 11.221 11.177 11.235 11.264 11.284    0.047 0.063 0.040 0.043 0.048  A 189395
   3865.75081 11.253 11.226 11.264 11.296 11.311    0.045 0.051 0.040 0.046 0.051  A 189740
   3867.75289 11.301 11.270 11.322 11.336 11.360    0.046 0.053 0.042 0.049 0.056  A 190059
   3871.74809 11.291 11.289 11.302 11.312 11.327    0.043 0.054 0.039 0.044 0.050  A 190776
   3874.83353 11.331 11.318 11.346 11.359 11.366    0.045 0.057 0.039 0.043 0.047  A 191082
   3876.50423 11.366 11.333 11.394 11.416 11.428    0.045 0.056 0.043 0.049 0.054  A 191294
   3876.51139 11.432 11.445 11.442 11.484 11.486    0.057 0.063 0.058 0.070 0.078  D 191296
   3876.53408 11.317 11.286 11.341 11.381 11.408    0.058 0.067 0.055 0.063 0.072  B 191303
   3876.54948 11.320 11.287 11.336 11.355 99.999    0.055 0.088 0.049 0.053 0.059  C 191308
   3876.57725 11.374 11.346 11.385 11.403 11.412    0.054 0.081 0.048 0.052 0.056  B 191318
   3876.63282 11.427 11.446 11.439 11.473 11.501    0.048 0.063 0.043 0.048 0.053  A 191338
   3876.66272 11.384 11.406 11.387 11.402 11.420    0.051 0.064 0.048 0.055 0.061  A 191348
   3877.52714 11.417 11.416 11.431 11.451 11.471    0.042 0.051 0.039 0.044 0.049  A 191459
   3877.55876 11.363 11.348 11.416 11.448 11.454    0.046 0.064 0.040 0.046 0.051  A 191469
   3877.58892 11.393 11.393 11.428 11.468 11.456    0.046 0.056 0.041 0.046 0.051  A 191479
   3877.66961 11.383 11.400 11.422 11.460 11.489    0.046 0.065 0.038 0.042 0.047  A 191498
   3880.70820 11.434 11.438 11.449 11.477 11.496    0.043 0.050 0.038 0.043 0.047  A 191827
   3882.75464 11.486 11.491 11.490 11.514 11.545    0.041 0.052 0.037 0.042 0.046  A 192130
   3886.80544 11.450 11.454 11.488 11.513 11.520    0.046 0.061 0.040 0.045 0.049  A 192526
   3891.61401 11.460 11.428 11.496 11.537 11.571    0.040 0.047 0.035 0.040 0.044  A 193343
   3893.66143 11.397 11.386 11.447 11.513 11.558    0.044 0.049 0.040 0.046 0.051  A 193716
   3898.66828 11.300 11.297 11.328 11.338 11.333    0.046 0.055 0.043 0.050 0.056  A 194364
   3900.68230 11.222 11.267 11.244 11.277 11.309    0.048 0.062 0.044 0.051 0.057  A 194670
   3904.73209 11.227 11.245 11.237 11.270 11.285    0.042 0.054 0.038 0.043 0.047  A 195443
   3906.73426 11.201 11.221 11.228 11.264 11.270    0.044 0.057 0.039 0.043 0.048  A 195824
   3908.81018 11.201 11.199 11.198 11.206 11.219    0.045 0.057 0.040 0.043 0.047  A 196234
   3912.72944 11.232 11.200 11.239 11.259 11.289    0.044 0.061 0.038 0.042 0.047  A 196774
   3983.57493 11.420 11.391 11.447 11.482 11.531    0.060 0.066 0.065 0.080 0.092  D 203597
   4164.82157 11.616 11.648 11.640 11.658 11.698    0.049 0.063 0.049 0.059 0.067  B 216965
   4178.84311 11.498 11.426 11.578 11.656 11.723    0.067 0.082 0.071 0.085 0.095  D 218759
   4184.81521 11.499 11.502 11.555 11.629 11.738    0.050 0.061 0.048 0.055 0.061  A 219609
   4188.82854 11.455 11.464 11.458 11.505 11.525    0.046 0.047 0.043 0.050 0.057  A 219994
   4203.82589 11.701 11.705 11.702 11.713 11.746    0.042 0.049 0.038 0.042 0.046  A 221845
   4209.78798 11.560 11.624 11.580 11.643 11.803    0.071 0.075 0.080 0.097 0.113  D 222438
   4231.76091 11.449 11.442 11.506 11.577 11.686    0.047 0.051 0.045 0.052 0.060  A 223914
   4235.76426 11.568 11.518 11.594 11.650 11.735    0.041 0.048 0.034 0.039 0.043  A 224628
   4245.65726 11.740 11.762 11.748 11.759 11.858    0.061 0.059 0.065 0.077 0.091  D 226044
   4247.61824 11.777 11.734 11.746 11.761 11.799    0.045 0.051 0.041 0.045 0.051  A 226397
   4255.73071 11.636 11.606 11.657 11.713 11.744    0.042 0.046 0.036 0.041 0.046  A 227107
   4258.61819 11.636 11.584 11.640 11.667 11.736    0.040 0.041 0.034 0.039 0.044  A 227508
   4269.75345 11.398 11.394 11.400 11.415 11.438    0.043 0.046 0.039 0.045 0.051  A 228193
   4276.59654 11.414 11.367 11.465 11.525 11.580    0.041 0.045 0.036 0.041 0.046  A 228842
   4281.71702 29.999 29.999 29.999 29.999 29.999    0.079 0.086 0.088 0.110 0.128  D 229349
   4283.73372 11.382 11.320 11.408 11.463 11.519    0.054 0.068 0.054 0.063 0.071  B 229670
   4285.71052 11.392 11.413 11.384 11.412 11.429    0.046 0.055 0.041 0.048 0.056  A 230006
   4289.70500 11.452 11.452 11.463 11.476 11.515    0.042 0.045 0.037 0.042 0.048  A 230360
   4291.70856 11.476 11.444 11.467 11.481 11.509    0.042 0.043 0.036 0.040 0.044  A 230711
   4293.69297 11.446 11.449 11.461 11.522 11.594    0.049 0.049 0.036 0.041 0.044  A 231073
   4295.70689 11.531 11.499 11.514 11.555 11.606    0.043 0.049 0.038 0.043 0.048  A 231417
   4297.69725 11.504 11.418 11.535 11.587 11.665    0.064 0.070 0.054 0.063 0.074  B 231765
   4299.67320 11.479 11.421 11.506 11.543 11.570    0.041 0.045 0.036 0.041 0.045  A 232130
   4301.61897 11.504 11.487 11.513 11.555 11.600    0.046 0.052 0.041 0.048 0.054  A 232462
   4303.62285 11.470 11.460 11.493 11.537 11.575    0.041 0.042 0.035 0.040 0.044  A 232760
   4308.55111 11.527 11.505 11.554 11.607 11.700    0.049 0.050 0.049 0.058 0.066  A 233620
   4310.64675 11.491 11.468 11.508 11.552 11.629    0.042 0.044 0.037 0.043 0.049  A 233900
   4312.64609 11.468 11.410 11.481 11.524 11.591    0.043 0.051 0.040 0.047 0.053  A 234227
   4315.64975 11.393 11.357 11.400 11.452 11.481    0.041 0.041 0.035 0.040 0.044  A 234572
   4330.52908 11.483 11.476 11.505 11.540 11.602    0.041 0.046 0.035 0.039 0.042  A 235280
   4336.53137 11.580 11.564 11.609 11.634 11.678    0.044 0.044 0.039 0.046 0.052  A 236173
   4339.63198 11.585 11.584 11.614 11.644 11.689    0.045 0.057 0.040 0.046 0.052  A 236588
   4341.63103 11.673 11.599 11.706 11.747 11.791    0.046 0.054 0.041 0.047 0.053  A 236922
   4343.63170 11.581 11.627 11.595 11.623 11.639    0.047 0.064 0.041 0.046 0.052  A 237276
   4345.63318 11.546 11.534 11.608 11.654 11.713    0.045 0.059 0.038 0.043 0.048  A 237603
   4347.63776 11.499 11.500 11.510 11.552 11.616    0.054 0.066 0.050 0.057 0.064  B 237956
   4349.63583 11.528 11.552 11.563 11.597 11.647    0.049 0.061 0.044 0.049 0.055  A 238292
   4352.51929 11.453 11.472 11.442 11.458 11.484    0.038 0.039 0.033 0.038 0.042  A 238720
   4355.52648 11.431 11.443 11.416 11.438 11.454    0.044 0.046 0.041 0.048 0.054  A 239132
   4357.52529 11.360 11.371 11.355 11.375 11.390    0.040 0.040 0.034 0.039 0.043  A 239424
   4363.49446 11.304 11.319 11.323 11.354 11.369    0.041 0.042 0.035 0.040 0.044  A 240290
   4365.54862 11.351 11.370 11.372 11.382 11.406    0.050 0.050 0.047 0.053 0.059  A 240619
   4369.52523 11.425 11.381 11.414 11.438 11.460    0.045 0.045 0.042 0.050 0.057  A 241104
   4371.53715 11.468 11.432 11.469 11.509 11.556    0.044 0.050 0.042 0.049 0.056  A 241437
   4373.55166 11.435 11.453 11.473 11.515 11.563    0.047 0.058 0.044 0.050 0.056  A 241738
   4376.55456 11.600 11.603 11.608 11.629 11.663    0.044 0.050 0.040 0.043 0.047  A 242093
   4379.50030 11.631 11.616 11.663 11.703 11.756    0.040 0.044 0.035 0.040 0.044  A 242530
   4382.50122 11.721 11.697 11.709 11.718 11.728    0.040 0.041 0.035 0.040 0.045  A 242985
   4385.50043 11.668 11.679 11.682 11.739 11.779    0.041 0.043 0.036 0.041 0.046  A 243443
   4516.86025 29.999 29.999 29.999 29.999 29.999    0.065 0.067 0.071 0.087 0.102  D 257197
   4547.82447 11.230 11.208 11.261 11.316 11.371    0.047 0.051 0.043 0.051 0.057  A 261668
   4566.77827 11.433 11.379 11.459 11.509 11.580    0.047 0.057 0.042 0.047 0.052  A 264573
   4569.77937 11.546 11.521 11.535 11.542 11.543    0.044 0.048 0.039 0.045 0.050  A 265037
   4571.78406 11.435 11.427 11.441 11.506 11.544    0.046 0.047 0.043 0.047 0.051  A 265384
   4573.77889 11.522 11.449 11.533 11.577 11.624    0.046 0.052 0.042 0.049 0.055  A 265727
   4575.77564 11.420 11.437 11.460 11.499 11.538    0.046 0.054 0.042 0.047 0.053  A 266041
#ndata= 12
#dataset= 2 ; 1 F1715-48_113
#desig= 164049-4502.0
#cra=   16.680143  16:40:48.5
#cdec= -45.032980 -45:01:58.7
#class= 0
#cmag_0= 11.448
#cmer_0=  0.094
#nskip_0= 1
#cmag_1= 11.441
#cmer_1=  0.094
#nskip_1= 1
#cmag_2= 11.432
#cmer_2=  0.117
#nskip_2= 0
#cmag_3= 11.445
#cmer_3=  0.122
#nskip_3= 0
#cmag_4= 11.486
#cmer_4=  0.125
#nskip_4= 0
#ra=   16.680143  16:40:48.5
#dec= -45.032980 -45:01:58.7
#     HJD      MAG_1  MAG_0  MAG_2  MAG_3  MAG_4    MER_1 MER_0 MER_2 MER_3 MER_4 GRADE FRAME
   2454.60851 11.514 11.547 11.563 11.580 11.601    0.042 0.044 0.037 0.040 0.044  A 9839
   2463.59229 11.480 11.461 11.491 11.511 11.556    0.032 0.034 0.027 0.032 0.035  A 10599
   2490.54583 11.349 11.354 11.352 11.346 11.404    0.039 0.042 0.030 0.033 0.033  A 14025
   2696.87345 11.266 11.271 11.289 11.300 11.343    0.035 0.038 0.036 0.040 0.043  A 42191
   2703.82349 11.196 11.189 11.212 11.231 11.260    0.033 0.035 0.033 0.034 0.036  A 43549
   2724.76970 11.383 11.395 11.431 11.472 11.488    0.031 0.034 0.030 0.031 0.034  A 47119
   2726.81683 11.462 11.432 11.450 11.446 11.465    0.033 0.031 0.029 0.033 0.036  A 47541
   2728.81637 11.371 11.416 11.343 11.330 11.352    0.041 0.038 0.042 0.045 0.050  A 47935
   2763.74207 11.297 11.285 11.321 11.345 11.366    0.034 0.032 0.030 0.036 0.038  A 54070
   2775.77163 11.471 11.490 11.463 11.475 11.553    0.040 0.039 0.038 0.044 0.051  A 55138
   2783.65485 11.558 11.578 11.573 11.578 11.590    0.035 0.033 0.032 0.033 0.034  A 55941
   2784.89408 11.605 11.611 11.633 11.664 11.697    0.037 0.043 0.032 0.037 0.041  A 56241
#ndata= 143
#dataset= 3 ; 1 F1640-40_147
#desig= 164048-4502.0
#cra=   16.680082  16:40:48.3
#cdec= -45.033102 -45:01:59.2
#class= 0
#cmag_0= 11.465
#cmer_0=  0.140
#nskip_0= 3
#cmag_1= 11.480
#cmer_1=  0.138
#nskip_1= 2
#cmag_2= 11.499
#cmer_2=  0.142
#nskip_2= 2
#cmag_3= 11.518
#cmer_3=  0.145
#nskip_3= 2
#cmag_4= 11.544
#cmer_4=  0.147
#nskip_4= 2
#ra=   16.680082  16:40:48.3
#dec= -45.033102 -45:01:59.2
#     HJD      MAG_1  MAG_0  MAG_2  MAG_3  MAG_4    MER_1 MER_0 MER_2 MER_3 MER_4 GRADE FRAME
   1954.83525 11.244 11.233 11.264 11.293 11.343    0.047 0.056 0.041 0.047 0.053  A 9937
   2040.76327 11.430 11.394 11.453 11.469 11.496    0.032 0.043 0.033 0.038 0.042  A 19513
   2156.52517 11.551 11.545 11.565 11.589 11.623    0.037 0.047 0.035 0.041 0.047  A 31602
   2169.50059 11.640 11.618 11.663 11.663 11.693    0.033 0.047 0.030 0.035 0.040  A 32383
   2172.53773 11.640 11.655 11.674 11.681 11.696    0.040 0.055 0.032 0.036 0.040  A 32753
   2176.52146 11.719 11.632 11.728 11.707 11.831    0.080 0.084 0.092 0.117 0.140  D 33334
   2179.50617 11.755 11.796 11.792 11.835 11.859    0.037 0.051 0.032 0.037 0.041  A 33651
   2185.49203 11.690 11.693 11.697 11.710 11.738    0.041 0.051 0.041 0.042 0.046  A 34205
   2189.49811 11.646 11.597 11.701 11.747 11.781    0.041 0.052 0.036 0.038 0.043  A 34753
   2194.49282 11.672 11.648 11.681 11.694 11.722    0.038 0.055 0.032 0.036 0.040  A 35589
   3391.86755 11.398 11.382 11.416 11.437 11.459    0.033 0.042 0.035 0.041 0.046  A 126913
   3398.87244 11.384 11.399 11.398 11.440 11.479    0.042 0.060 0.043 0.050 0.056  A 127716
   3403.87447 11.426 11.446 11.442 11.472 11.494    0.035 0.051 0.033 0.038 0.043  A 128337
   3407.86130 11.458 11.479 11.438 11.443 11.449    0.032 0.047 0.031 0.036 0.039  A 128960
   3419.83795 11.558 11.551 11.582 11.613 11.670    0.034 0.042 0.034 0.040 0.044  A 130812
   3436.86728 11.440 11.382 11.425 11.443 11.467    0.031 0.035 0.031 0.039 0.046  A 133070
   3448.84647 11.423 11.434 11.437 11.474 11.502    0.057 0.097 0.056 0.062 0.066  D 134975
   3452.81045 11.339 11.316 11.377 11.416 11.462    0.032 0.046 0.034 0.041 0.047  A 135553
   3454.86067 11.388 11.411 11.409 11.429 11.440    0.035 0.049 0.035 0.042 0.047  A 135906
   3457.77719 11.367 11.317 11.384 11.399 11.416    0.035 0.051 0.035 0.041 0.045  A 136408
   3462.76523 11.450 11.460 11.479 11.486 11.503    0.029 0.038 0.030 0.036 0.041  A 137214
   3464.87712 11.533 11.492 11.524 11.550 11.581    0.029 0.041 0.026 0.030 0.033  A 137577
   3470.78598 11.513 11.481 11.540 11.565 11.574    0.029 0.038 0.028 0.033 0.038  A 138454
   3473.77900 11.504 11.488 11.537 11.563 11.601    0.027 0.037 0.024 0.028 0.031  A 138925
   3476.77238 11.518 11.532 11.533 11.556 11.570    0.047 0.071 0.043 0.049 0.053  A 139418
   3478.80720 99.999 99.999 99.999 99.999 99.999    0.028 0.040 0.029 0.035 0.040  C 139779
   3480.83328 11.501 11.487 11.514 11.523 11.539    0.033 0.045 0.033 0.036 0.040  A 140066
   3484.81224 29.999 29.999 29.999 29.999 29.999    0.054 0.052 0.063 0.080 0.094  D 140672
   3489.74953 11.557 11.518 11.585 11.616 11.652    0.033 0.049 0.031 0.037 0.041  A 140991
   3495.78026 11.612 11.609 11.653 11.673 11.651    0.067 0.080 0.077 0.093 0.110  D 141683
   3497.78813 11.620 11.639 11.641 11.678 11.703    0.031 0.046 0.027 0.031 0.034  A 141969
   3501.67700 99.999 99.999 99.999 99.999 99.999    0.028 0.049 0.027 0.032 0.035  C 142462
   3503.74683 29.999 29.999 29.999 29.999 29.999    0.027 0.037 0.026 0.031 0.034  C 142843
   3506.75287 11.736 11.722 11.763 11.783 11.821    0.029 0.034 0.026 0.030 0.034  A 143181
   3509.74309 11.758 11.695 11.744 11.733 11.724    0.029 0.035 0.025 0.029 0.033  A 143457
   3511.81020 11.763 11.689 11.757 11.763 11.769    0.028 0.037 0.028 0.033 0.036  A 143728
   3516.72196 11.677 11.673 11.737 11.790 11.828    0.046 0.067 0.046 0.055 0.064  B 144203
   3521.84692 11.645 11.611 11.663 11.683 11.703    0.034 0.043 0.035 0.041 0.046  A 144906
   3524.64357 11.610 11.552 11.655 11.675 11.704    0.040 0.057 0.037 0.042 0.047  A 145340
   3526.68881 11.662 11.612 11.666 11.652 11.693    0.047 0.066 0.051 0.059 0.068  B 145696
   3528.69555 29.999 29.999 29.999 29.999 29.999    0.032 0.051 0.031 0.034 0.037  C 146028
   3530.70942 11.467 11.440 11.487 11.492 11.498    0.041 0.071 0.038 0.043 0.047  A 146394
   3539.65344 11.486 11.400 11.510 11.520 11.543    0.045 0.066 0.044 0.051 0.058  A 147038
   3558.72339 11.861 11.832 11.867 11.886 11.905    0.032 0.039 0.035 0.040 0.045  A 149258
   3564.72871 11.746 11.783 11.809 11.839 11.872    0.028 0.035 0.025 0.029 0.033  A 150275
   3603.63700 29.999 29.999 29.999 29.999 29.999    0.031 0.041 0.031 0.036 0.041  C 155883
   3606.63587 11.521 11.529 11.539 11.551 11.582    0.029 0.034 0.029 0.034 0.039  A 156198
   3755.87307 11.518 11.471 11.544 11.590 11.623    0.036 0.042 0.040 0.049 0.057  A 175001
   3764.86166 11.284 11.217 11.326 11.366 11.403    0.047 0.081 0.045 0.051 0.057  B 176226
   3770.87618 11.359 11.356 11.372 11.380 11.424    0.043 0.057 0.046 0.055 0.062  B 177054
   3774.85885 11.267 11.211 11.265 11.272 11.297    0.041 0.055 0.041 0.047 0.054  A 177573
   3790.84665 11.359 11.296 11.383 11.404 11.420    0.030 0.036 0.032 0.037 0.043  A 179318
   3794.84484 29.999 29.999 29.999 29.999 29.999    0.037 0.060 0.035 0.040 0.046  C 179901
   3797.87223 11.411 11.379 11.427 11.454 11.485    0.039 0.070 0.034 0.038 0.041  A 180339
   3809.82748 11.374 11.362 11.382 11.411 11.456    0.036 0.052 0.037 0.045 0.052  A 181883
   3812.83639 11.362 11.305 11.371 11.371 11.393    0.040 0.063 0.039 0.046 0.052  A 182364
   3817.89413 11.311 11.318 11.323 11.356 11.378    0.033 0.044 0.034 0.041 0.046  A 183178
   3820.82852 11.292 11.261 11.318 11.327 11.357    0.043 0.073 0.044 0.051 0.058  A 183639
   3823.81283 11.258 11.216 11.244 11.241 11.261    0.039 0.059 0.040 0.047 0.054  A 184120
   3826.81159 11.318 11.296 11.358 11.406 11.447    0.038 0.062 0.037 0.042 0.048  A 184630
   3829.80532 11.408 11.364 11.415 11.434 11.459    0.034 0.051 0.033 0.038 0.044  A 185131
   3832.78296 99.999 99.999 99.999 99.999 99.999    0.031 0.036 0.032 0.038 0.044  C 185647
   3834.80363 11.357 11.313 11.394 11.408 11.429    0.042 0.068 0.042 0.050 0.056  A 185997
   3836.83833 11.350 11.246 11.349 11.368 11.382    0.038 0.056 0.039 0.047 0.054  A 186346
   3849.79709 11.301 11.308 11.319 11.339 11.370    0.033 0.055 0.030 0.034 0.038  A 187148
   3852.73120 11.248 11.254 11.268 11.284 11.302    0.030 0.050 0.028 0.033 0.037  A 187637
   3856.82202 11.256 11.291 11.273 11.313 11.355    0.044 0.071 0.041 0.045 0.049  A 188295
   3859.72023 11.244 11.216 11.265 11.282 11.327    0.036 0.046 0.034 0.039 0.043  A 188695
   3861.77068 11.227 11.248 11.255 11.275 11.285    0.026 0.038 0.026 0.030 0.034  A 189059
   3871.75079 11.367 11.358 11.366 11.369 11.395    0.037 0.053 0.035 0.040 0.044  A 190777
   3880.71988 11.482 11.445 11.502 11.524 11.553    0.026 0.036 0.025 0.030 0.034  A 191831
   3882.76550 11.491 11.429 11.530 11.548 11.564    0.039 0.069 0.036 0.040 0.043  A 192134
   3886.77545 11.480 11.505 11.502 11.525 11.548    0.030 0.042 0.028 0.032 0.035  A 192516
   3891.62560 11.463 11.457 11.479 11.499 99.999    0.032 0.052 0.029 0.034 0.038  C 193347
   3893.67341 11.450 11.407 11.461 11.478 11.513    0.029 0.035 0.030 0.034 0.039  A 193720
   3903.64676 29.999 29.999 29.999 29.999 29.999    0.027 0.036 0.025 0.029 0.033  C 195223
   4126.87882 11.523 11.521 11.533 11.559 11.599    0.036 0.046 0.035 0.041 0.046  A 211751
   4134.86845 11.407 11.418 11.394 11.384 11.379    0.047 0.059 0.049 0.060 0.066  B 212807
   4145.85300 11.464 11.383 11.510 11.530 11.539    0.033 0.048 0.034 0.041 0.046  A 214337
   4151.85231 11.520 11.531 11.556 11.589 11.604    0.029 0.041 0.032 0.038 0.044  A 215037
   4154.87321 11.525 11.430 11.555 11.564 11.535    0.048 0.085 0.045 0.051 0.055  B 215496
   4158.83988 11.628 11.594 11.627 11.616 11.632    0.035 0.059 0.035 0.041 0.045  A 216058
   4161.85737 11.630 11.622 11.607 11.608 11.643    0.036 0.066 0.035 0.042 0.047  A 216540
   4165.82174 11.570 11.536 11.600 11.626 11.603    0.042 0.062 0.043 0.052 0.060  B 217103
   4173.86800 11.458 11.427 11.465 11.465 11.483    0.037 0.058 0.034 0.040 0.045  A 218149
   4176.84980 11.494 11.527 11.490 11.497 11.497    0.047 0.072 0.046 0.051 0.056  A 218582
   4179.85734 11.439 11.494 11.449 11.492 11.538    0.038 0.058 0.037 0.044 0.050  A 218912
   4182.83218 11.441 11.391 11.449 11.456 11.484    0.036 0.047 0.035 0.042 0.050  A 219325
   4185.81795 11.477 11.481 11.500 11.510 11.511    0.038 0.059 0.035 0.042 0.048  A 219752
   4189.77576 11.490 11.497 11.520 11.560 11.590    0.034 0.039 0.029 0.033 0.037  A 220131
   4191.87118 11.568 11.566 11.575 11.577 11.584    0.033 0.040 0.031 0.036 0.043  A 220486
   4193.85295 11.577 11.562 11.596 11.578 11.590    0.042 0.060 0.039 0.047 0.053  A 220806
   4200.77207 11.701 11.647 11.695 11.713 11.759    0.032 0.040 0.029 0.034 0.041  A 221530
   4203.82922 11.645 11.619 11.681 11.702 11.731    0.031 0.046 0.028 0.032 0.036  A 221846
   4207.78447 11.655 11.638 11.697 11.725 11.731    0.044 0.066 0.043 0.049 0.053  A 222275
   4215.74628 11.462 11.397 11.490 11.515 11.552    0.040 0.048 0.039 0.045 0.050  A 222721
   4228.75980 11.370 11.381 11.391 11.400 11.429    0.035 0.045 0.032 0.036 0.041  A 223387
   4230.75929 11.390 11.366 11.411 11.441 11.466    0.031 0.038 0.027 0.030 0.035  A 223729
   4232.75571 11.494 11.480 11.485 11.490 11.495    0.031 0.035 0.030 0.035 0.041  A 224071
   4234.75432 99.999 99.999 99.999 99.999 99.999    0.037 0.040 0.039 0.045 0.051  C 224439
   4246.71279 11.681 11.704 11.711 11.726 11.751    0.036 0.043 0.033 0.038 0.041  A 226245
   4250.58864 11.780 11.801 11.832 11.915 11.984    0.039 0.044 0.037 0.043 0.048  A 226658
   4254.70135 11.730 11.633 11.757 11.795 11.853    0.035 0.042 0.034 0.039 0.046  A 227033
   4256.73584 11.618 11.622 11.657 11.692 11.724    0.031 0.037 0.029 0.033 0.038  A 227285
   4258.80203 11.592 11.568 11.606 11.635 11.687    0.033 0.040 0.030 0.036 0.041  A 227572
   4273.80188 11.383 11.365 11.408 11.415 11.448    0.038 0.043 0.033 0.039 0.044  A 228551
   4276.60495 29.999 29.999 29.999 29.999 29.999    0.035 0.041 0.031 0.035 0.039  C 228845
   4284.77695 11.476 11.456 11.499 11.524 11.570    0.033 0.042 0.032 0.038 0.045  A 229853
   4286.77396 11.378 11.398 11.374 11.381 11.377    0.058 0.062 0.066 0.081 0.097  D 230217
   4290.76442 11.436 11.447 11.456 11.472 11.515    0.040 0.047 0.033 0.038 0.042  A 230540
   4292.74239 11.451 11.489 11.490 11.529 11.579    0.037 0.044 0.030 0.033 0.037  A 230909
   4296.75289 11.348 11.315 11.398 11.432 11.450    0.045 0.061 0.045 0.053 0.060  B 231608
   4298.75366 11.528 11.543 11.593 11.679 11.743    0.043 0.056 0.041 0.049 0.057  A 231967
   4302.70128 11.545 11.514 11.553 11.568 11.591    0.036 0.045 0.031 0.035 0.039  A 232618
   4308.66562 29.999 29.999 29.999 29.999 29.999    0.051 0.070 0.050 0.059 0.068  C 233658
   4310.70593 11.474 11.496 11.524 11.574 11.589    0.044 0.057 0.042 0.048 0.054  A 233920
   4319.62210 11.377 11.356 11.368 11.385 11.408    0.033 0.044 0.027 0.031 0.035  A 234976
   4343.58774 29.999 29.999 29.999 29.999 29.999    0.039 0.060 0.037 0.042 0.046  C 237260
   4345.59689 11.548 11.558 11.562 11.589 11.621    0.028 0.038 0.027 0.032 0.036  A 237590
   4351.59347 29.999 29.999 29.999 29.999 29.999    0.039 0.045 0.039 0.047 0.055  C 238583
   4354.57358 11.428 11.421 11.434 11.428 11.432    0.029 0.038 0.025 0.029 0.032  A 238976
   4356.59318 11.362 11.322 11.370 11.387 11.409    0.034 0.040 0.032 0.036 0.041  A 239331
   4358.57341 11.366 11.373 11.371 11.397 11.406    0.037 0.050 0.032 0.035 0.039  A 239609
   4369.51492 29.999 29.999 29.999 29.999 29.999    0.041 0.046 0.040 0.047 0.055  C 241100
   4488.87223 11.410 11.384 11.420 11.440 11.494    0.038 0.051 0.038 0.044 0.052  A 254024
   4493.87307 11.374 11.364 11.387 11.386 11.403    0.033 0.039 0.032 0.038 0.043  A 254607
   4500.87961 11.313 11.311 11.322 11.345 11.397    0.047 0.058 0.051 0.063 0.073  B 255221
   4504.87399 11.346 11.300 11.360 11.366 11.361    0.038 0.052 0.035 0.041 0.047  A 255782
   4508.86740 11.504 11.500 11.519 11.544 11.571    0.037 0.051 0.036 0.040 0.045  A 256352
   4520.85788 11.669 11.663 11.661 11.668 11.676    0.036 0.040 0.038 0.047 0.054  A 257779
   4528.83157 11.496 11.480 11.518 11.528 11.539    0.035 0.046 0.033 0.037 0.041  A 258947
   4531.85527 11.459 11.423 11.493 11.533 11.555    0.033 0.038 0.033 0.037 0.042  A 259400
   4535.87920 11.301 11.296 11.321 11.343 11.373    0.034 0.042 0.032 0.036 0.040  A 259850
   4538.86231 11.241 11.218 11.234 11.241 11.272    0.033 0.039 0.033 0.038 0.045  A 260303
   4541.85433 11.245 11.224 11.252 11.265 11.299    0.034 0.050 0.029 0.033 0.037  A 260740
   4547.83014 11.250 11.262 11.262 11.271 11.290    0.039 0.050 0.038 0.045 0.051  A 261670
   4554.87579 11.378 11.299 11.382 11.381 11.400    0.040 0.045 0.042 0.049 0.056  A 262619
   4557.80793 11.410 11.346 11.401 11.404 11.428    0.036 0.046 0.032 0.036 0.040  A 263082
   4560.79861 11.484 11.521 11.489 11.496 11.527    0.035 0.050 0.031 0.035 0.039  A 263577
   4563.79518 11.494 11.429 11.500 11.509 11.508    0.032 0.041 0.031 0.035 0.039  A 264075
   4566.78437 11.462 11.419 11.479 11.498 11.519    0.037 0.048 0.034 0.039 0.043  A 264575
   4571.82890 11.495 11.451 11.492 11.508 11.532    0.036 0.042 0.032 0.037 0.042  A 265398
   4573.79139 11.397 11.378 11.416 11.433 11.439    0.038 0.051 0.036 0.043 0.048  A 265731
