#ndata= 3
#dataset= 1 ; 1 F1648-56_081
#desig= 165933-5005.9
#cra=   16.992418  16:59:32.7
#cdec= -50.098466 -50:05:54.5
#class= 0
#cmag_0= 13.431
#cmer_0=  0.169
#nskip_0= 0
#cmag_1= 13.457
#cmer_1=  0.132
#nskip_1= 0
#cmag_2= 13.388
#cmer_2=  0.086
#nskip_2= 0
#cmag_3= 13.241
#cmer_3=  0.098
#nskip_3= 0
#cmag_4= 13.085
#cmer_4=  0.041
#nskip_4= 0
#ra=   16.992418  16:59:32.7
#dec= -50.098466 -50:05:54.5
#     HJD      MAG_0  MAG_1  MAG_2  MAG_3  MAG_4    MER_0 MER_1 MER_2 MER_3 MER_4 GRADE FRAME
   2140.48528 13.311 13.364 13.328 13.171 13.056    0.052 0.043 0.041 0.047 0.051  A 30119
   2144.48212 29.999 29.999 29.999 29.999 29.999    0.072 0.050 0.046 0.052 0.058  C 30941
   2151.50195 13.551 13.550 13.451 13.311 13.115    0.067 0.047 0.046 0.055 0.060  A 31330
#ndata= 23
#dataset= 2 ; 1 F1630-48_112
#desig= 165932-5006.0
#cra=   16.992301  16:59:32.3
#cdec= -50.099734 -50:05:59.0
#class= 0
#cmag_0= 12.673
#cmer_0=  0.224
#nskip_0= 0
#cmag_1= 12.731
#cmer_1=  0.228
#nskip_1= 0
#cmag_2= 12.734
#cmer_2=  0.245
#nskip_2= 0
#cmag_3= 12.688
#cmer_3=  0.253
#nskip_3= 0
#cmag_4= 12.693
#cmer_4=  0.272
#nskip_4= 0
#ra=   16.992301  16:59:32.3
#dec= -50.099734 -50:05:59.0
#     HJD      MAG_0  MAG_1  MAG_2  MAG_3  MAG_4    MER_0 MER_1 MER_2 MER_3 MER_4 GRADE FRAME
   2500.48712 13.173 13.141 13.179 13.154 13.206    0.055 0.052 0.046 0.051 0.059  A 15794
   2696.87345 13.144 13.246 13.169 13.022 12.965    0.055 0.047 0.046 0.052 0.057  A 42191
   2784.89408 12.963 12.982 12.977 12.935 12.881    0.057 0.045 0.039 0.043 0.047  A 56241
   2915.52319 12.800 12.918 12.887 12.831 12.874    0.052 0.041 0.035 0.039 0.045  A 74338
   2922.50509 12.639 12.719 12.675 12.552 12.551    0.055 0.043 0.038 0.043 0.047  A 75214
   2924.51937 12.664 12.737 12.704 12.620 12.586    0.052 0.043 0.037 0.040 0.044  A 75597
   2928.50006 12.510 12.539 12.543 12.500 12.572    0.051 0.045 0.038 0.043 0.047  A 76134
   2930.50911 12.491 12.538 12.482 12.426 12.398    0.051 0.042 0.036 0.039 0.043  A 76490
   2932.51756 12.354 12.415 12.419 12.410 12.425    0.049 0.042 0.036 0.040 0.043  A 76850
   2935.50407 12.351 12.417 12.398 12.379 12.458    0.050 0.041 0.036 0.041 0.045  A 77378
   3146.86152 13.037 13.150 13.278 13.353 13.477    0.051 0.047 0.044 0.051 0.058  A 103596
   3170.83545 12.832 12.998 13.130 13.239 13.485    0.053 0.046 0.042 0.047 0.054  A 106076
   3876.50423 12.676 12.751 12.759 12.768 12.763    0.056 0.045 0.043 0.049 0.054  A 191294
   3876.51139 12.534 12.593 12.614 12.578 12.644    0.063 0.057 0.058 0.070 0.078  D 191296
   3876.53408 12.589 12.628 12.511 12.390 12.311    0.067 0.058 0.055 0.063 0.072  B 191303
   3876.54948 12.489 12.623 12.587 12.534 99.999    0.088 0.055 0.049 0.053 0.059  C 191308
   3876.57725 12.679 12.642 12.660 12.640 12.625    0.081 0.054 0.048 0.052 0.056  B 191318
   3876.60557 99.999 99.999 99.999 99.999 99.999    0.067 0.048 0.043 0.048 0.052  C 191328
   3876.63282 12.550 12.576 12.557 12.507 12.503    0.063 0.048 0.043 0.048 0.053  A 191338
   3876.66272 12.594 12.686 12.737 12.794 12.924    0.064 0.051 0.048 0.055 0.061  A 191348
   3877.52714 12.576 12.587 12.580 12.516 12.477    0.051 0.042 0.039 0.044 0.049  A 191459
   3877.55876 12.554 12.585 12.578 12.504 12.494    0.064 0.046 0.040 0.046 0.051  A 191469
   3877.58892 12.599 12.679 12.673 12.629 12.532    0.056 0.046 0.041 0.046 0.051  A 191479
#ndata= 441
#dataset= 3 ; 1 F1715-48_113
#desig= 165933-5006.0
#cra=   16.992473  16:59:32.9
#cdec= -50.100243 -50:06:00.9
#class= 0
#cmag_0= 12.891
#cmer_0=  0.248
#nskip_0= 0
#cmag_1= 12.916
#cmer_1=  0.256
#nskip_1= 0
#cmag_2= 12.912
#cmer_2=  0.269
#nskip_2= 0
#cmag_3= 12.880
#cmer_3=  0.297
#nskip_3= 0
#cmag_4= 12.863
#cmer_4=  0.345
#nskip_4= 1
#ra=   16.992473  16:59:32.9
#dec= -50.100243 -50:06:00.9
#     HJD      MAG_0  MAG_1  MAG_2  MAG_3  MAG_4    MER_0 MER_1 MER_2 MER_3 MER_4 GRADE FRAME
   1933.87525 12.627 12.655 12.595 12.508 12.481    0.046 0.037 0.035 0.040 0.046  A 7694
   1936.88243 12.661 12.663 12.591 12.463 12.368    0.044 0.038 0.035 0.042 0.048  A 8094
   1940.86015 12.651 12.633 12.596 12.520 12.438    0.043 0.035 0.031 0.036 0.041  A 8573
   1947.84863 12.607 12.572 12.484 12.352 12.288    0.051 0.038 0.036 0.042 0.047  A 8988
   1949.85893 12.598 12.576 12.607 12.595 12.571    0.049 0.038 0.035 0.040 0.046  A 9286
   1953.82451 12.608 12.640 12.659 12.610 12.640    0.048 0.043 0.037 0.040 0.045  A 9755
   1954.84146 12.582 12.649 12.653 12.629 12.669    0.053 0.049 0.040 0.044 0.049  A 9940
   1955.84672 12.587 12.610 12.653 12.665 12.677    0.041 0.037 0.031 0.034 0.037  A 10123
   1961.85266 12.633 12.622 12.650 12.655 12.625    0.045 0.040 0.033 0.035 0.038  A 10575
   1963.83983 12.724 12.747 12.807 12.814 12.793    0.047 0.039 0.032 0.036 0.039  A 10897
   1965.83068 12.908 12.949 13.001 12.971 12.954    0.045 0.038 0.031 0.035 0.037  A 11262
   1967.83283 12.800 12.771 12.763 12.724 12.727    0.047 0.041 0.033 0.036 0.037  A 11607
   1977.76244 12.873 13.060 13.096 13.133 13.162    0.059 0.052 0.044 0.049 0.051  A 12008
   1979.78540 13.290 13.346 13.404 13.414 13.487    0.056 0.048 0.040 0.045 0.047  A 12290
   1980.79611 13.138 13.108 13.196 13.402 13.370    0.062 0.054 0.048 0.055 0.059  B 12441
   1981.80661 13.386 13.425 13.520 13.634 13.752    0.057 0.049 0.040 0.045 0.046  A 12629
   1982.77693 13.253 13.348 13.426 13.463 13.558    0.052 0.045 0.037 0.041 0.045  A 12809
   1994.74717 29.999 29.999 29.999 29.999 29.999    0.066 0.056 0.044 0.048 0.047  D 13493
   1995.82675 29.999 29.999 29.999 29.999 29.999    0.084 0.070 0.057 0.058 0.059  D 13726
   1996.82100 13.464 13.557 13.768 14.068 14.826    0.085 0.070 0.055 0.056 0.057  D 13918
   2008.73061 29.999 29.999 29.999 29.999 29.999    0.085 0.070 0.059 0.062 0.065  D 15210
   2025.71677 13.708 13.620 13.603 13.508 13.421    0.054 0.037 0.035 0.040 0.044  A 17225
   2026.75416 13.561 13.676 13.680 13.741 13.745    0.057 0.037 0.035 0.039 0.044  A 17458
   2027.74897 13.570 13.649 13.716 13.730 13.723    0.056 0.038 0.035 0.041 0.046  A 17675
   2032.73189 13.327 13.349 13.327 13.266 13.231    0.052 0.037 0.034 0.038 0.043  A 18275
   2033.72383 13.527 13.513 13.563 13.587 13.591    0.050 0.034 0.032 0.036 0.041  A 18492
   2037.69451 13.371 13.382 13.364 13.151 13.071    0.075 0.044 0.042 0.047 0.053  A 18996
   2040.78455 13.200 13.167 13.140 13.058 12.949    0.078 0.049 0.046 0.052 0.058  B 19522
   2052.68706 12.798 12.860 12.872 12.822 12.812    0.073 0.044 0.041 0.045 0.051  A 19837
   2053.70974 12.752 12.798 12.766 12.653 12.512    0.065 0.041 0.038 0.041 0.046  A 20057
   2055.67867 12.778 12.773 12.722 12.662 12.664    0.074 0.045 0.043 0.049 0.053  A 20485
   2057.68244 12.696 12.693 12.705 12.679 12.638    0.064 0.040 0.037 0.042 0.047  A 20942
   2058.67483 12.611 12.661 12.666 12.601 12.495    0.073 0.042 0.039 0.044 0.049  A 21168
   2061.68047 12.660 12.653 12.613 12.509 12.470    0.062 0.040 0.038 0.043 0.048  A 21399
   2067.71274 12.809 12.824 12.829 12.810 12.857    0.058 0.039 0.037 0.043 0.048  A 21880
   2068.65619 12.646 12.676 12.627 12.539 12.495    0.069 0.044 0.041 0.046 0.051  A 22083
   2069.65428 12.695 12.726 12.748 12.707 12.637    0.074 0.043 0.039 0.044 0.050  A 22305
   2070.64461 12.712 12.759 12.728 12.678 12.634    0.068 0.041 0.036 0.041 0.046  A 22530
   2071.67718 29.999 29.999 29.999 29.999 29.999    0.086 0.075 0.084 0.106 0.120  D 22732
   2080.55571 12.863 12.935 12.844 12.702 12.621    0.068 0.041 0.038 0.044 0.048  A 22860
   2081.62407 12.789 12.874 12.846 12.761 12.703    0.057 0.039 0.036 0.041 0.045  A 23116
   2082.64195 12.848 12.814 12.753 12.642 12.595    0.053 0.037 0.034 0.038 0.044  A 23348
   2083.62851 12.813 12.894 12.843 12.779 12.787    0.067 0.046 0.045 0.051 0.057  A 23586
   2085.61255 12.780 12.817 12.846 12.819 12.751    0.045 0.034 0.032 0.038 0.042  A 23807
   2086.62069 12.915 12.868 12.859 12.851 12.830    0.060 0.038 0.035 0.040 0.045  A 24034
   2087.61155 12.680 12.703 12.666 12.603 12.477    0.073 0.042 0.040 0.045 0.050  A 24250
   2088.61031 12.965 12.900 12.869 12.770 12.703    0.070 0.043 0.039 0.044 0.050  A 24478
   2095.63638 12.925 13.099 13.437 13.542 13.354    0.063 0.056 0.063 0.076 0.087  D 25223
   2096.59201 12.665 12.708 12.711 12.658 12.626    0.065 0.044 0.044 0.049 0.056  A 25430
   2102.56514 12.813 12.870 12.827 12.771 12.712    0.052 0.039 0.035 0.039 0.044  A 25631
   2103.58481 13.036 12.948 12.914 12.899 12.858    0.056 0.039 0.037 0.041 0.046  A 25786
   2104.58701 12.967 13.004 13.055 13.068 12.917    0.056 0.041 0.039 0.044 0.048  A 25989
   2105.58389 12.940 12.896 12.909 12.878 12.883    0.057 0.038 0.036 0.041 0.046  A 26208
   2106.58584 12.793 12.914 12.884 12.757 12.667    0.055 0.039 0.036 0.040 0.045  A 26413
   2109.57859 12.869 12.910 12.875 12.785 12.658    0.050 0.037 0.034 0.038 0.043  A 26582
   2115.54322 12.885 12.889 12.864 12.808 12.691    0.049 0.037 0.034 0.037 0.042  A 26826
   2116.55573 12.880 13.011 13.045 12.975 12.830    0.047 0.036 0.033 0.037 0.041  A 27050
   2117.55007 13.094 13.144 13.191 13.246 13.229    0.054 0.038 0.035 0.039 0.044  A 27269
   2124.52299 13.100 13.114 13.025 12.897 12.803    0.057 0.040 0.038 0.043 0.048  A 27603
   2125.54400 13.357 13.358 13.399 13.352 13.309    0.055 0.040 0.039 0.043 0.048  A 27823
   2128.52520 13.112 13.149 13.082 12.950 12.795    0.056 0.038 0.035 0.040 0.045  A 27889
   2129.53535 13.142 13.211 13.173 13.069 13.058    0.047 0.034 0.032 0.037 0.042  A 28110
   2133.50682 13.229 13.376 13.391 13.248 13.068    0.055 0.039 0.036 0.040 0.045  A 28939
   2135.51012 13.250 13.294 13.326 13.280 13.017    0.057 0.039 0.037 0.042 0.047  A 29372
   2142.50025 13.477 13.536 13.657 13.659 13.569    0.047 0.035 0.033 0.038 0.043  A 30540
   2144.49164 13.572 13.567 13.497 13.394 13.269    0.051 0.036 0.034 0.040 0.045  A 30945
   2156.51682 13.409 13.546 13.595 13.578 13.443    0.049 0.040 0.036 0.041 0.048  A 31598
   2164.50477 13.662 13.577 13.604 13.606 13.519    0.044 0.040 0.036 0.041 0.046  A 31909
   2168.55786 13.454 13.544 13.451 13.355 13.241    0.061 0.044 0.040 0.047 0.051  A 32231
   2172.49749 13.505 13.519 13.500 13.382 13.224    0.049 0.040 0.036 0.042 0.047  A 32735
   2177.48123 13.443 13.395 13.413 13.434 13.421    0.056 0.047 0.044 0.050 0.056  A 33363
   2179.52799 13.286 13.377 13.496 13.529 13.618    0.054 0.046 0.040 0.043 0.046  A 33660
   2184.53750 13.204 13.260 13.224 13.133 13.017    0.052 0.042 0.039 0.044 0.050  A 34038
   2188.52301 13.109 13.116 13.110 13.071 13.032    0.047 0.040 0.035 0.041 0.046  A 34675
   2192.51227 13.068 13.071 13.035 12.986 12.874    0.046 0.039 0.038 0.042 0.048  A 35236
   2196.50672 13.016 13.008 12.975 12.839 12.695    0.057 0.045 0.044 0.050 0.056  A 35906
   2440.64387 13.764 13.733 13.816 13.945 14.153    0.042 0.040 0.035 0.039 0.041  A 8060
   2442.63354 29.999 29.999 29.999 29.999 29.999    0.039 0.035 0.028 0.032 0.033  C 8483
   2444.63602 13.735 13.819 13.905 13.923 14.076    0.029 0.027 0.022 0.026 0.028  A 8875
   2445.61338 13.513 13.540 13.495 13.412 13.514    0.033 0.031 0.025 0.028 0.031  A 9082
   2452.59829 13.038 13.159 13.285 13.457 13.726    0.055 0.048 0.040 0.045 0.044  A 9444
   2454.60851 13.207 13.261 13.287 13.368 13.560    0.044 0.042 0.037 0.040 0.044  A 9839
   2459.58709 29.999 29.999 29.999 29.999 29.999    0.082 0.076 0.077 0.091 0.102  D 10104
   2460.62484 12.750 12.713 12.703 12.749 12.811    0.031 0.031 0.024 0.028 0.030  A 10196
   2463.59229 12.588 12.645 12.623 12.621 12.628    0.034 0.032 0.027 0.032 0.035  A 10599
   2464.59134 12.560 12.624 12.655 12.717 12.796    0.048 0.041 0.032 0.035 0.033  A 10817
   2465.59273 12.657 12.665 12.706 12.753 12.818    0.049 0.040 0.031 0.033 0.033  A 11038
   2466.58887 12.560 12.546 12.607 12.685 12.785    0.041 0.036 0.029 0.034 0.036  A 11255
   2467.58929 12.406 12.487 12.453 12.436 12.439    0.029 0.028 0.023 0.027 0.029  A 11474
   2468.58391 12.466 12.527 12.550 12.546 12.546    0.032 0.028 0.022 0.026 0.028  A 11690
   2469.58261 12.583 12.592 12.604 12.609 12.655    0.037 0.034 0.027 0.031 0.034  A 11905
   2481.54207 12.748 12.760 12.818 12.919 13.055    0.069 0.057 0.045 0.048 0.048  D 12955
   2482.57131 12.739 12.821 12.860 12.983 13.145    0.068 0.055 0.044 0.045 0.044  B 13127
   2486.54797 13.081 13.173 13.211 13.251 13.468    0.069 0.059 0.047 0.046 0.045  D 13282
   2489.53918 12.835 12.825 12.804 12.829 13.019    0.045 0.042 0.037 0.042 0.046  A 13804
   2490.54583 12.988 12.901 12.883 12.896 12.907    0.042 0.039 0.030 0.033 0.033  A 14025
   2491.53857 13.190 13.183 13.207 13.216 13.370    0.069 0.056 0.043 0.043 0.043  D 14196
   2493.53686 13.135 13.118 13.184 13.278 13.471    0.048 0.041 0.033 0.035 0.036  A 14429
   2494.54237 29.999 29.999 29.999 29.999 29.999    0.051 0.050 0.047 0.053 0.061  C 14622
   2499.52516 13.162 13.219 13.325 13.454 13.591    0.037 0.036 0.030 0.035 0.038  A 15598
   2500.48712 13.194 13.153 13.201 13.198 13.251    0.044 0.040 0.034 0.039 0.044  A 15794
   2501.51442 13.424 13.361 13.547 13.793 14.257    0.061 0.050 0.041 0.044 0.043  A 15955
   2508.52611 13.221 13.253 13.288 13.288 13.431    0.035 0.035 0.030 0.035 0.038  A 16745
   2511.56193 13.154 13.247 13.484 13.769 14.212    0.053 0.050 0.046 0.053 0.059  A 17060
   2519.63355 13.007 13.067 13.188 13.289 13.506    0.037 0.035 0.028 0.032 0.034  A 18001
   2520.62132 12.969 13.003 12.962 12.936 12.938    0.030 0.030 0.027 0.032 0.037  A 18195
   2521.63092 12.975 13.011 13.059 13.091 13.184    0.034 0.029 0.027 0.031 0.034  A 18395
   2526.63079 12.819 12.785 12.813 12.793 12.757    0.036 0.029 0.029 0.032 0.037  A 18840
   2535.57789 12.727 12.822 12.807 12.796 12.821    0.038 0.030 0.028 0.032 0.036  A 19240
   2543.50243 12.567 12.611 12.618 12.594 12.506    0.032 0.031 0.030 0.035 0.040  A 19858
   2546.55048 12.668 12.646 12.588 12.493 12.468    0.046 0.035 0.032 0.036 0.041  A 20308
   2548.53709 12.568 12.636 12.630 12.555 12.537    0.039 0.030 0.027 0.031 0.034  A 20553
   2552.56039 13.468 13.386 13.319 13.471 13.864    0.065 0.052 0.044 0.048 0.047  A 21113
   2559.49357 12.938 13.001 13.120 13.210 13.163    0.043 0.042 0.039 0.047 0.052  A 22168
   2560.51502 12.656 12.736 12.714 12.673 12.635    0.042 0.034 0.034 0.038 0.043  A 22356
   2561.52912 12.804 12.805 12.841 12.829 12.866    0.038 0.033 0.032 0.036 0.040  A 22510
   2563.52501 12.869 12.902 12.944 13.031 13.098    0.035 0.032 0.028 0.031 0.035  A 22867
   2565.51475 12.725 12.743 12.763 12.739 12.697    0.037 0.032 0.030 0.034 0.037  A 23220
   2664.86900 12.567 12.561 12.563 12.533 12.532    0.029 0.028 0.027 0.032 0.036  A 36725
   2673.86858 13.018 13.050 13.158 13.317 13.447    0.035 0.034 0.030 0.033 0.036  A 38194
   2681.85512 13.173 13.175 13.231 13.327 13.365    0.034 0.032 0.029 0.030 0.033  A 39551
   2684.85426 13.222 13.279 13.211 13.105 13.107    0.032 0.032 0.031 0.035 0.037  A 40087
   2690.84033 13.208 13.268 13.312 13.452 13.634    0.036 0.037 0.038 0.042 0.046  A 41180
   2696.87345 13.161 13.256 13.190 13.064 13.000    0.038 0.035 0.036 0.040 0.043  A 42191
   2697.84186 13.118 13.213 13.261 13.274 13.367    0.030 0.031 0.029 0.031 0.033  A 42406
   2700.86497 13.151 13.178 13.188 13.137 13.068    0.032 0.030 0.028 0.033 0.036  A 42992
   2703.82349 13.159 13.238 13.296 13.318 13.453    0.035 0.033 0.033 0.034 0.036  A 43549
   2706.81683 13.104 13.110 13.045 12.943 12.919    0.032 0.028 0.027 0.031 0.035  A 44105
   2710.83759 13.048 13.030 13.146 13.204 13.151    0.031 0.029 0.029 0.033 0.036  A 44836
   2714.83437 13.096 13.053 13.068 13.111 13.257    0.033 0.039 0.038 0.039 0.041  A 45598
   2724.76970 13.001 13.145 13.170 13.174 13.243    0.034 0.031 0.030 0.031 0.034  A 47119
   2726.81683 13.131 13.120 13.151 13.208 13.373    0.031 0.033 0.029 0.033 0.036  A 47541
   2728.81637 13.297 13.463 13.592 13.755 14.049    0.038 0.041 0.042 0.045 0.050  A 47935
   2730.80868 13.053 13.308 13.400 13.474 13.628    0.036 0.043 0.043 0.045 0.047  A 48341
   2733.81389 99.999 99.999 99.999 99.999 99.999    0.030 0.030 0.030 0.032 0.033  C 48696
   2735.80722 12.848 12.855 12.884 12.908 12.950    0.027 0.027 0.025 0.029 0.032  A 49098
   2737.78935 12.986 12.998 13.062 13.126 13.208    0.031 0.035 0.034 0.037 0.040  A 49486
   2739.78996 13.015 12.992 13.011 13.071 13.089    0.028 0.032 0.033 0.036 0.038  A 49824
   2741.77877 13.057 12.956 12.951 12.973 13.046    0.032 0.034 0.035 0.038 0.041  A 50212
   2743.77708 12.834 12.888 12.908 12.897 13.023    0.031 0.036 0.038 0.040 0.041  A 50603
   2747.79850 12.890 12.915 12.936 12.864 12.808    0.049 0.047 0.048 0.056 0.064  A 51071
   2750.84115 12.864 12.885 12.924 12.970 12.971    0.037 0.032 0.031 0.035 0.039  A 51720
   2752.76331 12.979 12.952 12.993 13.058 13.115    0.029 0.035 0.032 0.036 0.039  A 52078
   2755.75062 12.989 12.939 12.900 12.887 12.985    0.030 0.033 0.030 0.032 0.034  A 52508
   2757.76118 12.970 12.955 12.981 12.973 12.970    0.028 0.033 0.031 0.033 0.035  A 52928
   2759.80587 12.845 12.822 12.884 12.968 12.979    0.034 0.044 0.042 0.045 0.047  A 53291
   2761.75681 12.838 12.895 12.913 12.934 13.006    0.027 0.028 0.027 0.031 0.034  A 53681
   2763.74207 12.822 12.899 12.962 12.969 12.934    0.032 0.034 0.030 0.036 0.038  A 54070
   2767.78756 12.954 12.984 12.992 12.990 13.142    0.025 0.029 0.025 0.030 0.032  A 54614
   2770.73550 13.065 13.101 13.073 13.087 13.190    0.026 0.032 0.030 0.035 0.037  A 54895
   2775.77163 13.025 13.023 13.029 13.067 13.147    0.039 0.040 0.038 0.044 0.051  A 55138
   2783.65485 12.955 12.935 12.995 13.028 13.022    0.033 0.035 0.032 0.033 0.034  A 55941
   2784.89408 12.970 12.985 12.991 12.968 12.914    0.043 0.037 0.032 0.037 0.041  A 56241
   2786.66395 13.005 13.003 12.984 12.954 12.982    0.029 0.026 0.025 0.027 0.028  A 56577
   2787.80942 12.763 12.837 12.831 12.788 12.737    0.033 0.029 0.028 0.032 0.036  A 56867
   2791.63425 13.024 13.022 13.061 13.096 13.203    0.032 0.034 0.033 0.035 0.036  A 57545
   2809.69185 12.782 12.821 12.817 12.787 99.999    0.028 0.035 0.028 0.031 0.033  C 59526
   2810.82738 12.640 12.766 12.885 12.972 13.135    0.040 0.033 0.036 0.042 0.048  A 59808
   2812.63081 12.789 12.799 12.843 12.897 12.978    0.029 0.034 0.031 0.035 0.038  A 60179
   2813.80084 12.650 12.623 12.662 12.673 12.702    0.044 0.043 0.030 0.033 0.035  A 60480
   2821.58668 12.653 12.699 12.711 12.718 12.730    0.031 0.036 0.035 0.040 0.043  A 61713
   2827.60369 29.999 29.999 29.999 29.999 29.999    0.075 0.077 0.083 0.101 0.118  D 62200
   2834.73148 12.883 12.892 12.962 13.021 13.096    0.038 0.040 0.037 0.045 0.048  A 63376
   2836.57663 12.799 12.784 12.798 12.768 12.743    0.028 0.030 0.026 0.031 0.034  A 63654
   2841.63792 12.928 12.926 12.897 12.842 12.884    0.028 0.032 0.027 0.031 0.033  A 64542
   2843.60823 13.054 13.064 13.104 13.120 13.126    0.030 0.030 0.027 0.031 0.033  A 64895
   2854.53870 13.338 13.485 13.514 13.573 13.659    0.028 0.031 0.026 0.031 0.033  A 65842
   2860.54077 13.168 13.201 13.216 13.249 13.265    0.027 0.031 0.028 0.033 0.036  A 66711
   2861.70203 13.232 13.195 13.178 13.096 13.110    0.034 0.036 0.033 0.039 0.043  A 66989
   2866.63202 13.148 13.288 13.403 13.485 13.642    0.036 0.041 0.035 0.037 0.038  A 67556
   2867.71424 13.007 13.071 13.186 13.325 13.529    0.033 0.031 0.028 0.034 0.037  A 67795
   2875.65009 13.011 12.995 12.989 12.968 12.876    0.046 0.034 0.032 0.035 0.040  A 68557
   2879.64881 13.013 13.015 13.015 13.033 13.113    0.032 0.030 0.030 0.034 0.039  A 69260
   2883.50439 13.057 13.140 13.214 13.220 13.241    0.028 0.030 0.024 0.027 0.029  A 69573
   2888.51544 12.948 12.868 12.885 12.917 12.990    0.039 0.034 0.028 0.032 0.036  A 70394
   2893.53228 13.098 12.989 12.987 12.920 12.965    0.045 0.041 0.032 0.036 0.039  A 70836
   2895.54023 12.920 12.901 12.947 13.026 13.139    0.039 0.037 0.032 0.034 0.036  A 71234
   2897.55454 12.879 12.927 12.930 13.025 13.134    0.044 0.044 0.039 0.042 0.045  A 71637
   2901.54197 13.107 13.174 13.165 13.176 13.242    0.049 0.044 0.044 0.050 0.056  A 72380
   2904.61465 13.045 13.239 13.348 13.430 13.574    0.052 0.050 0.053 0.061 0.069  B 72849
   2906.61272 12.903 12.896 12.885 12.870 12.883    0.030 0.027 0.027 0.031 0.035  A 73171
   2910.48845 13.055 13.239 13.280 13.301 99.999    0.034 0.033 0.027 0.031 0.035  C 73662
   2915.52619 13.097 13.135 13.123 13.131 13.198    0.038 0.035 0.030 0.034 0.037  A 74339
   2917.55405 12.958 13.006 12.980 12.945 12.916    0.035 0.032 0.030 0.034 0.037  A 74731
   2921.55474 12.912 12.983 13.020 13.079 13.135    0.035 0.036 0.038 0.046 0.053  A 75053
   2923.55311 12.706 12.742 12.756 12.715 12.668    0.035 0.033 0.034 0.041 0.045  A 75422
   2926.55629 12.694 12.701 12.719 12.722 12.794    0.036 0.034 0.035 0.041 0.047  A 75784
   2928.55476 12.563 12.604 12.619 12.658 12.701    0.033 0.033 0.033 0.038 0.043  A 76157
   2931.50736 12.535 12.520 12.513 12.508 12.511    0.034 0.028 0.028 0.032 0.036  A 76668
   2933.51459 12.426 12.447 12.429 12.407 12.402    0.035 0.031 0.030 0.035 0.040  A 77025
   2935.51589 12.410 12.421 12.427 12.431 12.483    0.034 0.031 0.030 0.035 0.039  A 77383
   2937.51462 12.459 12.425 12.429 12.412 12.394    0.034 0.030 0.030 0.035 0.038  A 77656
   3036.87032 12.683 12.633 12.611 12.587 12.559    0.036 0.033 0.033 0.039 0.044  A 89444
   3053.86413 12.616 12.679 12.685 12.679 12.649    0.033 0.030 0.031 0.036 0.042  A 91348
   3057.87768 12.851 12.834 12.781 12.679 12.611    0.030 0.029 0.029 0.035 0.040  A 91900
   3062.83347 13.057 13.065 13.090 13.146 13.171    0.041 0.042 0.046 0.054 0.062  A 92549
   3066.87594 13.044 13.067 13.039 13.010 13.005    0.028 0.029 0.028 0.033 0.037  A 92984
   3069.85587 13.041 13.118 13.252 13.443 13.599    0.032 0.031 0.032 0.038 0.044  A 93416
   3076.84042 13.429 13.428 13.446 13.432 13.336    0.031 0.030 0.030 0.035 0.039  A 94338
   3082.86431 13.341 13.354 13.292 13.242 13.204    0.033 0.033 0.034 0.040 0.046  A 95233
   3086.86869 13.097 13.134 13.115 13.040 13.012    0.037 0.035 0.037 0.043 0.048  A 95536
   3089.85090 13.557 13.618 13.662 13.838 14.144    0.031 0.031 0.031 0.037 0.042  A 95985
   3092.83680 13.150 13.297 13.334 13.363 13.434    0.037 0.038 0.034 0.038 0.042  A 96450
   3097.77379 12.997 13.028 13.065 13.002 13.046    0.033 0.030 0.032 0.037 0.042  A 96859
   3099.85218 12.866 12.808 12.839 12.898 13.016    0.035 0.032 0.034 0.039 0.044  A 97192
   3102.79225 12.653 12.612 12.730 12.860 12.978    0.035 0.033 0.034 0.041 0.047  A 97647
   3106.86422 12.463 12.549 12.568 12.567 12.534    0.035 0.038 0.039 0.046 0.052  A 98301
   3109.80031 12.373 12.377 12.395 12.375 12.352    0.030 0.029 0.030 0.035 0.040  A 98745
   3112.78498 12.400 12.375 12.392 12.430 12.470    0.030 0.029 0.028 0.033 0.038  A 99209
   3114.85236 12.347 12.413 12.405 12.406 12.418    0.027 0.031 0.027 0.032 0.037  A 99564
   3118.78920 12.509 12.497 12.517 12.541 12.525    0.056 0.059 0.064 0.075 0.085  D 99972
   3122.76932 12.437 12.486 12.449 12.456 12.522    0.031 0.031 0.031 0.037 0.041  A 100258
   3124.82226 12.494 12.519 12.567 12.597 12.659    0.031 0.031 0.032 0.039 0.044  A 100613
   3126.80521 12.575 12.569 12.565 12.540 12.503    0.033 0.031 0.031 0.037 0.041  A 100935
   3128.79780 12.639 12.672 12.705 12.709 12.758    0.034 0.033 0.034 0.040 0.046  A 101253
   3130.79936 12.692 12.724 12.753 12.820 12.845    0.035 0.036 0.034 0.041 0.047  A 101541
   3133.79276 12.736 12.742 12.791 12.849 12.906    0.029 0.031 0.030 0.035 0.040  A 102033
   3141.79945 12.806 12.871 12.868 12.815 12.702    0.032 0.036 0.036 0.043 0.048  A 103001
   3144.83756 13.068 13.042 13.042 13.035 12.987    0.032 0.030 0.029 0.034 0.038  A 103337
   3153.77879 13.121 13.172 13.167 13.167 13.145    0.029 0.030 0.028 0.034 0.039  A 103810
   3156.68350 13.222 13.264 13.280 13.275 13.238    0.029 0.029 0.029 0.034 0.039  A 104180
   3160.76736 13.036 12.922 12.844 12.782 12.916    0.039 0.041 0.045 0.054 0.063  A 104737
   3163.77235 13.033 13.025 12.953 12.868 12.840    0.032 0.031 0.031 0.037 0.042  A 105066
   3165.79498 13.208 13.275 13.361 13.386 13.336    0.046 0.049 0.056 0.066 0.077  D 105418
   3168.79864 13.033 12.984 12.941 12.934 12.957    0.028 0.030 0.027 0.032 0.037  A 105804
   3171.73985 12.860 12.893 12.907 12.914 12.927    0.031 0.033 0.032 0.037 0.042  A 106217
   3175.74072 12.912 12.920 12.919 12.884 12.849    0.033 0.030 0.030 0.035 0.040  A 106622
   3178.62137 13.042 13.100 13.150 13.155 13.178    0.030 0.030 0.030 0.035 0.039  A 107049
   3180.71410 12.913 12.921 12.888 12.849 12.798    0.033 0.031 0.031 0.036 0.040  A 107367
   3183.70584 12.929 12.971 13.069 13.139 13.210    0.034 0.031 0.032 0.037 0.042  A 107673
   3189.59406 12.869 12.884 12.835 12.772 12.713    0.036 0.034 0.036 0.042 0.048  A 108411
   3191.71989 12.903 12.970 12.917 12.793 12.690    0.038 0.036 0.037 0.045 0.052  A 108751
   3404.86719 12.792 12.852 12.852 12.792 12.795    0.052 0.043 0.039 0.044 0.048  A 128493
   3408.86779 12.861 12.863 12.821 12.706 12.634    0.058 0.043 0.042 0.049 0.054  A 129112
   3412.86395 12.952 12.861 12.809 12.719 12.615    0.061 0.047 0.042 0.045 0.049  A 129705
   3416.86123 13.101 13.020 12.982 12.957 12.827    0.049 0.045 0.050 0.061 0.070  D 130346
   3420.84830 12.870 12.889 12.982 13.028 13.002    0.077 0.073 0.082 0.101 0.119  D 130980
   3423.87499 12.913 12.892 12.851 12.789 12.689    0.049 0.045 0.050 0.060 0.070  D 131455
   3426.86914 12.904 12.968 12.832 12.688 12.575    0.051 0.040 0.039 0.045 0.051  A 131929
   3436.87781 12.937 12.931 12.950 12.917 12.932    0.049 0.038 0.039 0.045 0.050  A 133074
   3442.88317 12.867 12.938 12.952 12.922 12.907    0.047 0.036 0.033 0.039 0.044  A 133676
   3445.87257 12.856 12.889 12.863 12.756 12.684    0.053 0.037 0.035 0.041 0.047  A 134197
   3448.86717 12.859 12.904 12.870 12.775 12.682    0.050 0.043 0.040 0.045 0.049  A 134982
   3452.83944 12.820 12.848 12.865 12.842 12.863    0.045 0.040 0.039 0.046 0.050  A 135564
   3455.78567 12.709 12.712 12.642 12.538 12.468    0.071 0.047 0.045 0.052 0.059  A 136059
   3457.82932 12.859 12.864 12.847 12.804 12.821    0.036 0.034 0.035 0.041 0.047  A 136428
   3464.89061 12.769 12.768 12.758 12.685 12.617    0.046 0.036 0.034 0.040 0.045  A 137582
   3467.83634 12.773 12.794 12.741 12.626 12.511    0.046 0.037 0.034 0.040 0.045  A 137990
   3470.82026 12.826 12.915 12.909 12.855 12.753    0.043 0.034 0.034 0.040 0.045  A 138465
   3473.80443 12.779 12.835 12.820 12.782 12.745    0.034 0.032 0.029 0.033 0.037  A 138934
   3476.79456 12.648 12.662 12.639 12.549 12.472    0.044 0.038 0.039 0.048 0.055  A 139425
   3478.83273 12.669 12.713 12.756 12.761 12.796    0.049 0.040 0.039 0.046 0.051  A 139787
   3481.75933 12.632 12.671 12.586 12.443 12.386    0.067 0.043 0.041 0.047 0.053  A 140217
   3483.79122 12.799 12.771 12.725 12.607 12.527    0.055 0.040 0.038 0.045 0.050  A 140544
   3489.81999 12.672 12.756 12.752 12.722 12.630    0.064 0.048 0.046 0.055 0.063  A 141016
   3491.84248 12.853 12.836 12.838 12.819 12.725    0.062 0.043 0.041 0.048 0.053  A 141378
   3495.84032 12.982 13.043 13.069 13.051 13.184    0.069 0.070 0.080 0.096 0.110  D 141703
   3498.84147 12.869 12.858 12.785 12.672 12.595    0.037 0.033 0.031 0.037 0.043  A 142020
   3501.71839 12.814 12.832 12.788 12.664 12.622    0.042 0.036 0.036 0.042 0.046  A 142476
   3503.78076 13.082 13.071 13.050 12.986 12.925    0.062 0.042 0.038 0.042 0.047  A 142855
   3506.80458 12.979 12.986 13.010 12.950 12.883    0.034 0.033 0.030 0.035 0.040  A 143199
   3509.78333 13.005 13.026 13.043 12.983 12.924    0.035 0.033 0.030 0.034 0.039  A 143471
   3512.66890 13.124 13.181 13.149 13.012 12.963    0.039 0.034 0.033 0.038 0.043  A 143871
   3516.74536 13.124 13.289 13.327 13.191 13.099    0.051 0.048 0.054 0.065 0.075  D 144210
   3522.71789 12.931 12.950 12.912 12.833 12.762    0.047 0.040 0.039 0.045 0.050  A 145048
   3524.73916 12.940 13.016 12.995 12.936 12.886    0.040 0.039 0.039 0.043 0.047  A 145373
   3526.76813 12.875 12.930 12.911 12.828 12.772    0.063 0.045 0.042 0.045 0.050  A 145722
   3528.76534 13.007 13.012 12.999 12.940 12.898    0.053 0.042 0.038 0.041 0.043  A 146052
   3538.68075 12.531 12.571 12.535 12.450 12.357    0.044 0.035 0.032 0.037 0.041  A 146857
   3540.67705 12.655 12.662 12.668 12.688 12.658    0.059 0.041 0.038 0.043 0.048  A 147177
   3543.67336 12.794 12.834 12.750 12.591 12.505    0.070 0.050 0.050 0.059 0.066  B 147566
   3546.74472 12.504 12.484 12.361 12.230 12.204    0.064 0.070 0.085 0.104 0.121  D 147904
   3550.69999 12.808 12.780 12.780 12.751 12.703    0.072 0.046 0.042 0.048 0.053  A 148236
   3552.73843 12.819 12.802 12.766 12.674 12.609    0.062 0.051 0.049 0.056 0.062  A 148497
   3558.83269 12.769 12.981 12.935 12.760 12.683    0.089 0.057 0.055 0.064 0.071  D 149293
   3560.75393 12.672 12.735 12.708 12.589 12.524    0.101 0.061 0.058 0.064 0.069  D 149599
   3563.55017 12.835 12.820 12.800 12.752 12.732    0.040 0.035 0.035 0.040 0.045  A 150054
   3571.59434 12.779 12.815 12.822 12.778 12.735    0.034 0.033 0.032 0.038 0.043  A 150891
   3573.77161 12.921 12.924 12.862 12.765 12.644    0.045 0.040 0.037 0.043 0.048  A 151157
   3576.54860 12.887 12.869 12.837 12.775 12.692    0.035 0.031 0.029 0.034 0.038  A 151611
   3578.58046 12.859 12.923 12.887 12.801 12.734    0.041 0.034 0.033 0.037 0.042  A 151955
   3583.68788 12.818 12.898 12.948 12.937 12.883    0.038 0.035 0.034 0.040 0.044  A 152852
   3585.74084 12.817 12.886 12.913 12.841 12.778    0.047 0.038 0.036 0.041 0.045  A 153214
   3588.52831 12.851 12.868 12.874 12.820 12.751    0.037 0.034 0.033 0.038 0.043  A 153627
   3590.64056 12.695 12.756 12.762 12.718 12.625    0.049 0.036 0.033 0.037 0.041  A 154013
   3592.61956 12.707 12.755 12.711 12.608 12.537    0.081 0.047 0.041 0.046 0.050  B 154358
   3599.64502 12.738 12.733 12.689 12.614 12.538    0.035 0.035 0.033 0.040 0.045  A 155269
   3601.69434 12.730 12.716 12.696 12.635 12.502    0.048 0.039 0.040 0.045 0.051  A 155575
   3603.70809 12.648 12.670 12.672 12.654 12.617    0.040 0.036 0.036 0.042 0.047  A 155908
   3607.51790 12.696 12.711 12.700 12.670 12.700    0.041 0.034 0.033 0.037 0.042  A 156238
   3617.57685 12.697 12.722 12.709 12.653 12.614    0.035 0.034 0.033 0.038 0.043  A 157115
   3619.64032 12.826 12.843 12.855 12.810 12.742    0.059 0.042 0.037 0.041 0.045  A 157437
   3622.51074 12.779 12.746 12.710 12.604 12.466    0.071 0.047 0.041 0.045 0.049  A 157865
   3626.57523 12.900 12.878 12.869 12.842 12.809    0.034 0.033 0.030 0.035 0.040  A 158301
   3629.61299 12.934 12.969 12.937 12.893 12.871    0.037 0.037 0.037 0.044 0.050  A 158610
   3631.61067 13.070 13.090 13.023 12.871 12.692    0.043 0.038 0.039 0.046 0.053  A 158948
   3634.56797 13.118 13.169 13.076 12.962 12.856    0.052 0.043 0.042 0.046 0.050  A 159356
   3637.59609 12.840 12.878 12.915 12.833 12.736    0.039 0.039 0.037 0.041 0.045  A 159695
   3641.54645 13.046 13.061 13.025 12.930 12.793    0.039 0.033 0.031 0.037 0.041  A 160146
   3643.58792 13.036 13.129 13.209 13.162 13.065    0.043 0.037 0.036 0.040 0.044  A 160440
   3647.54209 12.969 13.012 13.010 13.013 13.018    0.030 0.030 0.027 0.031 0.036  A 160872
   3653.51886 12.878 12.905 12.858 12.783 12.719    0.045 0.036 0.035 0.041 0.045  A 161720
   3655.54229 12.724 12.824 12.830 12.773 12.641    0.050 0.040 0.038 0.044 0.050  A 161989
   3658.52518 12.897 12.894 12.859 12.776 12.714    0.046 0.035 0.035 0.041 0.047  A 162435
   3660.54995 12.792 12.733 12.730 12.691 12.598    0.049 0.041 0.043 0.051 0.059  A 162754
   3663.50312 12.843 12.931 12.970 12.968 12.937    0.044 0.035 0.036 0.041 0.047  A 163167
   3666.53136 12.785 12.793 12.775 12.694 12.647    0.041 0.036 0.035 0.040 0.046  A 163619
   3670.49730 12.603 12.650 12.599 12.542 12.504    0.036 0.033 0.030 0.035 0.040  A 164067
   3673.50466 12.746 12.745 12.705 12.650 12.594    0.038 0.034 0.033 0.038 0.042  A 164502
   3676.50168 12.708 12.718 12.716 12.690 12.630    0.047 0.038 0.036 0.041 0.046  A 164931
   3759.87656 12.593 12.590 12.513 12.436 12.423    0.056 0.047 0.046 0.053 0.060  A 175564
   3772.87621 12.703 12.652 12.586 12.491 12.470    0.044 0.039 0.039 0.045 0.050  A 177293
   3790.85471 12.763 12.761 12.727 12.661 12.616    0.058 0.043 0.042 0.046 0.050  A 179321
   3794.86962 12.878 12.941 12.925 12.819 12.699    0.063 0.043 0.040 0.047 0.053  A 179910
   3797.88366 12.932 12.944 12.966 12.909 12.846    0.041 0.035 0.034 0.039 0.044  A 180343
   3802.85034 13.067 13.215 13.232 13.129 13.048    0.053 0.047 0.049 0.057 0.063  A 180956
   3805.88050 13.061 13.088 13.081 12.961 12.923    0.071 0.048 0.045 0.049 0.055  A 181389
   3809.85018 12.828 12.809 12.744 12.648 12.605    0.061 0.044 0.044 0.051 0.057  A 181891
   3813.82334 12.889 12.892 12.810 12.719 12.745    0.043 0.039 0.039 0.046 0.052  A 182520
   3818.80487 12.974 13.063 13.132 13.113 13.101    0.047 0.040 0.040 0.047 0.055  A 183311
   3821.84263 12.767 12.797 12.732 12.612 12.509    0.057 0.042 0.040 0.046 0.051  A 183805
   3824.83664 12.874 12.888 12.864 12.796 12.705    0.043 0.041 0.042 0.049 0.056  A 184299
   3827.82583 12.702 12.777 12.752 12.641 12.563    0.061 0.042 0.040 0.044 0.049  A 184803
   3830.82538 12.636 12.679 12.684 12.681 12.660    0.068 0.047 0.045 0.052 0.059  A 185307
   3833.79675 12.652 12.762 12.702 12.575 12.425    0.055 0.044 0.045 0.053 0.061  A 185824
   3836.80403 12.811 12.741 12.690 12.590 12.488    0.056 0.045 0.047 0.057 0.066  A 186334
   3848.82870 12.530 12.545 12.499 12.397 12.264    0.051 0.049 0.053 0.064 0.072  D 186978
   3851.75627 12.413 12.494 12.525 12.511 12.522    0.066 0.045 0.040 0.044 0.049  A 187478
   3853.81588 12.474 12.544 12.538 12.492 12.476    0.048 0.038 0.035 0.041 0.047  A 187848
   3856.74692 12.513 12.578 12.567 12.510 12.501    0.051 0.037 0.035 0.040 0.045  A 188271
   3858.82948 12.680 12.645 12.640 12.594 12.525    0.043 0.041 0.043 0.049 0.054  A 188590
   3861.73558 12.653 12.654 12.636 12.554 12.552    0.043 0.036 0.032 0.037 0.042  A 189047
   3863.78021 12.639 12.647 12.659 12.651 12.609    0.046 0.036 0.035 0.040 0.045  A 189398
   3865.76421 12.599 12.603 12.565 12.485 12.420    0.045 0.038 0.037 0.043 0.048  A 189745
   3867.76456 12.533 12.548 12.551 12.513 12.470    0.047 0.038 0.039 0.045 0.052  A 190063
   3871.77482 12.581 12.570 12.540 12.517 12.532    0.048 0.039 0.037 0.042 0.049  A 190785
   3874.85998 12.667 12.675 12.699 12.704 12.690    0.044 0.035 0.034 0.039 0.044  A 191092
   3877.69730 12.578 12.607 12.550 12.460 99.999    0.041 0.034 0.032 0.038 0.042  C 191507
   3880.73908 12.566 12.643 12.647 12.598 12.559    0.042 0.035 0.033 0.038 0.043  A 191838
   3883.68597 12.607 12.654 12.616 12.522 12.454    0.054 0.040 0.037 0.042 0.047  A 192278
   3887.70785 12.558 12.581 12.560 12.493 12.404    0.046 0.037 0.036 0.042 0.046  A 192682
   3891.71270 12.718 12.727 99.999 99.999 99.999    0.037 0.033 0.032 0.036 0.041  C 193377
   3893.69446 12.795 12.808 12.777 12.744 12.714    0.037 0.033 0.032 0.037 0.042  A 193728
   3901.72391 12.806 12.842 12.777 12.666 12.587    0.050 0.041 0.037 0.043 0.047  A 194874
   3903.73393 12.828 12.775 12.771 12.713 12.621    0.047 0.036 0.034 0.040 0.044  A 195254
   3905.73196 12.805 12.782 12.683 12.536 12.473    0.056 0.043 0.040 0.044 0.048  A 195630
   3907.74759 12.756 12.781 12.778 12.706 12.638    0.047 0.036 0.034 0.039 0.045  A 196022
   3909.85942 12.752 12.742 12.690 12.580 12.464    0.046 0.038 0.039 0.045 0.051  A 196449
   3913.81629 12.730 12.775 12.779 12.727 12.694    0.038 0.033 0.033 0.039 0.045  A 196996
   3981.55719 12.725 12.769 12.727 12.675 12.713    0.049 0.037 0.035 0.041 0.046  A 203318
   3983.62645 29.999 29.999 29.999 29.999 29.999    0.087 0.102 0.123 0.159 0.191  D 203613
   4132.87236 99.999 99.999 99.999 99.999 99.999    0.054 0.042 0.044 0.053 0.058  C 212530
   4136.86642 12.453 12.475 12.467 12.458 12.472    0.051 0.044 0.046 0.054 0.062  A 213062
   4146.86436 12.643 12.702 12.689 12.628 12.617    0.051 0.043 0.043 0.050 0.057  A 214488
   4151.86011 13.095 13.014 12.889 12.746 12.656    0.049 0.039 0.037 0.043 0.049  A 215040
   4155.85403 12.950 12.907 12.853 12.791 12.719    0.085 0.052 0.049 0.055 0.058  D 215637
   4158.86478 12.709 12.806 12.791 12.754 12.707    0.076 0.048 0.045 0.052 0.059  A 216066
   4162.83439 12.903 12.986 12.960 12.887 12.715    0.064 0.048 0.050 0.059 0.067  B 216693
   4165.86827 13.123 13.180 13.196 13.105 13.167    0.078 0.056 0.055 0.065 0.073  D 217118
   4173.87694 13.010 13.027 13.002 12.912 12.762    0.045 0.039 0.037 0.043 0.048  A 218152
   4176.86024 13.034 13.066 13.006 12.905 12.878    0.050 0.042 0.040 0.046 0.051  A 218586
   4179.86744 12.924 12.999 12.974 12.893 12.872    0.053 0.042 0.039 0.046 0.053  A 218916
   4182.86678 12.995 13.074 12.954 12.791 12.720    0.055 0.043 0.040 0.047 0.053  A 219337
   4185.86829 13.089 13.049 13.059 13.016 12.985    0.045 0.043 0.042 0.049 0.057  A 219769
   4189.80807 12.941 12.959 12.881 12.780 12.748    0.047 0.039 0.033 0.038 0.043  A 220143
   4191.88209 12.928 13.011 12.998 12.950 12.917    0.041 0.039 0.036 0.042 0.048  A 220490
   4193.88146 12.797 12.896 12.855 12.789 12.801    0.047 0.038 0.036 0.043 0.049  A 220817
   4200.79615 12.670 12.636 12.580 12.471 12.369    0.036 0.035 0.033 0.039 0.045  A 221539
   4203.85318 12.755 12.756 12.739 12.698 12.668    0.041 0.037 0.035 0.037 0.041  A 221854
   4207.80635 12.590 12.618 12.566 12.462 12.362    0.051 0.041 0.040 0.046 0.052  A 222283
   4213.83231 12.714 12.724 12.688 12.612 12.523    0.047 0.041 0.040 0.047 0.054  A 222652
   4216.82166 12.842 12.878 12.864 12.809 12.765    0.041 0.038 0.033 0.036 0.041  A 222931
   4227.79649 12.879 12.875 12.840 12.734 12.642    0.042 0.039 0.034 0.039 0.043  A 223212
   4229.79982 12.853 12.838 12.796 12.695 12.597    0.037 0.034 0.031 0.036 0.041  A 223569
   4231.79893 12.929 12.970 12.996 13.019 12.985    0.040 0.035 0.032 0.038 0.043  A 223927
   4233.80888 12.880 12.908 12.911 12.884 12.798    0.043 0.041 0.039 0.046 0.053  A 224276
   4235.84502 12.943 12.973 12.984 12.966 12.894    0.040 0.034 0.032 0.036 0.041  A 224655
   4238.70124 12.847 12.870 12.854 12.815 12.757    0.040 0.039 0.036 0.043 0.049  A 225034
   4245.68568 13.013 12.915 12.813 12.675 12.543    0.059 0.059 0.065 0.081 0.094  D 226054
   4254.72540 13.046 13.111 13.014 12.888 12.805    0.041 0.038 0.035 0.042 0.048  A 227041
   4256.87212 13.110 13.162 13.157 13.117 13.092    0.037 0.034 0.032 0.038 0.043  A 227332
   4259.65838 13.117 13.150 13.120 13.069 13.120    0.054 0.052 0.054 0.061 0.069  B 227684
   4269.76955 13.251 13.223 13.164 13.107 13.038    0.048 0.040 0.037 0.042 0.048  A 228199
   4273.62906 13.047 13.105 13.061 12.962 12.926    0.043 0.039 0.035 0.039 0.044  A 228494
   4276.61146 13.197 13.199 13.198 13.201 13.192    0.039 0.037 0.034 0.041 0.047  A 228847
   4278.65230 13.111 13.116 13.116 13.042 12.982    0.038 0.035 0.032 0.037 0.042  A 229156
   4282.67399 12.944 12.974 12.943 12.824 12.691    0.045 0.043 0.047 0.056 0.065  A 229482
   4284.67752 13.008 13.063 12.992 12.865 12.861    0.050 0.038 0.036 0.042 0.049  A 229818
   4286.67204 12.883 13.012 13.255 13.772 99.999    0.067 0.069 0.080 0.098 0.114  D 230181
   4290.67004 12.817 12.809 12.831 12.834 12.838    0.041 0.037 0.032 0.036 0.041  A 230506
   4292.63331 13.005 12.964 12.948 12.868 12.829    0.042 0.036 0.030 0.035 0.039  A 230870
   4296.63534 12.674 12.743 12.787 12.742 12.700    0.039 0.038 0.037 0.041 0.046  A 231568
   4298.64072 12.661 12.645 12.596 12.510 99.999    0.043 0.039 0.040 0.049 0.057  C 231927
   4300.59750 12.671 12.665 12.672 12.668 12.626    0.051 0.042 0.040 0.046 0.052  A 232269
   4302.64332 12.615 12.660 12.655 12.596 12.505    0.038 0.034 0.031 0.036 0.041  A 232597
   4304.58365 12.609 12.628 12.638 12.627 12.576    0.038 0.036 0.031 0.035 0.039  A 232938
   4309.57285 12.664 12.662 12.670 12.698 12.606    0.046 0.041 0.041 0.050 0.058  A 233770
   4311.61251 12.610 12.642 12.659 12.640 12.591    0.049 0.039 0.035 0.042 0.047  A 234050
   4316.65242 12.638 12.642 12.639 12.591 12.591    0.036 0.034 0.031 0.037 0.041  A 234650
   4319.64905 12.664 12.697 12.693 12.642 12.626    0.035 0.033 0.029 0.034 0.039  A 234986
   4330.54589 12.767 12.767 12.741 12.641 12.564    0.036 0.033 0.030 0.034 0.039  A 235285
   4332.55462 12.898 12.923 12.908 12.880 12.829    0.035 0.033 0.030 0.034 0.039  A 235651
   4336.54538 12.974 13.060 13.078 13.081 12.990    0.041 0.038 0.035 0.041 0.046  A 236178
   4338.69162 12.813 12.887 12.944 12.870 12.851    0.052 0.044 0.039 0.046 0.050  A 236449
   4341.54322 12.858 12.932 12.944 12.874 12.844    0.043 0.037 0.035 0.041 0.047  A 236890
   4343.55316 12.946 12.967 12.924 12.791 12.715    0.039 0.034 0.030 0.036 0.041  A 237248
   4345.57248 12.935 12.919 12.852 12.751 12.644    0.046 0.036 0.033 0.038 0.044  A 237581
   4347.57455 13.037 13.066 13.021 12.916 12.877    0.039 0.035 0.032 0.036 0.040  A 237933
   4349.56919 13.087 13.118 13.106 12.982 12.910    0.042 0.037 0.037 0.043 0.049  A 238268
   4351.57512 13.122 13.160 13.124 12.985 12.911    0.044 0.041 0.042 0.048 0.054  A 238576
   4354.56078 13.107 13.152 13.100 12.985 12.880    0.039 0.032 0.030 0.035 0.039  A 238971
   4356.58825 13.088 13.042 13.001 12.937 12.786    0.051 0.039 0.035 0.040 0.045  A 239329
   4358.56572 13.261 13.314 13.272 13.174 13.069    0.040 0.038 0.034 0.037 0.041  A 239606
   4364.50046 13.099 13.129 13.097 13.037 13.092    0.035 0.034 0.030 0.036 0.040  A 240459
   4367.59246 13.071 13.091 13.159 13.159 13.058    0.041 0.038 0.037 0.044 0.051  A 240831
   4372.53515 13.104 13.055 12.978 12.881 12.786    0.048 0.041 0.042 0.050 0.057  A 241598
   4375.56558 13.060 13.145 13.167 13.042 12.927    0.058 0.041 0.036 0.040 0.045  A 241934
   4377.56727 13.013 13.043 13.028 12.931 12.831    0.043 0.036 0.034 0.038 0.042  A 242247
   4379.58886 13.101 13.098 13.044 12.905 12.794    0.046 0.038 0.035 0.040 0.046  A 242559
   4382.53551 12.775 12.775 12.746 12.650 12.663    0.058 0.059 0.067 0.082 0.097  D 242991
   4385.51735 12.820 12.776 12.740 12.694 12.615    0.037 0.035 0.030 0.035 0.040  A 243449
   4393.53549 12.491 12.486 12.423 12.317 12.260    0.050 0.043 0.046 0.054 0.060  A 244617
   4403.50533 12.543 12.479 12.466 12.451 12.434    0.045 0.036 0.034 0.040 0.046  A 245218
   4409.50184 12.596 12.590 12.514 12.399 12.344    0.045 0.036 0.036 0.042 0.048  A 245826
   4501.87119 12.592 12.650 12.649 12.614 12.579    0.051 0.041 0.038 0.043 0.047  A 255358
   4505.87014 12.677 12.705 12.724 12.680 12.649    0.052 0.043 0.041 0.047 0.052  A 255926
   4517.87461 12.726 12.797 12.842 12.824 12.860    0.056 0.045 0.045 0.054 0.060  A 257337
   4520.87703 12.960 12.893 12.886 12.863 12.863    0.059 0.048 0.047 0.055 0.062  A 257785
   4528.84373 13.042 13.037 12.986 12.872 12.761    0.055 0.043 0.040 0.044 0.048  A 258951
   4535.89174 12.982 12.967 12.933 12.870 12.780    0.046 0.040 0.036 0.039 0.043  A 259854
   4538.87999 12.948 12.946 12.932 12.808 12.674    0.045 0.040 0.038 0.045 0.051  A 260309
   4542.82727 12.920 12.888 12.804 12.714 12.605    0.046 0.040 0.037 0.043 0.048  A 260883
   4545.89871 12.936 12.997 12.959 12.839 12.709    0.045 0.044 0.046 0.057 0.067  A 261357
   4554.89831 12.847 12.843 12.855 12.860 12.968    0.042 0.043 0.043 0.051 0.059  A 262627
   4557.83723 12.560 12.689 12.643 12.550 12.479    0.054 0.041 0.037 0.043 0.047  A 263092
   4560.82081 12.673 12.648 12.606 12.554 12.536    0.040 0.036 0.033 0.038 0.042  A 263585
   4563.81313 12.617 12.570 12.541 12.486 12.459    0.040 0.035 0.033 0.037 0.043  A 264081
   4566.81133 12.514 12.543 12.554 12.520 12.495    0.047 0.043 0.040 0.043 0.047  A 264584
   4569.80700 12.409 12.376 12.409 12.433 12.410    0.037 0.035 0.033 0.038 0.043  A 265046
   4571.85164 12.437 12.447 12.447 12.447 12.432    0.039 0.037 0.033 0.039 0.043  A 265405
   4573.80766 12.467 12.432 12.384 12.298 12.241    0.046 0.040 0.039 0.047 0.053  A 265737
