#ndata= 312
#dataset= 1 ; 1 F0656+16_436
#desig= 070238+1347.2
#cra=    7.043904  07:02:38.1
#cdec=  13.787450 13:47:14.8
#class= 0
#cmag_0=  9.477
#cmer_0=  0.217
#nskip_0= 9
#cmag_1=  8.904
#cmer_1=  0.192
#nskip_1= 0
#cmag_2=  8.624
#cmer_2=  0.114
#nskip_2= 0
#cmag_3=  8.450
#cmer_3=  0.070
#nskip_3= 0
#cmag_4=  8.413
#cmer_4=  0.067
#nskip_4= 0
#ra=    7.043904  07:02:38.1
#dec=  13.787450 13:47:14.8
#     HJD      MAG_4  MAG_0  MAG_1  MAG_2  MAG_3    MER_4 MER_0 MER_1 MER_2 MER_3 GRADE FRAME
   2954.83869  8.372  9.169  8.835  8.568  8.436    0.065 0.043 0.043 0.046 0.056  A 80021
   3044.60201  8.394  9.397  9.024  8.686  8.451    0.036 0.028 0.027 0.027 0.032  A 90044
   3075.57101  8.352  9.260  8.867  8.499  8.383    0.038 0.034 0.029 0.028 0.034  A 94115
   3116.48262  8.385  9.273  8.819  8.520  8.422    0.042 0.040 0.033 0.031 0.037  A 99765
   3357.68661 29.999 29.999 29.999 29.999 29.999    0.044 0.053 0.032 0.033 0.040  C 124601
   3397.73933  8.412  9.851  9.159  8.764  8.465    0.054 0.063 0.043 0.041 0.048  A 127536
   3450.53420  8.366  9.626  8.833  8.521  8.395    0.058 0.090 0.053 0.049 0.054  B 135208
   3453.52971  8.350  9.216  8.606  8.437  8.365    0.069 0.098 0.059 0.055 0.063  B 135606
   3483.49137  8.381  9.127  8.601  8.453  8.386    0.058 0.089 0.052 0.047 0.053  B 140446
   3680.82172  8.384  9.674  9.063  8.702  8.435    0.040 0.060 0.037 0.032 0.036  A 165410
   3708.72699  8.372  9.671  8.958  8.609  8.420    0.041 0.060 0.036 0.033 0.037  A 169152
   3712.74131  8.393  9.317  8.820  8.597  8.419    0.041 0.037 0.029 0.030 0.036  A 169438
   3717.70679  8.536  9.773  9.156  8.824  8.581    0.053 0.037 0.035 0.039 0.046  A 170103
   3726.67669  8.422  9.933  9.191  8.771  8.467    0.048 0.057 0.037 0.037 0.043  A 171147
   3728.78250  8.358  9.559  8.887  8.584  8.401    0.055 0.062 0.040 0.041 0.048  A 171461
   3735.68514  8.386  9.642  9.049  8.699  8.423    0.044 0.046 0.033 0.033 0.038  A 172227
   3750.71712  8.347  8.895  8.517  8.409  8.359    0.062 0.081 0.050 0.047 0.055  B 174266
   3755.76545  8.360  9.118  8.664  8.501  8.386    0.056 0.065 0.044 0.043 0.049  A 174961
   3779.67112  8.358  9.127  8.652  8.498  8.383    0.065 0.056 0.043 0.046 0.056  A 178263
   3791.64279  8.639  9.651  8.934  8.730  8.652    0.060 0.097 0.054 0.050 0.056  B 179402
   3796.63210  8.426  9.763  9.025  8.678  8.467    0.047 0.077 0.042 0.038 0.042  A 180118
   3805.56525  8.383  9.401  8.747  8.539  8.401    0.059 0.077 0.045 0.045 0.053  A 181290
   3810.59064  8.370  9.103  8.586  8.443  8.379    0.063 0.080 0.048 0.048 0.056  B 181965
   3815.54256  8.494  9.492  8.952  8.716  8.529    0.053 0.071 0.049 0.043 0.048  A 182746
   3817.57599  8.666  9.871  9.204  8.872  8.708    0.050 0.058 0.038 0.037 0.043  A 183071
   4091.79064  8.397  9.681  8.933  8.614  8.443    0.064 0.093 0.054 0.053 0.059  B 209433
   4132.66836 29.999 29.999 29.999 29.999 29.999    0.060 0.088 0.052 0.049 0.054  C 212455
   4436.74428  8.443  9.213  8.896  8.634  8.500    0.040 0.042 0.033 0.031 0.036  A 248190
   4519.64072  8.400  9.703  9.134  8.638  8.474    0.059 0.060 0.044 0.044 0.052  A 257570
   4546.57157  8.502  9.805  9.295  8.831  8.558    0.074 0.064 0.049 0.052 0.065  A 261415
#dataset= 1 ; 2 F0656+16_436
#desig= 070238+1347.0
#cra=    7.043958  07:02:38.2
#cdec=  13.782928 13:46:58.5
#class= 0
#cmag_0=  8.544
#cmer_0=  0.084
#nskip_0= 48
#cmag_1=  8.521
#cmer_1=  0.050
#nskip_1= 55
#cmag_2=  8.491
#cmer_2=  0.039
#nskip_2= 64
#cmag_3=  8.461
#cmer_3=  0.046
#nskip_3= 54
#cmag_4=  8.417
#cmer_4=  0.033
#nskip_4= 65
#ra=    7.043958  07:02:38.2
#dec=  13.782928 13:46:58.5
#     HJD      MAG_4  MAG_0  MAG_1  MAG_2  MAG_3    MER_4 MER_0 MER_1 MER_2 MER_3 GRADE FRAME
   2621.78522  8.407  8.458  8.502  8.444  8.454    0.032 0.031 0.029 0.025 0.028  A 29862
   2623.73290  8.396  8.514  8.465  8.445  8.404    0.029 0.024 0.024 0.023 0.026  A 30171
   2625.72770  8.388  8.526  8.468  8.448  8.413    0.032 0.026 0.028 0.025 0.029  A 30451
   2630.79581  8.618  8.755  8.714  8.722  8.692    0.043 0.059 0.042 0.033 0.039  A 31291
   2634.75698  8.670  8.727  8.808  8.766  8.729    0.029 0.038 0.038 0.025 0.027  A 32126
   2636.77184  8.463  8.556  8.551  8.539  8.503    0.033 0.036 0.037 0.027 0.029  A 32426
   2638.76095  8.424  8.517  8.493  8.494  8.475    0.028 0.040 0.032 0.024 0.027  A 32722
   2640.75895  8.410  8.496  8.499  8.484  8.453    0.034 0.035 0.032 0.026 0.030  A 33031
   2642.79583  8.374  8.528  8.473  8.448  8.404    0.030 0.036 0.027 0.023 0.027  A 33331
   2644.74349  8.405  8.484  8.474  8.474  8.450    0.031 0.040 0.035 0.026 0.030  A 33614
   2646.72293  8.395  8.465  8.492  8.469  8.436    0.032 0.034 0.032 0.026 0.028  A 33907
   2649.71245  8.411  8.492  8.499  8.467  8.432    0.024 0.028 0.024 0.020 0.022  A 34156
   2651.67984  8.401  8.541  8.486  8.466  8.429    0.028 0.027 0.025 0.023 0.025  A 34452
   2653.67079  8.431  8.560  8.496  8.493  8.461    0.032 0.035 0.036 0.028 0.029  A 34755
   2658.66394  8.709  8.817  8.830  8.794  8.768    0.038 0.027 0.028 0.028 0.033  A 35608
   2660.66380  8.620  8.769  8.724  8.696  8.661    0.043 0.036 0.038 0.037 0.037  A 35948
   2662.66068  8.482  8.565  8.581  8.556  8.528    0.027 0.026 0.025 0.021 0.024  A 36288
   2664.65197  8.438  8.528  8.500  8.503  8.479    0.029 0.030 0.032 0.028 0.028  A 36628
   2666.64942  8.435  8.539  8.512  8.486  8.448    0.029 0.029 0.031 0.026 0.028  A 36954
   2668.65511  8.415  8.521  8.476  8.462  8.427    0.025 0.027 0.022 0.021 0.023  A 37279
   2670.64823  8.405  8.492  8.480  8.453  8.422    0.029 0.028 0.032 0.026 0.028  A 37592
   2674.63659  8.422  8.470  8.542  8.498  8.464    0.027 0.033 0.031 0.026 0.026  A 38265
   2676.62275  8.424  8.483  8.494  8.473  8.436    0.028 0.029 0.029 0.026 0.027  A 38625
   2678.60812  8.428  8.572  8.492  8.472  8.435    0.030 0.028 0.026 0.025 0.027  A 38961
   2680.61077  8.468  8.589  8.549  8.540  8.497    0.030 0.026 0.025 0.024 0.027  A 39292
   2685.58962  8.649  8.819  8.781  8.756  8.696    0.049 0.036 0.035 0.036 0.043  A 40155
   2689.59711  8.445  8.538  8.515  8.500  8.494    0.046 0.042 0.035 0.034 0.040  A 40890
   2691.59107  8.415  8.533  8.508  8.499  8.474    0.032 0.040 0.035 0.026 0.030  A 41261
   2693.59580  8.430  8.513  8.513  8.499  8.481    0.029 0.035 0.039 0.026 0.028  A 41563
   2695.59122  8.423  8.459  8.519  8.484  8.462    0.026 0.028 0.023 0.020 0.023  A 41930
   2697.59174  8.409  8.454  8.485  8.470  8.447    0.029 0.036 0.036 0.026 0.028  A 42260
   2699.58760  8.433  8.471  8.537  8.499  8.469    0.031 0.031 0.035 0.026 0.028  A 42679
   2701.58547  8.420  8.528  8.515  8.495  8.462    0.026 0.026 0.022 0.021 0.023  A 43062
   2703.58115  8.412  8.553  8.473  8.459  8.434    0.028 0.030 0.028 0.024 0.026  A 43443
   2705.57312  8.510  8.621  8.618  8.588  8.558    0.026 0.025 0.022 0.021 0.023  A 43814
   2707.57113  8.694  8.770  8.785  8.755  8.734    0.026 0.026 0.022 0.021 0.024  A 44179
   2713.51214  8.473  8.551  8.584  8.552  8.522    0.063 0.042 0.043 0.044 0.054  A 45265
   2715.51667  8.421  8.555  8.497  8.487  8.446    0.041 0.035 0.031 0.031 0.036  A 45642
   2718.51424  8.420  8.488  8.511  8.492  8.464    0.030 0.028 0.025 0.023 0.027  A 46001
   2721.50955  8.390  8.519  8.466  8.458  8.420    0.031 0.033 0.025 0.023 0.027  A 46429
   2723.51609  8.387  8.538  8.467  8.454  8.415    0.026 0.029 0.024 0.021 0.024  A 46820
   2725.51518  8.413  8.507  8.501  8.468  8.449    0.027 0.031 0.031 0.024 0.025  A 47211
   2727.51089  8.424  8.509  8.507  8.488  8.461    0.028 0.031 0.030 0.024 0.026  A 47599
   2729.51106  8.466  8.579  8.567  8.530  8.491    0.031 0.034 0.035 0.027 0.029  A 48008
   2733.49848  8.746  8.795  8.891  8.840  8.807    0.034 0.035 0.039 0.027 0.031  A 48561
   2735.49870  8.640  8.736  8.745  8.714  8.697    0.032 0.033 0.029 0.025 0.028  A 48967
   2740.49251  8.426  8.518  8.516  8.506  8.478    0.042 0.036 0.030 0.029 0.037  A 49904
   2742.50189  8.398  8.461  8.490  8.461  8.435    0.031 0.030 0.024 0.023 0.027  A 50303
   2744.51766  8.397  8.468  8.481  8.469  8.447    0.038 0.035 0.030 0.029 0.034  A 50684
   2752.47787  8.429  8.501  8.523  8.498  8.479    0.029 0.037 0.032 0.024 0.027  A 51957
   2755.48017  8.559  8.658  8.642  8.629  8.615    0.029 0.031 0.028 0.022 0.026  A 52393
   2757.47927  8.720  8.873  8.854  8.815  8.750    0.028 0.036 0.028 0.023 0.026  A 52809
   2760.47262  8.570  8.728  8.658  8.642  8.586    0.028 0.032 0.026 0.022 0.025  A 53356
   2896.90067  8.429  8.478  8.534  8.494  8.476    0.043 0.030 0.036 0.032 0.039  A 71585
   2911.88859  8.629  8.750  8.716  8.698  8.669    0.034 0.027 0.032 0.027 0.032  A 74022
   2916.87447  8.489  8.612  8.569  8.555  8.523    0.033 0.025 0.026 0.025 0.029  A 74678
   2922.85419  8.431  8.460  8.529  8.489  8.472    0.046 0.034 0.037 0.034 0.042  A 75362
   2926.85557  8.386  8.466  8.434  8.418  8.387    0.038 0.028 0.035 0.030 0.036  A 75908
   2932.85293  8.438  8.491  8.527  8.494  8.478    0.029 0.027 0.027 0.024 0.027  A 76987
   2935.87088  8.608  8.745  8.695  8.675  8.635    0.037 0.033 0.033 0.029 0.034  A 77535
   2940.82601  8.553  8.713  8.650  8.624  8.582    0.032 0.031 0.029 0.026 0.030  A 78083
   2943.82888  8.427  8.500  8.514  8.482  8.442    0.028 0.026 0.027 0.022 0.025  A 78445
   2946.81382  8.414  8.487  8.472  8.458  8.426    0.030 0.030 0.027 0.024 0.028  A 78901
   2948.84214  8.397  8.442  8.491  8.467  8.441    0.031 0.032 0.026 0.024 0.028  A 79196
   2954.83869  8.394  8.476  8.507  8.472  8.443    0.065 0.043 0.043 0.046 0.056  A 80021
   2958.84275  8.507  8.637  8.591  8.589  8.546    0.040 0.029 0.031 0.029 0.034  A 80602
   2964.78646  8.595  8.744  8.687  8.680  8.645    0.033 0.026 0.025 0.024 0.029  A 81404
   2967.77632  8.447  8.491  8.533  8.500  8.481    0.033 0.027 0.027 0.025 0.029  A 81822
   2970.81342  8.398  8.505  8.491  8.469  8.438    0.037 0.034 0.029 0.028 0.033  A 82172
   2975.75374  8.396  8.483  8.490  8.461  8.435    0.030 0.025 0.025 0.023 0.027  A 82761
   2977.74906  8.415  8.473  8.509  8.477  8.450    0.063 0.038 0.042 0.044 0.053  A 83030
   2979.75773  8.411  8.490  8.483  8.466  8.427    0.041 0.035 0.030 0.029 0.035  A 83300
   2981.76468  8.411  8.583  8.498  8.489  8.452    0.053 0.047 0.035 0.038 0.045  A 83560
   2986.76544  8.708  8.883  8.821  8.799  8.749    0.036 0.030 0.026 0.026 0.031  A 84218
   2989.72078  8.626  8.754  8.714  8.687  8.642    0.030 0.029 0.024 0.023 0.027  A 84553
   2991.75083  8.441  8.500  8.541  8.511  8.486    0.031 0.032 0.024 0.023 0.027  A 84823
   2996.72741  8.395  8.519  8.456  8.459  8.435    0.029 0.027 0.024 0.023 0.026  A 85478
   3001.72083  8.396  8.519  8.461  8.462  8.437    0.029 0.028 0.023 0.022 0.026  A 86018
   3005.75215  8.421  8.505  8.538  8.501  8.470    0.031 0.025 0.025 0.023 0.028  A 86503
   3007.72090  8.473  8.528  8.570  8.537  8.517    0.038 0.027 0.028 0.028 0.033  A 86753
   3013.69191  8.651  8.779  8.775  8.732  8.697    0.053 0.035 0.033 0.036 0.045  A 87532
   3016.69767  8.452  8.507  8.545  8.516  8.486    0.053 0.031 0.032 0.036 0.046  A 87764
   3018.68815  8.595  8.786  8.717  8.671  8.618    0.032 0.028 0.025 0.024 0.028  A 88032
   3025.64736  8.384  8.512  8.458  8.447  8.413    0.030 0.025 0.025 0.023 0.027  A 88428
   3029.64984  8.415  8.500  8.486  8.466  8.430    0.037 0.033 0.026 0.027 0.033  A 88641
   3031.70312  8.454  8.553  8.523  8.506  8.471    0.043 0.030 0.030 0.031 0.036  A 88859
   3033.71097  8.614  8.685  8.733  8.694  8.664    0.032 0.026 0.024 0.024 0.028  A 89050
   3035.66345  8.671  8.813  8.798  8.758  8.721    0.037 0.028 0.027 0.027 0.032  A 89260
   3044.60201  8.406  8.531  8.490  8.476  8.443    0.036 0.028 0.027 0.027 0.032  A 90044
   3046.65433  8.395  8.502  8.470  8.462  8.429    0.037 0.033 0.029 0.027 0.033  A 90338
   3052.60203  8.359  8.465  8.446  8.430  8.400    0.045 0.035 0.034 0.037 0.041  A 91120
   3054.63181  8.421  8.501  8.503  8.491  8.468    0.033 0.029 0.028 0.025 0.029  A 91403
   3056.64428  8.441  8.550  8.545  8.511  8.479    0.033 0.035 0.028 0.025 0.030  A 91681
   3059.58543  8.497  8.744  8.671  8.566  8.529    0.080 0.064 0.050 0.056 0.067  A 92063
   3061.62880  8.682  8.823  8.799  8.756  8.704    0.045 0.032 0.035 0.035 0.039  A 92353
   3068.53925  8.437  8.528  8.527  8.502  8.491    0.048 0.033 0.032 0.034 0.041  A 93157
   3070.57214  8.400  8.499  8.497  8.463  8.434    0.043 0.032 0.031 0.031 0.038  A 93457
   3072.61852  8.386  8.478  8.488  8.459  8.423    0.048 0.036 0.033 0.034 0.042  A 93742
   3075.57101  8.394  8.424  8.489  8.461  8.439    0.038 0.034 0.029 0.028 0.034  A 94115
   3077.58636  8.403  8.463  8.484  8.454  8.445    0.037 0.038 0.030 0.028 0.033  A 94404
   3080.53040  8.400  8.490  8.501  8.479  8.445    0.114 0.068 0.069 0.079 0.095  D 94820
   3082.58725  8.491  8.610  8.569  8.561  8.523    0.037 0.030 0.031 0.028 0.033  A 95139
   3086.58850  8.660  8.795  8.770  8.755  8.704    0.037 0.039 0.030 0.027 0.033  A 95436
   3089.52642  8.545  8.661  8.622  8.597  8.558    0.044 0.030 0.030 0.031 0.038  A 95875
   3098.49336  8.392  8.450  8.468  8.454  8.425    0.044 0.038 0.030 0.032 0.038  A 96920
   3100.53461  8.397  8.469  8.505  8.473  8.447    0.044 0.033 0.032 0.031 0.038  A 97237
   3103.50240  8.397  8.483  8.503  8.469  8.433    0.038 0.031 0.029 0.028 0.033  A 97696
   3108.49086  8.522  8.657  8.613  8.593  8.541    0.035 0.035 0.028 0.026 0.031  A 98489
   3110.50438  8.701  8.869  8.813  8.788  8.720    0.034 0.030 0.027 0.026 0.031  A 98809
   3113.48430  8.609  8.731  8.737  8.714  8.684    0.035 0.039 0.029 0.027 0.031  A 99270
   3116.48262  8.417  8.484  8.514  8.491  8.464    0.042 0.040 0.033 0.031 0.037  A 99765
   3124.47634  8.418  8.526  8.513  8.491  8.469    0.038 0.033 0.029 0.027 0.033  A 100494
   3128.46307  8.426  8.521  8.507  8.476  8.446    0.046 0.036 0.035 0.034 0.040  A 101136
   3132.45897  8.492  8.571  8.600  8.560  8.514    0.038 0.037 0.031 0.027 0.033  A 101758
   3273.89395  8.410  8.500  8.530  8.489  8.454    0.040 0.038 0.033 0.030 0.036  A 116283
   3277.88463  8.388  8.517  8.513  8.464  8.418    0.044 0.036 0.034 0.032 0.038  A 116780
   3291.87642  8.726  8.859  8.835  8.799  8.781    0.036 0.036 0.035 0.028 0.031  A 118218
   3295.87197  8.424  8.581  8.523  8.495  8.459    0.033 0.034 0.032 0.026 0.029  A 118603
   3383.63800  8.403  8.626  8.525  8.487  8.413    0.058 0.071 0.043 0.042 0.051  A 125756
   3385.63806  8.425  8.569  8.536  8.500  8.439    0.050 0.060 0.043 0.040 0.045  A 126034
   3387.70885  8.600  8.690  8.756  8.697  8.646    0.053 0.087 0.049 0.042 0.046  B 126341
   3389.75518  8.643  8.791  8.809  8.734  8.663    0.052 0.084 0.046 0.043 0.047  B 126620
   3395.69755  8.440  8.506  8.536  8.513  8.487    0.079 0.057 0.048 0.054 0.067  A 127277
   3397.73933  8.411  8.604  8.531  8.496  8.423    0.054 0.063 0.043 0.041 0.048  A 127536
   3400.66705  8.386  8.513  8.491  8.465  8.435    0.048 0.050 0.037 0.036 0.042  A 127919
   3403.66895  8.387  8.507  8.504  8.478  8.454    0.039 0.064 0.037 0.033 0.036  A 128260
   3405.68249  8.392  8.475  8.493  8.487  8.476    0.057 0.091 0.050 0.047 0.052  B 128578
   3407.71256  8.371  8.580  8.524  8.460  8.391    0.058 0.072 0.046 0.047 0.054  A 128904
   3410.64718  8.424  8.656  8.551  8.517  8.445    0.046 0.060 0.040 0.039 0.043  A 129350
   3412.69412  8.667  8.830  8.826  8.802  8.777    0.047 0.081 0.045 0.039 0.043  B 129647
   3415.54363  8.520  8.623  8.658  8.615  8.565    0.059 0.094 0.051 0.048 0.054  B 130072
   3417.62677  8.590  8.710  8.693  8.694  8.685    0.055 0.090 0.050 0.045 0.050  B 130414
   3425.63412  8.392  8.530  8.495  8.489  8.463    0.055 0.058 0.040 0.041 0.048  A 131672
   3427.64419  8.356  8.482  8.463  8.429  8.399    0.054 0.043 0.039 0.039 0.048  A 132002
   3431.62776  8.431  8.619  8.556  8.516  8.445    0.051 0.065 0.044 0.041 0.046  A 132355
   3433.62352  8.303  8.344  8.417  8.384  8.336    0.070 0.109 0.061 0.059 0.064  B 132685
   3436.62961  8.569  8.693  8.714  8.683  8.643    0.054 0.037 0.034 0.037 0.046  A 132983
   3439.61279  8.692  8.897  8.839  8.810  8.739    0.037 0.034 0.028 0.029 0.033  A 133319
   3442.60146  8.502  8.658  8.620  8.594  8.522    0.037 0.050 0.033 0.029 0.033  A 133578
   3450.53420  8.388  8.418  8.506  8.455  8.402    0.058 0.090 0.053 0.049 0.054  B 135208
   3453.52971  8.359  8.460  8.458  8.424  8.373    0.069 0.098 0.059 0.055 0.063  B 135606
   3455.55057  8.410  8.657  8.552  8.498  8.420    0.060 0.083 0.046 0.044 0.052  B 135973
   3457.56010  8.382  8.466  8.465  8.445  8.400    0.053 0.085 0.048 0.043 0.048  B 136333
   3460.50189  8.419  8.491  8.522  8.498  8.471    0.041 0.064 0.036 0.034 0.037  A 136849
   3462.53319 99.999 99.999 99.999 99.999 99.999    0.050 0.072 0.043 0.042 0.045  C 137133
   3465.49621  8.708  8.922  8.885  8.806  8.727    0.050 0.091 0.051 0.044 0.046  B 137618
   3468.53759  8.472  8.665  8.607  8.583  8.490    0.048 0.080 0.043 0.039 0.043  B 138063
   3471.50010  8.401  8.478  8.492  8.475  8.441    0.040 0.064 0.035 0.032 0.036  A 138526
   3477.47513  8.431  8.575  8.552  8.535  8.504    0.050 0.072 0.043 0.040 0.045  A 139492
   3480.50794  8.405  8.414  8.491  8.471  8.440    0.056 0.088 0.051 0.046 0.051  B 139958
   3483.49137  8.393  8.449  8.505  8.453  8.406    0.058 0.089 0.052 0.047 0.053  B 140446
   3651.87622  8.402  8.500  8.518  8.479  8.446    0.053 0.041 0.037 0.039 0.047  A 161530
   3655.86878  8.380  8.482  8.464  8.451  8.426    0.042 0.039 0.032 0.032 0.038  A 162102
   3659.85288  8.407  8.527  8.512  8.479  8.426    0.045 0.039 0.033 0.033 0.041  A 162701
   3663.84260  8.427  8.555  8.530  8.517  8.496    0.057 0.047 0.039 0.041 0.050  A 163281
   3672.83286  8.509  8.675  8.605  8.599  8.554    0.040 0.040 0.031 0.030 0.035  A 164464
   3675.81920  8.430  8.546  8.531  8.512  8.491    0.038 0.044 0.031 0.030 0.034  A 164890
   3680.82172  8.406  8.581  8.508  8.477  8.420    0.040 0.060 0.037 0.032 0.036  A 165410
   3699.75994  8.423  8.533  8.530  8.504  8.472    0.044 0.046 0.032 0.033 0.039  A 167944
   3705.73640  8.396  8.522  8.484  8.477  8.464    0.049 0.041 0.033 0.036 0.042  A 168738
   3708.72699  8.391  8.471  8.507  8.460  8.406    0.041 0.060 0.036 0.033 0.037  A 169152
   3712.74131  8.431  8.543  8.529  8.489  8.446    0.041 0.037 0.029 0.030 0.036  A 169438
   3714.74262  8.432  8.524  8.533  8.496  8.457    0.040 0.042 0.029 0.030 0.036  A 169729
   3717.70679  8.566  8.738  8.705  8.656  8.589    0.053 0.037 0.035 0.039 0.046  A 170103
   3726.67669  8.432  8.615  8.554  8.511  8.447    0.048 0.057 0.037 0.037 0.043  A 171147
   3728.78250  8.373  8.510  8.498  8.440  8.384    0.055 0.062 0.040 0.041 0.048  A 171461
   3732.69061  8.375  8.476  8.476  8.449  8.420    0.047 0.042 0.033 0.034 0.041  A 171838
   3735.68514  8.405  8.577  8.520  8.482  8.417    0.044 0.046 0.033 0.033 0.038  A 172227
   3740.74294  8.600  8.727  8.741  8.698  8.616    0.056 0.087 0.050 0.045 0.051  B 172942
   3743.65589  8.667  8.800  8.827  8.790  8.750    0.046 0.045 0.033 0.034 0.041  A 173284
   3745.73006  8.536  8.712  8.659  8.645  8.619    0.054 0.072 0.044 0.042 0.048  A 173580
   3750.71712  8.373  8.438  8.462  8.451  8.416    0.062 0.081 0.050 0.047 0.055  B 174266
   3753.70850  8.373  8.431  8.478  8.457  8.419    0.055 0.056 0.039 0.040 0.048  A 174671
   3755.76545  8.377  8.439  8.493  8.461  8.420    0.056 0.065 0.044 0.043 0.049  A 174961
   3758.61758  8.412  8.570  8.524  8.509  8.484    0.042 0.060 0.035 0.033 0.038  A 175334
   3760.69566  8.421  8.517  8.530  8.508  8.487    0.046 0.058 0.037 0.036 0.041  A 175639
   3763.67834  8.419  8.437  8.516  8.478  8.445    0.064 0.095 0.058 0.055 0.060  B 176028
   3766.66594  8.612  8.714  8.740  8.705  8.644    0.047 0.047 0.035 0.035 0.042  A 176446
   3769.65865  8.633  8.902  8.812  8.766  8.661    0.062 0.096 0.058 0.053 0.058  B 176835
   3771.72058  8.391  8.483  8.513  8.477  8.443    0.063 0.063 0.047 0.049 0.056  A 177146
   3779.67112  8.370  8.471  8.483  8.458  8.409    0.065 0.056 0.043 0.046 0.056  A 178263
   3783.62939  8.422  8.601  8.521  8.508  8.509    0.077 0.096 0.060 0.059 0.069  B 178667
   3789.60584  8.464  8.500  8.548  8.523  8.500    0.051 0.057 0.042 0.041 0.046  A 179101
   3791.64279  8.657  8.782  8.800  8.746  8.678    0.060 0.097 0.054 0.050 0.056  B 179402
   3794.60226  8.593  8.745  8.761  8.692  8.621    0.051 0.069 0.044 0.042 0.046  A 179826
   3796.63210  8.439  8.608  8.594  8.527  8.457    0.047 0.077 0.042 0.038 0.042  A 180118
   3799.57587  8.363  8.399  8.451  8.428  8.398    0.051 0.075 0.045 0.042 0.047  A 180516
   3805.56525  8.394  8.551  8.502  8.468  8.411    0.059 0.077 0.045 0.045 0.053  A 181290
   3808.59710  8.427  8.566  8.543  8.528  8.491    0.066 0.077 0.047 0.049 0.059  A 181645
   3810.59064  8.388  8.410  8.496  8.459  8.422    0.063 0.080 0.048 0.048 0.056  B 181965
   3812.60141  8.465  8.581  8.583  8.562  8.551    0.058 0.086 0.050 0.047 0.053  B 182289
   3815.54256  8.497  8.610  8.600  8.581  8.517    0.053 0.071 0.049 0.043 0.048  A 182746
   3817.57599  8.683  8.879  8.834  8.796  8.723    0.050 0.058 0.038 0.037 0.043  A 183071
   3820.52701  8.619  8.819  8.781  8.756  8.709    0.051 0.074 0.043 0.041 0.046  A 183541
   3823.51862  8.434  8.616  8.548  8.542  8.523    0.055 0.087 0.050 0.047 0.051  B 184025
   3825.55177  8.430  8.539  8.537  8.518  8.503    0.070 0.080 0.050 0.050 0.060  B 184370
   3832.48468  8.413  8.562  8.524  8.510  8.483    0.060 0.080 0.046 0.045 0.052  B 185544
   3834.52143  8.403  8.462  8.476  8.473  8.444    0.058 0.082 0.047 0.045 0.051  B 185903
   3836.53121  8.410  8.479  8.517  8.482  8.445    0.064 0.073 0.048 0.047 0.056  A 186248
   3850.47465  8.384  8.403  8.480  8.447  8.412    0.045 0.065 0.043 0.039 0.042  A 187204
   3852.49660  8.411  8.491  8.506  8.483  8.466    0.056 0.090 0.053 0.048 0.051  B 187558
   3860.47511  8.421  8.520  8.527  8.501  8.476    0.066 0.076 0.049 0.048 0.057  A 188780
   3865.45586  8.604  8.707  8.704  8.674  8.640    0.064 0.076 0.056 0.052 0.059  B 189648
   4089.69651  8.411  8.526  8.520  8.495  8.468    0.067 0.044 0.040 0.046 0.057  A 209149
   4091.79064  8.404  8.563  8.560  8.492  8.430    0.064 0.093 0.054 0.053 0.059  B 209433
   4105.73786  8.381  8.496  8.466  8.464  8.434    0.056 0.050 0.039 0.041 0.050  A 210853
   4107.74068  8.403  8.517  8.474  8.466  8.417    0.042 0.038 0.032 0.031 0.037  A 211136
   4123.71458 29.999 29.999 29.999 29.999 29.999    0.050 0.083 0.046 0.042 0.047  C 212273
   4126.58622  8.494  8.623  8.609  8.594  8.564    0.059 0.091 0.050 0.048 0.054  B 211645
   4128.60349  8.432  8.543  8.521  8.499  8.448    0.040 0.035 0.029 0.030 0.036  A 211918
   4134.70998 99.999  8.443  8.495  8.460  8.431    0.061 0.089 0.051 0.049 0.056  C 212752
   4136.71086  8.430  8.582  8.549  8.531  8.505    0.061 0.075 0.048 0.047 0.054  A 213007
   4146.62636  8.672  8.772  8.802  8.781  8.742    0.047 0.079 0.045 0.040 0.044  B 214408
   4150.61588  8.448  8.557  8.559  8.542  8.511    0.049 0.092 0.049 0.043 0.046  B 214805
   4152.62993  8.387  8.489  8.484  8.463  8.434    0.043 0.066 0.040 0.035 0.039  A 215115
   4154.66070  8.395  8.508  8.516  8.483  8.452    0.041 0.037 0.030 0.032 0.037  A 215423
   4160.58468  8.408  8.511  8.521  8.509  8.466    0.048 0.047 0.036 0.037 0.042  A 216285
   4162.59341  8.395  8.491  8.491  8.486  8.474    0.053 0.067 0.038 0.039 0.047  A 216608
   4164.61322 29.999 29.999 29.999 29.999 29.999    0.063 0.095 0.057 0.053 0.058  C 216894
   4167.56927  8.431  8.648  8.566  8.519  8.441    0.059 0.097 0.053 0.049 0.054  B 217291
   4173.55469  8.625  8.790  8.759  8.743  8.711    0.046 0.071 0.042 0.037 0.042  A 218044
   4175.57049  8.436  8.611  8.549  8.526  8.482    0.047 0.066 0.044 0.038 0.043  A 218358
   4179.56655  8.469  8.559  8.581  8.554  8.491    0.050 0.062 0.042 0.039 0.044  A 218812
   4181.60113  8.356  8.468  8.469  8.443  8.419    0.076 0.058 0.051 0.054 0.065  A 219099
   4189.56471  8.405  8.544  8.525  8.479  8.430    0.045 0.042 0.037 0.033 0.039  A 220070
   4192.51393  8.441  8.617  8.557  8.545  8.477    0.050 0.063 0.042 0.038 0.044  A 220518
   4196.52078  8.797  9.036  9.011  8.931  8.854    0.081 0.070 0.052 0.056 0.069  A 221005
   4198.52888  8.531  8.640  8.679  8.632  8.580    0.080 0.068 0.052 0.056 0.068  A 221285
   4201.52986  8.436  8.526  8.542  8.520  8.488    0.043 0.044 0.035 0.032 0.038  A 221566
   4204.52852  8.387  8.523  8.504  8.466  8.408    0.048 0.067 0.045 0.041 0.045  A 221911
   4365.89194  8.402  8.510  8.494  8.460  8.437    0.041 0.042 0.036 0.032 0.036  A 240739
   4373.88543  8.511  8.670  8.626  8.603  8.562    0.051 0.042 0.035 0.036 0.043  A 241850
   4379.87294  8.509  8.611  8.643  8.595  8.558    0.051 0.041 0.037 0.037 0.044  A 242652
   4383.86326  8.384  8.520  8.485  8.456  8.429    0.051 0.042 0.039 0.039 0.046  A 243248
   4387.85307  8.379  8.515  8.444  8.438  8.410    0.046 0.045 0.039 0.035 0.041  A 243882
   4391.84317  8.393  8.470  8.485  8.462  8.441    0.086 0.052 0.052 0.059 0.073  A 244449
   4399.85477  8.645  8.813  8.800  8.749  8.705    0.056 0.048 0.038 0.040 0.048  A 244904
   4406.83331  8.428  8.556  8.515  8.488  8.455    0.073 0.053 0.051 0.054 0.063  A 245492
   4409.80869  8.405  8.514  8.500  8.485  8.456    0.046 0.048 0.036 0.035 0.041  A 245917
   4413.80583  8.371  8.509  8.475  8.455  8.416    0.050 0.049 0.040 0.039 0.045  A 246304
   4421.77529  8.432  8.533  8.531  8.497  8.449    0.037 0.038 0.031 0.029 0.033  A 246587
   4425.77718  8.688  8.933  8.873  8.816  8.708    0.056 0.070 0.044 0.041 0.049  A 246874
   4428.75759  8.606  8.744  8.733  8.712  8.671    0.054 0.052 0.040 0.040 0.048  A 247207
   4436.74428  8.460  8.592  8.585  8.544  8.508    0.040 0.042 0.033 0.031 0.036  A 248190
   4439.73218  8.386  8.524  8.474  8.456  8.429    0.039 0.038 0.032 0.029 0.034  A 248558
   4460.73468  8.385  8.520  8.495  8.457  8.411    0.058 0.043 0.040 0.042 0.051  A 250936
   4463.68862  8.390  8.529  8.491  8.473  8.422    0.041 0.055 0.037 0.033 0.037  A 251323
   4465.74252  8.373  8.469  8.490  8.470  8.435    0.072 0.072 0.053 0.054 0.064  A 251559
   4468.69864  8.376  8.490  8.510  8.460  8.424    0.065 0.062 0.050 0.053 0.059  A 251883
   4474.70988  8.685  8.888  8.819  8.805  8.781    0.052 0.070 0.045 0.042 0.047  A 252489
   4477.70261  8.546  8.643  8.676  8.635  8.600    0.055 0.076 0.047 0.043 0.050  A 252788
   4479.78575  8.404  8.537  8.527  8.492  8.433    0.061 0.075 0.056 0.046 0.054  B 253064
   4482.73670  8.364  8.460  8.438  8.439  8.415    0.050 0.068 0.045 0.040 0.046  A 253348
   4488.65320  8.386  8.437  8.492  8.445  8.408    0.093 0.077 0.060 0.066 0.080  D 253946
   4490.66579  8.397  8.496  8.521  8.483  8.439    0.049 0.048 0.038 0.037 0.043  A 254169
   4492.69874  8.407  8.550  8.510  8.486  8.448    0.045 0.060 0.040 0.035 0.040  A 254419
   4494.71207 29.999 29.999 29.999 29.999 29.999    0.046 0.065 0.041 0.036 0.042  C 254672
   4498.67914  8.654  8.774  8.781  8.756  8.716    0.048 0.071 0.046 0.041 0.045  A 254918
   4501.62802  8.680  8.819  8.832  8.796  8.759    0.043 0.050 0.035 0.032 0.038  A 255281
   4503.70257 99.999  8.534  8.492 99.999 99.999    0.047 0.060 0.041 0.038 0.042  C 255585
   4506.62116  8.385  8.496  8.500  8.465  8.433    0.053 0.055 0.041 0.041 0.047  A 255987
   4509.58728  8.392  8.531  8.498  8.472  8.411    0.062 0.063 0.046 0.045 0.053  A 256405
   4515.58394  8.361  8.457  8.496  8.455  8.404    0.105 0.087 0.067 0.073 0.090  D 256998
   4517.63417  8.415  8.574  8.512  8.513  8.478    0.051 0.071 0.046 0.042 0.047  A 257262
   4519.64072  8.423  8.521  8.527  8.509  8.479    0.059 0.060 0.044 0.044 0.052  A 257570
   4521.65903  8.590  8.758  8.736  8.689  8.640    0.046 0.055 0.039 0.035 0.041  A 257850
   4524.55425  8.618  8.747  8.747  8.719  8.677    0.051 0.060 0.041 0.039 0.045  A 258262
   4526.62914  8.534  8.665  8.673  8.648  8.611    0.061 0.065 0.047 0.046 0.054  A 258575
   4529.56778  8.436  8.538  8.548  8.521  8.492    0.060 0.067 0.048 0.046 0.053  A 259014
   4532.56064  8.402  8.507  8.528  8.480  8.453    0.052 0.061 0.044 0.042 0.048  A 259459
   4535.55381  8.380  8.537  8.498  8.464  8.393    0.055 0.068 0.046 0.044 0.050  A 259743
   4537.61659  8.392  8.479  8.480  8.478  8.456    0.062 0.069 0.048 0.046 0.055  A 260074
   4542.50583 29.999 29.999 29.999 29.999 29.999    0.058 0.059 0.042 0.043 0.051  C 260783
   4546.57157  8.530  8.680  8.654  8.639  8.606    0.074 0.064 0.049 0.052 0.065  A 261415
   4548.57264  8.678  8.850  8.826  8.786  8.732    0.061 0.064 0.047 0.046 0.054  A 261751
   4554.54326  8.405  8.528  8.498  8.481  8.442    0.052 0.052 0.039 0.039 0.045  A 262507
   4556.56180  8.396  8.532  8.489  8.474  8.456    0.065 0.046 0.044 0.046 0.056  A 262828
   4559.52297  8.405  8.566  8.519  8.493  8.429    0.055 0.071 0.047 0.043 0.049  A 263319
   4562.50620  8.413  8.547  8.505  8.499  8.472    0.053 0.061 0.044 0.041 0.047  A 263819
   4564.55029  8.401  8.486  8.515  8.475  8.450    0.055 0.059 0.045 0.041 0.047  A 264167
   4570.47499  8.435  8.536  8.546  8.511  8.477    0.047 0.041 0.034 0.034 0.041  A 265112
   4573.48661  8.630  8.830  8.772  8.726  8.654    0.122 0.066 0.067 0.080 0.101  D 265631
#ndata= 4
#dataset= 2 ; 1 F0728+16_437
#desig= 070238+1347.0
#cra=    7.043976  07:02:38.3
#cdec=  13.782787 13:46:58.0
#class= 0
#cmag_0=  8.491
#cmer_0=  0.012
#nskip_0= 0
#cmag_1=  8.487
#cmer_1=  0.012
#nskip_1= 0
#cmag_2=  8.466
#cmer_2=  0.012
#nskip_2= 0
#cmag_3=  8.453
#cmer_3=  0.012
#nskip_3= 0
#cmag_4=  8.414
#cmer_4=  0.012
#nskip_4= 0
#ra=    7.043976  07:02:38.3
#dec=  13.782787 13:46:58.0
#     HJD      MAG_4  MAG_0  MAG_1  MAG_2  MAG_3    MER_4 MER_0 MER_1 MER_2 MER_3 GRADE FRAME
   2954.83562  8.398  8.495  8.476  8.460  8.432    0.054 0.038 0.039 0.039 0.046  A 80020
   2994.73279  8.422  8.486  8.491  8.473  8.460    0.034 0.035 0.028 0.025 0.030  A 85218
   2998.76922  8.409  8.468  8.483  8.455  8.447    0.039 0.033 0.028 0.028 0.033  A 85770
   3362.70449  8.495  8.535  8.575  8.562  8.564    0.045 0.046 0.032 0.033 0.039  A 124856
