#ndata= 1
#dataset= 1 ; 1 F0636-32_169
#desig= 071059-2721.0
#cra=    7.182922  07:10:58.5
#cdec= -27.350593 -27:21:02.1
#class= 0
#cmag_0= 11.213
#cmer_0=  0.000
#nskip_0= 0
#cmag_1= 11.265
#cmer_1=  0.000
#nskip_1= 0
#cmag_2= 11.218
#cmer_2=  0.000
#nskip_2= 0
#cmag_3= 11.152
#cmer_3=  0.000
#nskip_3= 0
#cmag_4= 11.078
#cmer_4=  0.000
#nskip_4= 0
#ra=    7.182922  07:10:58.5
#dec= -27.350593 -27:21:02.1
#     HJD      MAG_1  MAG_0  MAG_2  MAG_3  MAG_4    MER_1 MER_0 MER_2 MER_3 MER_4 GRADE FRAME
   3116.55318 11.266 11.214 11.219 11.152 11.078    0.033 0.035 0.032 0.039 0.044  A 99790
#ndata= 115
#dataset= 2 ; 1 F0712-32_170
#desig= 071058-2720.9
#cra=    7.182916  07:10:58.5
#cdec= -27.349068 -27:20:56.6
#class= 0
#cmag_0= 11.311
#cmer_0=  0.060
#nskip_0= 1
#cmag_1= 11.294
#cmer_1=  0.062
#nskip_1= 0
#cmag_2= 11.249
#cmer_2=  0.059
#nskip_2= 1
#cmag_3= 11.186
#cmer_3=  0.055
#nskip_3= 2
#cmag_4= 11.118
#cmer_4=  0.056
#nskip_4= 1
#ra=    7.182916  07:10:58.5
#dec= -27.349068 -27:20:56.6
#     HJD      MAG_1  MAG_0  MAG_2  MAG_3  MAG_4    MER_1 MER_0 MER_2 MER_3 MER_4 GRADE FRAME
   1904.68815 11.325 11.357 11.266 11.180 11.106    0.024 0.042 0.024 0.028 0.032  A 3849
   1913.66652 11.296 11.285 11.233 11.177 11.111    0.025 0.029 0.023 0.027 0.030  A 4622
   1914.68034 11.378 11.384 11.313 11.233 11.175    0.024 0.028 0.022 0.026 0.030  A 4787
   1929.64945 11.205 11.268 11.162 11.092 11.027    0.026 0.032 0.022 0.026 0.030  A 6930
   1930.64528 11.274 11.307 11.236 11.168 11.090    0.028 0.032 0.023 0.025 0.029  A 7095
   1931.64255 11.294 11.332 11.226 11.179 11.106    0.032 0.035 0.029 0.034 0.039  A 7263
   1932.63735 11.330 11.371 11.289 11.215 11.153    0.029 0.032 0.022 0.025 0.028  A 7425
   1937.61857 11.172 11.201 11.129 11.077 11.012    0.031 0.035 0.024 0.026 0.030  A 8135
   1940.62309 11.244 11.309 11.212 11.144 11.093    0.031 0.034 0.023 0.025 0.029  A 8501
   1945.61330 11.267 11.307 11.247 11.178 11.103    0.033 0.035 0.026 0.030 0.034  A 8672
   1946.62349 11.298 11.277 11.210 11.142 11.078    0.030 0.034 0.025 0.029 0.034  A 8794
   1948.57608 11.211 11.200 11.123 11.073 11.008    0.031 0.033 0.027 0.032 0.036  A 9028
   1953.59518 11.180 11.226 11.124 11.078 11.046    0.037 0.041 0.029 0.032 0.033  A 9652
   1958.57645 11.250 11.239 11.208 11.163 11.104    0.040 0.044 0.031 0.034 0.035  A 10175
   1959.59068 11.242 11.307 11.199 11.155 11.105    0.042 0.047 0.032 0.036 0.036  A 10381
   1961.58232 11.241 11.317 11.205 11.173 11.109    0.042 0.049 0.033 0.037 0.036  A 10454
   1963.56314 11.264 11.333 11.221 11.170 11.138    0.045 0.052 0.037 0.040 0.039  A 10779
   1967.55334 11.240 11.286 11.205 11.175 11.109    0.045 0.051 0.035 0.040 0.039  A 11492
   1977.55093 11.162 11.191 11.152 11.114 11.077    0.056 0.065 0.046 0.052 0.051  B 11921
   2026.51337 11.318 11.263 11.290 11.217 11.147    0.024 0.036 0.023 0.027 0.031  A 17355
   2129.91924 11.298 11.323 11.238 11.167 11.095    0.033 0.061 0.031 0.036 0.040  A 28279
   2135.92026 11.404 11.420 11.326 11.249 11.200    0.036 0.054 0.037 0.043 0.049  A 29551
   2143.91313 11.230 11.231 11.188 11.139 11.083    0.036 0.060 0.033 0.039 0.043  A 30921
   2631.82780 11.246 11.359 11.156 11.092 11.024    0.064 0.067 0.048 0.054 0.047  B 31660
   2685.67614 11.385 11.379 11.363 11.300 11.217    0.028 0.031 0.029 0.034 0.038  A 40193
   2690.76825 11.262 11.301 11.206 11.150 11.103    0.033 0.036 0.040 0.045 0.050  A 41148
   2724.60673 11.289 11.314 11.266 11.206 11.126    0.021 0.026 0.021 0.024 0.026  A 47050
   2726.60505 11.299 11.330 11.270 11.196 11.112    0.024 0.023 0.023 0.027 0.029  A 47449
   2730.59217 11.246 11.206 11.190 11.125 11.065    0.025 0.032 0.025 0.030 0.034  A 48247
   2733.63851 11.296 11.328 11.257 11.178 11.104    0.023 0.027 0.023 0.027 0.030  A 48621
   2735.63417 11.383 11.409 11.354 11.282 11.218    0.023 0.025 0.023 0.026 0.028  A 49025
   2737.62132 11.239 11.273 11.209 11.143 11.075    0.024 0.025 0.023 0.027 0.030  A 49416
   2739.61107 11.295 11.312 11.254 11.175 11.070    0.026 0.032 0.027 0.030 0.033  A 49747
   2741.58117 11.355 11.342 11.303 11.191 11.119    0.027 0.036 0.026 0.030 0.032  A 50128
   2743.58872 11.345 11.376 11.284 11.204 11.113    0.027 0.032 0.027 0.031 0.035  A 50533
   2745.59631 11.247 11.314 11.184 11.115 11.045    0.038 0.037 0.042 0.053 0.062  A 50913
   2752.53727 11.325 11.299 11.278 11.212 11.132    0.028 0.031 0.023 0.026 0.029  A 51982
   2755.53281 11.293 11.324 11.232 11.165 11.126    0.035 0.031 0.025 0.029 0.032  A 52415
   2757.52962 11.338 11.336 11.276 11.190 11.114    0.030 0.034 0.024 0.026 0.029  A 52830
   2761.53968 11.297 11.345 11.263 11.228 11.182    0.030 0.028 0.023 0.025 0.028  A 53589
   2763.53608 11.176 11.185 11.135 11.069 11.004    0.027 0.029 0.024 0.026 0.028  A 53983
   2766.52848 11.239 11.236 11.196 11.123 11.055    0.026 0.030 0.024 0.028 0.030  A 54479
   2770.52957 11.317 11.254 11.282 11.210 11.110    0.030 0.036 0.025 0.029 0.031  A 54811
   2776.47541 11.294 11.296 11.243 11.180 11.108    0.033 0.037 0.026 0.030 0.033  A 55240
   2783.47769 11.433 11.413 11.381 11.300 11.211    0.024 0.027 0.021 0.024 0.027  A 55868
   2785.48397 11.313 11.340 11.266 11.190 11.129    0.025 0.034 0.022 0.026 0.028  A 56292
   2787.48379 11.275 11.317 11.232 11.158 11.076    0.026 0.035 0.022 0.026 0.029  A 56730
   2791.47636 11.236 11.301 11.204 11.145 11.072    0.027 0.033 0.028 0.033 0.037  A 57484
   2794.47053 11.288 11.306 11.277 11.213 11.134    0.039 0.040 0.028 0.029 0.031  A 57997
   2797.47023 11.292 11.240 11.283 11.259 11.189    0.037 0.040 0.042 0.050 0.058  A 58555
   2929.83840 11.249 11.275 11.226 11.172 11.122    0.038 0.036 0.039 0.048 0.054  A 76446
   2968.76499 11.347 11.406 11.304 11.240 11.166    0.026 0.029 0.026 0.031 0.035  A 81956
   2976.75166 11.214 11.229 11.167 11.107 11.044    0.033 0.033 0.034 0.040 0.043  A 82898
   2980.76307 11.296 11.310 11.235 11.179 11.150    0.027 0.034 0.025 0.029 0.033  A 83426
   2982.77064 11.522 11.662 11.490 11.433 11.387    0.034 0.031 0.037 0.045 0.053  A 83700
   2987.77139 11.226 11.210 11.181 11.139 11.094    0.033 0.026 0.025 0.028 0.033  A 84356
   2992.75540 11.378 11.373 11.329 11.279 11.203    0.026 0.026 0.022 0.026 0.028  A 84964
   3000.74833 11.312 11.323 11.275 11.206 11.134    0.027 0.031 0.026 0.030 0.034  A 85897
   3007.65416 11.394 11.386 11.335 11.265 11.212    0.025 0.027 0.025 0.029 0.033  A 86727
   3009.71192 11.233 11.285 11.211 11.147 11.082    0.030 0.027 0.028 0.034 0.040  A 87000
   3011.71045 11.248 11.250 11.225 11.181 11.146    0.037 0.041 0.041 0.046 0.051  A 87275
   3013.75566 11.383 11.368 11.338 11.264 11.190    0.026 0.027 0.027 0.032 0.036  A 87558
   3016.73296 11.359 11.347 11.298 11.217 11.151    0.025 0.027 0.025 0.029 0.033  A 87779
   3018.73109 11.298 11.320 11.258 11.171 11.085    0.027 0.027 0.027 0.032 0.036  A 88050
   3023.67343 11.295 11.328 11.236 11.173 11.109    0.028 0.024 0.023 0.028 0.032  A 88309
   3025.79374 11.328 11.442 11.287 11.217 11.137    0.024 0.027 0.024 0.029 0.033  A 88483
   3034.64584 11.276 11.298 11.248 11.191 11.144    0.029 0.032 0.032 0.039 0.045  A 89136
   3036.71976 11.312 11.321 11.272 11.205 11.131    0.024 0.028 0.025 0.029 0.034  A 89389
   3040.72264 11.335 11.325 11.295 11.213 11.143    0.032 0.032 0.033 0.041 0.047  A 89603
   3043.64672 11.385 11.423 11.349 11.304 11.237    0.032 0.031 0.032 0.039 0.044  A 89930
   3045.67524 11.426 11.420 11.383 11.320 11.253    0.026 0.032 0.026 0.031 0.035  A 90207
   3048.64856 11.247 11.230 11.207 11.131 11.060    0.031 0.033 0.034 0.039 0.045  A 90601
   3051.60735 11.291 11.319 11.240 11.186 11.140    0.026 0.032 0.026 0.030 0.034  A 90982
   3053.65796 11.174 11.209 11.076 10.961 10.939    0.050 0.047 0.057 0.065 0.074  B 91274
   3055.70483 11.356 11.369 11.320 11.253 11.169    0.026 0.028 0.027 0.032 0.035  A 91568
   3057.73901 11.323 11.362 11.292 11.240 11.193    0.036 0.035 0.039 0.044 0.049  A 91854
   3060.58901 11.256 11.277 11.237 11.164 11.105    0.030 0.032 0.033 0.037 0.039  A 92200
   3062.60555 11.317 11.341 11.281 11.258 11.226    0.067 0.060 0.077 0.094 0.112  D 92470
   3064.64628 11.335 11.379 11.290 11.226 11.151    0.025 0.031 0.026 0.030 0.035  A 92750
   3067.66988 11.345 11.338 99.999 99.999 99.999    0.025 0.028 0.026 0.031 0.035  C 93057
   3069.68598 11.242 11.307 11.233 11.190 11.114    0.033 0.031 0.037 0.047 0.055  A 93356
   3071.71214 11.191 11.221 11.173 11.101 11.051    0.035 0.037 0.039 0.047 0.055  A 93652
   3074.61159 11.253 11.295 11.205 11.142 11.076    0.026 0.031 0.026 0.030 0.035  A 93981
   3076.63835 11.299 11.334 11.276 11.217 11.131    0.027 0.024 0.026 0.031 0.034  A 94267
   3078.64440 11.194 11.209 11.162 11.093 11.026    0.028 0.027 0.030 0.036 0.041  A 94572
   3080.65178 11.348 11.344 11.306 11.244 11.161    0.036 0.037 0.039 0.045 0.051  A 94863
   3082.68397 11.307 11.306 11.267 11.208 11.150    0.027 0.028 0.028 0.032 0.036  A 95169
   3086.67275 11.328 11.328 11.280 11.227 11.160    0.036 0.036 0.038 0.042 0.049  A 95465
   3088.67588 11.251 11.277 11.227 11.190 11.125    0.042 0.038 0.044 0.048 0.054  A 95778
   3093.53641 11.214 11.208 11.172 11.148 11.105    0.028 0.027 0.027 0.031 0.036  A 96491
   3097.53746 11.342 11.365 11.297 11.221 11.154    0.026 0.027 0.025 0.030 0.034  A 96775
   3099.55439 11.309 11.367 11.254 11.138 11.033    0.046 0.043 0.052 0.064 0.075  B 97097
   3101.56714 11.231 11.283 11.220 11.170 11.138    0.030 0.030 0.031 0.038 0.044  A 97404
   3103.57380 99.999 99.999 99.999 99.999 99.999    0.027 0.025 0.027 0.032 0.037  C 97722
   3105.56849 11.329 11.351 11.313 11.269 11.192    0.052 0.049 0.057 0.065 0.075  B 98039
   3107.57130 11.353 11.370 11.298 11.203 11.124    0.025 0.028 0.025 0.029 0.032  A 98357
   3109.57669 11.264 11.244 11.213 11.162 11.105    0.025 0.027 0.024 0.028 0.032  A 98669
   3111.57712 11.357 11.383 11.300 11.221 11.146    0.025 0.025 0.025 0.031 0.035  A 98982
   3113.58846 11.349 11.361 11.298 11.212 11.126    0.025 0.024 0.025 0.030 0.032  A 99307
   3115.59961 11.334 11.358 11.281 11.210 11.129    0.028 0.026 0.027 0.033 0.036  A 99642
   3116.55318 11.241 11.236 11.199 11.134 11.066    0.027 0.029 0.028 0.033 0.037  A 99790
   3121.57115 11.233 11.259 11.187 11.111 11.052    0.028 0.026 0.026 0.030 0.035  A 100064
   3126.52779 11.348 11.385 11.337 11.300 11.257    0.028 0.030 0.029 0.035 0.040  A 100842
   3128.55806 11.283 11.282 11.246 11.180 11.107    0.031 0.031 0.032 0.038 0.044  A 101169
   3130.56885 11.196 11.223 11.157 11.074 11.014    0.033 0.032 0.035 0.043 0.049  A 101464
   3133.49861 11.311 11.288 11.282 11.214 11.149    0.026 0.025 0.026 0.030 0.034  A 101937
   3142.50549 11.343 11.357 11.295 11.230 11.155    0.025 0.025 0.025 0.030 0.034  A 103065
   3146.49496 11.267 11.278 11.216 11.141 11.075    0.031 0.029 0.031 0.036 0.040  A 103468
   3154.47114 11.214 11.268 11.194 11.138 11.091    0.026 0.030 0.026 0.032 0.036  A 103882
   3158.46695 11.369 11.386 11.360 11.293 11.224    0.030 0.030 0.032 0.039 0.044  A 104346
   3162.46815 11.350 11.348 11.297 11.202 11.129    0.027 0.035 0.027 0.032 0.037  A 104787
   3165.46543 11.321 11.335 11.282 11.225 11.188    0.037 0.036 0.038 0.044 0.051  A 105310
   3169.45126 11.307 11.303 11.263 11.204 11.129    0.027 0.027 0.027 0.033 0.036  A 105865
   3374.73539 11.407 11.467 11.338 11.240 11.168    0.039 0.045 0.038 0.042 0.046  A 125423
   3382.68450 11.308 11.304 11.248 11.181 11.086    0.041 0.047 0.043 0.050 0.055  A 125643
#ndata= 499
#dataset= 3 ; 1 F0656-24_211
#desig= 071058-2721.0
#cra=    7.182874  07:10:58.3
#cdec= -27.350104 -27:21:00.4
#class= 0
#cmag_0= 11.308
#cmer_0=  0.070
#nskip_0= 5
#cmag_1= 11.296
#cmer_1=  0.065
#nskip_1= 8
#cmag_2= 11.256
#cmer_2=  0.060
#nskip_2= 7
#cmag_3= 11.198
#cmer_3=  0.060
#nskip_3= 6
#cmag_4= 11.132
#cmer_4=  0.058
#nskip_4= 7
#ra=    7.182874  07:10:58.3
#dec= -27.350104 -27:21:00.4
#     HJD      MAG_1  MAG_0  MAG_2  MAG_3  MAG_4    MER_1 MER_0 MER_2 MER_3 MER_4 GRADE FRAME
   1868.76566 11.331 11.343 11.278 11.194 11.114    0.028 0.051 0.027 0.031 0.035  A 135
   1869.75587 11.226 11.211 11.192 11.126 11.049    0.031 0.054 0.029 0.032 0.036  A 294
   1870.77109 11.354 11.307 11.316 11.226 11.160    0.033 0.066 0.031 0.036 0.040  A 448
   1871.78930 11.306 11.278 11.274 11.211 11.131    0.031 0.065 0.030 0.034 0.038  A 586
   1872.79879 11.336 11.355 11.276 11.188 11.134    0.027 0.048 0.026 0.030 0.034  A 751
   1873.78942 11.283 11.257 11.250 11.190 11.111    0.029 0.053 0.027 0.031 0.035  A 909
   1874.80348 11.403 11.432 11.383 11.317 11.210    0.029 0.059 0.027 0.032 0.037  A 1077
   1875.77104 11.318 11.289 11.283 11.213 11.136    0.028 0.055 0.027 0.032 0.035  A 1223
   1876.76319 11.332 11.345 11.287 11.220 11.128    0.028 0.052 0.027 0.031 0.035  A 1381
   1877.76714 11.288 11.252 11.252 11.178 11.109    0.024 0.038 0.023 0.028 0.032  A 1540
   1878.74883 11.332 11.338 11.298 11.231 11.158    0.030 0.041 0.027 0.032 0.037  A 1692
   1880.74118 11.257 11.279 11.204 11.116 11.065    0.034 0.056 0.032 0.037 0.040  A 1999
   1881.73326 11.381 11.396 11.348 11.284 11.188    0.024 0.036 0.022 0.027 0.030  A 2155
   1884.71714 11.314 11.310 11.282 11.223 11.161    0.029 0.042 0.027 0.032 0.035  A 2297
   1885.72519 11.358 11.355 11.320 11.264 11.179    0.026 0.031 0.023 0.027 0.031  A 2460
   1886.72656 11.156 11.174 11.107 11.038 10.976    0.027 0.037 0.024 0.028 0.031  A 2622
   1887.72002 11.313 11.351 11.270 11.207 11.111    0.027 0.041 0.026 0.030 0.034  A 2777
   1888.71691 11.352 11.329 11.309 11.253 11.185    0.026 0.043 0.026 0.032 0.037  A 2936
   1889.72062 11.235 11.276 11.183 11.107 11.034    0.032 0.048 0.031 0.038 0.043  A 3099
   1899.69336 11.321 11.371 11.298 11.236 11.183    0.029 0.034 0.025 0.030 0.033  A 3217
   1900.70263 11.304 11.327 11.259 11.181 11.111    0.026 0.038 0.025 0.029 0.033  A 3378
   1902.68029 11.380 11.356 11.330 11.252 11.167    0.023 0.032 0.022 0.026 0.030  A 3526
   1903.70176 11.256 11.280 11.229 11.172 11.087    0.024 0.039 0.024 0.028 0.032  A 3695
   1904.67981 11.260 11.252 11.207 11.126 11.049    0.025 0.041 0.024 0.029 0.033  A 3845
   1905.68881 11.294 11.344 11.238 11.147 11.082    0.024 0.036 0.022 0.026 0.031  A 4011
   1906.67990 11.327 11.352 11.275 11.204 11.115    0.024 0.028 0.021 0.026 0.029  A 4169
   1907.68690 11.345 11.332 11.324 11.273 11.193    0.025 0.032 0.022 0.026 0.030  A 4332
   1908.67917 11.326 11.378 11.293 11.237 11.159    0.025 0.034 0.022 0.026 0.029  A 4490
   1913.65588 11.332 11.343 11.296 11.232 11.150    0.023 0.026 0.023 0.027 0.031  A 4617
   1914.67193 11.320 11.345 11.286 11.206 11.127    0.023 0.029 0.022 0.026 0.030  A 4783
   1915.67145 11.294 11.285 11.256 11.206 11.155    0.024 0.036 0.023 0.027 0.031  A 4941
   1918.65084 11.315 11.365 11.264 11.186 11.124    0.030 0.035 0.028 0.033 0.038  A 5147
   1919.65957 11.289 11.330 11.230 11.149 11.094    0.028 0.035 0.027 0.032 0.037  A 5311
   1921.65931 11.323 11.379 11.272 11.197 11.171    0.028 0.035 0.025 0.030 0.035  A 5630
   1922.65865 11.325 11.336 11.280 11.217 11.157    0.029 0.033 0.024 0.026 0.030  A 5781
   1923.65404 11.316 11.312 11.268 11.193 11.107    0.024 0.031 0.023 0.027 0.031  A 5944
   1924.64681 11.227 11.236 11.147 11.053 11.003    0.031 0.037 0.032 0.038 0.043  A 6110
   1925.64992 11.338 11.337 11.284 11.215 11.134    0.027 0.032 0.026 0.030 0.035  A 6280
   1926.64174 11.331 11.390 11.278 11.190 11.130    0.024 0.030 0.022 0.026 0.030  A 6447
   1928.65032 11.933 12.003 11.704 11.531 11.441    0.024 0.030 0.021 0.025 0.029  A 6775
   1929.64092 29.999 29.999 29.999 29.999 29.999    0.027 0.033 0.022 0.026 0.030  C 6926
   1930.63896 11.258 11.268 11.206 11.132 11.078    0.027 0.033 0.023 0.027 0.032  A 7092
   1931.63398 11.279 11.316 11.226 11.162 11.079    0.033 0.036 0.029 0.034 0.039  A 7259
   1932.63096 11.351 11.331 11.286 11.205 11.103    0.028 0.031 0.023 0.026 0.029  A 7423
   1933.63045 11.261 11.271 11.200 11.139 11.077    0.029 0.034 0.023 0.025 0.029  A 7587
   1934.62987 11.249 11.269 11.241 11.234 11.173    0.026 0.031 0.021 0.025 0.029  A 7750
   1936.61241 11.340 11.362 11.282 11.209 11.152    0.027 0.031 0.021 0.025 0.029  A 8013
   1938.60723 11.268 11.302 11.234 11.180 11.106    0.030 0.033 0.023 0.025 0.029  A 8251
   1940.60878 11.245 11.272 11.194 11.144 11.071    0.030 0.034 0.023 0.025 0.028  A 8497
   1945.60756 11.335 11.362 11.309 11.249 11.173    0.033 0.036 0.026 0.030 0.034  A 8670
   1947.60212 11.132 11.176 11.117 11.043 10.969    0.031 0.035 0.028 0.032 0.037  A 8912
   1949.59112 11.332 11.376 11.294 11.217 11.133    0.028 0.031 0.025 0.029 0.034  A 9171
   1950.59551 11.141 11.195 11.101 11.026 10.973    0.030 0.034 0.025 0.028 0.033  A 9346
   1952.58628 11.314 11.348 11.285 11.221 11.122    0.034 0.039 0.027 0.031 0.036  A 9563
   1953.58632 11.201 11.256 11.155 11.096 11.032    0.037 0.041 0.028 0.031 0.033  A 9648
   1955.55568 11.158 11.193 11.117 11.099 11.042    0.041 0.047 0.032 0.036 0.037  A 9992
   1961.55519 11.237 11.223 11.172 11.125 11.086    0.041 0.049 0.033 0.036 0.035  A 10442
   1963.55649 11.299 11.326 11.257 11.206 11.144    0.043 0.051 0.035 0.038 0.038  A 10776
   1965.54744 11.157 11.203 11.138 11.108 11.057    0.040 0.047 0.031 0.034 0.034  A 11137
   1967.54891 11.308 11.332 11.263 11.194 11.133    0.043 0.051 0.034 0.038 0.037  A 11490
   1977.51694 11.264 11.302 11.258 11.217 11.205    0.055 0.064 0.045 0.051 0.050  A 11915
   1979.61855 11.239 11.227 11.194 11.169 11.110    0.055 0.065 0.047 0.053 0.051  A 12219
   1981.59536 11.268 11.317 11.252 11.213 11.173    0.049 0.058 0.040 0.046 0.044  A 12544
   1984.54254 11.274 11.292 11.272 11.235 11.162    0.052 0.062 0.043 0.046 0.044  A 12923
   1994.50843 11.153 11.140 11.141 11.148 11.098    0.059 0.073 0.047 0.051 0.049  B 13393
   2016.49746 11.129 11.143 11.121 11.088 11.039    0.070 0.084 0.055 0.056 0.057  D 15902
   2129.92346 11.277 11.277 11.253 11.190 11.140    0.033 0.060 0.031 0.036 0.040  A 28281
   2131.92493 11.376 11.327 11.332 11.246 11.167    0.033 0.065 0.032 0.037 0.041  A 28698
   2133.92341 11.207 11.226 11.144 11.058 10.989    0.030 0.045 0.027 0.032 0.037  A 29126
   2167.83805 11.294 11.246 11.247 11.189 11.112    0.037 0.055 0.032 0.037 0.042  A 32186
   2171.85212 11.236 11.285 11.231 11.196 11.144    0.047 0.060 0.046 0.055 0.064  A 32697
   2173.83247 11.405 11.403 11.369 11.299 11.208    0.035 0.056 0.032 0.037 0.040  A 33066
   2183.83845 11.243 11.292 11.204 11.144 11.076    0.040 0.054 0.035 0.039 0.044  A 33977
   2184.85045 11.385 11.387 11.313 11.241 11.169    0.038 0.053 0.034 0.040 0.044  A 34171
   2186.82102 11.723 11.802 11.583 11.456 11.357    0.037 0.049 0.032 0.037 0.042  A 34454
   2188.84192 11.246 11.337 11.202 11.148 11.076    0.039 0.055 0.033 0.037 0.041  A 34725
   2190.80085 11.260 11.316 11.226 11.161 11.082    0.037 0.053 0.032 0.036 0.040  A 35011
   2191.87433 11.360 11.375 11.321 11.268 11.203    0.040 0.053 0.033 0.038 0.041  A 35218
   2193.81105 11.274 11.316 11.255 11.196 11.137    0.035 0.051 0.030 0.034 0.039  A 35546
   2199.80519 11.305 11.267 11.251 11.195 11.130    0.040 0.055 0.035 0.040 0.044  A 36569
   2201.80814 11.316 11.347 11.277 11.226 11.167    0.039 0.053 0.033 0.035 0.039  A 36818
   2206.79534 11.178 11.224 11.176 11.137 11.092    0.042 0.053 0.034 0.038 0.041  A 37556
   2213.78482 11.377 11.379 11.330 11.267 11.187    0.043 0.053 0.038 0.043 0.047  A 38152
   2215.76305 11.369 11.354 11.312 11.250 11.170    0.045 0.057 0.039 0.044 0.047  A 38459
   2216.81061 11.311 11.326 11.267 11.230 11.161    0.046 0.057 0.039 0.045 0.048  A 38645
   2221.75362 11.295 11.346 11.239 11.196 11.131    0.048 0.059 0.041 0.046 0.049  A 39079
   2222.79291 11.258 11.235 11.236 11.219 11.183    0.055 0.067 0.045 0.050 0.051  A 39252
   2224.79067 11.193 11.213 11.166 11.126 11.084    0.047 0.058 0.038 0.043 0.045  A 39415
   2226.73138 11.293 11.304 11.238 11.177 11.128    0.048 0.058 0.039 0.043 0.045  A 39703
   2227.80712 11.222 11.232 11.189 11.142 11.112    0.055 0.067 0.046 0.051 0.051  A 39889
   2229.72422 11.252 11.269 11.186 11.173 11.138    0.055 0.067 0.048 0.053 0.058  A 40181
   2230.83055 11.220 11.233 11.185 11.157 11.129    0.058 0.070 0.047 0.052 0.053  A 40392
   2232.78541 11.315 11.326 11.279 11.230 11.180    0.047 0.058 0.040 0.043 0.045  A 40539
   2233.82204 11.262 11.276 11.236 11.206 11.157    0.055 0.069 0.046 0.050 0.051  A 40711
   2234.78738 11.243 11.265 11.203 11.148 11.107    0.048 0.061 0.040 0.045 0.045  A 40854
   2235.75713 11.128 11.135 11.082 11.053 11.006    0.048 0.060 0.040 0.044 0.046  A 40997
   2236.79413 11.188 11.166 11.139 11.092 11.049    0.062 0.077 0.052 0.056 0.058  B 41172
   2237.77010 11.208 11.203 11.135 11.135 11.105    0.054 0.067 0.045 0.049 0.051  A 41321
   2239.74888 11.184 11.157 11.166 11.129 11.118    0.058 0.072 0.048 0.054 0.055  A 41471
   2240.78709 11.173 11.224 11.175 11.180 11.136    0.066 0.079 0.058 0.059 0.064  D 41645
   2241.77465 11.295 11.295 11.256 11.220 11.174    0.054 0.065 0.044 0.050 0.050  A 41799
   2242.74838 11.285 11.258 11.273 11.272 11.199    0.057 0.071 0.048 0.053 0.055  A 41949
   2243.75355 11.184 11.164 11.176 11.139 11.108    0.064 0.079 0.054 0.059 0.061  B 42107
   2244.76799 11.148 11.082 11.150 11.152 11.136    0.068 0.087 0.058 0.062 0.064  D 42234
   2248.75626 11.172 11.168 11.169 11.174 11.125    0.064 0.079 0.054 0.059 0.061  B 42549
   2250.73459 11.355 11.370 11.303 11.279 11.240    0.060 0.075 0.049 0.054 0.055  B 42897
   2251.72848 11.250 11.261 11.213 11.195 11.169    0.065 0.082 0.053 0.055 0.056  B 43056
   2252.72302 11.195 11.175 11.190 11.192 11.138    0.068 0.084 0.056 0.060 0.061  D 43216
   2253.72003 11.192 11.193 11.170 11.174 11.144    0.064 0.083 0.053 0.058 0.060  B 43376
   2254.71409 11.233 11.208 11.214 11.201 11.145    0.063 0.079 0.051 0.057 0.057  B 43502
   2255.71887 11.143 11.136 11.141 11.119 11.109    0.061 0.077 0.050 0.055 0.057  B 43662
   2496.91890 11.271 11.198 11.234 11.224 11.182    0.047 0.050 0.040 0.044 0.043  A 15136
   2498.92162 11.309 11.253 11.267 11.207 11.183    0.053 0.057 0.047 0.053 0.058  A 15563
   2502.91714 11.207 11.186 11.178 11.157 11.098    0.045 0.052 0.037 0.040 0.038  A 16346
   2521.91529 11.287 11.333 11.253 11.188 11.111    0.045 0.050 0.044 0.051 0.059  A 18518
   2526.87602 11.287 11.291 11.229 11.222 11.162    0.045 0.052 0.039 0.044 0.044  A 18947
   2545.81206 11.325 11.382 11.287 11.232 11.167    0.032 0.041 0.031 0.036 0.040  A 20248
   2556.85014 11.197 11.217 11.178 11.149 11.100    0.066 0.076 0.055 0.054 0.056  D 21783
   2558.82368 11.229 11.275 11.185 11.148 11.090    0.039 0.044 0.033 0.035 0.035  A 22127
   2560.81148 11.259 11.247 11.194 11.170 11.120    0.032 0.027 0.028 0.033 0.036  A 22481
   2562.81359 11.321 11.336 11.274 11.201 11.140    0.025 0.031 0.023 0.026 0.029  A 22810
   2564.81228 11.316 11.352 11.271 11.216 11.173    0.033 0.033 0.030 0.034 0.038  A 23168
   2566.81189 11.195 11.263 11.191 11.146 11.073    0.049 0.047 0.047 0.052 0.059  A 23525
   2574.77128 11.287 11.295 11.238 11.181 11.165    0.049 0.058 0.043 0.048 0.047  A 24405
   2578.79408 11.209 11.248 11.155 11.113 11.092    0.040 0.039 0.036 0.041 0.045  A 25013
   2621.76979 11.343 11.336 11.290 11.218 11.131    0.023 0.031 0.023 0.027 0.029  A 29856
   2623.71519 11.359 11.350 11.329 11.267 11.207    0.025 0.024 0.024 0.027 0.030  A 30164
   2625.70305 11.187 11.225 11.182 11.144 11.070    0.027 0.028 0.027 0.031 0.034  A 30441
   2628.69091 11.265 11.273 11.243 11.182 11.114    0.039 0.038 0.039 0.045 0.049  A 30743
   2631.81698 11.257 11.270 11.206 11.150 11.083    0.027 0.034 0.026 0.029 0.033  A 31655
   2635.67071 11.335 11.363 11.310 11.257 11.204    0.031 0.027 0.027 0.032 0.035  A 32240
   2637.68386 11.356 11.380 11.332 11.272 11.230    0.024 0.026 0.022 0.026 0.028  A 32537
   2639.68616 99.999 99.999 99.999 99.999 99.999    0.033 0.031 0.026 0.026 0.028  C 32846
   2641.68885 11.310 11.307 11.266 11.193 11.113    0.024 0.025 0.023 0.027 0.031  A 33130
   2643.70070 11.219 11.191 11.182 11.113 11.054    0.021 0.025 0.020 0.023 0.026  A 33446
   2645.68255 11.261 11.284 11.221 11.146 11.080    0.021 0.022 0.020 0.023 0.026  A 33736
   2647.66538 11.361 11.356 11.324 11.261 11.173    0.027 0.029 0.022 0.024 0.026  A 34025
   2650.64411 11.230 11.232 11.191 11.137 11.089    0.030 0.027 0.026 0.027 0.028  A 34282
   2652.66180 11.250 11.265 11.219 11.155 11.097    0.023 0.024 0.021 0.025 0.027  A 34595
   2654.66314 11.285 11.281 11.237 11.198 11.122    0.033 0.037 0.028 0.026 0.029  A 34905
   2657.69647 11.357 11.324 11.320 11.286 11.233    0.023 0.026 0.024 0.029 0.032  A 35450
   2659.71515 11.335 11.359 11.301 11.230 11.181    0.023 0.027 0.023 0.027 0.030  A 35800
   2661.71232 11.333 11.306 11.273 11.201 11.109    0.025 0.033 0.022 0.025 0.028  A 36141
   2663.70866 11.296 11.315 11.256 11.191 11.117    0.022 0.026 0.022 0.024 0.027  A 36478
   2665.70150 11.267 11.245 11.226 11.159 11.087    0.021 0.024 0.020 0.023 0.026  A 36826
   2667.70096 11.319 11.304 11.290 11.211 11.139    0.022 0.022 0.021 0.024 0.027  A 37130
   2669.69033 11.385 11.397 11.336 11.271 11.181    0.022 0.024 0.021 0.026 0.028  A 37452
   2673.68388 11.390 11.417 11.359 11.304 11.221    0.022 0.027 0.020 0.023 0.026  A 38116
   2675.67162 11.247 11.247 11.229 11.173 11.096    0.024 0.025 0.023 0.026 0.029  A 38470
   2677.65107 11.323 11.332 11.280 11.221 11.132    0.020 0.027 0.020 0.023 0.025  A 38808
   2679.62963 11.289 11.338 11.247 11.186 11.114    0.029 0.032 0.029 0.034 0.038  A 39130
   2681.62138 11.245 11.216 11.221 11.176 11.101    0.022 0.028 0.022 0.025 0.029  A 39450
   2683.62481 11.299 11.300 11.262 11.202 11.110    0.024 0.027 0.022 0.026 0.030  A 39808
   2684.76270 11.217 11.304 11.164 11.106 11.067    0.045 0.037 0.034 0.038 0.044  A 40046
   2686.68577 11.173 11.161 11.110 11.033 10.954    0.029 0.034 0.029 0.033 0.038  A 40380
   2690.66994 11.274 11.227 11.228 11.166 11.093    0.033 0.033 0.027 0.028 0.032  A 41106
   2692.66696 11.284 11.294 11.240 11.187 11.112    0.046 0.060 0.030 0.031 0.035  A 41455
   2694.67124 11.447 11.354 11.359 11.279 11.191    0.041 0.033 0.027 0.027 0.030  A 41780
   2696.68358 11.272 11.369 11.242 11.198 11.120    0.043 0.036 0.026 0.026 0.029  A 42110
   2698.66477 11.345 11.399 11.323 11.264 11.190    0.024 0.026 0.022 0.024 0.026  A 42519
   2700.65727 11.270 11.351 11.222 11.154 11.089    0.026 0.030 0.021 0.023 0.026  A 42903
   2702.64930 11.309 11.375 11.272 11.210 11.166    0.025 0.023 0.023 0.026 0.028  A 43280
   2704.63650 11.239 11.284 11.211 11.148 11.076    0.022 0.026 0.021 0.024 0.027  A 43660
   2706.61571 11.321 11.323 11.289 11.234 11.156    0.022 0.026 0.020 0.023 0.025  A 44021
   2710.58944 11.337 11.321 11.296 11.220 11.149    0.025 0.023 0.023 0.025 0.028  A 44729
   2711.68098 11.284 11.333 11.235 11.154 11.058    0.034 0.031 0.027 0.030 0.034  A 44963
   2713.65038 11.311 11.307 11.248 11.173 11.115    0.035 0.033 0.031 0.036 0.041  A 45324
   2719.57120 11.225 11.219 11.200 11.153 11.075    0.029 0.028 0.025 0.027 0.029  A 46070
   2721.59432 11.277 11.165 11.244 11.191 11.117    0.036 0.036 0.028 0.031 0.036  A 46465
   2723.59470 11.346 11.283 11.290 11.209 11.128    0.043 0.037 0.030 0.030 0.033  A 46854
   2725.59132 11.327 11.331 11.282 11.220 11.149    0.033 0.030 0.025 0.026 0.029  A 47244
   2727.58483 11.253 11.245 11.232 11.178 11.132    0.025 0.028 0.023 0.025 0.028  A 47631
   2729.58261 11.359 11.346 11.300 11.232 11.161    0.032 0.035 0.026 0.029 0.032  A 48038
   2733.57063 11.351 11.406 11.308 11.256 11.193    0.028 0.033 0.023 0.025 0.028  A 48592
   2737.55776 11.393 11.332 11.324 11.245 11.163    0.032 0.042 0.025 0.029 0.032  A 49389
   2739.58029 11.400 11.402 11.393 11.346 11.272    0.031 0.033 0.027 0.030 0.033  A 49734
   2741.55538 11.351 11.306 11.319 11.244 11.148    0.028 0.029 0.026 0.030 0.035  A 50117
   2743.57453 11.265 11.348 11.248 11.210 11.146    0.035 0.035 0.029 0.034 0.039  A 50527
   2745.58210 11.269 11.323 11.227 11.163 11.090    0.041 0.040 0.044 0.054 0.063  A 50907
   2751.51891 11.350 11.278 11.297 11.234 11.164    0.037 0.039 0.026 0.029 0.030  A 51779
   2754.51949 11.318 11.333 11.287 11.216 11.151    0.026 0.035 0.022 0.025 0.028  A 52194
   2756.52115 11.324 11.340 11.278 11.208 11.165    0.044 0.037 0.037 0.041 0.046  A 52607
   2758.51426 11.259 11.321 11.210 11.133 11.092    0.050 0.047 0.053 0.064 0.075  B 53027
   2760.53415 11.236 11.188 11.180 11.120 11.038    0.034 0.032 0.024 0.027 0.029  A 53382
   2762.53294 11.347 11.335 11.331 11.273 11.171    0.042 0.044 0.040 0.047 0.053  A 53790
   2764.51743 11.289 11.299 11.273 11.220 11.161    0.030 0.034 0.023 0.026 0.029  A 54196
   2784.47218 11.258 11.297 11.223 11.161 11.060    0.028 0.032 0.027 0.031 0.035  A 56073
   2786.47241 11.362 11.367 11.316 11.264 11.201    0.037 0.033 0.024 0.026 0.029  A 56499
   2789.47114 11.336 11.337 11.285 11.219 11.158    0.024 0.031 0.023 0.027 0.030  A 57038
   2792.45892 11.301 11.325 11.263 11.193 11.135    0.026 0.030 0.024 0.026 0.030  A 57646
   2795.45845 11.244 11.229 11.219 11.157 11.089    0.025 0.029 0.024 0.028 0.031  A 58168
   2860.92642 11.353 11.381 11.308 11.255 11.210    0.026 0.027 0.023 0.027 0.030  A 66875
   2877.91117 11.251 11.216 11.185 11.135 11.061    0.031 0.030 0.029 0.036 0.041  A 69065
   2884.89063 11.327 11.279 11.277 11.220 11.151    0.028 0.028 0.027 0.032 0.037  A 69926
   2893.88052 11.430 11.438 11.366 11.289 11.193    0.030 0.029 0.030 0.036 0.042  A 70980
   2896.87058 11.333 11.358 11.309 11.244 11.178    0.027 0.027 0.026 0.032 0.037  A 71572
   2899.88936 11.314 11.305 11.255 11.208 11.131    0.034 0.027 0.026 0.030 0.032  A 72133
   2905.88330 11.357 11.417 11.325 11.249 11.183    0.027 0.022 0.022 0.025 0.027  A 73087
   2908.87770 11.374 11.379 11.314 11.236 11.180    0.025 0.026 0.024 0.029 0.031  A 73515
   2911.85536 11.312 11.309 11.245 11.184 11.106    0.037 0.030 0.030 0.033 0.036  A 74008
   2915.87769 11.214 11.264 11.189 11.136 11.073    0.033 0.025 0.025 0.028 0.032  A 74490
   2918.82139 11.164 11.176 11.099 10.980 10.888    0.065 0.056 0.078 0.095 0.112  D 74966
   2922.79833 11.299 11.419 11.253 11.188 11.126    0.031 0.028 0.029 0.035 0.041  A 75338
   2924.85136 11.327 11.356 11.288 11.251 11.211    0.033 0.027 0.026 0.030 0.033  A 75719
   2929.82478 11.316 11.343 11.256 11.220 11.143    0.033 0.029 0.033 0.039 0.045  A 76440
   2932.83636 11.318 11.327 11.277 11.217 11.151    0.023 0.022 0.020 0.023 0.027  A 76980
   2935.81699 11.312 11.347 11.271 11.203 11.139    0.034 0.026 0.026 0.028 0.031  A 77512
   2940.75914 11.209 11.210 11.177 11.116 11.064    0.028 0.024 0.023 0.026 0.029  A 78055
   2942.80885 11.404 11.334 11.356 11.299 11.225    0.025 0.026 0.022 0.025 0.028  A 78273
   2944.79824 11.558 11.505 11.438 11.335 11.202    0.038 0.036 0.040 0.048 0.057  A 78595
   2946.79675 11.290 11.228 11.217 11.168 11.105    0.054 0.031 0.039 0.041 0.036  A 78894
   2947.79150 11.297 11.313 11.251 11.189 11.138    0.043 0.039 0.038 0.045 0.046  A 79071
   2948.82618 11.210 11.211 11.143 11.098 11.033    0.042 0.032 0.029 0.032 0.035  A 79190
   2951.81181 11.355 11.398 11.318 11.266 11.251    0.037 0.054 0.040 0.048 0.056  A 79633
   2957.78467 11.299 11.355 11.259 11.204 11.169    0.028 0.026 0.028 0.033 0.038  A 80434
   2960.79174 11.329 11.302 11.309 11.264 11.202    0.027 0.039 0.029 0.034 0.040  A 80840
   2963.77014 11.218 11.278 11.171 11.114 11.069    0.025 0.034 0.023 0.027 0.031  A 81251
   2966.75371 11.417 11.408 11.356 11.282 11.224    0.031 0.030 0.030 0.035 0.040  A 81676
   2970.76782 11.236 11.273 11.194 11.147 11.097    0.027 0.030 0.025 0.029 0.033  A 82154
   2973.78943 11.357 11.372 11.337 11.277 11.208    0.028 0.027 0.023 0.026 0.030  A 82501
   2975.72492 11.304 11.321 11.269 11.214 11.161    0.024 0.025 0.024 0.028 0.032  A 82750
   2977.72819 11.237 11.192 11.209 11.176 11.117    0.035 0.037 0.039 0.049 0.058  A 83022
   2979.74136 11.251 11.248 11.204 11.144 11.059    0.024 0.028 0.024 0.028 0.032  A 83294
   2981.75344 11.398 11.377 11.353 11.307 11.239    0.038 0.032 0.032 0.037 0.042  A 83556
   2984.70737 11.327 11.323 11.288 11.236 11.162    0.026 0.024 0.023 0.027 0.031  A 83932
   2989.69523 11.295 11.257 11.228 11.162 11.080    0.023 0.025 0.022 0.026 0.030  A 84544
   2991.74420 11.370 11.368 11.326 11.260 11.194    0.026 0.027 0.024 0.028 0.032  A 84821
   2996.73050 11.227 11.254 11.178 11.128 11.057    0.024 0.030 0.023 0.027 0.030  A 85480
   3001.72674 11.376 11.363 11.340 11.286 11.211    0.024 0.024 0.021 0.024 0.027  A 86021
   3005.75291 11.332 11.380 11.281 11.195 11.141    0.028 0.030 0.026 0.031 0.035  A 86504
   3007.72160 11.349 11.392 11.302 11.250 11.215    0.025 0.028 0.026 0.031 0.035  A 86754
   3009.75460 11.134 11.122 11.086 11.042 10.974    0.028 0.030 0.029 0.034 0.039  A 87017
   3011.77461 11.273 11.286 11.253 11.183 11.124    0.030 0.035 0.032 0.039 0.045  A 87299
   3015.64622 11.264 11.214 11.215 11.156 11.072    0.030 0.031 0.032 0.040 0.046  A 87623
   3017.67911 11.358 11.338 11.312 11.265 11.209    0.030 0.028 0.025 0.029 0.033  A 87890
   3019.67751 11.304 11.325 11.246 11.196 11.145    0.027 0.024 0.023 0.027 0.031  A 88155
   3029.64583 11.413 11.388 11.362 11.275 11.167    0.041 0.038 0.047 0.058 0.068  B 88640
   3031.69355 11.317 11.283 11.276 11.222 11.142    0.027 0.028 0.025 0.031 0.035  A 88856
   3033.70709 11.319 11.297 11.277 11.224 11.167    0.025 0.030 0.024 0.028 0.032  A 89049
   3035.65949 11.176 11.172 11.183 11.142 11.088    0.031 0.027 0.027 0.032 0.037  A 89259
   3039.67744 11.333 11.307 11.305 11.258 11.191    0.028 0.036 0.029 0.035 0.039  A 89548
   3042.67482 11.335 11.370 11.291 11.239 11.158    0.031 0.037 0.034 0.041 0.047  A 89807
   3044.70012 11.350 11.342 11.289 11.231 11.132    0.026 0.028 0.026 0.031 0.035  A 90077
   3047.64633 11.371 11.354 11.323 11.240 11.146    0.026 0.031 0.027 0.032 0.037  A 90466
   3050.59912 11.322 11.312 11.262 11.216 11.158    0.027 0.026 0.024 0.028 0.031  A 90848
   3052.70055 11.280 11.250 11.236 11.170 11.103    0.023 0.027 0.024 0.029 0.033  A 91154
   3054.71669 11.322 11.356 11.268 11.205 11.150    0.035 0.033 0.035 0.042 0.049  A 91430
   3057.57785 11.311 11.333 11.279 11.213 11.146    0.035 0.035 0.038 0.043 0.049  A 91798
   3059.64390 11.297 11.322 11.254 11.187 11.137    0.025 0.026 0.026 0.031 0.035  A 92083
   3061.68539 11.311 11.326 11.277 11.230 11.156    0.026 0.027 0.026 0.031 0.036  A 92372
   3063.73216 11.318 11.375 11.292 11.248 11.164    0.041 0.039 0.046 0.055 0.061  A 92639
   3067.57855 11.328 11.374 11.270 11.193 11.136    0.025 0.031 0.025 0.030 0.034  A 93025
   3069.61321 11.354 11.333 11.319 11.304 11.252    0.030 0.029 0.030 0.036 0.042  A 93332
   3071.62423 11.293 11.304 11.237 11.168 11.117    0.029 0.031 0.031 0.039 0.045  A 93624
   3073.65988 11.410 11.373 11.358 11.278 11.196    0.030 0.032 0.032 0.039 0.047  A 93879
   3075.67776 11.417 11.394 11.359 11.299 11.224    0.027 0.028 0.028 0.034 0.039  A 94152
   3078.55186 11.262 11.312 11.208 11.134 11.075    0.028 0.029 0.028 0.032 0.034  A 94540
   3080.58125 11.430 11.371 11.381 11.212 11.040    0.079 0.074 0.093 0.113 0.133  D 94839
   3082.63519 11.310 11.265 11.291 11.238 11.181    0.048 0.058 0.051 0.058 0.065  A 95154
   3086.63651 11.403 11.443 11.350 11.273 11.228    0.035 0.032 0.036 0.040 0.044  A 95453
   3088.64441 11.330 11.303 11.297 11.238 11.151    0.030 0.031 0.030 0.036 0.042  A 95767
   3090.65179 11.262 11.291 11.230 11.191 11.159    0.041 0.036 0.045 0.049 0.055  A 96073
   3092.64179 11.269 11.330 11.254 11.187 11.116    0.028 0.026 0.025 0.030 0.035  A 96379
   3096.61951 11.387 11.396 11.341 11.272 11.188    0.027 0.026 0.026 0.032 0.037  A 96648
   3098.62956 11.316 11.266 11.269 11.227 11.183    0.036 0.034 0.040 0.050 0.058  A 96968
   3101.53049 11.441 11.489 11.403 11.332 11.253    0.031 0.029 0.029 0.035 0.041  A 97391
   3103.53932 11.345 11.348 11.326 11.280 11.217    0.027 0.028 0.027 0.032 0.037  A 97709
   3105.54441 11.321 11.348 11.277 11.215 11.154    0.027 0.031 0.028 0.034 0.038  A 98030
   3107.55221 11.241 11.255 11.197 11.136 11.098    0.026 0.032 0.027 0.031 0.036  A 98350
   3109.56059 11.327 11.278 11.286 11.239 11.165    0.025 0.027 0.027 0.031 0.035  A 98663
   3111.55792 11.319 11.296 11.276 11.212 11.135    0.025 0.029 0.026 0.031 0.035  A 98975
   3113.57489 11.304 11.315 11.263 11.199 11.102    0.026 0.030 0.026 0.031 0.035  A 99302
   3115.58045 99.999 99.999 99.999 99.999 99.999    0.026 0.027 0.027 0.030 0.035  C 99636
   3122.53157 11.359 11.329 11.311 11.239 11.167    0.027 0.030 0.027 0.032 0.036  A 100172
   3124.55730 11.342 11.310 11.296 11.214 11.127    0.027 0.029 0.027 0.032 0.036  A 100522
   3127.51839 11.220 11.260 11.194 11.148 11.102    0.030 0.029 0.031 0.038 0.044  A 100988
   3129.53316 11.244 11.211 11.210 11.147 11.081    0.036 0.033 0.038 0.047 0.055  A 101331
   3131.53889 11.318 11.294 11.252 11.179 11.108    0.031 0.030 0.032 0.038 0.044  A 101617
   3134.49763 11.219 11.255 11.203 11.156 11.105    0.028 0.027 0.030 0.036 0.041  A 102093
   3144.49403 11.218 11.218 11.179 11.130 11.057    0.026 0.028 0.025 0.029 0.033  A 103225
   3159.46555 11.303 11.268 11.250 11.198 11.144    0.039 0.037 0.040 0.049 0.057  A 104517
   3270.85963 11.205 11.216 11.159 11.091 11.033    0.036 0.037 0.030 0.035 0.041  A 115873
   3274.86673 11.350 11.388 11.326 11.263 11.195    0.030 0.033 0.027 0.032 0.036  A 116409
   3278.85269 11.300 11.319 11.289 11.231 11.165    0.033 0.035 0.031 0.037 0.042  A 116898
   3295.86859 11.279 11.340 11.268 11.240 11.200    0.033 0.034 0.026 0.029 0.033  A 118602
   3389.71257 11.151 11.161 11.108 11.050 99.999    0.039 0.069 0.034 0.039 0.043  C 126606
   3394.79008 11.172 11.199 11.136 11.106 11.053    0.041 0.062 0.038 0.044 0.049  A 127189
   3397.61751 11.197 11.192 11.158 11.122 11.068    0.031 0.046 0.031 0.037 0.041  A 127494
   3399.68457 11.378 11.401 11.326 11.270 11.193    0.042 0.071 0.037 0.041 0.046  A 127776
   3404.69781 11.388 11.438 11.346 11.262 11.166    0.029 0.045 0.026 0.030 0.032  A 128428
   3406.73249 11.305 11.331 11.248 11.152 11.050    0.054 0.098 0.053 0.059 0.064  B 128753
   3408.72936 11.343 11.403 11.296 11.224 11.149    0.039 0.054 0.039 0.042 0.045  A 129060
   3411.61431 11.303 11.354 11.275 11.224 11.147    0.040 0.078 0.036 0.040 0.042  B 129472
   3413.66042 11.263 11.223 11.191 11.104 11.039    0.029 0.045 0.028 0.031 0.035  A 129787
   3415.67141 11.273 11.321 11.215 11.154 11.102    0.034 0.065 0.029 0.031 0.034  A 130119
   3417.66355 11.380 11.382 11.332 11.250 11.152    0.032 0.051 0.031 0.036 0.040  A 130428
   3419.65231 11.392 11.410 11.360 11.302 11.235    0.029 0.038 0.029 0.033 0.036  A 130742
   3421.67353 11.329 11.312 11.292 11.204 11.115    0.031 0.042 0.036 0.043 0.049  A 131058
   3423.66301 11.406 11.430 11.274 11.112 11.001    0.057 0.063 0.066 0.082 0.096  D 131384
   3425.68951 11.387 11.409 11.337 11.271 11.182    0.033 0.065 0.037 0.045 0.052  A 131693
   3427.70990 11.330 11.341 11.294 11.209 11.141    0.033 0.033 0.036 0.043 0.049  A 132017
   3431.67102 11.229 11.218 11.212 11.157 11.053    0.044 0.083 0.041 0.047 0.051  B 132371
   3433.69357 10.791 10.789 10.750 10.702 10.662    0.042 0.070 0.041 0.047 0.051  A 132702
   3436.68172 11.262 11.279 11.223 11.167 11.103    0.036 0.045 0.035 0.043 0.051  A 133002
   3439.67276 11.303 11.346 11.248 11.182 11.110    0.033 0.046 0.028 0.033 0.037  A 133340
   3443.52008 11.361 11.326 11.332 11.281 11.199    0.045 0.089 0.039 0.043 0.045  B 133703
   3445.55198 11.378 11.432 11.339 11.270 11.180    0.037 0.049 0.035 0.038 0.040  A 134070
   3447.56599 11.317 11.304 11.285 11.214 11.132    0.040 0.080 0.035 0.039 0.042  B 134712
   3449.58924 11.308 11.333 11.272 11.196 11.138    0.034 0.050 0.034 0.042 0.048  A 135049
   3453.64984 11.267 11.266 11.217 11.148 11.092    0.047 0.063 0.048 0.057 0.065  A 135650
   3455.64396 11.362 11.407 11.343 11.304 11.226    0.033 0.039 0.036 0.043 0.050  A 136007
   3457.65113 11.354 11.383 11.325 11.263 11.181    0.031 0.040 0.032 0.037 0.042  A 136362
   3459.64591 11.290 11.345 11.265 11.217 11.158    0.029 0.043 0.030 0.036 0.041  A 136718
   3462.52570 11.298 11.260 11.265 11.217 11.149    0.044 0.060 0.041 0.046 0.051  A 137130
   3464.59566 99.999 99.999 99.999 99.999 99.999    0.034 0.051 0.031 0.036 0.039  C 137477
   3466.59913 11.358 11.376 11.321 11.253 11.197    0.025 0.033 0.027 0.032 0.035  A 137816
   3469.60055 11.325 11.348 11.259 11.178 11.115    0.026 0.037 0.027 0.031 0.035  A 138237
   3471.60647 11.338 11.336 11.294 11.224 11.153    0.027 0.038 0.027 0.031 0.035  A 138563
   3473.60739 11.247 11.226 11.215 11.168 11.105    0.048 0.056 0.050 0.056 0.064  A 138868
   3476.52952 11.381 11.369 11.327 11.256 11.165    0.042 0.071 0.040 0.044 0.049  A 139340
   3478.55776 11.331 11.372 11.286 11.217 11.159    0.036 0.058 0.036 0.040 0.043  A 139694
   3480.57996 11.365 11.385 11.317 11.251 11.161    0.037 0.056 0.037 0.041 0.046  A 139983
   3483.51783 11.331 11.361 11.313 11.229 11.170    0.054 0.069 0.039 0.043 0.050  A 140455
   3490.54103 11.398 11.430 11.331 11.230 11.142    0.055 0.094 0.055 0.062 0.069  B 141104
   3492.54904 11.370 11.401 11.361 11.303 11.198    0.036 0.063 0.036 0.041 0.045  A 141447
   3499.47062 11.249 11.284 11.219 11.152 11.070    0.030 0.035 0.031 0.037 0.043  A 142063
   3501.49437 11.277 11.312 11.238 11.179 11.111    0.036 0.051 0.033 0.037 0.040  A 142405
   3503.52854 11.379 11.325 11.346 11.292 11.218    0.036 0.055 0.033 0.037 0.041  A 142772
   3512.47166 11.363 11.352 11.285 11.209 11.131    0.033 0.041 0.031 0.037 0.042  A 143804
   3520.47420 11.335 11.288 11.280 11.201 11.134    0.037 0.057 0.036 0.042 0.047  A 144616
   3526.46494 11.276 11.311 11.238 11.196 11.131    0.033 0.040 0.033 0.038 0.043  A 145621
   3530.44990 11.288 11.267 11.242 11.162 11.078    0.043 0.076 0.040 0.046 0.051  A 146309
   3620.89276 11.278 11.253 11.239 11.186 11.112    0.029 0.038 0.030 0.035 0.041  A 157671
   3629.87397 11.194 11.234 11.163 11.116 11.078    0.036 0.049 0.033 0.039 0.045  A 158698
   3633.87059 11.266 11.301 11.229 11.154 11.074    0.032 0.038 0.034 0.042 0.048  A 159295
   3639.88739 99.999 99.999 99.999 99.999 99.999    0.029 0.035 0.026 0.031 0.035  C 160021
   3643.87748 11.387 11.353 11.330 11.258 11.186    0.028 0.035 0.026 0.031 0.035  A 160534
   3651.85459 11.222 11.163 11.170 11.098 11.015    0.036 0.047 0.039 0.047 0.054  A 161523
   3655.80735 11.299 11.327 11.266 11.213 11.158    0.029 0.042 0.029 0.034 0.037  A 162079
   3658.80835 11.260 11.271 11.205 11.140 11.070    0.029 0.038 0.029 0.034 0.039  A 162534
   3661.85528 11.250 11.209 11.194 11.130 11.042    0.038 0.056 0.036 0.043 0.049  A 163007
   3665.81728 11.278 11.284 11.239 11.200 11.158    0.033 0.050 0.031 0.036 0.041  A 163564
   3670.79268 11.329 11.340 11.291 11.238 11.160    0.030 0.036 0.028 0.034 0.037  A 164165
   3673.81695 11.267 11.321 11.241 11.183 11.112    0.027 0.037 0.026 0.031 0.035  A 164606
   3699.75589 11.226 11.239 11.194 11.150 11.086    0.041 0.076 0.037 0.042 0.046  A 167943
   3702.77250 11.368 11.391 11.327 11.267 11.212    0.026 0.034 0.026 0.031 0.035  A 168338
   3705.74597 11.218 11.224 11.162 11.100 11.056    0.046 0.079 0.043 0.048 0.053  B 168742
   3708.73644 11.303 11.369 11.269 11.218 11.181    0.035 0.060 0.030 0.034 0.038  A 169156
   3712.76754 11.362 11.406 11.305 11.241 11.186    0.036 0.063 0.030 0.035 0.039  A 169448
   3714.78850 11.322 11.297 11.279 11.214 11.141    0.032 0.048 0.030 0.035 0.038  A 169745
   3719.77200 11.300 11.190 11.260 11.204 11.127    0.048 0.086 0.045 0.051 0.056  B 170345
   3722.69530 11.384 11.353 11.336 11.278 11.245    0.040 0.063 0.038 0.045 0.050  A 170713
   3725.73324 11.360 11.351 11.334 11.291 11.221    0.043 0.073 0.043 0.050 0.057  A 171034
   3727.80353 11.225 11.294 11.214 11.172 11.093    0.032 0.040 0.033 0.038 0.043  A 171332
   3731.72798 11.358 11.370 11.309 11.246 11.187    0.050 0.079 0.046 0.050 0.054  B 171715
   3734.71136 11.324 11.342 11.278 11.205 11.151    0.047 0.069 0.048 0.058 0.067  A 172097
   3737.68265 11.308 11.319 11.228 11.135 11.066    0.034 0.054 0.029 0.033 0.037  A 172502
   3739.73246 11.341 11.345 11.305 11.255 11.164    0.032 0.050 0.030 0.035 0.039  A 172800
   3742.64702 11.320 11.325 11.265 11.188 11.109    0.028 0.037 0.027 0.033 0.036  A 173146
   3744.72345 11.380 11.347 11.318 11.250 11.200    0.039 0.069 0.037 0.044 0.049  A 173441
   3747.63849 11.298 11.280 11.252 11.185 11.082    0.039 0.054 0.039 0.047 0.053  A 173813
   3749.73485 11.378 11.371 11.349 11.296 11.207    0.036 0.046 0.038 0.047 0.054  A 174128
   3752.69561 11.316 11.341 11.275 11.204 11.116    0.035 0.049 0.035 0.041 0.046  A 174536
   3754.75698 11.377 11.380 11.374 11.340 11.263    0.035 0.043 0.037 0.046 0.053  A 174826
   3756.80855 11.225 11.210 11.172 11.139 11.080    0.044 0.067 0.042 0.051 0.058  A 175115
   3759.63088 11.223 11.217 11.168 11.123 11.068    0.044 0.070 0.040 0.046 0.051  A 175480
   3761.78203 11.343 11.339 11.279 11.206 11.136    0.035 0.045 0.039 0.046 0.053  A 175782
   3764.64630 11.233 11.233 11.201 11.138 11.074    0.051 0.051 0.044 0.047 0.051  A 176154
   3766.74905 11.313 11.344 11.282 11.219 11.157    0.039 0.053 0.040 0.044 0.048  A 176473
   3769.63242 11.314 11.342 11.251 11.184 11.145    0.052 0.092 0.048 0.052 0.056  B 176827
   3771.70606 11.263 11.305 11.242 11.208 11.129    0.045 0.059 0.047 0.052 0.058  A 177141
   3776.66757 11.547 11.542 11.510 11.470 11.390    0.038 0.055 0.040 0.048 0.055  A 177805
   3778.66045 11.350 11.332 11.314 11.249 11.199    0.036 0.049 0.038 0.046 0.052  A 178110
   3780.71338 11.292 11.328 11.265 11.201 11.118    0.038 0.053 0.039 0.048 0.055  A 178399
   3783.73947 11.355 11.376 11.302 11.219 11.166    0.043 0.050 0.046 0.057 0.065  A 178704
   3788.65845 11.247 11.290 11.233 11.181 11.112    0.049 0.088 0.045 0.049 0.053  B 178983
   3790.73024 11.303 11.364 11.262 11.204 11.121    0.040 0.065 0.038 0.045 0.052  A 179278
   3793.62427 11.286 11.313 11.272 11.213 11.126    0.035 0.049 0.037 0.043 0.050  A 179687
   3795.67304 11.308 11.317 11.255 11.179 11.119    0.035 0.056 0.032 0.036 0.040  A 179990
   3797.67710 11.395 11.422 11.325 11.235 11.153    0.035 0.057 0.032 0.037 0.042  A 180271
   3799.72155 11.264 11.290 11.205 11.144 11.095    0.036 0.046 0.036 0.042 0.046  A 180565
   3802.58656 11.326 11.405 11.311 11.266 11.208    0.048 0.046 0.047 0.050 0.057  A 180877
   3804.65505 99.999 99.999 99.999 99.999 99.999    0.038 0.051 0.040 0.048 0.055  C 181174
   3806.65732 11.244 11.171 11.177 11.093 11.029    0.044 0.077 0.043 0.050 0.057  A 181474
   3809.66240 11.166 11.165 11.142 11.083 11.006    0.044 0.075 0.044 0.053 0.059  A 181831
   3811.66910 11.328 11.309 11.296 11.256 11.214    0.040 0.058 0.039 0.047 0.053  A 182148
   3814.54139 11.381 11.381 11.287 11.197 11.134    0.047 0.088 0.042 0.047 0.052  B 182585
   3816.59826 11.318 11.365 11.284 11.242 11.158    0.051 0.092 0.046 0.050 0.055  B 182918
   3818.61015 11.338 11.326 11.293 11.212 11.139    0.034 0.041 0.034 0.039 0.044  A 183245
   3820.64302 11.398 11.408 11.336 11.236 11.173    0.033 0.040 0.036 0.043 0.049  A 183579
   3823.55954 11.272 11.246 11.261 11.222 11.158    0.044 0.075 0.043 0.049 0.055  A 184038
   3825.59086 11.289 11.303 11.255 11.218 11.164    0.038 0.050 0.041 0.049 0.058  A 184384
   3827.60474 11.151 11.148 11.097 11.033 10.974    0.040 0.076 0.035 0.040 0.045  A 184731
   3830.53826 11.343 11.332 11.282 11.188 99.999    0.047 0.089 0.044 0.049 0.053  C 185209
   3832.55363 11.307 11.319 11.253 11.174 11.084    0.041 0.054 0.038 0.044 0.051  A 185570
   3834.56257 11.362 11.296 11.305 11.228 11.153    0.042 0.067 0.044 0.053 0.061  A 185918
   3836.57976 11.386 11.348 11.321 11.243 11.167    0.043 0.065 0.048 0.059 0.069  B 186265
   3849.52372 11.351 11.376 11.295 11.218 11.171    0.033 0.042 0.036 0.041 0.046  A 187054
   3851.54343 11.225 11.232 11.190 11.131 11.072    0.031 0.053 0.030 0.035 0.040  A 187405
   3853.55593 11.260 11.229 11.209 11.152 11.082    0.028 0.031 0.027 0.032 0.035  A 187758
   3856.50689 11.209 11.200 11.205 11.144 11.090    0.038 0.043 0.041 0.048 0.053  A 188191
   3861.52622 11.189 11.162 11.140 11.076 11.009    0.028 0.034 0.028 0.034 0.038  A 188977
   3863.53194 11.396 11.394 11.356 11.285 11.206    0.031 0.040 0.032 0.038 0.043  A 189323
   3866.47846 11.304 11.308 11.276 11.201 11.115    0.036 0.059 0.036 0.043 0.049  A 189834
   3869.48644 11.245 11.242 11.196 11.116 11.012    0.035 0.046 0.038 0.046 0.053  A 190317
   3871.49973 11.282 11.331 11.219 11.137 11.079    0.031 0.044 0.031 0.036 0.041  A 190692
   3877.46541 11.265 11.289 11.213 11.136 11.070    0.029 0.042 0.027 0.031 0.035  A 191441
   3893.45509 11.239 11.266 11.183 11.113 11.047    0.033 0.037 0.034 0.041 0.047  A 193654
   3983.90126 11.385 11.380 11.321 11.260 11.201    0.035 0.058 0.032 0.036 0.041  A 203701
   4091.68627 11.307 11.311 11.261 11.188 11.116    0.033 0.042 0.030 0.034 0.038  A 209399
   4104.77989 11.304 11.312 11.237 11.150 11.066    0.049 0.081 0.051 0.062 0.071  B 210744
   4127.70231 11.330 11.340 11.268 11.197 11.131    0.033 0.046 0.030 0.033 0.036  A 211821
   4129.68486 11.305 11.356 11.282 11.229 11.149    0.039 0.068 0.035 0.039 0.042  A 212079
   4131.71839 11.363 11.366 11.327 11.262 11.190    0.039 0.056 0.037 0.041 0.045  A 212344
   4133.72433 11.327 11.333 11.302 11.254 11.161    0.045 0.063 0.044 0.050 0.056  A 212614
   4135.75005 11.321 11.326 11.268 11.177 11.110    0.038 0.049 0.038 0.044 0.049  A 212891
   4146.68313 11.148 11.164 11.127 11.092 11.047    0.034 0.048 0.033 0.036 0.039  A 214428
   4149.76386 11.338 11.336 11.279 11.190 11.129    0.038 0.058 0.040 0.049 0.057  A 214701
   4152.54322 11.315 11.360 11.293 11.240 11.160    0.031 0.051 0.030 0.034 0.038  A 215084
   4154.58235 11.302 11.246 11.243 11.168 11.098    0.040 0.071 0.036 0.039 0.043  A 215397
   4156.61447 11.247 11.270 11.208 11.178 11.134    0.056 0.085 0.050 0.052 0.054  B 215706
   4158.62985 11.373 11.397 11.335 11.290 11.205    0.048 0.087 0.043 0.048 0.051  B 215989
   4160.66477 11.229 11.271 11.180 11.119 11.044    0.036 0.061 0.034 0.040 0.045  A 216312
   4162.66134 11.297 11.353 11.270 11.210 11.148    0.046 0.083 0.044 0.053 0.060  B 216634
   4164.68516 11.246 11.272 11.186 11.091 11.015    0.057 0.096 0.058 0.066 0.073  B 216919
   4167.62793 11.271 11.321 11.239 11.196 11.143    0.042 0.067 0.036 0.039 0.043  A 217311
   4172.66814 11.307 11.306 11.275 11.212 11.118    0.039 0.064 0.036 0.041 0.045  A 217922
   4174.68082 11.273 11.274 11.225 11.170 11.098    0.034 0.041 0.031 0.036 0.041  A 218244
   4177.67240 11.245 11.262 11.205 11.149 11.076    0.036 0.039 0.037 0.044 0.048  A 218620
   4180.59025 11.340 11.298 11.321 11.279 11.217    0.041 0.049 0.042 0.052 0.061  A 218971
   4182.61870 11.333 11.373 11.289 11.232 11.151    0.035 0.050 0.032 0.035 0.039  A 219254
   4184.61502 11.295 11.320 11.259 11.188 11.101    0.035 0.049 0.033 0.037 0.041  A 219544
   4191.51699 11.383 11.414 11.286 11.194 11.108    0.038 0.057 0.034 0.039 0.043  A 220366
   4193.53926 11.257 11.288 11.222 11.171 11.108    0.038 0.056 0.035 0.041 0.046  A 220699
   4196.58918 11.396 11.385 11.402 11.349 11.328    0.051 0.051 0.056 0.069 0.080  B 221030
   4198.58714 11.313 11.322 11.267 11.221 11.135    0.056 0.067 0.064 0.080 0.092  D 221304
   4201.58310 11.275 11.345 11.224 11.156 11.099    0.038 0.052 0.035 0.040 0.046  A 221585
   4204.57824 11.298 11.320 11.241 11.174 11.133    0.040 0.058 0.036 0.041 0.044  A 221929
   4216.54940 11.357 11.345 11.321 11.272 11.196    0.033 0.040 0.031 0.036 0.041  A 222836
   4228.49633 11.305 11.317 11.249 11.204 11.148    0.039 0.044 0.035 0.039 0.043  A 223294
   4230.50621 11.338 11.392 11.321 11.254 11.200    0.033 0.039 0.031 0.034 0.039  A 223642
   4232.51983 11.391 11.404 11.342 11.259 11.198    0.035 0.039 0.035 0.041 0.048  A 223991
   4234.51972 11.263 11.285 11.216 11.144 11.042    0.046 0.055 0.049 0.057 0.065  A 224361
   4238.48131 11.250 11.285 11.190 11.134 11.081    0.040 0.044 0.041 0.050 0.058  A 224960
   4258.45439 11.129 11.161 11.111 11.057 11.008    0.035 0.047 0.031 0.037 0.043  A 227457
   4373.86215 11.175 11.244 11.154 11.119 11.074    0.032 0.040 0.033 0.039 0.045  A 241842
   4404.78520 11.257 11.304 11.238 11.195 11.156    0.035 0.039 0.032 0.037 0.043  A 245393
   4408.77644 11.178 11.217 11.155 11.120 11.064    0.033 0.044 0.034 0.040 0.046  A 245768
   4411.82145 11.276 11.268 11.247 11.192 11.115    0.036 0.045 0.038 0.042 0.046  A 246151
   4420.84758 11.308 11.312 11.276 11.218 11.156    0.051 0.062 0.052 0.061 0.072  B 246522
   4423.79501 11.293 11.298 11.223 11.164 11.098    0.035 0.046 0.036 0.043 0.050  A 246784
   4427.77389 11.297 11.301 11.255 11.191 11.159    0.033 0.037 0.033 0.041 0.047  A 247099
   4430.76315 11.257 11.264 11.208 11.141 11.099    0.036 0.042 0.036 0.044 0.051  A 247452
   4439.73716 11.401 11.381 11.338 11.287 11.226    0.032 0.039 0.029 0.033 0.037  A 248560
   4448.71256 11.205 11.214 11.168 11.111 11.054    0.031 0.038 0.029 0.034 0.039  A 249532
   4459.67513 11.172 11.201 11.129 11.079 11.014    0.038 0.048 0.041 0.049 0.058  A 250820
   4461.78203 11.334 11.415 11.294 11.213 11.140    0.035 0.043 0.032 0.037 0.043  A 251083
   4464.66814 11.447 11.469 11.350 11.256 11.197    0.040 0.061 0.035 0.039 0.044  A 251423
   4466.77196 11.215 11.190 11.167 11.107 11.023    0.041 0.064 0.040 0.044 0.049  A 251686
   4469.69260 11.347 11.383 11.324 11.278 11.222    0.041 0.059 0.039 0.044 0.048  A 251998
   4472.77130 11.316 11.346 11.229 11.142 11.049    0.053 0.079 0.054 0.065 0.075  B 252270
   4475.66013 11.309 11.338 11.303 11.275 11.201    0.035 0.048 0.034 0.040 0.044  A 252599
   4478.66957 11.336 11.404 11.304 11.248 11.183    0.042 0.060 0.038 0.042 0.047  A 252887
   4481.63151 11.277 11.330 11.266 11.197 11.113    0.050 0.061 0.059 0.074 0.088  D 253236
   4484.79303 11.385 11.351 11.336 11.272 11.193    0.042 0.062 0.038 0.042 0.047  A 253527
   4486.80215 11.307 11.263 11.261 11.213 11.144    0.045 0.067 0.040 0.047 0.053  A 253762
   4489.60171 11.412 11.392 11.364 11.282 11.218    0.034 0.040 0.032 0.038 0.044  A 254049
   4491.65188 11.265 11.219 11.202 11.135 11.083    0.032 0.039 0.031 0.036 0.040  A 254280
   4493.68942 11.334 11.331 11.288 11.216 11.155    0.033 0.044 0.030 0.034 0.038  A 254541
   4497.61298 11.436 11.436 11.400 11.342 11.282    0.041 0.055 0.038 0.042 0.045  A 254760
   4499.71841 11.233 11.247 11.235 11.205 11.146    0.043 0.060 0.041 0.046 0.052  A 255053
   4504.69964 11.290 11.358 11.291 11.260 11.229    0.039 0.044 0.041 0.049 0.058  A 255724
   4506.77324 11.280 11.263 11.258 11.213 11.163    0.044 0.072 0.039 0.043 0.045  A 256036
   4509.61969 11.538 11.544 11.455 11.368 11.301    0.052 0.072 0.052 0.062 0.070  B 256416
   4511.65469 11.271 11.232 11.222 11.157 11.109    0.041 0.068 0.036 0.040 0.045  A 256688
   4515.60152 11.348 11.371 11.285 11.242 11.160    0.048 0.054 0.052 0.063 0.072  B 257004
   4517.64953 99.999 99.999 99.999 99.999 99.999    0.040 0.053 0.039 0.044 0.050  C 257268
   4519.65569 11.302 11.341 11.256 11.216 11.142    0.038 0.049 0.038 0.044 0.050  A 257576
   4521.67149 11.302 11.350 11.261 11.218 11.165    0.030 0.036 0.028 0.033 0.037  A 257855
   4523.68960 11.376 11.394 11.335 11.288 11.222    0.031 0.036 0.029 0.034 0.039  A 258170
   4525.72312 11.207 11.227 11.148 11.092 11.026    0.041 0.060 0.036 0.041 0.046  A 258463
   4528.57839 11.324 11.309 11.283 11.201 11.121    0.045 0.061 0.044 0.050 0.056  A 258862
   4530.64304 11.138 11.192 11.124 11.082 11.043    0.034 0.038 0.034 0.041 0.046  A 259186
   4533.57665 11.202 11.238 11.170 11.096 11.044    0.037 0.043 0.037 0.042 0.048  A 259605
   4536.63103 11.221 11.251 11.177 11.126 11.042    0.034 0.037 0.034 0.040 0.049  A 259928
   4538.67038 11.294 11.352 11.283 11.234 11.193    0.040 0.051 0.039 0.045 0.052  A 260238
   4541.53173 11.291 11.305 11.223 11.157 11.095    0.033 0.040 0.030 0.035 0.041  A 260634
   4543.55684 11.258 11.259 11.168 11.085 11.000    0.037 0.040 0.038 0.045 0.052  A 260955
   4547.59830 11.238 11.278 11.186 11.130 11.068    0.039 0.043 0.043 0.052 0.061  A 261591
   4554.59783 11.301 11.349 11.245 11.162 11.095    0.037 0.041 0.039 0.048 0.054  A 262527
   4556.61092 11.264 11.311 11.223 11.177 11.113    0.036 0.040 0.038 0.045 0.052  A 262845
   4558.61593 11.195 11.225 11.171 11.117 11.052    0.035 0.048 0.030 0.034 0.038  A 263187
   4561.57444 11.288 11.346 11.254 11.236 11.189    0.036 0.046 0.036 0.043 0.050  A 263675
   4563.59484 11.250 11.275 11.210 11.152 11.084    0.035 0.041 0.034 0.041 0.048  A 264011
   4565.60180 11.286 11.265 11.237 11.155 11.056    0.035 0.044 0.034 0.040 0.047  A 264351
   4568.53020 11.363 11.396 11.303 11.228 11.138    0.031 0.038 0.029 0.033 0.038  A 264804
   4570.53986 11.323 11.330 11.307 11.272 11.215    0.031 0.036 0.029 0.034 0.038  A 265135
   4572.56724 11.269 11.293 11.217 11.169 11.113    0.037 0.041 0.037 0.044 0.051  A 265488
   4574.59399 11.147 11.174 11.098 11.021 10.958    0.042 0.050 0.043 0.051 0.058  A 265823
#ndata= 439
#dataset= 4 ; 1 F0728-24_212
#desig= 071058-2721.0
#cra=    7.182874  07:10:58.3
#cdec= -27.350104 -27:21:00.4
#class= 0
#cmag_0= 11.318
#cmer_0=  0.072
#nskip_0= 5
#cmag_1= 11.307
#cmer_1=  0.064
#nskip_1= 4
#cmag_2= 11.266
#cmer_2=  0.064
#nskip_2= 4
#cmag_3= 11.193
#cmer_3=  0.065
#nskip_3= 5
#cmag_4= 11.116
#cmer_4=  0.064
#nskip_4= 4
#ra=    7.182874  07:10:58.3
#dec= -27.350104 -27:21:00.4
#     HJD      MAG_1  MAG_0  MAG_2  MAG_3  MAG_4    MER_1 MER_0 MER_2 MER_3 MER_4 GRADE FRAME
   1869.77351 11.332 11.304 11.277 11.208 11.086    0.029 0.052 0.028 0.034 0.038  A 302
   1873.80038 11.244 11.231 11.203 11.106 11.041    0.029 0.051 0.028 0.034 0.039  A 914
   1876.71467 11.339 11.341 11.301 11.213 11.116    0.028 0.050 0.028 0.033 0.037  A 1360
   1877.77794 11.271 11.336 11.234 11.148 11.063    0.028 0.045 0.027 0.032 0.036  A 1545
   1878.81063 11.302 11.314 11.249 11.167 11.079    0.031 0.040 0.028 0.033 0.038  A 1719
   1880.80063 11.291 11.299 11.253 11.167 11.071    0.034 0.047 0.031 0.037 0.041  A 2025
   1881.76467 11.235 11.181 11.199 11.117 11.051    0.026 0.037 0.025 0.031 0.035  A 2169
   1884.74195 11.341 11.348 11.304 11.233 11.137    0.028 0.037 0.027 0.031 0.035  A 2307
   1885.74306 11.276 11.289 11.232 11.155 11.084    0.027 0.035 0.025 0.031 0.034  A 2468
   1886.75223 11.421 11.401 11.384 11.273 11.175    0.027 0.038 0.026 0.031 0.034  A 2632
   1887.74755 11.239 11.209 11.204 11.138 11.077    0.028 0.041 0.027 0.032 0.037  A 2789
   1888.73512 11.325 11.279 11.277 11.202 11.128    0.030 0.048 0.030 0.035 0.039  A 2944
   1889.75923 11.400 11.388 11.378 11.303 11.190    0.032 0.043 0.032 0.038 0.044  A 3116
   1899.70887 11.221 11.274 11.193 11.125 11.047    0.028 0.037 0.026 0.031 0.035  A 3224
   1900.71814 11.372 11.470 11.309 11.243 11.146    0.028 0.038 0.026 0.031 0.035  A 3385
   1902.69813 11.235 11.277 11.200 11.127 11.034    0.026 0.031 0.023 0.027 0.031  A 3534
   1903.72061 11.376 11.415 11.348 11.266 11.158    0.024 0.029 0.022 0.028 0.032  A 3702
   1905.70685 11.282 11.283 11.255 11.184 11.071    0.026 0.039 0.026 0.031 0.035  A 4019
   1906.69552 11.250 11.224 11.212 11.136 11.055    0.025 0.035 0.023 0.029 0.033  A 4176
   1907.70251 11.360 11.431 11.320 11.234 11.133    0.028 0.037 0.025 0.029 0.033  A 4339
   1908.69478 11.303 11.308 11.261 11.164 11.077    0.026 0.035 0.024 0.028 0.032  A 4497
   1913.67162 11.306 11.342 11.271 11.211 11.108    0.024 0.030 0.024 0.030 0.033  A 4624
   1914.68544 11.399 11.439 11.362 11.271 11.163    0.025 0.031 0.024 0.029 0.032  A 4789
   1915.68496 11.296 11.245 11.246 11.140 11.062    0.027 0.038 0.026 0.031 0.035  A 4947
   1918.66659 11.361 11.396 11.334 11.265 11.153    0.030 0.035 0.029 0.035 0.040  A 5154
   1919.67823 11.226 11.189 11.181 11.105 11.047    0.029 0.040 0.029 0.035 0.039  A 5319
   1920.67517 11.421 11.402 11.383 11.298 11.177    0.028 0.030 0.026 0.031 0.036  A 5478
   1921.67067 11.331 11.383 11.313 11.240 11.150    0.029 0.034 0.026 0.032 0.036  A 5635
   1922.67075 11.274 11.262 11.230 11.147 11.062    0.029 0.034 0.024 0.028 0.033  A 5785
   1923.66538 11.348 11.375 11.313 11.244 11.162    0.026 0.030 0.024 0.029 0.032  A 5949
   1924.66275 12.072 12.175 11.937 11.824 11.656    0.033 0.036 0.033 0.038 0.043  A 6117
   1925.66353 11.248 11.242 11.189 11.055 10.962    0.040 0.044 0.041 0.047 0.054  A 6286
   1926.65766 11.253 11.237 11.215 11.140 11.053    0.025 0.033 0.024 0.029 0.033  A 6453
   1928.66625 11.301 11.271 11.267 11.208 11.115    0.026 0.032 0.023 0.027 0.031  A 6782
   1929.65458 11.185 11.147 11.129 11.063 11.001    0.027 0.032 0.024 0.028 0.032  A 6932
   1930.65264 11.349 11.336 11.294 11.206 11.115    0.028 0.034 0.024 0.028 0.032  A 7098
   1931.64770 11.360 11.341 11.342 11.275 11.190    0.031 0.037 0.027 0.032 0.037  A 7265
   1932.64476 11.290 11.307 11.250 11.169 11.077    0.030 0.035 0.024 0.027 0.032  A 7428
   1933.64417 11.308 11.320 11.279 11.220 11.145    0.031 0.036 0.025 0.028 0.032  A 7593
   1934.64204 11.351 11.374 11.303 11.195 11.096    0.027 0.033 0.024 0.028 0.031  A 7754
   1936.62341 11.304 11.299 11.263 11.196 11.119    0.029 0.034 0.024 0.028 0.031  A 8016
   1938.61828 11.366 11.408 11.313 11.218 11.150    0.031 0.035 0.024 0.028 0.031  A 8254
   1940.63282 11.334 11.332 11.295 11.224 11.142    0.033 0.038 0.025 0.027 0.031  A 8504
   1945.62472 11.259 11.232 11.226 11.151 11.054    0.033 0.038 0.027 0.031 0.036  A 8675
   1946.63110 11.326 11.328 11.308 11.233 11.159    0.032 0.036 0.028 0.032 0.038  A 8796
   1948.58576 11.279 11.301 11.245 11.175 11.091    0.031 0.033 0.029 0.035 0.040  A 9031
   1949.63424 11.378 11.379 11.369 11.292 11.150    0.032 0.038 0.028 0.034 0.039  A 9188
   1950.60508 11.239 11.254 11.220 11.155 11.072    0.031 0.036 0.026 0.030 0.034  A 9350
   1952.60024 11.376 11.366 11.339 11.254 11.204    0.035 0.040 0.029 0.033 0.039  A 9569
   1953.60495 11.296 11.327 11.234 11.137 11.047    0.040 0.047 0.031 0.034 0.036  A 9656
   1954.60603 11.340 11.330 11.299 11.226 11.150    0.049 0.062 0.038 0.043 0.046  A 9837
   1955.60013 11.287 11.341 11.267 11.210 11.120    0.045 0.054 0.036 0.040 0.041  A 10011
   1961.58970 11.339 11.308 11.304 11.240 11.163    0.045 0.054 0.036 0.039 0.039  A 10457
   1963.57052 11.289 11.241 11.225 11.148 11.068    0.048 0.058 0.039 0.042 0.044  A 10782
   1964.58949 11.363 11.359 11.328 11.259 11.180    0.046 0.054 0.036 0.039 0.039  A 10969
   1965.57809 11.344 11.366 11.286 11.202 11.111    0.047 0.055 0.037 0.039 0.040  A 11150
   1967.56069 11.227 11.291 11.189 11.098 11.010    0.050 0.059 0.039 0.042 0.042  A 11495
   1968.57412 11.412 11.441 11.377 11.317 11.241    0.053 0.064 0.042 0.046 0.044  A 11677
   1977.54922 11.285 11.276 11.249 11.181 11.091    0.060 0.071 0.049 0.054 0.054  A 11920
   1979.54563 11.315 11.292 11.269 11.205 11.138    0.065 0.077 0.051 0.054 0.053  B 12188
   1981.58023 11.266 11.180 11.225 11.172 11.103    0.058 0.069 0.047 0.051 0.051  A 12537
   1984.52067 11.281 11.210 11.212 11.161 11.099    0.061 0.073 0.048 0.052 0.052  A 12913
   1993.51242 11.478 11.466 11.411 11.337 11.250    0.069 0.084 0.056 0.059 0.059  D 13278
   2026.50889 11.405 11.477 11.357 11.290 11.228    0.026 0.038 0.026 0.030 0.034  A 17353
   2031.50583 11.336 11.324 11.277 11.205 11.122    0.028 0.043 0.028 0.033 0.036  A 17967
   2054.47530 11.428 11.458 11.400 11.289 11.185    0.061 0.081 0.065 0.079 0.092  D 20185
   2058.45136 11.281 11.332 11.232 11.157 11.080    0.041 0.051 0.038 0.046 0.052  A 21075
   2133.92753 11.186 11.145 11.152 11.076 11.030    0.035 0.051 0.033 0.040 0.044  A 29128
   2167.85336 11.301 11.255 11.264 11.186 11.097    0.040 0.061 0.037 0.042 0.047  A 32193
   2171.87303 11.321 11.408 11.264 11.174 11.109    0.042 0.056 0.037 0.043 0.048  A 32705
   2173.85477 11.268 11.268 11.249 11.187 11.080    0.037 0.054 0.034 0.038 0.043  A 33076
   2183.86738 11.343 11.365 11.285 11.201 11.124    0.042 0.055 0.037 0.041 0.047  A 33990
   2185.82357 11.359 11.332 11.326 11.249 11.158    0.041 0.054 0.037 0.042 0.048  A 34349
   2189.86339 11.442 11.392 11.417 11.329 11.242    0.045 0.058 0.037 0.041 0.046  A 34857
   2191.82337 11.380 11.374 11.310 11.229 11.163    0.040 0.053 0.035 0.040 0.044  A 35196
   2193.82614 11.324 11.344 11.312 11.254 11.160    0.039 0.052 0.034 0.038 0.044  A 35553
   2196.80710 11.234 11.163 11.182 11.088 11.005    0.051 0.065 0.051 0.059 0.068  A 36034
   2197.89033 11.222 11.254 11.172 11.115 10.980    0.074 0.085 0.077 0.093 0.109  D 36245
   2212.77308 11.344 11.421 11.300 11.242 11.183    0.047 0.061 0.040 0.045 0.050  A 37978
   2250.75237 11.262 11.305 11.240 11.183 11.129    0.069 0.082 0.055 0.055 0.059  D 42905
   2520.88788 11.364 11.385 11.343 11.284 11.194    0.035 0.047 0.029 0.035 0.039  A 18309
   2521.91529 11.300 11.344 11.264 11.196 11.119    0.036 0.034 0.035 0.041 0.047  A 18518
   2545.81206 11.332 11.392 11.294 11.228 11.161    0.030 0.040 0.027 0.032 0.034  A 20248
   2557.80514 11.274 11.281 11.240 11.157 11.096    0.042 0.050 0.033 0.035 0.038  A 21941
   2561.82489 11.237 11.247 11.212 11.160 11.100    0.027 0.037 0.024 0.028 0.031  A 22636
   2565.82253 11.307 11.271 11.270 11.206 11.145    0.029 0.030 0.024 0.028 0.033  A 23352
   2577.78216 11.387 11.423 11.346 11.299 11.237    0.031 0.033 0.026 0.029 0.032  A 24839
   2621.80372 11.308 11.359 11.258 11.194 11.133    0.024 0.027 0.023 0.028 0.031  A 29871
   2625.72794 11.330 11.429 11.311 11.254 11.184    0.036 0.032 0.027 0.030 0.034  A 30452
   2628.69091 11.273 11.293 11.254 11.185 11.116    0.038 0.036 0.037 0.042 0.046  A 30743
   2631.83509 11.370 11.346 11.323 11.264 11.179    0.026 0.030 0.027 0.031 0.034  A 31663
   2637.70079 11.240 11.241 11.194 11.135 11.072    0.022 0.021 0.021 0.025 0.028  A 32544
   2639.70193 11.349 11.302 11.285 11.204 11.130    0.027 0.026 0.023 0.026 0.029  A 32853
   2641.70243 11.324 11.412 11.287 11.236 11.202    0.027 0.027 0.022 0.026 0.029  A 33136
   2643.72333 11.339 11.413 11.289 11.221 11.166    0.021 0.031 0.021 0.024 0.027  A 33456
   2645.70079 11.391 11.396 11.333 11.253 11.173    0.024 0.024 0.022 0.025 0.028  A 33744
   2647.68595 11.238 11.212 11.207 11.124 11.088    0.057 0.053 0.065 0.080 0.093  D 34034
   2650.66232 11.378 11.446 11.362 11.313 11.258    0.024 0.024 0.021 0.025 0.027  A 34290
   2652.68012 11.302 11.320 11.289 11.231 11.156    0.025 0.029 0.024 0.028 0.031  A 34603
   2654.68140 11.805 11.807 11.676 11.536 11.394    0.026 0.031 0.025 0.029 0.031  A 34913
   2657.71481 11.313 11.307 11.285 11.230 11.154    0.024 0.027 0.025 0.030 0.034  A 35458
   2659.74268 11.289 11.323 11.238 11.183 11.119    0.027 0.034 0.024 0.029 0.033  A 35812
   2661.73983 11.327 11.308 11.290 11.227 11.149    0.023 0.028 0.024 0.028 0.031  A 36153
   2665.72792 11.413 11.399 11.386 11.320 11.238    0.023 0.028 0.022 0.026 0.028  A 36837
   2667.72857 11.321 11.333 11.273 11.195 11.102    0.024 0.026 0.023 0.027 0.030  A 37142
   2669.71798 11.261 11.267 11.224 11.149 11.082    0.024 0.026 0.023 0.027 0.030  A 37464
   2673.71287 11.240 11.292 11.186 11.127 11.072    0.024 0.032 0.022 0.025 0.028  A 38127
   2675.69933 11.370 11.364 11.315 11.230 11.151    0.021 0.026 0.021 0.024 0.027  A 38482
   2677.68135 11.235 11.269 11.195 11.141 11.073    0.023 0.028 0.023 0.028 0.031  A 38821
   2683.63204 11.185 11.193 11.159 11.113 11.037    0.027 0.029 0.024 0.029 0.033  A 39811
   2684.77986 11.299 11.286 11.257 11.183 11.139    0.029 0.026 0.030 0.035 0.039  A 40053
   2686.68852 11.236 11.142 11.184 11.135 11.079    0.042 0.048 0.030 0.035 0.040  A 40381
   2688.67392 11.411 11.349 11.342 11.284 11.230    0.030 0.037 0.028 0.032 0.036  A 40739
   2690.67273 11.296 11.312 11.215 11.146 11.071    0.034 0.041 0.026 0.029 0.032  A 41107
   2692.66977 11.220 11.331 11.207 11.161 11.096    0.060 0.064 0.039 0.041 0.041  A 41456
   2694.67407 11.315 11.477 11.282 11.228 11.174    0.044 0.034 0.036 0.037 0.036  A 41781
   2696.68912 11.385 11.385 11.343 11.254 11.156    0.024 0.029 0.023 0.027 0.030  A 42112
   2698.66761 11.497 11.403 11.417 11.341 11.243    0.035 0.039 0.026 0.028 0.031  A 42520
   2700.66013 11.306 11.260 11.249 11.176 11.099    0.040 0.040 0.027 0.030 0.032  A 42904
   2702.65219 11.289 11.310 11.259 11.191 11.083    0.028 0.030 0.024 0.027 0.030  A 43281
   2704.63940 11.254 11.284 11.222 11.173 11.098    0.048 0.041 0.036 0.038 0.036  A 43661
   2706.61863 11.354 11.417 11.301 11.244 11.155    0.041 0.037 0.026 0.027 0.030  A 44022
   2710.59240 11.351 11.331 11.322 11.286 11.209    0.029 0.032 0.024 0.026 0.029  A 44730
   2711.68712 11.338 11.328 11.299 11.230 11.134    0.024 0.028 0.025 0.029 0.033  A 44965
   2713.65334 11.304 11.360 11.250 11.207 11.159    0.033 0.031 0.030 0.035 0.041  A 45325
   2715.66299 11.256 11.243 11.212 11.166 11.133    0.034 0.034 0.032 0.039 0.045  A 45704
   2719.58125 11.239 11.215 11.214 11.155 11.088    0.022 0.025 0.022 0.026 0.029  A 46074
   2721.60212 11.202 11.243 11.168 11.101 11.043    0.026 0.040 0.025 0.030 0.033  A 46468
   2723.60247 11.230 11.272 11.198 11.129 11.060    0.022 0.034 0.022 0.026 0.029  A 46857
   2725.59907 11.368 11.324 11.357 11.284 11.206    0.023 0.028 0.023 0.026 0.029  A 47247
   2727.59260 11.248 11.227 11.227 11.159 11.084    0.026 0.039 0.025 0.029 0.032  A 47634
   2729.59037 11.393 11.424 11.338 11.261 11.173    0.025 0.033 0.025 0.030 0.034  A 48041
   2733.57845 11.316 11.391 11.271 11.188 11.124    0.026 0.035 0.024 0.029 0.031  A 48595
   2735.57384 11.342 11.301 11.307 11.240 11.164    0.023 0.035 0.022 0.026 0.028  A 48999
   2737.56554 11.236 11.204 11.211 11.134 11.048    0.026 0.041 0.026 0.031 0.034  A 49392
   2741.55839 11.282 11.315 11.258 11.215 11.152    0.027 0.038 0.025 0.029 0.033  A 50118
   2743.57755 11.280 11.248 11.227 11.177 11.117    0.042 0.042 0.032 0.036 0.041  A 50528
   2745.58512 11.205 11.218 11.193 11.167 11.082    0.035 0.034 0.037 0.046 0.053  A 50908
   2751.52190 11.300 11.355 11.283 11.232 11.155    0.027 0.029 0.024 0.027 0.029  A 51780
   2754.52247 11.294 11.294 11.254 11.197 11.119    0.033 0.039 0.024 0.029 0.033  A 52195
   2756.52412 11.275 11.349 11.242 11.149 11.096    0.037 0.041 0.033 0.039 0.044  A 52608
   2758.51723 11.127 11.145 11.041 10.913 10.781    0.056 0.054 0.059 0.071 0.082  D 53028
   2760.53711 11.219 11.325 11.244 11.212 11.126    0.032 0.034 0.024 0.027 0.030  A 53383
   2764.52037 11.273 11.232 11.250 11.170 11.085    0.027 0.035 0.024 0.027 0.029  A 54197
   2776.52993 11.271 11.338 11.223 11.129 11.012    0.029 0.033 0.031 0.037 0.042  A 55263
   2786.47520 29.999 29.999 29.999 29.999 29.999    0.042 0.033 0.027 0.030 0.032  C 56500
   2862.92785 11.238 11.270 99.999 99.999 99.999    0.043 0.041 0.041 0.048 0.055  C 67290
   2885.89062 11.261 11.268 11.217 11.179 11.097    0.031 0.029 0.026 0.030 0.033  A 70137
   2893.89843 11.255 11.262 11.210 11.157 11.093    0.040 0.036 0.036 0.043 0.050  A 70988
   2896.88858 11.310 11.318 11.236 11.172 11.094    0.028 0.027 0.028 0.034 0.039  A 71580
   2906.87051 11.255 11.247 11.207 11.162 11.103    0.026 0.025 0.023 0.026 0.029  A 73264
   2910.86941 11.196 11.228 11.160 11.118 11.052    0.040 0.029 0.027 0.029 0.032  A 73824
   2912.86775 11.439 11.407 11.377 11.297 11.201    0.026 0.024 0.022 0.025 0.028  A 74198
   2916.82416 11.325 11.348 11.259 11.217 11.170    0.032 0.028 0.025 0.029 0.031  A 74657
   2922.81123 11.269 11.264 11.228 11.171 11.097    0.042 0.036 0.037 0.045 0.050  A 75344
   2924.86435 11.308 11.355 11.281 11.216 11.164    0.025 0.028 0.023 0.027 0.031  A 75725
   2927.82834 11.235 11.312 11.186 11.140 11.109    0.035 0.029 0.029 0.032 0.037  A 76086
   2930.84310 11.320 11.326 11.251 11.181 11.091    0.025 0.027 0.023 0.026 0.029  A 76626
   2940.77305 11.261 11.317 11.227 11.137 11.077    0.041 0.031 0.035 0.044 0.046  A 78061
   2942.81942 11.277 11.313 11.244 11.185 11.154    0.038 0.034 0.036 0.044 0.047  A 78278
   2944.80882 11.278 11.305 11.249 11.172 11.168    0.059 0.045 0.057 0.071 0.081  D 78600
   2947.79150 11.281 11.324 11.248 11.170 11.133    0.049 0.051 0.045 0.053 0.055  A 79071
   2951.77918 11.206 11.254 11.195 11.154 11.077    0.026 0.026 0.026 0.031 0.035  A 79620
   2954.83924 11.284 11.230 11.241 11.191 11.142    0.042 0.058 0.045 0.053 0.062  A 80022
   2957.80636 11.393 11.397 11.354 11.283 11.220    0.030 0.030 0.031 0.038 0.043  A 80443
   2964.78682 11.303 11.351 11.263 11.204 11.130    0.025 0.027 0.026 0.031 0.034  A 81405
   2967.77669 11.294 11.410 11.286 11.240 11.220    0.028 0.029 0.027 0.032 0.036  A 81823
   2975.74921 11.314 11.331 11.315 11.283 11.226    0.024 0.024 0.023 0.027 0.030  A 82760
   2977.74210 11.421 11.513 11.369 11.275 11.173    0.038 0.036 0.040 0.049 0.058  A 83028
   2979.76296 11.254 11.253 11.233 11.195 11.130    0.026 0.036 0.026 0.031 0.035  A 83303
   2981.78201 11.279 11.294 11.201 11.138 11.085    0.037 0.032 0.034 0.040 0.046  A 83568
   2984.73330 11.298 11.344 11.282 11.227 11.164    0.027 0.026 0.025 0.029 0.033  A 83942
   2986.79736 11.209 11.246 11.166 11.122 11.049    0.033 0.028 0.027 0.031 0.035  A 84231
   2989.72646 11.299 11.325 11.247 11.185 11.114    0.024 0.026 0.023 0.028 0.031  A 84556
   2991.77118 11.223 11.220 11.177 11.127 11.069    0.031 0.028 0.026 0.029 0.034  A 84832
   2994.70828 11.267 11.238 11.218 11.162 11.111    0.034 0.031 0.029 0.033 0.036  A 85209
   2996.76016 11.377 11.392 11.320 11.250 11.176    0.027 0.030 0.023 0.027 0.031  A 85492
   2998.76256 11.350 11.314 11.292 11.231 11.134    0.035 0.036 0.032 0.038 0.041  A 85768
   3001.74963 11.227 11.230 11.190 11.146 11.076    0.029 0.026 0.024 0.029 0.032  A 86030
   3005.80318 11.342 11.376 11.289 11.211 11.146    0.025 0.032 0.026 0.031 0.035  A 86523
   3007.73380 11.182 11.162 11.102 11.016 10.939    0.029 0.029 0.029 0.035 0.040  A 86759
   3011.79603 11.320 11.313 11.270 11.204 11.129    0.031 0.030 0.033 0.039 0.044  A 87307
   3015.66697 11.348 11.354 11.309 11.240 11.172    0.035 0.034 0.039 0.049 0.057  A 87631
   3017.69455 11.309 11.379 11.287 11.220 11.167    0.028 0.028 0.025 0.030 0.033  A 87896
   3019.69540 11.242 11.310 11.208 11.168 11.129    0.030 0.028 0.026 0.029 0.033  A 88162
   3029.67385 11.229 11.204 11.181 11.111 11.044    0.032 0.028 0.028 0.033 0.038  A 88645
   3035.75771 29.999 29.999 29.999 29.999 29.999    0.026 0.034 0.026 0.031 0.034  C 89292
   3043.64982 11.313 11.364 11.318 11.275 11.229    0.035 0.034 0.034 0.040 0.046  A 89931
   3045.67846 11.335 11.393 11.301 11.215 11.125    0.025 0.029 0.026 0.031 0.035  A 90208
   3055.70799 11.380 11.305 11.352 11.319 11.233    0.026 0.032 0.025 0.030 0.035  A 91569
   3057.74221 11.313 11.351 11.296 11.222 11.165    0.036 0.033 0.041 0.046 0.051  A 91855
   3064.64939 11.255 11.319 11.200 11.175 11.148    0.037 0.037 0.042 0.052 0.058  A 92751
   3067.67302 11.329 11.291 11.294 11.243 11.157    0.025 0.027 0.026 0.032 0.036  A 93058
   3078.64746 11.215 11.253 11.185 11.129 11.055    0.028 0.028 0.030 0.037 0.041  A 94573
   3086.67575 29.999 29.999 29.999 29.999 29.999    0.035 0.034 0.037 0.041 0.046  C 95466
   3088.67884 29.999 29.999 29.999 29.999 29.999    0.037 0.037 0.037 0.041 0.047  C 95779
   3276.86229 11.217 11.178 11.164 11.098 11.026    0.046 0.053 0.051 0.062 0.073  B 116638
   3296.82637 11.292 11.332 11.251 11.174 11.095    0.034 0.038 0.029 0.033 0.037  A 118729
   3333.79558 11.253 11.234 11.200 11.145 11.071    0.030 0.034 0.031 0.038 0.043  A 121836
   3356.71851 11.202 11.227 11.184 11.105 11.035    0.037 0.051 0.033 0.037 0.042  A 124498
   3362.70914 11.311 11.346 11.262 11.150 11.038    0.039 0.058 0.039 0.044 0.049  A 124858
   3365.77158 11.396 11.507 11.331 11.247 11.126    0.052 0.089 0.047 0.053 0.059  B 125096
   3374.73539 11.410 11.485 11.344 11.242 11.174    0.049 0.069 0.046 0.051 0.056  A 125423
   3385.64501 11.363 11.341 11.353 11.304 11.228    0.048 0.084 0.044 0.050 0.055  B 126037
   3387.69864 11.293 11.223 11.233 11.150 11.067    0.050 0.088 0.043 0.047 0.052  B 126338
   3389.73850 11.416 11.423 11.364 11.257 11.191    0.039 0.059 0.036 0.041 0.045  A 126615
   3391.79853 11.278 11.276 11.252 11.177 11.092    0.040 0.054 0.038 0.042 0.047  A 126886
   3394.81296 11.387 11.404 11.338 11.254 11.168    0.040 0.053 0.038 0.043 0.046  A 127197
   3397.62608 11.148 11.147 11.110 11.047 10.961    0.035 0.053 0.034 0.039 0.043  A 127497
   3399.69314 11.293 11.308 11.240 11.164 11.075    0.047 0.082 0.042 0.047 0.052  B 127779
   3404.70824 11.354 11.371 11.313 11.226 11.126    0.032 0.046 0.029 0.032 0.035  A 128432
   3406.75041 11.308 11.328 11.263 11.177 11.103    0.034 0.047 0.033 0.039 0.043  A 128759
   3408.81069 11.296 11.286 11.265 11.198 11.105    0.033 0.037 0.036 0.042 0.049  A 129089
   3411.62062 11.301 11.305 11.245 11.176 11.086    0.038 0.071 0.034 0.038 0.043  A 129474
   3413.66592 11.297 11.264 11.256 11.188 11.129    0.033 0.046 0.031 0.035 0.040  A 129789
   3417.66979 11.380 11.401 11.339 11.244 11.182    0.035 0.049 0.034 0.038 0.042  A 130430
   3419.65830 11.292 11.315 11.236 11.160 11.069    0.036 0.063 0.033 0.037 0.041  A 130744
   3421.67821 11.301 11.413 11.222 11.121 11.031    0.045 0.071 0.044 0.050 0.055  A 131059
   3423.66602 11.427 11.395 11.400 11.306 11.256    0.043 0.063 0.045 0.054 0.060  A 131385
   3425.69261 11.478 11.452 11.461 11.407 11.332    0.041 0.063 0.040 0.047 0.052  A 131694
   3427.72383 11.269 11.247 11.235 11.173 11.098    0.043 0.052 0.043 0.050 0.056  A 132022
   3431.67409 11.281 11.279 11.227 11.157 11.067    0.033 0.047 0.034 0.040 0.045  A 132372
   3433.69672 11.354 11.368 11.329 11.277 11.187    0.036 0.044 0.036 0.042 0.048  A 132703
   3436.68489 11.305 11.299 11.251 11.178 11.103    0.032 0.036 0.035 0.042 0.048  A 133003
   3439.67596 11.309 11.325 11.248 11.163 11.079    0.028 0.036 0.027 0.031 0.035  A 133341
   3443.52840 11.420 11.374 11.383 11.305 11.198    0.036 0.068 0.032 0.036 0.039  A 133706
   3445.56035 11.273 11.286 11.217 11.127 11.057    0.048 0.085 0.041 0.043 0.045  B 134073
   3447.57428 11.391 11.355 11.345 11.265 11.164    0.032 0.046 0.031 0.034 0.037  A 134715
   3449.59760 11.360 11.430 11.308 11.214 11.142    0.043 0.065 0.041 0.047 0.053  A 135052
   3452.52241 11.352 11.341 11.294 11.209 11.139    0.046 0.078 0.042 0.047 0.051  A 135447
   3454.58361 11.283 11.298 11.262 11.206 11.129    0.036 0.052 0.036 0.042 0.048  A 135805
   3456.58037 11.232 11.184 11.191 11.095 11.006    0.029 0.049 0.031 0.037 0.041  A 136156
   3458.56884 11.385 11.401 11.362 11.300 11.208    0.028 0.035 0.029 0.034 0.039  A 136507
   3460.57367 11.356 11.396 11.311 11.232 11.133    0.029 0.041 0.028 0.032 0.036  A 136875
   3462.58033 11.323 11.288 11.289 11.213 11.143    0.037 0.045 0.037 0.042 0.046  A 137149
   3464.61471 11.339 11.349 11.314 11.251 11.153    0.027 0.033 0.027 0.031 0.035  A 137484
   3466.62955 11.273 11.295 11.238 11.166 11.087    0.030 0.046 0.030 0.034 0.038  A 137826
   3469.62163 11.244 11.247 11.203 11.134 11.074    0.030 0.035 0.028 0.033 0.037  A 138244
   3471.63109 11.267 11.283 11.228 11.168 11.078    0.031 0.039 0.031 0.036 0.040  A 138571
   3473.62551 11.352 11.364 11.315 11.233 11.118    0.049 0.065 0.050 0.057 0.064  A 138874
   3476.53976 11.322 11.357 11.297 11.220 11.119    0.044 0.078 0.040 0.046 0.050  A 139343
   3478.56366 11.307 11.367 11.265 11.167 11.086    0.033 0.059 0.032 0.038 0.042  A 139696
   3480.58579 11.315 11.303 11.289 11.208 11.105    0.039 0.064 0.036 0.041 0.045  A 139985
   3490.54433 11.390 11.328 11.344 11.237 11.133    0.059 0.095 0.057 0.065 0.071  B 141105
   3492.55237 11.389 11.302 11.362 11.292 11.221    0.061 0.102 0.059 0.065 0.070  B 141448
   3497.55106 11.269 11.322 11.238 11.174 11.109    0.046 0.065 0.048 0.058 0.067  A 141885
   3500.53181 11.303 11.342 11.264 11.178 11.078    0.034 0.040 0.036 0.043 0.047  A 142237
   3503.48726 11.363 11.401 11.322 11.277 11.190    0.056 0.096 0.054 0.060 0.065  B 142758
   3512.47475 11.359 11.353 11.304 11.208 11.124    0.030 0.034 0.030 0.036 0.041  A 143805
   3520.48602 11.341 11.344 11.294 11.220 11.134    0.046 0.077 0.042 0.047 0.053  A 144620
   3523.46776 11.292 11.268 11.233 11.155 11.079    0.037 0.051 0.039 0.045 0.048  A 145137
   3526.47324 11.298 11.316 11.274 11.217 11.123    0.037 0.039 0.038 0.043 0.050  A 145624
   3529.46958 11.199 11.271 11.144 11.074 10.989    0.035 0.049 0.034 0.037 0.040  A 146138
   3622.90447 11.309 11.345 11.266 11.195 11.097    0.031 0.035 0.029 0.034 0.038  A 157995
   3630.87698 11.294 11.318 11.249 11.181 11.125    0.034 0.037 0.034 0.041 0.047  A 158871
   3640.86492 11.307 11.359 11.248 11.158 11.105    0.034 0.049 0.031 0.036 0.040  A 160093
   3644.86614 11.294 11.270 11.265 11.185 11.122    0.034 0.043 0.035 0.041 0.046  A 160686
   3648.87850 11.324 11.363 11.306 11.249 11.172    0.041 0.045 0.044 0.051 0.059  A 161108
   3652.85322 11.342 11.338 11.293 11.213 11.139    0.035 0.043 0.035 0.041 0.046  A 161678
   3659.86533 11.299 11.281 11.245 11.164 11.110    0.031 0.036 0.031 0.037 0.042  A 162706
   3663.82587 11.316 11.287 11.260 11.170 11.088    0.038 0.059 0.037 0.044 0.050  A 163276
   3666.86590 11.191 11.156 11.142 11.064 11.020    0.037 0.044 0.040 0.048 0.054  A 163731
   3670.81076 11.340 11.371 11.305 11.240 11.171    0.033 0.039 0.030 0.035 0.040  A 164171
   3673.84244 11.326 11.328 11.291 11.213 11.138    0.034 0.051 0.031 0.035 0.039  A 164614
   3677.80940 11.311 11.293 11.269 11.184 11.092    0.034 0.049 0.033 0.038 0.044  A 165173
   3703.77690 11.249 11.271 11.199 11.121 11.048    0.028 0.033 0.027 0.032 0.035  A 168475
   3706.75774 11.287 11.291 11.233 11.159 11.092    0.046 0.078 0.043 0.049 0.053  A 168881
   3711.85218 11.274 11.251 11.232 11.164 11.104    0.033 0.045 0.031 0.036 0.040  A 169337
   3714.73554 11.346 11.311 11.319 11.239 11.132    0.028 0.036 0.029 0.035 0.038  A 169727
   3717.73372 11.378 11.358 11.317 11.246 11.175    0.037 0.048 0.036 0.042 0.046  A 170112
   3719.79331 11.285 11.341 11.239 11.169 11.082    0.037 0.050 0.037 0.043 0.048  A 170352
   3722.71685 11.218 11.226 11.168 11.079 11.010    0.044 0.067 0.042 0.048 0.054  A 170721
   3725.76208 11.256 11.293 11.198 11.124 11.066    0.038 0.054 0.036 0.042 0.048  A 171044
   3728.70562 11.233 11.228 11.200 11.137 11.087    0.039 0.063 0.038 0.043 0.047  A 171435
   3731.84543 11.421 11.476 11.363 11.281 11.208    0.038 0.044 0.038 0.044 0.048  A 171754
   3734.74518 11.314 11.326 11.266 11.180 11.101    0.043 0.058 0.046 0.055 0.064  A 172108
   3737.71229 11.334 11.376 11.267 11.183 11.111    0.032 0.045 0.029 0.033 0.037  A 172513
   3739.79323 11.340 11.400 99.999 99.999 99.999    0.041 0.072 0.036 0.041 0.044  C 172820
   3742.67837 11.251 11.248 11.210 11.142 11.076    0.045 0.078 0.038 0.041 0.045  A 173157
   3744.76025 11.270 11.313 11.239 11.182 11.143    0.040 0.057 0.038 0.044 0.049  A 173455
   3747.66587 11.390 11.416 11.333 11.257 11.171    0.033 0.039 0.036 0.043 0.048  A 173822
   3749.77232 11.337 11.364 11.297 11.213 11.092    0.045 0.070 0.045 0.053 0.059  A 174141
   3752.72277 11.336 11.341 11.282 11.214 11.165    0.037 0.047 0.037 0.042 0.048  A 174545
   3754.84896 11.350 11.367 11.316 11.231 11.121    0.045 0.067 0.044 0.052 0.058  A 174851
   3757.63065 11.276 11.277 11.199 11.115 11.041    0.033 0.046 0.031 0.036 0.041  A 175198
   3759.69865 11.219 11.237 11.174 11.095 11.008    0.044 0.065 0.044 0.049 0.053  A 175502
   3761.83373 11.268 11.273 11.224 11.159 11.082    0.043 0.062 0.045 0.055 0.060  A 175800
   3764.66416 11.246 11.293 11.192 11.140 11.055    0.046 0.063 0.044 0.048 0.050  A 176160
   3767.63924 11.268 11.263 11.223 11.140 11.051    0.042 0.067 0.041 0.046 0.052  A 176571
   3769.73776 11.287 11.302 11.255 11.187 11.147    0.037 0.054 0.037 0.042 0.046  A 176861
   3772.59873 11.358 11.386 11.314 11.231 11.156    0.028 0.033 0.029 0.035 0.039  A 177206
   3774.69316 11.261 11.265 11.237 11.176 11.083    0.050 0.075 0.048 0.057 0.064  A 177523
   3776.74266 11.582 11.608 99.999 99.999 99.999    0.047 0.073 0.045 0.051 0.058  C 177828
   3778.72002 11.300 11.224 11.274 11.191 11.109    0.052 0.085 0.048 0.055 0.061  B 178130
   3780.75700 11.301 11.227 11.275 11.200 11.095    0.044 0.074 0.043 0.050 0.057  A 178414
   3788.66149 11.238 11.185 11.201 11.134 11.057    0.046 0.078 0.043 0.048 0.051  A 178984
   3790.73332 11.322 11.328 11.276 11.182 11.090    0.031 0.036 0.034 0.041 0.048  A 179279
   3793.62748 11.328 11.394 11.309 11.234 11.147    0.050 0.079 0.046 0.050 0.054  B 179688
   3795.68881 11.245 11.214 11.204 11.120 11.045    0.038 0.067 0.035 0.040 0.044  A 179995
   3797.68021 11.405 11.410 11.359 11.282 11.198    0.030 0.035 0.031 0.037 0.042  A 180272
   3799.72472 11.276 11.258 11.253 11.192 11.118    0.034 0.039 0.035 0.040 0.044  A 180566
   3802.59056 11.218 11.419 11.095 10.996 10.921    0.051 0.081 0.049 0.055 0.061  B 180878
   3804.65831 11.335 11.303 11.303 11.221 11.134    0.042 0.067 0.042 0.051 0.058  A 181175
   3806.66045 11.231 11.303 11.186 11.115 11.045    0.039 0.057 0.039 0.046 0.052  A 181475
   3809.66915 11.272 11.332 11.233 11.159 11.062    0.042 0.061 0.045 0.055 0.062  A 181833
   3811.67640 11.281 11.315 11.230 11.159 11.052    0.039 0.046 0.040 0.048 0.056  A 182150
   3813.69489 11.286 11.295 11.234 11.139 11.035    0.043 0.066 0.045 0.054 0.062  A 182476
   3816.57097 11.338 11.408 11.282 11.199 11.129    0.049 0.083 0.043 0.048 0.051  B 182909
   3818.60551 11.318 11.286 11.281 11.216 11.129    0.037 0.054 0.033 0.038 0.043  A 183243
   3820.61875 11.182 11.241 11.117 11.029 10.971    0.037 0.054 0.037 0.042 0.047  A 183571
   3822.67649 11.428 11.481 11.365 11.275 11.183    0.041 0.057 0.042 0.049 0.056  A 183911
   3825.53337 11.206 11.202 11.159 11.074 10.978    0.045 0.067 0.046 0.056 0.065  A 184363
   3827.54854 11.214 11.226 11.178 11.128 11.042    0.048 0.082 0.043 0.047 0.050  B 184711
   3829.57728 11.255 11.237 11.228 11.161 11.076    0.050 0.087 0.045 0.049 0.052  B 185056
   3831.57865 11.327 11.295 11.323 11.269 11.172    0.043 0.074 0.040 0.045 0.049  A 185398
   3833.58688 11.360 11.402 11.345 11.283 11.209    0.042 0.060 0.041 0.050 0.056  A 185753
   3835.59918 11.395 11.359 11.375 11.354 11.284    0.040 0.042 0.044 0.054 0.062  A 186109
   3837.63691 11.361 11.342 11.356 11.290 11.187    0.039 0.046 0.043 0.052 0.061  A 186452
   3849.52783 11.343 11.337 11.307 11.230 11.146    0.041 0.067 0.039 0.043 0.046  A 187055
   3851.54666 11.218 11.219 11.178 11.102 11.027    0.028 0.037 0.029 0.035 0.039  A 187406
   3853.55912 11.230 11.255 11.189 11.127 11.060    0.030 0.031 0.027 0.033 0.037  A 187759
   3855.57175 11.390 11.407 11.354 11.287 11.192    0.038 0.041 0.039 0.046 0.052  A 188078
   3858.53530 11.251 11.249 11.219 11.155 11.076    0.042 0.068 0.040 0.044 0.047  A 188493
   3860.55850 11.234 11.216 11.187 11.107 11.032    0.031 0.039 0.030 0.035 0.039  A 188810
   3862.54663 99.999 99.999 99.999 99.999 99.999    0.029 0.034 0.029 0.034 0.038  C 189170
   3865.48695 11.355 11.362 11.279 11.168 11.087    0.041 0.053 0.039 0.044 0.048  A 189658
   3867.54339 11.246 11.280 11.177 11.099 11.039    0.043 0.060 0.047 0.056 0.063  A 189994
   3870.47938 11.219 11.232 11.174 11.095 10.999    0.031 0.040 0.032 0.038 0.042  A 190501
   3872.50473 11.304 11.251 11.248 11.158 11.085    0.039 0.071 0.035 0.039 0.042  A 190884
   3876.51793 11.282 11.326 11.214 11.136 11.071    0.049 0.065 0.049 0.055 0.062  A 191300
   3880.49128 11.325 11.333 11.272 11.201 11.124    0.035 0.045 0.038 0.044 0.049  A 191760
   3883.48074 11.354 11.412 11.301 11.223 11.169    0.038 0.056 0.036 0.041 0.045  A 192209
   3887.48333 11.329 11.319 11.273 11.192 11.105    0.042 0.050 0.045 0.054 0.060  A 192605
   3890.48075 11.367 11.365 11.326 11.260 11.186    0.031 0.041 0.030 0.036 0.040  A 193125
   3893.47010 11.352 11.389 11.281 11.195 11.095    0.038 0.046 0.039 0.047 0.054  A 193659
   3898.46460 11.247 11.225 11.200 11.110 11.050    0.034 0.040 0.037 0.044 0.049  A 194301
   3902.44957 11.310 11.355 11.275 11.182 11.068    0.042 0.056 0.043 0.053 0.060  A 194973
   4091.70675 11.344 11.331 11.311 11.247 11.156    0.039 0.067 0.034 0.037 0.041  A 209406
   4105.66523 11.255 11.238 11.230 11.153 11.103    0.038 0.059 0.037 0.043 0.049  A 210829
   4107.70685 11.235 11.252 11.195 11.127 11.066    0.031 0.039 0.029 0.034 0.039  A 211125
   4111.78867 11.331 11.407 11.265 11.163 11.091    0.046 0.077 0.043 0.049 0.053  A 211437
   4125.74253 11.245 11.290 11.210 11.135 11.068    0.046 0.070 0.044 0.050 0.056  A 211572
   4127.70815 11.288 11.279 11.244 11.181 11.107    0.033 0.044 0.030 0.035 0.038  A 211823
   4129.69270 11.351 11.318 11.305 11.232 11.142    0.034 0.052 0.031 0.036 0.041  A 212082
   4131.73246 11.289 11.313 11.236 11.157 11.096    0.040 0.075 0.038 0.042 0.047  A 212349
   4133.75326 11.295 11.285 11.251 11.170 11.085    0.058 0.093 0.052 0.058 0.062  B 212624
   4135.77220 11.352 11.427 11.307 11.229 11.143    0.049 0.073 0.046 0.053 0.059  A 212898
   4137.76091 11.288 11.298 11.234 11.155 11.042    0.044 0.081 0.039 0.044 0.049  B 213172
   4146.68606 11.209 11.260 11.154 11.080 11.015    0.043 0.083 0.039 0.043 0.047  B 214429
   4149.77291 11.358 11.428 11.277 11.169 11.089    0.042 0.062 0.046 0.055 0.062  A 214704
   4152.54868 11.669 11.714 11.582 11.484 11.385    0.030 0.035 0.030 0.034 0.038  A 215086
   4154.59060 11.225 11.270 11.184 11.100 11.030    0.039 0.057 0.037 0.041 0.044  A 215400
   4156.62414 11.239 11.204 11.208 11.132 11.066    0.053 0.091 0.048 0.051 0.054  B 215709
   4158.64077 11.147 11.128 11.117 11.053 10.982    0.043 0.074 0.039 0.043 0.048  A 215992
   4160.67049 11.256 11.313 11.212 11.136 11.045    0.035 0.049 0.035 0.041 0.046  A 216314
   4162.67236 29.999 29.999 29.999 29.999 29.999    0.062 0.082 0.043 0.047 0.053  C 216638
   4164.69949 11.269 11.277 11.212 11.145 11.064    0.050 0.088 0.048 0.054 0.058  B 216924
   4167.63696 11.358 11.257 11.266 11.200 11.170    0.050 0.066 0.037 0.040 0.044  A 217314
   4172.67721 11.335 11.399 11.267 11.191 11.103    0.035 0.047 0.033 0.038 0.043  A 217925
   4174.69018 11.371 11.385 11.309 11.177 11.092    0.043 0.067 0.040 0.047 0.051  A 218247
   4180.59344 11.299 11.334 11.253 11.193 11.121    0.041 0.047 0.043 0.053 0.059  A 218972
   4182.62189 11.335 11.338 11.301 11.221 11.098    0.035 0.053 0.032 0.036 0.040  A 219255
   4184.61822 11.348 11.366 11.316 11.246 11.171    0.034 0.039 0.034 0.039 0.044  A 219545
   4190.66853 11.335 11.332 11.281 11.187 11.055    0.042 0.056 0.039 0.047 0.054  A 220248
   4193.51539 11.292 11.304 11.270 11.213 11.155    0.044 0.065 0.040 0.045 0.051  A 220691
   4196.57695 11.337 11.330 11.298 11.223 11.133    0.049 0.060 0.052 0.065 0.077  B 221025
   4198.57948 11.398 11.392 11.394 11.370 11.292    0.049 0.053 0.056 0.071 0.084  D 221301
   4201.57549 11.329 11.369 11.300 11.212 11.124    0.039 0.051 0.036 0.041 0.046  A 221582
   4204.57136 11.194 11.198 11.137 11.070 10.993    0.035 0.041 0.032 0.037 0.042  A 221926
   4216.55258 11.331 11.341 11.282 11.215 11.148    0.035 0.041 0.031 0.037 0.042  A 222837
   4228.49944 11.254 11.243 11.212 11.146 11.053    0.036 0.044 0.031 0.036 0.041  A 223295
   4230.51009 11.348 11.298 11.302 11.227 11.136    0.039 0.049 0.036 0.040 0.044  A 223643
   4232.52447 11.420 11.437 11.387 11.314 11.250    0.036 0.040 0.036 0.043 0.049  A 223992
   4234.52280 11.253 11.246 11.212 11.127 11.051    0.039 0.043 0.039 0.047 0.055  A 224362
   4236.52229 11.311 11.307 11.276 11.196 11.120    0.062 0.063 0.070 0.086 0.102  D 224718
   4256.47891 11.229 11.295 11.176 11.114 11.023    0.044 0.056 0.033 0.038 0.044  A 227197
   4341.91038 11.245 11.246 11.195 11.108 11.039    0.040 0.049 0.036 0.043 0.049  A 237019
   4345.91118 11.359 11.376 11.310 11.211 11.141    0.039 0.047 0.039 0.046 0.053  A 237698
   4349.90076 11.415 11.469 11.359 11.272 11.151    0.035 0.043 0.034 0.040 0.046  A 238383
   4355.88859 11.360 11.364 11.325 11.251 11.147    0.034 0.042 0.032 0.037 0.042  A 239262
   4362.89534 11.541 11.601 11.481 11.383 11.262    0.038 0.048 0.033 0.038 0.042  A 240260
   4366.86911 11.346 11.343 11.315 11.238 11.160    0.046 0.056 0.041 0.046 0.052  A 240767
   4376.85748 11.314 11.309 11.281 11.212 11.129    0.039 0.048 0.037 0.044 0.050  A 242199
   4380.82978 11.425 11.401 11.400 11.346 11.263    0.039 0.045 0.040 0.047 0.053  A 242786
   4384.82542 11.337 11.405 11.274 11.183 11.126    0.041 0.051 0.038 0.043 0.049  A 243395
   4387.84574 11.337 11.328 11.292 11.204 11.133    0.047 0.055 0.043 0.049 0.055  A 243880
   4402.84530 11.297 11.336 11.274 11.223 11.139    0.039 0.049 0.035 0.041 0.048  A 245184
   4406.84672 11.396 11.414 11.349 11.265 11.175    0.055 0.060 0.054 0.065 0.076  B 245498
   4409.82696 11.297 11.227 11.242 11.182 11.135    0.041 0.057 0.035 0.039 0.043  A 245923
   4413.82689 11.406 11.382 11.337 11.236 11.154    0.043 0.052 0.039 0.046 0.052  A 246312
   4421.79932 11.381 11.369 11.338 11.253 11.179    0.042 0.053 0.040 0.048 0.054  A 246595
   4424.84710 11.349 11.406 11.307 11.228 11.183    0.041 0.059 0.035 0.039 0.043  A 246850
   4427.83115 11.252 11.229 11.223 11.147 11.074    0.034 0.042 0.034 0.040 0.046  A 247118
   4430.77426 11.209 11.257 11.158 11.067 10.987    0.037 0.043 0.037 0.045 0.052  A 247456
   4433.76379 11.252 11.277 11.204 11.132 11.070    0.032 0.037 0.030 0.035 0.040  A 247835
   4436.76922 11.255 11.255 11.223 11.141 11.068    0.032 0.042 0.030 0.035 0.039  A 248199
   4439.75675 11.223 11.202 11.185 11.115 11.033    0.036 0.047 0.032 0.036 0.040  A 248567
   4460.69194 11.325 11.348 11.287 11.205 11.142    0.036 0.041 0.035 0.043 0.050  A 250923
   4462.76199 11.366 11.407 11.315 11.234 11.139    0.037 0.041 0.034 0.040 0.047  A 251217
   4465.68694 11.349 11.375 11.305 11.230 11.113    0.045 0.063 0.041 0.047 0.053  A 251542
   4467.79091 11.167 11.144 11.149 11.078 11.043    0.038 0.046 0.037 0.044 0.050  A 251803
   4470.68870 11.287 11.303 11.248 11.187 11.110    0.036 0.051 0.033 0.037 0.041  A 252114
   4473.73876 11.326 11.285 11.315 11.268 11.204    0.049 0.071 0.044 0.049 0.054  A 252398
   4476.73952 11.323 11.372 11.257 11.150 11.068    0.057 0.062 0.058 0.068 0.077  B 252676
   4479.64786 11.301 11.319 11.261 11.171 11.069    0.040 0.061 0.036 0.041 0.046  A 253019
   4482.68498 11.108 11.076 11.072 11.005 10.942    0.044 0.074 0.041 0.047 0.052  A 253331
   4485.67508 11.305 11.385 11.251 11.184 11.085    0.050 0.069 0.052 0.061 0.070  B 253602
   4487.71012 11.237 11.254 11.211 11.146 11.048    0.039 0.051 0.036 0.041 0.046  A 253848
   4489.75383 11.417 11.421 11.402 11.324 11.230    0.039 0.049 0.036 0.043 0.049  A 254102
   4492.61660 11.161 11.188 11.137 11.083 11.014    0.035 0.039 0.033 0.038 0.043  A 254391
   4494.65591 11.343 11.339 11.306 11.231 11.143    0.037 0.054 0.033 0.039 0.043  A 254652
   4497.77816 11.430 11.478 11.367 11.286 11.211    0.036 0.045 0.032 0.036 0.041  A 254802
   4500.58816 11.253 11.228 11.246 11.189 11.111    0.056 0.055 0.063 0.075 0.086  D 255133
   4505.60148 11.246 11.224 11.222 11.176 11.084    0.040 0.048 0.040 0.046 0.053  A 255838
   4507.65864 11.464 11.444 11.460 11.404 11.360    0.050 0.070 0.050 0.058 0.065  A 256147
   4509.73792 11.382 11.383 11.343 11.252 11.150    0.043 0.062 0.041 0.048 0.054  A 256454
   4512.58972 11.247 11.287 11.219 11.159 11.065    0.050 0.071 0.048 0.057 0.064  A 256811
   4515.70464 11.343 11.352 11.297 11.242 11.143    0.042 0.048 0.044 0.053 0.061  A 257036
   4517.75911 11.295 11.245 11.261 11.186 11.068    0.047 0.063 0.046 0.054 0.061  A 257303
   4520.58773 11.310 11.319 11.267 11.193 11.125    0.042 0.064 0.036 0.041 0.045  A 257689
   4522.60163 11.366 11.390 11.324 11.233 11.103    0.047 0.062 0.044 0.051 0.058  A 257986
   4524.60570 11.340 11.361 11.292 11.211 11.140    0.036 0.046 0.033 0.038 0.041  A 258280
   4526.64205 11.266 11.292 11.250 11.189 11.122    0.046 0.058 0.046 0.053 0.060  A 258580
   4528.70075 11.444 11.410 11.393 11.302 11.209    0.045 0.053 0.046 0.053 0.059  A 258903
   4531.59793 11.336 11.349 11.277 11.174 11.094    0.037 0.043 0.035 0.041 0.046  A 259317
   4536.70957 11.355 11.367 11.299 11.191 11.102    0.034 0.039 0.031 0.036 0.040  A 259955
   4539.54513 11.349 11.323 11.312 11.240 11.140    0.052 0.070 0.053 0.064 0.075  B 260340
   4541.58664 11.296 11.281 11.231 11.148 11.066    0.034 0.039 0.031 0.036 0.042  A 260653
   4543.60648 11.314 11.306 11.288 11.226 11.140    0.037 0.044 0.039 0.046 0.053  A 260972
   4547.63897 11.314 11.296 11.277 11.205 11.162    0.049 0.060 0.048 0.058 0.067  A 261606
   4554.67154 11.304 11.321 11.256 11.167 11.092    0.044 0.052 0.044 0.051 0.059  A 262551
   4559.53544 11.283 11.275 11.257 11.178 11.091    0.037 0.045 0.036 0.042 0.048  A 263323
   4561.59590 11.440 11.497 11.361 11.271 11.211    0.042 0.053 0.039 0.045 0.051  A 263682
   4563.61435 11.413 11.360 11.396 11.304 11.215    0.046 0.058 0.043 0.049 0.055  A 264017
   4565.62708 11.353 11.398 11.323 11.251 11.160    0.041 0.059 0.038 0.043 0.048  A 264359
   4568.53692 11.367 11.347 11.335 11.247 11.152    0.034 0.048 0.030 0.036 0.041  A 264806
   4570.54573 11.360 11.379 11.314 11.226 11.132    0.032 0.035 0.029 0.035 0.039  A 265137
   4572.57303 11.481 11.488 11.418 11.330 11.230    0.038 0.041 0.038 0.045 0.052  A 265490
   4574.59724 11.191 11.217 11.162 11.126 11.063    0.038 0.041 0.039 0.048 0.055  A 265824
