#ndata= 2
#dataset= 1 ; 1 F0720-40_133
#desig= 071842-3229.0
#cra=    7.311639  07:18:41.9
#cdec= -32.483619 -32:29:01.0
#class= 0
#cmag_0= 10.699
#cmer_0=  0.301
#nskip_0= 0
#cmag_1= 10.676
#cmer_1=  0.280
#nskip_1= 0
#cmag_2= 10.668
#cmer_2=  0.288
#nskip_2= 0
#cmag_3= 10.624
#cmer_3=  0.268
#nskip_3= 0
#cmag_4= 10.617
#cmer_4=  0.269
#nskip_4= 0
#ra=    7.311639  07:18:41.9
#dec= -32.483619 -32:29:01.0
#     HJD      MAG_2  MAG_0  MAG_1  MAG_3  MAG_4    MER_2 MER_0 MER_1 MER_3 MER_4 GRADE FRAME
   2140.91528 10.871 10.911 10.874 10.813 10.807    0.041 0.068 0.044 0.045 0.049  A 30306
   3372.75761 10.466 10.488 10.480 10.436 10.429    0.045 0.080 0.053 0.050 0.056  B 125322
#ndata= 1
#dataset= 2 ; 1 F0636-32_169
#desig= 071842-3229.0
#cra=    7.311672  07:18:42.0
#cdec= -32.483866 -32:29:01.9
#class= 0
#cmag_0= 10.878
#cmer_0=  0.000
#nskip_0= 0
#cmag_1= 10.877
#cmer_1=  0.000
#nskip_1= 0
#cmag_2= 10.861
#cmer_2=  0.000
#nskip_2= 0
#cmag_3= 10.815
#cmer_3=  0.000
#nskip_3= 0
#cmag_4= 10.832
#cmer_4=  0.000
#nskip_4= 0
#ra=    7.311672  07:18:42.0
#dec= -32.483866 -32:29:01.9
#     HJD      MAG_2  MAG_0  MAG_1  MAG_3  MAG_4    MER_2 MER_0 MER_1 MER_3 MER_4 GRADE FRAME
   3116.55318 10.861 10.878 10.878 10.815 10.833    0.032 0.035 0.033 0.039 0.044  A 99790
#ndata= 554
#dataset= 3 ; 1 F0712-32_170
#desig= 071843-3228.9
#cra=    7.312051  07:18:43.4
#cdec= -32.481176 -32:28:52.2
#class= 0
#cmag_0= 10.687
#cmer_0=  0.033
#nskip_0= 0
#cmag_1= 10.677
#cmer_1=  0.032
#nskip_1= 0
#cmag_2= 10.702
#cmer_2=  0.032
#nskip_2= 0
#cmag_3= 10.726
#cmer_3=  0.033
#nskip_3= 0
#cmag_4= 10.687
#cmer_4=  0.032
#nskip_4= 0
#ra=    7.312051  07:18:43.4
#dec= -32.481176 -32:28:52.2
#     HJD      MAG_2  MAG_0  MAG_1  MAG_3  MAG_4    MER_2 MER_0 MER_1 MER_3 MER_4 GRADE FRAME
   2247.74780 10.712 10.721 10.684 10.735 10.695    0.054 0.083 0.065 0.058 0.058  B 42380
   2248.76710 10.692 10.654 10.654 10.717 10.679    0.054 0.085 0.065 0.058 0.058  B 42554
   2252.73352 10.762 10.765 10.755 10.773 10.760    0.050 0.076 0.061 0.052 0.051  B 43221
   2254.72238 10.679 10.639 10.670 10.668 10.666    0.047 0.076 0.059 0.051 0.052  B 43506
   2971.75971 29.999 29.999 29.999 29.999 29.999    0.022 0.029 0.023 0.026 0.029  C 82294
   3459.63213 29.999 29.999 29.999 29.999 29.999    0.027 0.046 0.029 0.032 0.035  C 136713
   3759.68539 29.999 29.999 29.999 29.999 29.999    0.038 0.051 0.037 0.044 0.051  C 175498
   3799.63981 29.999 29.999 29.999 29.999 29.999    0.037 0.063 0.039 0.042 0.046  C 180538
#dataset= 3 ; 2 F0712-32_170
#desig= 071842-3229.0
#cra=    7.311649  07:18:41.9
#cdec= -32.483230 -32:28:59.6
#class= 0
#cmag_0= 10.742
#cmer_0=  0.256
#nskip_0= 7
#cmag_1= 10.741
#cmer_1=  0.251
#nskip_1= 9
#cmag_2= 10.731
#cmer_2=  0.246
#nskip_2= 7
#cmag_3= 10.713
#cmer_3=  0.244
#nskip_3= 8
#cmag_4= 10.691
#cmer_4=  0.238
#nskip_4= 7
#ra=    7.311649  07:18:41.9
#dec= -32.483230 -32:28:59.6
#     HJD      MAG_2  MAG_0  MAG_1  MAG_3  MAG_4    MER_2 MER_0 MER_1 MER_3 MER_4 GRADE FRAME
   1869.76642 10.404 10.358 10.413 10.385 10.372    0.025 0.052 0.027 0.029 0.032  A 299
   1870.82125 10.421 10.423 10.424 10.419 10.388    0.024 0.047 0.024 0.028 0.032  A 470
   1872.82168 10.439 10.452 10.434 10.433 10.400    0.025 0.047 0.026 0.029 0.032  A 761
   1873.80241 10.419 10.384 10.420 10.411 10.388    0.024 0.047 0.025 0.028 0.032  A 915
   1874.82169 10.437 10.408 10.433 10.432 10.404    0.026 0.053 0.027 0.031 0.035  A 1085
   1875.77703 10.436 10.384 10.453 10.414 10.414    0.024 0.055 0.027 0.029 0.032  A 1226
   1876.79246 10.444 10.439 10.447 10.437 10.407    0.022 0.037 0.023 0.026 0.030  A 1394
   1877.77541 10.471 10.451 10.477 10.457 10.424    0.022 0.034 0.024 0.026 0.028  A 1544
   1878.79834 10.473 10.483 10.478 10.454 10.431    0.023 0.037 0.026 0.026 0.030  A 1714
   1879.76947 10.483 10.461 10.493 10.459 10.449    0.022 0.038 0.024 0.026 0.029  A 1857
   1880.77253 10.502 10.490 10.514 10.500 10.474    0.028 0.050 0.032 0.031 0.036  A 2013
   1881.75079 10.481 10.496 10.484 10.462 10.437    0.023 0.037 0.024 0.027 0.031  A 2163
   1884.73030 10.501 10.498 10.512 10.478 10.462    0.022 0.031 0.023 0.027 0.030  A 2302
   1885.73343 10.529 10.514 10.517 10.505 10.498    0.024 0.033 0.027 0.027 0.031  A 2464
   1886.74033 10.556 10.549 10.564 10.521 10.508    0.022 0.030 0.023 0.026 0.029  A 2627
   1887.73301 10.560 10.563 10.575 10.536 10.518    0.024 0.040 0.025 0.029 0.032  A 2783
   1888.72798 10.572 10.590 10.588 10.529 10.522    0.027 0.047 0.026 0.031 0.035  A 2941
   1889.73361 10.634 10.657 10.656 10.601 10.592    0.029 0.040 0.029 0.034 0.039  A 3105
   1899.70162 10.690 10.689 10.685 10.684 10.653    0.022 0.031 0.025 0.026 0.030  A 3221
   1900.71092 10.687 10.688 10.703 10.663 10.658    0.021 0.031 0.024 0.025 0.029  A 3382
   1902.69309 10.677 10.687 10.675 10.648 10.642    0.021 0.033 0.024 0.025 0.029  A 3532
   1904.68815 10.669 10.649 10.681 10.660 10.636    0.024 0.042 0.024 0.028 0.032  A 3849
   1905.69713 10.669 10.653 10.682 10.638 10.622    0.022 0.033 0.024 0.025 0.029  A 4015
   1906.69047 10.651 10.635 10.663 10.644 10.608    0.020 0.027 0.023 0.024 0.027  A 4174
   1907.69525 10.646 10.627 10.652 10.635 10.610    0.022 0.031 0.026 0.026 0.029  A 4336
   1908.68751 10.634 10.605 10.619 10.634 10.607    0.021 0.030 0.025 0.025 0.028  A 4494
   1913.66652 10.551 10.562 10.556 10.532 10.527    0.023 0.029 0.025 0.027 0.030  A 4622
   1914.68034 10.529 10.509 10.549 10.496 10.486    0.022 0.028 0.024 0.026 0.030  A 4787
   1915.67990 10.556 10.545 10.561 10.538 10.512    0.022 0.034 0.024 0.026 0.030  A 4945
   1918.65925 10.495 10.499 10.486 10.492 10.472    0.025 0.031 0.028 0.030 0.035  A 5151
   1919.67056 10.527 10.489 10.545 10.500 10.481    0.027 0.039 0.028 0.032 0.036  A 5316
   1920.67005 10.532 10.523 10.517 10.522 10.494    0.024 0.030 0.026 0.029 0.033  A 5476
   1921.66554 10.526 10.518 10.507 10.506 10.492    0.024 0.031 0.027 0.028 0.032  A 5633
   1923.66027 10.510 10.527 10.515 10.491 10.477    0.022 0.030 0.025 0.027 0.030  A 5947
   1924.65761 10.528 10.544 10.518 10.512 10.488    0.027 0.035 0.028 0.032 0.036  A 6115
   1925.65614 10.547 10.551 10.556 10.538 10.517    0.023 0.032 0.025 0.026 0.030  A 6283
   1929.64945 10.587 10.580 10.582 10.554 10.547    0.022 0.032 0.026 0.026 0.030  A 6930
   1930.64528 10.603 10.592 10.611 10.570 10.560    0.023 0.032 0.028 0.025 0.029  A 7095
   1931.64255 10.629 10.619 10.635 10.627 10.590    0.029 0.035 0.032 0.034 0.039  A 7263
   1932.63735 10.619 10.626 10.596 10.610 10.591    0.022 0.032 0.029 0.025 0.028  A 7425
   1933.63679 10.627 10.631 10.648 10.614 10.588    0.023 0.031 0.028 0.025 0.029  A 7590
   1935.58365 10.654 10.655 10.655 10.624 10.612    0.021 0.028 0.024 0.025 0.028  A 7886
   1937.61857 10.690 10.704 10.662 10.685 10.665    0.024 0.035 0.031 0.026 0.030  A 8135
   1938.63780 10.683 10.685 10.687 10.675 10.650    0.024 0.034 0.032 0.026 0.029  A 8260
   1940.62309 10.695 10.682 10.705 10.693 10.666    0.023 0.034 0.031 0.025 0.029  A 8501
   1945.61330 10.728 10.728 10.737 10.721 10.700    0.026 0.035 0.033 0.030 0.034  A 8672
   1946.62349 10.758 10.766 10.738 10.738 10.709    0.025 0.034 0.030 0.029 0.034  A 8794
   1948.57608 10.767 10.762 10.793 10.723 10.710    0.027 0.033 0.031 0.032 0.036  A 9028
   1950.57466 10.831 10.813 10.838 10.819 10.784    0.025 0.034 0.031 0.027 0.031  A 9337
   1952.59283 10.848 10.840 10.853 10.851 10.824    0.027 0.037 0.032 0.030 0.034  A 9566
   1953.59518 10.850 10.863 10.852 10.828 10.809    0.029 0.041 0.037 0.032 0.033  A 9652
   1954.59635 10.876 10.892 10.873 10.909 10.886    0.034 0.053 0.042 0.036 0.038  A 9833
   1955.59014 10.920 10.909 10.927 10.917 10.901    0.031 0.046 0.040 0.035 0.036  A 10007
   1958.57645 10.903 10.918 10.940 10.911 10.888    0.031 0.044 0.040 0.034 0.035  A 10175
   1959.59068 10.943 10.927 10.951 10.939 10.920    0.032 0.047 0.042 0.036 0.036  A 10381
   1961.58232 10.992 10.999 10.992 10.992 10.967    0.033 0.049 0.042 0.037 0.036  A 10454
   1963.56314 11.009 10.992 10.988 10.986 10.991    0.037 0.052 0.045 0.040 0.039  A 10779
   1965.55416 11.045 11.018 11.001 11.028 11.025    0.031 0.047 0.040 0.034 0.036  A 11140
   1967.55334 11.066 11.038 11.030 11.055 11.034    0.035 0.051 0.045 0.040 0.039  A 11492
   1977.55093 11.275 11.249 11.239 11.254 11.248    0.046 0.065 0.056 0.052 0.051  B 11921
   1979.61191 11.393 11.362 11.407 11.344 11.350    0.046 0.068 0.057 0.051 0.051  B 12216
   1981.58870 11.383 11.405 11.380 11.341 11.342    0.043 0.061 0.051 0.047 0.046  A 12541
   1984.51789 11.383 11.405 11.386 11.360 11.345    0.044 0.064 0.055 0.047 0.046  B 12912
   1994.49060 11.286 11.281 11.269 11.279 11.264    0.051 0.076 0.063 0.055 0.056  B 13385
   2026.51337 11.107 11.121 11.136 11.084 11.031    0.023 0.036 0.024 0.027 0.031  A 17355
   2031.50805 11.032 11.130 11.066 10.975 10.965    0.026 0.045 0.026 0.032 0.034  A 17968
   2054.47778 11.257 11.344 11.284 11.198 11.098    0.058 0.074 0.053 0.070 0.081  B 20186
   2058.45389 11.317 11.383 11.324 11.279 11.242    0.032 0.047 0.042 0.033 0.034  A 21076
   2129.91924 10.786 10.832 10.800 10.730 10.711    0.031 0.061 0.033 0.036 0.040  A 28279
   2131.92068 10.747 10.785 10.802 10.694 10.687    0.033 0.065 0.035 0.037 0.040  A 28696
   2133.91914 10.782 10.791 10.775 10.742 10.735    0.030 0.046 0.034 0.034 0.039  A 29124
   2135.92026 10.836 10.871 10.851 10.775 10.751    0.037 0.054 0.036 0.043 0.049  A 29551
   2156.90037 10.724 10.713 10.730 10.725 10.709    0.032 0.053 0.034 0.037 0.042  A 31764
   2167.83107 10.745 10.737 10.761 10.723 10.713    0.030 0.056 0.033 0.034 0.038  A 32183
   2171.86106 10.791 10.770 10.802 10.783 10.764    0.036 0.056 0.038 0.041 0.046  A 32701
   2173.83683 10.797 10.781 10.812 10.755 10.739    0.029 0.053 0.032 0.033 0.036  A 33068
   2183.85183 10.775 10.765 10.779 10.785 10.772    0.030 0.047 0.035 0.034 0.038  A 33983
   2184.88764 10.765 10.753 10.765 10.772 10.755    0.031 0.051 0.035 0.035 0.040  A 34187
   2186.82976 10.772 10.756 10.781 10.778 10.770    0.030 0.048 0.036 0.034 0.039  A 34458
   2188.85063 10.700 10.694 10.698 10.708 10.689    0.030 0.047 0.036 0.033 0.036  A 34729
   2190.80720 10.700 10.666 10.682 10.703 10.693    0.029 0.050 0.033 0.033 0.036  A 35014
   2193.81733 10.685 10.691 10.684 10.678 10.673    0.029 0.049 0.033 0.033 0.037  A 35549
   2197.81099 10.614 10.589 10.636 10.608 10.588    0.042 0.059 0.043 0.048 0.055  A 36212
   2199.81141 10.571 10.590 10.595 10.558 10.553    0.036 0.053 0.040 0.041 0.047  A 36572
   2201.81435 10.546 10.537 10.533 10.548 10.532    0.030 0.050 0.036 0.032 0.035  A 36821
   2204.78181 10.524 10.508 10.553 10.521 10.527    0.078 0.082 0.072 0.094 0.108  D 37275
   2206.80391 10.522 10.479 10.523 10.557 10.540    0.031 0.049 0.038 0.035 0.037  A 37560
   2212.76394 10.518 10.486 10.499 10.528 10.538    0.035 0.054 0.042 0.039 0.042  A 37974
   2213.79093 10.540 10.497 10.543 10.549 10.541    0.036 0.054 0.042 0.041 0.044  A 38155
   2215.76915 10.482 10.474 10.473 10.448 10.463    0.037 0.054 0.042 0.042 0.044  A 38462
   2221.75524 10.487 10.482 10.497 10.470 10.480    0.041 0.058 0.047 0.048 0.053  A 39080
   2227.73713 10.492 10.549 10.511 10.513 10.514    0.038 0.059 0.046 0.041 0.043  A 39859
   2228.83803 10.514 10.524 10.512 10.518 10.509    0.047 0.071 0.058 0.051 0.052  B 40068
   2229.81119 10.494 10.523 10.507 10.525 10.542    0.046 0.068 0.056 0.050 0.050  B 40219
   2232.73236 10.551 10.527 10.549 10.546 10.527    0.038 0.059 0.046 0.042 0.042  A 40516
   2233.81907 10.532 10.530 10.522 10.550 10.550    0.044 0.067 0.054 0.048 0.050  B 40710
   2235.77026 10.575 10.551 10.581 10.576 10.546    0.037 0.059 0.047 0.040 0.041  A 41003
   2239.75936 10.550 10.592 10.547 10.584 10.571    0.047 0.070 0.057 0.051 0.053  B 41476
   2240.79318 10.570 10.542 10.554 10.529 10.506    0.049 0.076 0.061 0.055 0.056  B 41648
   2241.78289 10.612 10.568 10.597 10.576 10.571    0.043 0.066 0.053 0.049 0.050  A 41803
   2242.76225 10.541 10.535 10.543 10.538 10.535    0.055 0.081 0.065 0.057 0.058  B 41954
   2243.78082 10.631 10.662 10.624 10.624 10.615    0.055 0.084 0.067 0.059 0.062  D 42119
   2248.76710 10.679 10.681 10.678 10.706 10.673    0.054 0.085 0.065 0.058 0.058  B 42554
   2249.75153 10.707 10.786 10.707 10.718 10.698    0.052 0.085 0.066 0.054 0.055  B 42744
   2251.73674 10.705 10.723 10.699 10.702 10.679    0.051 0.082 0.064 0.052 0.053  B 43060
   2496.92380 11.020 11.070 11.047 11.035 11.019    0.042 0.054 0.048 0.046 0.048  A 15138
   2498.92416 10.989 10.993 10.982 10.977 10.956    0.045 0.054 0.049 0.052 0.057  A 15564
   2502.91963 10.967 10.948 10.939 10.945 10.952    0.036 0.053 0.045 0.039 0.038  A 16347
   2545.82770 10.828 10.816 10.819 10.797 10.780    0.033 0.041 0.039 0.037 0.041  A 20255
   2556.85877 10.701 10.771 10.724 10.670 10.648    0.052 0.077 0.065 0.054 0.054  B 21787
   2558.83229 10.713 10.710 10.703 10.705 10.695    0.030 0.041 0.038 0.032 0.032  A 22131
   2560.82008 10.698 10.714 10.721 10.686 10.679    0.024 0.026 0.027 0.026 0.029  A 22485
   2562.82216 10.711 10.721 10.728 10.679 10.660    0.019 0.024 0.018 0.022 0.025  A 22814
   2564.82082 10.729 10.768 10.740 10.711 10.709    0.031 0.030 0.034 0.036 0.041  A 23172
   2566.81810 10.734 10.799 10.762 10.712 10.699    0.047 0.045 0.048 0.053 0.058  A 23528
   2574.77743 10.875 10.894 10.890 10.832 10.816    0.043 0.060 0.049 0.049 0.049  A 24408
   2577.76625 10.929 10.935 10.958 10.919 10.893    0.026 0.029 0.032 0.030 0.032  A 24832
   2621.77819 10.685 10.720 10.708 10.645 10.620    0.023 0.023 0.022 0.027 0.029  A 29860
   2623.72812 10.681 10.710 10.679 10.655 10.649    0.022 0.026 0.030 0.025 0.027  A 30170
   2625.71831 10.679 10.735 10.693 10.669 10.636    0.022 0.025 0.024 0.025 0.028  A 30448
   2628.70224 10.695 10.728 10.712 10.693 10.670    0.039 0.038 0.038 0.048 0.055  A 30747
   2631.82780 10.760 10.793 10.762 10.742 10.718    0.048 0.067 0.064 0.054 0.047  B 31660
   2635.68148 10.783 10.799 10.802 10.764 10.748    0.023 0.025 0.027 0.024 0.027  A 32245
   2639.69460 10.767 10.776 10.781 10.722 10.677    0.026 0.032 0.033 0.030 0.031  A 32850
   2641.69506 10.859 10.833 10.884 10.819 10.797    0.023 0.030 0.027 0.026 0.028  A 33133
   2643.70460 10.854 10.855 10.866 10.836 10.797    0.022 0.031 0.027 0.023 0.025  A 33448
   2645.68880 10.850 10.898 10.869 10.834 10.817    0.022 0.034 0.027 0.022 0.025  A 33739
   2647.67848 10.832 10.876 10.860 10.795 10.738    0.040 0.034 0.043 0.048 0.051  A 34031
   2650.65494 10.850 10.883 10.870 10.827 10.814    0.024 0.024 0.029 0.029 0.031  A 34287
   2652.66810 10.880 10.899 10.889 10.858 10.823    0.025 0.028 0.024 0.030 0.032  A 34598
   2654.66711 10.879 10.896 10.892 10.858 10.821    0.022 0.029 0.023 0.025 0.027  A 34907
   2657.70051 10.857 10.890 10.867 10.821 10.817    0.023 0.026 0.026 0.027 0.032  A 35452
   2659.71917 10.840 10.842 10.858 10.809 10.801    0.024 0.028 0.025 0.027 0.030  A 35802
   2661.71636 10.846 10.878 10.856 10.831 10.802    0.023 0.034 0.031 0.027 0.030  A 36143
   2663.71273 10.781 10.786 10.799 10.754 10.740    0.021 0.027 0.023 0.024 0.026  A 36480
   2665.70559 99.999 99.999 99.999 99.999 99.999    0.023 0.030 0.031 0.027 0.030  C 36828
   2667.70506 10.710 10.723 10.713 10.683 10.672    0.026 0.032 0.034 0.029 0.031  A 37132
   2669.69446 10.677 10.697 10.697 10.642 10.636    0.022 0.023 0.023 0.025 0.028  A 37454
   2671.69353 10.647 10.673 10.667 10.636 10.601    0.022 0.031 0.026 0.026 0.028  A 37783
   2673.68805 10.598 10.616 10.610 10.582 10.568    0.023 0.029 0.027 0.026 0.029  A 38118
   2675.67582 10.550 10.571 10.540 10.523 10.518    0.023 0.028 0.030 0.025 0.028  A 38472
   2677.65768 10.542 10.566 10.550 10.550 10.537    0.020 0.026 0.023 0.023 0.025  A 38811
   2679.63388 10.543 10.538 10.550 10.533 10.509    0.028 0.035 0.029 0.033 0.036  A 39132
   2680.80218 10.529 10.530 10.543 10.497 10.484    0.025 0.027 0.025 0.028 0.031  A 39375
   2683.76907 10.510 10.535 10.519 10.488 10.468    0.023 0.028 0.026 0.027 0.030  A 39871
   2685.67614 10.506 10.563 10.524 10.492 10.455    0.029 0.031 0.028 0.034 0.038  A 40193
   2689.64485 10.578 10.559 10.590 10.569 10.558    0.024 0.031 0.028 0.027 0.031  A 40911
   2690.76825 10.522 10.561 10.548 10.500 10.470    0.040 0.036 0.033 0.045 0.050  A 41148
   2693.52583 10.608 10.656 10.605 10.591 10.584    0.022 0.034 0.030 0.023 0.025  A 41534
   2695.56673 10.625 10.629 10.652 10.599 10.574    0.025 0.029 0.030 0.030 0.034  A 41920
   2697.56729 10.672 10.691 10.682 10.643 10.615    0.022 0.026 0.021 0.025 0.028  A 42250
   2699.56823 10.679 10.701 10.677 10.654 10.640    0.021 0.024 0.022 0.025 0.028  A 42671
   2701.56620 10.704 10.696 10.723 10.677 10.659    0.020 0.025 0.021 0.023 0.025  A 43054
   2703.55926 10.704 10.725 10.718 10.671 10.655    0.020 0.026 0.020 0.023 0.026  A 43434
   2705.55131 10.705 10.743 10.711 10.679 10.651    0.020 0.023 0.021 0.022 0.024  A 43805
   2707.54937 10.682 10.718 10.697 10.668 10.641    0.019 0.029 0.019 0.022 0.024  A 44170
   2709.54986 10.681 10.702 10.698 10.663 10.626    0.020 0.023 0.021 0.024 0.026  A 44534
   2711.55659 10.674 10.711 10.683 10.665 10.630    0.021 0.027 0.020 0.024 0.027  A 44910
   2713.56871 10.651 10.654 10.662 10.638 10.612    0.022 0.029 0.022 0.026 0.029  A 45289
   2715.56401 10.655 10.676 10.672 10.610 10.603    0.023 0.027 0.023 0.027 0.030  A 45662
   2718.55451 10.575 10.588 10.583 10.548 10.542    0.023 0.035 0.024 0.027 0.029  A 46017
   2720.65025 10.574 10.581 10.575 10.560 10.557    0.024 0.028 0.023 0.028 0.032  A 46299
   2722.60879 10.542 10.546 10.556 10.500 10.491    0.023 0.036 0.024 0.027 0.030  A 46669
   2724.60673 10.518 10.548 10.545 10.478 10.461    0.021 0.026 0.021 0.024 0.026  A 47050
   2726.60505 10.513 10.527 10.530 10.485 10.479    0.023 0.023 0.024 0.027 0.029  A 47449
   2728.59625 10.486 10.494 10.477 10.472 10.459    0.023 0.033 0.024 0.026 0.029  A 47840
   2730.59217 10.483 10.502 10.508 10.481 10.457    0.025 0.032 0.025 0.030 0.034  A 48247
   2733.63851 10.502 10.516 10.506 10.485 10.484    0.023 0.027 0.023 0.027 0.030  A 48621
   2735.63417 10.466 10.497 10.484 10.433 10.428    0.023 0.025 0.023 0.026 0.028  A 49025
   2737.62132 10.498 10.503 10.518 10.473 10.464    0.023 0.025 0.024 0.027 0.030  A 49416
   2739.61107 10.469 10.521 10.481 10.460 10.433    0.027 0.032 0.026 0.030 0.033  A 49747
   2741.58117 10.496 10.664 10.634 10.449 10.425    0.026 0.036 0.027 0.030 0.032  A 50128
   2743.58872 10.541 10.555 10.554 10.520 10.492    0.027 0.032 0.027 0.031 0.035  A 50533
   2745.59631 10.552 10.559 10.562 10.548 10.564    0.042 0.037 0.038 0.053 0.062  A 50913
   2752.53727 10.600 10.569 10.621 10.574 10.562    0.023 0.031 0.028 0.026 0.029  A 51982
   2755.53281 10.619 10.614 10.642 10.588 10.567    0.025 0.031 0.035 0.029 0.032  A 52415
   2757.52962 10.609 10.612 10.636 10.573 10.557    0.024 0.034 0.030 0.026 0.029  A 52830
   2759.56392 10.608 10.649 10.625 10.582 10.560    0.067 0.053 0.059 0.083 0.096  D 53188
   2761.53968 10.571 10.614 10.562 10.552 10.536    0.023 0.028 0.030 0.025 0.028  A 53589
   2763.53608 10.596 10.600 10.612 10.562 10.548    0.024 0.029 0.027 0.026 0.028  A 53983
   2766.52848 10.603 10.577 10.614 10.577 10.551    0.024 0.030 0.026 0.028 0.030  A 54479
   2770.52957 10.563 10.571 10.602 10.531 10.506    0.025 0.036 0.030 0.029 0.031  A 54811
   2776.47541 10.518 10.548 10.509 10.490 10.487    0.026 0.037 0.033 0.030 0.033  A 55240
   2783.47769 10.464 10.484 10.468 10.443 10.434    0.021 0.027 0.024 0.024 0.027  A 55868
   2785.48397 10.468 10.479 10.480 10.456 10.443    0.022 0.034 0.025 0.026 0.028  A 56292
   2787.48379 10.417 10.474 10.428 10.403 10.380    0.022 0.035 0.026 0.026 0.029  A 56730
   2791.47636 10.380 10.396 10.385 10.379 10.364    0.028 0.033 0.027 0.033 0.037  A 57484
   2794.47053 10.398 10.400 10.416 10.377 10.355    0.028 0.040 0.039 0.029 0.031  A 57997
   2797.47023 10.364 10.349 10.376 10.346 10.332    0.042 0.040 0.037 0.050 0.058  A 58555
   2860.92218 10.425 10.422 10.421 10.397 10.386    0.022 0.026 0.027 0.026 0.029  A 66873
   2877.91624 10.440 10.444 10.458 10.416 10.412    0.030 0.031 0.031 0.035 0.040  A 69067
   2893.87129 10.498 10.510 10.524 10.491 10.469    0.031 0.031 0.031 0.036 0.041  A 70976
   2896.86130 10.487 10.504 10.477 10.466 10.464    0.025 0.026 0.027 0.030 0.034  A 71568
   2905.86926 10.420 10.478 10.422 10.393 10.351    0.036 0.029 0.041 0.043 0.045  A 73081
   2908.87282 10.416 10.442 10.418 10.386 10.374    0.033 0.031 0.042 0.041 0.042  A 73513
   2911.84802 10.433 10.479 10.429 10.418 10.403    0.023 0.026 0.026 0.027 0.031  A 74005
   2915.88419 10.434 10.442 10.434 10.409 10.396    0.028 0.029 0.033 0.032 0.035  A 74493
   2918.82825 10.419 10.462 10.437 10.394 10.389    0.057 0.043 0.049 0.071 0.086  D 74969
   2922.80464 10.447 10.434 10.481 10.439 10.428    0.029 0.029 0.030 0.034 0.040  A 75341
   2924.85765 10.465 10.453 10.452 10.459 10.465    0.028 0.028 0.032 0.033 0.036  A 75722
   2927.82409 10.467 10.465 10.487 10.458 10.453    0.024 0.025 0.028 0.029 0.032  A 76084
   2929.83840 10.468 10.497 10.487 10.454 10.438    0.039 0.036 0.038 0.048 0.054  A 76446
   2932.84257 10.507 10.516 10.512 10.485 10.466    0.023 0.027 0.028 0.027 0.029  A 76983
   2935.82794 10.548 10.562 10.521 10.526 10.502    0.025 0.025 0.030 0.029 0.032  A 77517
   2940.75401 10.574 10.591 10.580 10.547 10.552    0.024 0.027 0.028 0.028 0.031  A 78053
   2942.80373 10.602 10.629 10.583 10.587 10.573    0.029 0.027 0.035 0.033 0.037  A 78271
   2944.79300 10.602 10.604 10.621 10.570 10.558    0.048 0.041 0.059 0.054 0.061  B 78593
   2947.79317 10.622 10.599 10.643 10.608 10.583    0.025 0.028 0.028 0.030 0.033  A 79072
   2950.75213 10.610 10.600 10.622 10.600 10.592    0.028 0.027 0.028 0.034 0.039  A 79491
   2953.76661 10.597 10.587 10.602 10.578 10.569    0.066 0.053 0.057 0.083 0.097  D 79883
   2956.78515 10.592 10.631 10.599 10.571 10.547    0.028 0.030 0.028 0.032 0.037  A 80296
   2962.77574 10.555 10.612 10.554 10.537 10.518    0.027 0.027 0.028 0.033 0.039  A 81112
   2965.77363 10.568 10.582 10.577 10.545 10.533    0.028 0.028 0.028 0.034 0.039  A 81539
   2968.76499 10.542 10.530 10.569 10.524 10.499    0.026 0.029 0.026 0.031 0.035  A 81956
   2974.74785 10.592 10.600 10.606 10.574 10.542    0.025 0.026 0.026 0.030 0.035  A 82617
   2976.75166 10.600 10.669 10.615 10.589 10.574    0.034 0.033 0.033 0.040 0.043  A 82898
   2980.76307 10.677 10.638 10.690 10.661 10.648    0.025 0.034 0.027 0.029 0.033  A 83426
   2982.77064 10.715 10.735 10.711 10.694 10.657    0.037 0.031 0.034 0.045 0.053  A 83700
   2985.71779 10.787 10.804 10.789 10.771 10.732    0.025 0.025 0.026 0.030 0.034  A 84067
   2987.77139 10.788 10.806 10.826 10.757 10.730    0.025 0.026 0.033 0.028 0.033  A 84356
   2990.71239 10.837 10.884 10.847 10.824 10.800    0.023 0.025 0.025 0.027 0.030  A 84671
   2992.75540 10.868 10.916 10.881 10.839 10.828    0.022 0.026 0.026 0.026 0.028  A 84964
   2995.68722 10.893 10.942 10.885 10.869 10.841    0.024 0.027 0.026 0.028 0.032  A 85328
   3000.74833 10.935 10.978 10.918 10.901 10.874    0.026 0.031 0.027 0.030 0.034  A 85897
   3007.65416 10.955 10.979 10.982 10.945 10.921    0.025 0.027 0.025 0.029 0.033  A 86727
   3009.71192 10.962 10.986 10.996 10.931 10.886    0.028 0.027 0.030 0.034 0.040  A 87000
   3011.71045 10.944 10.996 10.958 10.914 10.874    0.041 0.041 0.037 0.046 0.051  A 87275
   3013.75566 11.021 11.033 11.038 11.004 10.967    0.027 0.027 0.026 0.032 0.036  A 87558
   3016.73296 11.008 11.012 11.028 10.974 10.965    0.025 0.027 0.025 0.029 0.033  A 87779
   3018.73109 11.002 10.989 11.023 10.962 10.946    0.027 0.027 0.027 0.032 0.036  A 88050
   3023.67343 10.998 11.001 11.038 10.976 10.920    0.023 0.024 0.028 0.028 0.032  A 88309
   3025.79374 11.040 11.072 11.057 11.028 10.982    0.024 0.027 0.024 0.029 0.033  A 88483
   3034.64584 11.054 11.102 11.065 11.031 10.978    0.032 0.032 0.029 0.039 0.045  A 89136
   3036.71976 11.089 11.098 11.099 11.067 11.042    0.025 0.028 0.024 0.029 0.034  A 89389
   3040.72264 11.113 11.122 11.135 11.093 11.059    0.033 0.032 0.032 0.041 0.047  A 89603
   3043.64672 11.188 11.210 11.187 11.193 11.161    0.032 0.031 0.032 0.039 0.044  A 89930
   3045.67524 11.175 11.199 11.215 11.100 11.057    0.026 0.032 0.026 0.031 0.035  A 90207
   3048.64856 11.139 11.206 11.148 11.117 11.083    0.034 0.033 0.031 0.039 0.045  A 90601
   3051.60735 11.171 11.222 11.176 11.132 11.091    0.026 0.032 0.026 0.030 0.034  A 90982
   3053.65796 11.166 11.198 11.166 11.139 11.065    0.057 0.047 0.050 0.065 0.074  B 91274
   3055.70483 11.144 11.215 11.165 11.106 11.044    0.027 0.028 0.026 0.032 0.035  A 91568
   3057.73901 11.158 11.175 11.171 11.114 11.111    0.039 0.035 0.036 0.044 0.049  A 91854
   3060.58901 11.187 11.182 11.190 11.165 11.116    0.033 0.032 0.030 0.037 0.039  A 92200
   3062.60555 11.205 11.252 11.205 11.163 11.086    0.077 0.060 0.067 0.094 0.112  D 92470
   3064.64628 11.166 11.225 11.188 11.118 11.076    0.026 0.031 0.025 0.030 0.035  A 92750
   3067.66988 99.999 11.202 11.190 99.999 99.999    0.026 0.028 0.025 0.031 0.035  C 93057
   3069.68598 11.148 11.175 11.177 11.141 11.088    0.037 0.031 0.033 0.047 0.055  A 93356
   3071.71214 11.131 11.149 11.142 11.105 11.113    0.039 0.037 0.035 0.047 0.055  A 93652
   3074.61159 11.133 11.156 11.167 11.083 11.063    0.026 0.031 0.026 0.030 0.035  A 93981
   3076.63835 11.142 11.187 11.155 11.122 11.098    0.026 0.024 0.027 0.031 0.034  A 94267
   3078.64440 11.125 11.159 11.133 11.124 11.102    0.030 0.027 0.028 0.036 0.041  A 94572
   3080.65178 11.023 11.046 11.042 10.996 10.979    0.039 0.037 0.036 0.045 0.051  A 94863
   3082.68397 11.038 11.092 11.052 11.014 10.988    0.028 0.028 0.027 0.032 0.036  A 95169
   3086.67275 11.022 11.054 11.038 10.976 10.955    0.038 0.036 0.036 0.042 0.049  A 95465
   3088.67588 11.001 11.041 11.004 10.984 10.960    0.044 0.038 0.042 0.048 0.054  A 95778
   3090.68077 11.044 11.088 11.066 11.016 11.001    0.063 0.055 0.058 0.071 0.082  B 96083
   3093.53641 10.968 10.975 10.985 10.940 10.926    0.027 0.027 0.028 0.031 0.036  A 96491
   3097.53746 10.923 10.929 10.942 10.912 10.877    0.025 0.027 0.026 0.030 0.034  A 96775
   3099.55439 10.926 10.954 10.927 10.913 10.930    0.052 0.043 0.046 0.064 0.075  B 97097
   3101.56714 10.878 10.854 10.908 10.850 10.828    0.031 0.030 0.030 0.038 0.044  A 97404
   3103.57380 99.999 99.999 99.999 99.999 99.999    0.027 0.025 0.027 0.032 0.037  C 97722
   3105.56849 10.870 10.908 10.870 10.869 10.856    0.057 0.049 0.052 0.065 0.075  B 98039
   3107.57130 10.852 10.839 10.867 10.833 10.818    0.025 0.028 0.025 0.029 0.032  A 98357
   3109.57669 10.834 10.842 10.851 10.798 10.791    0.024 0.027 0.025 0.028 0.032  A 98669
   3111.57712 10.828 10.863 10.827 10.797 10.780    0.025 0.025 0.025 0.031 0.035  A 98982
   3113.58846 10.834 10.850 10.852 10.795 10.785    0.025 0.024 0.025 0.030 0.032  A 99307
   3115.59961 10.836 10.853 10.854 10.836 10.801    0.027 0.026 0.028 0.033 0.036  A 99642
   3116.55318 10.874 10.907 10.890 10.838 10.832    0.028 0.029 0.027 0.033 0.037  A 99790
   3121.57115 10.934 10.952 10.934 10.902 10.874    0.026 0.026 0.028 0.030 0.035  A 100064
   3126.52779 10.927 10.954 10.950 10.899 10.866    0.029 0.030 0.028 0.035 0.040  A 100842
   3128.55806 10.942 10.942 10.961 10.933 10.891    0.032 0.031 0.031 0.038 0.044  A 101169
   3130.56885 10.963 10.957 10.972 10.944 10.933    0.035 0.032 0.033 0.043 0.049  A 101464
   3133.49861 10.972 11.001 10.988 10.936 10.907    0.026 0.025 0.026 0.030 0.034  A 101937
   3142.50549 10.866 10.865 10.879 10.834 10.826    0.025 0.025 0.025 0.030 0.034  A 103065
   3146.49496 10.811 10.830 10.814 10.804 10.751    0.031 0.029 0.031 0.036 0.040  A 103468
   3154.47114 10.834 10.863 10.870 10.782 10.772    0.026 0.030 0.026 0.032 0.036  A 103882
   3158.46695 10.694 10.735 10.713 10.664 10.634    0.032 0.030 0.030 0.039 0.044  A 104346
   3162.46815 10.744 10.765 10.740 10.743 10.716    0.027 0.035 0.027 0.032 0.037  A 104787
   3165.46543 10.720 10.762 10.736 10.697 10.703    0.038 0.036 0.037 0.044 0.051  A 105310
   3169.45126 10.734 10.757 10.738 10.725 10.709    0.027 0.027 0.027 0.033 0.036  A 105865
   3266.86909 10.586 10.608 10.562 10.577 10.556    0.031 0.035 0.032 0.037 0.042  A 115268
   3270.84271 10.535 10.541 10.539 10.530 10.514    0.029 0.035 0.033 0.033 0.039  A 115867
   3278.84136 10.543 10.551 10.551 10.525 10.498    0.033 0.035 0.034 0.040 0.046  A 116894
   3295.86536 10.573 10.587 10.562 10.575 10.563    0.024 0.035 0.030 0.027 0.031  A 118601
   3356.70249 10.494 10.504 10.506 10.462 10.448    0.030 0.043 0.031 0.033 0.036  A 124493
   3362.69894 10.449 10.420 10.447 10.444 10.429    0.039 0.074 0.046 0.042 0.045  A 124855
   3365.75917 10.483 10.470 10.483 10.465 10.432    0.042 0.083 0.046 0.046 0.052  B 125092
   3374.73539 10.535 10.539 10.536 10.525 10.494    0.038 0.045 0.039 0.042 0.046  A 125423
   3386.77362 10.475 10.451 10.474 10.460 10.441    0.041 0.060 0.040 0.048 0.054  A 126214
   3389.62479 10.463 10.411 10.450 10.442 10.430    0.037 0.066 0.042 0.040 0.043  A 126575
   3391.66543 10.530 10.501 10.537 10.527 10.483    0.037 0.078 0.042 0.042 0.045  B 126842
   3394.72608 10.469 10.433 10.479 10.458 10.439    0.029 0.036 0.028 0.034 0.039  A 127167
   3396.80789 10.770 10.881 10.838 10.678 10.667    0.037 0.064 0.038 0.043 0.049  A 127429
   3399.60491 10.449 10.440 10.436 10.436 10.432    0.030 0.044 0.030 0.034 0.039  A 127754
   3404.66405 10.393 10.391 10.377 10.398 10.377    0.028 0.048 0.032 0.030 0.032  A 128415
   3406.66764 10.378 10.326 10.361 10.375 10.367    0.040 0.069 0.043 0.044 0.048  A 128730
   3408.68232 10.443 10.521 10.465 10.410 10.394    0.040 0.077 0.044 0.045 0.049  A 129046
   3410.77142 10.475 10.488 10.474 10.469 10.455    0.032 0.040 0.032 0.036 0.041  A 129392
   3413.57109 10.482 10.512 10.493 10.464 10.434    0.036 0.039 0.032 0.044 0.050  A 129754
   3415.58584 10.561 10.575 10.554 10.552 10.506    0.028 0.068 0.033 0.032 0.035  A 130088
   3417.59947 10.593 10.644 10.622 10.554 10.531    0.041 0.084 0.045 0.044 0.047  B 130405
   3421.63361 10.540 10.590 10.572 10.504 10.477    0.061 0.071 0.055 0.075 0.088  D 131044
   3425.64624 10.611 10.550 10.623 10.593 10.584    0.041 0.075 0.044 0.046 0.051  A 131677
   3427.65657 11.007 11.103 11.033 10.993 10.898    0.038 0.081 0.042 0.043 0.046  B 132007
   3431.64379 10.623 10.610 10.632 10.578 10.569    0.048 0.090 0.050 0.053 0.058  B 132361
   3433.63620 10.576 10.489 10.580 10.548 10.540    0.044 0.094 0.049 0.046 0.047  B 132690
   3436.64242 10.601 10.635 10.611 10.573 10.551    0.035 0.048 0.033 0.042 0.049  A 132988
   3439.63247 10.588 10.544 10.586 10.583 10.559    0.032 0.055 0.031 0.037 0.041  A 133326
   3442.63803 10.561 10.547 10.534 10.551 10.521    0.027 0.058 0.031 0.030 0.034  A 133591
   3444.62760 10.543 10.584 10.544 10.504 10.484    0.041 0.071 0.042 0.047 0.053  A 133918
   3446.63710 10.516 10.537 10.537 10.477 10.470    0.033 0.054 0.034 0.037 0.041  A 134485
   3448.63580 10.478 10.462 10.479 10.440 10.429    0.053 0.116 0.058 0.060 0.064  D 134908
   3450.63076 10.477 10.423 10.500 10.462 10.443    0.033 0.064 0.039 0.037 0.043  A 135243
   3453.60303 10.533 10.518 10.531 10.537 10.515    0.045 0.068 0.044 0.054 0.063  B 135633
   3455.62240 10.471 10.467 10.495 10.423 10.428    0.047 0.070 0.043 0.055 0.061  A 135999
   3457.63741 10.500 10.520 10.513 10.473 10.462    0.030 0.034 0.029 0.035 0.039  A 136357
   3461.64617 10.486 10.493 10.513 10.452 10.436    0.034 0.052 0.034 0.041 0.046  A 137040
   3464.53314 10.538 10.661 10.559 10.528 10.487    0.053 0.093 0.053 0.061 0.066  B 137455
   3466.56091 10.523 10.533 10.547 10.490 10.484    0.027 0.040 0.027 0.031 0.034  A 137802
   3469.56856 10.543 10.543 10.548 10.526 10.519    0.023 0.030 0.023 0.028 0.031  A 138226
   3471.57701 10.544 10.513 10.568 10.513 10.509    0.023 0.032 0.025 0.027 0.031  A 138552
   3473.57206 10.551 10.553 10.546 10.515 10.505    0.040 0.066 0.040 0.047 0.053  A 138856
   3476.51406 10.600 10.616 10.605 10.584 10.541    0.038 0.042 0.035 0.045 0.053  A 139335
   3478.54648 10.594 10.625 10.603 10.567 10.551    0.027 0.037 0.026 0.032 0.035  A 139690
   3480.56858 10.588 10.581 10.597 10.563 10.541    0.028 0.031 0.026 0.033 0.037  A 139979
   3484.59753 10.621 10.608 10.642 10.580 10.564    0.038 0.036 0.034 0.046 0.053  A 140610
   3489.56765 10.696 10.689 10.703 10.671 10.659    0.033 0.055 0.038 0.036 0.039  A 140928
   3492.48484 10.641 10.614 10.629 10.653 10.596    0.054 0.097 0.055 0.060 0.066  B 141424
   3497.49729 10.691 10.699 10.680 10.674 10.643    0.025 0.034 0.027 0.029 0.033  A 141874
   3500.50598 10.721 10.694 10.716 10.725 10.692    0.055 0.081 0.052 0.066 0.075  B 142228
   3502.53744 10.770 10.812 10.769 10.755 10.715    0.033 0.068 0.036 0.036 0.040  A 142596
   3511.48310 10.768 10.741 10.783 10.752 10.710    0.027 0.036 0.026 0.032 0.037  A 143617
   3513.49911 10.732 10.719 10.748 10.708 10.692    0.069 0.055 0.059 0.085 0.101  D 143980
   3517.49954 10.725 10.747 10.746 10.677 10.634    0.035 0.037 0.031 0.040 0.045  A 144294
   3518.45207 10.842 10.885 10.845 10.831 10.786    0.048 0.087 0.051 0.054 0.061  B 144456
   3518.45790 10.750 10.810 10.776 10.691 10.685    0.036 0.066 0.037 0.042 0.047  A 144458
   3518.46028 10.747 10.773 10.752 10.725 10.693    0.037 0.068 0.040 0.042 0.048  A 144459
   3518.46282 10.729 10.740 10.757 10.691 10.669    0.033 0.041 0.032 0.039 0.045  A 144460
   3518.46538 10.759 10.773 10.772 10.730 10.723    0.036 0.044 0.035 0.042 0.048  A 144461
   3518.47622 10.768 10.763 10.780 10.739 10.719    0.039 0.054 0.038 0.045 0.053  A 144465
   3518.47874 10.776 10.757 10.778 10.740 10.731    0.045 0.062 0.043 0.054 0.061  A 144466
   3518.48380 10.764 10.756 10.784 10.721 10.702    0.042 0.054 0.039 0.050 0.057  A 144468
   3518.48632 10.809 10.699 10.772 10.814 10.792    0.066 0.073 0.058 0.080 0.095  D 144469
   3518.49403 10.772 10.794 10.813 10.822 10.834    0.083 0.079 0.071 0.101 0.119  D 144472
   3518.49913 10.684 10.678 10.673 10.665 10.632    0.091 0.079 0.076 0.114 0.136  D 144474
   3522.45648 10.780 10.769 10.784 10.770 10.735    0.037 0.050 0.036 0.044 0.050  A 144961
   3526.46048 10.814 10.795 10.818 10.803 10.776    0.031 0.044 0.032 0.036 0.041  A 145619
   3529.46126 10.839 10.884 10.845 10.832 10.781    0.031 0.056 0.034 0.035 0.037  A 146135
   3619.90504 11.103 11.099 11.120 11.061 11.038    0.035 0.069 0.038 0.038 0.042  A 157521
   3629.88762 11.075 11.072 11.086 11.060 11.022    0.033 0.042 0.034 0.038 0.044  A 158703
   3633.88457 10.964 10.993 10.970 10.920 10.908    0.032 0.044 0.031 0.039 0.043  A 159300
   3639.89032 10.892 10.905 10.902 10.874 10.835    0.026 0.045 0.030 0.029 0.033  A 160022
   3643.87960 10.841 10.834 10.848 10.815 10.796    0.024 0.032 0.026 0.028 0.032  A 160535
   3652.82331 10.765 10.766 10.778 10.734 10.716    0.030 0.037 0.028 0.036 0.041  A 161667
   3655.83024 10.744 10.782 10.757 10.727 10.693    0.026 0.037 0.025 0.031 0.034  A 162088
   3658.81625 10.683 10.703 10.693 10.669 10.635    0.027 0.037 0.025 0.033 0.037  A 162537
   3662.81835 10.666 10.688 10.685 10.635 10.625    0.040 0.044 0.034 0.049 0.057  A 163128
   3665.84531 10.653 10.658 10.655 10.641 10.605    0.032 0.044 0.033 0.038 0.043  A 163574
   3673.79770 10.618 10.592 10.630 10.600 10.598    0.025 0.032 0.025 0.029 0.032  A 164600
   3699.77049 10.569 10.567 10.575 10.555 10.532    0.028 0.042 0.029 0.033 0.037  A 167948
   3702.78297 10.620 10.670 10.623 10.610 10.573    0.026 0.046 0.029 0.030 0.034  A 168342
   3705.75453 10.604 10.570 10.599 10.572 10.561    0.041 0.075 0.045 0.047 0.052  A 168745
   3708.74511 10.639 10.601 10.663 10.607 10.594    0.029 0.050 0.033 0.032 0.037  A 169159
   3712.77193 10.656 10.637 10.674 10.632 10.617    0.028 0.053 0.032 0.032 0.036  A 169450
   3714.79281 10.664 10.636 10.665 10.654 10.625    0.033 0.057 0.033 0.038 0.043  A 169747
   3717.72312 10.716 10.740 10.717 10.698 10.643    0.033 0.047 0.031 0.040 0.045  A 170109
   3719.78320 10.717 10.715 10.740 10.699 10.676    0.032 0.039 0.030 0.038 0.043  A 170349
   3722.70623 10.702 10.691 10.716 10.661 10.635    0.041 0.072 0.042 0.047 0.052  A 170717
   3725.75031 10.731 10.756 10.723 10.710 10.681    0.032 0.034 0.028 0.039 0.047  A 171040
   3731.80849 10.750 10.744 10.738 10.744 10.695    0.039 0.071 0.042 0.044 0.048  A 171742
   3734.73767 10.747 10.716 10.731 10.748 10.742    0.045 0.050 0.042 0.054 0.064  B 172106
   3737.70065 10.740 10.704 10.756 10.727 10.702    0.030 0.056 0.035 0.033 0.037  A 172509
   3739.75110 10.714 10.672 10.714 10.691 10.669    0.034 0.062 0.038 0.037 0.042  A 172807
   3742.66361 10.681 10.645 10.699 10.649 10.637    0.030 0.059 0.034 0.034 0.036  A 173152
   3744.74930 10.697 10.703 10.695 10.679 10.641    0.032 0.043 0.032 0.039 0.043  A 173451
   3747.65860 10.678 10.719 10.683 10.641 10.637    0.036 0.057 0.037 0.043 0.049  A 173820
   3749.76653 10.594 10.576 10.578 10.585 10.569    0.045 0.075 0.047 0.053 0.059  A 174139
   3752.71548 10.520 10.481 10.530 10.488 10.476    0.044 0.086 0.048 0.049 0.054  B 174543
   3757.62121 10.492 10.507 10.507 10.452 10.441    0.033 0.056 0.035 0.037 0.040  A 175195
   3761.80168 10.442 10.383 10.419 10.434 10.416    0.042 0.071 0.041 0.050 0.056  A 175789
   3764.65599 10.435 10.344 10.430 10.430 10.426    0.040 0.078 0.044 0.044 0.048  B 176157
   3766.76067 10.450 10.417 10.445 10.439 10.429    0.039 0.062 0.042 0.044 0.048  A 176477
   3769.64219 10.487 10.471 10.481 10.473 10.456    0.029 0.039 0.029 0.034 0.038  A 176830
   3771.71364 10.502 10.483 10.485 10.500 10.484    0.048 0.076 0.049 0.054 0.060  A 177144
   3774.64002 10.570 10.640 10.571 10.561 10.518    0.039 0.069 0.042 0.045 0.051  A 177505
   3776.67761 10.498 10.439 10.496 10.489 10.474    0.040 0.067 0.040 0.047 0.054  A 177808
   3778.67026 10.581 10.675 10.582 10.569 10.517    0.045 0.075 0.048 0.051 0.056  A 178113
   3780.72777 10.635 10.634 10.639 10.627 10.586    0.038 0.065 0.038 0.046 0.052  A 178404
   3783.75632 10.596 10.615 10.602 10.573 10.516    0.044 0.069 0.044 0.052 0.061  A 178710
   3787.77350 10.674 10.700 10.688 10.655 10.618    0.036 0.035 0.031 0.044 0.051  A 178885
   3790.58899 10.700 10.699 10.710 10.681 10.669    0.033 0.038 0.032 0.038 0.042  A 179231
   3792.70059 10.718 10.717 10.738 10.671 10.659    0.043 0.078 0.044 0.048 0.054  B 179574
   3794.74730 10.734 10.738 10.764 10.692 10.670    0.034 0.048 0.033 0.040 0.045  A 179875
   3797.57932 10.714 10.707 10.711 10.683 10.666    0.033 0.051 0.034 0.037 0.041  A 180238
   3801.67220 10.780 10.779 10.781 10.787 10.724    0.049 0.091 0.052 0.054 0.060  B 180823
   3804.58171 10.730 10.780 10.743 10.679 10.659    0.047 0.082 0.049 0.052 0.059  B 181149
   3806.59898 10.685 10.715 10.709 10.641 10.616    0.045 0.084 0.050 0.048 0.052  B 181455
   3809.62453 10.681 10.649 10.652 10.687 10.661    0.039 0.068 0.041 0.048 0.054  A 181818
   3811.62802 10.693 10.672 10.685 10.690 10.654    0.042 0.071 0.045 0.048 0.055  A 182133
   3813.64100 10.656 10.680 10.647 10.651 10.597    0.046 0.085 0.048 0.052 0.057  B 182458
   3815.66449 10.653 10.742 10.693 10.603 10.606    0.042 0.087 0.046 0.046 0.051  B 182787
   3817.68576 10.643 10.668 10.645 10.617 10.596    0.030 0.031 0.027 0.037 0.042  A 183108
   3820.54405 10.644 10.672 10.641 10.650 10.603    0.046 0.087 0.051 0.049 0.053  B 183546
   3822.60293 10.636 10.672 10.653 10.620 10.573    0.035 0.066 0.040 0.041 0.045  A 183888
   3824.63025 10.550 10.582 10.546 10.525 10.504    0.036 0.058 0.035 0.043 0.050  A 184230
   3826.64043 10.564 10.538 10.561 10.564 10.526    0.035 0.053 0.033 0.042 0.048  A 184571
   3828.65806 10.567 10.597 10.581 10.539 10.520    0.032 0.040 0.030 0.038 0.043  A 184924
   3831.53081 10.601 10.651 10.629 10.550 10.541    0.034 0.047 0.033 0.037 0.042  A 185381
   3833.56261 10.658 10.678 10.660 10.649 10.592    0.043 0.059 0.041 0.051 0.059  A 185744
   3835.57702 10.656 10.680 10.644 10.656 10.626    0.044 0.056 0.041 0.053 0.061  A 186101
   3837.60085 10.635 10.664 10.644 10.599 10.577    0.041 0.064 0.041 0.050 0.058  A 186443
   3848.52204 10.620 10.626 10.622 10.614 10.596    0.050 0.042 0.043 0.060 0.069  B 186874
   3850.55991 10.543 10.528 10.555 10.518 10.503    0.029 0.043 0.029 0.034 0.038  A 187226
   3852.55125 99.999 10.538 10.541 99.999 99.999    0.026 0.029 0.023 0.030 0.034  C 187576
   3854.55645 10.505 10.507 10.511 10.496 10.462    0.029 0.047 0.031 0.034 0.037  A 187944
   3857.55325 10.443 10.414 10.435 10.428 10.433    0.057 0.057 0.050 0.068 0.079  B 188343
   3860.51286 10.414 10.411 10.398 10.410 10.390    0.026 0.032 0.027 0.031 0.035  A 188793
   3862.51113 10.392 10.351 10.401 10.372 10.360    0.027 0.040 0.027 0.032 0.035  A 189157
   3864.53958 10.421 10.361 10.434 10.405 10.390    0.028 0.044 0.028 0.034 0.038  A 189502
   3866.54100 10.424 10.403 10.409 10.421 10.404    0.039 0.044 0.035 0.047 0.054  A 189856
   3869.50618 10.438 10.427 10.450 10.418 10.396    0.036 0.039 0.034 0.044 0.051  A 190324
   3871.51091 10.450 10.464 10.456 10.436 10.421    0.027 0.033 0.027 0.032 0.035  A 190696
   3875.51065 10.532 10.535 10.530 10.522 10.485    0.025 0.032 0.025 0.028 0.032  A 191134
   3877.51631 10.557 10.612 10.564 10.524 10.511    0.030 0.049 0.034 0.033 0.036  A 191458
   3881.50152 10.625 10.699 10.623 10.621 10.568    0.031 0.062 0.036 0.035 0.039  A 191947
   3886.47951 10.639 10.681 10.640 10.623 10.596    0.027 0.047 0.030 0.031 0.035  A 192417
   3889.47744 10.643 10.607 10.649 10.630 10.597    0.056 0.058 0.054 0.061 0.065  B 192938
   3892.47788 10.598 10.561 10.607 10.576 10.550    0.029 0.036 0.028 0.035 0.040  A 193472
   3897.45983 10.620 10.594 10.627 10.601 10.583    0.036 0.054 0.037 0.043 0.049  A 194145
   3900.45669 10.618 10.703 10.634 10.614 10.561    0.038 0.071 0.041 0.044 0.049  A 194600
   3903.45270 10.653 10.701 10.661 10.621 10.602    0.032 0.044 0.033 0.038 0.042  A 195159
   3983.89075 10.848 10.864 10.845 10.823 10.808    0.029 0.035 0.028 0.034 0.038  A 203697
   4090.71463 11.332 11.348 11.348 11.313 11.234    0.035 0.068 0.039 0.038 0.041  A 209277
   4104.72398 10.911 10.948 10.916 10.881 10.880    0.040 0.044 0.037 0.049 0.057  A 210727
   4106.77868 10.840 10.841 10.835 10.806 10.783    0.037 0.048 0.038 0.044 0.051  A 211007
   4111.71002 10.703 10.704 10.708 10.696 10.646    0.033 0.066 0.038 0.036 0.039  A 211409
   4126.72682 10.626 10.620 10.618 10.622 10.590    0.028 0.046 0.032 0.032 0.034  A 211696
   4128.76094 10.623 10.610 10.632 10.610 10.582    0.029 0.051 0.035 0.032 0.035  A 211974
   4133.58123 10.677 10.703 10.687 10.628 10.613    0.040 0.073 0.042 0.046 0.052  A 212564
   4135.62985 10.662 10.628 10.660 10.629 10.625    0.031 0.051 0.030 0.036 0.041  A 212851
   4137.64024 10.683 10.693 10.690 10.642 10.629    0.031 0.070 0.034 0.034 0.038  A 213130
   4145.76080 10.776 10.814 10.778 10.769 10.729    0.036 0.059 0.038 0.042 0.046  A 214304
   4149.65811 10.816 10.842 10.820 10.797 10.747    0.041 0.054 0.038 0.051 0.059  A 214663
   4151.66932 10.791 10.804 10.785 10.751 10.736    0.032 0.071 0.037 0.035 0.039  A 214973
   4153.66968 11.225 11.291 11.248 11.155 11.120    0.032 0.074 0.037 0.035 0.037  A 215287
   4155.67779 10.899 10.916 10.891 10.895 10.834    0.048 0.093 0.052 0.051 0.054  B 215580
   4157.73836 11.315 11.368 11.388 11.250 11.232    0.042 0.088 0.047 0.047 0.052  B 215871
   4159.72307 10.838 10.874 10.859 10.795 10.769    0.031 0.059 0.035 0.037 0.041  A 216175
   4161.70083 10.877 10.862 10.879 10.856 10.817    0.033 0.041 0.032 0.039 0.043  A 216486
   4163.71149 10.889 10.898 10.863 10.901 10.867    0.041 0.084 0.060 0.045 0.051  B 216783
   4166.62474 10.822 10.807 10.804 10.812 10.774    0.060 0.068 0.054 0.073 0.084  B 217186
   4172.59895 10.865 10.816 10.852 10.843 10.791    0.048 0.075 0.048 0.055 0.063  B 217898
   4174.60937 10.832 10.839 10.818 10.811 10.779    0.030 0.053 0.034 0.035 0.039  A 218220
   4176.62462 10.772 10.776 10.753 10.754 10.729    0.034 0.049 0.035 0.039 0.044  A 218510
   4179.65175 10.689 10.672 10.698 10.668 10.651    0.032 0.050 0.033 0.038 0.042  A 218842
   4181.66468 10.657 10.636 10.648 10.658 10.649    0.047 0.042 0.043 0.058 0.068  B 219122
   4183.67767 10.568 10.602 10.565 10.547 10.553    0.043 0.063 0.044 0.050 0.054  A 219420
   4188.57367 10.559 10.559 10.556 10.546 10.526    0.033 0.036 0.033 0.038 0.042  A 219918
   4190.57572 10.565 10.567 10.562 10.559 10.529    0.035 0.064 0.041 0.040 0.045  A 220216
   4192.58207 10.571 10.503 10.566 10.563 10.539    0.039 0.059 0.040 0.046 0.052  A 220542
   4194.62602 10.563 10.551 10.576 10.554 10.528    0.031 0.040 0.032 0.037 0.042  A 220870
   4197.61571 10.570 10.567 10.559 10.554 10.554    0.029 0.036 0.030 0.035 0.040  A 221192
   4200.58872 10.581 10.586 10.580 10.558 10.545    0.027 0.034 0.027 0.031 0.037  A 221470
   4203.59133 10.642 10.626 10.652 10.636 10.610    0.028 0.038 0.029 0.032 0.037  A 221767
   4205.60212 10.638 10.639 10.635 10.625 10.617    0.037 0.037 0.036 0.043 0.050  A 222098
   4213.60027 10.701 10.669 10.666 10.686 10.684    0.038 0.056 0.040 0.047 0.055  A 222573
   4227.50243 10.573 10.550 10.610 10.551 10.542    0.026 0.041 0.032 0.029 0.032  A 223111
   4229.52200 10.534 10.502 10.539 10.509 10.506    0.024 0.034 0.027 0.028 0.032  A 223475
   4231.53012 10.502 10.545 10.484 10.487 10.460    0.041 0.041 0.039 0.050 0.058  A 223836
   4233.52925 10.544 10.523 10.594 10.524 10.502    0.026 0.036 0.030 0.030 0.035  A 224181
   4235.53642 10.512 10.496 10.523 10.482 10.472    0.028 0.045 0.031 0.032 0.036  A 224551
   4238.52149 10.529 10.546 10.516 10.528 10.523    0.042 0.043 0.041 0.050 0.059  A 224974
   4246.49042 10.566 10.545 10.569 10.566 10.549    0.028 0.033 0.031 0.033 0.037  A 226169
   4249.47651 10.615 10.637 10.623 10.593 10.587    0.062 0.056 0.057 0.077 0.092  D 226566
   4254.48178 10.729 10.723 10.708 10.731 10.725    0.065 0.063 0.056 0.084 0.098  D 226957
   4257.48411 10.776 10.753 10.760 10.740 10.721    0.043 0.043 0.042 0.052 0.061  A 227365
   4332.90898 10.469 10.478 10.466 10.445 10.426    0.037 0.051 0.039 0.044 0.050  A 235770
   4339.91559 10.471 10.440 10.479 10.471 10.470    0.033 0.046 0.038 0.037 0.043  A 236686
   4343.89023 10.504 10.533 10.509 10.499 10.487    0.033 0.052 0.036 0.039 0.044  A 237366
   4347.89689 10.500 10.536 10.490 10.481 10.445    0.040 0.062 0.040 0.046 0.050  A 238049
   4354.88891 10.456 10.456 10.439 10.458 10.434    0.029 0.042 0.033 0.034 0.038  A 239084
   4358.87814 10.407 10.368 10.407 10.413 10.408    0.035 0.042 0.038 0.038 0.042  A 239713
   4362.87112 10.428 10.418 10.432 10.421 10.416    0.028 0.038 0.033 0.032 0.036  A 240251
   4365.87815 10.386 10.393 10.370 10.388 10.390    0.028 0.042 0.033 0.032 0.036  A 240734
   4373.85930 10.498 10.524 10.479 10.498 10.479    0.031 0.039 0.030 0.037 0.043  A 241841
   4377.85173 10.395 10.403 10.390 10.394 10.374    0.036 0.044 0.033 0.044 0.050  A 242333
   4381.84475 10.329 10.346 10.321 10.296 10.282    0.045 0.045 0.042 0.051 0.059  A 242943
   4385.83133 10.353 10.360 10.341 10.358 10.359    0.029 0.039 0.034 0.033 0.038  A 243560
   4400.81724 10.615 10.614 10.596 10.619 10.618    0.056 0.055 0.049 0.070 0.085  D 245029
   4404.84478 10.675 10.675 10.647 10.654 10.640    0.031 0.036 0.034 0.036 0.041  A 245400
   4408.78738 10.746 10.720 10.790 10.718 10.691    0.035 0.048 0.036 0.041 0.047  A 245772
   4411.83250 10.782 10.776 10.785 10.779 10.753    0.035 0.037 0.033 0.039 0.044  A 246155
   4420.84431 10.852 10.808 10.827 10.835 10.825    0.046 0.057 0.045 0.055 0.065  B 246521
   4423.80094 10.848 10.825 10.858 10.833 10.801    0.038 0.049 0.037 0.044 0.049  A 246786
   4427.77560 10.812 10.842 10.822 10.783 10.770    0.036 0.055 0.037 0.042 0.048  A 247100
   4430.76485 10.914 10.930 10.918 10.897 10.896    0.035 0.045 0.036 0.042 0.050  A 247453
   4433.75681 10.934 10.903 10.950 10.917 10.894    0.029 0.049 0.033 0.032 0.037  A 247833
   4436.74949 10.986 11.005 10.989 10.958 10.941    0.030 0.048 0.033 0.033 0.038  A 248193
   4439.74145 11.017 11.032 11.026 10.999 10.977    0.027 0.041 0.032 0.031 0.035  A 248562
   4448.71429 11.180 11.182 11.204 11.141 11.127    0.029 0.045 0.032 0.034 0.039  A 249533
   4456.80339 11.279 11.331 11.293 11.190 11.139    0.045 0.073 0.047 0.051 0.058  A 250503
   4459.69702 11.359 11.356 11.347 11.322 11.308    0.041 0.053 0.040 0.049 0.058  A 250828
   4461.79236 11.308 11.367 11.308 11.250 11.207    0.030 0.038 0.033 0.035 0.041  A 251087
   4464.66997 11.414 11.440 11.414 11.395 11.344    0.029 0.040 0.032 0.034 0.038  A 251424
   4467.68105 11.488 11.536 11.507 11.476 11.444    0.039 0.058 0.041 0.042 0.045  A 251768
   4470.67417 11.470 11.483 11.490 11.421 11.349    0.029 0.038 0.029 0.034 0.038  A 252110
   4473.72714 11.450 11.468 11.472 11.395 11.375    0.026 0.036 0.027 0.030 0.033  A 252394
   4476.72790 11.470 11.490 11.488 11.444 11.383    0.051 0.049 0.045 0.061 0.072  B 252672
   4478.80765 11.353 11.416 11.380 11.326 11.250    0.051 0.073 0.071 0.057 0.066  D 252932
   4481.64183 11.389 11.416 11.405 11.327 11.299    0.056 0.061 0.053 0.067 0.077  B 253240
   4484.80595 11.303 11.312 11.311 11.243 11.202    0.038 0.061 0.039 0.042 0.049  A 253532
   4487.61466 11.343 11.368 11.367 11.335 11.290    0.048 0.070 0.047 0.055 0.060  A 253816
   4489.65458 11.378 11.385 11.387 11.353 11.333    0.031 0.039 0.032 0.036 0.042  A 254068
   4491.69234 11.353 11.362 11.365 11.329 11.310    0.028 0.035 0.029 0.033 0.038  A 254295
   4493.72063 11.321 11.354 11.325 11.294 11.242    0.025 0.034 0.027 0.029 0.033  A 254552
   4497.62417 11.277 11.312 11.291 11.241 11.221    0.035 0.040 0.035 0.039 0.043  A 254764
   4499.73783 11.245 11.257 11.259 11.223 11.221    0.040 0.060 0.041 0.046 0.052  A 255059
   4504.71127 11.224 11.236 11.243 11.201 11.161    0.039 0.048 0.039 0.048 0.055  A 255728
   4506.77825 11.238 11.213 11.253 11.211 11.157    0.037 0.073 0.041 0.040 0.042  A 256038
   4509.62886 11.238 11.243 11.237 11.212 11.186    0.037 0.041 0.036 0.045 0.052  A 256419
   4511.67320 11.238 11.259 11.244 11.191 11.158    0.031 0.061 0.035 0.035 0.039  A 256694
   4515.60866 11.243 11.269 11.255 11.218 11.193    0.045 0.044 0.040 0.056 0.066  B 257006
   4517.65638 11.288 11.315 11.299 11.280 11.240    0.043 0.069 0.045 0.048 0.053  A 257270
   4519.66132 11.227 11.259 11.208 11.219 11.144    0.040 0.062 0.044 0.047 0.053  A 257578
   4521.67656 11.286 11.306 11.280 11.274 11.216    0.033 0.059 0.038 0.036 0.041  A 257857
   4523.69908 11.267 11.300 11.270 11.208 11.188    0.031 0.041 0.033 0.032 0.037  A 258173
   4525.73182 11.308 11.352 11.301 11.293 11.266    0.037 0.065 0.041 0.040 0.044  A 258466
   4527.75297 11.288 11.349 11.295 11.237 11.180    0.032 0.046 0.034 0.037 0.043  A 258768
   4530.62853 11.317 11.321 11.324 11.300 11.246    0.036 0.051 0.037 0.041 0.045  A 259181
   4532.71145 11.300 11.312 11.327 11.241 11.226    0.030 0.048 0.034 0.033 0.038  A 259509
   4536.55067 11.259 11.260 11.278 11.223 11.214    0.030 0.037 0.032 0.036 0.042  A 259900
   4538.61524 11.191 11.224 11.228 11.163 11.106    0.035 0.054 0.038 0.040 0.046  A 260219
   4540.62252 11.191 11.162 11.207 11.169 11.108    0.047 0.070 0.045 0.056 0.063  B 260505
   4542.63223 11.153 11.109 11.158 11.104 11.103    0.046 0.062 0.045 0.056 0.065  B 260827
   4546.66229 10.968 10.989 10.982 10.943 10.902    0.038 0.043 0.036 0.046 0.052  A 261446
   4548.65602 10.915 10.922 10.896 10.924 10.890    0.038 0.051 0.037 0.046 0.054  A 261781
   4553.65160 10.845 10.817 10.867 10.815 10.812    0.052 0.056 0.049 0.062 0.072  B 262399
   4555.64101 10.736 10.761 10.730 10.712 10.684    0.032 0.047 0.034 0.036 0.042  A 262702
   4557.64924 10.772 10.740 10.763 10.746 10.746    0.037 0.059 0.041 0.042 0.048  A 263031
   4560.55610 10.759 10.738 10.757 10.735 10.737    0.036 0.052 0.039 0.041 0.046  A 263496
   4562.58226 10.733 10.752 10.722 10.709 10.673    0.037 0.061 0.039 0.043 0.051  A 263845
   4564.63569 10.736 10.710 10.714 10.737 10.716    0.033 0.050 0.037 0.036 0.040  A 264195
   4567.52560 10.779 10.742 10.778 10.758 10.733    0.034 0.048 0.035 0.041 0.049  A 264658
   4569.54912 10.827 10.828 10.833 10.827 10.813    0.032 0.039 0.034 0.038 0.044  A 264971
   4571.56600 10.850 10.824 10.857 10.837 10.806    0.033 0.039 0.034 0.039 0.045  A 265313
   4573.59134 10.879 10.894 10.870 10.867 10.838    0.037 0.048 0.037 0.044 0.051  A 265668
#ndata= 10
#dataset= 4 ; 1 F0748-32_171
#desig= 071842-3229.0
#cra=    7.311642  07:18:41.9
#cdec= -32.483462 -32:29:00.5
#class= 0
#cmag_0= 10.732
#cmer_0=  0.100
#nskip_0= 2
#cmag_1= 10.678
#cmer_1=  0.124
#nskip_1= 0
#cmag_2= 10.660
#cmer_2=  0.037
#nskip_2= 4
#cmag_3= 10.638
#cmer_3=  0.120
#nskip_3= 0
#cmag_4= 10.613
#cmer_4=  0.114
#nskip_4= 0
#ra=    7.311642  07:18:41.9
#dec= -32.483462 -32:29:00.5
#     HJD      MAG_2  MAG_0  MAG_1  MAG_3  MAG_4    MER_2 MER_0 MER_1 MER_3 MER_4 GRADE FRAME
   2545.82770 10.847 10.829 10.841 10.804 10.781    0.030 0.036 0.035 0.033 0.035  A 20255
   2628.70224 10.713 10.742 10.729 10.696 10.666    0.038 0.036 0.037 0.045 0.053  A 30747
   2685.68334 10.548 10.564 10.574 10.532 10.500    0.028 0.041 0.033 0.034 0.039  A 40196
   2947.79317 10.632 10.620 10.656 10.610 10.586    0.032 0.033 0.036 0.039 0.042  A 79072
   2954.84094 10.631 10.623 10.665 10.609 10.586    0.045 0.040 0.044 0.055 0.063  A 80023
   2976.76590 10.638 10.682 10.629 10.609 10.589    0.026 0.029 0.028 0.029 0.034  A 82904
   2994.71801 10.881 10.932 10.908 10.841 10.791    0.029 0.032 0.028 0.034 0.038  A 85213
   2998.76918 10.931 10.944 10.946 10.901 10.883    0.029 0.030 0.030 0.034 0.039  A 85771
   3365.80062 10.489 10.458 10.506 10.461 10.435    0.037 0.065 0.041 0.043 0.049  A 125105
   3372.75761 10.479 10.490 10.492 10.454 10.438    0.049 0.081 0.055 0.053 0.057  B 125322
#ndata= 1
#dataset= 5 ; 1 F0728-24_212
#desig= 071842-3229.0
#cra=    7.311633  07:18:41.9
#cdec= -32.482848 -32:28:58.3
#class= 0
#cmag_0= 10.509
#cmer_0=  0.000
#nskip_0= 0
#cmag_1= 10.530
#cmer_1=  0.000
#nskip_1= 0
#cmag_2= 10.521
#cmer_2=  0.000
#nskip_2= 0
#cmag_3= 10.513
#cmer_3=  0.000
#nskip_3= 0
#cmag_4= 10.479
#cmer_4=  0.000
#nskip_4= 0
#ra=    7.311633  07:18:41.9
#dec= -32.482848 -32:28:58.3
#     HJD      MAG_2  MAG_0  MAG_1  MAG_3  MAG_4    MER_2 MER_0 MER_1 MER_3 MER_4 GRADE FRAME
   3374.73539 10.522 10.509 10.530 10.514 10.480    0.046 0.069 0.049 0.051 0.056  A 125423
