#ndata= 2
#dataset= 1 ; 1 F0712-32_170
#desig= 071919-2525.9
#cra=    7.321814  07:19:18.5
#cdec= -25.431948 -25:25:55.0
#class= 0
#cmag_0= 11.224
#cmer_0=  0.039
#nskip_0= 0
#cmag_1= 11.229
#cmer_1=  0.002
#nskip_1= 0
#cmag_2= 11.210
#cmer_2=  0.010
#nskip_2= 0
#cmag_3= 11.197
#cmer_3=  0.016
#nskip_3= 0
#cmag_4= 11.183
#cmer_4=  0.019
#nskip_4= 0
#ra=    7.321814  07:19:18.5
#dec= -25.431948 -25:25:55.0
#     HJD      MAG_1  MAG_0  MAG_2  MAG_3  MAG_4    MER_1 MER_0 MER_2 MER_3 MER_4 GRADE FRAME
   3374.73539 11.231 11.251 11.218 11.209 11.196    0.039 0.045 0.038 0.042 0.046  A 125423
   3382.68450 11.227 11.196 11.202 11.186 11.170    0.041 0.047 0.043 0.050 0.055  A 125643
#ndata= 24
#dataset= 2 ; 1 F0656-24_211
#desig= 071918-2526.0
#cra=    7.321785  07:19:18.4
#cdec= -25.432743 -25:25:57.9
#class= 0
#cmag_0= 10.995
#cmer_0=  0.148
#nskip_0= 0
#cmag_1= 10.988
#cmer_1=  0.151
#nskip_1= 0
#cmag_2= 10.972
#cmer_2=  0.149
#nskip_2= 0
#cmag_3= 10.947
#cmer_3=  0.152
#nskip_3= 0
#cmag_4= 10.884
#cmer_4=  0.156
#nskip_4= 0
#ra=    7.321785  07:19:18.4
#dec= -25.432743 -25:25:57.9
#     HJD      MAG_2  MAG_0  MAG_1  MAG_3  MAG_4    MER_2 MER_0 MER_1 MER_3 MER_4 GRADE FRAME
   2221.75362 11.223 11.193 11.241 11.211 11.189    0.041 0.059 0.048 0.046 0.049  A 39079
   2222.79291 11.097 11.128 11.164 11.046 11.016    0.045 0.067 0.055 0.050 0.051  A 39252
   2224.79067 11.097 11.124 11.106 11.053 10.955    0.038 0.058 0.047 0.043 0.045  A 39415
   2226.73138 11.053 11.054 11.066 11.011 10.937    0.039 0.058 0.048 0.043 0.045  A 39703
   2227.80712 11.057 11.035 11.068 11.012 10.964    0.046 0.067 0.055 0.051 0.051  A 39889
   2229.72422 11.050 11.060 11.054 11.039 10.986    0.048 0.067 0.055 0.053 0.058  A 40181
   2230.83055 10.857 10.860 10.879 10.862 10.822    0.047 0.070 0.058 0.052 0.053  A 40392
   2232.78541 10.950 10.937 10.955 10.932 10.884    0.040 0.058 0.047 0.043 0.045  A 40539
   2233.82204 10.806 10.856 10.828 10.802 10.743    0.046 0.069 0.055 0.050 0.051  A 40711
   2234.78738 10.886 10.885 10.899 10.847 10.808    0.040 0.061 0.048 0.045 0.045  A 40854
   2235.75713 10.828 10.833 10.824 10.798 10.715    0.040 0.060 0.048 0.044 0.046  A 40997
   2236.79413 29.999 29.999 29.999 29.999 29.999    0.052 0.077 0.062 0.056 0.058  C 41172
   2237.77010 10.888 10.914 10.911 10.878 10.801    0.045 0.067 0.054 0.049 0.051  A 41321
   2239.74888 10.673 10.750 10.713 10.627 10.544    0.048 0.072 0.058 0.054 0.055  A 41471
   2240.78709 29.999 29.999 29.999 29.999 29.999    0.058 0.079 0.066 0.059 0.064  D 41645
   2241.77465 10.719 10.788 10.731 10.680 10.590    0.044 0.065 0.054 0.050 0.050  A 41799
   2242.74838 10.877 10.898 10.912 10.836 10.775    0.048 0.071 0.057 0.053 0.055  A 41949
   2243.75355 10.777 10.813 10.829 10.735 10.662    0.054 0.079 0.064 0.059 0.061  B 42107
   2521.91529 10.877 10.951 10.886 10.870 10.788    0.044 0.050 0.045 0.051 0.059  A 18518
   2545.81206 11.069 11.093 11.085 11.053 11.017    0.031 0.041 0.032 0.036 0.040  A 20248
   2628.69091 11.178 11.269 11.211 11.152 11.020    0.039 0.038 0.039 0.045 0.049  A 30743
   2679.62963 11.212 11.218 11.208 11.210 11.147    0.029 0.032 0.029 0.034 0.038  A 39130
   2908.87770 11.014 11.028 11.038 10.990 10.955    0.024 0.026 0.025 0.029 0.031  A 73515
   2947.79150 11.006 11.133 11.101 10.944 10.865    0.038 0.039 0.043 0.045 0.046  A 79071
#ndata= 507
#dataset= 3 ; 1 F0728-24_212
#desig= 071919-2526.0
#cra=    7.321815  07:19:18.5
#cdec= -25.432814 -25:25:58.1
#class= 0
#cmag_0= 11.217
#cmer_0=  0.177
#nskip_0= 3
#cmag_1= 11.216
#cmer_1=  0.175
#nskip_1= 2
#cmag_2= 11.213
#cmer_2=  0.166
#nskip_2= 3
#cmag_3= 11.197
#cmer_3=  0.165
#nskip_3= 2
#cmag_4= 11.169
#cmer_4=  0.166
#nskip_4= 3
#ra=    7.321815  07:19:18.5
#dec= -25.432814 -25:25:58.1
#     HJD      MAG_1  MAG_0  MAG_2  MAG_3  MAG_4    MER_1 MER_0 MER_2 MER_3 MER_4 GRADE FRAME
   1869.77351 10.993 10.968 10.975 10.968 10.966    0.029 0.052 0.028 0.034 0.038  A 302
   1873.80038 10.967 10.945 10.961 10.948 10.939    0.029 0.051 0.028 0.034 0.039  A 914
   1876.71467 10.969 10.919 10.962 10.950 10.944    0.028 0.050 0.028 0.033 0.037  A 1360
   1877.77794 10.983 11.029 10.969 10.964 10.968    0.028 0.045 0.027 0.032 0.036  A 1545
   1878.81063 11.013 10.973 11.003 10.993 10.987    0.031 0.040 0.028 0.033 0.038  A 1719
   1880.80063 11.025 11.017 11.024 11.034 11.017    0.034 0.047 0.031 0.037 0.041  A 2025
   1881.76467 11.057 11.026 11.054 11.042 11.029    0.026 0.037 0.025 0.031 0.035  A 2169
   1884.74195 11.127 11.101 11.120 11.111 11.112    0.028 0.037 0.027 0.031 0.035  A 2307
   1885.74306 11.134 11.139 11.125 11.104 11.083    0.027 0.035 0.025 0.031 0.034  A 2468
   1886.75223 11.149 11.170 11.153 11.147 11.124    0.027 0.038 0.026 0.031 0.034  A 2632
   1887.74755 11.201 11.225 11.200 11.185 11.180    0.028 0.041 0.027 0.032 0.037  A 2789
   1888.73512 11.184 11.137 11.195 11.204 11.198    0.030 0.048 0.030 0.035 0.039  A 2944
   1889.75923 11.201 11.197 11.208 11.205 11.190    0.032 0.043 0.032 0.038 0.044  A 3116
   1899.70887 11.294 11.306 11.285 11.273 11.218    0.028 0.037 0.026 0.031 0.035  A 3224
   1900.71814 11.280 11.312 11.265 11.260 11.252    0.028 0.038 0.026 0.031 0.035  A 3385
   1902.69813 11.286 11.314 11.291 11.281 11.271    0.026 0.031 0.023 0.027 0.031  A 3534
   1903.72061 11.308 11.338 11.294 11.284 11.277    0.024 0.029 0.022 0.028 0.032  A 3702
   1905.70685 11.307 11.290 11.303 11.282 11.268    0.026 0.039 0.026 0.031 0.035  A 4019
   1906.69552 11.344 11.346 11.345 11.334 11.333    0.025 0.035 0.023 0.029 0.033  A 4176
   1907.70251 11.292 11.313 11.277 11.269 11.249    0.028 0.037 0.025 0.029 0.033  A 4339
   1908.69478 11.325 11.344 11.314 11.313 11.317    0.026 0.035 0.024 0.028 0.032  A 4497
   1913.67162 11.322 11.340 11.312 11.304 11.299    0.024 0.030 0.024 0.030 0.033  A 4624
   1914.68544 11.340 11.371 11.324 11.301 11.283    0.025 0.031 0.024 0.029 0.032  A 4789
   1915.68496 11.332 11.277 11.332 11.322 11.300    0.027 0.038 0.026 0.031 0.035  A 4947
   1918.66659 11.321 11.290 11.330 11.315 11.292    0.030 0.035 0.029 0.035 0.040  A 5154
   1919.67823 11.315 11.299 11.316 11.312 11.300    0.029 0.040 0.029 0.035 0.039  A 5319
   1920.67517 11.300 11.336 11.304 11.305 11.299    0.028 0.030 0.026 0.031 0.036  A 5478
   1921.67067 11.319 11.296 11.315 11.298 11.264    0.029 0.034 0.026 0.032 0.036  A 5635
   1922.67075 11.280 11.274 11.268 11.271 11.272    0.029 0.034 0.024 0.028 0.033  A 5785
   1923.66538 11.826 11.881 11.732 11.682 11.671    0.026 0.030 0.024 0.029 0.032  A 5949
   1924.66275 11.259 11.257 11.256 11.242 11.223    0.033 0.036 0.033 0.038 0.043  A 6117
   1925.66353 11.309 11.270 11.314 11.297 11.273    0.040 0.044 0.041 0.047 0.054  A 6286
   1926.65766 11.298 11.267 11.303 11.291 11.273    0.025 0.033 0.024 0.029 0.033  A 6453
   1928.66625 11.302 11.333 11.292 11.287 11.272    0.026 0.032 0.023 0.027 0.031  A 6782
   1929.65458 11.312 11.294 11.302 11.289 11.273    0.027 0.032 0.024 0.028 0.032  A 6932
   1930.65264 11.274 11.252 11.266 11.249 11.245    0.028 0.034 0.024 0.028 0.032  A 7098
   1931.64770 11.308 11.288 11.309 11.302 11.295    0.031 0.037 0.027 0.032 0.037  A 7265
   1932.64476 11.341 11.343 11.331 11.329 11.324    0.030 0.035 0.024 0.027 0.032  A 7428
   1933.64417 11.336 11.364 11.335 11.333 11.325    0.031 0.036 0.025 0.028 0.032  A 7593
   1934.64204 11.338 11.385 11.319 11.326 11.326    0.027 0.033 0.024 0.028 0.031  A 7754
   1936.62341 11.399 11.362 11.383 11.366 11.355    0.029 0.034 0.024 0.028 0.031  A 8016
   1938.61828 11.427 11.425 11.418 11.405 11.385    0.031 0.035 0.024 0.028 0.031  A 8254
   1940.63282 11.467 11.409 11.454 11.442 11.433    0.033 0.038 0.025 0.027 0.031  A 8504
   1945.62472 11.504 11.481 11.500 11.489 11.479    0.033 0.038 0.027 0.031 0.036  A 8675
   1946.63110 11.523 11.482 11.502 11.486 11.475    0.032 0.036 0.028 0.032 0.038  A 8796
   1948.58576 11.508 11.494 11.504 11.502 11.493    0.031 0.033 0.029 0.035 0.040  A 9031
   1949.63424 11.453 11.452 11.452 11.456 11.453    0.032 0.038 0.028 0.034 0.039  A 9188
   1950.60508 11.450 11.467 11.441 11.429 11.408    0.031 0.036 0.026 0.030 0.034  A 9350
   1952.60024 11.400 11.431 11.398 11.390 11.374    0.035 0.040 0.029 0.033 0.039  A 9569
   1953.60495 11.432 11.412 11.425 11.427 11.411    0.040 0.047 0.031 0.034 0.036  A 9656
   1954.60603 11.372 11.376 11.394 11.383 11.355    0.049 0.062 0.038 0.043 0.046  A 9837
   1955.60013 11.355 11.323 11.366 11.369 11.286    0.045 0.054 0.036 0.040 0.041  A 10011
   1958.58383 11.353 11.342 11.355 11.359 11.328    0.042 0.049 0.033 0.036 0.038  A 10178
   1959.59583 11.357 11.402 11.388 11.400 11.384    0.044 0.052 0.034 0.037 0.040  A 10383
   1961.58970 11.249 11.293 11.306 11.328 11.249    0.045 0.054 0.036 0.039 0.039  A 10457
   1963.57052 11.266 11.306 11.298 11.297 11.247    0.048 0.058 0.039 0.042 0.044  A 10782
   1964.58949 11.231 11.223 11.231 11.240 11.193    0.046 0.054 0.036 0.039 0.039  A 10969
   1965.57809 11.189 11.210 11.196 11.200 11.173    0.047 0.055 0.037 0.039 0.040  A 11150
   1967.56069 11.153 11.113 11.142 11.157 11.119    0.050 0.059 0.039 0.042 0.042  A 11495
   1968.57412 11.063 11.085 11.082 11.087 11.018    0.053 0.064 0.042 0.046 0.044  A 11677
   1977.54922 10.914 10.904 10.905 10.913 10.877    0.060 0.071 0.049 0.054 0.054  A 11920
   1979.54563 10.893 10.909 10.902 10.882 10.835    0.065 0.077 0.051 0.054 0.053  B 12188
   1981.58023 10.889 10.886 10.863 10.886 10.816    0.058 0.069 0.047 0.051 0.051  A 12537
   1984.52067 10.982 10.973 10.986 10.995 10.934    0.061 0.073 0.048 0.052 0.052  A 12913
   1993.51242 11.114 11.158 11.149 11.125 11.078    0.069 0.084 0.056 0.059 0.059  D 13278
   2026.50889 11.126 11.129 11.108 11.093 11.069    0.026 0.038 0.026 0.030 0.034  A 17353
   2031.50583 11.132 11.131 11.110 11.081 11.049    0.028 0.043 0.028 0.033 0.036  A 17967
   2054.47530 11.113 11.054 11.145 11.168 11.145    0.061 0.081 0.065 0.079 0.092  D 20185
   2058.45136 11.019 10.981 11.004 11.006 10.993    0.041 0.051 0.038 0.046 0.052  A 21075
   2133.92753 11.018 11.040 11.011 11.005 10.986    0.035 0.051 0.033 0.040 0.044  A 29128
   2135.93091 11.012 11.083 10.990 10.981 10.964    0.041 0.065 0.041 0.048 0.053  A 29556
   2143.92399 11.055 11.048 11.049 11.036 10.999    0.040 0.062 0.038 0.044 0.049  A 30926
   2167.85336 10.966 10.951 10.957 10.945 10.933    0.040 0.061 0.037 0.042 0.047  A 32193
   2171.87303 10.928 10.896 10.914 10.912 10.897    0.042 0.056 0.037 0.043 0.048  A 32705
   2173.85477 10.913 10.919 10.918 10.927 10.925    0.037 0.054 0.034 0.038 0.043  A 33076
   2183.86738 10.987 10.882 10.964 10.947 10.936    0.042 0.055 0.037 0.041 0.047  A 33990
   2185.82357 11.020 10.958 11.017 10.998 10.974    0.041 0.054 0.037 0.042 0.048  A 34349
   2189.86339 11.017 11.014 11.012 11.009 10.960    0.045 0.058 0.037 0.041 0.046  A 34857
   2191.82337 11.092 11.012 11.089 11.079 11.051    0.040 0.053 0.035 0.040 0.044  A 35196
   2193.82614 11.038 11.088 11.051 11.058 11.047    0.039 0.052 0.034 0.038 0.044  A 35553
   2196.80710 11.104 11.084 11.098 11.107 11.130    0.051 0.065 0.051 0.059 0.068  A 36034
   2197.89033 11.053 11.086 11.012 10.986 10.916    0.074 0.085 0.077 0.093 0.109  D 36245
   2199.82501 11.131 11.119 11.133 11.136 11.115    0.044 0.059 0.040 0.044 0.049  A 36578
   2201.82794 11.193 11.091 11.172 11.154 11.122    0.042 0.055 0.035 0.039 0.042  A 36827
   2208.80787 11.203 11.161 11.138 11.107 11.047    0.066 0.076 0.067 0.081 0.092  D 37753
   2212.77308 11.223 11.239 11.255 11.263 11.166    0.047 0.061 0.040 0.045 0.050  A 37978
   2213.81996 11.331 11.341 11.305 11.301 11.268    0.051 0.063 0.042 0.047 0.052  A 38166
   2215.78734 11.277 11.317 11.281 11.299 11.266    0.049 0.062 0.042 0.047 0.049  A 38470
   2217.76836 11.316 11.233 11.300 11.287 11.271    0.049 0.059 0.041 0.046 0.049  A 38796
   2221.78326 11.222 11.168 11.208 11.211 11.155    0.054 0.066 0.045 0.050 0.055  A 39092
   2222.85249 11.217 11.237 11.202 11.164 11.049    0.061 0.075 0.051 0.054 0.058  A 39278
   2225.74157 11.138 11.118 11.109 11.102 11.071    0.050 0.062 0.041 0.045 0.048  A 39555
   2227.76306 11.099 11.081 11.081 11.044 10.977    0.057 0.070 0.047 0.051 0.052  A 39870
   2228.85233 11.042 11.024 11.005 10.945 10.792    0.069 0.084 0.056 0.059 0.062  D 40074
   2230.74404 10.950 10.947 10.989 11.012 10.944    0.060 0.072 0.053 0.057 0.063  A 40355
   2232.79159 11.011 10.953 10.979 10.954 10.926    0.053 0.065 0.043 0.047 0.049  A 40542
   2233.84254 10.940 10.931 10.914 10.899 10.851    0.062 0.073 0.050 0.053 0.054  A 40720
   2235.71828 10.940 10.952 10.922 10.913 10.906    0.053 0.066 0.046 0.052 0.056  A 40980
   2236.81302 10.888 10.888 10.886 10.874 10.795    0.068 0.081 0.056 0.059 0.060  D 41179
   2237.82082 10.859 10.872 10.864 10.838 10.754    0.065 0.079 0.054 0.057 0.058  B 41343
   2239.78501 10.808 10.830 10.833 10.803 10.691    0.062 0.075 0.051 0.055 0.057  A 41487
   2240.80988 10.868 10.827 10.852 10.828 10.759    0.067 0.083 0.054 0.058 0.060  D 41655
   2241.79264 10.820 10.826 10.818 10.804 10.712    0.063 0.075 0.052 0.055 0.056  B 41807
   2242.79263 10.852 10.864 10.822 10.783 10.762    0.071 0.087 0.058 0.062 0.064  D 41967
   2250.75237 10.858 10.861 10.831 10.803 10.727    0.069 0.082 0.055 0.055 0.059  D 42905
   2520.88788 11.030 10.991 10.996 10.992 10.975    0.035 0.047 0.029 0.035 0.039  A 18309
   2521.91529 10.912 10.968 10.905 10.904 10.821    0.036 0.034 0.035 0.041 0.047  A 18518
   2545.81206 11.112 11.118 11.102 11.085 11.051    0.030 0.040 0.027 0.032 0.034  A 20248
   2557.80514 11.197 11.265 11.224 11.235 11.212    0.042 0.050 0.033 0.035 0.038  A 21941
   2561.82489 11.323 11.308 11.318 11.313 11.273    0.027 0.037 0.024 0.028 0.031  A 22636
   2565.82253 11.394 11.330 11.361 11.335 11.286    0.029 0.030 0.024 0.028 0.033  A 23352
   2577.78216 11.335 11.347 11.297 11.264 11.201    0.031 0.033 0.026 0.029 0.032  A 24839
   2621.80372 11.351 11.334 11.313 11.267 11.206    0.024 0.027 0.023 0.028 0.031  A 29871
   2625.72794 11.331 11.298 11.308 11.294 11.266    0.036 0.032 0.027 0.030 0.034  A 30452
   2628.69091 11.232 11.298 11.209 11.186 11.045    0.038 0.036 0.037 0.042 0.046  A 30743
   2631.83509 11.286 11.299 11.266 11.238 11.196    0.026 0.030 0.027 0.031 0.034  A 31663
   2637.70079 11.273 11.305 11.268 11.244 11.162    0.022 0.021 0.021 0.025 0.028  A 32544
   2639.70193 11.274 11.355 11.264 11.247 11.164    0.027 0.026 0.023 0.026 0.029  A 32853
   2641.70243 11.288 11.278 11.302 11.282 11.204    0.027 0.027 0.022 0.026 0.029  A 33136
   2643.72333 11.273 11.289 11.272 11.264 11.212    0.021 0.031 0.021 0.024 0.027  A 33456
   2645.70079 11.298 11.305 11.277 11.286 11.260    0.024 0.024 0.022 0.025 0.028  A 33744
   2647.68595 11.309 11.304 11.289 11.273 11.239    0.057 0.053 0.065 0.080 0.093  D 34034
   2650.66232 11.283 11.348 11.277 11.247 11.131    0.024 0.024 0.021 0.025 0.027  A 34290
   2652.68012 11.289 11.329 11.275 11.257 11.199    0.025 0.029 0.024 0.028 0.031  A 34603
   2654.68140 11.381 11.392 11.362 11.339 11.278    0.026 0.031 0.025 0.029 0.031  A 34913
   2657.71481 11.479 11.424 11.443 11.411 11.375    0.024 0.027 0.025 0.030 0.034  A 35458
   2659.74268 11.407 11.401 11.414 11.396 11.367    0.027 0.034 0.024 0.029 0.033  A 35812
   2661.73983 11.462 11.446 11.450 11.442 11.434    0.023 0.028 0.024 0.028 0.031  A 36153
   2665.72792 11.517 11.472 11.503 11.477 11.434    0.023 0.028 0.022 0.026 0.028  A 36837
   2667.72857 11.506 11.538 11.485 11.458 11.389    0.024 0.026 0.023 0.027 0.030  A 37142
   2669.71798 11.492 11.498 11.469 11.435 11.329    0.024 0.026 0.023 0.027 0.030  A 37464
   2673.71287 11.427 11.467 11.407 11.384 11.344    0.024 0.032 0.022 0.025 0.028  A 38127
   2675.69933 11.381 11.379 11.378 11.354 11.263    0.021 0.026 0.021 0.024 0.027  A 38482
   2677.68135 11.360 11.329 11.348 11.326 11.275    0.023 0.028 0.023 0.028 0.031  A 38821
   2683.63204 11.038 11.082 11.040 11.015 10.973    0.027 0.029 0.024 0.029 0.033  A 39811
   2684.77986 11.000 11.023 10.987 10.966 10.919    0.029 0.026 0.030 0.035 0.039  A 40053
   2686.68852 10.895 10.992 10.918 10.921 10.904    0.042 0.048 0.030 0.035 0.040  A 40381
   2688.67392 10.870 10.876 10.866 10.861 10.833    0.030 0.037 0.028 0.032 0.036  A 40739
   2690.67273 10.786 10.795 10.785 10.778 10.763    0.034 0.041 0.026 0.029 0.032  A 41107
   2692.66977 10.750 10.739 10.749 10.744 10.733    0.060 0.064 0.039 0.041 0.041  A 41456
   2694.67407 10.700 10.793 10.716 10.709 10.703    0.044 0.034 0.036 0.037 0.036  A 41781
   2696.68912 10.762 10.777 10.757 10.754 10.735    0.024 0.029 0.023 0.027 0.030  A 42112
   2698.66761 10.764 10.779 10.767 10.760 10.751    0.035 0.039 0.026 0.028 0.031  A 42520
   2700.66013 10.803 10.776 10.784 10.767 10.733    0.040 0.040 0.027 0.030 0.032  A 42904
   2702.65219 11.172 11.220 11.087 11.007 10.950    0.028 0.030 0.024 0.027 0.030  A 43281
   2704.63940 10.956 10.891 10.941 10.948 10.911    0.048 0.041 0.036 0.038 0.036  A 43661
   2706.61863 10.980 10.925 10.957 10.950 10.928    0.041 0.037 0.026 0.027 0.030  A 44022
   2710.59240 11.086 11.054 11.056 11.047 11.018    0.029 0.032 0.024 0.026 0.029  A 44730
   2711.68712 11.137 11.104 11.101 11.062 11.006    0.024 0.028 0.025 0.029 0.033  A 44965
   2713.65334 11.208 11.160 11.181 11.175 11.150    0.033 0.031 0.030 0.035 0.041  A 45325
   2715.66299 11.232 11.304 11.212 11.207 11.181    0.034 0.034 0.032 0.039 0.045  A 45704
   2719.58125 11.400 11.376 11.387 11.368 11.328    0.022 0.025 0.022 0.026 0.029  A 46074
   2721.60212 11.467 11.496 11.437 11.401 11.352    0.026 0.040 0.025 0.030 0.033  A 46468
   2723.60247 11.514 11.480 11.485 11.444 11.397    0.022 0.034 0.022 0.026 0.029  A 46857
   2725.59907 11.548 11.549 11.514 11.472 11.417    0.023 0.028 0.023 0.026 0.029  A 47247
   2727.59260 11.545 11.524 11.541 11.521 11.455    0.026 0.039 0.025 0.029 0.032  A 47634
   2729.59037 11.519 11.505 11.512 11.487 11.413    0.025 0.033 0.025 0.030 0.034  A 48041
   2733.57845 11.468 11.517 11.432 11.398 11.331    0.026 0.035 0.024 0.029 0.031  A 48595
   2735.57384 11.463 11.453 11.431 11.398 11.348    0.023 0.035 0.022 0.026 0.028  A 48999
   2737.56554 11.336 11.399 11.319 11.329 11.314    0.026 0.041 0.026 0.031 0.034  A 49392
   2741.55839 11.261 11.199 11.246 11.221 11.182    0.027 0.038 0.025 0.029 0.033  A 50118
   2743.57755 11.165 11.210 11.150 11.147 11.104    0.042 0.042 0.032 0.036 0.041  A 50528
   2745.58512 11.180 11.187 11.179 11.163 11.109    0.035 0.034 0.037 0.046 0.053  A 50908
   2751.52190 11.139 11.090 11.120 11.109 11.075    0.027 0.029 0.024 0.027 0.029  A 51780
   2754.52247 11.163 11.104 11.140 11.116 11.088    0.033 0.039 0.024 0.029 0.033  A 52195
   2756.52412 11.063 11.071 11.081 11.086 11.080    0.037 0.041 0.033 0.039 0.044  A 52608
   2758.51723 11.202 11.185 11.177 11.170 11.088    0.056 0.054 0.059 0.071 0.082  D 53028
   2760.53711 11.164 11.209 11.153 11.139 11.104    0.032 0.034 0.024 0.027 0.030  A 53383
   2764.52037 11.260 11.274 11.247 11.207 11.165    0.027 0.035 0.024 0.027 0.029  A 54197
   2776.52993 11.461 11.454 11.441 11.408 11.333    0.029 0.033 0.031 0.037 0.042  A 55263
   2784.47499 11.190 11.218 11.196 11.171 11.138    0.032 0.037 0.028 0.033 0.038  A 56074
   2786.47520 11.118 11.175 11.130 11.114 11.076    0.042 0.033 0.027 0.030 0.032  A 56500
   2789.47390 11.004 11.035 10.994 10.972 10.938    0.027 0.034 0.024 0.028 0.030  A 57039
   2792.46165 10.916 10.895 10.897 10.869 10.800    0.024 0.030 0.023 0.027 0.030  A 57647
   2795.46115 10.828 10.781 10.812 10.799 10.791    0.029 0.039 0.024 0.028 0.032  A 58169
   2862.92785 10.933 10.931 99.999 99.999 99.999    0.043 0.041 0.041 0.048 0.055  C 67290
   2885.89062 11.409 11.462 11.399 11.377 11.321    0.031 0.029 0.026 0.030 0.033  A 70137
   2893.89843 11.390 11.343 11.361 11.344 11.326    0.040 0.036 0.036 0.043 0.050  A 70988
   2896.88858 11.280 11.326 11.245 11.207 11.133    0.028 0.027 0.028 0.034 0.039  A 71580
   2906.87051 11.054 11.074 11.046 11.037 11.014    0.026 0.025 0.023 0.026 0.029  A 73264
   2910.86941 11.064 11.038 11.040 11.027 10.979    0.040 0.029 0.027 0.029 0.032  A 73824
   2912.86775 11.069 11.068 11.055 11.049 11.015    0.026 0.024 0.022 0.025 0.028  A 74198
   2916.82416 11.111 11.164 11.119 11.108 11.067    0.032 0.028 0.025 0.029 0.031  A 74657
   2922.81123 11.254 11.211 11.220 11.201 11.151    0.042 0.036 0.037 0.045 0.050  A 75344
   2924.86435 11.194 11.169 11.163 11.128 11.097    0.025 0.028 0.023 0.027 0.031  A 75725
   2927.82834 11.171 11.240 11.157 11.140 11.106    0.035 0.029 0.029 0.032 0.037  A 76086
   2930.84310 11.225 11.213 11.211 11.192 11.166    0.025 0.027 0.023 0.026 0.029  A 76626
   2940.77305 11.130 11.190 11.102 11.038 10.891    0.041 0.031 0.035 0.044 0.046  A 78061
   2942.81942 11.155 11.166 11.093 11.033 10.943    0.038 0.034 0.036 0.044 0.047  A 78278
   2944.80882 11.072 11.164 10.993 10.898 10.729    0.059 0.045 0.057 0.071 0.081  D 78600
   2947.79150 11.121 11.155 11.035 10.974 10.895    0.049 0.051 0.045 0.053 0.055  A 79071
   2951.77918 11.084 11.108 11.070 11.055 11.013    0.026 0.026 0.026 0.031 0.035  A 79620
   2954.83924 11.061 11.026 11.050 11.038 11.002    0.042 0.058 0.045 0.053 0.062  A 80022
   2957.80636 10.994 11.027 10.990 10.972 10.927    0.030 0.030 0.031 0.038 0.043  A 80443
   2964.78682 10.901 10.954 10.898 10.895 10.853    0.025 0.027 0.026 0.031 0.034  A 81405
   2967.77669 10.935 10.940 10.938 10.930 10.879    0.028 0.029 0.027 0.032 0.036  A 81823
   2970.83832 10.962 10.987 10.963 10.960 10.917    0.036 0.031 0.029 0.032 0.038  A 82183
   2973.80358 10.996 10.984 10.964 10.947 10.924    0.031 0.026 0.024 0.028 0.032  A 82507
   2975.74921 10.998 11.030 10.980 10.957 10.935    0.024 0.024 0.023 0.027 0.030  A 82760
   2977.74210 11.077 11.055 11.040 11.011 10.969    0.038 0.036 0.040 0.049 0.058  A 83028
   2979.76296 11.112 11.089 11.091 11.060 11.011    0.026 0.036 0.026 0.031 0.035  A 83303
   2981.78201 11.166 11.211 11.196 11.199 11.131    0.037 0.032 0.034 0.040 0.046  A 83568
   2984.73330 11.224 11.191 11.188 11.164 11.106    0.027 0.026 0.025 0.029 0.033  A 83942
   2986.79736 11.291 11.278 11.301 11.282 11.170    0.033 0.028 0.027 0.031 0.035  A 84231
   2989.72646 11.270 11.221 11.257 11.237 11.190    0.024 0.026 0.023 0.028 0.031  A 84556
   2991.77118 11.227 11.225 11.222 11.220 11.185    0.031 0.028 0.026 0.029 0.034  A 84832
   2994.70828 11.206 11.217 11.183 11.162 11.119    0.034 0.031 0.029 0.033 0.036  A 85209
   2996.76016 11.185 11.182 11.150 11.131 11.094    0.027 0.030 0.023 0.027 0.031  A 85492
   2998.76256 11.158 11.131 11.136 11.120 11.100    0.035 0.036 0.032 0.038 0.041  A 85768
   3001.74963 11.139 11.133 11.135 11.107 11.079    0.029 0.026 0.024 0.029 0.032  A 86030
   3005.80318 11.081 11.079 11.089 11.088 11.069    0.025 0.032 0.026 0.031 0.035  A 86523
   3007.73380 11.098 11.128 11.091 11.078 11.035    0.029 0.029 0.029 0.035 0.040  A 86759
   3009.76635 11.105 11.087 11.066 11.037 11.001    0.028 0.029 0.028 0.034 0.038  A 87020
   3011.79603 11.376 11.400 11.317 11.299 11.287    0.031 0.030 0.033 0.039 0.044  A 87307
   3015.66697 11.087 11.158 11.064 11.054 11.003    0.035 0.034 0.039 0.049 0.057  A 87631
   3017.69455 11.108 11.136 11.090 11.079 11.041    0.028 0.028 0.025 0.030 0.033  A 87896
   3019.69540 11.157 11.133 11.139 11.127 11.088    0.030 0.028 0.026 0.029 0.033  A 88162
   3029.67385 11.255 11.273 11.231 11.221 11.195    0.032 0.028 0.028 0.033 0.038  A 88645
   3031.72303 11.243 11.287 11.229 11.206 11.137    0.030 0.030 0.031 0.037 0.043  A 88867
   3033.72210 11.289 11.302 11.257 11.212 11.167    0.025 0.026 0.024 0.029 0.032  A 89054
   3035.75771 11.487 11.440 11.424 11.376 11.331    0.026 0.034 0.026 0.031 0.034  A 89292
   3043.64982 11.187 11.224 11.195 11.184 11.145    0.035 0.034 0.034 0.040 0.046  A 89931
   3045.67846 11.182 11.154 11.160 11.138 11.094    0.025 0.029 0.026 0.031 0.035  A 90208
   3048.65177 11.045 11.106 11.036 11.018 10.976    0.027 0.031 0.029 0.035 0.040  A 90602
   3051.61055 11.085 11.120 11.062 11.044 10.989    0.029 0.026 0.026 0.030 0.035  A 90983
   3053.66111 11.155 11.155 11.156 11.135 11.083    0.048 0.049 0.052 0.058 0.067  A 91275
   3055.70799 11.090 11.017 11.069 11.050 11.010    0.026 0.032 0.025 0.030 0.035  A 91569
   3057.74221 11.121 11.081 11.108 11.100 11.070    0.036 0.033 0.041 0.046 0.051  A 91855
   3060.59222 11.028 11.059 11.020 11.020 10.997    0.050 0.055 0.057 0.066 0.074  B 92201
   3062.61101 11.041 11.043 11.031 11.016 10.999    0.056 0.052 0.061 0.075 0.089  D 92471
   3064.64939 11.009 11.066 10.994 10.990 10.963    0.037 0.037 0.042 0.052 0.058  A 92751
   3067.67302 11.079 11.087 11.068 11.047 11.012    0.025 0.027 0.026 0.032 0.036  A 93058
   3069.69143 11.080 11.104 11.040 11.022 10.974    0.032 0.032 0.036 0.045 0.051  A 93357
   3071.71523 11.083 11.148 11.072 11.048 11.023    0.034 0.032 0.038 0.047 0.055  A 93653
   3074.57005 11.153 11.149 11.132 11.107 11.094    0.027 0.027 0.026 0.030 0.034  A 93965
   3074.61474 11.173 11.166 11.162 11.127 11.105    0.025 0.028 0.025 0.029 0.034  A 93982
   3076.64145 11.180 11.220 11.160 11.147 11.126    0.025 0.028 0.026 0.031 0.035  A 94268
   3078.64746 11.236 11.226 11.210 11.176 11.125    0.028 0.028 0.030 0.037 0.041  A 94573
   3080.65802 11.174 11.194 11.168 11.163 11.129    0.039 0.041 0.040 0.048 0.055  A 94865
   3082.68703 11.268 11.209 11.239 11.228 11.179    0.029 0.029 0.028 0.033 0.037  A 95170
   3086.67575 11.194 11.234 11.201 11.181 11.122    0.035 0.034 0.037 0.041 0.046  A 95466
   3088.67884 11.290 11.204 11.255 11.239 11.192    0.037 0.037 0.037 0.041 0.047  A 95779
   3091.52084 11.271 11.276 11.251 11.228 11.185    0.028 0.033 0.028 0.034 0.038  A 96185
   3093.55455 11.223 11.243 11.207 11.188 11.121    0.032 0.031 0.031 0.036 0.040  A 96496
   3097.55579 11.186 11.211 11.178 11.160 11.075    0.027 0.035 0.027 0.032 0.036  A 96781
   3099.56782 11.211 11.220 11.208 11.191 11.155    0.030 0.030 0.031 0.037 0.043  A 97102
   3101.57793 11.157 11.157 11.154 11.173 11.088    0.031 0.030 0.031 0.038 0.043  A 97408
   3103.58459 11.187 11.221 11.176 11.157 11.094    0.028 0.028 0.028 0.033 0.038  A 97726
   3105.57649 11.123 11.161 11.125 11.118 11.074    0.050 0.057 0.054 0.062 0.069  A 98042
   3107.58015 11.195 11.172 11.176 11.150 11.115    0.026 0.027 0.026 0.030 0.034  A 98360
   3109.58695 11.148 11.154 11.134 11.121 11.091    0.026 0.030 0.026 0.032 0.036  A 98672
   3111.58235 11.185 11.194 11.173 11.162 11.124    0.027 0.029 0.027 0.032 0.035  A 98984
   3113.60170 11.195 11.138 11.181 11.171 11.142    0.025 0.026 0.024 0.029 0.033  A 99311
   3122.53485 11.220 11.227 11.202 11.177 11.137    0.026 0.027 0.027 0.033 0.037  A 100173
   3124.56054 11.262 11.252 11.249 11.250 99.999    0.025 0.030 0.026 0.032 0.036  C 100523
   3127.52167 11.282 11.305 11.278 11.250 99.999    0.028 0.031 0.030 0.036 0.042  C 100989
   3129.53640 11.285 11.346 11.295 11.277 11.215    0.032 0.032 0.037 0.046 0.053  A 101332
   3131.54219 11.333 11.322 11.333 11.333 11.296    0.029 0.032 0.031 0.037 0.042  A 101618
   3133.54573 11.301 11.318 11.284 11.265 11.247    0.027 0.029 0.028 0.034 0.038  A 101954
   3144.48921 11.283 11.320 11.255 11.230 11.195    0.034 0.035 0.037 0.042 0.046  A 103223
   3156.47476 11.017 11.009 11.009 11.004 10.980    0.026 0.036 0.027 0.033 0.038  A 104111
   3160.47633 10.930 10.996 10.950 10.952 10.903    0.036 0.034 0.039 0.048 0.056  A 104638
   3164.46255 10.930 10.924 10.916 10.902 10.894    0.026 0.029 0.026 0.032 0.036  A 105137
   3168.46525 10.992 10.977 10.978 10.964 10.952    0.027 0.028 0.027 0.033 0.038  A 105698
   3276.86229 11.196 11.228 11.203 11.196 11.208    0.046 0.053 0.051 0.062 0.073  B 116638
   3296.82637 11.641 11.692 11.591 11.582 11.557    0.034 0.038 0.029 0.033 0.037  A 118729
   3333.79558 11.136 11.162 11.139 11.144 11.143    0.030 0.034 0.031 0.038 0.043  A 121836
   3356.71851 11.301 11.314 11.302 11.299 11.237    0.037 0.051 0.033 0.037 0.042  A 124498
   3362.70914 11.283 11.267 11.277 11.264 11.255    0.039 0.058 0.039 0.044 0.049  A 124858
   3365.77158 11.327 11.337 11.315 11.298 11.282    0.052 0.089 0.047 0.053 0.059  B 125096
   3374.73539 11.243 11.253 11.238 11.232 11.225    0.049 0.069 0.046 0.051 0.056  A 125423
   3385.64501 11.294 11.325 11.276 11.254 11.226    0.048 0.084 0.044 0.050 0.055  B 126037
   3387.69864 11.262 11.251 11.253 11.235 11.231    0.050 0.088 0.043 0.047 0.052  B 126338
   3389.73850 11.288 11.250 11.283 11.266 11.221    0.039 0.059 0.036 0.041 0.045  A 126615
   3391.79853 11.301 11.292 11.294 11.286 11.277    0.040 0.054 0.038 0.042 0.047  A 126886
   3394.81296 11.321 11.359 11.320 11.289 11.264    0.040 0.053 0.038 0.043 0.046  A 127197
   3397.62608 11.312 11.375 11.296 11.277 11.268    0.035 0.053 0.034 0.039 0.043  A 127497
   3399.69314 11.294 11.232 11.307 11.317 11.320    0.047 0.082 0.042 0.047 0.052  B 127779
   3404.70824 11.453 11.492 11.427 11.396 11.356    0.032 0.046 0.029 0.032 0.035  A 128432
   3406.75041 11.487 11.524 11.469 11.461 11.438    0.034 0.047 0.033 0.039 0.043  A 128759
   3408.81069 11.479 11.486 11.450 11.430 11.422    0.033 0.037 0.036 0.042 0.049  A 129089
   3411.62062 11.527 11.480 11.527 11.512 11.482    0.038 0.071 0.034 0.038 0.043  A 129474
   3413.66592 11.552 11.572 11.532 11.520 11.520    0.033 0.046 0.031 0.035 0.040  A 129789
   3417.66979 11.530 11.544 11.509 11.487 11.480    0.035 0.049 0.034 0.038 0.042  A 130430
   3419.65830 11.507 11.471 11.505 11.480 11.457    0.036 0.063 0.033 0.037 0.041  A 130744
   3421.67821 11.442 11.404 11.441 11.419 11.391    0.045 0.071 0.044 0.050 0.055  A 131059
   3423.66602 11.418 11.479 11.399 11.382 11.338    0.043 0.063 0.045 0.054 0.060  A 131385
   3425.69261 11.409 11.465 11.394 11.370 11.365    0.041 0.063 0.040 0.047 0.052  A 131694
   3427.72383 11.359 11.342 11.358 11.393 11.416    0.043 0.052 0.043 0.050 0.056  A 132022
   3431.67409 11.309 11.343 11.313 11.308 11.309    0.033 0.047 0.034 0.040 0.045  A 132372
   3433.69672 11.207 11.246 11.186 11.172 11.136    0.036 0.044 0.036 0.042 0.048  A 132703
   3436.68489 11.157 11.158 11.155 11.146 11.113    0.032 0.036 0.035 0.042 0.048  A 133003
   3439.67596 11.087 11.057 11.079 11.066 11.052    0.028 0.036 0.027 0.031 0.035  A 133341
   3443.52840 11.068 11.139 11.046 11.049 11.056    0.036 0.068 0.032 0.036 0.039  A 133706
   3445.56035 11.053 11.095 11.035 11.016 10.985    0.048 0.085 0.041 0.043 0.045  B 134073
   3447.57428 11.045 11.020 11.062 11.059 11.040    0.032 0.046 0.031 0.034 0.037  A 134715
   3449.59760 11.097 11.072 11.087 11.069 11.037    0.043 0.065 0.041 0.047 0.053  A 135052
   3452.52241 11.111 11.098 11.111 11.114 11.109    0.046 0.078 0.042 0.047 0.051  A 135447
   3454.58361 11.160 11.115 11.162 11.155 11.161    0.036 0.052 0.036 0.042 0.048  A 135805
   3456.58037 11.194 11.253 11.174 11.160 11.154    0.029 0.049 0.031 0.037 0.041  A 136156
   3458.56884 11.287 11.289 11.284 11.272 11.253    0.028 0.035 0.029 0.034 0.039  A 136507
   3460.57367 11.291 11.254 11.294 11.282 11.273    0.029 0.041 0.028 0.032 0.036  A 136875
   3462.58033 11.365 11.386 11.359 11.345 11.332    0.037 0.045 0.037 0.042 0.046  A 137149
   3464.61471 11.355 11.390 11.337 11.329 11.334    0.027 0.033 0.027 0.031 0.035  A 137484
   3466.62955 11.378 11.433 11.345 11.321 11.294    0.030 0.046 0.030 0.034 0.038  A 137826
   3469.62163 11.367 11.374 11.379 11.389 11.388    0.030 0.035 0.028 0.033 0.037  A 138244
   3471.63109 11.381 11.382 11.371 11.345 11.308    0.031 0.039 0.031 0.036 0.040  A 138571
   3473.62551 11.356 11.559 11.333 11.316 11.312    0.049 0.065 0.050 0.057 0.064  A 138874
   3476.53976 11.316 11.366 11.282 11.241 11.200    0.044 0.078 0.040 0.046 0.050  A 139343
   3478.56366 11.229 11.167 11.225 11.198 11.189    0.033 0.059 0.032 0.038 0.042  A 139696
   3480.58579 11.196 11.179 11.199 11.196 11.177    0.039 0.064 0.036 0.041 0.045  A 139985
   3490.54433 11.189 11.214 11.181 11.165 11.135    0.059 0.095 0.057 0.065 0.071  B 141105
   3492.55237 11.094 11.018 11.095 11.101 11.096    0.061 0.102 0.059 0.065 0.070  B 141448
   3497.55106 11.020 10.976 11.025 11.032 11.031    0.046 0.065 0.048 0.058 0.067  A 141885
   3500.53181 11.024 11.007 11.019 10.998 10.983    0.034 0.040 0.036 0.043 0.047  A 142237
   3503.48726 10.984 10.944 10.984 10.978 10.978    0.056 0.096 0.054 0.060 0.065  B 142758
   3512.47475 11.008 11.022 10.990 10.979 10.970    0.030 0.034 0.030 0.036 0.041  A 143805
   3520.48602 11.142 11.158 11.139 11.136 11.113    0.046 0.077 0.042 0.047 0.053  A 144620
   3523.46776 11.165 11.065 11.166 11.168 11.179    0.037 0.051 0.039 0.045 0.048  A 145137
   3526.47324 11.143 11.134 11.146 11.142 11.112    0.037 0.039 0.038 0.043 0.050  A 145624
   3529.46958 11.141 11.152 11.132 11.127 11.102    0.035 0.049 0.034 0.037 0.040  A 146138
   3622.90447 11.020 10.983 11.001 10.985 10.967    0.031 0.035 0.029 0.034 0.038  A 157995
   3630.87698 11.068 11.045 11.066 11.072 11.069    0.034 0.037 0.034 0.041 0.047  A 158871
   3640.86492 11.177 11.212 11.175 11.175 11.170    0.034 0.049 0.031 0.036 0.040  A 160093
   3644.86614 11.268 11.282 11.275 11.268 11.260    0.034 0.043 0.035 0.041 0.046  A 160686
   3648.87850 11.255 11.268 11.249 11.225 11.118    0.041 0.045 0.044 0.051 0.059  A 161108
   3652.85322 11.290 11.285 11.296 11.287 11.229    0.035 0.043 0.035 0.041 0.046  A 161678
   3659.86533 11.284 11.270 11.275 11.251 11.246    0.031 0.036 0.031 0.037 0.042  A 162706
   3663.82587 11.213 11.249 11.208 11.191 11.181    0.038 0.059 0.037 0.044 0.050  A 163276
   3666.86590 11.624 11.707 11.583 11.554 11.505    0.037 0.044 0.040 0.048 0.054  A 163731
   3670.81076 11.279 11.281 11.225 11.193 11.166    0.033 0.039 0.030 0.035 0.040  A 164171
   3673.84244 11.051 11.055 11.072 11.083 11.066    0.034 0.051 0.031 0.035 0.039  A 164614
   3677.80940 10.987 10.997 10.997 10.983 10.970    0.034 0.049 0.033 0.038 0.044  A 165173
   3703.77690 11.261 11.260 11.227 11.203 11.182    0.028 0.033 0.027 0.032 0.035  A 168475
   3706.75774 11.262 11.288 11.235 11.226 11.226    0.046 0.078 0.043 0.049 0.053  A 168881
   3711.85218 11.277 11.278 11.265 11.243 11.217    0.033 0.045 0.031 0.036 0.040  A 169337
   3714.73554 11.277 11.262 11.271 11.265 11.264    0.028 0.036 0.029 0.035 0.038  A 169727
   3717.73372 11.286 11.305 11.269 11.262 11.268    0.037 0.048 0.036 0.042 0.046  A 170112
   3719.79331 11.241 11.200 11.257 11.249 11.214    0.037 0.050 0.037 0.043 0.048  A 170352
   3722.71685 11.307 11.355 11.279 11.251 11.205    0.044 0.067 0.042 0.048 0.054  A 170721
   3725.76208 11.166 11.195 11.176 11.174 11.155    0.038 0.054 0.036 0.042 0.048  A 171044
   3728.70562 11.145 11.102 11.157 11.158 11.152    0.039 0.063 0.038 0.043 0.047  A 171435
   3731.84543 11.208 11.207 11.200 11.195 11.198    0.038 0.044 0.038 0.044 0.048  A 171754
   3734.74518 11.169 11.155 11.145 11.104 11.082    0.043 0.058 0.046 0.055 0.064  A 172108
   3737.71229 11.196 11.141 11.188 11.166 11.141    0.032 0.045 0.029 0.033 0.037  A 172513
   3739.79323 11.236 11.264 99.999 99.999 99.999    0.041 0.072 0.036 0.041 0.044  C 172820
   3742.67837 11.224 11.247 11.226 11.221 11.177    0.045 0.078 0.038 0.041 0.045  A 173157
   3744.76025 11.236 11.198 11.229 11.210 11.207    0.040 0.057 0.038 0.044 0.049  A 173455
   3747.66587 11.174 11.184 11.167 11.152 11.153    0.033 0.039 0.036 0.043 0.048  A 173822
   3749.77232 11.221 11.176 11.206 11.184 11.177    0.045 0.070 0.045 0.053 0.059  A 174141
   3752.72277 11.132 11.121 11.143 11.141 11.117    0.037 0.047 0.037 0.042 0.048  A 174545
   3754.84896 11.104 11.043 11.087 11.083 11.062    0.045 0.067 0.044 0.052 0.058  A 174851
   3757.63065 11.173 11.152 11.160 11.145 11.120    0.033 0.046 0.031 0.036 0.041  A 175198
   3759.69865 11.144 11.210 11.116 11.087 11.064    0.044 0.065 0.044 0.049 0.053  A 175502
   3761.83373 11.176 11.170 11.168 11.150 11.128    0.043 0.062 0.045 0.055 0.060  A 175800
   3764.66416 11.192 11.147 11.209 11.221 11.202    0.046 0.063 0.044 0.048 0.050  A 176160
   3767.63924 11.241 11.284 11.213 11.191 11.187    0.042 0.067 0.041 0.046 0.052  A 176571
   3769.73776 11.257 11.195 11.273 11.282 11.280    0.037 0.054 0.037 0.042 0.046  A 176861
   3772.59873 11.288 11.287 11.274 11.267 11.261    0.028 0.033 0.029 0.035 0.039  A 177206
   3774.69316 11.310 11.304 11.310 11.301 11.294    0.050 0.075 0.048 0.057 0.064  A 177523
   3776.74266 11.300 11.224 99.999 99.999 99.999    0.047 0.073 0.045 0.051 0.058  C 177828
   3778.72002 11.169 11.150 11.191 11.176 11.163    0.052 0.085 0.048 0.055 0.061  B 178130
   3780.75700 11.187 11.155 11.198 11.187 11.160    0.044 0.074 0.043 0.050 0.057  A 178414
   3788.66149 11.281 11.209 11.281 11.271 11.268    0.046 0.078 0.043 0.048 0.051  A 178984
   3790.73332 11.287 11.288 11.285 11.279 11.263    0.031 0.036 0.034 0.041 0.048  A 179279
   3793.62748 11.391 11.478 11.352 11.328 11.285    0.050 0.079 0.046 0.050 0.054  B 179688
   3795.68881 11.276 11.246 11.285 11.268 11.249    0.038 0.067 0.035 0.040 0.044  A 179995
   3797.68021 11.281 11.320 11.283 11.271 11.246    0.030 0.035 0.031 0.037 0.042  A 180272
   3799.72472 11.294 11.334 11.255 11.229 11.204    0.034 0.039 0.035 0.040 0.044  A 180566
   3802.59056 11.381 11.355 11.379 11.365 11.364    0.051 0.081 0.049 0.055 0.061  B 180878
   3804.65831 11.326 11.243 11.324 11.313 11.303    0.042 0.067 0.042 0.051 0.058  A 181175
   3806.66045 11.345 11.334 11.348 11.358 11.336    0.039 0.057 0.039 0.046 0.052  A 181475
   3809.66915 11.353 11.311 11.355 11.338 11.344    0.042 0.061 0.045 0.055 0.062  A 181833
   3811.67640 11.288 11.309 11.262 11.232 11.201    0.039 0.046 0.040 0.048 0.056  A 182150
   3813.69489 11.394 11.422 11.373 11.355 11.354    0.043 0.066 0.045 0.054 0.062  A 182476
   3816.57097 11.326 11.267 11.341 11.354 11.324    0.049 0.083 0.043 0.048 0.051  B 182909
   3818.60551 11.334 11.264 11.327 11.330 11.328    0.037 0.054 0.033 0.038 0.043  A 183243
   3820.61875 11.338 11.314 11.338 11.318 11.294    0.037 0.054 0.037 0.042 0.047  A 183571
   3822.67649 11.294 11.290 11.277 11.246 11.189    0.041 0.057 0.042 0.049 0.056  A 183911
   3825.53337 11.386 11.451 11.361 11.328 11.287    0.045 0.067 0.046 0.056 0.065  A 184363
   3827.54854 11.281 11.261 11.291 11.309 11.303    0.048 0.082 0.043 0.047 0.050  B 184711
   3829.57728 11.358 11.407 11.343 11.307 11.249    0.050 0.087 0.045 0.049 0.052  B 185056
   3831.57865 11.347 11.411 11.332 11.308 11.275    0.043 0.074 0.040 0.045 0.049  A 185398
   3833.58688 11.286 11.303 11.281 11.254 11.204    0.042 0.060 0.041 0.050 0.056  A 185753
   3835.59918 11.237 11.242 11.243 11.231 11.226    0.040 0.042 0.044 0.054 0.062  A 186109
   3837.63691 11.196 11.182 11.196 11.180 11.148    0.039 0.046 0.043 0.052 0.061  A 186452
   3849.52783 11.149 11.162 11.143 11.144 11.136    0.041 0.067 0.039 0.043 0.046  A 187055
   3851.54666 11.152 11.154 11.136 11.124 11.113    0.028 0.037 0.029 0.035 0.039  A 187406
   3853.55912 11.128 11.160 11.128 11.128 11.123    0.030 0.031 0.027 0.033 0.037  A 187759
   3855.57175 11.105 11.106 11.093 11.066 11.044    0.038 0.041 0.039 0.046 0.052  A 188078
   3858.53530 11.184 11.111 11.191 11.183 11.165    0.042 0.068 0.040 0.044 0.047  A 188493
   3860.55850 11.229 11.244 11.206 11.184 11.166    0.031 0.039 0.030 0.035 0.039  A 188810
   3862.54663 99.999 99.999 99.999 99.999 99.999    0.029 0.034 0.029 0.034 0.038  C 189170
   3865.48695 11.186 11.199 11.185 11.185 11.165    0.041 0.053 0.039 0.044 0.048  A 189658
   3867.54339 11.247 11.283 11.228 11.211 11.174    0.043 0.060 0.047 0.056 0.063  A 189994
   3870.47938 11.265 11.261 11.245 11.220 11.201    0.031 0.040 0.032 0.038 0.042  A 190501
   3872.50473 11.306 11.360 11.298 11.292 11.295    0.039 0.071 0.035 0.039 0.042  A 190884
   3876.51793 11.283 11.317 11.268 11.245 11.215    0.049 0.065 0.049 0.055 0.062  A 191300
   3880.49128 11.349 11.317 11.358 11.363 11.354    0.035 0.045 0.038 0.044 0.049  A 191760
   3883.48074 11.341 11.401 11.307 11.294 11.278    0.038 0.056 0.036 0.041 0.045  A 192209
   3887.48333 12.237 12.413 12.138 12.073 11.975    0.042 0.050 0.045 0.054 0.060  A 192605
   3890.48075 11.347 11.345 11.346 11.338 11.321    0.031 0.041 0.030 0.036 0.040  A 193125
   3893.47010 11.324 11.340 11.303 11.279 11.279    0.038 0.046 0.039 0.047 0.054  A 193659
   3898.46460 11.419 11.421 11.390 11.349 11.319    0.034 0.040 0.037 0.044 0.049  A 194301
   3902.44957 11.331 11.378 11.319 11.313 11.302    0.042 0.056 0.043 0.053 0.060  A 194973
   4091.70675 10.985 11.021 10.983 10.963 10.946    0.039 0.067 0.034 0.037 0.041  A 209406
   4105.66523 11.018 11.117 10.988 10.990 10.985    0.038 0.059 0.037 0.043 0.049  A 210829
   4107.70685 11.030 11.026 11.024 11.018 11.002    0.031 0.039 0.029 0.034 0.039  A 211125
   4111.78867 10.972 10.913 10.975 10.961 10.954    0.046 0.077 0.043 0.049 0.053  A 211437
   4125.74253 11.071 11.111 11.057 11.031 11.028    0.046 0.070 0.044 0.050 0.056  A 211572
   4127.70815 11.051 11.086 11.032 11.024 11.019    0.033 0.044 0.030 0.035 0.038  A 211823
   4129.69270 11.014 10.955 11.011 11.006 11.010    0.034 0.052 0.031 0.036 0.041  A 212082
   4131.73246 11.071 11.036 11.069 11.065 11.061    0.040 0.075 0.038 0.042 0.047  A 212349
   4133.75326 10.972 10.968 10.998 11.019 11.018    0.058 0.093 0.052 0.058 0.062  B 212624
   4135.77220 11.028 11.038 11.015 11.010 10.998    0.049 0.073 0.046 0.053 0.059  A 212898
   4137.76091 11.116 11.235 11.091 11.094 11.088    0.044 0.081 0.039 0.044 0.049  B 213172
   4146.68606 11.163 11.198 11.154 11.130 11.096    0.043 0.083 0.039 0.043 0.047  B 214429
   4149.77291 11.258 11.254 11.230 11.196 11.184    0.042 0.062 0.046 0.055 0.062  A 214704
   4152.54868 11.283 11.287 11.271 11.251 11.224    0.030 0.035 0.030 0.034 0.038  A 215086
   4154.59060 11.241 11.208 11.242 11.237 11.245    0.039 0.057 0.037 0.041 0.044  A 215400
   4156.62414 11.363 11.474 11.340 11.320 11.308    0.053 0.091 0.048 0.051 0.054  B 215709
   4158.64077 11.280 11.214 11.283 11.271 11.249    0.043 0.074 0.039 0.043 0.048  A 215992
   4160.67049 11.320 11.333 11.305 11.289 11.280    0.035 0.049 0.035 0.041 0.046  A 216314
   4162.67236 11.333 11.208 11.312 11.289 11.273    0.062 0.082 0.043 0.047 0.053  B 216638
   4164.69949 11.307 11.373 11.277 11.245 11.222    0.050 0.088 0.048 0.054 0.058  B 216924
   4167.63696 11.307 11.160 11.288 11.267 11.263    0.050 0.066 0.037 0.040 0.044  A 217314
   4172.67721 11.238 11.289 11.207 11.183 11.157    0.035 0.047 0.033 0.038 0.043  A 217925
   4174.69018 11.239 11.294 11.209 11.185 11.172    0.043 0.067 0.040 0.047 0.051  A 218247
   4180.59344 11.182 11.214 11.161 11.139 11.142    0.041 0.047 0.043 0.053 0.059  A 218972
   4182.62189 11.175 11.219 11.159 11.140 11.139    0.035 0.053 0.032 0.036 0.040  A 219255
   4184.61822 11.099 11.112 11.083 11.076 11.069    0.034 0.039 0.034 0.039 0.044  A 219545
   4190.66853 11.079 11.042 11.085 11.086 11.068    0.042 0.056 0.039 0.047 0.054  A 220248
   4193.51539 11.147 11.236 11.130 11.117 11.107    0.044 0.065 0.040 0.045 0.051  A 220691
   4196.57695 11.035 11.012 11.014 10.992 10.975    0.049 0.060 0.052 0.065 0.077  B 221025
   4198.57948 11.042 11.025 11.008 10.997 11.018    0.049 0.053 0.056 0.071 0.084  D 221301
   4201.57549 11.065 11.084 11.049 11.029 11.009    0.039 0.051 0.036 0.041 0.046  A 221582
   4204.57136 11.124 11.088 11.110 11.105 11.094    0.035 0.041 0.032 0.037 0.042  A 221926
   4216.55258 11.371 11.323 11.358 11.339 11.324    0.035 0.041 0.031 0.037 0.042  A 222837
   4228.49944 11.437 11.439 11.427 11.413 11.384    0.036 0.044 0.031 0.036 0.041  A 223295
   4230.51009 11.447 11.444 11.462 11.456 11.429    0.039 0.049 0.036 0.040 0.044  A 223643
   4232.52447 11.494 11.446 11.492 11.486 11.498    0.036 0.040 0.036 0.043 0.049  A 223992
   4234.52280 11.486 11.473 11.481 11.480 11.461    0.039 0.043 0.039 0.047 0.055  A 224362
   4236.52229 11.545 11.529 11.538 11.519 11.530    0.062 0.063 0.070 0.086 0.102  D 224718
   4256.47891 11.278 11.221 11.218 11.194 11.182    0.044 0.056 0.033 0.038 0.044  A 227197
   4341.91038 11.437 11.429 11.434 11.423 11.398    0.040 0.049 0.036 0.043 0.049  A 237019
   4345.91118 11.477 11.430 11.485 11.470 11.437    0.039 0.047 0.039 0.046 0.053  A 237698
   4349.90076 11.423 11.427 11.404 11.383 11.363    0.035 0.043 0.034 0.040 0.046  A 238383
   4355.88859 11.349 11.378 11.351 11.342 11.300    0.034 0.042 0.032 0.037 0.042  A 239262
   4362.89534 11.312 11.312 11.301 11.294 11.268    0.038 0.048 0.033 0.038 0.042  A 240260
   4366.86911 11.315 11.300 11.286 11.263 11.209    0.046 0.056 0.041 0.046 0.052  A 240767
   4376.85748 11.085 11.102 11.076 11.059 11.012    0.039 0.048 0.037 0.044 0.050  A 242199
   4380.82978 11.040 11.004 11.033 11.027 11.009    0.039 0.045 0.040 0.047 0.053  A 242786
   4384.82542 11.047 11.040 11.034 11.019 11.006    0.041 0.051 0.038 0.043 0.049  A 243395
   4387.84574 11.112 11.089 11.115 11.092 11.049    0.047 0.055 0.043 0.049 0.055  A 243880
   4402.84530 11.602 11.597 11.560 11.530 11.498    0.039 0.049 0.035 0.041 0.048  A 245184
   4406.84672 11.683 11.627 11.661 11.644 11.617    0.055 0.060 0.054 0.065 0.076  B 245498
   4409.82696 11.640 11.653 11.617 11.582 11.529    0.041 0.057 0.035 0.039 0.043  A 245923
   4413.82689 11.638 11.590 11.631 11.611 11.574    0.043 0.052 0.039 0.046 0.052  A 246312
   4421.79932 11.240 11.269 11.247 11.236 11.210    0.042 0.053 0.040 0.048 0.054  A 246595
   4424.84710 10.997 10.978 11.002 11.000 10.985    0.041 0.059 0.035 0.039 0.043  A 246850
   4427.83115 10.957 10.976 10.951 10.961 10.970    0.034 0.042 0.034 0.040 0.046  A 247118
   4430.77426 10.910 10.920 10.907 10.908 10.903    0.037 0.043 0.037 0.045 0.052  A 247456
   4433.76379 10.941 10.957 10.938 10.925 10.908    0.032 0.037 0.030 0.035 0.040  A 247835
   4436.76922 11.028 11.027 11.015 10.998 10.986    0.032 0.042 0.030 0.035 0.039  A 248199
   4439.75675 11.144 11.149 11.132 11.126 11.121    0.036 0.047 0.032 0.036 0.040  A 248567
   4460.69194 11.562 11.571 11.553 11.534 11.485    0.036 0.041 0.035 0.043 0.050  A 250923
   4462.76199 11.482 11.538 11.471 11.453 11.429    0.037 0.041 0.034 0.040 0.047  A 251217
   4465.68694 11.421 11.400 11.416 11.403 11.400    0.045 0.063 0.041 0.047 0.053  A 251542
   4467.79091 11.477 11.433 11.463 11.452 11.436    0.038 0.046 0.037 0.044 0.050  A 251803
   4470.68870 11.435 11.466 11.425 11.402 11.377    0.036 0.051 0.033 0.037 0.041  A 252114
   4473.73876 11.367 11.407 11.349 11.331 11.330    0.049 0.071 0.044 0.049 0.054  A 252398
   4476.73952 11.240 11.230 11.222 11.202 11.178    0.057 0.062 0.058 0.068 0.077  B 252676
   4479.64786 11.286 11.308 11.262 11.232 11.221    0.040 0.061 0.036 0.041 0.046  A 253019
   4482.68498 11.220 11.197 11.215 11.206 11.187    0.044 0.074 0.041 0.047 0.052  A 253331
   4485.67508 11.239 11.287 11.222 11.199 11.172    0.050 0.069 0.052 0.061 0.070  B 253602
   4487.71012 11.181 11.177 11.184 11.195 11.205    0.039 0.051 0.036 0.041 0.046  A 253848
   4489.75383 11.245 11.280 11.230 11.217 11.203    0.039 0.049 0.036 0.043 0.049  A 254102
   4492.61660 11.201 11.193 11.192 11.169 11.143    0.035 0.039 0.033 0.038 0.043  A 254391
   4494.65591 11.281 11.338 11.248 11.220 11.194    0.037 0.054 0.033 0.039 0.043  A 254652
   4497.77816 11.210 11.192 11.203 11.181 11.158    0.036 0.045 0.032 0.036 0.041  A 254802
   4500.58816 11.279 11.310 11.266 11.260 11.238    0.056 0.055 0.063 0.075 0.086  D 255133
   4505.60148 11.316 11.285 11.299 11.265 11.215    0.040 0.048 0.040 0.046 0.053  A 255838
   4507.65864 11.417 11.492 11.367 11.346 11.328    0.050 0.070 0.050 0.058 0.065  A 256147
   4509.73792 11.361 11.290 11.347 11.328 11.309    0.043 0.062 0.041 0.048 0.054  A 256454
   4512.58972 11.399 11.443 11.378 11.364 11.370    0.050 0.071 0.048 0.057 0.064  A 256811
   4515.70464 11.346 11.377 11.335 11.332 11.328    0.042 0.048 0.044 0.053 0.061  A 257036
   4517.75911 11.327 11.306 11.319 11.297 11.303    0.047 0.063 0.046 0.054 0.061  A 257303
   4520.58773 11.418 11.487 11.390 11.353 11.313    0.042 0.064 0.036 0.041 0.045  A 257689
   4522.60163 11.344 11.308 11.325 11.286 11.234    0.047 0.062 0.044 0.051 0.058  A 257986
   4524.60570 11.355 11.360 11.332 11.315 11.310    0.036 0.046 0.033 0.038 0.041  A 258280
   4526.64205 11.233 11.202 11.219 11.206 11.187    0.046 0.058 0.046 0.053 0.060  A 258580
   4528.70075 11.198 11.257 11.184 11.183 11.174    0.045 0.053 0.046 0.053 0.059  A 258903
   4531.59793 11.115 11.137 11.103 11.096 11.093    0.037 0.043 0.035 0.041 0.046  A 259317
   4536.70957 10.857 10.889 10.859 10.858 10.843    0.034 0.039 0.031 0.036 0.040  A 259955
   4539.54513 10.758 10.726 10.778 10.790 10.793    0.052 0.070 0.053 0.064 0.075  B 260340
   4541.58664 10.809 10.829 10.815 10.808 10.791    0.034 0.039 0.031 0.036 0.042  A 260653
   4543.60648 10.840 10.866 10.848 10.856 10.849    0.037 0.044 0.039 0.046 0.053  A 260972
   4547.63897 10.916 10.924 10.930 10.935 10.904    0.049 0.060 0.048 0.058 0.067  A 261606
   4554.67154 11.286 11.325 11.264 11.241 11.205    0.044 0.052 0.044 0.051 0.059  A 262551
   4559.53544 11.457 11.426 11.441 11.412 11.371    0.037 0.045 0.036 0.042 0.048  A 263323
   4561.59590 11.525 11.498 11.489 11.469 11.446    0.042 0.053 0.039 0.045 0.051  A 263682
   4563.61435 11.449 11.422 11.439 11.418 11.397    0.046 0.058 0.043 0.049 0.055  A 264017
   4565.62708 11.531 11.528 11.523 11.506 11.483    0.041 0.059 0.038 0.043 0.048  A 264359
   4568.53692 11.526 11.597 11.483 11.443 11.416    0.034 0.048 0.030 0.036 0.041  A 264806
   4570.54573 11.527 11.529 11.521 11.499 11.496    0.032 0.035 0.029 0.035 0.039  A 265137
   4572.57303 11.464 11.505 11.468 11.452 11.432    0.038 0.041 0.038 0.045 0.052  A 265490
   4574.59724 11.444 11.452 11.417 11.393 11.365    0.038 0.041 0.039 0.048 0.055  A 265824
