#ndata= 27
#dataset= 1 ; 1 F0728-24_212
#desig= 072031-1913.0
#cra=    7.341832  07:20:30.6
#cdec= -19.216482 -19:12:59.3
#class= 0
#cmag_0= 12.011
#cmer_0=  0.130
#nskip_0= 0
#cmag_1= 11.991
#cmer_1=  0.119
#nskip_1= 0
#cmag_2= 11.980
#cmer_2=  0.119
#nskip_2= 0
#cmag_3= 11.994
#cmer_3=  0.130
#nskip_3= 0
#cmag_4= 12.061
#cmer_4=  0.141
#nskip_4= 0
#ra=    7.341832  07:20:30.6
#dec= -19.216482 -19:12:59.3
#     HJD      MAG_0  MAG_1  MAG_2  MAG_3  MAG_4    MER_0 MER_1 MER_2 MER_3 MER_4 GRADE FRAME
   1928.66625 12.235 12.214 12.184 12.148 12.212    0.032 0.026 0.023 0.027 0.031  A 6782
   1929.65458 12.157 12.173 12.142 12.148 12.176    0.032 0.027 0.024 0.028 0.032  A 6932
   1945.62472 12.095 12.043 12.021 12.046 12.103    0.038 0.033 0.027 0.031 0.036  A 8675
   1958.58383 11.918 11.914 11.937 11.958 12.027    0.049 0.042 0.033 0.036 0.038  A 10178
   1959.59583 11.833 11.859 11.883 11.906 11.967    0.052 0.044 0.034 0.037 0.040  A 10383
   1967.56069 11.792 11.780 11.799 11.834 11.926    0.059 0.050 0.039 0.042 0.042  A 11495
   2135.93091 12.068 12.076 12.082 12.108 12.174    0.065 0.041 0.041 0.048 0.053  A 29556
   2143.92399 12.143 12.110 12.122 12.166 12.263    0.062 0.040 0.038 0.044 0.049  A 30926
   2713.65334 11.978 11.984 11.985 12.021 12.148    0.031 0.033 0.030 0.035 0.041  A 45325
   2741.55839 11.879 11.841 11.794 11.759 11.821    0.038 0.027 0.025 0.029 0.033  A 50118
   3011.79603 12.196 12.119 12.112 12.108 12.216    0.030 0.031 0.033 0.039 0.044  A 87307
   3051.61055 12.144 12.144 12.129 12.186 12.240    0.026 0.029 0.026 0.030 0.035  A 90983
   3069.69143 29.999 29.999 29.999 29.999 29.999    0.032 0.032 0.036 0.045 0.051  C 93357
   3071.71523 11.948 11.895 11.871 11.855 11.916    0.032 0.034 0.038 0.047 0.055  A 93653
   3074.61474 12.026 11.933 11.902 11.848 11.870    0.028 0.025 0.025 0.029 0.034  A 93982
   3078.64746 11.868 11.860 11.843 11.887 11.968    0.028 0.028 0.030 0.037 0.041  A 94573
   3093.55455 11.964 11.938 11.892 11.889 11.929    0.031 0.032 0.031 0.036 0.040  A 96496
   3097.55579 11.811 11.835 11.789 11.776 11.796    0.035 0.027 0.027 0.032 0.036  A 96781
   3099.56782 11.939 11.920 11.904 11.937 11.996    0.030 0.030 0.031 0.037 0.043  A 97102
   3101.57793 11.907 11.901 11.880 11.860 11.890    0.030 0.031 0.031 0.038 0.043  A 97408
   3103.58459 11.896 11.898 11.881 11.879 11.919    0.028 0.028 0.028 0.033 0.038  A 97726
   3105.57649 11.966 12.014 12.046 12.137 12.274    0.057 0.050 0.054 0.062 0.069  A 98042
   3122.53485 12.058 12.059 12.064 12.096 12.140    0.027 0.026 0.027 0.033 0.037  A 100173
   3131.54219 29.999 29.999 29.999 29.999 29.999    0.032 0.029 0.031 0.037 0.042  C 101618
   3144.48921 12.162 12.124 12.113 12.139 12.237    0.035 0.034 0.037 0.042 0.046  A 103223
   3373.78698 12.082 12.072 12.049 12.078 12.130    0.053 0.044 0.044 0.049 0.055  A 125382
   3382.83348 12.221 12.131 12.092 12.090 12.117    0.056 0.040 0.042 0.049 0.054  A 125694
#ndata= 11
#dataset= 2 ; 1 F0656-16_256
#desig= 072031-1913.0
#cra=    7.341918  07:20:30.9
#cdec= -19.217258 -19:13:02.1
#class= 0
#cmag_0= 11.963
#cmer_0=  0.125
#nskip_0= 0
#cmag_1= 11.958
#cmer_1=  0.108
#nskip_1= 0
#cmag_2= 11.976
#cmer_2=  0.089
#nskip_2= 0
#cmag_3= 11.992
#cmer_3=  0.096
#nskip_3= 0
#cmag_4= 12.039
#cmer_4=  0.097
#nskip_4= 0
#ra=    7.341918  07:20:30.9
#dec= -19.217258 -19:13:02.1
#     HJD      MAG_1  MAG_0  MAG_2  MAG_3  MAG_4    MER_1 MER_0 MER_2 MER_3 MER_4 GRADE FRAME
   2232.73574 11.781 11.764 11.877 11.938 11.966    0.049 0.059 0.041 0.046 0.049  A 40517
   2235.76207 11.927 11.859 11.948 11.990 12.010    0.050 0.059 0.041 0.047 0.048  A 40999
   2237.79379 11.965 11.951 12.005 12.054 12.094    0.058 0.068 0.048 0.052 0.056  A 41331
   2239.75386 11.833 11.838 11.855 11.867 11.920    0.061 0.073 0.050 0.056 0.060  A 41473
   2241.77958 11.880 11.869 11.906 11.919 11.983    0.054 0.064 0.046 0.051 0.053  A 41801
   2242.75336 11.893 11.903 11.934 11.965 12.026    0.058 0.070 0.049 0.054 0.057  A 41951
   2243.76333 11.810 11.796 11.866 11.917 11.971    0.063 0.073 0.053 0.060 0.062  A 42111
   2549.85345 12.231 12.208 12.207 12.318 12.467    0.062 0.073 0.053 0.056 0.057  A 20871
   2628.69600 11.993 12.033 11.932 11.906 11.924    0.039 0.039 0.037 0.044 0.048  A 30745
   2679.63228 12.140 12.137 12.125 12.159 12.191    0.031 0.032 0.030 0.035 0.039  A 39131
   2947.80373 11.978 12.036 11.964 11.951 12.028    0.028 0.036 0.026 0.030 0.033  A 79076
#ndata= 515
#dataset= 3 ; 1 F0728-16_257
#desig= 072030-1912.9
#cra=    7.341577  07:20:29.7
#cdec= -19.214900 -19:12:53.6
#class= 0
#cmag_0= 12.726
#cmer_0=  0.273
#nskip_0= 0
#cmag_1= 12.507
#cmer_1=  0.237
#nskip_1= 0
#cmag_2= 12.200
#cmer_2=  0.188
#nskip_2= 0
#cmag_3= 12.120
#cmer_3=  0.120
#nskip_3= 0
#cmag_4= 12.083
#cmer_4=  0.093
#nskip_4= 0
#ra=    7.341577  07:20:29.7
#dec= -19.214900 -19:12:53.6
#     HJD      MAG_0  MAG_1  MAG_2  MAG_3  MAG_4    MER_0 MER_1 MER_2 MER_3 MER_4 GRADE FRAME
   2942.83096 29.999 29.999 29.999 29.999 29.999    0.030 0.027 0.024 0.028 0.031  C 78283
   2944.83686 29.999 29.999 29.999 29.999 29.999    0.048 0.037 0.041 0.051 0.059  C 78612
   2983.73446 29.999 29.999 29.999 29.999 29.999    0.030 0.030 0.031 0.038 0.043  C 83814
   3415.60885 12.536 12.341 12.068 12.036 12.018    0.041 0.028 0.027 0.030 0.034  A 130096
   3798.62661 29.999 29.999 29.999 29.999 29.999    0.041 0.034 0.035 0.039 0.043  C 180395
   4441.74594 12.919 12.674 12.333 12.205 12.149    0.042 0.035 0.034 0.038 0.043  A 248815
#dataset= 3 ; 2 F0728-16_257
#desig= 072031-1913.0
#cra=    7.341859  07:20:30.7
#cdec= -19.217053 -19:13:01.4
#class= 0
#cmag_0= 12.046
#cmer_0=  0.133
#nskip_0= 1
#cmag_1= 12.021
#cmer_1=  0.125
#nskip_1= 0
#cmag_2= 12.002
#cmer_2=  0.124
#nskip_2= 1
#cmag_3= 12.005
#cmer_3=  0.128
#nskip_3= 3
#cmag_4= 12.043
#cmer_4=  0.140
#nskip_4= 3
#ra=    7.341859  07:20:30.7
#dec= -19.217053 -19:13:01.4
#     HJD      MAG_0  MAG_1  MAG_2  MAG_3  MAG_4    MER_0 MER_1 MER_2 MER_3 MER_4 GRADE FRAME
   1869.77854 11.937 11.877 11.841 11.818 11.856    0.054 0.028 0.029 0.034 0.037  A 304
   1874.71396 11.976 11.950 11.917 11.926 11.972    0.049 0.026 0.026 0.032 0.035  A 1038
   1876.81904 11.860 11.863 11.836 11.823 11.829    0.047 0.027 0.026 0.031 0.034  A 1405
   1877.79002 11.945 11.926 11.873 11.845 11.891    0.039 0.024 0.024 0.029 0.032  A 1550
   1880.70928 11.947 11.943 11.903 11.873 11.884    0.054 0.033 0.032 0.037 0.041  A 1986
   1884.74467 11.975 11.948 11.922 11.919 11.949    0.036 0.025 0.024 0.029 0.032  A 2308
   1885.75747 11.946 11.975 11.918 11.851 11.873    0.037 0.026 0.025 0.029 0.033  A 2474
   1886.76202 11.984 11.973 11.961 11.983 12.006    0.034 0.026 0.024 0.029 0.032  A 2636
   1887.75029 11.937 11.955 11.931 11.939 11.990    0.039 0.027 0.026 0.031 0.035  A 2790
   1888.73784 12.009 11.963 11.928 11.904 11.934    0.041 0.027 0.027 0.033 0.036  A 2945
   1889.76435 12.042 11.980 11.964 11.971 11.999    0.039 0.033 0.032 0.039 0.045  A 3118
   1899.71161 12.068 12.077 12.038 12.023 12.051    0.035 0.026 0.025 0.029 0.034  A 3225
   1900.72089 12.115 12.068 12.009 11.960 11.973    0.034 0.027 0.025 0.029 0.033  A 3386
   1902.70088 12.049 12.034 12.024 12.014 12.034    0.033 0.025 0.023 0.027 0.031  A 3535
   1903.73280 12.066 12.063 12.032 12.011 12.063    0.038 0.024 0.023 0.028 0.032  A 3707
   1904.69817 12.198 12.103 12.050 12.041 12.103    0.038 0.025 0.024 0.029 0.033  A 3853
   1905.70961 12.117 12.117 12.102 12.095 12.175    0.038 0.025 0.024 0.029 0.033  A 4020
   1907.70527 12.106 12.087 12.060 12.027 12.031    0.035 0.026 0.023 0.027 0.031  A 4340
   1908.69755 12.206 12.111 12.044 12.026 12.023    0.033 0.026 0.023 0.027 0.031  A 4498
   1914.69271 12.224 12.219 12.216 12.234 12.307    0.035 0.025 0.025 0.030 0.033  A 4792
   1915.69227 12.275 12.237 12.201 12.213 12.246    0.039 0.026 0.024 0.029 0.032  A 4950
   1918.67159 12.149 12.143 12.141 12.184 12.214    0.039 0.031 0.030 0.037 0.041  A 5156
   1919.68549 12.141 12.147 12.062 12.025 12.084    0.041 0.031 0.030 0.037 0.041  A 5322
   1920.68246 12.242 12.202 12.181 12.162 12.254    0.033 0.027 0.027 0.032 0.037  A 5481
   1921.67573 12.227 12.185 12.136 12.116 12.146    0.034 0.028 0.026 0.032 0.037  A 5637
   1922.67803 12.212 12.180 12.163 12.165 12.191    0.033 0.028 0.025 0.029 0.034  A 5788
   1923.67267 12.228 12.208 12.231 12.277 12.333    0.033 0.028 0.027 0.032 0.036  A 5952
   1924.66775 12.077 12.054 12.017 12.009 12.018    0.045 0.039 0.041 0.048 0.054  A 6119
   1925.66851 12.227 12.210 12.192 12.179 12.154    0.036 0.026 0.025 0.029 0.033  A 6288
   1926.66493 12.206 12.206 12.184 12.206 12.241    0.032 0.026 0.024 0.028 0.032  A 6456
   1928.66898 12.202 12.199 12.194 12.193 12.246    0.033 0.025 0.023 0.027 0.031  A 6783
   1929.65954 12.239 12.211 12.156 12.120 12.116    0.034 0.025 0.023 0.027 0.032  A 6934
   1930.65762 12.221 12.178 12.151 12.141 12.151    0.035 0.027 0.023 0.027 0.031  A 7100
   1931.65494 12.214 12.194 12.165 12.131 12.172    0.035 0.028 0.025 0.029 0.033  A 7268
   1932.64748 12.154 12.138 12.123 12.108 12.121    0.035 0.029 0.024 0.027 0.032  A 7429
   1933.64912 12.108 12.142 12.126 12.129 12.177    0.036 0.030 0.024 0.027 0.032  A 7595
   1934.64701 12.179 12.148 12.125 12.122 12.167    0.033 0.026 0.023 0.027 0.031  A 7756
   1935.58786 12.222 12.216 12.181 12.171 12.200    0.030 0.026 0.023 0.027 0.031  A 7887
   1937.62575 12.185 12.133 12.093 12.042 12.068    0.034 0.029 0.023 0.027 0.031  A 8137
   1938.64974 12.164 12.141 12.102 12.089 12.103    0.036 0.030 0.025 0.028 0.032  A 8263
   1940.63710 12.190 12.153 12.119 12.105 12.148    0.035 0.030 0.023 0.027 0.031  A 8505
   1945.62814 12.168 12.152 12.176 12.187 12.199    0.036 0.031 0.027 0.031 0.037  A 8676
   1946.63458 12.097 12.062 12.013 12.011 12.065    0.037 0.031 0.029 0.034 0.039  A 8797
   1948.59214 12.049 12.063 12.052 12.083 12.121    0.035 0.030 0.030 0.036 0.042  A 9033
   1949.65060 12.072 12.040 12.042 12.018 12.047    0.037 0.032 0.029 0.034 0.040  A 9195
   1950.61001 12.064 12.061 12.054 12.047 12.070    0.037 0.030 0.027 0.031 0.036  A 9352
   1952.60517 11.934 11.995 11.960 11.929 11.927    0.039 0.034 0.028 0.033 0.038  A 9571
   1953.60756 11.966 11.942 11.956 11.961 11.975    0.044 0.039 0.031 0.034 0.037  A 9657
   1954.60863 11.880 11.920 11.967 12.024 12.082    0.055 0.046 0.037 0.042 0.044  A 9838
   1955.60273 11.902 11.930 11.953 11.970 12.013    0.052 0.043 0.034 0.037 0.040  A 10012
   1959.59840 11.836 11.911 11.913 11.940 12.005    0.050 0.042 0.033 0.036 0.040  A 10384
   1961.59226 11.824 11.855 11.865 11.883 11.888    0.051 0.043 0.033 0.037 0.040  A 10458
   1963.57307 11.822 11.812 11.859 11.877 11.971    0.055 0.045 0.036 0.040 0.041  A 10783
   1964.59428 11.793 11.808 11.808 11.810 11.861    0.053 0.045 0.036 0.039 0.041  A 10971
   1965.58062 11.742 11.762 11.801 11.828 11.847    0.050 0.043 0.034 0.038 0.040  A 11151
   1967.56320 11.721 11.819 11.842 11.871 11.907    0.055 0.046 0.036 0.040 0.041  A 11496
   1968.57891 11.670 11.715 11.764 11.818 11.880    0.063 0.051 0.041 0.045 0.045  A 11679
   1977.54488 11.657 11.740 11.758 11.799 11.818    0.069 0.058 0.048 0.055 0.057  A 11918
   1979.54359 11.680 11.713 11.765 11.839 11.931    0.074 0.062 0.050 0.053 0.053  B 12187
   1981.58262 11.703 11.701 11.750 11.758 11.840    0.068 0.057 0.046 0.051 0.052  A 12538
   1984.52303 11.641 11.629 11.689 11.722 11.791    0.071 0.059 0.046 0.050 0.050  B 12914
   2026.52234 12.237 12.255 12.202 12.173 12.170    0.039 0.026 0.027 0.031 0.034  A 17359
   2031.45776 12.321 12.224 12.215 12.227 12.328    0.041 0.030 0.030 0.035 0.039  A 17946
   2040.48668 12.214 12.145 12.123 12.178 12.198    0.081 0.065 0.071 0.089 0.102  D 19396
   2054.44724 12.376 12.491 12.693 13.006 14.257    0.085 0.084 0.101 0.124 0.145  D 20173
   2058.45537 12.316 12.324 12.289 12.320 12.401    0.036 0.030 0.030 0.033 0.037  A 21077
   2136.92800 12.051 11.994 11.968 11.997 12.034    0.055 0.036 0.036 0.042 0.047  A 29769
   2166.90226 12.006 11.986 11.940 11.913 11.905    0.048 0.034 0.032 0.038 0.042  A 32027
   2168.87439 12.046 12.075 12.036 12.048 12.077    0.048 0.035 0.032 0.036 0.041  A 32369
   2172.84941 11.988 12.028 12.001 12.015 12.052    0.051 0.035 0.032 0.037 0.042  A 32882
   2185.83969 12.011 11.948 11.955 11.983 12.074    0.053 0.042 0.037 0.042 0.047  A 34356
   2189.87475 11.979 11.997 12.011 12.028 12.116    0.057 0.046 0.039 0.044 0.048  A 34862
   2193.83522 12.009 11.973 11.915 11.878 11.907    0.050 0.037 0.033 0.037 0.042  A 35557
   2196.82309 11.990 11.950 11.940 11.936 11.987    0.051 0.037 0.032 0.037 0.041  A 36041
   2200.82424 11.941 11.971 11.947 11.943 11.965    0.054 0.042 0.035 0.039 0.044  A 36646
   2202.80708 11.925 11.973 11.993 12.011 12.031    0.049 0.040 0.035 0.040 0.045  A 36983
   2208.81711 11.986 12.032 12.019 12.014 12.071    0.062 0.055 0.054 0.064 0.074  B 37757
   2212.78231 11.910 11.898 11.899 11.894 11.953    0.054 0.045 0.039 0.044 0.049  A 37982
   2213.82921 11.900 11.902 11.900 11.894 11.921    0.055 0.047 0.041 0.047 0.052  A 38170
   2215.79664 11.905 11.930 11.927 11.987 12.075    0.053 0.045 0.040 0.046 0.051  A 38474
   2217.78013 11.889 11.917 11.910 11.909 11.909    0.056 0.048 0.041 0.047 0.052  A 38801
   2221.79302 11.838 11.876 11.873 11.886 11.925    0.064 0.055 0.049 0.056 0.061  A 39096
   2222.85788 11.846 11.927 11.935 12.011 12.035    0.071 0.059 0.050 0.055 0.059  B 39280
   2225.74417 11.791 11.837 11.835 11.839 11.870    0.059 0.047 0.039 0.044 0.047  A 39556
   2227.77016 11.811 11.819 11.865 11.903 11.973    0.065 0.055 0.046 0.051 0.053  A 39873
   2229.75397 11.853 11.824 11.857 11.889 11.965    0.062 0.051 0.043 0.048 0.052  A 40194
   2230.85847 11.919 11.931 11.980 12.024 12.139    0.077 0.067 0.058 0.061 0.065  D 40404
   2232.79655 11.814 11.802 11.788 11.811 11.844    0.060 0.049 0.041 0.045 0.048  A 40544
   2235.81693 11.916 11.888 11.899 11.923 11.971    0.062 0.052 0.043 0.047 0.049  A 41023
   2237.73794 11.774 11.773 11.806 11.808 11.859    0.066 0.056 0.046 0.049 0.053  A 41307
   2240.81254 11.773 11.828 11.825 11.854 11.897    0.075 0.062 0.052 0.056 0.059  B 41656
   2242.71637 11.765 11.764 11.813 11.878 11.995    0.085 0.075 0.071 0.081 0.090  D 41935
   2244.81276 11.820 11.919 11.961 11.994 12.109    0.086 0.071 0.061 0.066 0.069  D 42253
   2248.78171 11.788 11.824 11.870 11.909 11.996    0.087 0.071 0.059 0.062 0.063  D 42560
   2249.77063 11.772 11.822 11.861 11.941 11.960    0.079 0.066 0.054 0.058 0.060  B 42752
   2250.75733 11.828 11.871 11.895 11.925 11.979    0.084 0.070 0.055 0.056 0.058  D 42907
   2520.90202 11.950 11.914 11.909 11.928 11.973    0.040 0.028 0.028 0.034 0.037  A 18315
   2540.86090 12.127 12.077 12.089 12.108 12.180    0.036 0.035 0.035 0.040 0.044  A 19807
   2544.90349 12.152 12.270 12.408 12.427 12.543    0.046 0.052 0.047 0.056 0.065  A 20098
   2549.85345 12.232 12.256 12.218 12.319 12.476    0.076 0.063 0.055 0.058 0.061  B 20871
   2552.83478 12.103 12.040 12.021 12.023 12.064    0.030 0.021 0.022 0.026 0.029  A 21229
   2557.82573 12.045 12.034 12.039 12.069 12.114    0.047 0.042 0.033 0.036 0.038  A 21950
   2559.83784 12.075 12.051 12.046 12.059 12.089    0.028 0.027 0.022 0.026 0.029  A 22315
   2561.84387 12.213 12.136 12.139 12.170 12.252    0.025 0.025 0.022 0.026 0.029  A 22644
   2565.83891 12.127 12.060 12.090 12.112 12.225    0.033 0.039 0.031 0.036 0.041  A 23359
   2574.79426 12.302 12.402 12.410 12.501 12.549    0.074 0.064 0.054 0.057 0.059  B 24415
   2577.78916 12.198 12.172 12.159 12.180 12.265    0.031 0.033 0.029 0.033 0.036  A 24842
   2621.78596 12.141 12.051 12.040 12.083 12.176    0.034 0.037 0.027 0.031 0.035  A 29863
   2623.74267 12.081 12.069 12.020 12.020 12.014    0.021 0.020 0.021 0.025 0.027  A 30176
   2625.73071 12.060 12.035 12.018 12.019 12.049    0.023 0.023 0.023 0.028 0.030  A 30453
   2628.69600 12.067 12.018 11.941 11.904 11.936    0.035 0.036 0.035 0.042 0.047  A 30745
   2631.83786 12.041 12.004 11.986 11.968 11.976    0.023 0.023 0.025 0.029 0.034  A 31664
   2635.69158 12.036 11.967 11.950 11.963 12.047    0.027 0.024 0.023 0.026 0.030  A 32249
   2637.70357 12.032 12.020 11.973 11.968 11.993    0.025 0.020 0.020 0.023 0.026  A 32545
   2639.70925 12.036 12.031 11.985 11.987 11.996    0.029 0.019 0.019 0.022 0.025  A 32856
   2641.70748 12.062 11.988 11.946 11.936 11.953    0.025 0.020 0.020 0.024 0.027  A 33138
   2643.72862 12.084 12.043 12.028 12.015 12.073    0.025 0.022 0.021 0.024 0.027  A 33458
   2645.70587 12.037 11.981 11.946 11.919 11.904    0.024 0.022 0.021 0.025 0.028  A 33746
   2647.69327 12.093 12.066 12.032 12.087 12.213    0.054 0.060 0.070 0.087 0.101  D 34037
   2650.67197 12.090 12.067 12.027 12.017 12.024    0.020 0.020 0.018 0.021 0.024  A 34294
   2652.68289 12.105 12.102 12.069 12.050 12.074    0.025 0.022 0.022 0.026 0.028  A 34604
   2654.68418 12.077 12.036 12.033 12.072 12.150    0.035 0.023 0.024 0.028 0.030  A 34914
   2657.71757 12.000 11.911 11.901 11.923 11.953    0.023 0.025 0.026 0.031 0.036  A 35459
   2659.74543 12.058 12.039 99.999 99.999 99.999    0.022 0.024 0.025 0.030 0.033  C 35813
   2661.74259 12.084 12.040 11.988 11.960 11.960    0.022 0.021 0.022 0.027 0.029  A 36154
   2663.73901 12.137 12.151 12.118 12.108 12.150    0.025 0.023 0.023 0.027 0.029  A 36491
   2665.73066 12.115 12.131 12.105 12.085 12.092    0.023 0.022 0.021 0.025 0.027  A 36838
   2667.73130 12.148 12.113 12.102 12.124 12.193    0.023 0.022 0.022 0.026 0.028  A 37143
   2669.72071 12.103 12.024 12.040 12.062 12.154    0.020 0.022 0.022 0.026 0.028  A 37465
   2671.71980 12.175 12.086 12.091 12.106 12.176    0.022 0.021 0.021 0.025 0.027  A 37794
   2673.71558 12.163 12.039 12.015 11.984 12.032    0.027 0.022 0.022 0.025 0.027  A 38128
   2675.70202 12.141 12.088 12.076 12.061 12.091    0.022 0.021 0.020 0.023 0.025  A 38483
   2677.68404 12.103 12.069 12.073 12.120 12.184    0.022 0.022 0.023 0.027 0.030  A 38822
   2681.63455 12.110 12.083 12.082 12.091 12.102    0.035 0.025 0.027 0.033 0.037  A 39455
   2683.63468 12.169 12.108 12.092 12.086 12.130    0.029 0.022 0.023 0.027 0.031  A 39812
   2684.78248 12.059 12.153 12.148 12.164 12.214    0.029 0.028 0.031 0.038 0.044  A 40054
   2686.69115 12.141 12.127 12.100 12.118 12.150    0.041 0.029 0.030 0.036 0.040  A 40382
   2688.67653 12.161 12.083 12.071 12.065 12.118    0.026 0.024 0.026 0.031 0.036  A 40740
   2690.67533 12.050 12.034 12.030 12.038 12.077    0.034 0.024 0.024 0.029 0.032  A 41108
   2692.67235 12.065 12.022 12.000 11.996 12.026    0.042 0.026 0.026 0.031 0.034  A 41457
   2694.67663 12.045 12.034 12.032 12.090 12.110    0.035 0.032 0.028 0.028 0.032  A 41782
   2696.69166 12.076 12.069 12.048 12.057 12.097    0.026 0.023 0.022 0.025 0.027  A 42113
   2698.67016 12.029 11.999 11.959 11.928 11.934    0.026 0.022 0.022 0.025 0.027  A 42521
   2700.66264 12.045 12.047 12.008 11.985 11.997    0.029 0.022 0.022 0.025 0.028  A 42905
   2702.65469 12.055 12.057 11.999 12.003 11.996    0.021 0.021 0.021 0.024 0.027  A 43282
   2704.64188 12.025 11.955 11.934 11.961 12.023    0.033 0.022 0.021 0.024 0.026  A 43662
   2706.62109 11.993 11.981 11.986 12.001 12.055    0.035 0.039 0.029 0.028 0.030  A 44023
   2710.59483 12.004 11.947 11.900 11.894 11.944    0.021 0.022 0.022 0.025 0.028  A 44731
   2711.68953 11.944 11.894 11.885 11.899 11.940    0.028 0.025 0.025 0.030 0.033  A 44966
   2713.65574 11.933 11.929 11.899 11.923 11.963    0.027 0.024 0.026 0.031 0.036  A 45326
   2715.66539 11.983 11.990 11.969 11.931 11.970    0.030 0.029 0.032 0.038 0.044  A 45705
   2721.60446 11.915 11.932 11.884 11.879 11.885    0.032 0.025 0.025 0.029 0.031  A 46469
   2723.60479 11.966 11.883 11.860 11.825 11.870    0.026 0.023 0.022 0.026 0.028  A 46858
   2725.60137 11.910 11.899 11.858 11.841 11.865    0.030 0.023 0.023 0.026 0.029  A 47248
   2727.59487 11.955 11.954 11.904 11.910 11.931    0.031 0.024 0.022 0.026 0.029  A 47635
   2729.59263 11.899 11.806 11.792 11.773 11.797    0.031 0.023 0.023 0.028 0.031  A 48042
   2733.58067 11.973 11.980 11.945 11.954 12.001    0.025 0.022 0.022 0.025 0.027  A 48596
   2735.57604 11.953 11.850 11.833 11.812 11.852    0.028 0.023 0.022 0.025 0.028  A 49000
   2737.56774 11.985 11.978 11.940 11.909 11.895    0.031 0.024 0.024 0.029 0.032  A 49393
   2739.58547 11.922 11.936 11.915 11.892 11.908    0.029 0.026 0.027 0.031 0.034  A 49736
   2741.56054 11.969 11.851 11.797 11.793 11.835    0.031 0.025 0.028 0.035 0.039  A 50119
   2743.57967 12.011 11.905 11.857 11.794 11.817    0.033 0.025 0.027 0.032 0.037  A 50529
   2745.58722 12.054 12.075 99.999 99.999 99.999    0.038 0.040 0.042 0.051 0.060  C 50909
   2750.47606 11.972 11.904 11.873 11.870 11.926    0.039 0.038 0.032 0.035 0.038  A 51568
   2751.60027 11.983 11.971 11.957 11.949 11.975    0.028 0.025 0.027 0.031 0.035  A 51814
   2754.56854 12.057 11.985 11.980 11.974 12.013    0.033 0.024 0.023 0.027 0.030  A 52215
   2756.56790 12.032 11.985 11.980 12.005 12.041    0.025 0.023 0.023 0.027 0.030  A 52627
   2758.55866 12.268 12.248 12.312 12.382 12.648    0.069 0.074 0.087 0.107 0.123  D 53046
   2760.57670 12.056 12.058 12.034 12.074 12.142    0.026 0.024 0.024 0.027 0.029  A 53400
   2763.46515 12.095 12.060 12.073 12.138 12.220    0.033 0.030 0.027 0.031 0.034  A 53953
   2766.48635 12.061 12.108 12.086 12.093 12.134    0.037 0.034 0.027 0.030 0.034  A 54461
   2770.48728 12.241 12.178 12.155 12.164 12.246    0.037 0.039 0.028 0.032 0.035  A 54793
   2775.46256 12.170 12.073 12.066 12.050 12.049    0.030 0.028 0.028 0.033 0.038  A 55010
   2784.50004 12.282 12.213 12.198 12.208 12.269    0.027 0.024 0.024 0.028 0.031  A 56085
   2787.45747 12.179 12.204 12.164 12.166 12.180    0.026 0.024 0.023 0.026 0.030  A 56719
   2791.45463 12.368 12.253 12.253 12.281 12.573    0.031 0.031 0.033 0.040 0.045  A 57475
   2794.45127 12.220 12.200 12.204 12.221 12.292    0.035 0.025 0.024 0.028 0.032  A 57989
   2804.45066 12.236 12.135 12.178 12.282 12.408    0.038 0.038 0.043 0.052 0.060  A 58967
   2884.91547 12.115 12.065 12.048 12.051 12.059    0.033 0.037 0.035 0.041 0.048  A 69937
   2893.90770 12.127 12.103 12.132 12.157 12.213    0.029 0.032 0.035 0.043 0.048  A 70992
   2896.89787 12.146 12.139 12.057 12.067 12.097    0.025 0.025 0.026 0.032 0.035  A 71584
   2905.90080 12.221 12.158 12.145 12.134 12.128    0.026 0.026 0.025 0.031 0.036  A 73095
   2910.87648 12.184 12.184 12.150 12.152 12.187    0.026 0.024 0.021 0.025 0.028  A 73827
   2915.89081 12.170 12.177 12.155 12.178 12.262    0.029 0.036 0.029 0.034 0.039  A 74496
   2918.84285 12.117 12.142 12.100 12.063 12.017    0.041 0.048 0.057 0.070 0.082  D 74975
   2922.82059 12.155 12.119 12.076 12.063 12.091    0.029 0.029 0.030 0.037 0.043  A 75348
   2924.86893 12.141 12.079 12.059 12.080 12.105    0.029 0.028 0.026 0.031 0.035  A 75727
   2927.83802 12.168 12.149 12.133 12.166 12.200    0.026 0.027 0.025 0.030 0.034  A 76090
   2930.85270 12.065 12.047 12.036 12.034 12.049    0.026 0.024 0.022 0.026 0.029  A 76630
   2933.84656 12.100 12.050 12.033 12.064 12.122    0.027 0.026 0.024 0.028 0.032  A 77161
   2940.78457 12.107 12.094 12.050 12.064 12.114    0.027 0.029 0.027 0.032 0.037  A 78066
   2947.80373 12.054 11.996 11.969 11.951 12.041    0.051 0.037 0.035 0.041 0.046  A 79076
   2951.79424 11.991 11.975 11.953 11.957 99.999    0.028 0.027 0.027 0.032 0.038  C 79626
   2954.85201 11.838 11.831 11.771 11.728 11.751    0.043 0.045 0.044 0.053 0.061  A 80027
   2957.81414 12.041 11.975 11.984 12.014 12.018    0.030 0.035 0.033 0.039 0.046  A 80446
   2961.77378 11.953 11.968 11.922 11.933 11.978    0.026 0.026 0.024 0.029 0.033  A 80972
   2964.78958 11.931 11.917 11.882 11.895 11.945    0.029 0.026 0.025 0.031 0.035  A 81406
   2967.78718 11.925 11.916 11.887 11.876 11.904    0.029 0.029 0.027 0.031 0.035  A 81827
   2971.74819 12.032 12.003 12.002 12.003 12.050    0.029 0.026 0.026 0.030 0.035  A 82289
   2976.75736 12.012 12.037 12.060 12.098 99.999    0.038 0.037 0.034 0.039 0.045  C 82900
   2980.76894 12.005 11.920 11.918 11.931 12.020    0.035 0.035 0.034 0.041 0.049  A 83428
   2986.72693 12.137 12.109 12.073 12.083 12.154    0.027 0.025 0.024 0.030 0.034  A 84204
   2988.78169 12.220 12.104 12.104 12.137 12.268    0.041 0.038 0.033 0.038 0.044  A 84443
   2991.71484 12.115 12.127 12.055 12.056 12.078    0.027 0.026 0.024 0.029 0.033  A 84809
   2996.70565 12.163 12.155 12.145 12.180 12.244    0.027 0.025 0.025 0.029 0.033  A 85470
   2998.75309 12.260 12.228 12.231 12.255 12.322    0.032 0.035 0.032 0.037 0.042  A 85764
   3006.67626 12.362 12.255 12.227 12.245 12.318    0.027 0.027 0.027 0.033 0.037  A 86601
   3008.72221 12.259 12.250 12.202 12.211 12.270    0.031 0.030 0.027 0.032 0.037  A 86874
   3010.73185 12.366 12.288 12.294 12.309 12.415    0.032 0.033 0.032 0.039 0.045  A 87145
   3016.66558 12.220 12.281 12.296 12.395 12.546    0.034 0.029 0.031 0.037 0.042  A 87752
   3018.69953 12.391 12.349 12.377 12.432 12.509    0.035 0.030 0.029 0.034 0.039  A 88037
   3023.68763 12.242 12.197 12.163 12.148 12.201    0.030 0.027 0.025 0.029 0.034  A 88314
   3027.82659 12.337 12.281 12.300 12.300 12.332    0.031 0.029 0.030 0.035 0.041  A 88520
   3030.61594 12.355 12.298 12.221 12.187 12.257    0.037 0.033 0.037 0.041 0.045  A 88721
   3034.67321 12.336 12.303 12.323 12.352 12.416    0.033 0.031 0.032 0.039 0.045  A 89145
   3036.75444 12.225 12.195 12.167 12.165 12.214    0.027 0.026 0.025 0.029 0.034  A 89399
   3043.65748 12.169 12.203 12.209 12.281 12.410    0.036 0.036 0.036 0.044 0.051  A 89933
   3045.68405 12.266 12.208 12.191 12.204 12.223    0.031 0.025 0.027 0.032 0.036  A 90210
   3048.65734 12.219 12.238 12.244 12.247 12.282    0.032 0.029 0.030 0.037 0.043  A 90604
   3051.61347 12.162 12.114 12.077 12.083 12.097    0.036 0.032 0.029 0.034 0.039  A 90984
   3055.71087 12.227 12.190 12.121 12.077 12.106    0.035 0.029 0.032 0.038 0.041  A 91570
   3057.74512 12.176 12.166 12.124 12.127 12.170    0.035 0.040 0.044 0.052 0.058  A 91856
   3062.61464 11.913 11.717 11.679 11.735 11.819    0.071 0.075 0.084 0.104 0.127  D 92472
   3064.65219 12.096 12.130 12.090 12.087 12.146    0.026 0.025 0.026 0.031 0.035  A 92752
   3067.67581 11.963 11.959 11.913 11.954 12.000    0.029 0.029 0.029 0.034 0.040  A 93059
   3069.69427 12.069 12.001 11.974 11.980 12.002    0.036 0.035 0.039 0.049 0.057  A 93358
   3071.71798 12.013 12.037 12.094 12.170 12.262    0.035 0.036 0.039 0.049 0.057  A 93654
   3076.64739 11.998 11.998 11.993 12.040 12.088    0.029 0.029 0.029 0.036 0.041  A 94270
   3078.65016 11.904 11.867 11.860 11.865 11.919    0.033 0.030 0.032 0.038 0.044  A 94574
   3080.66617 11.968 11.930 11.937 11.944 11.994    0.038 0.035 0.038 0.044 0.051  A 94867
   3082.68966 11.931 11.977 11.938 11.913 11.916    0.029 0.029 0.028 0.033 0.038  A 95171
   3086.67841 12.008 12.000 11.968 12.025 12.133    0.057 0.057 0.062 0.071 0.082  D 95467
   3088.68146 11.883 11.894 11.864 11.886 11.918    0.032 0.034 0.033 0.039 0.045  A 95780
   3091.52342 11.940 11.900 11.888 11.874 11.886    0.031 0.030 0.029 0.035 0.040  A 96186
   3093.55720 11.931 11.899 11.876 11.886 11.922    0.030 0.032 0.029 0.035 0.039  A 96497
   3097.55911 11.994 11.865 11.835 11.829 11.850    0.043 0.034 0.030 0.035 0.041  A 96782
   3099.57033 11.854 11.777 11.788 11.781 11.838    0.042 0.041 0.039 0.049 0.058  A 97103
   3101.58041 11.941 11.956 11.957 11.957 12.011    0.033 0.032 0.034 0.040 0.048  A 97409
   3103.58707 11.857 11.848 11.825 11.815 11.888    0.031 0.030 0.030 0.036 0.042  A 97727
   3105.57893 11.954 11.869 11.831 11.789 11.802    0.034 0.036 0.040 0.045 0.050  A 98043
   3107.58405 11.871 11.909 11.915 11.963 12.016    0.030 0.026 0.027 0.032 0.036  A 98361
   3109.58935 12.008 11.920 11.907 11.900 11.916    0.030 0.027 0.026 0.031 0.035  A 98673
   3111.58473 12.004 12.008 11.968 12.016 12.067    0.026 0.027 0.026 0.032 0.037  A 98985
   3113.60409 11.955 11.953 11.939 11.949 12.012    0.029 0.029 0.027 0.032 0.036  A 99312
   3121.47171 12.077 12.045 12.008 11.969 11.958    0.026 0.026 0.026 0.031 0.035  A 100032
   3123.50218 12.146 12.106 12.109 12.111 12.128    0.027 0.025 0.025 0.030 0.035  A 100331
   3125.53318 11.983 12.052 12.057 12.056 12.077    0.033 0.026 0.028 0.034 0.040  A 100678
   3128.51274 12.190 12.078 12.083 12.083 12.159    0.032 0.031 0.035 0.043 0.052  A 101153
   3130.52975 12.280 12.301 12.310 12.379 12.474    0.031 0.031 0.033 0.041 0.046  A 101449
   3132.54647 12.174 12.076 12.089 12.108 12.148    0.030 0.032 0.032 0.038 0.046  A 101787
   3142.48977 12.303 12.252 12.230 12.250 12.286    0.029 0.031 0.028 0.034 0.039  A 103060
   3146.48144 12.374 12.309 12.265 12.230 12.305    0.031 0.028 0.028 0.033 0.039  A 103463
   3152.45743 29.999 29.999 29.999 29.999 29.999    0.052 0.055 0.059 0.070 0.077  C 103653
   3156.46304 12.229 12.253 12.239 12.230 12.229    0.031 0.029 0.029 0.035 0.040  A 104107
   3164.45694 12.300 12.202 12.209 12.198 12.213    0.041 0.045 0.051 0.063 0.075  B 105135
   3273.86810 12.206 12.168 12.167 12.190 12.241    0.037 0.032 0.029 0.034 0.039  A 116274
   3277.85418 12.121 12.075 12.099 12.160 12.207    0.050 0.038 0.034 0.040 0.046  A 116770
   3296.83708 12.028 12.001 12.022 12.052 12.082    0.040 0.034 0.029 0.034 0.040  A 118732
   3333.80878 11.836 11.830 11.807 11.819 11.898    0.054 0.035 0.035 0.043 0.047  A 121840
   3356.72850 11.957 11.953 11.937 11.927 11.995    0.056 0.046 0.040 0.043 0.046  A 124501
   3362.71215 12.105 12.027 11.978 11.958 11.979    0.045 0.031 0.032 0.038 0.042  A 124859
   3365.77520 12.052 11.995 11.967 11.950 11.946    0.074 0.050 0.044 0.051 0.056  B 125097
   3373.78698 12.093 12.081 12.058 12.082 12.130    0.062 0.046 0.045 0.052 0.057  A 125382
   3382.83348 12.222 12.140 12.103 12.092 12.111    0.050 0.035 0.037 0.043 0.047  A 125694
   3384.71909 12.095 12.024 12.083 12.174 12.318    0.080 0.082 0.098 0.121 0.144  D 125912
   3386.78321 12.243 12.176 12.120 12.092 12.075    0.095 0.055 0.051 0.059 0.063  B 126217
   3389.63716 12.171 12.148 12.124 12.147 12.224    0.037 0.029 0.029 0.034 0.039  A 126579
   3391.67964 12.154 12.124 12.079 12.040 12.058    0.048 0.040 0.034 0.037 0.043  A 126846
   3396.81161 12.340 12.269 12.247 12.281 12.286    0.078 0.045 0.043 0.050 0.055  B 127430
   3399.60864 12.240 12.172 12.098 12.075 12.111    0.058 0.035 0.034 0.040 0.045  A 127755
   3404.66771 12.442 12.407 12.444 12.514 12.573    0.081 0.045 0.044 0.049 0.055  B 128416
   3406.67120 12.141 12.099 12.061 12.037 12.059    0.092 0.053 0.048 0.051 0.054  B 128731
   3408.69151 12.163 12.109 12.069 12.053 12.112    0.070 0.041 0.038 0.042 0.045  A 129049
   3410.78052 12.281 12.287 12.267 12.249 12.249    0.037 0.032 0.033 0.037 0.041  A 129395
   3413.57713 12.254 12.119 12.050 12.042 12.091    0.037 0.033 0.035 0.042 0.047  A 129756
   3415.60885 12.211 12.219 12.162 12.121 12.150    0.041 0.028 0.027 0.030 0.034  A 130096
   3417.62060 12.258 12.219 12.200 12.206 12.207    0.046 0.034 0.033 0.037 0.039  A 130412
   3419.61269 12.080 12.117 12.110 12.136 12.199    0.056 0.049 0.033 0.034 0.039  A 130728
   3421.64253 12.185 12.148 12.128 12.094 12.104    0.082 0.052 0.048 0.053 0.057  B 131047
   3423.63206 12.089 12.085 12.041 12.023 12.051    0.072 0.049 0.049 0.057 0.062  A 131373
   3425.66011 12.125 12.114 12.128 12.180 12.338    0.063 0.044 0.042 0.049 0.055  A 131682
   3427.69435 12.042 12.005 12.007 12.058 12.175    0.075 0.051 0.052 0.063 0.070  B 132011
   3431.65881 12.112 12.047 12.035 12.068 12.099    0.075 0.046 0.041 0.046 0.050  B 132366
   3433.68027 12.102 12.041 12.021 12.012 12.036    0.053 0.036 0.035 0.039 0.043  A 132697
   3436.66914 12.096 12.046 12.040 12.068 12.135    0.042 0.034 0.035 0.042 0.049  A 132997
   3439.66009 12.050 12.044 12.017 12.017 12.037    0.036 0.028 0.026 0.030 0.034  A 133335
   3443.52613 11.962 11.926 11.907 11.908 11.927    0.034 0.027 0.027 0.031 0.034  A 133705
   3445.55803 12.088 12.028 11.999 11.977 12.054    0.095 0.055 0.053 0.058 0.063  B 134072
   3447.57195 12.092 12.004 11.953 11.955 11.998    0.075 0.042 0.036 0.039 0.042  B 134714
   3449.59527 11.937 11.933 11.891 11.875 11.905    0.080 0.048 0.044 0.049 0.055  B 135051
   3452.52008 11.926 11.917 11.903 11.924 11.971    0.076 0.042 0.039 0.045 0.050  B 135446
   3454.58120 11.963 11.927 11.888 11.868 11.908    0.073 0.044 0.042 0.047 0.051  A 135804
   3456.57722 11.924 11.887 11.872 11.882 11.921    0.031 0.027 0.028 0.034 0.037  A 136155
   3458.56644 11.962 11.907 11.891 11.891 11.928    0.072 0.039 0.036 0.042 0.046  A 136506
   3460.57118 11.946 11.871 11.859 11.847 11.859    0.055 0.033 0.032 0.037 0.041  A 136874
   3462.57788 11.954 11.940 11.913 11.896 11.905    0.051 0.033 0.033 0.039 0.043  A 137148
   3464.61223 11.930 11.932 11.913 11.897 11.914    0.064 0.036 0.031 0.035 0.039  A 137483
   3466.62706 11.876 11.877 11.838 11.847 11.893    0.056 0.034 0.030 0.035 0.038  A 137825
   3469.61910 11.915 11.919 11.899 11.890 11.902    0.030 0.025 0.026 0.030 0.034  A 138243
   3471.62772 11.954 11.934 11.925 11.915 11.935    0.034 0.029 0.027 0.031 0.035  A 138570
   3474.50089 11.991 11.945 11.957 11.975 12.057    0.030 0.024 0.024 0.028 0.032  A 139009
   3477.50589 12.042 11.969 11.933 11.945 11.947    0.059 0.035 0.032 0.036 0.040  A 139502
   3479.54886 12.031 11.973 11.958 11.956 12.014    0.061 0.031 0.031 0.037 0.040  A 139827
   3481.56140 12.014 11.990 11.938 11.938 11.984    0.034 0.029 0.029 0.034 0.038  A 140152
   3491.53604 12.070 12.018 11.983 11.962 12.052    0.104 0.063 0.062 0.069 0.076  B 141275
   3495.53096 12.032 12.050 12.047 12.075 12.115    0.061 0.038 0.038 0.046 0.052  A 141601
   3499.50829 12.041 12.008 12.021 12.041 12.123    0.070 0.041 0.037 0.043 0.048  A 142076
   3501.51287 12.078 12.028 11.996 11.956 11.967    0.046 0.036 0.033 0.036 0.039  A 142411
   3503.53131 12.108 12.093 12.061 12.025 12.043    0.034 0.029 0.029 0.033 0.037  A 142773
   3509.46469 12.111 12.083 12.065 12.080 12.120    0.038 0.030 0.027 0.032 0.036  A 143367
   3512.49117 12.033 11.965 11.976 12.022 12.070    0.036 0.028 0.030 0.037 0.041  A 143811
   3516.49508 11.978 11.942 11.938 11.960 12.021    0.063 0.046 0.047 0.056 0.064  A 144130
   3521.45082 12.049 12.038 12.036 12.053 12.104    0.054 0.040 0.041 0.048 0.052  A 144779
   3526.45187 12.083 11.969 11.905 11.871 11.849    0.044 0.032 0.032 0.037 0.041  A 145616
   3529.45259 11.951 11.993 11.958 11.964 12.008    0.081 0.044 0.039 0.043 0.046  B 146132
   3603.92253 11.992 11.970 11.943 11.977 12.027    0.040 0.037 0.039 0.048 0.055  A 155980
   3618.90945 11.966 11.952 11.931 11.939 11.977    0.037 0.032 0.034 0.040 0.044  A 157374
   3622.91036 11.866 11.882 11.861 11.878 11.897    0.045 0.034 0.032 0.037 0.042  A 157997
   3633.90117 11.995 11.958 11.930 11.931 11.984    0.040 0.033 0.036 0.044 0.052  A 159305
   3640.87635 11.932 11.939 11.915 11.893 11.905    0.039 0.028 0.028 0.033 0.036  A 160097
   3644.87695 11.979 11.977 11.963 11.983 12.027    0.039 0.033 0.035 0.042 0.049  A 160690
   3653.84246 11.972 11.990 11.965 11.979 12.041    0.042 0.039 0.043 0.050 0.057  A 161810
   3656.86607 99.999 99.999 99.999 99.999 99.999    0.037 0.033 0.034 0.041 0.047  C 162256
   3660.83118 12.036 11.940 11.910 11.899 11.934    0.039 0.032 0.035 0.042 0.049  A 162846
   3664.82160 12.076 12.022 12.000 12.009 12.051    0.037 0.030 0.033 0.038 0.043  A 163419
   3668.84820 11.905 11.941 11.941 11.973 12.020    0.035 0.031 0.030 0.036 0.041  A 163896
   3671.83887 11.932 11.932 11.909 11.904 11.930    0.042 0.031 0.030 0.036 0.041  A 164325
   3675.79423 11.997 11.936 11.901 11.876 11.893    0.040 0.029 0.027 0.032 0.036  A 164882
   3700.77740 11.734 11.787 11.765 11.778 11.830    0.069 0.041 0.036 0.040 0.043  A 168088
   3703.78331 11.872 11.841 11.824 11.810 11.814    0.062 0.036 0.032 0.036 0.040  A 168477
   3706.76689 11.809 11.795 11.779 11.774 11.809    0.071 0.042 0.039 0.044 0.050  A 168884
   3711.79605 11.823 11.813 11.799 11.805 11.845    0.054 0.033 0.030 0.035 0.039  A 169317
   3714.73846 11.871 11.839 11.832 11.835 11.880    0.052 0.034 0.033 0.036 0.040  A 169728
   3717.73673 11.794 11.764 11.725 11.709 11.729    0.039 0.031 0.032 0.039 0.043  A 170113
   3719.79704 11.906 11.858 11.838 11.866 11.935    0.059 0.038 0.037 0.044 0.050  A 170353
   3722.71986 11.793 11.806 11.816 11.834 11.873    0.045 0.036 0.037 0.044 0.050  A 170722
   3725.76003 11.900 11.892 11.861 11.856 11.909    0.042 0.033 0.031 0.038 0.042  A 171043
   3728.70861 11.907 11.867 11.817 11.802 11.806    0.038 0.034 0.038 0.044 0.049  A 171436
   3732.69194 11.995 11.939 11.911 11.929 11.983    0.067 0.041 0.042 0.050 0.058  A 171839
   3735.71194 11.862 11.842 11.832 11.842 11.880    0.084 0.047 0.044 0.047 0.051  B 172237
   3740.72207 11.946 11.905 11.875 11.873 11.865    0.042 0.035 0.036 0.042 0.048  A 172936
   3743.66768 11.919 11.915 11.895 11.913 11.937    0.050 0.033 0.032 0.038 0.042  A 173288
   3745.73146 11.976 11.911 11.879 11.874 11.922    0.068 0.041 0.039 0.045 0.049  A 173581
   3748.64793 11.900 11.902 11.908 11.920 11.959    0.056 0.039 0.041 0.049 0.055  A 173958
   3750.69576 11.971 11.946 11.895 11.894 11.917    0.075 0.048 0.044 0.050 0.055  B 174259
   3752.80728 11.971 11.916 11.890 11.896 11.933    0.050 0.039 0.039 0.047 0.053  A 174573
   3755.62842 11.997 11.939 11.919 11.905 99.999    0.075 0.045 0.042 0.047 0.051  C 174916
   3757.68555 11.931 11.930 11.931 11.929 11.965    0.062 0.038 0.036 0.042 0.047  A 175216
   3759.74536 11.944 11.915 11.872 11.835 11.865    0.039 0.031 0.033 0.040 0.046  A 175517
   3762.66401 12.080 12.015 11.999 12.000 12.060    0.093 0.055 0.050 0.054 0.057  B 175883
   3764.77855 12.060 12.004 11.962 11.982 12.036    0.056 0.043 0.041 0.047 0.052  A 176196
   3767.64565 12.033 11.978 11.962 11.980 11.993    0.041 0.034 0.036 0.043 0.049  A 176573
   3769.74354 12.055 12.046 12.028 12.047 12.107    0.069 0.055 0.058 0.065 0.073  B 176863
   3772.60160 11.982 11.949 11.940 11.956 11.997    0.038 0.030 0.031 0.036 0.040  A 177207
   3774.69618 12.009 11.963 11.953 11.957 12.016    0.076 0.047 0.046 0.053 0.059  B 177524
   3776.74926 12.004 11.902 11.858 11.916 12.003    0.066 0.046 0.046 0.054 0.061  A 177830
   3778.72289 12.062 11.984 11.919 11.887 11.913    0.064 0.043 0.043 0.051 0.058  A 178131
   3780.75998 11.993 11.952 11.892 11.850 11.837    0.069 0.044 0.042 0.050 0.056  A 178415
   3787.59289 11.919 11.850 11.854 11.878 11.929    0.073 0.043 0.040 0.045 0.049  A 178824
   3789.64798 11.915 11.920 11.914 11.939 11.992    0.041 0.035 0.035 0.041 0.045  A 179115
   3791.69069 11.962 11.898 11.874 11.884 11.894    0.053 0.037 0.038 0.043 0.047  A 179417
   3793.69568 11.964 11.905 11.877 11.868 11.902    0.037 0.031 0.034 0.040 0.045  A 179711
   3796.58394 11.926 11.918 11.928 11.939 11.993    0.060 0.035 0.031 0.035 0.038  A 180101
   3800.63175 11.985 11.887 11.847 11.834 11.879    0.046 0.035 0.035 0.041 0.046  A 180669
   3803.60709 11.911 11.910 11.853 11.809 11.804    0.050 0.038 0.040 0.048 0.055  A 181016
   3805.63163 11.937 11.931 11.908 11.933 11.951    0.039 0.033 0.037 0.044 0.050  A 181313
   3808.64523 11.996 11.959 11.940 11.914 11.995    0.036 0.035 0.041 0.050 0.058  A 181662
   3810.64959 11.976 11.976 11.944 11.920 11.954    0.035 0.033 0.036 0.044 0.051  A 181985
   3812.65301 12.013 11.976 11.968 11.960 12.020    0.071 0.044 0.042 0.048 0.054  A 182307
   3814.64897 11.974 11.959 11.930 11.894 11.891    0.070 0.040 0.037 0.043 0.048  A 182621
   3816.68308 11.972 11.976 11.938 11.931 11.959    0.035 0.033 0.035 0.042 0.048  A 182947
   3821.59563 11.974 11.995 11.971 11.955 11.974    0.093 0.051 0.048 0.053 0.056  B 183724
   3823.63182 11.933 11.915 11.868 11.834 11.857    0.079 0.046 0.045 0.051 0.055  B 184059
   3825.64500 12.023 11.984 11.946 11.966 12.006    0.057 0.042 0.045 0.055 0.064  A 184403
   3828.51725 12.024 11.982 11.939 11.935 11.955    0.062 0.037 0.035 0.040 0.044  A 184869
   3830.58127 11.943 11.923 11.895 11.881 11.920    0.061 0.038 0.038 0.045 0.050  A 185224
   3832.59312 11.993 12.006 12.015 12.033 12.110    0.064 0.042 0.043 0.053 0.059  A 185583
   3834.59037 11.990 11.964 11.963 12.008 12.044    0.081 0.045 0.042 0.048 0.053  B 185927
   3847.47741 11.960 11.923 11.884 11.861 11.887    0.045 0.037 0.039 0.048 0.055  A 186720
   3849.55899 11.933 11.886 11.836 11.828 11.846    0.085 0.049 0.045 0.049 0.053  B 187066
   3851.56495 12.003 11.968 11.950 11.963 12.025    0.036 0.029 0.029 0.033 0.037  A 187413
   3853.57510 11.897 11.875 11.846 11.823 11.817    0.032 0.028 0.027 0.032 0.036  A 187765
   3856.51418 12.014 11.921 11.895 11.895 11.938    0.092 0.053 0.047 0.050 0.052  B 188193
   3861.53187 11.885 11.871 11.874 11.901 11.948    0.034 0.028 0.027 0.034 0.038  A 188979
   3863.53550 11.890 11.856 11.839 11.846 11.842    0.040 0.032 0.030 0.036 0.040  A 189324
   3865.54695 11.890 11.883 11.868 11.857 11.918    0.071 0.041 0.039 0.045 0.049  A 189679
   3868.50756 11.957 11.929 11.921 11.942 11.927    0.068 0.042 0.041 0.047 0.052  A 190151
   3870.51007 11.959 11.951 11.924 11.921 11.961    0.037 0.030 0.032 0.038 0.043  A 190512
   3872.52573 11.886 11.891 11.878 11.867 11.867    0.035 0.026 0.027 0.032 0.036  A 190892
   3877.45215 11.935 11.943 11.930 11.929 11.960    0.044 0.032 0.030 0.035 0.040  A 191436
   3881.45385 12.068 11.969 11.937 11.938 11.992    0.038 0.029 0.029 0.035 0.039  A 191932
   3886.44999 11.967 11.949 11.910 11.892 11.945    0.039 0.030 0.030 0.036 0.040  A 192407
   3891.47139 12.032 11.981 11.964 11.982 12.034    0.038 0.029 0.029 0.035 0.039  A 193298
   3894.46313 12.053 12.001 11.982 12.000 12.034    0.035 0.032 0.033 0.040 0.046  A 193823
   3899.45702 11.971 11.893 11.846 11.886 11.894    0.052 0.064 0.080 0.102 0.121  D 194459
   4083.85786 12.177 12.139 12.089 12.051 12.104    0.059 0.038 0.038 0.043 0.048  A 208441
   4089.71483 12.030 11.983 11.962 11.991 12.061    0.068 0.049 0.047 0.057 0.066  A 209156
   4103.76304 12.051 12.013 11.979 11.965 99.999    0.075 0.044 0.044 0.051 0.057  C 210634
   4106.66583 11.935 11.889 11.884 11.863 11.885    0.040 0.031 0.030 0.036 0.041  A 210968
   4109.70761 11.934 11.924 11.894 11.858 11.832    0.094 0.056 0.052 0.058 0.063  B 211265
   4126.73365 11.866 11.835 11.799 11.795 11.812    0.036 0.030 0.028 0.032 0.036  A 211698
   4128.76704 11.849 11.815 11.803 11.789 11.811    0.044 0.033 0.031 0.035 0.039  A 211976
   4133.59681 11.944 11.903 11.854 11.851 11.847    0.041 0.035 0.038 0.045 0.050  A 212569
   4135.63657 11.961 11.893 11.870 11.861 11.916    0.075 0.041 0.040 0.047 0.052  B 212853
   4137.64377 11.895 11.896 11.878 11.870 11.894    0.066 0.040 0.036 0.039 0.043  A 213131
   4145.76429 12.029 11.940 11.865 11.821 11.859    0.078 0.047 0.050 0.061 0.069  B 214305
   4149.66155 12.028 11.973 11.955 11.965 11.987    0.048 0.038 0.042 0.052 0.061  A 214664
   4151.67274 11.997 11.973 11.940 11.933 11.926    0.060 0.034 0.031 0.036 0.039  A 214974
   4153.67310 12.128 12.018 11.987 11.987 12.034    0.077 0.040 0.035 0.040 0.043  B 215288
   4157.74172 12.116 12.130 12.139 12.182 12.239    0.077 0.048 0.048 0.058 0.066  B 215872
   4160.54769 12.124 12.131 12.123 12.126 12.163    0.042 0.032 0.033 0.039 0.044  A 216272
   4162.56570 12.099 12.100 12.083 12.091 12.163    0.070 0.040 0.040 0.046 0.049  A 216599
   4164.59040 12.090 12.014 12.013 12.016 12.040    0.064 0.046 0.043 0.050 0.055  A 216887
   4166.64058 12.122 12.066 12.035 12.012 12.089    0.052 0.044 0.047 0.057 0.066  A 217191
   4172.61000 12.082 12.048 12.009 12.003 11.982    0.048 0.038 0.040 0.048 0.055  A 217902
   4174.62039 12.172 12.100 12.046 11.992 12.033    0.048 0.032 0.030 0.036 0.042  A 218224
   4176.63021 12.118 12.034 11.995 11.993 12.026    0.041 0.037 0.037 0.042 0.048  A 218512
   4179.65477 12.176 12.097 12.050 12.053 12.090    0.050 0.038 0.036 0.041 0.047  A 218843
   4181.66766 12.103 12.048 12.015 11.995 11.974    0.051 0.049 0.052 0.065 0.077  B 219123
   4183.68060 12.071 12.040 11.998 11.964 11.989    0.054 0.041 0.040 0.046 0.051  A 219421
   4190.53278 12.113 12.113 12.090 12.092 12.108    0.041 0.032 0.030 0.035 0.040  A 220201
   4192.53920 12.097 12.073 12.028 12.039 12.087    0.043 0.035 0.033 0.040 0.046  A 220527
   4194.59468 12.090 12.029 11.975 11.977 11.975    0.043 0.035 0.034 0.041 0.047  A 220858
   4197.57378 12.071 12.009 11.962 11.944 11.990    0.043 0.032 0.032 0.038 0.044  A 221178
   4199.62577 11.912 11.803 11.756 11.735 11.772    0.084 0.067 0.073 0.093 0.107  D 221379
   4202.56606 12.142 12.107 12.076 12.071 12.107    0.065 0.046 0.043 0.047 0.053  A 221625
   4205.53838 12.119 12.095 12.093 12.120 12.187    0.063 0.040 0.037 0.043 0.048  A 222077
   4213.49953 12.056 11.991 11.976 11.994 12.008    0.059 0.036 0.031 0.036 0.040  A 222537
   4216.56490 11.878 11.915 11.918 11.925 11.971    0.053 0.038 0.035 0.041 0.048  A 222842
   4226.53151 11.930 11.931 11.907 11.867 11.835    0.084 0.084 0.100 0.126 0.151  D 222973
   4228.52802 11.831 11.882 11.870 11.871 11.905    0.046 0.036 0.030 0.035 0.040  A 223306
   4230.53152 11.940 11.911 11.903 11.900 11.919    0.040 0.038 0.038 0.042 0.047  A 223651
   4232.54447 11.946 11.909 11.905 11.930 11.977    0.047 0.037 0.035 0.042 0.049  A 223999
   4235.47075 12.012 11.907 11.883 11.890 11.918    0.073 0.043 0.040 0.044 0.049  A 224528
   4238.49562 11.937 11.906 11.897 11.891 11.893    0.059 0.048 0.050 0.062 0.070  A 224965
   4248.46707 11.989 11.891 11.854 11.881 11.938    0.055 0.056 0.062 0.076 0.088  D 226532
   4253.45524 11.965 11.957 11.929 11.917 11.957    0.041 0.037 0.033 0.037 0.042  A 226783
   4257.45585 12.102 12.043 12.000 11.996 12.029    0.043 0.043 0.046 0.056 0.066  A 227355
   4331.91882 12.069 12.075 12.043 12.026 12.060    0.041 0.035 0.033 0.040 0.045  A 235596
   4339.91956 11.979 11.950 11.932 11.920 11.936    0.046 0.039 0.037 0.043 0.050  A 236688
   4343.91216 12.003 11.950 11.913 11.918 11.952    0.053 0.037 0.037 0.043 0.050  A 237374
   4347.90663 12.024 11.957 11.949 11.958 11.974    0.050 0.037 0.035 0.042 0.049  A 238053
   4355.90545 11.981 11.968 11.957 11.955 11.978    0.040 0.033 0.032 0.038 0.045  A 239268
   4361.89841 11.922 11.942 11.929 11.907 11.918    0.045 0.040 0.036 0.041 0.048  A 240114
   4364.87412 11.970 11.950 11.937 11.941 11.992    0.043 0.037 0.033 0.039 0.046  A 240582
   4368.86686 12.030 12.003 12.009 12.033 12.065    0.048 0.042 0.039 0.045 0.052  A 241061
   4372.85554 12.043 12.013 12.016 12.034 12.111    0.041 0.036 0.038 0.047 0.054  A 241705
   4376.86252 12.074 12.046 12.030 12.034 12.089    0.044 0.037 0.037 0.044 0.051  A 242201
   4380.84496 12.075 12.073 12.067 12.062 12.099    0.044 0.040 0.041 0.047 0.055  A 242791
   4384.83843 12.057 12.109 12.099 12.121 12.127    0.052 0.046 0.043 0.049 0.056  A 243399
   4387.87577 12.082 12.110 12.091 12.142 12.184    0.050 0.044 0.043 0.050 0.058  A 243890
   4399.87628 12.187 12.138 12.081 12.060 12.031    0.052 0.040 0.041 0.049 0.057  A 244912
   4403.82420 12.117 12.094 12.062 12.032 12.032    0.040 0.034 0.033 0.039 0.044  A 245324
   4407.84135 12.258 12.227 12.214 12.238 12.263    0.050 0.038 0.035 0.041 0.047  A 245650
   4410.83699 12.195 12.149 12.101 12.062 12.061    0.046 0.035 0.034 0.039 0.045  A 246034
   4418.86720 12.331 12.309 12.302 12.320 12.357    0.038 0.032 0.031 0.037 0.043  A 246377
   4422.77337 12.224 12.227 12.220 12.218 12.291    0.053 0.034 0.030 0.035 0.039  A 246691
   4426.80422 12.292 12.241 12.160 12.126 12.161    0.049 0.044 0.049 0.061 0.070  A 246993
   4429.79985 12.281 12.243 12.234 12.257 99.999    0.044 0.039 0.038 0.046 0.053  C 247354
   4432.77421 12.284 12.243 12.241 12.244 12.269    0.038 0.030 0.029 0.034 0.039  A 247712
   4435.76420 12.153 12.235 12.213 12.231 12.295    0.048 0.034 0.030 0.036 0.040  A 248070
   4438.75603 12.329 12.321 12.285 12.270 99.999    0.039 0.035 0.037 0.043 0.048  C 248443
   4441.74594 12.259 12.259 12.226 12.218 12.263    0.042 0.035 0.034 0.038 0.043  A 248815
   4453.71705 12.225 12.193 12.139 12.104 12.117    0.036 0.031 0.030 0.036 0.041  A 250149
   4456.70732 12.155 12.196 12.178 12.143 12.194    0.076 0.061 0.063 0.075 0.087  D 250472
   4459.70777 12.180 12.192 12.173 12.151 12.211    0.053 0.041 0.043 0.052 0.061  A 250831
   4461.79596 12.105 12.039 12.040 12.021 12.021    0.052 0.041 0.039 0.046 0.054  A 251088
   4464.68792 12.175 12.074 12.042 12.029 12.062    0.044 0.035 0.032 0.038 0.042  A 251429
   4467.68464 12.209 12.221 12.190 12.165 12.195    0.047 0.039 0.040 0.045 0.050  A 251769
   4470.68677 12.063 12.023 12.004 12.002 12.041    0.048 0.035 0.033 0.037 0.041  A 252113
   4473.73679 29.999 29.999 29.999 29.999 29.999    0.045 0.036 0.034 0.038 0.044  C 252397
   4476.73755 11.998 11.958 11.939 11.926 11.939    0.055 0.051 0.056 0.067 0.076  B 252675
   4479.65095 12.046 12.000 11.947 11.900 11.877    0.038 0.031 0.029 0.034 0.039  A 253020
   4482.68797 12.106 12.080 12.055 12.037 12.082    0.051 0.036 0.034 0.041 0.046  A 253332
   4485.67802 12.189 12.038 11.968 11.980 12.016    0.074 0.051 0.050 0.061 0.070  B 253603
   4487.71384 12.053 11.993 11.970 11.976 12.023    0.070 0.045 0.042 0.049 0.055  A 253849
   4489.76088 11.982 11.962 11.979 12.035 12.059    0.047 0.038 0.038 0.047 0.054  A 254104
   4492.61951 11.966 11.913 11.909 11.922 11.962    0.037 0.032 0.032 0.037 0.043  A 254392
   4494.65881 12.020 12.016 12.007 12.006 12.026    0.053 0.035 0.031 0.036 0.041  A 254653
   4497.78105 12.096 12.066 12.048 12.047 12.070    0.051 0.035 0.032 0.038 0.042  A 254803
   4500.59108 12.076 12.109 12.130 12.191 12.339    0.080 0.076 0.087 0.104 0.123  D 255134
   4505.60685 11.914 11.839 11.783 11.765 11.759    0.061 0.043 0.041 0.048 0.055  A 255840
   4507.66479 12.095 12.072 12.090 12.170 12.302    0.050 0.043 0.046 0.055 0.065  A 256149
   4509.74338 12.036 12.019 12.007 12.024 12.049    0.044 0.038 0.038 0.045 0.052  A 256456
   4512.59262 11.971 12.002 12.014 12.029 12.105    0.057 0.045 0.046 0.055 0.064  A 256812
   4515.73046 11.985 12.009 12.020 12.090 12.141    0.075 0.054 0.055 0.065 0.073  B 257044
   4518.58068 12.180 12.131 12.100 12.119 12.144    0.052 0.038 0.036 0.042 0.050  A 257390
   4520.61552 12.072 12.012 11.975 11.970 11.981    0.042 0.033 0.031 0.036 0.042  A 257699
   4522.62276 12.100 12.095 12.051 12.053 12.124    0.053 0.041 0.042 0.050 0.058  A 257993
   4524.62225 12.102 12.046 12.003 11.963 11.986    0.048 0.034 0.032 0.036 0.040  A 258286
   4526.65396 12.087 12.143 12.104 12.101 12.139    0.045 0.040 0.041 0.049 0.056  A 258584
   4528.70352 12.149 12.152 12.149 12.169 12.174    0.060 0.045 0.047 0.055 0.062  A 258904
   4531.60075 12.125 12.063 12.008 11.987 12.012    0.069 0.046 0.042 0.047 0.052  A 259318
   4534.55399 12.098 12.054 12.049 12.046 12.091    0.061 0.041 0.038 0.044 0.049  A 259689
   4537.57038 12.121 12.065 12.039 12.050 12.063    0.065 0.042 0.039 0.045 0.052  A 260058
   4539.58354 12.169 12.146 12.124 12.128 12.159    0.054 0.049 0.053 0.065 0.075  B 260353
   4541.60021 12.120 12.054 12.021 12.019 12.051    0.055 0.039 0.034 0.039 0.045  A 260658
   4543.61706 12.294 12.205 12.191 12.201 12.274    0.049 0.039 0.042 0.051 0.058  A 260976
   4547.65770 12.157 12.182 12.161 12.141 12.175    0.044 0.041 0.044 0.053 0.063  A 261613
   4555.52647 12.192 12.112 12.077 12.102 12.100    0.065 0.042 0.037 0.042 0.047  A 262663
   4557.55004 12.141 12.126 12.090 12.074 12.092    0.053 0.037 0.036 0.041 0.047  A 262997
   4559.59849 12.048 12.048 12.022 12.010 12.027    0.045 0.037 0.036 0.043 0.048  A 263344
   4562.52454 12.052 11.932 11.894 11.889 11.893    0.045 0.036 0.035 0.042 0.048  A 263825
   4564.57176 12.088 12.065 12.074 12.110 12.185    0.043 0.037 0.036 0.042 0.050  A 264174
   4566.57703 12.066 12.003 11.991 12.008 12.059    0.054 0.042 0.040 0.047 0.055  A 264509
   4568.60496 12.086 12.076 12.039 12.047 12.090    0.048 0.035 0.034 0.040 0.045  A 264828
   4570.58984 12.019 12.010 11.981 11.954 11.981    0.039 0.033 0.032 0.038 0.044  A 265152
   4572.60060 12.006 11.920 11.879 11.858 11.879    0.047 0.041 0.041 0.048 0.056  A 265500
   4575.53778 11.951 11.931 11.922 11.923 11.961    0.042 0.034 0.036 0.043 0.049  A 265962
