#ndata= 6
#dataset= 1 ; 1 F0656-24_211
#desig= 072007-2020.0
#cra=    7.335321  07:20:07.2
#cdec= -20.332891 -20:19:58.4
#class= 0
#cmag_0= 10.700
#cmer_0=  0.069
#nskip_0= 0
#cmag_1= 10.667
#cmer_1=  0.082
#nskip_1= 0
#cmag_2= 10.669
#cmer_2=  0.082
#nskip_2= 0
#cmag_3= 10.660
#cmer_3=  0.084
#nskip_3= 0
#cmag_4= 10.663
#cmer_4=  0.081
#nskip_4= 0
#ra=    7.335321  07:20:07.2
#dec= -20.332891 -20:19:58.4
#     HJD      MAG_2  MAG_0  MAG_1  MAG_3  MAG_4    MER_2 MER_0 MER_1 MER_3 MER_4 GRADE FRAME
   2521.91529 10.664 10.675 10.651 10.638 10.621    0.044 0.050 0.045 0.051 0.059  A 18518
   2545.81206 10.629 10.604 10.633 10.624 10.617    0.031 0.041 0.032 0.036 0.040  A 20248
   2628.69091 10.517 10.577 10.522 10.512 10.527    0.039 0.038 0.039 0.045 0.049  A 30743
   2679.62963 10.654 10.695 10.653 10.646 10.654    0.029 0.032 0.029 0.034 0.038  A 39130
   2908.87770 10.761 10.781 10.762 10.760 10.761    0.024 0.026 0.025 0.029 0.031  A 73515
   2947.79150 10.861 10.891 10.852 10.844 10.828    0.038 0.039 0.043 0.045 0.046  A 79071
#ndata= 250
#dataset= 2 ; 1 F0728-24_212
#desig= 072007-2020.0
#cra=    7.335324  07:20:07.2
#cdec= -20.332841 -20:19:58.2
#class= 0
#cmag_0= 10.739
#cmer_0=  0.113
#nskip_0= 4
#cmag_1= 10.733
#cmer_1=  0.105
#nskip_1= 2
#cmag_2= 10.730
#cmer_2=  0.104
#nskip_2= 2
#cmag_3= 10.737
#cmer_3=  0.107
#nskip_3= 1
#cmag_4= 10.750
#cmer_4=  0.107
#nskip_4= 1
#ra=    7.335324  07:20:07.2
#dec= -20.332841 -20:19:58.2
#     HJD      MAG_2  MAG_0  MAG_1  MAG_3  MAG_4    MER_2 MER_0 MER_1 MER_3 MER_4 GRADE FRAME
   1869.77351 10.825 10.845 10.835 10.828 10.844    0.028 0.052 0.029 0.034 0.038  A 302
   1873.80038 10.817 10.842 10.815 10.836 10.863    0.028 0.051 0.029 0.034 0.039  A 914
   1876.71467 10.804 10.781 10.807 10.807 10.818    0.028 0.050 0.028 0.033 0.037  A 1360
   1877.77794 10.792 10.801 10.781 10.808 10.831    0.027 0.045 0.028 0.032 0.036  A 1545
   1881.76467 10.818 10.781 10.807 10.819 10.834    0.025 0.037 0.026 0.031 0.035  A 2169
   1884.74195 10.769 10.723 10.766 10.775 10.795    0.027 0.037 0.028 0.031 0.035  A 2307
   1885.74306 10.758 10.750 10.773 10.755 10.753    0.025 0.035 0.027 0.031 0.034  A 2468
   1886.75223 10.747 10.741 10.729 10.762 10.763    0.026 0.038 0.027 0.031 0.034  A 2632
   1887.74755 10.772 10.736 10.756 10.788 10.808    0.027 0.041 0.028 0.032 0.037  A 2789
   1888.73512 10.753 10.780 10.752 10.756 10.767    0.030 0.048 0.030 0.035 0.039  A 2944
   1902.69813 10.647 10.616 10.623 10.663 10.676    0.023 0.031 0.026 0.027 0.031  A 3534
   1903.72061 10.626 10.607 10.625 10.634 10.654    0.022 0.029 0.024 0.028 0.032  A 3702
   1905.70685 10.605 10.588 10.601 10.605 10.619    0.026 0.039 0.026 0.031 0.035  A 4019
   1906.69552 10.606 10.584 10.582 10.625 10.649    0.023 0.035 0.025 0.029 0.033  A 4176
   1907.70251 10.582 10.550 10.545 10.605 10.622    0.025 0.037 0.028 0.029 0.033  A 4339
   1908.69478 10.626 10.555 10.642 10.618 10.627    0.024 0.035 0.026 0.028 0.032  A 4497
   1913.67162 10.582 10.582 10.579 10.594 10.616    0.024 0.030 0.024 0.030 0.033  A 4624
   1914.68544 10.610 10.597 10.608 10.615 10.623    0.024 0.031 0.025 0.029 0.032  A 4789
   1915.68496 10.583 10.588 10.570 10.593 10.611    0.026 0.038 0.027 0.031 0.035  A 4947
   1918.66659 10.584 10.582 10.590 10.598 10.621    0.029 0.035 0.030 0.035 0.040  A 5154
   1919.67823 10.608 10.563 10.613 10.602 10.603    0.029 0.040 0.029 0.035 0.039  A 5319
   1920.67517 10.596 10.604 10.591 10.606 10.634    0.026 0.030 0.028 0.031 0.036  A 5478
   1921.67067 10.622 10.606 10.601 10.637 10.670    0.026 0.034 0.029 0.032 0.036  A 5635
   1922.67075 10.629 10.573 10.643 10.628 10.642    0.024 0.034 0.029 0.028 0.033  A 5785
   1923.66538 10.620 10.591 10.619 10.626 10.639    0.024 0.030 0.026 0.029 0.032  A 5949
   1924.66275 10.580 10.600 10.581 10.591 10.595    0.033 0.036 0.033 0.038 0.043  A 6117
   1925.66353 10.609 10.587 10.605 10.623 10.637    0.041 0.044 0.040 0.047 0.054  A 6286
   1926.65766 10.626 10.582 10.615 10.635 10.649    0.024 0.033 0.025 0.029 0.033  A 6453
   1928.66625 10.623 10.560 10.629 10.631 10.649    0.023 0.032 0.026 0.027 0.031  A 6782
   1929.65458 10.640 10.609 10.626 10.653 10.673    0.024 0.032 0.027 0.028 0.032  A 6932
   1930.65264 10.634 10.605 10.625 10.655 10.660    0.024 0.034 0.028 0.028 0.032  A 7098
   1931.64770 10.634 10.603 10.609 10.649 10.675    0.027 0.037 0.031 0.032 0.037  A 7265
   1932.64476 10.642 10.625 10.633 10.657 10.670    0.024 0.035 0.030 0.027 0.032  A 7428
   1933.64417 10.665 10.648 10.648 10.674 10.695    0.025 0.036 0.031 0.028 0.032  A 7593
   1934.64204 10.641 10.610 10.633 10.646 10.666    0.024 0.033 0.027 0.028 0.031  A 7754
   1936.62341 10.671 10.646 10.654 10.682 10.705    0.024 0.034 0.029 0.028 0.031  A 8016
   1938.61828 10.669 10.628 10.656 10.677 10.697    0.024 0.035 0.031 0.028 0.031  A 8254
   1940.63282 10.701 10.650 10.702 10.711 10.721    0.025 0.038 0.033 0.027 0.031  A 8504
   1945.62472 10.715 10.706 10.705 10.738 10.744    0.027 0.038 0.033 0.031 0.036  A 8675
   1946.63110 10.744 10.721 10.740 10.755 10.771    0.028 0.036 0.032 0.032 0.038  A 8796
   1948.58576 10.744 10.686 10.730 10.764 10.779    0.029 0.033 0.031 0.035 0.040  A 9031
   1949.63424 10.752 10.728 10.732 10.780 10.808    0.028 0.038 0.032 0.034 0.039  A 9188
   1950.60508 10.753 10.738 10.739 10.752 10.777    0.026 0.036 0.031 0.030 0.034  A 9350
   1953.60495 10.797 10.770 10.779 10.808 10.813    0.031 0.047 0.040 0.034 0.036  A 9656
   1958.58383 10.782 10.751 10.756 10.795 10.838    0.033 0.049 0.042 0.036 0.038  A 10178
   1959.59583 10.773 10.727 10.771 10.794 10.806    0.034 0.052 0.044 0.037 0.040  A 10383
   1961.58970 10.741 10.709 10.717 10.767 10.787    0.036 0.054 0.045 0.039 0.039  A 10457
   1963.57052 10.764 10.738 10.767 10.773 10.789    0.039 0.058 0.048 0.042 0.044  A 10782
   1964.58949 10.767 10.764 10.759 10.785 10.811    0.036 0.054 0.046 0.039 0.039  A 10969
   1965.57809 10.750 10.745 10.727 10.753 10.780    0.037 0.055 0.047 0.039 0.040  A 11150
   1967.56069 10.771 10.745 10.755 10.807 10.818    0.039 0.059 0.050 0.042 0.042  A 11495
   1968.57412 10.761 10.746 10.757 10.752 10.783    0.042 0.064 0.053 0.046 0.044  A 11677
   1977.54922 10.708 10.662 10.708 10.689 10.717    0.049 0.071 0.060 0.054 0.054  A 11920
   1979.54563 10.793 10.813 10.803 10.824 10.844    0.051 0.077 0.065 0.054 0.053  B 12188
   1981.58023 10.772 10.717 10.754 10.779 10.787    0.047 0.069 0.058 0.051 0.051  A 12537
   1984.52067 10.726 10.694 10.737 10.744 10.749    0.048 0.073 0.061 0.052 0.052  A 12913
   1993.51242 10.684 10.694 10.680 10.664 10.712    0.056 0.084 0.069 0.059 0.059  D 13278
   2026.50889 10.684 10.745 10.693 10.705 10.731    0.026 0.038 0.026 0.030 0.034  A 17353
   2031.50583 10.699 10.681 10.688 10.709 10.724    0.028 0.043 0.028 0.033 0.036  A 17967
   2058.45136 10.770 10.834 10.780 10.786 10.789    0.038 0.051 0.041 0.046 0.052  A 21075
   2133.92753 10.725 10.672 10.696 10.748 10.772    0.033 0.051 0.035 0.040 0.044  A 29128
   2135.93091 10.737 10.688 10.727 10.745 10.744    0.041 0.065 0.041 0.048 0.053  A 29556
   2143.92399 10.767 10.785 10.758 10.781 10.801    0.038 0.062 0.040 0.044 0.049  A 30926
   2520.88788 10.673 10.645 10.681 10.682 10.704    0.029 0.047 0.035 0.035 0.039  A 18309
   2521.91529 10.678 10.688 10.671 10.667 10.660    0.035 0.034 0.036 0.041 0.047  A 18518
   2545.81206 10.648 10.617 10.662 10.652 10.652    0.027 0.040 0.030 0.032 0.034  A 20248
   2557.80514 10.537 10.509 10.532 10.555 10.566    0.033 0.050 0.042 0.035 0.038  A 21941
   2561.82489 10.558 10.576 10.574 10.558 10.573    0.024 0.037 0.027 0.028 0.031  A 22636
   2565.82253 10.540 10.604 10.550 10.545 10.553    0.024 0.030 0.029 0.028 0.033  A 23352
   2577.78216 10.542 10.613 10.560 10.545 10.569    0.026 0.033 0.031 0.029 0.032  A 24839
   2621.80372 10.543 10.565 10.550 10.543 10.554    0.023 0.027 0.024 0.028 0.031  A 29871
   2625.72794 10.560 10.607 10.561 10.560 10.583    0.027 0.032 0.036 0.030 0.034  A 30452
   2628.69091 10.539 10.587 10.548 10.536 10.559    0.037 0.036 0.038 0.042 0.046  A 30743
   2631.83509 10.582 10.574 10.581 10.579 10.591    0.027 0.030 0.026 0.031 0.034  A 31663
   2637.70079 10.638 10.665 10.641 10.641 10.654    0.021 0.021 0.022 0.025 0.028  A 32544
   2639.70193 10.647 10.680 10.648 10.637 10.652    0.023 0.026 0.027 0.026 0.029  A 32853
   2641.70243 10.642 10.683 10.639 10.652 10.673    0.022 0.027 0.027 0.026 0.029  A 33136
   2643.72333 10.644 10.686 10.638 10.650 10.668    0.021 0.031 0.021 0.024 0.027  A 33456
   2645.70079 11.173 11.333 11.263 11.144 11.164    0.022 0.024 0.024 0.025 0.028  A 33744
   2647.68595 10.740 10.679 10.722 10.777 10.788    0.065 0.053 0.057 0.080 0.093  D 34034
   2650.66232 10.698 10.701 10.721 10.707 10.717    0.021 0.024 0.024 0.025 0.027  A 34290
   2652.68012 10.681 10.690 10.681 10.685 10.707    0.024 0.029 0.025 0.028 0.031  A 34603
   2654.68140 10.717 10.736 10.714 10.725 10.747    0.025 0.031 0.026 0.029 0.031  A 34913
   2657.71481 10.692 10.659 10.701 10.690 10.697    0.025 0.027 0.024 0.030 0.034  A 35458
   2659.74268 10.710 10.729 10.718 10.716 10.713    0.024 0.034 0.027 0.029 0.033  A 35812
   2661.73983 10.712 10.706 10.709 10.731 10.748    0.024 0.028 0.023 0.028 0.031  A 36153
   2665.72792 10.705 10.753 10.712 10.714 10.727    0.022 0.028 0.023 0.026 0.028  A 36837
   2667.72857 10.720 10.737 10.721 10.726 10.739    0.023 0.026 0.024 0.027 0.030  A 37142
   2669.71798 10.705 10.737 10.715 10.719 10.739    0.023 0.026 0.024 0.027 0.030  A 37464
   2673.71287 10.713 10.728 10.696 10.716 10.731    0.022 0.032 0.024 0.025 0.028  A 38127
   2675.69933 10.696 10.730 10.723 10.709 10.730    0.021 0.026 0.021 0.024 0.027  A 38482
   2677.68135 10.689 10.700 10.702 10.676 10.676    0.023 0.028 0.023 0.028 0.031  A 38821
   2683.63204 10.674 10.681 10.678 10.679 10.680    0.024 0.029 0.027 0.029 0.033  A 39811
   2684.77986 10.658 10.670 10.653 10.652 10.660    0.030 0.026 0.029 0.035 0.039  A 40053
   2686.68852 10.633 10.687 10.646 10.646 10.665    0.030 0.048 0.042 0.035 0.040  A 40381
   2688.67392 10.620 10.654 10.616 10.630 10.642    0.028 0.037 0.030 0.032 0.036  A 40739
   2690.67273 10.638 10.666 10.663 10.639 10.658    0.026 0.041 0.034 0.029 0.032  A 41107
   2692.66977 10.637 10.661 10.657 10.642 10.648    0.039 0.064 0.060 0.041 0.041  A 41456
   2694.67407 10.598 10.630 10.586 10.599 10.618    0.036 0.034 0.044 0.037 0.036  A 41781
   2696.68912 10.580 10.604 10.586 10.587 10.595    0.023 0.029 0.024 0.027 0.030  A 42112
   2698.66761 10.566 10.611 10.572 10.568 10.578    0.026 0.039 0.035 0.028 0.031  A 42520
   2700.66013 10.603 10.644 10.605 10.610 10.622    0.027 0.040 0.040 0.030 0.032  A 42904
   2702.65219 10.572 10.559 10.590 10.573 10.587    0.024 0.030 0.028 0.027 0.030  A 43281
   2704.63940 10.580 10.573 10.577 10.576 10.587    0.036 0.041 0.048 0.038 0.036  A 43661
   2706.61863 10.574 10.574 10.608 10.567 10.564    0.026 0.037 0.041 0.027 0.030  A 44022
   2710.59240 10.576 10.620 10.580 10.575 10.582    0.024 0.032 0.029 0.026 0.029  A 44730
   2711.68712 10.553 10.581 10.570 10.546 10.546    0.025 0.028 0.024 0.029 0.033  A 44965
   2713.65334 10.575 10.583 10.578 10.586 10.615    0.030 0.031 0.033 0.035 0.041  A 45325
   2715.66299 10.568 10.574 10.595 10.563 10.567    0.032 0.034 0.034 0.039 0.045  A 45704
   2719.58125 10.600 10.648 10.596 10.599 10.621    0.022 0.025 0.022 0.026 0.029  A 46074
   2721.60212 10.586 10.625 10.602 10.587 10.597    0.025 0.040 0.026 0.030 0.033  A 46468
   2723.60247 10.598 10.571 10.600 10.600 10.616    0.022 0.034 0.022 0.026 0.029  A 46857
   2725.59907 10.600 10.625 10.596 10.607 10.613    0.023 0.028 0.023 0.026 0.029  A 47247
   2727.59260 10.615 10.648 10.627 10.613 10.626    0.025 0.039 0.026 0.029 0.032  A 47634
   2729.59037 10.624 10.633 10.622 10.637 10.654    0.025 0.033 0.025 0.030 0.034  A 48041
   2733.57845 10.647 10.669 10.655 10.660 10.679    0.024 0.035 0.026 0.029 0.031  A 48595
   2735.57384 10.655 10.694 10.663 10.665 10.675    0.022 0.035 0.023 0.026 0.028  A 48999
   2737.56554 11.166 11.228 11.229 11.108 11.108    0.026 0.041 0.026 0.031 0.034  A 49392
   2741.55839 10.671 10.652 10.685 10.665 10.673    0.025 0.038 0.027 0.029 0.033  A 50118
   2743.57755 10.698 10.778 10.703 10.712 10.737    0.032 0.042 0.042 0.036 0.041  A 50528
   2745.58512 10.661 10.715 10.668 10.659 10.653    0.037 0.034 0.035 0.046 0.053  A 50908
   2751.52190 10.720 10.726 10.727 10.720 10.724    0.024 0.029 0.027 0.027 0.029  A 51780
   2754.52247 10.719 10.708 10.730 10.729 10.741    0.024 0.039 0.033 0.029 0.033  A 52195
   2756.52412 10.910 10.789 10.866 10.915 10.951    0.033 0.041 0.037 0.039 0.044  A 52608
   2758.51723 10.789 10.768 10.781 10.796 10.796    0.059 0.054 0.056 0.071 0.082  D 53028
   2760.53711 10.743 10.796 10.754 10.750 10.760    0.024 0.034 0.032 0.027 0.030  A 53383
   2764.52037 10.739 10.783 10.733 10.758 10.774    0.024 0.035 0.027 0.027 0.029  A 54197
   2776.52993 10.774 10.770 10.770 10.782 10.786    0.031 0.033 0.029 0.037 0.042  A 55263
   2784.47499 10.748 10.747 10.735 10.744 10.751    0.028 0.037 0.032 0.033 0.038  A 56074
   2786.47520 10.773 10.790 10.760 10.768 10.768    0.027 0.033 0.042 0.030 0.032  A 56500
   2789.47390 10.747 10.835 10.747 10.765 10.785    0.024 0.034 0.027 0.028 0.030  A 57039
   2792.46165 10.753 10.775 10.749 10.759 10.771    0.023 0.030 0.024 0.027 0.030  A 57647
   2795.46115 10.746 10.729 10.760 10.742 10.751    0.024 0.039 0.029 0.028 0.032  A 58169
   2862.92785 99.999 10.754 10.741 99.999 99.999    0.041 0.041 0.043 0.048 0.055  C 67290
   2885.89062 10.692 10.691 10.691 10.691 10.691    0.026 0.029 0.031 0.030 0.033  A 70137
   2893.89843 10.707 10.676 10.711 10.719 10.708    0.036 0.036 0.040 0.043 0.050  A 70988
   2896.88858 10.725 10.775 10.737 10.706 10.707    0.028 0.027 0.028 0.034 0.039  A 71580
   2906.87051 10.773 10.744 10.784 10.783 10.795    0.023 0.025 0.026 0.026 0.029  A 73264
   2910.86941 10.811 10.812 10.794 10.817 10.835    0.027 0.029 0.040 0.029 0.032  A 73824
   2912.86775 10.851 10.839 10.878 10.847 10.860    0.022 0.024 0.026 0.025 0.028  A 74198
   2916.82416 10.859 10.864 10.865 10.850 10.861    0.025 0.028 0.032 0.029 0.031  A 74657
   2922.81123 10.857 10.903 10.856 10.844 10.854    0.037 0.036 0.042 0.045 0.050  A 75344
   2924.86435 10.851 10.885 10.858 10.864 10.885    0.023 0.028 0.025 0.027 0.031  A 75725
   2927.82834 10.889 10.907 10.886 10.895 10.902    0.029 0.029 0.035 0.032 0.037  A 76086
   2930.84310 10.883 10.925 10.876 10.888 10.906    0.023 0.027 0.025 0.026 0.029  A 76626
   2940.77305 10.900 10.902 10.876 10.908 10.945    0.035 0.031 0.041 0.044 0.046  A 78061
   2942.81942 10.860 10.908 10.862 10.854 10.870    0.036 0.034 0.038 0.044 0.047  A 78278
   2944.80882 10.867 10.893 10.859 10.873 10.922    0.057 0.045 0.059 0.071 0.081  D 78600
   2947.79150 10.876 10.893 10.866 10.868 10.869    0.045 0.051 0.049 0.053 0.055  A 79071
   2951.77918 10.827 10.877 10.829 10.833 10.839    0.026 0.026 0.026 0.031 0.035  A 79620
   2954.83924 10.852 10.829 10.857 10.863 10.886    0.045 0.058 0.042 0.053 0.062  A 80022
   2957.80636 10.816 10.866 10.829 10.819 10.829    0.031 0.030 0.030 0.038 0.043  A 80443
   2964.78682 10.804 10.808 10.811 10.801 10.802    0.026 0.027 0.025 0.031 0.034  A 81405
   2967.77669 10.823 10.849 10.837 10.827 10.846    0.027 0.029 0.028 0.032 0.036  A 81823
   2970.83832 10.781 10.774 10.820 10.764 10.759    0.029 0.031 0.036 0.032 0.038  A 82183
   2973.80358 10.752 10.794 10.746 10.748 10.753    0.024 0.026 0.031 0.028 0.032  A 82507
   2975.74921 10.764 10.800 10.764 10.762 10.767    0.023 0.024 0.024 0.027 0.030  A 82760
   2977.74210 10.749 10.783 10.740 10.749 10.771    0.040 0.036 0.038 0.049 0.058  A 83028
   2979.76296 10.771 10.760 10.776 10.755 10.756    0.026 0.036 0.026 0.031 0.035  A 83303
   2981.78201 10.765 10.782 10.763 10.775 10.798    0.034 0.032 0.037 0.040 0.046  A 83568
   2984.73330 10.769 10.795 10.772 10.762 10.778    0.025 0.026 0.027 0.029 0.033  A 83942
   2986.79736 10.774 10.799 10.768 10.771 10.791    0.027 0.028 0.033 0.031 0.035  A 84231
   2989.72646 10.752 10.775 10.750 10.743 10.754    0.023 0.026 0.024 0.028 0.031  A 84556
   2991.77118 10.743 10.780 10.753 10.735 10.743    0.026 0.028 0.031 0.029 0.034  A 84832
   2994.70828 10.809 10.855 10.833 10.807 10.813    0.029 0.031 0.034 0.033 0.036  A 85209
   2996.76016 10.802 10.845 10.784 10.801 10.806    0.023 0.030 0.027 0.027 0.031  A 85492
   2998.76256 10.809 10.850 10.802 10.815 10.829    0.032 0.036 0.035 0.038 0.041  A 85768
   3001.74963 10.820 10.814 10.838 10.825 10.830    0.024 0.026 0.029 0.029 0.032  A 86030
   3005.80318 10.818 10.833 10.832 10.820 10.833    0.026 0.032 0.025 0.031 0.035  A 86523
   3007.73380 10.841 10.865 10.857 10.845 10.855    0.029 0.029 0.029 0.035 0.040  A 86759
   3009.76635 10.847 10.873 10.880 10.859 10.877    0.028 0.029 0.028 0.034 0.038  A 87020
   3011.79603 10.825 10.854 10.842 10.815 10.807    0.033 0.030 0.031 0.039 0.044  A 87307
   3015.66697 10.864 10.885 10.869 10.885 10.901    0.039 0.034 0.035 0.049 0.057  A 87631
   3017.69455 10.839 10.866 10.838 10.835 10.848    0.025 0.028 0.028 0.030 0.033  A 87896
   3019.69540 10.847 10.861 10.853 10.847 10.863    0.026 0.028 0.030 0.029 0.033  A 88162
   3029.67385 10.823 10.902 10.844 10.814 10.817    0.028 0.028 0.032 0.033 0.038  A 88645
   3031.72303 10.835 10.839 10.858 10.836 10.854    0.031 0.030 0.030 0.037 0.043  A 88867
   3033.72210 10.819 10.894 10.839 10.818 10.820    0.024 0.026 0.025 0.029 0.032  A 89054
   3035.75771 10.838 10.882 10.844 10.844 10.851    0.026 0.034 0.026 0.031 0.034  A 89292
   3043.64982 10.897 10.904 10.916 10.914 10.935    0.034 0.034 0.035 0.040 0.046  A 89931
   3045.67846 10.844 10.890 10.844 10.864 10.880    0.026 0.029 0.025 0.031 0.035  A 90208
   3048.65177 10.899 10.907 10.919 10.890 10.887    0.029 0.031 0.027 0.035 0.040  A 90602
   3051.61055 10.886 10.896 10.911 10.880 10.879    0.026 0.026 0.029 0.030 0.035  A 90983
   3053.66111 10.907 10.900 10.902 10.920 10.929    0.052 0.049 0.048 0.058 0.067  A 91275
   3055.70799 10.897 10.925 10.903 10.896 10.905    0.025 0.032 0.026 0.030 0.035  A 91569
   3057.74221 10.918 10.919 10.914 10.930 10.943    0.041 0.033 0.036 0.046 0.051  A 91855
   3060.59222 10.984 10.993 10.963 11.011 11.061    0.057 0.055 0.050 0.066 0.074  B 92201
   3062.61101 11.009 10.972 10.990 11.015 11.035    0.061 0.052 0.056 0.075 0.089  D 92471
   3064.64939 10.909 10.944 10.934 10.913 10.917    0.042 0.037 0.037 0.052 0.058  A 92751
   3067.67302 10.947 10.945 10.948 10.957 10.973    0.026 0.027 0.025 0.032 0.036  A 93058
   3069.69143 10.914 10.955 10.929 10.937 10.964    0.036 0.032 0.032 0.045 0.051  A 93357
   3071.71523 10.957 10.971 10.953 10.958 10.984    0.038 0.032 0.034 0.047 0.055  A 93653
   3074.57005 10.905 10.951 10.909 10.918 10.932    0.026 0.027 0.027 0.030 0.034  A 93965
   3074.61474 10.946 11.020 10.960 10.948 10.956    0.025 0.028 0.025 0.029 0.034  A 93982
   3076.64145 10.941 10.960 10.930 10.944 10.935    0.026 0.028 0.025 0.031 0.035  A 94268
   3078.64746 10.911 10.928 10.921 10.900 10.903    0.030 0.028 0.028 0.037 0.041  A 94573
   3080.65802 10.920 10.971 10.929 10.920 10.946    0.040 0.041 0.039 0.048 0.055  A 94865
   3082.68703 10.918 10.935 10.944 10.908 10.920    0.028 0.029 0.029 0.033 0.037  A 95170
   3086.67575 10.903 10.910 10.892 10.903 10.894    0.037 0.034 0.035 0.041 0.046  A 95466
   3088.67884 10.843 10.884 10.848 10.835 10.846    0.037 0.037 0.037 0.041 0.047  A 95779
   3091.52084 10.874 10.923 10.897 10.866 10.869    0.028 0.033 0.028 0.034 0.038  A 96185
   3093.55455 10.858 10.870 10.884 10.856 10.861    0.031 0.031 0.032 0.036 0.040  A 96496
   3097.55579 10.813 10.840 10.820 10.816 10.822    0.027 0.035 0.027 0.032 0.036  A 96781
   3099.56782 10.833 10.864 10.843 10.843 10.849    0.031 0.030 0.030 0.037 0.043  A 97102
   3101.57793 10.797 10.828 10.799 10.801 10.808    0.031 0.030 0.031 0.038 0.043  A 97408
   3103.58459 10.799 10.826 10.796 10.786 10.793    0.028 0.028 0.028 0.033 0.038  A 97726
   3105.57649 10.754 10.769 10.760 10.768 10.775    0.054 0.057 0.050 0.062 0.069  A 98042
   3107.58015 10.793 10.833 10.802 10.805 10.818    0.026 0.027 0.026 0.030 0.034  A 98360
   3109.58695 10.777 10.789 10.790 10.773 10.764    0.026 0.030 0.026 0.032 0.036  A 98672
   3111.58235 10.809 10.829 10.815 10.813 10.826    0.027 0.029 0.027 0.032 0.035  A 98984
   3113.60170 10.773 10.792 10.775 10.779 10.795    0.024 0.026 0.025 0.029 0.033  A 99311
   3122.53485 10.744 10.728 10.754 10.751 10.769    0.027 0.027 0.026 0.033 0.037  A 100173
   3124.56054 10.751 10.745 10.742 10.765 99.999    0.026 0.030 0.025 0.032 0.036  C 100523
   3127.52167 10.617 10.755 10.701 10.546 99.999    0.030 0.031 0.028 0.036 0.042  C 100989
   3129.53640 10.913 11.086 10.960 10.910 10.901    0.037 0.032 0.032 0.046 0.053  A 101332
   3131.54219 10.729 10.717 10.738 10.733 10.753    0.031 0.032 0.029 0.037 0.042  A 101618
   3133.54573 10.707 10.708 10.703 10.722 10.736    0.028 0.029 0.027 0.034 0.038  A 101954
   3144.48921 10.686 10.717 10.697 10.691 10.694    0.037 0.035 0.034 0.042 0.046  A 103223
   3156.47476 10.764 10.784 10.772 10.772 10.785    0.027 0.036 0.026 0.033 0.038  A 104111
   3160.47633 10.718 10.777 10.718 10.693 10.695    0.039 0.034 0.036 0.048 0.056  A 104638
   3164.46255 10.788 10.779 10.802 10.796 10.813    0.026 0.029 0.026 0.032 0.036  A 105137
   3168.46525 10.785 10.813 10.795 10.783 10.787    0.027 0.028 0.027 0.033 0.038  A 105698
   3276.86229 10.728 10.748 10.749 10.723 10.734    0.051 0.053 0.046 0.062 0.073  B 116638
   3296.82637 10.707 10.673 10.711 10.719 10.736    0.029 0.038 0.034 0.033 0.037  A 118729
   3333.79558 10.752 10.716 10.748 10.759 10.773    0.031 0.034 0.030 0.038 0.043  A 121836
   3373.78698 10.738 10.739 10.730 10.764 10.798    0.044 0.053 0.044 0.049 0.055  A 125382
   3382.83348 10.680 10.678 10.684 10.683 10.692    0.042 0.056 0.040 0.049 0.054  A 125694
   3404.70824 10.590 10.587 10.596 10.604 10.624    0.029 0.046 0.032 0.032 0.035  A 128432
   3406.75041 10.563 10.556 10.567 10.564 10.568    0.033 0.047 0.034 0.039 0.043  A 128759
   3408.81069 10.579 10.590 10.567 10.601 10.634    0.036 0.037 0.033 0.042 0.049  A 129089
   3411.62062 10.615 10.564 10.609 10.617 10.636    0.034 0.071 0.038 0.038 0.043  A 129474
   3413.66592 10.829 10.916 10.859 10.832 10.846    0.031 0.046 0.033 0.035 0.040  A 129789
   3417.66979 10.610 10.599 10.608 10.614 10.629    0.034 0.049 0.035 0.038 0.042  A 130430
   3419.65830 10.632 10.594 10.626 10.634 10.653    0.033 0.063 0.036 0.037 0.041  A 130744
   3421.67821 10.656 10.696 10.678 10.643 10.651    0.044 0.071 0.045 0.050 0.055  A 131059
   3423.66602 10.635 10.650 10.648 10.641 10.669    0.045 0.063 0.043 0.054 0.060  A 131385
   3425.69261 10.633 10.661 10.645 10.629 10.637    0.040 0.063 0.041 0.047 0.052  A 131694
   3427.72383 10.624 10.675 10.645 10.615 10.617    0.043 0.052 0.043 0.050 0.056  A 132022
   3431.67409 10.674 10.680 10.670 10.684 10.709    0.034 0.047 0.033 0.040 0.045  A 132372
   3433.69672 10.704 10.682 10.696 10.721 10.745    0.036 0.044 0.036 0.042 0.048  A 132703
   3439.67596 10.739 10.749 10.737 10.754 10.769    0.027 0.036 0.028 0.031 0.035  A 133341
   3443.52840 10.746 10.769 10.744 10.763 10.778    0.032 0.068 0.036 0.036 0.039  A 133706
   3445.56035 10.722 10.648 10.718 10.738 10.761    0.041 0.085 0.048 0.043 0.045  B 134073
   3447.57428 10.771 10.765 10.761 10.785 10.804    0.031 0.046 0.032 0.034 0.037  A 134715
   3476.53976 10.848 10.789 10.840 10.859 10.878    0.040 0.078 0.044 0.046 0.050  A 139343
   3503.48726 10.614 10.745 10.639 10.612 10.629    0.054 0.096 0.056 0.060 0.065  B 142758
   3849.52783 10.643 10.694 10.648 10.649 10.671    0.039 0.067 0.041 0.043 0.046  A 187055
   3865.48695 10.713 10.747 10.739 10.732 10.765    0.039 0.053 0.041 0.044 0.048  A 189658
   3870.47938 10.722 10.707 10.711 10.732 10.749    0.032 0.040 0.031 0.038 0.042  A 190501
   3883.48074 10.720 10.720 10.719 10.725 10.735    0.036 0.056 0.038 0.041 0.045  A 192209
#ndata= 11
#dataset= 3 ; 1 F0656-16_256
#desig= 072007-2020.0
#cra=    7.335318  07:20:07.1
#cdec= -20.332755 -20:19:57.9
#class= 0
#cmag_0= 10.691
#cmer_0=  0.027
#nskip_0= 0
#cmag_1= 10.689
#cmer_1=  0.023
#nskip_1= 0
#cmag_2= 10.721
#cmer_2=  0.026
#nskip_2= 0
#cmag_3= 10.747
#cmer_3=  0.026
#nskip_3= 0
#cmag_4= 10.732
#cmer_4=  0.030
#nskip_4= 0
#ra=    7.335318  07:20:07.1
#dec= -20.332755 -20:19:57.9
#     HJD      MAG_2  MAG_0  MAG_1  MAG_3  MAG_4    MER_2 MER_0 MER_1 MER_3 MER_4 GRADE FRAME
   2232.73574 10.717 10.662 10.689 10.727 10.700    0.041 0.059 0.049 0.046 0.049  A 40517
   2233.81793 10.691 10.694 10.694 10.722 10.692    0.048 0.069 0.057 0.053 0.057  A 40709
   2234.79004 10.713 10.678 10.693 10.744 10.728    0.046 0.064 0.053 0.052 0.054  A 40855
   2235.76207 10.736 10.702 10.690 10.757 10.743    0.041 0.059 0.050 0.047 0.048  A 40999
   2236.79906 10.715 10.675 10.689 10.743 10.728    0.052 0.073 0.062 0.058 0.060  A 41174
   2237.79379 10.745 10.710 10.711 10.772 10.775    0.048 0.068 0.058 0.052 0.056  A 41331
   2239.75386 10.709 10.723 10.688 10.722 10.711    0.050 0.073 0.061 0.056 0.060  A 41473
   2240.78983 10.727 10.723 10.688 10.751 10.733    0.056 0.078 0.066 0.062 0.064  A 41646
   2241.77958 10.722 10.681 10.658 10.756 10.744    0.046 0.064 0.054 0.051 0.053  A 41801
   2242.75336 10.742 10.716 10.701 10.767 10.749    0.049 0.070 0.058 0.054 0.057  A 41951
   2243.76333 10.714 10.667 10.685 10.751 10.739    0.053 0.073 0.063 0.060 0.062  A 42111
#ndata= 283
#dataset= 4 ; 1 F0728-16_257
#desig= 072008-2020.0
#cra=    7.335429  07:20:07.5
#cdec= -20.332574 -20:19:57.3
#class= 0
#cmag_0= 10.691
#cmer_0=  0.125
#nskip_0= 4
#cmag_1= 10.707
#cmer_1=  0.119
#nskip_1= 4
#cmag_2= 10.709
#cmer_2=  0.120
#nskip_2= 4
#cmag_3= 10.716
#cmer_3=  0.120
#nskip_3= 4
#cmag_4= 10.729
#cmer_4=  0.122
#nskip_4= 3
#ra=    7.335429  07:20:07.5
#dec= -20.332574 -20:19:57.3
#     HJD      MAG_2  MAG_0  MAG_1  MAG_3  MAG_4    MER_2 MER_0 MER_1 MER_3 MER_4 GRADE FRAME
   1880.70928 10.821 10.775 10.808 10.822 10.839    0.032 0.054 0.033 0.037 0.041  A 1986
   1889.76435 10.748 10.695 10.728 10.766 10.770    0.032 0.039 0.033 0.039 0.045  A 3118
   1899.71161 10.683 10.673 10.682 10.696 10.713    0.025 0.035 0.026 0.029 0.034  A 3225
   1900.72089 11.047 11.101 11.088 11.034 11.008    0.025 0.034 0.027 0.029 0.033  A 3386
   1952.60517 10.804 10.733 10.795 10.809 10.816    0.028 0.039 0.034 0.033 0.038  A 9571
   1954.60863 10.749 10.686 10.718 10.770 10.764    0.037 0.055 0.046 0.042 0.044  A 9838
   1955.60273 10.778 10.742 10.742 10.797 10.802    0.034 0.052 0.043 0.037 0.040  A 10012
   2040.48668 10.800 10.723 10.786 10.804 10.823    0.071 0.081 0.065 0.089 0.102  D 19396
   2054.44724 10.758 10.713 10.745 10.761 10.742    0.101 0.085 0.084 0.124 0.145  D 20173
   2136.92800 10.727 10.711 10.731 10.732 10.741    0.036 0.055 0.036 0.042 0.047  A 29769
   2166.90226 10.701 10.719 10.697 10.699 10.708    0.032 0.048 0.034 0.038 0.042  A 32027
   2168.87439 10.673 10.632 10.678 10.669 10.691    0.032 0.048 0.035 0.036 0.041  A 32369
   2172.84941 10.620 10.578 10.627 10.611 10.619    0.032 0.051 0.035 0.037 0.042  A 32882
   2185.83969 11.064 11.416 11.164 11.046 11.066    0.037 0.053 0.042 0.042 0.047  A 34356
   2189.87475 10.583 10.509 10.583 10.586 10.606    0.039 0.057 0.046 0.044 0.048  A 34862
   2193.83522 10.559 10.500 10.543 10.576 10.592    0.033 0.050 0.037 0.037 0.042  A 35557
   2196.82309 10.589 10.518 10.586 10.601 10.615    0.032 0.051 0.037 0.037 0.041  A 36041
   2200.82424 10.601 10.488 10.590 10.598 10.613    0.035 0.054 0.042 0.039 0.044  A 36646
   2202.80708 10.578 10.545 10.547 10.590 10.601    0.035 0.049 0.040 0.040 0.045  A 36983
   2208.81711 10.597 10.537 10.577 10.613 10.632    0.054 0.062 0.055 0.064 0.074  B 37757
   2212.78231 10.647 10.618 10.628 10.668 10.688    0.039 0.054 0.045 0.044 0.049  A 37982
   2213.82921 10.651 10.610 10.634 10.662 10.680    0.041 0.055 0.047 0.047 0.052  A 38170
   2215.79664 10.660 10.591 10.646 10.669 10.681    0.040 0.053 0.045 0.046 0.051  A 38474
   2217.78013 10.671 10.590 10.657 10.674 10.687    0.041 0.056 0.048 0.047 0.052  A 38801
   2221.79302 10.724 10.708 10.703 10.730 10.723    0.049 0.064 0.055 0.056 0.061  A 39096
   2222.85788 10.707 10.635 10.693 10.723 10.746    0.050 0.071 0.059 0.055 0.059  B 39280
   2225.74417 10.684 10.620 10.667 10.700 10.703    0.039 0.059 0.047 0.044 0.047  A 39556
   2227.77016 10.728 10.685 10.728 10.728 10.722    0.046 0.065 0.055 0.051 0.053  A 39873
   2229.75397 10.742 10.712 10.737 10.751 10.767    0.043 0.062 0.051 0.048 0.052  A 40194
   2230.85847 10.748 10.667 10.719 10.762 10.785    0.058 0.077 0.067 0.061 0.065  D 40404
   2232.79655 10.744 10.713 10.736 10.738 10.743    0.041 0.060 0.049 0.045 0.048  A 40544
   2235.81693 10.743 10.673 10.722 10.749 10.759    0.043 0.062 0.052 0.047 0.049  A 41023
   2237.73794 10.746 10.709 10.745 10.753 10.756    0.046 0.066 0.056 0.049 0.053  A 41307
   2240.81254 10.753 10.751 10.726 10.781 10.807    0.052 0.075 0.062 0.056 0.059  B 41656
   2242.71637 10.746 10.737 10.750 10.743 10.765    0.071 0.085 0.075 0.081 0.090  D 41935
   2244.81276 10.742 10.709 10.704 10.772 10.796    0.061 0.086 0.071 0.066 0.069  D 42253
   2248.78171 10.729 10.667 10.692 10.739 10.752    0.059 0.087 0.071 0.062 0.063  D 42560
   2249.77063 10.755 10.675 10.693 10.783 10.787    0.054 0.079 0.066 0.058 0.060  B 42752
   2250.75733 10.752 10.667 10.728 10.772 10.780    0.055 0.084 0.070 0.056 0.058  D 42907
   3273.86810 10.736 10.689 10.736 10.760 10.758    0.029 0.037 0.032 0.034 0.039  A 116274
   3296.83708 10.704 10.648 10.673 10.716 10.728    0.029 0.040 0.034 0.034 0.040  A 118732
   3356.72850 10.740 10.719 10.726 10.748 10.771    0.040 0.056 0.046 0.043 0.046  A 124501
   3362.71215 10.773 10.752 10.766 10.781 10.792    0.032 0.045 0.031 0.038 0.042  A 124859
   3365.77520 10.805 10.853 10.831 10.813 10.807    0.044 0.074 0.050 0.051 0.056  B 125097
   3373.78698 10.744 10.732 10.733 10.765 10.795    0.045 0.062 0.046 0.052 0.057  A 125382
   3382.83348 10.685 10.670 10.687 10.683 10.682    0.037 0.050 0.035 0.043 0.047  A 125694
   3384.71909 10.623 10.572 10.599 10.638 10.671    0.098 0.080 0.082 0.121 0.144  D 125912
   3386.78321 10.665 10.682 10.652 10.673 10.682    0.051 0.095 0.055 0.059 0.063  B 126217
   3389.63716 10.660 10.651 10.658 10.666 10.679    0.029 0.037 0.029 0.034 0.039  A 126579
   3391.67964 10.879 10.982 10.920 10.878 10.880    0.034 0.048 0.040 0.037 0.043  A 126846
   3396.81161 10.605 10.498 10.590 10.607 10.614    0.043 0.078 0.045 0.050 0.055  B 127430
   3399.60864 10.648 10.707 10.671 10.645 10.664    0.034 0.058 0.035 0.040 0.045  A 127755
   3404.66771 29.999 29.999 29.999 29.999 29.999    0.044 0.081 0.045 0.049 0.055  C 128416
   3406.67120 10.555 10.472 10.540 10.552 10.568    0.048 0.092 0.053 0.051 0.054  B 128731
   3408.69151 10.597 10.562 10.594 10.600 10.606    0.038 0.070 0.041 0.042 0.045  A 129049
   3410.78052 10.620 10.636 10.629 10.618 10.614    0.033 0.037 0.032 0.037 0.041  A 129395
   3415.60885 29.999 29.999 29.999 29.999 29.999    0.027 0.041 0.028 0.030 0.034  C 130096
   3423.63206 10.641 10.597 10.642 10.683 10.701    0.049 0.072 0.049 0.057 0.062  A 131373
   3425.66011 10.648 10.613 10.649 10.651 10.665    0.042 0.063 0.044 0.049 0.055  A 131682
   3431.65881 29.999 29.999 29.999 29.999 29.999    0.041 0.075 0.046 0.046 0.050  C 132366
   3436.66914 10.753 10.749 10.741 10.770 10.795    0.035 0.042 0.034 0.042 0.049  A 132997
   3439.66009 10.729 10.740 10.722 10.750 10.765    0.026 0.036 0.028 0.030 0.034  A 133335
   3449.59527 10.773 10.721 10.769 10.792 10.817    0.044 0.080 0.048 0.049 0.055  B 135051
   3452.52008 10.812 10.862 10.821 10.823 10.838    0.039 0.076 0.042 0.045 0.050  B 135446
   3454.58120 10.842 10.859 10.848 10.836 10.846    0.042 0.073 0.044 0.047 0.051  A 135804
   3456.57722 10.829 10.814 10.835 10.834 10.855    0.028 0.031 0.027 0.034 0.037  A 136155
   3458.56644 10.812 10.746 10.813 10.816 10.847    0.036 0.072 0.039 0.042 0.046  A 136506
   3460.57118 10.821 10.743 10.822 10.814 10.814    0.032 0.055 0.033 0.037 0.041  A 136874
   3462.57788 10.820 10.780 10.786 10.833 10.837    0.033 0.051 0.033 0.039 0.043  A 137148
   3464.61223 10.845 10.733 10.832 10.856 10.851    0.031 0.064 0.036 0.035 0.039  A 137483
   3466.62706 10.817 10.782 10.801 10.836 10.856    0.030 0.056 0.034 0.035 0.038  A 137825
   3469.61910 10.834 10.808 10.841 10.833 10.836    0.026 0.030 0.025 0.030 0.034  A 138243
   3471.62772 10.864 10.804 10.856 10.865 10.871    0.027 0.034 0.029 0.031 0.035  A 138570
   3474.50089 10.845 10.810 10.843 10.853 10.864    0.024 0.030 0.024 0.028 0.032  A 139009
   3477.50589 10.825 10.838 10.821 10.839 10.857    0.032 0.059 0.035 0.036 0.040  A 139502
   3479.54886 10.862 10.806 10.859 10.853 10.861    0.031 0.061 0.031 0.037 0.040  A 139827
   3481.56140 10.831 10.784 10.819 10.829 10.834    0.029 0.034 0.029 0.034 0.038  A 140152
   3491.53604 10.872 10.893 10.861 10.914 10.986    0.062 0.104 0.063 0.069 0.076  B 141275
   3495.53096 10.761 10.767 10.764 10.775 10.802    0.038 0.061 0.038 0.046 0.052  A 141601
   3499.50829 10.739 10.795 10.726 10.734 10.729    0.037 0.070 0.041 0.043 0.048  A 142076
   3501.51287 10.744 10.734 10.748 10.744 10.758    0.033 0.046 0.036 0.036 0.039  A 142411
   3503.53131 10.696 10.702 10.699 10.705 10.721    0.029 0.034 0.029 0.033 0.037  A 142773
   3509.46469 10.658 10.603 10.621 10.679 10.694    0.027 0.038 0.030 0.032 0.036  A 143367
   3512.49117 10.664 10.626 10.663 10.680 10.690    0.030 0.036 0.028 0.037 0.041  A 143811
   3516.49508 10.580 10.569 10.601 10.573 10.571    0.047 0.063 0.046 0.056 0.064  A 144130
   3521.45082 10.591 10.561 10.601 10.583 10.588    0.041 0.054 0.040 0.048 0.052  A 144779
   3526.45187 10.597 10.559 10.605 10.597 10.614    0.032 0.044 0.032 0.037 0.041  A 145616
   3529.45259 10.642 10.683 10.665 10.629 10.643    0.039 0.081 0.044 0.043 0.046  B 146132
   3603.92253 10.652 10.623 10.629 10.671 10.685    0.039 0.040 0.037 0.048 0.055  A 155980
   3618.90945 10.681 10.663 10.670 10.693 10.699    0.034 0.037 0.032 0.040 0.044  A 157374
   3622.91036 10.707 10.683 10.721 10.710 10.711    0.032 0.045 0.034 0.037 0.042  A 157997
   3633.90117 10.666 10.681 10.651 10.688 10.703    0.036 0.040 0.033 0.044 0.052  A 159305
   3640.87635 10.632 10.583 10.622 10.639 10.654    0.028 0.039 0.028 0.033 0.036  A 160097
   3644.87695 10.627 10.563 10.622 10.629 10.636    0.035 0.039 0.033 0.042 0.049  A 160690
   3653.84246 10.544 10.557 10.542 10.563 10.591    0.043 0.042 0.039 0.050 0.057  A 161810
   3656.86607 99.999 99.999 99.999 99.999 99.999    0.034 0.037 0.033 0.041 0.047  C 162256
   3660.83118 10.525 10.510 10.524 10.542 10.555    0.035 0.039 0.032 0.042 0.049  A 162846
   3664.82160 10.487 10.496 10.491 10.496 10.507    0.033 0.037 0.030 0.038 0.043  A 163419
   3668.84820 10.468 10.405 10.462 10.479 10.495    0.030 0.035 0.031 0.036 0.041  A 163896
   3671.83887 10.492 10.435 10.480 10.494 10.513    0.030 0.042 0.031 0.036 0.041  A 164325
   3675.79423 10.481 10.467 10.466 10.491 10.504    0.027 0.040 0.029 0.032 0.036  A 164882
   3700.77740 10.576 10.577 10.575 10.576 10.590    0.036 0.069 0.041 0.040 0.043  A 168088
   3703.78331 10.603 10.586 10.589 10.610 10.621    0.032 0.062 0.036 0.036 0.040  A 168477
   3706.76689 10.578 10.526 10.584 10.580 10.596    0.039 0.071 0.042 0.044 0.050  A 168884
   3711.79605 10.640 10.658 10.633 10.648 10.670    0.030 0.054 0.033 0.035 0.039  A 169317
   3714.73846 11.109 11.240 11.150 11.100 11.119    0.033 0.052 0.034 0.036 0.040  A 169728
   3717.73673 10.620 10.668 10.643 10.607 10.609    0.032 0.039 0.031 0.039 0.043  A 170113
   3719.79704 10.669 10.638 10.644 10.670 10.688    0.037 0.059 0.038 0.044 0.050  A 170353
   3722.71986 10.644 10.651 10.661 10.650 10.677    0.037 0.045 0.036 0.044 0.050  A 170722
   3725.76003 10.688 10.695 10.693 10.698 10.713    0.031 0.042 0.033 0.038 0.042  A 171043
   3728.70861 10.699 10.666 10.696 10.706 10.731    0.038 0.038 0.034 0.044 0.049  A 171436
   3732.69194 10.730 10.743 10.738 10.736 10.748    0.042 0.067 0.041 0.050 0.058  A 171839
   3735.71194 10.744 10.761 10.755 10.731 10.735    0.044 0.084 0.047 0.047 0.051  B 172237
   3740.72207 10.686 10.646 10.684 10.686 10.702    0.036 0.042 0.035 0.042 0.048  A 172936
   3743.66768 10.730 10.742 10.724 10.735 10.754    0.032 0.050 0.033 0.038 0.042  A 173288
   3745.73146 10.738 10.755 10.746 10.741 10.760    0.039 0.068 0.041 0.045 0.049  A 173581
   3748.64793 10.699 10.732 10.715 10.704 10.723    0.041 0.056 0.039 0.049 0.055  A 173958
   3750.69576 10.735 10.776 10.722 10.755 10.770    0.044 0.075 0.048 0.050 0.055  B 174259
   3752.80728 10.696 10.732 10.693 10.702 10.708    0.039 0.050 0.039 0.047 0.053  A 174573
   3755.62842 10.580 10.521 10.568 10.581 99.999    0.042 0.075 0.045 0.047 0.051  C 174916
   3757.68555 10.608 10.543 10.584 10.623 10.640    0.036 0.062 0.038 0.042 0.047  A 175216
   3759.74536 10.630 10.591 10.623 10.639 10.655    0.033 0.039 0.031 0.040 0.046  A 175517
   3762.66401 10.517 10.442 10.515 10.529 10.550    0.050 0.093 0.055 0.054 0.057  B 175883
   3764.77855 10.567 10.565 10.566 10.562 10.586    0.041 0.056 0.043 0.047 0.052  A 176196
   3767.64565 10.575 10.544 10.578 10.577 10.583    0.036 0.041 0.034 0.043 0.049  A 176573
   3769.74354 10.570 10.675 10.590 10.571 10.573    0.058 0.069 0.055 0.065 0.073  B 176863
   3772.60160 10.587 10.568 10.582 10.587 10.587    0.031 0.038 0.030 0.036 0.040  A 177207
   3774.69618 10.523 10.461 10.507 10.525 10.533    0.046 0.076 0.047 0.053 0.059  B 177524
   3776.74926 10.553 10.551 10.571 10.556 10.570    0.046 0.066 0.046 0.054 0.061  A 177830
   3778.72289 10.522 10.542 10.527 10.517 10.527    0.043 0.064 0.043 0.051 0.058  A 178131
   3780.75998 10.571 10.544 10.558 10.586 10.588    0.042 0.069 0.044 0.050 0.056  A 178415
   3787.59289 10.524 10.536 10.525 10.533 10.558    0.040 0.073 0.043 0.045 0.049  A 178824
   3789.64798 10.513 10.513 10.511 10.533 10.550    0.035 0.041 0.035 0.041 0.045  A 179115
   3791.69069 10.512 10.516 10.515 10.520 10.525    0.038 0.053 0.037 0.043 0.047  A 179417
   3793.69568 10.487 10.497 10.490 10.504 10.527    0.034 0.037 0.031 0.040 0.045  A 179711
   3796.58394 10.520 10.571 10.520 10.532 10.546    0.031 0.060 0.035 0.035 0.038  A 180101
   3798.62661 99.999 99.999 99.999 99.999 99.999    0.035 0.041 0.034 0.039 0.043  C 180395
   3800.63175 10.545 10.510 10.534 10.552 10.567    0.035 0.046 0.035 0.041 0.046  A 180669
   3803.60709 10.507 10.535 10.518 10.491 10.504    0.040 0.050 0.038 0.048 0.055  A 181016
   3805.63163 10.546 10.519 10.539 10.560 10.582    0.037 0.039 0.033 0.044 0.050  A 181313
   3808.64523 10.503 10.514 10.507 10.507 10.513    0.041 0.036 0.035 0.050 0.058  A 181662
   3810.64959 10.545 10.541 10.549 10.549 10.568    0.036 0.035 0.033 0.044 0.051  A 181985
   3812.65301 10.515 10.458 10.515 10.522 10.526    0.042 0.071 0.044 0.048 0.054  A 182307
   3814.64897 10.587 10.574 10.591 10.592 10.601    0.037 0.070 0.040 0.043 0.048  A 182621
   3816.68308 10.582 10.574 10.581 10.592 10.595    0.035 0.035 0.033 0.042 0.048  A 182947
   3821.59563 10.625 10.640 10.632 10.628 10.624    0.048 0.093 0.051 0.053 0.056  B 183724
   3823.63182 10.628 10.579 10.621 10.641 10.666    0.045 0.079 0.046 0.051 0.055  B 184059
   3825.64500 10.613 10.670 10.619 10.609 10.623    0.045 0.057 0.042 0.055 0.064  A 184403
   3828.51725 10.587 10.550 10.588 10.588 10.607    0.035 0.062 0.037 0.040 0.044  A 184869
   3830.58127 10.632 10.633 10.638 10.641 10.636    0.038 0.061 0.038 0.045 0.050  A 185224
   3832.59312 10.637 10.652 10.649 10.641 10.649    0.043 0.064 0.042 0.053 0.059  A 185583
   3834.59037 10.632 10.551 10.610 10.640 10.650    0.042 0.081 0.045 0.048 0.053  B 185927
   3847.47741 10.655 10.620 10.658 10.663 10.682    0.039 0.045 0.037 0.048 0.055  A 186720
   3849.55899 10.668 10.628 10.660 10.676 10.686    0.045 0.085 0.049 0.049 0.053  B 187066
   3851.56495 10.651 10.621 10.644 10.653 10.657    0.029 0.036 0.029 0.033 0.037  A 187413
   3853.57510 10.673 10.677 10.652 10.683 10.694    0.027 0.032 0.028 0.032 0.036  A 187765
   3856.51418 10.667 10.611 10.644 10.674 10.693    0.047 0.092 0.053 0.050 0.052  B 188193
   3861.53187 10.714 10.680 10.711 10.728 10.739    0.027 0.034 0.028 0.034 0.038  A 188979
   3863.53550 10.721 10.703 10.723 10.713 10.708    0.030 0.040 0.032 0.036 0.040  A 189324
   3865.54695 10.737 10.768 10.752 10.736 10.738    0.039 0.071 0.041 0.045 0.049  A 189679
   3868.50756 10.722 10.782 10.744 10.709 10.717    0.041 0.068 0.042 0.047 0.052  A 190151
   3870.51007 10.740 10.747 10.743 10.756 10.772    0.032 0.037 0.030 0.038 0.043  A 190512
   3872.52573 10.715 10.679 10.721 10.705 10.709    0.027 0.035 0.026 0.032 0.036  A 190892
   3877.45215 10.746 10.741 10.748 10.759 10.771    0.030 0.044 0.032 0.035 0.040  A 191436
   3881.45385 10.748 10.687 10.730 10.761 10.787    0.029 0.038 0.029 0.035 0.039  A 191932
   3886.44999 10.701 10.711 10.710 10.694 10.701    0.030 0.039 0.030 0.036 0.040  A 192407
   3891.47139 10.710 10.690 10.704 10.714 10.725    0.029 0.038 0.029 0.035 0.039  A 193298
   3894.46313 10.684 10.664 10.693 10.703 10.717    0.033 0.035 0.032 0.040 0.046  A 193823
   3899.45702 10.742 10.717 10.762 10.775 10.844    0.080 0.052 0.064 0.102 0.121  D 194459
   4083.85786 10.794 10.876 10.804 10.806 10.814    0.038 0.059 0.038 0.043 0.048  A 208441
   4089.71483 10.781 10.696 10.760 10.801 10.814    0.047 0.068 0.049 0.057 0.066  A 209156
   4103.76304 10.826 10.745 10.796 10.845 99.999    0.044 0.075 0.044 0.051 0.057  C 210634
   4106.66583 10.872 10.869 10.870 10.875 10.883    0.030 0.040 0.031 0.036 0.041  A 210968
   4109.70761 10.890 10.939 10.896 10.896 10.910    0.052 0.094 0.056 0.058 0.063  B 211265
   4126.73365 10.735 10.700 10.728 10.746 10.758    0.028 0.036 0.030 0.032 0.036  A 211698
   4128.76704 10.725 10.713 10.710 10.727 10.736    0.031 0.044 0.033 0.035 0.039  A 211976
   4133.59681 10.708 10.696 10.705 10.716 10.744    0.038 0.041 0.035 0.045 0.050  A 212569
   4135.63657 10.705 10.719 10.709 10.722 10.747    0.040 0.075 0.041 0.047 0.052  B 212853
   4137.64377 10.684 10.615 10.675 10.691 10.707    0.036 0.066 0.040 0.039 0.043  A 213131
   4145.76429 10.681 10.682 10.678 10.695 10.709    0.050 0.078 0.047 0.061 0.069  B 214305
   4149.66155 10.637 10.648 10.644 10.615 10.599    0.042 0.048 0.038 0.052 0.061  A 214664
   4151.67274 10.682 10.691 10.683 10.693 10.696    0.031 0.060 0.034 0.036 0.039  A 214974
   4153.67310 10.655 10.576 10.647 10.661 10.680    0.035 0.077 0.040 0.040 0.043  B 215288
   4157.74172 10.643 10.592 10.648 10.633 10.638    0.048 0.077 0.048 0.058 0.066  B 215872
   4160.54769 10.804 10.852 10.829 10.797 10.803    0.033 0.042 0.032 0.039 0.044  A 216272
   4162.56570 10.713 10.776 10.722 10.720 10.727    0.040 0.070 0.040 0.046 0.049  A 216599
   4164.59040 10.717 10.723 10.698 10.722 10.747    0.043 0.064 0.046 0.050 0.055  A 216887
   4166.64058 10.645 10.614 10.647 10.640 10.641    0.047 0.052 0.044 0.057 0.066  A 217191
   4172.61000 10.757 10.742 10.764 10.748 10.746    0.040 0.048 0.038 0.048 0.055  A 217902
   4174.62039 10.713 10.678 10.708 10.724 10.742    0.030 0.048 0.032 0.036 0.042  A 218224
   4176.63021 10.706 10.703 10.699 10.716 10.725    0.037 0.041 0.037 0.042 0.048  A 218512
   4179.65477 10.701 10.641 10.693 10.709 10.717    0.036 0.050 0.038 0.041 0.047  A 218843
   4181.66766 10.761 10.755 10.760 10.778 10.792    0.052 0.051 0.049 0.065 0.077  B 219123
   4183.68060 10.759 10.789 10.766 10.758 10.760    0.040 0.054 0.041 0.046 0.051  A 219421
   4190.53278 10.796 10.765 10.796 10.791 10.804    0.030 0.041 0.032 0.035 0.040  A 220201
   4192.53920 10.799 10.774 10.804 10.792 10.793    0.033 0.043 0.035 0.040 0.046  A 220527
   4194.59468 10.770 10.726 10.759 10.785 10.815    0.034 0.043 0.035 0.041 0.047  A 220858
   4197.57378 10.766 10.807 10.771 10.772 10.798    0.032 0.043 0.032 0.038 0.044  A 221178
   4199.62577 10.671 10.577 10.661 10.673 10.709    0.073 0.084 0.067 0.093 0.107  D 221379
   4202.56606 10.808 10.817 10.807 10.819 10.829    0.043 0.065 0.046 0.047 0.053  A 221625
   4205.53838 10.717 10.759 10.736 10.716 10.723    0.037 0.063 0.040 0.043 0.048  A 222077
   4213.49953 10.707 10.707 10.705 10.706 10.728    0.031 0.059 0.036 0.036 0.040  A 222537
   4216.56490 10.682 10.624 10.648 10.695 10.702    0.035 0.053 0.038 0.041 0.048  A 222842
   4226.53151 10.561 10.514 10.569 10.550 10.547    0.100 0.084 0.084 0.126 0.151  D 222973
   4228.52802 10.625 10.576 10.604 10.642 10.656    0.030 0.046 0.036 0.035 0.040  A 223306
   4230.53152 10.598 10.584 10.597 10.600 10.615    0.038 0.040 0.038 0.042 0.047  A 223651
   4232.54447 10.604 10.629 10.613 10.627 10.655    0.035 0.047 0.037 0.042 0.049  A 223999
   4235.47075 10.627 10.588 10.623 10.636 10.650    0.040 0.073 0.043 0.044 0.049  A 224528
   4238.49562 10.659 10.646 10.643 10.685 10.709    0.050 0.059 0.048 0.062 0.070  A 224965
   4248.46707 10.586 10.603 10.598 10.575 10.590    0.062 0.055 0.056 0.076 0.088  D 226532
   4253.45524 10.584 10.519 10.582 10.592 10.598    0.033 0.041 0.037 0.037 0.042  A 226783
   4257.45585 10.605 10.587 10.614 10.594 10.595    0.046 0.043 0.043 0.056 0.066  A 227355
   4331.91882 10.523 10.492 10.522 10.539 10.549    0.033 0.041 0.035 0.040 0.045  A 235596
   4339.91956 10.573 10.541 10.558 10.578 10.591    0.037 0.046 0.039 0.043 0.050  A 236688
   4343.91216 10.634 10.551 10.630 10.648 10.644    0.037 0.053 0.037 0.043 0.050  A 237374
   4347.90663 10.676 10.580 10.671 10.670 10.668    0.035 0.050 0.037 0.042 0.049  A 238053
   4355.90545 10.747 10.738 10.745 10.745 10.748    0.032 0.040 0.033 0.038 0.045  A 239268
   4361.89841 10.790 10.771 10.785 10.800 10.804    0.036 0.045 0.040 0.041 0.048  A 240114
   4364.87412 10.829 10.781 10.829 10.832 10.830    0.033 0.043 0.037 0.039 0.046  A 240582
   4368.86686 10.830 10.802 10.809 10.847 10.854    0.039 0.048 0.042 0.045 0.052  A 241061
   4372.85554 10.856 10.848 10.866 10.875 10.890    0.038 0.041 0.036 0.047 0.054  A 241705
   4376.86252 10.851 10.798 10.839 10.863 10.880    0.037 0.044 0.037 0.044 0.051  A 242201
   4380.84496 10.837 10.834 10.847 10.862 10.892    0.041 0.044 0.040 0.047 0.055  A 242791
   4384.83843 10.814 10.742 10.818 10.803 10.806    0.043 0.052 0.046 0.049 0.056  A 243399
   4387.87577 10.818 10.782 10.788 10.845 10.864    0.043 0.050 0.044 0.050 0.058  A 243890
   4399.87628 10.767 10.779 10.781 10.784 10.800    0.041 0.052 0.040 0.049 0.057  A 244912
   4403.82420 10.732 10.742 10.733 10.732 10.747    0.033 0.040 0.034 0.039 0.044  A 245324
   4407.84135 10.785 10.799 10.791 10.800 10.807    0.035 0.050 0.038 0.041 0.047  A 245650
   4410.83699 10.787 10.799 10.782 10.802 10.826    0.034 0.046 0.035 0.039 0.045  A 246034
   4418.86720 10.837 10.825 10.834 10.854 10.869    0.031 0.038 0.032 0.037 0.043  A 246377
   4422.77337 10.861 10.823 10.845 10.867 10.875    0.030 0.053 0.034 0.035 0.039  A 246691
   4426.80422 10.875 10.906 10.889 10.865 10.866    0.049 0.049 0.044 0.061 0.070  A 246993
   4429.79985 10.916 10.931 10.911 10.928 99.999    0.038 0.044 0.039 0.046 0.053  C 247354
   4432.77421 10.919 10.893 10.915 10.929 10.940    0.029 0.038 0.030 0.034 0.039  A 247712
   4435.76420 10.906 10.896 10.910 10.912 10.927    0.030 0.048 0.034 0.036 0.040  A 248070
   4438.75603 10.958 10.931 10.932 10.985 99.999    0.037 0.039 0.035 0.043 0.048  C 248443
   4441.74594 10.912 10.913 10.915 10.905 10.919    0.034 0.042 0.035 0.038 0.043  A 248815
   4453.71705 10.837 10.826 10.840 10.856 10.874    0.030 0.036 0.031 0.036 0.041  A 250149
   4456.70732 10.773 10.684 10.730 10.813 10.832    0.063 0.076 0.061 0.075 0.087  D 250472
   4459.70777 10.808 10.825 10.797 10.814 10.831    0.043 0.053 0.041 0.052 0.061  A 250831
   4461.79596 10.794 10.779 10.790 10.793 10.814    0.039 0.052 0.041 0.046 0.054  A 251088
   4464.68792 10.752 10.761 10.760 10.747 10.768    0.032 0.044 0.035 0.038 0.042  A 251429
   4467.68464 10.746 10.727 10.746 10.745 10.754    0.040 0.047 0.039 0.045 0.050  A 251769
   4470.68677 10.737 10.713 10.729 10.748 10.757    0.033 0.048 0.035 0.037 0.041  A 252113
   4473.73679 10.661 10.657 10.674 10.692 10.710    0.034 0.045 0.036 0.038 0.044  A 252397
   4476.73755 10.666 10.610 10.651 10.678 10.695    0.056 0.055 0.051 0.067 0.076  B 252675
   4479.65095 10.654 10.691 10.657 10.660 10.661    0.029 0.038 0.031 0.034 0.039  A 253020
   4482.68797 10.664 10.648 10.666 10.664 10.680    0.034 0.051 0.036 0.041 0.046  A 253332
   4485.67802 10.685 10.699 10.694 10.684 10.694    0.050 0.074 0.051 0.061 0.070  B 253603
   4487.71384 10.725 10.778 10.739 10.721 10.715    0.042 0.070 0.045 0.049 0.055  A 253849
   4489.76088 10.647 10.661 10.670 10.656 10.665    0.038 0.047 0.038 0.047 0.054  A 254104
   4492.61951 10.643 10.665 10.655 10.644 10.655    0.032 0.037 0.032 0.037 0.043  A 254392
   4494.65881 10.658 10.634 10.663 10.656 10.668    0.031 0.053 0.035 0.036 0.041  A 254653
   4497.78105 10.659 10.689 10.675 10.648 10.661    0.032 0.051 0.035 0.038 0.042  A 254803
   4500.59108 10.753 10.733 10.722 10.803 10.863    0.087 0.080 0.076 0.104 0.123  D 255134
   4505.60685 10.670 10.684 10.673 10.671 10.693    0.041 0.061 0.043 0.048 0.055  A 255840
   4507.66479 10.673 10.697 10.691 10.663 10.669    0.046 0.050 0.043 0.055 0.065  A 256149
   4509.74338 10.687 10.663 10.679 10.702 10.711    0.038 0.044 0.038 0.045 0.052  A 256456
   4512.59262 10.715 10.777 10.714 10.728 10.740    0.046 0.057 0.045 0.055 0.064  A 256812
   4515.73046 10.652 10.614 10.637 10.666 10.691    0.055 0.075 0.054 0.065 0.073  B 257044
   4518.58068 10.729 10.712 10.734 10.724 10.739    0.036 0.052 0.038 0.042 0.050  A 257390
   4520.61552 10.738 10.706 10.730 10.742 10.753    0.031 0.042 0.033 0.036 0.042  A 257699
   4522.62276 10.753 10.713 10.732 10.782 10.800    0.042 0.053 0.041 0.050 0.058  A 257993
   4524.62225 10.736 10.739 10.736 10.743 10.759    0.032 0.048 0.034 0.036 0.040  A 258286
   4526.65396 10.737 10.756 10.743 10.745 10.757    0.041 0.045 0.040 0.049 0.056  A 258584
   4528.70352 10.806 10.791 10.797 10.824 10.834    0.047 0.060 0.045 0.055 0.062  A 258904
   4531.60075 10.776 10.798 10.794 10.781 10.793    0.042 0.069 0.046 0.047 0.052  A 259318
   4534.55399 10.844 10.888 10.865 10.858 10.873    0.038 0.061 0.041 0.044 0.049  A 259689
   4537.57038 10.856 10.824 10.851 10.863 10.890    0.039 0.065 0.042 0.045 0.052  A 260058
   4539.58354 10.795 10.797 10.801 10.793 10.798    0.053 0.054 0.049 0.065 0.075  B 260353
   4541.60021 10.814 10.787 10.819 10.805 10.811    0.034 0.055 0.039 0.039 0.045  A 260658
   4543.61706 10.901 10.900 10.890 10.913 10.936    0.042 0.049 0.039 0.051 0.058  A 260976
   4547.65770 10.886 10.822 10.867 10.914 10.945    0.044 0.044 0.041 0.053 0.063  A 261613
   4555.52647 10.999 10.940 10.991 11.002 11.014    0.037 0.065 0.042 0.042 0.047  A 262663
   4557.55004 11.022 11.018 11.027 11.028 11.041    0.036 0.053 0.037 0.041 0.047  A 262997
   4559.59849 11.027 10.975 11.021 11.038 11.055    0.036 0.045 0.037 0.043 0.048  A 263344
   4562.52454 11.017 11.007 11.033 11.007 11.010    0.035 0.045 0.036 0.042 0.048  A 263825
   4564.57176 11.032 11.008 11.031 11.040 11.048    0.036 0.043 0.037 0.042 0.050  A 264174
   4566.57703 11.080 11.048 11.093 11.081 11.107    0.040 0.054 0.042 0.047 0.055  A 264509
   4568.60496 11.089 11.101 11.085 11.104 11.138    0.034 0.048 0.035 0.040 0.045  A 264828
   4570.58984 11.064 11.068 11.062 11.081 11.102    0.032 0.039 0.033 0.038 0.044  A 265152
   4572.60060 10.999 11.043 10.993 11.009 11.032    0.041 0.047 0.041 0.048 0.056  A 265500
   4575.53778 11.053 11.028 11.042 11.050 11.057    0.036 0.042 0.034 0.043 0.049  A 265962
