#ndata= 3
#dataset= 1 ; 1 F0656-16_256
#desig= 072400-1209.0
#cra=    7.400036  07:24:00.1
#cdec= -12.150072 -12:09:00.3
#class= 0
#cmag_0= 10.477
#cmer_0=  0.021
#nskip_0= 0
#cmag_1= 10.494
#cmer_1=  0.012
#nskip_1= 0
#cmag_2= 10.509
#cmer_2=  0.009
#nskip_2= 0
#cmag_3= 10.505
#cmer_3=  0.003
#nskip_3= 0
#cmag_4= 10.505
#cmer_4=  0.016
#nskip_4= 0
#ra=    7.400036  07:24:00.1
#dec= -12.150072 -12:09:00.3
#     HJD      MAG_2  MAG_0  MAG_1  MAG_3  MAG_4    MER_2 MER_0 MER_1 MER_3 MER_4 GRADE FRAME
   2549.85345 10.504 10.455 10.493 10.508 10.498    0.053 0.073 0.062 0.056 0.057  A 20871
   2628.69600 10.506 10.493 10.479 10.496 10.496    0.037 0.039 0.039 0.044 0.048  A 30745
   2679.63228 10.517 10.485 10.511 10.514 10.520    0.030 0.032 0.031 0.035 0.039  A 39131
#ndata= 239
#dataset= 2 ; 1 F0728-16_257
#desig= 072400-1209.0
#cra=    7.400007  07:24:00.0
#cdec= -12.150040 -12:09:00.1
#class= 0
#cmag_0= 10.528
#cmer_0=  0.030
#nskip_0= 15
#cmag_1= 10.533
#cmer_1=  0.024
#nskip_1= 16
#cmag_2= 10.535
#cmer_2=  0.018
#nskip_2= 19
#cmag_3= 10.540
#cmer_3=  0.024
#nskip_3= 16
#cmag_4= 10.553
#cmer_4=  0.028
#nskip_4= 13
#ra=    7.400007  07:24:00.0
#dec= -12.150040 -12:09:00.1
#     HJD      MAG_2  MAG_0  MAG_1  MAG_3  MAG_4    MER_2 MER_0 MER_1 MER_3 MER_4 GRADE FRAME
   1869.77854 10.536 10.587 10.546 10.535 10.539    0.029 0.054 0.028 0.034 0.037  A 304
   1874.71396 10.518 10.511 10.517 10.523 10.536    0.026 0.049 0.026 0.032 0.035  A 1038
   1876.81904 10.556 10.580 10.557 10.562 10.576    0.026 0.047 0.027 0.031 0.034  A 1405
   1877.79002 10.545 10.543 10.543 10.548 10.568    0.024 0.039 0.024 0.029 0.032  A 1550
   1884.74467 10.534 10.515 10.554 10.529 10.534    0.024 0.036 0.025 0.029 0.032  A 2308
   1885.75747 10.541 10.532 10.556 10.537 10.556    0.025 0.037 0.026 0.029 0.033  A 2474
   1886.76202 10.522 10.522 10.505 10.521 10.543    0.024 0.034 0.026 0.029 0.032  A 2636
   1887.75029 10.541 10.572 10.523 10.546 10.554    0.026 0.039 0.027 0.031 0.035  A 2790
   1888.73784 10.897 10.891 10.872 10.910 10.923    0.027 0.041 0.027 0.033 0.036  A 2945
   1902.70088 10.526 10.536 10.501 10.530 10.547    0.023 0.033 0.025 0.027 0.031  A 3535
   1903.73280 10.562 10.536 10.558 10.561 10.572    0.023 0.038 0.024 0.028 0.032  A 3707
   1904.69817 10.534 10.517 10.520 10.534 10.541    0.024 0.038 0.025 0.029 0.033  A 3853
   1905.70961 10.569 10.567 10.599 10.555 10.564    0.024 0.038 0.025 0.029 0.033  A 4020
   1907.70527 10.538 10.563 10.522 10.537 10.549    0.023 0.035 0.026 0.027 0.031  A 4340
   1908.69755 10.537 10.536 10.529 10.543 10.547    0.023 0.033 0.026 0.027 0.031  A 4498
   1914.69271 10.547 10.553 10.559 10.542 10.547    0.025 0.035 0.025 0.030 0.033  A 4792
   1915.69227 10.533 10.529 10.503 10.535 10.542    0.024 0.039 0.026 0.029 0.032  A 4950
   1918.67159 10.543 10.518 10.538 10.538 10.541    0.030 0.039 0.031 0.037 0.041  A 5156
   1919.68549 10.517 10.483 10.494 10.518 10.525    0.030 0.041 0.031 0.037 0.041  A 5322
   1920.68246 10.539 10.524 10.539 10.544 10.547    0.027 0.033 0.027 0.032 0.037  A 5481
   1921.67573 10.560 10.569 10.595 10.556 10.565    0.026 0.034 0.028 0.032 0.037  A 5637
   1922.67803 10.528 10.562 10.529 10.541 10.547    0.025 0.033 0.028 0.029 0.034  A 5788
   1923.67267 10.531 10.543 10.529 10.530 10.541    0.027 0.033 0.028 0.032 0.036  A 5952
   1924.66775 10.521 10.514 10.495 10.531 10.533    0.041 0.045 0.039 0.048 0.054  A 6119
   1925.66851 10.539 10.513 10.552 10.541 10.556    0.025 0.036 0.026 0.029 0.033  A 6288
   1926.66493 10.540 10.512 10.500 10.578 10.589    0.024 0.032 0.026 0.028 0.032  A 6456
   1928.66898 10.573 10.554 10.583 10.574 10.580    0.023 0.033 0.025 0.027 0.031  A 6783
   1929.65954 10.542 10.523 10.524 10.546 10.545    0.023 0.034 0.025 0.027 0.032  A 6934
   1930.65762 10.543 10.539 10.528 10.553 10.562    0.023 0.035 0.027 0.027 0.031  A 7100
   1931.65494 10.536 10.537 10.508 10.535 10.548    0.025 0.035 0.028 0.029 0.033  A 7268
   1932.64748 10.538 10.551 10.531 10.538 10.549    0.024 0.035 0.029 0.027 0.032  A 7429
   1933.64912 10.549 10.544 10.542 10.541 10.550    0.024 0.036 0.030 0.027 0.032  A 7595
   1934.64701 10.876 10.873 10.865 10.868 10.875    0.023 0.033 0.026 0.027 0.031  A 7756
   1935.58786 10.563 10.562 10.576 10.561 10.564    0.023 0.030 0.026 0.027 0.031  A 7887
   1937.62575 10.557 10.557 10.582 10.558 10.563    0.023 0.034 0.029 0.027 0.031  A 8137
   1938.64974 10.533 10.554 10.539 10.531 10.544    0.025 0.036 0.030 0.028 0.032  A 8263
   1940.63710 10.658 10.654 10.650 10.656 10.670    0.023 0.035 0.030 0.027 0.031  A 8505
   1945.62814 10.538 10.540 10.567 10.546 10.560    0.027 0.036 0.031 0.031 0.037  A 8676
   1946.63458 10.522 10.536 10.534 10.521 10.520    0.029 0.037 0.031 0.034 0.039  A 8797
   1948.59214 10.516 10.514 10.489 10.521 10.543    0.030 0.035 0.030 0.036 0.042  A 9033
   1949.65060 10.536 10.576 10.574 10.543 10.545    0.029 0.037 0.032 0.034 0.040  A 9195
   1950.61001 10.546 10.554 10.544 10.542 10.550    0.027 0.037 0.030 0.031 0.036  A 9352
   1953.60756 10.529 10.496 10.536 10.537 10.533    0.031 0.044 0.039 0.034 0.037  A 9657
   1959.59840 10.525 10.515 10.521 10.533 10.537    0.033 0.050 0.042 0.036 0.040  A 10384
   1961.59226 10.548 10.578 10.544 10.538 10.550    0.033 0.051 0.043 0.037 0.040  A 10458
   1963.57307 10.677 10.688 10.694 10.638 10.651    0.036 0.055 0.045 0.040 0.041  A 10783
   1964.59428 10.567 10.531 10.576 10.570 10.567    0.036 0.053 0.045 0.039 0.041  A 10971
   1965.58062 10.631 10.593 10.612 10.617 10.610    0.034 0.050 0.043 0.038 0.040  A 11151
   1967.56320 10.536 10.590 10.552 10.498 10.542    0.036 0.055 0.046 0.040 0.041  A 11496
   1968.57891 10.521 10.501 10.546 10.528 10.509    0.041 0.063 0.051 0.045 0.045  A 11679
   1977.54488 10.538 10.579 10.540 10.546 10.545    0.048 0.069 0.058 0.055 0.057  A 11918
   1979.54359 10.539 10.560 10.524 10.520 10.533    0.050 0.074 0.062 0.053 0.053  B 12187
   1981.58262 10.529 10.558 10.521 10.516 10.527    0.046 0.068 0.057 0.051 0.052  A 12538
   1984.52303 10.544 10.617 10.576 10.532 10.533    0.046 0.071 0.059 0.050 0.050  B 12914
   2026.52234 10.800 10.807 10.800 10.803 10.824    0.027 0.039 0.026 0.031 0.034  A 17359
   2031.45776 10.525 10.535 10.506 10.529 10.527    0.030 0.041 0.030 0.035 0.039  A 17946
   2058.45537 10.533 10.475 10.540 10.533 10.538    0.030 0.036 0.030 0.033 0.037  A 21077
   2143.92141 10.512 10.478 10.511 10.497 10.512    0.041 0.066 0.042 0.047 0.052  A 30925
   2520.90202 10.527 10.512 10.523 10.521 10.527    0.028 0.040 0.028 0.034 0.037  A 18315
   2540.86090 10.552 10.493 10.547 10.562 10.565    0.035 0.036 0.035 0.040 0.044  A 19807
   2544.90349 10.491 10.542 10.462 10.482 10.466    0.047 0.046 0.052 0.056 0.065  A 20098
   2549.85345 10.520 10.498 10.514 10.527 10.532    0.055 0.076 0.063 0.058 0.061  B 20871
   2552.83478 10.547 10.509 10.539 10.550 10.567    0.022 0.030 0.021 0.026 0.029  A 21229
   2557.82573 10.564 10.514 10.579 10.571 10.550    0.033 0.047 0.042 0.036 0.038  A 21950
   2559.83784 10.544 10.523 10.547 10.542 10.555    0.022 0.028 0.027 0.026 0.029  A 22315
   2561.84387 10.521 10.510 10.517 10.525 10.537    0.022 0.025 0.025 0.026 0.029  A 22644
   2565.83891 11.031 11.071 11.032 11.046 11.051    0.031 0.033 0.039 0.036 0.041  A 23359
   2574.79426 10.526 10.540 10.504 10.505 10.507    0.054 0.074 0.064 0.057 0.059  B 24415
   2577.78916 10.526 10.523 10.514 10.531 10.540    0.029 0.031 0.033 0.033 0.036  A 24842
   2621.78596 10.521 10.509 10.502 10.524 10.539    0.027 0.034 0.037 0.031 0.035  A 29863
   2623.74267 10.526 10.547 10.526 10.536 10.550    0.021 0.021 0.020 0.025 0.027  A 30176
   2625.73071 10.524 10.505 10.527 10.528 10.546    0.023 0.023 0.023 0.028 0.030  A 30453
   2628.69600 10.525 10.532 10.516 10.523 10.531    0.035 0.035 0.036 0.042 0.047  A 30745
   2631.83786 10.521 10.500 10.524 10.519 10.537    0.025 0.023 0.023 0.029 0.034  A 31664
   2635.69158 10.507 10.522 10.506 10.527 10.538    0.023 0.027 0.024 0.026 0.030  A 32249
   2637.70357 10.525 10.518 10.526 10.529 10.545    0.020 0.025 0.020 0.023 0.026  A 32545
   2639.70925 10.545 10.498 10.541 10.551 10.562    0.019 0.029 0.019 0.022 0.025  A 32856
   2641.70748 10.537 10.523 10.532 10.543 10.555    0.020 0.025 0.020 0.024 0.027  A 33138
   2643.72862 10.527 10.534 10.521 10.533 10.551    0.021 0.025 0.022 0.024 0.027  A 33458
   2645.70587 11.063 11.091 11.092 11.038 11.048    0.021 0.024 0.022 0.025 0.028  A 33746
   2647.69327 10.533 10.474 10.503 10.568 10.564    0.070 0.054 0.060 0.087 0.101  D 34037
   2650.67197 10.551 10.551 10.552 10.561 10.575    0.018 0.020 0.020 0.021 0.024  A 34294
   2652.68289 10.542 10.540 10.547 10.540 10.561    0.022 0.025 0.022 0.026 0.028  A 34604
   2654.68418 10.532 10.528 10.524 10.530 10.549    0.024 0.035 0.023 0.028 0.030  A 34914
   2657.71757 10.826 10.833 10.850 10.836 10.849    0.026 0.023 0.025 0.031 0.036  A 35459
   2659.74543 99.999 10.524 10.536 99.999 99.999    0.025 0.022 0.024 0.030 0.033  C 35813
   2661.74259 10.519 10.519 10.527 10.512 10.514    0.022 0.022 0.021 0.027 0.029  A 36154
   2663.73901 10.592 10.552 10.572 10.603 10.612    0.023 0.025 0.023 0.027 0.029  A 36491
   2665.73066 10.526 10.506 10.513 10.565 10.640    0.021 0.023 0.022 0.025 0.027  A 36838
   2667.73130 10.534 10.542 10.524 10.541 10.558    0.022 0.023 0.022 0.026 0.028  A 37143
   2669.72071 10.520 10.536 10.527 10.530 10.547    0.022 0.020 0.022 0.026 0.028  A 37465
   2671.71980 10.534 10.532 10.533 10.556 10.583    0.021 0.022 0.021 0.025 0.027  A 37794
   2673.71558 10.529 10.545 10.526 10.548 10.559    0.022 0.027 0.022 0.025 0.027  A 38128
   2675.70202 10.527 10.497 10.525 10.529 10.536    0.020 0.022 0.021 0.023 0.025  A 38483
   2677.68404 10.528 10.537 10.514 10.530 10.537    0.023 0.022 0.022 0.027 0.030  A 38822
   2679.65543 10.538 10.559 10.519 10.551 10.560    0.027 0.035 0.028 0.032 0.037  A 39141
   2681.63455 10.534 10.560 10.533 10.542 10.559    0.027 0.035 0.025 0.033 0.037  A 39455
   2683.63468 10.550 10.549 10.536 10.566 10.587    0.023 0.029 0.022 0.027 0.031  A 39812
   2684.78248 10.530 10.558 10.530 10.531 10.540    0.031 0.029 0.028 0.038 0.044  A 40054
   2686.69115 10.548 10.537 10.555 10.527 10.526    0.030 0.041 0.029 0.036 0.040  A 40382
   2688.67653 10.502 10.511 10.520 10.495 10.492    0.026 0.026 0.024 0.031 0.036  A 40740
   2690.67533 10.516 10.473 10.503 10.517 10.544    0.024 0.034 0.024 0.029 0.032  A 41108
   2692.67235 10.527 10.567 10.537 10.530 10.545    0.026 0.042 0.026 0.031 0.034  A 41457
   2694.67663 10.512 10.523 10.489 10.529 10.545    0.028 0.035 0.032 0.028 0.032  A 41782
   2696.69166 11.048 11.287 11.154 11.026 11.026    0.022 0.026 0.023 0.025 0.027  A 42113
   2698.67016 10.513 10.493 10.507 10.518 10.542    0.022 0.026 0.022 0.025 0.027  A 42521
   2700.66264 10.541 10.573 10.543 10.550 10.564    0.022 0.029 0.022 0.025 0.028  A 42905
   2702.65469 10.539 10.540 10.534 10.545 10.560    0.021 0.021 0.021 0.024 0.027  A 43282
   2704.64188 10.522 10.512 10.520 10.515 10.523    0.021 0.033 0.022 0.024 0.026  A 43662
   2706.62109 10.533 10.444 10.537 10.526 10.537    0.029 0.035 0.039 0.028 0.030  A 44023
   2710.59483 10.526 10.498 10.514 10.530 10.540    0.022 0.021 0.022 0.025 0.028  A 44731
   2711.68953 10.547 10.547 10.540 10.557 10.561    0.025 0.028 0.025 0.030 0.033  A 44966
   2713.65574 10.514 10.521 10.510 10.514 10.529    0.026 0.027 0.024 0.031 0.036  A 45326
   2715.66539 10.527 10.516 10.531 10.520 10.526    0.032 0.030 0.029 0.038 0.044  A 45705
   2721.60446 10.505 10.467 10.496 10.506 10.516    0.025 0.032 0.025 0.029 0.031  A 46469
   2723.60479 10.556 10.542 10.548 10.561 10.572    0.022 0.026 0.023 0.026 0.028  A 46858
   2725.60137 10.540 10.516 10.545 10.545 10.565    0.023 0.030 0.023 0.026 0.029  A 47248
   2727.59487 10.510 10.484 10.502 10.511 10.524    0.022 0.031 0.024 0.026 0.029  A 47635
   2729.59263 10.540 10.481 10.526 10.546 10.566    0.023 0.031 0.023 0.028 0.031  A 48042
   2733.58067 10.534 10.518 10.529 10.530 10.541    0.022 0.025 0.022 0.025 0.027  A 48596
   2735.57604 10.533 10.526 10.522 10.545 10.559    0.022 0.028 0.023 0.025 0.028  A 49000
   2737.56774 10.557 10.534 10.549 10.553 10.566    0.024 0.031 0.024 0.029 0.032  A 49393
   2739.58547 10.513 10.490 10.509 10.515 10.533    0.027 0.029 0.026 0.031 0.034  A 49736
   2741.56054 10.538 10.495 10.526 10.546 10.566    0.028 0.031 0.025 0.035 0.039  A 50119
   2743.57967 10.618 10.594 10.594 10.631 10.634    0.027 0.033 0.025 0.032 0.037  A 50529
   2745.58722 99.999 10.520 10.542 99.999 99.999    0.042 0.038 0.040 0.051 0.060  C 50909
   2750.47606 10.501 10.530 10.487 10.490 10.489    0.032 0.039 0.038 0.035 0.038  A 51568
   2751.60027 10.540 10.536 10.535 10.547 10.557    0.027 0.028 0.025 0.031 0.035  A 51814
   2754.56854 10.542 10.522 10.524 10.548 10.566    0.023 0.033 0.024 0.027 0.030  A 52215
   2756.56790 10.516 10.533 10.518 10.523 10.535    0.023 0.025 0.023 0.027 0.030  A 52627
   2758.55866 10.533 10.551 10.538 10.539 10.541    0.087 0.069 0.074 0.107 0.123  D 53046
   2760.57670 10.527 10.517 10.519 10.536 10.536    0.024 0.026 0.024 0.027 0.029  A 53400
   2763.46515 10.524 10.514 10.527 10.530 10.548    0.027 0.033 0.030 0.031 0.034  A 53953
   2766.48635 10.540 10.536 10.517 10.537 10.559    0.027 0.037 0.034 0.030 0.034  A 54461
   2770.48728 10.560 10.524 10.603 10.551 10.545    0.028 0.037 0.039 0.032 0.035  A 54793
   2775.46256 10.547 10.523 10.569 10.545 10.542    0.028 0.030 0.028 0.033 0.038  A 55010
   2784.50004 10.533 10.514 10.531 10.539 10.552    0.024 0.027 0.024 0.028 0.031  A 56085
   2787.45747 10.543 10.505 10.526 10.560 10.564    0.023 0.026 0.024 0.026 0.030  A 56719
   2791.45463 10.574 10.568 10.579 10.568 10.606    0.033 0.031 0.031 0.040 0.045  A 57475
   2794.45127 10.527 10.515 10.522 10.529 10.541    0.024 0.035 0.025 0.028 0.032  A 57989
   2804.45066 10.519 10.501 10.518 10.530 10.555    0.043 0.038 0.038 0.052 0.060  A 58967
   2884.91547 10.514 10.515 10.509 10.537 10.569    0.035 0.033 0.037 0.041 0.048  A 69937
   2893.90770 10.538 10.545 10.546 10.542 10.553    0.035 0.029 0.032 0.043 0.048  A 70992
   2896.89787 10.532 10.501 10.528 10.540 10.550    0.026 0.025 0.025 0.032 0.035  A 71584
   2905.90080 10.535 10.529 10.526 10.538 10.562    0.025 0.026 0.026 0.031 0.036  A 73095
   2910.87648 10.533 10.517 10.522 10.541 10.557    0.021 0.026 0.024 0.025 0.028  A 73827
   2915.89081 10.780 10.744 10.774 10.781 10.796    0.029 0.029 0.036 0.034 0.039  A 74496
   2918.84285 10.561 10.559 10.556 10.574 10.590    0.057 0.041 0.048 0.070 0.082  D 74975
   2922.82059 10.537 10.485 10.547 10.542 10.552    0.030 0.029 0.029 0.037 0.043  A 75348
   2924.86893 10.544 10.511 10.548 10.548 10.576    0.026 0.029 0.028 0.031 0.035  A 75727
   2927.83802 10.532 10.532 10.523 10.539 10.556    0.025 0.026 0.027 0.030 0.034  A 76090
   2930.85270 10.548 10.543 10.541 10.556 10.570    0.022 0.026 0.024 0.026 0.029  A 76630
   2933.84656 10.536 10.561 10.531 10.538 10.554    0.024 0.027 0.026 0.028 0.032  A 77161
   2940.78457 10.555 10.524 10.531 10.569 10.596    0.027 0.027 0.029 0.032 0.037  A 78066
   2942.83096 99.999 99.999 99.999 99.999 99.999    0.024 0.030 0.027 0.028 0.031  C 78283
   2944.83686 99.999 99.999 99.999 99.999 99.999    0.041 0.048 0.037 0.051 0.059  C 78612
   2951.79424 10.547 10.524 10.546 10.547 99.999    0.027 0.028 0.027 0.032 0.038  C 79626
   2954.85201 10.578 10.517 10.597 10.585 10.601    0.044 0.043 0.045 0.053 0.061  A 80027
   2957.81414 10.531 10.534 10.516 10.542 10.559    0.033 0.030 0.035 0.039 0.046  A 80446
   2961.77378 10.761 10.766 10.736 10.757 10.767    0.024 0.026 0.026 0.029 0.033  A 80972
   2964.78958 10.538 10.524 10.530 10.546 10.553    0.025 0.029 0.026 0.031 0.035  A 81406
   2967.78718 10.612 10.616 10.601 10.622 10.646    0.027 0.029 0.029 0.031 0.035  A 81827
   2971.74819 10.551 10.525 10.543 10.567 10.594    0.026 0.029 0.026 0.030 0.035  A 82289
   2976.75736 10.534 10.523 10.542 10.531 99.999    0.034 0.038 0.037 0.039 0.045  C 82900
   2980.76894 10.542 10.515 10.557 10.531 10.537    0.034 0.035 0.035 0.041 0.049  A 83428
   2983.73446 99.999 99.999 99.999 99.999 99.999    0.031 0.030 0.030 0.038 0.043  C 83814
   2986.72693 10.531 10.516 10.524 10.532 10.537    0.024 0.027 0.025 0.030 0.034  A 84204
   2988.78169 10.562 10.494 10.573 10.561 10.573    0.033 0.041 0.038 0.038 0.044  A 84443
   2991.71484 10.530 10.536 10.493 10.541 10.556    0.024 0.027 0.026 0.029 0.033  A 84809
   2996.70565 10.529 10.511 10.522 10.538 10.548    0.025 0.027 0.025 0.029 0.033  A 85470
   2998.75309 10.553 10.536 10.547 10.551 10.558    0.032 0.032 0.035 0.037 0.042  A 85764
   3006.67626 10.512 10.507 10.518 10.510 10.523    0.027 0.027 0.027 0.033 0.037  A 86601
   3008.72221 10.542 10.527 10.541 10.554 10.574    0.027 0.031 0.030 0.032 0.037  A 86874
   3010.73185 10.529 10.538 10.516 10.534 10.552    0.032 0.032 0.033 0.039 0.045  A 87145
   3016.66558 10.517 10.513 10.532 10.514 10.509    0.031 0.034 0.029 0.037 0.042  A 87752
   3018.69953 10.501 10.533 10.497 10.520 10.534    0.029 0.035 0.030 0.034 0.039  A 88037
   3023.68763 10.526 10.532 10.510 10.531 10.535    0.025 0.030 0.027 0.029 0.034  A 88314
   3027.82659 10.536 10.527 10.530 10.540 10.551    0.030 0.031 0.029 0.035 0.041  A 88520
   3030.61594 10.737 10.741 10.733 10.749 10.779    0.037 0.037 0.033 0.041 0.045  A 88721
   3034.67321 10.535 10.529 10.519 10.556 10.579    0.032 0.033 0.031 0.039 0.045  A 89145
   3036.75444 10.530 10.501 10.542 10.539 10.556    0.025 0.027 0.026 0.029 0.034  A 89399
   3043.65748 10.516 10.499 10.505 10.532 10.547    0.036 0.036 0.036 0.044 0.051  A 89933
   3045.68405 10.514 10.508 10.512 10.515 10.522    0.027 0.031 0.025 0.032 0.036  A 90210
   3048.65734 10.511 10.481 10.512 10.513 10.523    0.030 0.032 0.029 0.037 0.043  A 90604
   3051.61347 10.550 10.517 10.556 10.553 10.559    0.029 0.036 0.032 0.034 0.039  A 90984
   3055.71087 10.507 10.499 10.507 10.509 10.521    0.032 0.035 0.029 0.038 0.041  A 91570
   3057.74512 10.535 10.506 10.532 10.553 10.567    0.044 0.035 0.040 0.052 0.058  A 91856
   3062.61464 10.542 10.540 10.551 10.539 10.537    0.084 0.071 0.075 0.104 0.127  D 92472
   3064.65219 10.547 10.537 10.542 10.563 10.580    0.026 0.026 0.025 0.031 0.035  A 92752
   3067.67581 10.535 10.514 10.542 10.548 10.560    0.029 0.029 0.029 0.034 0.040  A 93059
   3069.69427 10.538 10.543 10.534 10.542 10.559    0.039 0.036 0.035 0.049 0.057  A 93358
   3071.71798 10.539 10.523 10.530 10.544 10.549    0.039 0.035 0.036 0.049 0.057  A 93654
   3076.64739 10.837 10.800 10.839 10.823 10.829    0.029 0.029 0.029 0.036 0.041  A 94270
   3078.65016 10.511 10.509 10.522 10.510 10.506    0.032 0.033 0.030 0.038 0.044  A 94574
   3080.66617 10.540 10.480 10.529 10.550 10.575    0.038 0.038 0.035 0.044 0.051  A 94867
   3082.68966 10.538 10.549 10.536 10.552 10.565    0.028 0.029 0.029 0.033 0.038  A 95171
   3086.67841 10.541 10.539 10.539 10.555 10.568    0.062 0.057 0.057 0.071 0.082  D 95467
   3088.68146 10.537 10.537 10.529 10.544 10.556    0.033 0.032 0.034 0.039 0.045  A 95780
   3091.52342 10.540 10.549 10.545 10.541 10.550    0.029 0.031 0.030 0.035 0.040  A 96186
   3093.55720 10.621 10.603 10.626 10.618 10.632    0.029 0.030 0.032 0.035 0.039  A 96497
   3097.55911 10.518 10.529 10.501 10.534 10.535    0.030 0.043 0.034 0.035 0.041  A 96782
   3099.57033 10.838 10.868 10.829 10.861 10.864    0.039 0.042 0.041 0.049 0.058  A 97103
   3101.58041 10.517 10.518 10.515 10.527 10.543    0.034 0.033 0.032 0.040 0.048  A 97409
   3103.58707 10.538 10.553 10.513 10.547 10.548    0.030 0.031 0.030 0.036 0.042  A 97727
   3105.57893 10.561 10.539 10.560 10.570 10.574    0.040 0.034 0.036 0.045 0.050  A 98043
   3107.58405 10.535 10.540 10.542 10.537 10.542    0.027 0.030 0.026 0.032 0.036  A 98361
   3109.58935 10.531 10.511 10.512 10.538 10.550    0.026 0.030 0.027 0.031 0.035  A 98673
   3111.58473 10.531 10.530 10.524 10.547 10.555    0.026 0.026 0.027 0.032 0.037  A 98985
   3113.60409 10.537 10.512 10.526 10.544 10.552    0.027 0.029 0.029 0.032 0.036  A 99312
   3121.47171 10.530 10.521 10.534 10.534 10.550    0.026 0.026 0.026 0.031 0.035  A 100032
   3123.50218 10.570 10.515 10.561 10.589 10.607    0.025 0.027 0.025 0.030 0.035  A 100331
   3125.53318 10.546 10.542 10.545 10.553 10.549    0.028 0.033 0.026 0.034 0.040  A 100678
   3128.51274 10.569 10.581 10.560 10.586 10.600    0.035 0.032 0.031 0.043 0.052  A 101153
   3130.52975 10.547 10.554 10.529 10.584 10.614    0.033 0.031 0.031 0.041 0.046  A 101449
   3132.54647 10.524 10.533 10.528 10.523 10.529    0.032 0.030 0.032 0.038 0.046  A 101787
   3142.48977 10.552 10.545 10.533 10.558 10.566    0.028 0.029 0.031 0.034 0.039  A 103060
   3146.48144 10.558 10.529 10.565 10.571 10.590    0.028 0.031 0.028 0.033 0.039  A 103463
   3152.45743 10.525 10.546 10.533 10.530 10.535    0.059 0.052 0.055 0.070 0.077  B 103653
   3156.46304 10.552 10.521 10.541 10.561 10.569    0.029 0.031 0.029 0.035 0.040  A 104107
   3164.45694 10.484 10.513 10.496 10.476 10.483    0.051 0.041 0.045 0.063 0.075  B 105135
   3273.86810 10.520 10.534 10.544 10.510 10.520    0.029 0.037 0.032 0.034 0.039  A 116274
   3277.85418 10.521 10.477 10.487 10.524 10.535    0.034 0.050 0.038 0.040 0.046  A 116770
   3333.80878 10.536 10.464 10.534 10.526 10.534    0.035 0.054 0.035 0.043 0.047  A 121840
   3404.66771 10.576 10.555 10.544 10.603 10.641    0.044 0.081 0.045 0.049 0.055  B 128416
   3406.67120 10.530 10.446 10.507 10.533 10.553    0.048 0.092 0.053 0.051 0.054  B 128731
   3410.78052 10.536 10.509 10.540 10.534 10.557    0.033 0.037 0.032 0.037 0.041  A 129395
   3413.57713 10.523 10.516 10.509 10.522 10.527    0.035 0.037 0.033 0.042 0.047  A 129756
   3415.60885 10.540 10.527 10.533 10.552 10.556    0.027 0.041 0.028 0.030 0.034  A 130096
   3417.62060 10.525 10.527 10.524 10.534 10.544    0.033 0.046 0.034 0.037 0.039  A 130412
   3419.61269 10.575 10.548 10.624 10.558 10.577    0.033 0.056 0.049 0.034 0.039  A 130728
   3421.64253 10.499 10.491 10.486 10.503 10.505    0.048 0.082 0.052 0.053 0.057  B 131047
   3423.63206 10.507 10.502 10.514 10.481 10.478    0.049 0.072 0.049 0.057 0.062  A 131373
   3425.66011 10.552 10.494 10.520 10.557 10.579    0.042 0.063 0.044 0.049 0.055  A 131682
   3427.69435 10.576 10.604 10.554 10.601 10.645    0.052 0.075 0.051 0.063 0.070  B 132011
   3431.65881 10.532 10.488 10.532 10.533 10.543    0.041 0.075 0.046 0.046 0.050  B 132366
   3433.68027 10.537 10.585 10.538 10.548 10.560    0.035 0.053 0.036 0.039 0.043  A 132697
   3443.52613 10.540 10.544 10.544 10.538 10.555    0.027 0.034 0.027 0.031 0.034  A 133705
   3445.55803 10.482 10.430 10.484 10.469 10.481    0.053 0.095 0.055 0.058 0.063  B 134072
   3447.57195 10.499 10.570 10.509 10.500 10.522    0.036 0.075 0.042 0.039 0.042  B 134714
#ndata= 295
#dataset= 3 ; 1 F0728-08_302
#desig= 072400-1209.0
#cra=    7.400026  07:24:00.1
#cdec= -12.150634 -12:09:02.3
#class= 0
#cmag_0= 10.574
#cmer_0=  0.149
#nskip_0= 0
#cmag_1= 10.562
#cmer_1=  0.120
#nskip_1= 0
#cmag_2= 10.555
#cmer_2=  0.108
#nskip_2= 0
#cmag_3= 10.552
#cmer_3=  0.104
#nskip_3= 0
#cmag_4= 10.561
#cmer_4=  0.104
#nskip_4= 0
#ra=    7.400026  07:24:00.1
#dec= -12.150634 -12:09:02.3
#     HJD      MAG_2  MAG_0  MAG_1  MAG_3  MAG_4    MER_2 MER_0 MER_1 MER_3 MER_4 GRADE FRAME
   1868.78842 11.310 11.758 11.524 11.272 11.269    0.026 0.045 0.027 0.031 0.035  A 145
   1872.74151 10.534 10.508 10.524 10.536 10.559    0.029 0.059 0.029 0.034 0.038  A 726
   1873.81304 10.507 10.556 10.532 10.493 10.506    0.027 0.051 0.028 0.032 0.036  A 919
   1880.71662 10.516 10.551 10.521 10.517 10.521    0.032 0.054 0.033 0.038 0.043  A 1989
   1881.76103 10.519 10.548 10.532 10.516 10.512    0.024 0.036 0.026 0.030 0.033  A 2167
   1885.76011 29.999 29.999 29.999 29.999 29.999    0.025 0.037 0.027 0.029 0.033  C 2475
   1886.76468 29.999 29.999 29.999 29.999 29.999    0.024 0.033 0.026 0.028 0.033  C 2637
   1889.76948 10.562 10.585 10.561 10.581 10.600    0.032 0.043 0.034 0.039 0.044  A 3120
   1899.71663 10.514 10.511 10.508 10.504 10.515    0.025 0.032 0.029 0.029 0.033  A 3227
   1900.72356 10.515 10.526 10.503 10.523 10.537    0.024 0.034 0.027 0.029 0.032  A 3387
   1918.66980 10.538 10.566 10.530 10.543 10.570    0.031 0.040 0.032 0.037 0.042  A 5155
   2167.87174 10.502 10.494 10.490 10.504 10.510    0.035 0.054 0.038 0.039 0.044  A 32201
   2171.88886 10.538 10.538 10.541 10.539 10.538    0.040 0.054 0.041 0.047 0.053  A 32712
   2173.87312 10.543 10.620 10.550 10.552 10.556    0.032 0.054 0.035 0.038 0.042  A 33083
   2183.88107 10.509 10.541 10.519 10.501 10.506    0.034 0.047 0.038 0.040 0.045  A 33996
   2185.84428 10.511 10.508 10.525 10.512 10.522    0.037 0.054 0.043 0.044 0.049  A 34358
   2189.87702 10.522 10.576 10.537 10.523 10.530    0.034 0.051 0.040 0.040 0.044  A 34863
   2191.84175 10.536 10.533 10.557 10.528 10.524    0.032 0.051 0.037 0.037 0.042  A 35204
   2196.82542 10.505 10.452 10.502 10.498 10.513    0.032 0.053 0.036 0.037 0.041  A 36042
   2198.82107 10.613 10.607 10.616 10.623 10.626    0.034 0.054 0.037 0.038 0.043  A 36396
   2200.82660 10.542 10.613 10.552 10.537 10.546    0.033 0.053 0.039 0.038 0.042  A 36647
   2202.81182 10.519 10.513 10.538 10.516 10.529    0.035 0.052 0.041 0.040 0.044  A 36985
   2208.82184 10.512 10.589 10.521 10.514 10.500    0.057 0.066 0.057 0.068 0.079  D 37759
   2212.78708 10.517 10.544 10.515 10.507 10.516    0.039 0.057 0.046 0.044 0.049  A 37984
   2214.77680 10.507 10.512 10.523 10.500 10.510    0.039 0.054 0.041 0.044 0.049  A 38297
   2215.85464 10.814 10.883 10.832 10.800 10.795    0.043 0.062 0.050 0.049 0.052  A 38499
   2217.78728 10.529 10.588 10.543 10.527 10.537    0.040 0.058 0.047 0.046 0.050  A 38804
   2221.80237 10.575 10.583 10.621 10.562 10.572    0.047 0.063 0.053 0.053 0.058  A 39100
   2224.77928 10.502 10.537 10.515 10.495 10.505    0.047 0.059 0.050 0.054 0.062  A 39410
   2226.76081 10.526 10.549 10.534 10.533 10.536    0.040 0.057 0.046 0.046 0.048  A 39716
   2227.82127 10.508 10.571 10.571 10.484 10.461    0.046 0.068 0.055 0.051 0.054  A 39895
   2229.76335 10.515 10.554 10.519 10.507 10.510    0.041 0.060 0.048 0.045 0.048  A 40198
   2232.79914 10.662 10.694 10.688 10.648 10.653    0.038 0.057 0.046 0.043 0.046  A 40545
   2236.73454 10.543 10.547 10.538 10.543 10.559    0.061 0.072 0.063 0.071 0.081  D 41146
   2237.81219 10.508 10.559 10.509 10.510 10.521    0.048 0.071 0.059 0.052 0.055  B 41339
   2239.79043 10.517 10.565 10.516 10.528 10.546    0.046 0.069 0.056 0.050 0.053  A 41489
   2240.80847 10.505 10.578 10.515 10.507 10.524    0.049 0.073 0.060 0.053 0.055  B 41654
   2241.80301 10.516 10.572 10.510 10.514 10.530    0.043 0.063 0.052 0.047 0.050  A 41811
   2242.80293 10.521 10.573 10.530 10.510 10.518    0.056 0.083 0.068 0.060 0.063  D 41971
   2244.72707 10.592 10.643 10.574 10.603 10.600    0.059 0.082 0.069 0.063 0.071  D 42216
   2249.76882 10.533 10.568 10.564 10.517 10.523    0.049 0.077 0.062 0.054 0.057  B 42751
   2250.75551 10.541 10.556 10.560 10.514 10.521    0.049 0.077 0.062 0.054 0.057  B 42906
   2251.74919 10.506 10.556 10.508 10.504 10.508    0.051 0.078 0.066 0.055 0.057  B 43065
   2252.75077 10.505 10.555 10.525 10.503 10.508    0.052 0.079 0.064 0.054 0.056  B 43228
   2253.74335 10.516 10.594 10.560 10.517 10.532    0.055 0.084 0.068 0.057 0.058  D 43386
   2255.74184 10.638 10.692 10.637 10.634 10.644    0.053 0.082 0.067 0.055 0.057  B 43672
   2526.89877 29.999 29.999 29.999 29.999 29.999    0.057 0.082 0.069 0.058 0.058  D 18957
   2557.82125 29.999 29.999 29.999 29.999 29.999    0.034 0.049 0.042 0.038 0.039  C 21948
   2578.82035 10.535 10.535 10.542 10.530 10.518    0.040 0.046 0.044 0.044 0.049  A 25024
   3269.87977 99.999 99.999 99.999 99.999 99.999    0.027 0.037 0.035 0.030 0.033  C 115728
   3273.88187 10.515 10.534 10.512 10.508 10.506    0.029 0.036 0.032 0.034 0.039  A 116279
   3277.86765 10.543 10.533 10.541 10.540 10.541    0.034 0.036 0.034 0.040 0.045  A 116775
   3296.84536 10.535 10.571 10.540 10.535 10.550    0.028 0.037 0.033 0.033 0.037  A 118735
   3333.80641 99.999 99.999 99.999 99.999 99.999    0.035 0.049 0.035 0.042 0.047  C 121839
   3356.73209 10.536 10.493 10.536 10.539 10.551    0.033 0.068 0.036 0.037 0.040  A 124502
   3362.71866 10.528 10.502 10.555 10.522 10.547    0.038 0.064 0.040 0.043 0.047  A 124861
   3365.79919 10.550 10.585 10.564 10.546 10.554    0.043 0.077 0.045 0.050 0.057  B 125104
   3373.85093 10.564 10.753 10.579 10.554 10.566    0.057 0.091 0.056 0.066 0.073  B 125390
   3382.69847 10.525 10.576 10.530 10.533 10.527    0.062 0.089 0.064 0.069 0.075  B 125647
   3383.77538 10.546 10.622 10.564 10.551 10.579    0.043 0.074 0.045 0.048 0.053  A 125803
   3386.63683 10.717 10.699 10.724 10.720 10.715    0.044 0.071 0.045 0.048 0.052  A 126167
   3390.68047 10.548 10.530 10.549 10.546 10.548    0.035 0.047 0.035 0.040 0.045  A 126735
   3392.75954 10.531 10.589 10.541 10.527 10.534    0.047 0.064 0.047 0.055 0.063  A 126979
   3395.74849 10.500 10.475 10.495 10.498 10.513    0.040 0.054 0.040 0.047 0.053  A 127295
   3397.78246 10.574 10.543 10.559 10.571 10.595    0.042 0.073 0.045 0.048 0.053  A 127551
   3400.62175 10.534 10.504 10.538 10.540 10.556    0.031 0.042 0.031 0.038 0.043  A 127904
   3403.64956 10.877 10.900 10.898 10.869 10.876    0.029 0.053 0.033 0.034 0.037  A 128253
   3405.66614 10.498 10.463 10.510 10.473 10.477    0.054 0.092 0.053 0.062 0.069  B 128572
   3407.68355 10.516 10.543 10.536 10.524 10.521    0.033 0.048 0.035 0.035 0.038  A 128894
   3409.70366 10.663 10.753 10.667 10.666 10.673    0.040 0.078 0.044 0.045 0.048  B 129211
   3411.77003 10.531 10.565 10.543 10.527 10.535    0.034 0.054 0.036 0.038 0.042  A 129529
   3413.77727 10.516 10.480 10.521 10.519 10.515    0.046 0.067 0.046 0.054 0.060  A 129831
   3416.55830 10.475 10.454 10.487 10.476 10.490    0.046 0.080 0.048 0.051 0.056  B 130237
   3418.60064 10.556 10.606 10.569 10.546 10.566    0.039 0.071 0.043 0.045 0.049  A 130562
   3422.61944 10.514 10.549 10.513 10.508 10.535    0.053 0.046 0.045 0.066 0.078  B 131202
   3424.65248 10.531 10.557 10.533 10.541 10.550    0.041 0.054 0.040 0.049 0.054  A 131512
   3426.64911 10.905 10.869 10.914 10.905 10.913    0.038 0.059 0.040 0.043 0.046  A 131845
   3430.65883 10.528 10.527 10.531 10.533 10.528    0.031 0.045 0.033 0.037 0.042  A 132199
   3432.65710 10.612 10.610 10.607 10.619 10.638    0.055 0.090 0.054 0.066 0.071  B 132525
   3434.65210 10.492 10.521 10.507 10.481 10.479    0.057 0.110 0.060 0.064 0.071  B 132841
   3438.54618 10.523 10.551 10.533 10.532 10.536    0.027 0.042 0.029 0.032 0.036  A 133156
   3440.65279 10.508 10.526 10.505 10.488 10.490    0.057 0.050 0.052 0.067 0.077  B 133490
   3443.68945 10.653 10.636 10.647 10.650 10.670    0.034 0.071 0.038 0.039 0.041  A 133764
   3445.67789 10.534 10.554 10.557 10.528 10.533    0.051 0.093 0.052 0.058 0.063  B 134117
   3447.67688 10.516 10.518 10.524 10.527 10.523    0.036 0.068 0.040 0.040 0.043  A 134754
   3450.54571 99.999 99.999 99.999 99.999 99.999    0.038 0.072 0.039 0.045 0.050  C 135212
   3452.66786 10.479 10.411 10.488 10.459 10.476    0.052 0.087 0.050 0.061 0.069  B 135501
   3455.52645 10.754 10.833 10.775 10.747 10.768    0.038 0.054 0.041 0.044 0.049  A 135964
   3457.54295 10.544 10.593 10.555 10.559 10.579    0.035 0.071 0.039 0.040 0.044  A 136326
   3459.54845 10.491 10.426 10.493 10.479 10.495    0.034 0.070 0.039 0.038 0.042  A 136683
   3463.57969 10.544 10.568 10.548 10.545 10.567    0.033 0.048 0.034 0.038 0.043  A 137300
   3465.62056 10.533 10.572 10.550 10.521 10.527    0.035 0.062 0.038 0.039 0.041  A 137652
   3468.61152 10.519 10.571 10.527 10.520 10.533    0.031 0.048 0.032 0.035 0.038  A 138089
   3471.51336 10.516 10.518 10.538 10.520 10.537    0.030 0.058 0.035 0.034 0.037  A 138530
   3473.52398 10.495 10.501 10.503 10.485 10.499    0.045 0.060 0.043 0.053 0.059  A 138839
   3475.56545 10.522 10.546 10.525 10.521 10.532    0.038 0.075 0.042 0.041 0.044  B 139187
   3477.58702 10.521 10.509 10.521 10.521 10.527    0.033 0.048 0.034 0.038 0.042  A 139529
   3480.52546 10.527 10.570 10.540 10.517 10.527    0.036 0.069 0.041 0.041 0.046  A 139964
   3489.55351 10.567 10.596 10.602 10.567 10.572    0.031 0.053 0.035 0.035 0.039  A 140923
   3491.56931 10.544 10.576 10.553 10.539 10.560    0.042 0.075 0.044 0.047 0.052  B 141287
   3497.48356 10.534 10.542 10.542 10.534 10.542    0.034 0.064 0.037 0.039 0.043  A 141869
   3500.48958 10.524 10.524 10.513 10.522 10.534    0.030 0.037 0.029 0.035 0.038  A 142223
   3502.51616 10.525 10.548 10.541 10.519 10.526    0.032 0.064 0.036 0.036 0.040  A 142589
   3513.48882 10.520 10.542 10.546 10.504 10.497    0.035 0.040 0.035 0.042 0.048  A 143977
   3520.45226 10.575 10.613 10.581 10.589 10.615    0.055 0.097 0.056 0.061 0.064  B 144609
   3523.45577 10.509 10.550 10.528 10.516 10.520    0.043 0.072 0.044 0.048 0.052  A 145133
   3528.45020 10.540 10.526 10.531 10.553 10.580    0.049 0.087 0.052 0.054 0.059  B 145953
   3630.90236 10.547 10.556 10.537 10.565 10.582    0.034 0.037 0.032 0.040 0.045  A 158880
   3636.88379 10.535 10.523 10.561 10.525 10.504    0.038 0.038 0.036 0.046 0.053  A 159667
   3640.88498 10.533 10.504 10.540 10.529 10.542    0.029 0.043 0.031 0.034 0.038  A 160100
   3644.88491 10.684 10.692 10.682 10.681 10.701    0.035 0.036 0.033 0.043 0.049  A 160693
   3650.84991 10.656 10.765 10.667 10.651 10.658    0.027 0.037 0.029 0.032 0.036  A 161385
   3653.86457 10.537 10.559 10.520 10.559 10.588    0.042 0.045 0.038 0.048 0.053  A 161817
   3656.87125 10.501 10.546 10.508 10.501 10.505    0.035 0.038 0.033 0.042 0.048  A 162258
   3660.83634 10.487 10.520 10.488 10.476 10.490    0.036 0.044 0.035 0.044 0.049  A 162848
   3664.82707 10.505 10.512 10.505 10.503 10.510    0.033 0.040 0.032 0.039 0.045  A 163421
   3668.86375 10.502 10.555 10.495 10.506 10.514    0.030 0.036 0.032 0.036 0.042  A 163901
   3672.82168 10.517 10.536 10.496 10.512 10.523    0.029 0.035 0.030 0.034 0.039  A 164461
   3700.78033 10.495 10.520 10.495 10.491 10.513    0.033 0.042 0.034 0.038 0.042  A 168089
   3703.78616 10.521 10.529 10.510 10.527 10.540    0.030 0.047 0.033 0.035 0.038  A 168478
   3706.76975 10.504 10.540 10.519 10.502 10.509    0.033 0.035 0.032 0.040 0.045  A 168885
   3711.79921 10.526 10.544 10.522 10.525 10.538    0.029 0.043 0.031 0.034 0.038  A 169318
   3717.74255 10.536 10.563 10.544 10.538 10.528    0.038 0.071 0.041 0.044 0.048  A 170115
   3719.80013 10.523 10.480 10.542 10.515 10.520    0.038 0.063 0.038 0.044 0.049  A 170354
   3722.72285 10.477 10.508 10.469 10.475 10.490    0.036 0.044 0.034 0.043 0.050  A 170723
   3725.76637 10.509 10.516 10.494 10.509 10.518    0.033 0.040 0.032 0.040 0.045  A 171045
   3728.71157 10.521 10.531 10.535 10.506 10.502    0.042 0.045 0.038 0.049 0.054  A 171437
   3732.69509 10.493 10.535 10.487 10.505 10.528    0.044 0.042 0.039 0.055 0.063  A 171840
   3735.70984 10.473 10.447 10.473 10.473 10.478    0.038 0.072 0.043 0.043 0.047  A 172236
   3740.72497 10.484 10.510 10.507 10.462 10.452    0.037 0.040 0.036 0.044 0.051  A 172937
   3743.67067 10.515 10.446 10.528 10.524 10.541    0.036 0.066 0.039 0.042 0.046  A 173289
   3745.73447 10.506 10.478 10.498 10.513 10.526    0.041 0.078 0.046 0.046 0.051  B 173582
   3748.65170 10.509 10.533 10.519 10.508 10.511    0.041 0.044 0.037 0.051 0.058  A 173959
   3750.69869 10.462 10.454 10.450 10.463 10.482    0.043 0.072 0.045 0.050 0.056  A 174260
   3753.68996 10.770 10.873 10.797 10.771 10.783    0.042 0.082 0.046 0.049 0.053  B 174665
   3755.73533 10.534 10.576 10.546 10.529 10.538    0.035 0.039 0.033 0.043 0.049  A 174951
   3757.77209 10.560 10.549 10.584 10.549 10.563    0.040 0.069 0.044 0.044 0.048  A 175244
   3760.64724 10.464 10.447 10.470 10.458 10.467    0.039 0.078 0.045 0.044 0.046  B 175623
   3762.74234 10.537 10.573 10.550 10.554 10.559    0.040 0.050 0.038 0.045 0.049  A 175907
   3765.63017 10.538 10.486 10.536 10.534 10.546    0.046 0.094 0.051 0.050 0.052  B 176291
   3767.76074 10.509 10.461 10.511 10.510 10.510    0.043 0.072 0.044 0.051 0.055  A 176608
   3770.58887 10.516 10.592 10.536 10.527 10.532    0.058 0.063 0.053 0.066 0.074  B 176954
   3772.66683 10.552 10.547 10.562 10.545 10.555    0.033 0.052 0.035 0.038 0.041  A 177221
   3774.77286 10.540 10.575 10.547 10.531 10.538    0.045 0.064 0.045 0.052 0.058  A 177542
   3777.58417 10.551 10.571 10.556 10.549 10.572    0.039 0.059 0.040 0.047 0.052  A 177928
   3779.61839 10.489 10.448 10.491 10.477 10.493    0.050 0.086 0.052 0.058 0.064  B 178244
   3787.59880 10.539 10.605 10.555 10.544 10.550    0.046 0.087 0.050 0.050 0.054  B 178826
   3789.66149 10.528 10.582 10.560 10.526 10.525    0.041 0.066 0.043 0.047 0.052  A 179119
   3791.69344 10.487 10.448 10.473 10.485 10.514    0.043 0.079 0.046 0.047 0.050  B 179418
   3793.69852 10.646 10.648 10.651 10.643 10.650    0.041 0.069 0.043 0.046 0.051  A 179712
   3796.58659 10.521 10.497 10.520 10.523 10.542    0.033 0.062 0.039 0.037 0.041  A 180102
   3798.63087 10.531 10.563 10.536 10.531 10.534    0.044 0.081 0.049 0.049 0.053  B 180396
   3800.63534 10.558 10.561 10.559 10.564 10.566    0.047 0.089 0.051 0.051 0.057  B 180670
   3803.60979 10.568 10.659 10.596 10.562 10.546    0.047 0.083 0.049 0.055 0.062  B 181017
   3805.63425 10.588 10.590 10.583 10.575 10.570    0.045 0.085 0.049 0.051 0.056  B 181314
   3808.64875 10.566 10.591 10.587 10.561 10.543    0.047 0.068 0.046 0.057 0.065  A 181663
   3810.65222 10.526 10.551 10.507 10.536 10.567    0.037 0.038 0.035 0.045 0.052  A 181986
   3812.65562 10.535 10.486 10.525 10.541 10.554    0.040 0.068 0.042 0.046 0.051  A 182308
   3814.65146 10.490 10.444 10.488 10.487 10.505    0.036 0.057 0.037 0.043 0.048  A 182622
   3817.56052 10.561 10.579 10.565 10.557 10.563    0.037 0.068 0.038 0.044 0.048  A 183066
   3819.59602 10.539 10.600 10.575 10.519 10.530    0.047 0.092 0.052 0.052 0.057  B 183401
   3821.63623 10.523 10.556 10.555 10.499 10.512    0.048 0.085 0.052 0.054 0.059  B 183737
   3823.66072 10.515 10.536 10.521 10.522 10.535    0.040 0.041 0.035 0.050 0.059  A 184069
   3826.50476 10.505 10.546 10.505 10.517 10.533    0.031 0.045 0.032 0.039 0.044  A 184524
   3828.56152 10.627 10.666 10.644 10.625 10.627    0.032 0.045 0.032 0.037 0.041  A 184883
   3830.61315 10.532 10.567 10.547 10.533 10.540    0.037 0.059 0.040 0.042 0.047  A 185235
   3832.62933 10.555 10.565 10.572 10.539 10.540    0.038 0.050 0.037 0.044 0.049  A 185595
   3834.62193 10.566 10.581 10.551 10.569 10.573    0.041 0.061 0.043 0.048 0.053  A 185938
   3837.49631 10.507 10.457 10.510 10.512 10.532    0.048 0.072 0.049 0.059 0.066  A 186406
   3848.48860 10.531 10.545 10.538 10.533 10.548    0.037 0.037 0.034 0.043 0.049  A 186863
   3850.52151 10.546 10.565 10.557 10.545 10.545    0.033 0.047 0.033 0.037 0.041  A 187220
   3852.52728 10.505 10.487 10.503 10.517 10.528    0.038 0.080 0.043 0.042 0.045  B 187568
   3854.53386 10.524 10.504 10.536 10.511 10.522    0.030 0.052 0.032 0.035 0.038  A 187936
   3857.54148 99.999 99.999 99.999 99.999 99.999    0.064 0.097 0.063 0.072 0.081  D 188339
   3860.50449 10.496 10.487 10.513 10.488 10.488    0.034 0.059 0.036 0.038 0.042  A 188790
   3862.50274 10.580 10.589 10.575 10.576 10.582    0.033 0.062 0.036 0.038 0.041  A 189154
   3864.53039 10.511 10.555 10.522 10.507 10.521    0.034 0.045 0.034 0.040 0.044  A 189499
   3867.51992 10.508 10.480 10.509 10.508 10.519    0.042 0.049 0.037 0.052 0.058  A 189986
   3870.47083 10.508 10.510 10.514 10.498 10.510    0.036 0.068 0.037 0.041 0.046  A 190498
   3872.49545 10.529 10.569 10.524 10.533 10.544    0.038 0.078 0.044 0.042 0.045  B 190881
   3876.49980 10.525 10.509 10.526 10.535 10.543    0.034 0.059 0.039 0.039 0.042  A 191295
   3883.47387 10.537 10.565 10.546 10.534 10.542    0.032 0.046 0.032 0.037 0.040  A 192207
   3887.47499 10.550 10.582 10.559 10.546 10.554    0.060 0.083 0.057 0.073 0.083  D 192603
   3891.46593 10.791 10.820 10.795 10.797 10.792    0.031 0.039 0.030 0.036 0.041  A 193296
   3896.45415 10.645 10.771 10.649 10.653 10.665    0.039 0.042 0.039 0.048 0.055  A 193976
   4090.71866 10.516 10.508 10.514 10.516 10.519    0.030 0.037 0.031 0.035 0.039  A 209278
   4104.78329 10.519 10.510 10.491 10.527 10.543    0.046 0.061 0.044 0.057 0.066  A 210745
   4106.79940 10.501 10.472 10.490 10.494 10.496    0.042 0.059 0.041 0.051 0.058  A 211014
   4111.70915 10.536 10.520 10.542 10.545 10.552    0.038 0.078 0.044 0.042 0.045  B 211408
   4126.74296 10.890 10.882 10.905 10.893 10.899    0.029 0.038 0.031 0.033 0.038  A 211701
   4128.76985 10.532 10.547 10.546 10.527 10.521    0.030 0.056 0.037 0.035 0.039  A 211977
   4133.59960 10.555 10.542 10.573 10.549 10.558    0.041 0.069 0.045 0.048 0.054  A 212570
   4135.63934 10.513 10.545 10.523 10.524 10.547    0.033 0.036 0.030 0.040 0.045  A 212854
   4137.64654 10.506 10.534 10.500 10.510 10.519    0.032 0.040 0.034 0.037 0.040  A 213132
   4145.77312 10.548 10.600 10.556 10.547 10.545    0.041 0.067 0.040 0.049 0.056  A 214308
   4149.66425 10.851 10.882 10.869 10.817 10.837    0.039 0.050 0.037 0.048 0.054  A 214665
   4151.70023 10.543 10.616 10.557 10.544 10.559    0.029 0.044 0.030 0.034 0.038  A 214983
   4153.67579 10.493 10.459 10.466 10.500 10.512    0.034 0.071 0.038 0.039 0.043  A 215289
   4155.69240 10.627 10.655 10.636 10.624 10.638    0.034 0.055 0.036 0.040 0.043  A 215584
   4158.58773 10.511 10.513 10.519 10.507 10.515    0.039 0.071 0.041 0.045 0.049  A 215974
   4160.62911 10.516 10.529 10.499 10.521 10.541    0.032 0.046 0.033 0.039 0.043  A 216300
   4162.62237 10.487 10.475 10.493 10.479 10.492    0.038 0.066 0.039 0.045 0.050  A 216619
   4164.63692 10.572 10.657 10.596 10.574 10.559    0.050 0.098 0.055 0.057 0.060  B 216902
   4167.58759 10.516 10.483 10.518 10.512 10.509    0.042 0.087 0.047 0.046 0.049  B 217297
   4172.64081 10.903 10.983 10.928 10.896 10.869    0.035 0.055 0.036 0.041 0.048  A 217912
   4174.65276 10.542 10.612 10.551 10.547 10.547    0.032 0.052 0.035 0.038 0.042  A 218234
   4176.68018 10.500 10.475 10.506 10.505 10.512    0.041 0.059 0.042 0.046 0.050  A 218528
   4179.67019 10.537 10.534 10.574 10.517 10.515    0.040 0.068 0.049 0.047 0.055  A 218848
   4181.68152 10.520 10.527 10.540 10.510 10.531    0.053 0.046 0.047 0.065 0.078  B 219128
   4184.52171 10.507 10.453 10.522 10.497 10.489    0.040 0.063 0.042 0.045 0.049  A 219512
   4188.56538 10.522 10.501 10.530 10.533 10.534    0.036 0.041 0.036 0.043 0.046  A 219915
   4190.56080 10.523 10.561 10.538 10.518 10.515    0.037 0.064 0.044 0.042 0.048  A 220211
   4192.57006 10.487 10.444 10.496 10.472 10.484    0.034 0.057 0.038 0.040 0.046  A 220538
   4194.61754 10.497 10.488 10.496 10.501 10.506    0.034 0.041 0.035 0.041 0.046  A 220867
   4197.60639 10.489 10.474 10.479 10.493 10.503    0.039 0.064 0.041 0.046 0.053  A 221189
   4200.58378 10.509 10.518 10.505 10.501 10.516    0.032 0.051 0.034 0.038 0.043  A 221468
   4203.58552 10.513 10.463 10.515 10.502 10.514    0.036 0.058 0.040 0.039 0.043  A 221765
   4205.59631 10.559 10.594 10.569 10.553 10.559    0.041 0.048 0.039 0.048 0.054  A 222096
   4213.56921 10.504 10.490 10.490 10.498 10.511    0.039 0.053 0.039 0.047 0.054  A 222562
   4227.48401 10.520 10.518 10.507 10.519 10.526    0.029 0.043 0.034 0.034 0.037  A 223104
   4229.50783 10.521 10.551 10.524 10.517 10.527    0.028 0.034 0.030 0.033 0.036  A 223470
   4231.51587 10.551 10.605 10.561 10.551 10.552    0.031 0.044 0.033 0.038 0.042  A 223831
   4233.51726 10.528 10.591 10.525 10.525 10.520    0.030 0.051 0.036 0.035 0.040  A 224177
   4235.52010 10.576 10.655 10.584 10.583 10.593    0.033 0.064 0.039 0.038 0.042  A 224546
   4238.51193 10.487 10.473 10.472 10.486 10.511    0.045 0.056 0.045 0.054 0.062  A 224971
   4246.48434 10.549 10.598 10.535 10.557 10.547    0.033 0.050 0.037 0.039 0.044  A 226167
   4249.47214 10.481 10.455 10.505 10.450 10.456    0.052 0.053 0.049 0.064 0.074  A 226565
   4256.45411 10.512 10.512 10.494 10.509 10.530    0.030 0.043 0.033 0.034 0.038  A 227188
   4258.46391 10.549 10.547 10.562 10.550 10.571    0.031 0.039 0.033 0.036 0.042  A 227460
   4343.91787 10.528 10.535 10.518 10.526 10.555    0.047 0.054 0.046 0.057 0.065  A 237376
   4348.91342 10.502 10.505 10.505 10.505 10.516    0.035 0.041 0.036 0.042 0.048  A 238230
   4358.90694 10.510 10.544 10.530 10.502 10.502    0.035 0.044 0.037 0.041 0.046  A 239724
   4363.88085 10.512 10.529 10.514 10.504 10.506    0.039 0.047 0.041 0.044 0.051  A 240423
   4367.89599 10.760 10.772 10.779 10.764 10.774    0.036 0.042 0.036 0.043 0.049  A 240933
   4371.88286 10.518 10.536 10.515 10.524 10.543    0.037 0.041 0.035 0.044 0.051  A 241557
   4376.87023 10.535 10.568 10.544 10.534 10.532    0.040 0.047 0.038 0.047 0.054  A 242204
   4380.85346 10.522 10.507 10.524 10.522 10.534    0.040 0.047 0.039 0.048 0.054  A 242794
   4384.84882 10.633 10.678 10.630 10.629 10.637    0.043 0.050 0.045 0.049 0.054  A 243403
   4388.86594 10.510 10.541 10.509 10.509 10.526    0.035 0.043 0.039 0.040 0.045  A 244028
   4391.86804 10.509 10.483 10.521 10.497 10.507    0.059 0.055 0.052 0.073 0.085  D 244458
   4402.86016 10.523 10.506 10.535 10.527 10.538    0.034 0.039 0.034 0.040 0.046  A 245189
   4406.85799 10.544 10.541 10.564 10.536 10.547    0.056 0.054 0.053 0.067 0.079  D 245501
   4409.83673 10.511 10.552 10.507 10.508 10.522    0.035 0.044 0.036 0.040 0.045  A 245926
   4413.83590 10.704 10.749 10.718 10.696 10.704    0.039 0.046 0.041 0.047 0.055  A 246315
   4420.85283 10.535 10.524 10.532 10.539 10.538    0.051 0.057 0.048 0.062 0.072  A 246524
   4423.81182 10.544 10.543 10.536 10.546 10.553    0.038 0.038 0.036 0.048 0.055  A 246789
   4427.79462 10.514 10.497 10.518 10.519 10.525    0.038 0.039 0.035 0.047 0.054  A 247106
   4430.78605 10.702 10.741 10.717 10.711 10.719    0.038 0.049 0.038 0.046 0.054  A 247460
   4433.77627 10.547 10.557 10.555 10.544 10.543    0.029 0.038 0.031 0.035 0.040  A 247839
   4436.77330 10.761 10.743 10.759 10.767 10.773    0.029 0.036 0.029 0.035 0.039  A 248200
   4439.76010 10.502 10.515 10.511 10.490 10.495    0.030 0.042 0.033 0.035 0.040  A 248568
   4457.71739 10.564 10.505 10.586 10.571 10.570    0.059 0.052 0.051 0.074 0.086  D 250585
   4460.69536 10.522 10.506 10.533 10.517 10.527    0.038 0.040 0.036 0.047 0.055  A 250924
   4462.77016 10.510 10.535 10.527 10.506 10.506    0.033 0.039 0.034 0.039 0.045  A 251219
   4465.69120 10.540 10.514 10.545 10.531 10.548    0.037 0.050 0.038 0.043 0.049  A 251543
   4467.79447 10.572 10.650 10.568 10.592 10.608    0.045 0.070 0.047 0.050 0.055  A 251804
   4470.69222 10.556 10.543 10.565 10.557 10.574    0.030 0.037 0.032 0.036 0.040  A 252115
   4473.74234 10.475 10.460 10.439 10.474 10.489    0.041 0.070 0.049 0.047 0.052  A 252399
   4476.74299 10.632 10.598 10.644 10.626 10.620    0.060 0.078 0.057 0.071 0.080  D 252677
   4479.65393 10.505 10.526 10.505 10.509 10.518    0.030 0.046 0.032 0.035 0.039  A 253021
   4482.67990 10.804 10.947 10.803 10.821 10.851    0.043 0.073 0.043 0.049 0.055  A 253329
   4485.68427 10.521 10.504 10.530 10.518 10.518    0.057 0.081 0.055 0.068 0.076  B 253605
   4487.71744 10.451 10.398 10.460 10.438 10.448    0.043 0.069 0.046 0.050 0.055  A 253850
   4489.76449 10.480 10.456 10.483 10.458 10.475    0.039 0.057 0.040 0.047 0.053  A 254105
   4492.62235 10.508 10.514 10.523 10.492 10.496    0.031 0.040 0.032 0.037 0.043  A 254393
   4494.66163 10.486 10.473 10.491 10.484 10.499    0.033 0.057 0.037 0.038 0.042  A 254654
   4497.78387 10.533 10.566 10.543 10.539 10.554    0.031 0.046 0.034 0.037 0.041  A 254804
   4500.59402 10.516 10.516 10.545 10.503 10.515    0.049 0.047 0.045 0.060 0.070  A 255135
   4505.60465 10.739 10.743 10.747 10.732 10.742    0.040 0.043 0.038 0.048 0.055  A 255839
   4507.66181 10.531 10.519 10.529 10.511 10.511    0.050 0.067 0.050 0.058 0.065  A 256148
   4509.74116 10.571 10.629 10.572 10.587 10.615    0.044 0.070 0.047 0.051 0.058  A 256455
   4512.58789 10.501 10.470 10.478 10.493 10.489    0.046 0.064 0.046 0.055 0.061  A 256810
   4515.70203 10.489 10.486 10.491 10.469 10.484    0.049 0.051 0.045 0.059 0.067  A 257035
   4517.75244 10.547 10.594 10.565 10.545 10.559    0.047 0.066 0.048 0.056 0.063  A 257301
   4520.58573 10.557 10.623 10.600 10.566 10.566    0.036 0.061 0.040 0.040 0.044  A 257688
   4522.59889 10.660 10.705 10.643 10.667 10.668    0.043 0.059 0.044 0.051 0.058  A 257985
   4524.60370 10.503 10.507 10.487 10.511 10.522    0.033 0.040 0.035 0.038 0.042  A 258279
   4526.64002 10.528 10.522 10.501 10.526 10.530    0.045 0.055 0.044 0.053 0.060  A 258579
   4528.69863 10.569 10.542 10.547 10.560 10.572    0.048 0.068 0.049 0.054 0.060  A 258902
   4531.59305 10.549 10.601 10.564 10.556 10.540    0.039 0.058 0.042 0.044 0.049  A 259315
   4537.54266 10.568 10.646 10.576 10.577 10.592    0.039 0.064 0.042 0.046 0.052  A 260048
   4539.56917 10.500 10.485 10.512 10.510 10.517    0.056 0.074 0.055 0.065 0.075  A 260348
   4541.59468 10.544 10.567 10.563 10.542 10.550    0.035 0.059 0.039 0.041 0.046  A 260656
   4543.61461 10.550 10.569 10.566 10.560 10.558    0.044 0.061 0.041 0.052 0.059  A 260975
   4547.65533 10.583 10.640 10.585 10.589 10.597    0.050 0.064 0.048 0.060 0.068  A 261612
   4555.52404 10.528 10.561 10.542 10.529 10.528    0.037 0.063 0.041 0.042 0.046  A 262662
   4557.54752 10.514 10.485 10.526 10.508 10.519    0.035 0.051 0.037 0.041 0.046  A 262996
   4559.59599 10.557 10.637 10.571 10.561 10.561    0.036 0.051 0.038 0.043 0.048  A 263343
   4562.52180 10.549 10.553 10.558 10.554 10.556    0.034 0.040 0.035 0.042 0.048  A 263824
   4564.56908 10.518 10.504 10.498 10.532 10.550    0.037 0.051 0.039 0.044 0.050  A 264173
   4566.57428 10.513 10.590 10.546 10.504 10.494    0.047 0.062 0.047 0.053 0.059  A 264508
   4568.60224 10.777 10.813 10.801 10.771 10.771    0.038 0.057 0.040 0.044 0.050  A 264827
   4570.58716 10.550 10.577 10.567 10.545 10.557    0.035 0.048 0.038 0.040 0.046  A 265151
   4572.59795 10.480 10.449 10.475 10.475 10.480    0.042 0.057 0.043 0.051 0.059  A 265499
   4575.53519 10.542 10.573 10.554 10.549 10.536    0.038 0.049 0.038 0.044 0.050  A 265961
