#ndata= 2
#dataset= 1 ; 1 F0656-24_211
#desig= 073600-1953.1
#cra=    7.599896  07:35:59.6
#cdec= -19.884498 -19:53:04.2
#class= 0
#cmag_0= 11.871
#cmer_0=  0.049
#nskip_0= 0
#cmag_1= 11.864
#cmer_1=  0.015
#nskip_1= 0
#cmag_2= 11.845
#cmer_2=  0.010
#nskip_2= 0
#cmag_3= 11.814
#cmer_3=  0.006
#nskip_3= 0
#cmag_4= 11.793
#cmer_4=  0.013
#nskip_4= 0
#ra=    7.599896  07:35:59.6
#dec= -19.884498 -19:53:04.2
#     HJD      MAG_1  MAG_0  MAG_2  MAG_3  MAG_4    MER_1 MER_0 MER_2 MER_3 MER_4 GRADE FRAME
   2521.91529 11.875 11.906 11.853 11.818 11.803    0.045 0.050 0.044 0.051 0.059  A 18518
   2545.81206 11.856 11.836 11.840 11.810 11.784    0.032 0.041 0.031 0.036 0.040  A 20248
#ndata= 226
#dataset= 2 ; 1 F0728-24_212
#desig= 073600-1953.0
#cra=    7.600021  07:36:00.1
#cdec= -19.882537 -19:52:57.1
#class= 0
#cmag_0= 11.931
#cmer_0=  0.141
#nskip_0= 0
#cmag_1= 11.910
#cmer_1=  0.130
#nskip_1= 0
#cmag_2= 11.888
#cmer_2=  0.130
#nskip_2= 0
#cmag_3= 11.870
#cmer_3=  0.131
#nskip_3= 0
#cmag_4= 11.847
#cmer_4=  0.134
#nskip_4= 0
#ra=    7.600021  07:36:00.1
#dec= -19.882537 -19:52:57.1
#     HJD      MAG_1  MAG_0  MAG_2  MAG_3  MAG_4    MER_1 MER_0 MER_2 MER_3 MER_4 GRADE FRAME
   1869.77351 11.679 11.675 11.670 11.646 11.626    0.029 0.052 0.028 0.034 0.038  A 302
   1873.80038 11.646 11.619 11.620 11.598 11.558    0.029 0.051 0.028 0.034 0.039  A 914
   1876.71467 11.667 11.630 11.650 11.634 11.595    0.028 0.050 0.028 0.033 0.037  A 1360
   1877.77794 11.663 11.620 11.623 11.574 11.531    0.028 0.045 0.027 0.032 0.036  A 1545
   1881.76467 11.644 11.654 11.614 11.598 11.584    0.026 0.037 0.025 0.031 0.035  A 2169
   1884.74195 11.663 11.687 11.658 11.631 11.608    0.028 0.037 0.027 0.031 0.035  A 2307
   1885.74306 11.669 11.616 11.650 11.633 11.604    0.027 0.035 0.025 0.031 0.034  A 2468
   1886.75223 11.694 11.684 11.644 11.615 11.609    0.027 0.038 0.026 0.031 0.034  A 2632
   1887.74755 11.752 11.716 11.702 11.658 11.623    0.028 0.041 0.027 0.032 0.037  A 2789
   1888.73512 11.693 11.661 11.686 11.670 11.631    0.030 0.048 0.030 0.035 0.039  A 2944
   1902.69813 11.719 11.786 11.733 11.724 11.688    0.026 0.031 0.023 0.027 0.031  A 3534
   1903.72061 11.807 11.810 11.780 11.767 11.756    0.024 0.029 0.022 0.028 0.032  A 3702
   1905.70685 11.815 11.764 11.782 11.747 11.717    0.026 0.039 0.026 0.031 0.035  A 4019
   1906.69552 11.760 11.792 11.748 11.711 11.659    0.025 0.035 0.023 0.029 0.033  A 4176
   1907.70251 11.815 11.827 11.854 11.851 11.807    0.028 0.037 0.025 0.029 0.033  A 4339
   1908.69478 11.843 11.786 11.790 11.761 11.735    0.026 0.035 0.024 0.028 0.032  A 4497
   1913.67162 11.843 11.871 11.832 11.812 11.804    0.024 0.030 0.024 0.030 0.033  A 4624
   1914.68544 11.778 11.786 11.769 11.744 11.745    0.025 0.031 0.024 0.029 0.032  A 4789
   1915.68496 11.774 11.807 11.779 11.759 11.757    0.027 0.038 0.026 0.031 0.035  A 4947
   1918.66659 11.725 11.777 11.737 11.713 11.706    0.030 0.035 0.029 0.035 0.040  A 5154
   1919.67823 11.832 11.811 11.838 11.843 11.859    0.029 0.040 0.029 0.035 0.039  A 5319
   1920.67517 11.841 11.863 11.849 11.836 11.803    0.028 0.030 0.026 0.031 0.036  A 5478
   1921.67067 11.793 11.841 11.786 11.778 11.793    0.029 0.034 0.026 0.032 0.036  A 5635
   1922.67075 11.868 11.799 11.828 11.815 11.777    0.029 0.034 0.024 0.028 0.033  A 5785
   1923.66538 11.831 11.883 11.777 11.743 11.714    0.026 0.030 0.024 0.029 0.032  A 5949
   1924.66275 11.775 11.814 11.760 11.768 11.762    0.033 0.036 0.033 0.038 0.043  A 6117
   1925.66353 11.793 11.786 11.758 11.744 11.750    0.040 0.044 0.041 0.047 0.054  A 6286
   1926.65766 11.818 11.836 11.764 11.746 11.732    0.025 0.033 0.024 0.029 0.033  A 6453
   1928.66625 11.823 11.846 11.806 11.781 11.764    0.026 0.032 0.023 0.027 0.031  A 6782
   1929.65458 11.829 11.821 11.816 11.808 11.785    0.027 0.032 0.024 0.028 0.032  A 6932
   1930.65264 11.798 11.746 11.773 11.768 11.751    0.028 0.034 0.024 0.028 0.032  A 7098
   1931.64770 11.790 11.844 11.835 11.879 11.870    0.031 0.037 0.027 0.032 0.037  A 7265
   1932.64476 11.823 11.844 11.805 11.763 11.735    0.030 0.035 0.024 0.027 0.032  A 7428
   1933.64417 11.790 11.830 11.791 11.808 11.833    0.031 0.036 0.025 0.028 0.032  A 7593
   1934.64204 11.796 11.793 11.774 11.758 11.749    0.027 0.033 0.024 0.028 0.031  A 7754
   1936.62341 11.800 11.806 11.802 11.785 11.769    0.029 0.034 0.024 0.028 0.031  A 8016
   1938.61828 11.821 11.839 11.852 11.839 11.831    0.031 0.035 0.024 0.028 0.031  A 8254
   1940.63282 11.832 11.866 11.782 11.785 11.769    0.033 0.038 0.025 0.027 0.031  A 8504
   1945.62472 11.841 11.851 11.794 11.783 11.780    0.033 0.038 0.027 0.031 0.036  A 8675
   1946.63110 11.832 11.823 11.825 11.850 11.852    0.032 0.036 0.028 0.032 0.038  A 8796
   1948.58576 11.885 11.845 11.883 11.909 11.885    0.031 0.033 0.029 0.035 0.040  A 9031
   1949.63424 11.859 11.880 11.859 11.839 11.812    0.032 0.038 0.028 0.034 0.039  A 9188
   1950.60508 11.817 11.819 11.796 11.798 11.774    0.031 0.036 0.026 0.030 0.034  A 9350
   1953.60495 11.855 11.845 11.846 11.800 11.770    0.040 0.047 0.031 0.034 0.036  A 9656
   1958.58383 11.902 11.917 11.897 11.900 11.867    0.042 0.049 0.033 0.036 0.038  A 10178
   1959.59583 11.921 11.880 11.912 11.890 11.889    0.044 0.052 0.034 0.037 0.040  A 10383
   1961.58970 11.950 11.961 11.904 11.935 11.917    0.045 0.054 0.036 0.039 0.039  A 10457
   1963.57052 11.869 11.869 11.913 11.964 11.943    0.048 0.058 0.039 0.042 0.044  A 10782
   1964.58949 11.960 11.959 11.939 11.942 11.957    0.046 0.054 0.036 0.039 0.039  A 10969
   1965.57809 11.917 11.956 11.896 11.908 11.905    0.047 0.055 0.037 0.039 0.040  A 11150
   1967.56069 12.012 12.061 12.026 12.063 12.094    0.050 0.059 0.039 0.042 0.042  A 11495
   1968.57412 11.843 11.832 11.881 11.908 11.878    0.053 0.064 0.042 0.046 0.044  A 11677
   1977.54922 12.002 12.008 12.074 12.133 12.149    0.060 0.071 0.049 0.054 0.054  A 11920
   1979.54563 11.933 11.844 11.997 12.035 12.034    0.065 0.077 0.051 0.054 0.053  B 12188
   1981.58023 12.003 12.036 12.002 12.007 11.988    0.058 0.069 0.047 0.051 0.051  A 12537
   1984.52067 11.928 11.975 11.975 12.047 12.082    0.061 0.073 0.048 0.052 0.052  A 12913
   1993.51242 11.990 11.984 11.984 12.011 12.024    0.069 0.084 0.056 0.059 0.059  D 13278
   2026.50889 11.760 11.758 11.723 11.682 11.630    0.026 0.038 0.026 0.030 0.034  A 17353
   2031.50583 11.728 11.718 11.730 11.713 11.663    0.028 0.043 0.028 0.033 0.036  A 17967
   2058.45136 11.893 11.965 11.855 11.846 11.836    0.041 0.051 0.038 0.046 0.052  A 21075
   2133.92753 12.098 12.148 12.117 12.117 12.093    0.035 0.051 0.033 0.040 0.044  A 29128
   2135.93091 12.091 12.091 12.105 12.122 12.131    0.041 0.065 0.041 0.048 0.053  A 29556
   2520.88788 11.870 11.925 11.863 11.874 11.847    0.035 0.047 0.029 0.035 0.039  A 18309
   2521.91529 11.914 11.952 11.891 11.863 11.842    0.036 0.034 0.035 0.041 0.047  A 18518
   2545.81206 11.892 11.897 11.874 11.846 11.819    0.030 0.040 0.027 0.032 0.034  A 20248
   2545.84102 11.913 11.933 11.893 11.893 11.881    0.031 0.034 0.031 0.035 0.038  A 20261
   2557.80514 11.840 11.867 11.841 11.842 11.823    0.042 0.050 0.033 0.035 0.038  A 21941
   2561.82489 11.955 11.979 11.946 11.937 11.908    0.027 0.037 0.024 0.028 0.031  A 22636
   2565.82253 11.881 11.960 11.878 11.859 11.819    0.029 0.030 0.024 0.028 0.033  A 23352
   2577.78216 11.888 11.952 11.852 11.793 11.756    0.031 0.033 0.026 0.029 0.032  A 24839
   2621.80372 12.112 12.121 12.090 12.035 11.981    0.024 0.027 0.023 0.028 0.031  A 29871
   2625.72794 12.186 12.224 12.103 12.056 12.001    0.036 0.032 0.027 0.030 0.034  A 30452
   2628.70948 12.094 12.163 12.074 12.065 12.059    0.032 0.032 0.032 0.038 0.043  A 30750
   2631.83509 12.074 12.082 12.062 12.030 12.019    0.026 0.030 0.027 0.031 0.034  A 31663
   2637.70079 12.020 12.018 12.003 12.004 11.973    0.022 0.021 0.021 0.025 0.028  A 32544
   2639.70193 12.091 12.076 12.060 12.073 12.044    0.027 0.026 0.023 0.026 0.029  A 32853
   2641.70243 11.989 12.060 11.984 11.954 11.891    0.027 0.027 0.022 0.026 0.029  A 33136
   2643.72333 12.048 12.028 12.004 11.960 11.913    0.021 0.031 0.021 0.024 0.027  A 33456
   2645.70079 11.964 12.019 11.934 11.906 11.857    0.024 0.024 0.022 0.025 0.028  A 33744
   2647.68595 12.145 12.101 12.098 12.012 11.870    0.057 0.053 0.065 0.080 0.093  D 34034
   2650.66232 11.941 11.948 11.917 11.905 11.904    0.024 0.024 0.021 0.025 0.027  A 34290
   2652.68012 11.905 11.997 11.879 11.859 11.819    0.025 0.029 0.024 0.028 0.031  A 34603
   2654.68140 11.911 11.954 11.911 11.890 11.844    0.026 0.031 0.025 0.029 0.031  A 34913
   2657.71481 11.974 11.998 11.940 11.895 11.885    0.024 0.027 0.025 0.030 0.034  A 35458
   2659.74268 11.949 12.005 11.923 11.904 11.890    0.027 0.034 0.024 0.029 0.033  A 35812
   2661.73983 11.920 11.942 11.866 11.836 11.818    0.023 0.028 0.024 0.028 0.031  A 36153
   2665.72792 11.932 11.998 11.918 11.911 11.876    0.023 0.028 0.022 0.026 0.028  A 36837
   2667.72857 11.997 11.973 11.985 11.960 11.924    0.024 0.026 0.023 0.027 0.030  A 37142
   2669.71798 11.935 12.002 11.901 11.873 11.837    0.024 0.026 0.023 0.027 0.030  A 37464
   2673.71287 11.936 12.000 11.915 11.894 11.854    0.024 0.032 0.022 0.025 0.028  A 38127
   2675.69933 11.974 11.967 11.964 11.927 11.874    0.021 0.026 0.021 0.024 0.027  A 38482
   2677.68135 11.935 11.971 11.894 11.874 11.829    0.023 0.028 0.023 0.028 0.031  A 38821
   2679.65276 11.994 11.936 11.988 11.977 11.972    0.030 0.034 0.028 0.033 0.038  A 39140
   2683.63204 11.896 12.008 11.848 11.807 11.796    0.027 0.029 0.024 0.029 0.033  A 39811
   2684.77986 11.956 11.959 11.903 11.844 11.813    0.029 0.026 0.030 0.035 0.039  A 40053
   2686.68852 11.946 11.977 11.982 11.990 11.943    0.042 0.048 0.030 0.035 0.040  A 40381
   2688.67392 11.951 11.915 11.935 11.922 11.895    0.030 0.037 0.028 0.032 0.036  A 40739
   2690.67273 11.871 11.909 11.843 11.814 11.784    0.034 0.041 0.026 0.029 0.032  A 41107
   2692.66977 12.013 11.980 11.977 11.956 11.914    0.060 0.064 0.039 0.041 0.041  A 41456
   2694.67407 11.902 11.844 11.868 11.858 11.815    0.044 0.034 0.036 0.037 0.036  A 41781
   2696.68912 11.864 11.882 11.849 11.826 11.803    0.024 0.029 0.023 0.027 0.030  A 42112
   2698.66761 11.830 11.858 11.786 11.768 11.728    0.035 0.039 0.026 0.028 0.031  A 42520
   2700.66013 11.743 11.814 11.745 11.724 11.710    0.040 0.040 0.027 0.030 0.032  A 42904
   2702.65219 11.840 11.818 11.820 11.784 11.765    0.028 0.030 0.024 0.027 0.030  A 43281
   2704.63940 11.748 11.851 11.717 11.688 11.682    0.048 0.041 0.036 0.038 0.036  A 43661
   2706.61863 11.795 11.837 11.755 11.747 11.725    0.041 0.037 0.026 0.027 0.030  A 44022
   2710.59240 11.825 11.783 11.781 11.752 11.714    0.029 0.032 0.024 0.026 0.029  A 44730
   2711.68712 11.764 11.791 11.746 11.737 11.729    0.024 0.028 0.025 0.029 0.033  A 44965
   2713.65334 11.762 11.830 11.724 11.699 11.675    0.033 0.031 0.030 0.035 0.041  A 45325
   2715.66299 11.704 11.712 11.682 11.658 11.613    0.034 0.034 0.032 0.039 0.045  A 45704
   2719.58125 11.749 11.757 11.724 11.701 11.668    0.022 0.025 0.022 0.026 0.029  A 46074
   2721.60212 11.772 11.815 11.753 11.735 11.720    0.026 0.040 0.025 0.030 0.033  A 46468
   2723.60247 11.734 11.813 11.728 11.718 11.683    0.022 0.034 0.022 0.026 0.029  A 46857
   2725.59907 11.718 11.757 11.710 11.698 11.683    0.023 0.028 0.023 0.026 0.029  A 47247
   2727.59260 11.739 11.786 11.694 11.649 11.613    0.026 0.039 0.025 0.029 0.032  A 47634
   2729.59037 11.757 11.762 11.724 11.683 11.655    0.025 0.033 0.025 0.030 0.034  A 48041
   2733.57845 11.754 11.813 11.730 11.716 11.702    0.026 0.035 0.024 0.029 0.031  A 48595
   2735.57384 11.757 11.803 11.725 11.693 11.680    0.023 0.035 0.022 0.026 0.028  A 48999
   2737.56554 11.771 11.801 11.733 11.690 11.656    0.026 0.041 0.026 0.031 0.034  A 49392
   2741.55839 11.750 11.782 11.725 11.703 11.678    0.027 0.038 0.025 0.029 0.033  A 50118
   2743.57755 11.774 11.711 11.712 11.672 11.655    0.042 0.042 0.032 0.036 0.041  A 50528
   2745.58512 11.804 11.813 11.767 11.763 11.778    0.035 0.034 0.037 0.046 0.053  A 50908
   2751.52190 11.779 11.849 11.754 11.716 11.694    0.027 0.029 0.024 0.027 0.029  A 51780
   2754.52247 11.864 11.874 11.846 11.818 11.775    0.033 0.039 0.024 0.029 0.033  A 52195
   2756.52412 11.893 11.817 11.868 11.870 11.855    0.037 0.041 0.033 0.039 0.044  A 52608
   2758.51723 11.776 11.822 11.716 11.688 11.670    0.056 0.054 0.059 0.071 0.082  D 53028
   2760.53711 11.901 11.837 11.848 11.835 11.829    0.032 0.034 0.024 0.027 0.030  A 53383
   2764.52037 11.874 11.842 11.847 11.818 11.808    0.027 0.035 0.024 0.027 0.029  A 54197
   2776.52993 11.803 11.821 11.769 11.750 11.748    0.029 0.033 0.031 0.037 0.042  A 55263
   2784.47499 11.846 11.846 11.826 11.806 11.810    0.032 0.037 0.028 0.033 0.038  A 56074
   2786.47520 11.774 11.840 11.772 11.779 11.770    0.042 0.033 0.027 0.030 0.032  A 56500
   2789.47390 11.796 11.782 11.761 11.741 11.721    0.027 0.034 0.024 0.028 0.030  A 57039
   2792.46165 11.818 11.823 11.792 11.761 11.739    0.024 0.030 0.023 0.027 0.030  A 57647
   2795.46115 11.779 11.814 11.769 11.721 11.709    0.029 0.039 0.024 0.028 0.032  A 58169
   2862.92785 11.851 11.886 99.999 99.999 99.999    0.043 0.041 0.041 0.048 0.055  C 67290
   2885.89062 12.167 12.238 12.161 12.158 12.131    0.031 0.029 0.026 0.030 0.033  A 70137
   2893.89843 12.165 12.229 12.145 12.173 12.207    0.040 0.036 0.036 0.043 0.050  A 70988
   2896.88858 12.160 12.211 12.141 12.137 12.103    0.028 0.027 0.028 0.034 0.039  A 71580
   2906.87051 12.118 12.202 12.065 12.019 11.979    0.026 0.025 0.023 0.026 0.029  A 73264
   2910.86941 12.271 12.323 12.297 12.232 12.184    0.040 0.029 0.027 0.029 0.032  A 73824
   2912.86775 12.124 12.117 12.092 12.054 12.004    0.026 0.024 0.022 0.025 0.028  A 74198
   2916.82416 12.124 12.148 12.086 12.050 12.025    0.032 0.028 0.025 0.029 0.031  A 74657
   2922.81123 12.079 12.120 12.060 12.031 11.988    0.042 0.036 0.037 0.045 0.050  A 75344
   2924.86435 12.078 12.128 12.047 12.007 11.947    0.025 0.028 0.023 0.027 0.031  A 75725
   2927.82834 12.005 12.021 12.002 11.990 11.988    0.035 0.029 0.029 0.032 0.037  A 76086
   2930.84310 12.022 12.058 12.004 11.966 11.923    0.025 0.027 0.023 0.026 0.029  A 76626
   2940.77305 11.997 12.049 12.018 12.009 12.008    0.041 0.031 0.035 0.044 0.046  A 78061
   2942.81942 11.945 11.968 11.925 11.921 11.938    0.038 0.034 0.036 0.044 0.047  A 78278
   2944.80882 11.904 11.919 11.900 11.892 11.880    0.059 0.045 0.057 0.071 0.081  D 78600
   2951.77918 11.985 12.002 11.973 11.941 11.916    0.026 0.026 0.026 0.031 0.035  A 79620
   2957.80636 11.927 11.916 11.900 11.868 11.843    0.030 0.030 0.031 0.038 0.043  A 80443
   2964.78682 12.069 12.089 12.063 12.047 12.066    0.025 0.027 0.026 0.031 0.034  A 81405
   2967.77669 12.029 12.014 12.030 12.011 11.999    0.028 0.029 0.027 0.032 0.036  A 81823
   2970.83832 12.203 12.250 12.221 12.188 12.148    0.036 0.031 0.029 0.032 0.038  A 82183
   2973.80358 11.940 11.978 11.917 11.891 11.858    0.031 0.026 0.024 0.028 0.032  A 82507
   2975.74921 11.981 12.036 11.977 11.975 11.955    0.024 0.024 0.023 0.027 0.030  A 82760
   2977.74210 11.974 11.992 11.924 11.869 11.806    0.038 0.036 0.040 0.049 0.058  A 83028
   2979.76296 12.057 12.043 12.031 12.007 11.975    0.026 0.036 0.026 0.031 0.035  A 83303
   2981.78201 12.006 12.040 11.960 11.935 11.855    0.037 0.032 0.034 0.040 0.046  A 83568
   2984.73330 12.031 12.040 12.031 11.995 11.940    0.027 0.026 0.025 0.029 0.033  A 83942
   2986.79736 11.952 11.974 11.925 11.898 11.876    0.033 0.028 0.027 0.031 0.035  A 84231
   2989.72646 11.992 12.071 11.965 11.955 11.953    0.024 0.026 0.023 0.028 0.031  A 84556
   2991.77118 11.989 12.022 11.960 11.946 11.936    0.031 0.028 0.026 0.029 0.034  A 84832
   2996.76016 11.973 11.952 11.961 11.958 11.937    0.027 0.030 0.023 0.027 0.031  A 85492
   3001.74963 11.875 11.902 11.877 11.869 11.837    0.029 0.026 0.024 0.029 0.032  A 86030
   3005.80318 11.939 11.901 11.905 11.860 11.823    0.025 0.032 0.026 0.031 0.035  A 86523
   3007.73380 11.935 11.954 11.923 11.907 11.874    0.029 0.029 0.029 0.035 0.040  A 86759
   3009.76635 12.032 12.036 12.041 12.031 12.030    0.028 0.029 0.028 0.034 0.038  A 87020
   3011.79603 11.989 11.986 11.979 11.958 11.931    0.031 0.030 0.033 0.039 0.044  A 87307
   3015.66697 12.045 12.075 12.011 11.913 11.819    0.035 0.034 0.039 0.049 0.057  A 87631
   3017.69455 12.022 12.024 11.959 11.930 11.904    0.028 0.028 0.025 0.030 0.033  A 87896
   3019.69540 11.986 12.026 11.983 11.968 11.956    0.030 0.028 0.026 0.029 0.033  A 88162
   3029.67385 12.056 12.117 12.023 11.988 11.939    0.032 0.028 0.028 0.033 0.038  A 88645
   3031.72303 11.979 12.048 11.975 11.938 11.891    0.030 0.030 0.031 0.037 0.043  A 88867
   3033.72210 12.067 12.091 12.045 12.017 11.961    0.025 0.026 0.024 0.029 0.032  A 89054
   3035.75771 12.112 12.070 12.070 12.026 11.975    0.026 0.034 0.026 0.031 0.034  A 89292
   3043.64982 12.132 12.147 12.130 12.103 12.072    0.035 0.034 0.034 0.040 0.046  A 89931
   3045.67846 12.074 12.113 12.044 12.045 12.060    0.025 0.029 0.026 0.031 0.035  A 90208
   3048.65177 12.055 12.051 11.989 11.904 11.837    0.027 0.031 0.029 0.035 0.040  A 90602
   3051.61055 12.195 12.165 12.179 12.169 12.155    0.029 0.026 0.026 0.030 0.035  A 90983
   3053.66111 11.964 12.002 11.965 11.974 11.933    0.048 0.049 0.052 0.058 0.067  A 91275
   3055.70799 12.054 12.107 11.996 11.933 11.902    0.026 0.032 0.025 0.030 0.035  A 91569
   3057.74221 12.039 12.077 12.009 11.974 11.930    0.036 0.033 0.041 0.046 0.051  A 91855
   3060.59222 12.118 12.118 12.091 12.100 12.071    0.050 0.055 0.057 0.066 0.074  B 92201
   3062.61101 12.084 12.180 12.053 12.037 12.065    0.056 0.052 0.061 0.075 0.089  D 92471
   3064.64939 11.985 12.010 11.950 11.978 12.008    0.037 0.037 0.042 0.052 0.058  A 92751
   3067.67302 12.047 12.067 12.062 12.052 12.032    0.025 0.027 0.026 0.032 0.036  A 93058
   3069.69143 12.073 12.088 12.069 12.032 11.988    0.032 0.032 0.036 0.045 0.051  A 93357
   3071.71523 11.959 12.007 11.927 11.896 11.880    0.034 0.032 0.038 0.047 0.055  A 93653
   3074.57005 12.005 12.055 11.994 12.019 12.039    0.027 0.027 0.026 0.030 0.034  A 93965
   3074.61474 12.042 12.105 12.036 12.036 12.020    0.025 0.028 0.025 0.029 0.034  A 93982
   3076.64145 12.004 12.019 11.982 11.942 11.899    0.025 0.028 0.026 0.031 0.035  A 94268
   3078.64746 12.062 12.107 12.050 12.034 12.008    0.028 0.028 0.030 0.037 0.041  A 94573
   3080.65802 11.995 12.019 11.980 11.970 11.950    0.039 0.041 0.040 0.048 0.055  A 94865
   3082.68703 12.013 12.063 12.000 11.983 11.984    0.029 0.029 0.028 0.033 0.037  A 95170
   3086.67575 12.033 12.033 11.993 11.944 11.896    0.035 0.034 0.037 0.041 0.046  A 95466
   3088.67884 11.953 11.988 11.921 11.936 11.927    0.037 0.037 0.037 0.041 0.047  A 95779
   3091.52084 12.018 12.071 11.996 11.968 11.951    0.028 0.033 0.028 0.034 0.038  A 96185
   3093.55455 11.869 11.902 11.869 11.865 11.815    0.032 0.031 0.031 0.036 0.040  A 96496
   3097.55579 11.880 11.869 11.838 11.801 11.766    0.027 0.035 0.027 0.032 0.036  A 96781
   3099.56782 11.895 11.925 11.915 11.924 11.884    0.030 0.030 0.031 0.037 0.043  A 97102
   3101.57793 11.864 11.896 11.827 11.791 11.756    0.031 0.030 0.031 0.038 0.043  A 97408
   3103.58459 11.841 11.866 11.845 11.854 11.839    0.028 0.028 0.028 0.033 0.038  A 97726
   3105.57649 11.925 12.046 11.829 11.848 11.883    0.050 0.057 0.054 0.062 0.069  A 98042
   3107.58015 11.835 11.856 11.777 11.732 11.732    0.026 0.027 0.026 0.030 0.034  A 98360
   3109.58695 11.880 11.831 11.870 11.893 11.898    0.026 0.030 0.026 0.032 0.036  A 98672
   3111.58235 11.858 11.891 11.867 11.874 11.899    0.027 0.029 0.027 0.032 0.035  A 98984
   3113.60170 11.817 11.843 11.791 11.762 11.744    0.025 0.026 0.024 0.029 0.033  A 99311
   3116.52171 11.789 11.846 11.780 11.775 11.765    0.036 0.036 0.035 0.040 0.046  A 99778
   3122.53485 11.815 11.834 11.802 11.786 11.790    0.026 0.027 0.027 0.033 0.037  A 100173
   3124.56054 11.840 11.865 11.817 11.787 99.999    0.025 0.030 0.026 0.032 0.036  C 100523
   3127.52167 11.812 11.853 11.727 11.629 99.999    0.028 0.031 0.030 0.036 0.042  C 100989
   3129.53640 11.745 11.803 11.717 11.690 11.676    0.032 0.032 0.037 0.046 0.053  A 101332
   3131.54219 11.817 11.899 11.797 11.785 11.742    0.029 0.032 0.031 0.037 0.042  A 101618
   3133.54573 11.881 11.931 11.836 11.793 11.759    0.027 0.029 0.028 0.034 0.038  A 101954
   3144.48921 11.920 11.961 11.924 11.937 11.927    0.034 0.035 0.037 0.042 0.046  A 103223
   3156.47476 11.830 11.800 11.792 11.766 11.725    0.026 0.036 0.027 0.033 0.038  A 104111
   3160.47633 11.818 11.877 11.818 11.822 11.807    0.036 0.034 0.039 0.048 0.056  A 104638
   3164.46255 11.759 11.780 11.768 11.775 11.769    0.026 0.029 0.026 0.032 0.036  A 105137
   3168.46525 11.811 11.828 11.789 11.764 11.729    0.027 0.028 0.027 0.033 0.038  A 105698
   3276.86229 12.262 12.339 12.102 11.988 12.017    0.046 0.053 0.051 0.062 0.073  B 116638
   3333.79558 11.815 11.859 11.805 11.791 11.704    0.030 0.034 0.031 0.038 0.043  A 121836
   3382.83348 11.738 11.754 11.708 11.696 11.684    0.040 0.056 0.042 0.049 0.054  A 125694
   3443.52840 12.064 12.106 12.019 11.975 11.960    0.036 0.068 0.032 0.036 0.039  A 133706
   3445.56035 12.121 12.165 12.069 12.018 11.970    0.048 0.085 0.041 0.043 0.045  B 134073
   3447.57428 12.066 12.068 12.030 12.023 11.992    0.032 0.046 0.031 0.034 0.037  A 134715
#ndata= 8
#dataset= 3 ; 1 F0800-24_213
#desig= 073600-1953.0
#cra=    7.600007  07:36:00.0
#cdec= -19.883385 -19:53:00.2
#class= 0
#cmag_0= 11.995
#cmer_0=  0.138
#nskip_0= 0
#cmag_1= 11.925
#cmer_1=  0.121
#nskip_1= 0
#cmag_2= 11.912
#cmer_2=  0.125
#nskip_2= 0
#cmag_3= 11.887
#cmer_3=  0.127
#nskip_3= 0
#cmag_4= 11.872
#cmer_4=  0.135
#nskip_4= 0
#ra=    7.600007  07:36:00.0
#dec= -19.883385 -19:53:00.2
#     HJD      MAG_1  MAG_0  MAG_2  MAG_3  MAG_4    MER_1 MER_0 MER_2 MER_3 MER_4 GRADE FRAME
   2545.84102 11.893 11.951 11.885 11.871 11.874    0.027 0.029 0.027 0.031 0.035  A 20261
   2628.70948 12.093 12.185 12.073 12.051 12.050    0.033 0.030 0.033 0.038 0.042  A 30750
   2657.80285 11.919 11.978 11.864 11.818 11.780    0.032 0.033 0.032 0.038 0.042  A 35496
   2685.63349 11.957 12.010 11.919 11.867 11.824    0.031 0.037 0.031 0.037 0.042  A 40174
   2886.90159 12.192 12.183 12.157 12.093 12.053    0.029 0.029 0.028 0.033 0.037  A 70353
   2976.77344 11.980 12.085 12.004 11.989 11.977    0.029 0.035 0.029 0.033 0.038  A 82907
   3116.52171 11.790 11.866 11.774 11.753 11.741    0.029 0.028 0.028 0.033 0.038  A 99778
   3372.75524 11.684 11.714 99.999 99.999 99.999    0.043 0.066 0.042 0.050 0.055  C 125321
#ndata= 351
#dataset= 4 ; 1 F0728-16_257
#desig= 073600-1953.0
#cra=    7.599970  07:35:59.9
#cdec= -19.883080 -19:52:59.1
#class= 0
#cmag_0= 11.832
#cmer_0=  0.227
#nskip_0= 4
#cmag_1= 11.834
#cmer_1=  0.227
#nskip_1= 5
#cmag_2= 11.815
#cmer_2=  0.234
#nskip_2= 4
#cmag_3= 11.802
#cmer_3=  0.241
#nskip_3= 2
#cmag_4= 11.775
#cmer_4=  0.234
#nskip_4= 3
#ra=    7.599970  07:35:59.9
#dec= -19.883080 -19:52:59.1
#     HJD      MAG_1  MAG_0  MAG_2  MAG_3  MAG_4    MER_1 MER_0 MER_2 MER_3 MER_4 GRADE FRAME
   1869.77854 11.669 11.647 11.669 11.647 11.586    0.028 0.054 0.029 0.034 0.037  A 304
   1874.71396 11.660 11.712 11.640 11.621 11.606    0.026 0.049 0.026 0.032 0.035  A 1038
   1876.81904 11.643 11.676 11.614 11.603 11.555    0.027 0.047 0.026 0.031 0.034  A 1405
   1877.79002 11.640 11.665 11.634 11.632 11.598    0.024 0.039 0.024 0.029 0.032  A 1550
   1880.70928 11.626 11.645 11.612 11.598 11.558    0.033 0.054 0.032 0.037 0.041  A 1986
   1884.74467 29.999 29.999 29.999 29.999 29.999    0.025 0.036 0.024 0.029 0.032  C 2308
   1885.75747 11.658 11.615 11.614 11.574 11.541    0.026 0.037 0.025 0.029 0.033  A 2474
   1886.76202 11.696 11.681 11.714 11.716 11.676    0.026 0.034 0.024 0.029 0.032  A 2636
   1887.75029 11.639 11.645 11.642 11.652 11.579    0.027 0.039 0.026 0.031 0.035  A 2790
   1888.73784 11.679 11.683 11.683 11.688 11.660    0.027 0.041 0.027 0.033 0.036  A 2945
   1889.76435 11.685 11.692 11.671 11.682 11.647    0.033 0.039 0.032 0.039 0.045  A 3118
   1899.71161 11.759 11.782 11.758 11.776 11.748    0.026 0.035 0.025 0.029 0.034  A 3225
   1900.72089 11.760 11.746 11.739 11.721 11.693    0.027 0.034 0.025 0.029 0.033  A 3386
   1902.70088 29.999 29.999 29.999 29.999 29.999    0.025 0.033 0.023 0.027 0.031  C 3535
   1903.73280 29.999 29.999 29.999 29.999 29.999    0.024 0.038 0.023 0.028 0.032  C 3707
   1905.70961 29.999 29.999 29.999 29.999 29.999    0.025 0.038 0.024 0.029 0.033  C 4020
   1907.70527 11.894 11.897 11.849 11.816 11.782    0.026 0.035 0.023 0.027 0.031  A 4340
   1908.69755 29.999 29.999 29.999 29.999 29.999    0.026 0.033 0.023 0.027 0.031  C 4498
   1918.67159 11.870 11.906 11.840 11.824 11.788    0.031 0.039 0.030 0.037 0.041  A 5156
   1919.68549 11.899 11.911 11.873 11.875 11.855    0.031 0.041 0.030 0.037 0.041  A 5322
   1922.67803 11.811 11.824 11.812 11.781 11.729    0.028 0.033 0.025 0.029 0.034  A 5788
   1924.66775 29.999 29.999 29.999 29.999 29.999    0.039 0.045 0.041 0.048 0.054  C 6119
   1925.66851 11.844 11.863 11.815 11.795 11.742    0.026 0.036 0.025 0.029 0.033  A 6288
   1926.66493 11.843 11.880 11.833 11.816 11.754    0.026 0.032 0.024 0.028 0.032  A 6456
   1952.60517 11.923 11.897 11.901 11.889 11.853    0.034 0.039 0.028 0.033 0.038  A 9571
   1954.60863 11.822 11.814 11.839 11.831 11.823    0.046 0.055 0.037 0.042 0.044  A 9838
   1955.60273 11.891 11.851 11.896 11.891 11.900    0.043 0.052 0.034 0.037 0.040  A 10012
   1984.52303 29.999 29.999 29.999 29.999 29.999    0.059 0.071 0.046 0.050 0.050  C 12914
   2040.48668 11.715 11.759 11.689 11.633 11.572    0.065 0.081 0.071 0.089 0.102  D 19396
   2054.44724 11.870 11.771 11.884 11.826 11.748    0.084 0.085 0.101 0.124 0.145  D 20173
   2058.45537 11.830 11.916 11.793 11.789 11.765    0.030 0.036 0.030 0.033 0.037  A 21077
   2136.92800 12.180 12.162 12.163 12.121 12.026    0.036 0.055 0.036 0.042 0.047  A 29769
   2166.90226 11.944 11.941 11.936 11.936 11.860    0.034 0.048 0.032 0.038 0.042  A 32027
   2168.87439 11.915 11.964 11.919 11.904 11.857    0.035 0.048 0.032 0.036 0.041  A 32369
   2172.84941 11.863 11.906 11.858 11.852 11.841    0.035 0.051 0.032 0.037 0.042  A 32882
   2185.83969 11.849 11.854 11.822 11.810 11.796    0.042 0.053 0.037 0.042 0.047  A 34356
   2189.87475 11.786 11.761 11.780 11.797 11.799    0.046 0.057 0.039 0.044 0.048  A 34862
   2193.83522 11.848 11.858 11.818 11.788 11.764    0.037 0.050 0.033 0.037 0.042  A 35557
   2196.82309 11.793 11.821 11.791 11.765 11.726    0.037 0.051 0.032 0.037 0.041  A 36041
   2200.82424 11.828 11.859 11.822 11.790 11.759    0.042 0.054 0.035 0.039 0.044  A 36646
   2202.80708 11.878 11.858 11.875 11.876 11.873    0.040 0.049 0.035 0.040 0.045  A 36983
   2208.81711 11.879 11.836 11.871 11.855 11.801    0.055 0.062 0.054 0.064 0.074  B 37757
   2212.78231 11.871 11.872 11.878 11.860 11.845    0.045 0.054 0.039 0.044 0.049  A 37982
   2213.82921 11.903 11.883 11.890 11.886 11.877    0.047 0.055 0.041 0.047 0.052  A 38170
   2215.79664 11.816 11.820 11.849 11.840 11.816    0.045 0.053 0.040 0.046 0.051  A 38474
   2217.78013 11.804 11.794 11.775 11.773 11.773    0.048 0.056 0.041 0.047 0.052  A 38801
   2221.79302 11.815 11.764 11.825 11.809 11.812    0.055 0.064 0.049 0.056 0.061  A 39096
   2222.85788 11.884 11.883 11.868 11.859 11.855    0.059 0.071 0.050 0.055 0.059  B 39280
   2225.74417 11.801 11.792 11.809 11.807 11.782    0.047 0.059 0.039 0.044 0.047  A 39556
   2227.77016 11.842 11.874 11.840 11.829 11.839    0.055 0.065 0.046 0.051 0.053  A 39873
   2229.75397 11.876 11.845 11.883 11.887 11.867    0.051 0.062 0.043 0.048 0.052  A 40194
   2230.85847 11.862 11.814 11.852 11.907 11.906    0.067 0.077 0.058 0.061 0.065  D 40404
   2232.79655 11.767 11.782 11.758 11.749 11.736    0.049 0.060 0.041 0.045 0.048  A 40544
   2235.81693 11.823 11.804 11.851 11.849 11.815    0.052 0.062 0.043 0.047 0.049  A 41023
   2237.73794 11.879 11.869 11.881 11.885 11.873    0.056 0.066 0.046 0.049 0.053  A 41307
   2240.81254 11.896 11.912 11.899 11.886 11.860    0.062 0.075 0.052 0.056 0.059  B 41656
   2242.71637 12.007 11.912 12.023 12.064 12.078    0.075 0.085 0.071 0.081 0.090  D 41935
   2244.81276 12.033 11.980 12.037 12.065 12.045    0.071 0.086 0.061 0.066 0.069  D 42253
   2248.78171 11.884 11.881 11.921 11.910 11.920    0.071 0.087 0.059 0.062 0.063  D 42560
   2249.77063 11.891 11.880 11.868 11.892 11.895    0.066 0.079 0.054 0.058 0.060  B 42752
   2250.75733 11.913 11.929 11.919 11.952 11.952    0.070 0.084 0.055 0.056 0.058  D 42907
   2520.90202 11.822 11.829 11.810 11.796 11.725    0.028 0.040 0.028 0.034 0.037  A 18315
   2544.90349 29.999 29.999 29.999 29.999 29.999    0.052 0.046 0.047 0.056 0.065  C 20098
   2552.83478 29.999 29.999 29.999 29.999 29.999    0.021 0.030 0.022 0.026 0.029  C 21229
   2557.82573 11.958 11.945 11.938 11.948 11.944    0.042 0.047 0.033 0.036 0.038  A 21950
   2559.83784 11.857 11.908 11.836 11.823 11.804    0.027 0.028 0.022 0.026 0.029  A 22315
   2561.84387 11.885 11.945 11.840 11.797 11.787    0.025 0.025 0.022 0.026 0.029  A 22644
   2565.83891 11.892 11.950 11.842 11.813 11.802    0.039 0.033 0.031 0.036 0.041  A 23359
   2574.79426 12.037 12.069 12.012 11.998 12.018    0.064 0.074 0.054 0.057 0.059  B 24415
   2577.78916 12.015 12.041 11.945 11.976 11.961    0.033 0.031 0.029 0.033 0.036  A 24842
   2621.78596 29.999 29.999 29.999 29.999 29.999    0.037 0.034 0.027 0.031 0.035  C 29863
   2623.74267 12.150 12.164 12.117 12.087 12.053    0.020 0.021 0.021 0.025 0.027  A 30176
   2625.73071 12.124 12.178 12.077 12.059 11.982    0.023 0.023 0.023 0.028 0.030  A 30453
   2635.69158 29.999 29.999 29.999 29.999 29.999    0.024 0.027 0.023 0.026 0.030  C 32249
   2637.70357 12.084 12.077 12.066 12.041 12.016    0.020 0.025 0.020 0.023 0.026  A 32545
   2643.72862 12.009 12.012 11.979 11.940 11.925    0.022 0.025 0.021 0.024 0.027  A 33458
   2645.70587 29.999 29.999 29.999 29.999 29.999    0.022 0.024 0.021 0.025 0.028  C 33746
   2647.69327 12.036 11.990 12.019 11.912 11.841    0.060 0.054 0.070 0.087 0.101  D 34037
   2650.67197 11.958 11.974 11.918 11.954 11.932    0.020 0.020 0.018 0.021 0.024  A 34294
   2652.68289 12.005 11.963 11.978 11.936 11.875    0.022 0.025 0.022 0.026 0.028  A 34604
   2654.68418 29.999 29.999 29.999 29.999 29.999    0.023 0.035 0.024 0.028 0.030  C 34914
   2665.73066 29.999 29.999 29.999 29.999 29.999    0.022 0.023 0.021 0.025 0.027  C 36838
   2675.70202 29.999 29.999 29.999 29.999 29.999    0.021 0.022 0.020 0.023 0.025  C 38483
   2679.65543 29.999 29.999 29.999 29.999 29.999    0.028 0.035 0.027 0.032 0.037  C 39141
   2681.63455 29.999 29.999 29.999 29.999 29.999    0.025 0.035 0.027 0.033 0.037  C 39455
   2683.63468 11.979 11.963 11.947 11.929 11.886    0.022 0.029 0.023 0.027 0.031  A 39812
   2721.60446 29.999 29.999 29.999 29.999 29.999    0.025 0.032 0.025 0.029 0.031  C 46469
   2791.45463 29.999 29.999 29.999 29.999 29.999    0.031 0.031 0.033 0.040 0.045  C 57475
   2884.91547 29.999 29.999 29.999 29.999 29.999    0.037 0.033 0.035 0.041 0.048  C 69937
   2893.90770 29.999 29.999 29.999 29.999 29.999    0.032 0.029 0.035 0.043 0.048  C 70992
   2896.89787 12.256 12.316 12.232 12.201 12.147    0.025 0.025 0.026 0.032 0.035  A 71584
   2918.84285 12.329 12.293 12.335 12.379 12.332    0.048 0.041 0.057 0.070 0.082  D 74975
   2922.82059 12.123 12.161 12.105 12.099 12.068    0.029 0.029 0.030 0.037 0.043  A 75348
   2924.86893 29.999 29.999 29.999 29.999 29.999    0.028 0.029 0.026 0.031 0.035  C 75727
   2927.83802 12.196 12.198 12.163 12.153 12.118    0.027 0.026 0.025 0.030 0.034  A 76090
   2940.78457 12.015 12.057 12.006 11.989 11.965    0.029 0.027 0.027 0.032 0.037  A 78066
   2942.83096 29.999 29.999 29.999 29.999 29.999    0.027 0.030 0.024 0.028 0.031  C 78283
   2951.79424 29.999 29.999 29.999 29.999 29.999    0.027 0.028 0.027 0.032 0.038  C 79626
   3273.86810 12.364 12.281 12.305 12.307 12.315    0.032 0.037 0.029 0.034 0.039  A 116274
   3277.85418 12.298 12.328 12.290 12.259 12.181    0.038 0.050 0.034 0.040 0.046  A 116770
   3296.83708 12.082 12.103 12.073 12.045 12.010    0.034 0.040 0.029 0.034 0.040  A 118732
   3333.80878 11.867 11.911 11.842 11.837 11.819    0.035 0.054 0.035 0.043 0.047  A 121840
   3356.72850 11.593 11.604 11.592 11.597 11.544    0.046 0.056 0.040 0.043 0.046  A 124501
   3362.71215 11.587 11.586 11.560 11.543 11.516    0.031 0.045 0.032 0.038 0.042  A 124859
   3382.83348 11.745 11.756 11.710 11.704 11.686    0.035 0.050 0.037 0.043 0.047  A 125694
   3384.71909 11.771 11.793 11.775 11.797 11.784    0.082 0.080 0.098 0.121 0.144  D 125912
   3386.78321 11.804 11.724 11.802 11.822 11.829    0.055 0.095 0.051 0.059 0.063  B 126217
   3389.63716 11.802 11.755 11.800 11.795 11.763    0.029 0.037 0.029 0.034 0.039  A 126579
   3391.67964 11.807 11.779 11.801 11.772 11.723    0.040 0.048 0.034 0.037 0.043  A 126846
   3396.81161 11.784 11.800 11.782 11.798 11.767    0.045 0.078 0.043 0.050 0.055  B 127430
   3399.60864 11.858 11.860 11.823 11.779 11.749    0.035 0.058 0.034 0.040 0.045  A 127755
   3404.66771 11.885 11.837 11.925 11.935 11.911    0.045 0.081 0.044 0.049 0.055  B 128416
   3406.67120 11.877 11.864 11.910 11.923 11.880    0.053 0.092 0.048 0.051 0.054  B 128731
   3408.69151 11.931 11.972 11.859 11.828 11.794    0.041 0.070 0.038 0.042 0.045  A 129049
   3410.78052 11.874 11.884 11.842 11.815 11.774    0.032 0.037 0.033 0.037 0.041  A 129395
   3413.57713 11.894 11.917 11.853 11.798 11.714    0.033 0.037 0.035 0.042 0.047  A 129756
   3415.60885 11.924 11.946 11.924 11.918 11.893    0.028 0.041 0.027 0.030 0.034  A 130096
   3417.62060 11.975 11.973 11.968 11.960 11.943    0.034 0.046 0.033 0.037 0.039  A 130412
   3419.61269 11.975 11.960 11.975 11.988 11.965    0.049 0.056 0.033 0.034 0.039  A 130728
   3421.64253 11.909 11.935 11.909 11.896 11.828    0.052 0.082 0.048 0.053 0.057  B 131047
   3423.63206 12.001 11.960 11.981 11.956 11.916    0.049 0.072 0.049 0.057 0.062  A 131373
   3425.66011 11.994 12.003 12.004 11.997 11.947    0.044 0.063 0.042 0.049 0.055  A 131682
   3427.69435 12.012 12.091 11.982 12.006 12.021    0.051 0.075 0.052 0.063 0.070  B 132011
   3431.65881 11.934 11.964 11.895 11.861 11.826    0.046 0.075 0.041 0.046 0.050  B 132366
   3433.68027 12.049 12.058 12.016 11.976 11.953    0.036 0.053 0.035 0.039 0.043  A 132697
   3436.66914 12.143 12.065 12.142 12.126 12.102    0.034 0.042 0.035 0.042 0.049  A 132997
   3439.66009 12.036 12.014 11.992 11.953 11.912    0.028 0.036 0.026 0.030 0.034  A 133335
   3443.52613 11.951 11.979 11.908 11.861 11.811    0.027 0.034 0.027 0.031 0.034  A 133705
   3445.55803 11.980 11.926 11.920 11.895 11.818    0.055 0.095 0.053 0.058 0.063  B 134072
   3447.57195 11.959 11.962 11.933 11.872 11.793    0.042 0.075 0.036 0.039 0.042  B 134714
   3449.59527 11.962 11.946 11.940 11.920 11.865    0.048 0.080 0.044 0.049 0.055  B 135051
   3452.52008 11.972 11.984 11.965 11.940 11.879    0.042 0.076 0.039 0.045 0.050  B 135446
   3454.58120 12.079 12.090 12.054 12.015 11.979    0.044 0.073 0.042 0.047 0.051  A 135804
   3456.57722 12.022 12.089 11.987 11.962 11.894    0.027 0.031 0.028 0.034 0.037  A 136155
   3458.56644 11.985 12.013 11.974 11.930 11.915    0.039 0.072 0.036 0.042 0.046  A 136506
   3460.57118 12.015 12.053 11.999 11.987 11.961    0.033 0.055 0.032 0.037 0.041  A 136874
   3462.57788 12.016 11.986 11.987 11.952 11.924    0.033 0.051 0.033 0.039 0.043  A 137148
   3464.61223 11.979 11.966 11.997 11.985 11.933    0.036 0.064 0.031 0.035 0.039  A 137483
   3466.62706 12.011 12.022 11.982 11.986 11.955    0.034 0.056 0.030 0.035 0.038  A 137825
   3469.61910 11.897 11.927 11.873 11.859 11.807    0.025 0.030 0.026 0.030 0.034  A 138243
   3471.62772 11.942 11.908 11.917 11.922 11.910    0.029 0.034 0.027 0.031 0.035  A 138570
   3474.50089 11.903 11.846 11.895 11.894 11.870    0.024 0.030 0.024 0.028 0.032  A 139009
   3477.50589 11.838 11.797 11.818 11.800 11.768    0.035 0.059 0.032 0.036 0.040  A 139502
   3479.54886 11.821 11.817 11.817 11.828 11.839    0.031 0.061 0.031 0.037 0.040  A 139827
   3481.56140 11.784 11.838 11.775 11.781 11.732    0.029 0.034 0.029 0.034 0.038  A 140152
   3491.53604 11.644 11.619 11.624 11.587 11.542    0.063 0.104 0.062 0.069 0.076  B 141275
   3495.53096 11.596 11.603 11.620 11.624 11.606    0.038 0.061 0.038 0.046 0.052  A 141601
   3499.50829 11.516 11.529 11.497 11.517 11.507    0.041 0.070 0.037 0.043 0.048  A 142076
   3501.51287 11.415 11.443 11.409 11.384 11.371    0.036 0.046 0.033 0.036 0.039  A 142411
   3503.53131 11.466 11.487 11.447 11.443 11.434    0.029 0.034 0.029 0.033 0.037  A 142773
   3509.46469 11.387 11.406 11.364 11.366 11.343    0.030 0.038 0.027 0.032 0.036  A 143367
   3512.49117 11.308 11.299 11.314 11.311 11.294    0.028 0.036 0.030 0.037 0.041  A 143811
   3516.49508 11.280 11.274 11.314 11.351 11.347    0.046 0.063 0.047 0.056 0.064  A 144130
   3521.45082 11.374 11.357 11.382 11.381 11.351    0.040 0.054 0.041 0.048 0.052  A 144779
   3526.45187 11.309 11.351 11.308 11.315 11.308    0.032 0.044 0.032 0.037 0.041  A 145616
   3529.45259 11.272 11.223 11.276 11.263 11.248    0.044 0.081 0.039 0.043 0.046  B 146132
   3603.92253 12.214 12.268 12.214 12.252 12.281    0.037 0.040 0.039 0.048 0.055  A 155980
   3618.90945 12.206 12.237 12.194 12.141 12.063    0.032 0.037 0.034 0.040 0.044  A 157374
   3622.91036 12.203 12.179 12.183 12.155 12.114    0.034 0.045 0.032 0.037 0.042  A 157997
   3633.90117 12.303 12.317 12.308 12.291 12.273    0.033 0.040 0.036 0.044 0.052  A 159305
   3640.87635 12.191 12.233 12.167 12.133 12.107    0.028 0.039 0.028 0.033 0.036  A 160097
   3644.87695 12.248 12.230 12.230 12.201 12.150    0.033 0.039 0.035 0.042 0.049  A 160690
   3653.84246 12.070 12.074 12.047 12.064 12.078    0.039 0.042 0.043 0.050 0.057  A 161810
   3656.86607 99.999 99.999 99.999 99.999 99.999    0.033 0.037 0.034 0.041 0.047  C 162256
   3660.83118 11.991 11.941 11.988 12.001 11.990    0.032 0.039 0.035 0.042 0.049  A 162846
   3664.82160 11.845 11.827 11.826 11.809 11.761    0.030 0.037 0.033 0.038 0.043  A 163419
   3668.84820 11.757 11.752 11.694 11.666 11.618    0.031 0.035 0.030 0.036 0.041  A 163896
   3671.83887 11.694 11.721 11.657 11.635 11.606    0.031 0.042 0.030 0.036 0.041  A 164325
   3675.79423 11.672 11.661 11.665 11.663 11.637    0.029 0.040 0.027 0.032 0.036  A 164882
   3700.77740 11.486 11.426 11.454 11.428 11.411    0.041 0.069 0.036 0.040 0.043  A 168088
   3703.78331 11.508 11.534 11.500 11.519 11.523    0.036 0.062 0.032 0.036 0.040  A 168477
   3706.76689 11.509 11.533 11.511 11.491 11.480    0.042 0.071 0.039 0.044 0.050  A 168884
   3711.79605 11.646 11.650 11.624 11.606 11.586    0.033 0.054 0.030 0.035 0.039  A 169317
   3714.73846 11.569 11.489 11.556 11.555 11.539    0.034 0.052 0.033 0.036 0.040  A 169728
   3717.73673 11.577 11.623 11.584 11.593 11.565    0.031 0.039 0.032 0.039 0.043  A 170113
   3719.79704 11.585 11.547 11.551 11.507 11.478    0.038 0.059 0.037 0.044 0.050  A 170353
   3722.71986 11.642 11.641 11.625 11.600 11.572    0.036 0.045 0.037 0.044 0.050  A 170722
   3725.76003 11.672 11.709 11.656 11.628 11.603    0.033 0.042 0.031 0.038 0.042  A 171043
   3728.70861 11.633 11.577 11.642 11.666 11.669    0.034 0.038 0.038 0.044 0.049  A 171436
   3732.69194 11.694 11.699 11.677 11.652 11.616    0.041 0.067 0.042 0.050 0.058  A 171839
   3735.71194 11.654 11.617 11.637 11.630 11.610    0.047 0.084 0.044 0.047 0.051  B 172237
   3740.72207 11.714 11.717 11.681 11.656 11.618    0.035 0.042 0.036 0.042 0.048  A 172936
   3743.66768 11.737 11.767 11.719 11.705 11.673    0.033 0.050 0.032 0.038 0.042  A 173288
   3745.73146 11.636 11.603 11.628 11.628 11.596    0.041 0.068 0.039 0.045 0.049  A 173581
   3748.64793 11.700 11.756 11.657 11.640 11.629    0.039 0.056 0.041 0.049 0.055  A 173958
   3750.69576 11.677 11.634 11.709 11.718 11.697    0.048 0.075 0.044 0.050 0.055  B 174259
   3752.80728 11.750 11.775 11.723 11.715 11.706    0.039 0.050 0.039 0.047 0.053  A 174573
   3755.62842 11.797 11.866 11.793 11.782 99.999    0.045 0.075 0.042 0.047 0.051  C 174916
   3757.68555 11.698 11.712 11.722 11.735 11.717    0.038 0.062 0.036 0.042 0.047  A 175216
   3759.74536 11.756 11.750 11.720 11.707 11.711    0.031 0.039 0.033 0.040 0.046  A 175517
   3762.66401 11.838 11.872 11.797 11.769 11.761    0.055 0.093 0.050 0.054 0.057  B 175883
   3764.77855 11.802 11.766 11.781 11.774 11.750    0.043 0.056 0.041 0.047 0.052  A 176196
   3767.64565 11.840 11.861 11.824 11.798 11.792    0.034 0.041 0.036 0.043 0.049  A 176573
   3769.74354 11.828 11.828 11.829 11.823 11.817    0.055 0.069 0.058 0.065 0.073  B 176863
   3772.60160 11.873 11.891 11.878 11.873 11.805    0.030 0.038 0.031 0.036 0.040  A 177207
   3774.69618 11.836 11.788 11.837 11.828 11.757    0.047 0.076 0.046 0.053 0.059  B 177524
   3776.74926 12.139 12.195 12.133 12.146 12.084    0.046 0.066 0.046 0.054 0.061  A 177830
   3778.72289 11.799 11.809 11.828 11.823 11.758    0.043 0.064 0.043 0.051 0.058  A 178131
   3780.75998 11.837 11.906 11.802 11.801 11.759    0.044 0.069 0.042 0.050 0.056  A 178415
   3787.59289 12.051 12.078 12.046 12.034 12.040    0.043 0.073 0.040 0.045 0.049  A 178824
   3789.64798 11.933 11.902 11.922 11.939 11.943    0.035 0.041 0.035 0.041 0.045  A 179115
   3791.69069 11.966 11.965 11.976 11.979 11.957    0.037 0.053 0.038 0.043 0.047  A 179417
   3793.69568 11.867 11.853 11.835 11.796 11.757    0.031 0.037 0.034 0.040 0.045  A 179711
   3796.58394 11.865 11.800 11.869 11.867 11.839    0.035 0.060 0.031 0.035 0.038  A 180101
   3798.62661 99.999 99.999 99.999 99.999 99.999    0.034 0.041 0.035 0.039 0.043  C 180395
   3800.63175 11.837 11.850 11.814 11.773 11.689    0.035 0.046 0.035 0.041 0.046  A 180669
   3803.60709 11.851 11.868 11.818 11.773 11.700    0.038 0.050 0.040 0.048 0.055  A 181016
   3805.63163 11.846 11.855 11.807 11.754 11.661    0.033 0.039 0.037 0.044 0.050  A 181313
   3808.64523 11.866 11.866 11.828 11.804 11.806    0.035 0.036 0.041 0.050 0.058  A 181662
   3810.64959 11.914 11.915 11.935 11.949 11.958    0.033 0.035 0.036 0.044 0.051  A 181985
   3812.65301 11.861 11.857 11.831 11.827 11.795    0.044 0.071 0.042 0.048 0.054  A 182307
   3814.64897 11.853 11.893 11.796 11.781 11.760    0.040 0.070 0.037 0.043 0.048  A 182621
   3816.68308 11.831 11.859 11.804 11.777 11.733    0.033 0.035 0.035 0.042 0.048  A 182947
   3821.59563 11.721 11.665 11.693 11.663 11.595    0.051 0.093 0.048 0.053 0.056  B 183724
   3823.63182 11.763 11.748 11.739 11.693 11.664    0.046 0.079 0.045 0.051 0.055  B 184059
   3825.64500 11.815 11.817 11.784 11.773 11.744    0.042 0.057 0.045 0.055 0.064  A 184403
   3828.51725 11.767 11.793 11.728 11.731 11.697    0.037 0.062 0.035 0.040 0.044  A 184869
   3830.58127 11.717 11.693 11.695 11.674 11.622    0.038 0.061 0.038 0.045 0.050  A 185224
   3832.59312 11.774 11.736 11.758 11.767 11.765    0.042 0.064 0.043 0.053 0.059  A 185583
   3834.59037 11.753 11.728 11.730 11.684 11.620    0.045 0.081 0.042 0.048 0.053  B 185927
   3847.47741 11.500 11.467 11.488 11.482 11.453    0.037 0.045 0.039 0.048 0.055  A 186720
   3849.55899 11.431 11.457 11.429 11.439 11.428    0.049 0.085 0.045 0.049 0.053  B 187066
   3851.56495 11.366 11.356 11.352 11.342 11.324    0.029 0.036 0.029 0.033 0.037  A 187413
   3853.57510 11.302 11.336 11.278 11.263 11.228    0.028 0.032 0.027 0.032 0.036  A 187765
   3856.51418 11.343 11.418 11.310 11.299 11.294    0.053 0.092 0.047 0.050 0.052  B 188193
   3861.53187 11.270 11.292 11.274 11.275 11.265    0.028 0.034 0.027 0.034 0.038  A 188979
   3863.53550 11.291 11.277 11.261 11.237 11.219    0.032 0.040 0.030 0.036 0.040  A 189324
   3865.54695 11.229 11.205 11.233 11.231 11.206    0.041 0.071 0.039 0.045 0.049  A 189679
   3868.50756 11.294 11.295 11.256 11.238 11.233    0.042 0.068 0.041 0.047 0.052  A 190151
   3870.51007 11.290 11.320 11.281 11.270 11.242    0.030 0.037 0.032 0.038 0.043  A 190512
   3872.52573 11.282 11.313 11.280 11.264 11.239    0.026 0.035 0.027 0.032 0.036  A 190892
   3877.45215 11.324 11.321 11.312 11.315 11.295    0.032 0.044 0.030 0.035 0.040  A 191436
   3881.45385 11.365 11.372 11.381 11.397 11.392    0.029 0.038 0.029 0.035 0.039  A 191932
   3886.44999 11.405 11.416 11.400 11.390 11.393    0.030 0.039 0.030 0.036 0.040  A 192407
   3891.47139 11.514 11.531 11.511 11.514 11.489    0.029 0.038 0.029 0.035 0.039  A 193298
   3894.46313 11.534 11.515 11.515 11.506 11.465    0.032 0.035 0.033 0.040 0.046  A 193823
   3899.45702 11.528 11.524 11.569 11.639 11.674    0.064 0.052 0.080 0.102 0.121  D 194459
   4083.85786 11.260 11.331 11.229 11.238 11.220    0.038 0.059 0.038 0.043 0.048  A 208441
   4089.71483 11.340 11.367 11.337 11.333 11.327    0.049 0.068 0.047 0.057 0.066  A 209156
   4103.76304 11.528 11.404 11.522 11.511 99.999    0.044 0.075 0.044 0.051 0.057  C 210634
   4106.66583 11.580 11.612 11.544 11.518 11.509    0.031 0.040 0.030 0.036 0.041  A 210968
   4109.70761 11.654 11.662 11.638 11.653 11.669    0.056 0.094 0.052 0.058 0.063  B 211265
   4126.73365 11.818 11.874 11.805 11.771 11.755    0.030 0.036 0.028 0.032 0.036  A 211698
   4128.76704 11.907 11.891 11.880 11.880 11.855    0.033 0.044 0.031 0.035 0.039  A 211976
   4133.59681 11.938 11.911 11.916 11.889 11.849    0.035 0.041 0.038 0.045 0.050  A 212569
   4135.63657 12.033 12.086 11.996 11.975 11.943    0.041 0.075 0.040 0.047 0.052  B 212853
   4137.64377 11.917 11.915 11.921 11.896 11.847    0.040 0.066 0.036 0.039 0.043  A 213131
   4145.76429 12.028 12.005 12.020 12.001 11.920    0.047 0.078 0.050 0.061 0.069  B 214305
   4149.66155 12.115 12.063 12.101 12.114 12.073    0.038 0.048 0.042 0.052 0.061  A 214664
   4151.67274 12.045 12.002 12.043 12.028 11.971    0.034 0.060 0.031 0.036 0.039  A 214974
   4153.67310 11.996 11.987 12.000 11.972 11.918    0.040 0.077 0.035 0.040 0.043  B 215288
   4157.74172 12.108 12.012 12.110 12.095 12.094    0.048 0.077 0.048 0.058 0.066  B 215872
   4160.54769 12.079 12.075 12.060 12.029 11.988    0.032 0.042 0.033 0.039 0.044  A 216272
   4162.56570 12.048 12.054 12.043 12.012 11.988    0.040 0.070 0.040 0.046 0.049  A 216599
   4164.59040 11.935 11.932 11.877 11.827 11.780    0.046 0.064 0.043 0.050 0.055  A 216887
   4166.64058 11.976 12.016 11.963 11.997 12.032    0.044 0.052 0.047 0.057 0.066  A 217191
   4172.61000 11.999 12.006 11.982 11.957 11.889    0.038 0.048 0.040 0.048 0.055  A 217902
   4174.62039 12.025 12.006 12.025 12.028 12.047    0.032 0.048 0.030 0.036 0.042  A 218224
   4176.63021 11.997 12.044 11.981 11.948 11.889    0.037 0.041 0.037 0.042 0.048  A 218512
   4179.65477 12.024 12.089 12.015 12.010 11.979    0.038 0.050 0.036 0.041 0.047  A 218843
   4181.66766 12.027 12.022 12.032 12.030 12.006    0.049 0.051 0.052 0.065 0.077  B 219123
   4183.68060 12.035 11.973 12.056 12.074 12.108    0.041 0.054 0.040 0.046 0.051  A 219421
   4190.53278 11.919 11.867 11.893 11.876 11.851    0.032 0.041 0.030 0.035 0.040  A 220201
   4192.53920 11.863 11.898 11.800 11.774 11.738    0.035 0.043 0.033 0.040 0.046  A 220527
   4194.59468 11.833 11.848 11.836 11.846 11.857    0.035 0.043 0.034 0.041 0.047  A 220858
   4197.57378 11.757 11.775 11.757 11.762 11.745    0.032 0.043 0.032 0.038 0.044  A 221178
   4199.62577 11.713 11.667 11.727 11.736 11.623    0.067 0.084 0.073 0.093 0.107  D 221379
   4202.56606 11.824 11.752 11.786 11.767 11.734    0.046 0.065 0.043 0.047 0.053  A 221625
   4205.53838 11.672 11.639 11.646 11.622 11.575    0.040 0.063 0.037 0.043 0.048  A 222077
   4213.49953 11.612 11.575 11.615 11.607 11.572    0.036 0.059 0.031 0.036 0.040  A 222537
   4216.56490 11.577 11.627 11.553 11.535 11.490    0.038 0.053 0.035 0.041 0.048  A 222842
   4226.53151 11.719 11.646 11.756 11.891 12.117    0.084 0.084 0.100 0.126 0.151  D 222973
   4228.52802 11.568 11.589 11.571 11.562 11.536    0.036 0.046 0.030 0.035 0.040  A 223306
   4230.53152 11.534 11.566 11.524 11.515 11.475    0.038 0.040 0.038 0.042 0.047  A 223651
   4232.54447 11.541 11.534 11.517 11.501 11.440    0.037 0.047 0.035 0.042 0.049  A 223999
   4235.47075 11.557 11.587 11.528 11.495 11.485    0.043 0.073 0.040 0.044 0.049  A 224528
   4238.49562 11.590 11.620 11.578 11.593 11.579    0.048 0.059 0.050 0.062 0.070  A 224965
   4248.46707 11.518 11.464 11.507 11.454 11.389    0.056 0.055 0.062 0.076 0.088  D 226532
   4253.45524 11.595 11.613 11.562 11.534 11.510    0.037 0.041 0.033 0.037 0.042  A 226783
   4257.45585 11.603 11.601 11.587 11.524 11.455    0.043 0.043 0.046 0.056 0.066  A 227355
   4331.91882 12.343 12.325 12.341 12.374 12.360    0.035 0.041 0.033 0.040 0.045  A 235596
   4339.91956 12.262 12.288 12.256 12.282 12.284    0.039 0.046 0.037 0.043 0.050  A 236688
   4343.91216 12.160 12.049 12.243 12.270 12.214    0.037 0.053 0.037 0.043 0.050  A 237374
   4347.90663 12.145 12.141 12.111 12.060 11.991    0.037 0.050 0.035 0.042 0.049  A 238053
   4355.90545 12.000 12.018 11.998 11.992 11.984    0.033 0.040 0.032 0.038 0.045  A 239268
   4361.89841 11.877 11.882 11.866 11.849 11.790    0.040 0.045 0.036 0.041 0.048  A 240114
   4364.87412 11.854 11.854 11.842 11.826 11.766    0.037 0.043 0.033 0.039 0.046  A 240582
   4368.86686 11.771 11.785 11.767 11.768 11.718    0.042 0.048 0.039 0.045 0.052  A 241061
   4372.85554 11.816 11.782 11.828 11.822 11.803    0.036 0.041 0.038 0.047 0.054  A 241705
   4376.86252 11.692 11.666 11.690 11.692 11.670    0.037 0.044 0.037 0.044 0.051  A 242201
   4380.84496 11.617 11.616 11.581 11.560 11.548    0.040 0.044 0.041 0.047 0.055  A 242791
   4384.83843 11.625 11.643 11.597 11.612 11.607    0.046 0.052 0.043 0.049 0.056  A 243399
   4387.87577 11.544 11.490 11.512 11.511 11.498    0.044 0.050 0.043 0.050 0.058  A 243890
   4399.87628 11.570 11.548 11.561 11.533 11.488    0.040 0.052 0.041 0.049 0.057  A 244912
   4403.82420 11.521 11.486 11.507 11.503 11.499    0.034 0.040 0.033 0.039 0.044  A 245324
   4407.84135 11.523 11.500 11.521 11.520 11.503    0.038 0.050 0.035 0.041 0.047  A 245650
   4410.83699 11.532 11.528 11.520 11.505 11.480    0.035 0.046 0.034 0.039 0.045  A 246034
   4418.86720 11.552 11.584 11.558 11.566 11.543    0.032 0.038 0.031 0.037 0.043  A 246377
   4422.77337 11.577 11.513 11.537 11.548 11.546    0.034 0.053 0.030 0.035 0.039  A 246691
   4426.80422 11.539 11.602 11.512 11.486 11.478    0.044 0.049 0.049 0.061 0.070  A 246993
   4429.79985 29.999 29.999 29.999 29.999 29.999    0.039 0.044 0.038 0.046 0.053  C 247354
   4432.77421 11.655 11.628 11.639 11.625 11.588    0.030 0.038 0.029 0.034 0.039  A 247712
   4435.76420 11.570 11.579 11.560 11.556 11.540    0.034 0.048 0.030 0.036 0.040  A 248070
   4438.75603 11.680 11.654 11.638 11.636 99.999    0.035 0.039 0.037 0.043 0.048  C 248443
   4441.74594 11.617 11.651 11.650 11.669 11.663    0.035 0.042 0.034 0.038 0.043  A 248815
   4453.71705 11.780 11.784 11.770 11.757 11.749    0.031 0.036 0.030 0.036 0.041  A 250149
   4456.70732 11.868 11.865 11.808 11.749 11.702    0.061 0.076 0.063 0.075 0.087  D 250472
   4459.70777 11.903 11.892 11.848 11.800 11.714    0.041 0.053 0.043 0.052 0.061  A 250831
   4461.79596 11.911 11.887 11.887 11.889 11.911    0.041 0.052 0.039 0.046 0.054  A 251088
   4464.68792 11.880 11.909 11.890 11.888 11.837    0.035 0.044 0.032 0.038 0.042  A 251429
   4467.68464 11.908 11.896 11.874 11.848 11.803    0.039 0.047 0.040 0.045 0.050  A 251769
   4470.68677 11.953 11.913 11.953 11.945 11.891    0.035 0.048 0.033 0.037 0.041  A 252113
   4473.73679 11.965 12.042 11.960 11.953 11.933    0.036 0.045 0.034 0.038 0.044  A 252397
   4476.73755 12.110 12.058 12.171 12.226 12.175    0.051 0.055 0.056 0.067 0.076  B 252675
   4479.65095 12.053 12.070 12.013 11.998 11.945    0.031 0.038 0.029 0.034 0.039  A 253020
   4482.68797 12.080 12.087 12.099 12.095 12.073    0.036 0.051 0.034 0.041 0.046  A 253332
   4485.67802 12.104 11.990 12.071 12.078 12.113    0.051 0.074 0.050 0.061 0.070  B 253603
   4487.71384 12.090 12.060 12.126 12.123 12.016    0.045 0.070 0.042 0.049 0.055  A 253849
   4489.76088 12.103 12.067 12.110 12.097 12.062    0.038 0.047 0.038 0.047 0.054  A 254104
   4492.61951 12.103 12.147 12.091 12.088 11.989    0.032 0.037 0.032 0.037 0.043  A 254392
   4494.65881 12.065 12.107 12.020 11.977 11.925    0.035 0.053 0.031 0.036 0.041  A 254653
   4497.78105 12.145 12.112 12.094 12.049 12.016    0.035 0.051 0.032 0.038 0.042  A 254803
   4500.59108 12.192 12.123 12.191 12.203 12.233    0.076 0.080 0.087 0.104 0.123  D 255134
   4505.60685 12.124 12.170 12.090 12.052 12.000    0.043 0.061 0.041 0.048 0.055  A 255840
   4507.66479 12.144 12.156 12.130 12.116 12.111    0.043 0.050 0.046 0.055 0.065  A 256149
   4509.74338 12.137 12.143 12.116 12.081 12.007    0.038 0.044 0.038 0.045 0.052  A 256456
   4512.59262 12.093 12.050 12.040 11.986 11.930    0.045 0.057 0.046 0.055 0.064  A 256812
   4515.73046 12.138 12.149 12.161 12.211 12.233    0.054 0.075 0.055 0.065 0.073  B 257044
   4518.58068 12.052 12.073 12.030 12.023 12.011    0.038 0.052 0.036 0.042 0.050  A 257390
   4520.61552 12.053 12.057 12.037 12.038 12.003    0.033 0.042 0.031 0.036 0.042  A 257699
   4522.62276 12.076 12.076 12.104 12.150 12.148    0.041 0.053 0.042 0.050 0.058  A 257993
   4524.62225 12.081 12.125 12.071 12.068 12.037    0.034 0.048 0.032 0.036 0.040  A 258286
   4526.65396 12.191 12.153 12.212 12.205 12.171    0.040 0.045 0.041 0.049 0.056  A 258584
   4528.70352 12.175 12.164 12.173 12.220 12.187    0.045 0.060 0.047 0.055 0.062  A 258904
   4531.60075 12.081 12.122 12.037 12.025 12.009    0.046 0.069 0.042 0.047 0.052  A 259318
   4534.55399 12.012 11.949 11.989 11.961 11.945    0.041 0.061 0.038 0.044 0.049  A 259689
   4537.57038 11.999 12.001 11.991 11.979 11.917    0.042 0.065 0.039 0.045 0.052  A 260058
   4539.58354 12.256 12.123 12.338 12.468 12.510    0.049 0.054 0.053 0.065 0.075  B 260353
   4541.60021 11.976 12.018 11.958 11.964 11.964    0.039 0.055 0.034 0.039 0.045  A 260658
   4543.61706 12.021 11.965 12.041 12.024 11.962    0.039 0.049 0.042 0.051 0.058  A 260976
   4547.65770 11.844 11.856 11.827 11.795 11.752    0.041 0.044 0.044 0.053 0.063  A 261613
   4555.52647 11.801 11.835 11.769 11.742 11.732    0.042 0.065 0.037 0.042 0.047  A 262663
   4557.55004 11.765 11.770 11.737 11.737 11.733    0.037 0.053 0.036 0.041 0.047  A 262997
   4559.59849 11.721 11.706 11.743 11.753 11.732    0.037 0.045 0.036 0.043 0.048  A 263344
   4562.52454 11.662 11.614 11.643 11.616 11.585    0.036 0.045 0.035 0.042 0.048  A 263825
   4564.57176 11.822 11.819 11.807 11.806 11.775    0.037 0.043 0.036 0.042 0.050  A 264174
   4566.57703 11.570 11.546 11.524 11.486 11.409    0.042 0.054 0.040 0.047 0.055  A 264509
   4568.60496 11.548 11.582 11.545 11.530 11.471    0.035 0.048 0.034 0.040 0.045  A 264828
   4570.58984 11.517 11.610 11.305 10.975 10.718    0.033 0.039 0.032 0.038 0.044  A 265152
   4572.60060 11.511 11.541 11.486 11.491 11.489    0.041 0.047 0.041 0.048 0.056  A 265500
   4575.53778 11.485 11.475 11.479 11.475 11.476    0.034 0.042 0.036 0.043 0.049  A 265962
#ndata= 4
#dataset= 5 ; 1 F0800-16_258
#desig= 073600-1952.9
#cra=    7.600030  07:36:00.1
#cdec= -19.881507 -19:52:53.4
#class= 0
#cmag_0= 11.638
#cmer_0=  0.067
#nskip_0= 0
#cmag_1= 11.663
#cmer_1=  0.068
#nskip_1= 0
#cmag_2= 11.645
#cmer_2=  0.067
#nskip_2= 0
#cmag_3= 11.632
#cmer_3=  0.066
#nskip_3= 0
#cmag_4= 11.623
#cmer_4=  0.066
#nskip_4= 0
#ra=    7.600030  07:36:00.1
#dec= -19.881507 -19:52:53.4
#     HJD      MAG_1  MAG_0  MAG_2  MAG_3  MAG_4    MER_1 MER_0 MER_2 MER_3 MER_4 GRADE FRAME
   3363.72563 12.178 12.330 12.132 12.102 12.073    0.036 0.042 0.037 0.045 0.050  A 124970
   3372.75524 11.659 11.656 99.999 99.999 99.999    0.044 0.060 0.043 0.051 0.056  C 125321
   3387.74070 11.667 11.621 11.659 11.650 11.643    0.050 0.084 0.047 0.054 0.060  B 126352
   4109.75188 11.544 11.517 11.527 11.505 11.500    0.044 0.063 0.043 0.050 0.055  A 211280
