#ndata= 5
#dataset= 1 ; 1 F2256+00_376
#desig= 232017+0249.9
#cra=   23.338125  23:20:17.2
#cdec=   2.831967 02:49:55.1
#class= 0
#cmag_0= 11.015
#cmer_0=  0.058
#nskip_0= 0
#cmag_1= 11.027
#cmer_1=  0.043
#nskip_1= 0
#cmag_2= 11.028
#cmer_2=  0.055
#nskip_2= 0
#cmag_3= 11.018
#cmer_3=  0.057
#nskip_3= 0
#cmag_4= 10.988
#cmer_4=  0.068
#nskip_4= 0
#ra=   23.338125  23:20:17.2
#dec=   2.831967 02:49:55.1
#     HJD      MAG_1  MAG_0  MAG_2  MAG_3  MAG_4    MER_1 MER_0 MER_2 MER_3 MER_4 GRADE FRAME
   2468.81226 10.997 10.917 10.993 10.986 10.941    0.034 0.032 0.024 0.022 0.024  A 11789
   2473.78513 10.985 11.001 10.998 10.978 10.950    0.035 0.035 0.029 0.033 0.030  A 12747
   2486.76765 11.079 11.075 11.093 11.086 11.079    0.042 0.042 0.037 0.042 0.041  A 13379
   2490.76436 11.083 11.086 11.102 11.097 11.069    0.036 0.038 0.031 0.038 0.035  A 14120
   2521.79489 10.985 10.924 10.957 10.949 10.902    0.038 0.045 0.032 0.036 0.035  A 18462
#ndata= 211
#dataset= 2 ; 1 F2328+00_377
#desig= 232017+0249.9
#cra=   23.338069  23:20:17.0
#cdec=   2.832369 02:49:56.5
#class= 0
#cmag_0= 10.951
#cmer_0=  0.132
#nskip_0= 7
#cmag_1= 10.951
#cmer_1=  0.126
#nskip_1= 6
#cmag_2= 10.944
#cmer_2=  0.126
#nskip_2= 5
#cmag_3= 10.924
#cmer_3=  0.124
#nskip_3= 5
#cmag_4= 10.877
#cmer_4=  0.119
#nskip_4= 4
#ra=   23.338069  23:20:17.0
#dec=   2.832369 02:49:56.5
#     HJD      MAG_2  MAG_0  MAG_1  MAG_3  MAG_4    MER_2 MER_0 MER_1 MER_3 MER_4 GRADE FRAME
   1872.55868 10.890 10.884 10.891 10.872 10.842    0.025 0.067 0.029 0.027 0.029  A 649
   1885.58644 10.946 10.946 10.951 10.918 10.885    0.025 0.046 0.028 0.029 0.032  A 2402
   2026.93099 10.830 10.852 10.841 10.837 10.806    0.057 0.059 0.052 0.069 0.084  B 17538
   2031.91558 10.870 10.897 10.889 10.834 10.809    0.032 0.054 0.035 0.034 0.036  A 18137
   2444.83352 10.893 10.839 10.903 10.871 10.843    0.024 0.030 0.031 0.026 0.028  A 8964
   2445.88869 10.885 10.853 10.904 10.869 10.826    0.017 0.028 0.025 0.019 0.020  A 9205
   2452.81231 99.999 99.999 99.999 99.999 99.999    0.026 0.031 0.033 0.027 0.027  C 9525
   2453.77940 10.920 10.946 10.949 10.927 10.905    0.027 0.036 0.036 0.027 0.029  A 9694
   2465.82121 10.957 10.976 10.938 10.937 10.911    0.036 0.040 0.042 0.039 0.034  A 11139
   2466.81066 10.989 10.960 11.011 10.968 10.936    0.023 0.026 0.032 0.024 0.020  A 11353
   2467.81426 10.979 10.978 10.962 10.966 10.920    0.020 0.023 0.028 0.020 0.020  A 11573
   2468.81226 11.026 10.978 11.043 11.009 10.959    0.027 0.039 0.037 0.027 0.029  A 11789
   2470.78350 11.007 10.987 11.009 11.010 10.974    0.027 0.034 0.034 0.031 0.027  A 12059
   2473.78513 11.029 11.056 11.036 10.999 10.970    0.030 0.038 0.036 0.033 0.031  A 12747
   2486.76765 11.124 11.131 11.133 11.104 11.099    0.038 0.048 0.044 0.044 0.042  A 13379
   2489.74618 11.181 11.168 11.162 11.169 11.122    0.024 0.028 0.031 0.025 0.024  A 13894
   2490.76436 11.138 11.146 11.134 11.122 11.097    0.034 0.043 0.038 0.039 0.037  A 14120
   2494.75608 11.171 11.223 11.181 11.149 11.134    0.052 0.063 0.058 0.057 0.056  B 14713
   2498.74150 11.131 11.109 11.119 11.129 11.093    0.025 0.029 0.032 0.028 0.024  A 15481
   2499.73472 11.102 11.097 11.092 11.092 11.063    0.023 0.028 0.030 0.026 0.023  A 15688
   2501.73680 11.045 11.055 11.039 11.007 10.983    0.026 0.029 0.032 0.030 0.024  A 16051
   2502.73688 11.011 11.036 11.035 11.005 10.999    0.032 0.038 0.037 0.038 0.032  A 16263
   2503.72808 11.014 11.051 10.986 10.997 10.980    0.044 0.052 0.048 0.053 0.048  A 16463
   2508.68857 11.053 11.071 11.065 10.998 10.876    0.027 0.031 0.032 0.029 0.031  A 16812
   2521.79489 10.988 10.986 11.027 10.971 10.922    0.020 0.030 0.026 0.022 0.020  A 18462
   2526.77339 11.047 11.056 11.049 11.006 10.937    0.038 0.052 0.051 0.030 0.026  A 18899
   2529.66609 11.019 10.986 10.990 11.018 10.986    0.036 0.059 0.046 0.040 0.036  A 19088
   2552.71295 11.158 11.175 11.184 11.134 11.067    0.024 0.040 0.034 0.024 0.025  A 21176
   2578.67079 10.879 10.950 10.894 10.864 10.838    0.024 0.032 0.033 0.027 0.023  A 24959
   2600.61537 10.913 10.931 10.965 10.822 10.737    0.063 0.058 0.058 0.075 0.086  B 27362
   2622.53182 10.942 10.981 10.977 10.910 10.882    0.026 0.041 0.031 0.028 0.030  A 29922
   2625.56457 11.029 10.987 11.012 10.958 10.910    0.023 0.042 0.027 0.026 0.030  A 30383
   2635.54932 10.845 10.877 10.858 10.842 10.788    0.018 0.021 0.020 0.019 0.021  A 32190
   2638.54033 10.858 10.887 10.895 10.821 10.786    0.024 0.036 0.037 0.025 0.026  A 32631
   2643.53870 10.828 10.807 10.844 10.808 10.759    0.021 0.029 0.022 0.023 0.027  A 33380
   2759.92490 10.912 10.924 10.925 10.895 10.837    0.032 0.031 0.030 0.039 0.046  A 53345
   2763.92639 10.867 10.903 10.871 10.849 10.792    0.027 0.031 0.028 0.032 0.038  A 54151
   2786.87936 10.884 10.872 10.901 10.855 10.830    0.022 0.025 0.027 0.023 0.025  A 56671
   2812.93086 10.830 10.870 10.841 10.812 10.753    0.025 0.033 0.026 0.027 0.031  A 60306
   2816.92989 10.776 10.781 10.786 10.772 10.745    0.020 0.032 0.023 0.021 0.024  A 60981
   2831.81685 10.924 10.911 10.951 10.888 10.838    0.020 0.026 0.025 0.021 0.025  A 62806
   2833.87683 10.882 10.898 10.871 10.859 10.842    0.024 0.028 0.028 0.026 0.030  A 63212
   2840.85576 10.965 10.984 10.961 10.928 10.888    0.022 0.029 0.027 0.026 0.030  A 64423
   2851.82156 10.920 10.932 10.927 10.901 10.852    0.019 0.025 0.026 0.020 0.022  A 65518
   2854.72780 10.856 10.871 10.854 10.829 10.816    0.017 0.021 0.023 0.018 0.019  A 65919
   2859.74642 99.999 99.999 99.999 99.999 99.999    0.019 0.021 0.025 0.021 0.023  C 66586
   2861.72687 10.837 10.802 10.863 10.804 10.768    0.023 0.028 0.025 0.027 0.032  A 66999
   2862.83077 10.793 10.790 10.776 10.776 10.743    0.029 0.031 0.033 0.032 0.035  A 67247
   2867.78760 10.753 10.813 10.744 10.732 10.690    0.022 0.030 0.028 0.024 0.026  A 67825
   2872.75666 10.814 10.861 10.829 10.788 10.764    0.020 0.022 0.026 0.021 0.021  A 68209
   2875.76526 10.869 10.909 10.864 10.848 10.806    0.020 0.028 0.030 0.022 0.021  A 68604
   2877.74694 10.914 10.940 10.908 10.902 10.854    0.024 0.027 0.033 0.025 0.024  A 68993
   2880.69841 10.970 10.987 10.941 11.001 10.946    0.059 0.057 0.058 0.065 0.073  B 69397
   2883.72175 10.970 10.990 11.003 10.946 10.906    0.020 0.025 0.026 0.023 0.022  A 69654
   2885.67053 10.962 10.984 10.963 10.944 10.907    0.018 0.029 0.023 0.019 0.020  A 70038
   2886.72535 10.944 10.989 10.944 10.931 10.856    0.023 0.041 0.025 0.025 0.027  A 70273
   2888.77315 10.944 10.977 10.944 10.932 10.867    0.021 0.027 0.023 0.023 0.025  A 70500
   2895.70627 10.870 10.903 10.873 10.866 10.819    0.027 0.030 0.032 0.029 0.029  A 71299
   2896.83127 10.811 10.840 10.833 10.774 10.746    0.026 0.028 0.027 0.030 0.034  A 71552
   2898.68474 10.855 10.872 10.866 10.838 10.822    0.019 0.023 0.026 0.022 0.023  A 71888
   2900.67813 10.864 10.882 10.877 10.826 10.802    0.019 0.030 0.023 0.021 0.022  A 72241
   2903.75854 10.877 10.915 10.884 10.854 10.783    0.024 0.037 0.025 0.027 0.030  A 72715
   2905.72683 10.926 10.959 10.937 10.890 10.829    0.018 0.024 0.022 0.019 0.020  A 73017
   2908.63191 10.990 11.022 11.003 10.964 10.905    0.017 0.032 0.021 0.018 0.019  A 73424
   2910.69962 11.006 11.027 11.000 10.990 10.908    0.017 0.025 0.022 0.018 0.019  A 73748
   2912.63034 11.073 11.108 11.078 11.058 11.006    0.018 0.022 0.024 0.018 0.019  A 74096
   2916.70449 11.086 11.057 11.096 11.060 11.021    0.023 0.035 0.024 0.025 0.027  A 74604
   2922.63402 11.104 11.129 11.106 11.100 11.033    0.027 0.041 0.035 0.030 0.035  A 75266
   2924.64027 11.099 11.134 11.124 11.061 11.042    0.027 0.035 0.028 0.031 0.037  A 75645
   2927.63361 11.108 11.080 11.124 11.067 11.036    0.023 0.034 0.023 0.028 0.034  A 75999
   2929.63956 11.047 11.065 11.075 11.006 10.966    0.018 0.026 0.021 0.020 0.022  A 76358
   2931.64394 11.034 11.085 11.065 10.991 10.941    0.018 0.029 0.022 0.020 0.022  A 76721
   2935.63019 10.977 10.990 11.001 10.940 10.908    0.019 0.026 0.025 0.021 0.023  A 77429
   2937.63522 10.946 11.019 10.961 10.911 10.895    0.024 0.039 0.027 0.027 0.032  A 77702
   2940.63274 10.917 10.972 10.938 10.906 10.850    0.020 0.030 0.021 0.022 0.025  A 77999
   2942.58227 10.929 10.902 10.960 10.884 10.842    0.027 0.039 0.027 0.032 0.038  A 78178
   2943.61561 11.004 11.039 11.007 10.994 10.952    0.025 0.032 0.026 0.029 0.033  A 78352
   2949.55964 11.046 11.068 11.068 11.012 10.955    0.027 0.033 0.030 0.032 0.039  A 79252
   2951.56764 11.124 11.133 11.167 11.089 11.038    0.027 0.034 0.031 0.032 0.038  A 79544
   2953.59883 11.011 11.098 11.015 11.014 10.931    0.090 0.079 0.083 0.091 0.097  D 79816
   2955.60416 11.155 11.140 11.163 11.127 11.041    0.027 0.040 0.030 0.029 0.032  A 80074
   2957.60317 11.171 11.185 11.164 11.136 11.052    0.022 0.030 0.024 0.025 0.029  A 80362
   2959.60310 11.332 11.368 11.402 11.268 11.162    0.097 0.077 0.082 0.117 0.138  D 80652
   2961.59846 11.221 11.174 11.236 11.196 11.149    0.022 0.029 0.023 0.025 0.028  A 80906
   2963.61044 11.205 11.270 11.228 11.139 11.060    0.022 0.030 0.025 0.026 0.031  A 81189
   2965.63024 11.187 11.174 11.189 11.153 11.092    0.079 0.063 0.076 0.078 0.080  D 81483
   2969.59840 11.217 11.243 11.227 11.179 11.075    0.025 0.034 0.027 0.028 0.032  A 82035
   2971.62092 11.232 11.261 11.259 11.191 11.160    0.021 0.033 0.026 0.024 0.027  A 82239
   2977.54313 11.159 11.196 11.158 11.143 11.065    0.023 0.030 0.027 0.026 0.030  A 82948
   2979.57786 11.112 11.110 11.127 11.093 11.042    0.026 0.037 0.028 0.032 0.037  A 83231
   2981.60275 11.050 11.025 11.070 11.035 10.984    0.034 0.039 0.034 0.039 0.048  A 83496
   2984.54666 11.062 11.102 11.054 11.048 10.990    0.020 0.028 0.024 0.022 0.026  A 83872
   2986.55514 11.043 11.067 11.057 11.029 10.963    0.021 0.031 0.025 0.023 0.027  A 84140
   2989.56924 11.031 11.048 11.046 11.011 10.945    0.025 0.034 0.027 0.027 0.030  A 84497
   2992.55791 11.051 11.083 11.065 11.039 10.985    0.023 0.030 0.025 0.027 0.031  A 84888
   2995.55701 11.063 11.075 11.079 11.038 11.011    0.021 0.028 0.024 0.024 0.028  A 85277
   2998.54014 11.100 11.123 11.121 11.072 11.025    0.025 0.029 0.029 0.029 0.034  A 85682
   3156.91884 10.906 10.936 10.898 10.897 10.849    0.059 0.068 0.061 0.061 0.064  B 104265
   3163.90287 10.959 10.989 10.985 10.932 10.906    0.049 0.054 0.054 0.052 0.057  A 105113
   3168.90655 10.928 10.940 10.955 10.884 10.849    0.035 0.036 0.034 0.040 0.046  A 105843
   3171.90866 10.856 10.908 10.868 10.822 10.786    0.063 0.060 0.066 0.068 0.078  B 106270
   3175.89460 10.806 10.844 10.802 10.792 10.756    0.072 0.067 0.074 0.074 0.077  D 106675
   3182.87298 10.850 10.827 10.874 10.824 10.776    0.050 0.050 0.049 0.055 0.062  A 107587
   3185.86838 10.825 10.846 10.789 10.828 10.790    0.044 0.043 0.065 0.043 0.045  B 108013
   3189.85567 10.917 10.908 10.961 10.891 10.840    0.034 0.033 0.041 0.038 0.044  A 108501
   3266.67829 10.799 10.782 10.804 10.797 10.754    0.020 0.029 0.028 0.021 0.022  A 115199
   3268.67803 10.838 10.841 10.840 10.818 10.788    0.026 0.042 0.030 0.030 0.036  A 115504
   3270.65496 10.806 10.790 10.791 10.792 10.755    0.026 0.031 0.032 0.030 0.035  A 115801
   3272.66555 10.825 10.824 10.827 10.801 10.756    0.064 0.075 0.058 0.072 0.078  B 116079
   3277.66160 10.857 10.868 10.879 10.826 10.737    0.032 0.052 0.034 0.036 0.043  A 116714
   3279.69170 10.923 10.964 10.925 10.906 10.861    0.055 0.066 0.056 0.061 0.066  B 116986
   3281.79577 10.893 10.884 10.902 10.888 10.802    0.032 0.044 0.033 0.039 0.045  A 117238
   3290.67143 10.890 10.904 10.901 10.874 10.832    0.028 0.041 0.038 0.030 0.032  A 118148
   3294.69440 10.951 10.962 10.969 10.939 10.891    0.026 0.041 0.036 0.027 0.029  A 118400
   3326.52761 10.983 11.007 11.006 10.962 10.870    0.024 0.041 0.025 0.026 0.028  A 121075
   3343.58762 11.045 11.046 11.043 11.043 10.989    0.029 0.044 0.028 0.032 0.036  A 122908
   3528.93227 10.800 10.738 10.796 10.809 10.755    0.036 0.067 0.040 0.039 0.041  A 146106
   3546.88900 10.854 10.848 10.838 10.854 10.784    0.068 0.051 0.056 0.086 0.102  D 147943
   3551.89375 10.914 10.900 10.907 10.916 99.999    0.030 0.041 0.030 0.033 0.038  C 148396
   3558.84980 10.821 10.803 10.830 10.801 10.761    0.035 0.035 0.033 0.041 0.046  A 149300
   3561.84749 10.784 10.821 10.800 10.762 10.729    0.034 0.082 0.038 0.036 0.040  B 149813
   3564.82500 10.786 10.765 10.788 10.752 10.736    0.025 0.033 0.029 0.026 0.028  A 150309
   3569.84592 10.809 10.816 10.820 10.795 10.747    0.024 0.038 0.031 0.026 0.028  A 150643
   3571.85285 10.814 10.810 10.796 10.813 10.756    0.027 0.032 0.032 0.030 0.034  A 150974
   3577.83996 10.828 10.789 10.833 10.816 10.768    0.031 0.046 0.031 0.036 0.042  A 151873
   3581.88196 10.894 10.910 10.905 10.874 10.834    0.021 0.034 0.024 0.023 0.025  A 152532
   3586.87433 10.968 11.045 10.991 10.905 10.865    0.037 0.085 0.044 0.037 0.037  B 153429
   3589.76938 10.958 10.928 10.947 10.928 10.858    0.027 0.060 0.031 0.029 0.031  A 153887
   3591.89486 10.958 11.055 10.986 10.932 10.875    0.034 0.077 0.041 0.035 0.037  A 154271
   3595.76105 10.933 10.911 10.934 10.906 10.863    0.044 0.058 0.043 0.053 0.064  B 154868
   3597.77910 10.933 10.950 10.942 10.924 10.879    0.027 0.043 0.028 0.030 0.033  A 155176
   3619.69495 10.835 10.886 10.844 10.829 10.802    0.030 0.049 0.031 0.033 0.038  A 157445
   3621.85093 10.776 10.833 10.800 10.754 10.709    0.035 0.056 0.039 0.040 0.044  A 157811
   3624.76595 10.833 10.837 10.853 10.816 10.770    0.026 0.034 0.031 0.028 0.031  A 158088
   3626.76147 10.845 10.861 10.853 10.829 10.791    0.045 0.047 0.047 0.050 0.056  A 158360
   3632.69363 10.902 10.921 10.918 10.878 10.854    0.033 0.048 0.034 0.041 0.047  A 159116
   3634.71632 10.920 10.854 10.922 10.925 10.892    0.036 0.078 0.040 0.040 0.044  B 159400
   3636.81969 10.934 10.873 10.934 10.918 10.826    0.037 0.047 0.039 0.043 0.053  A 159643
   3639.62910 10.916 10.881 10.916 10.900 10.823    0.027 0.060 0.033 0.027 0.030  A 159933
   3642.64681 10.939 10.929 10.944 10.922 10.894    0.025 0.030 0.031 0.026 0.029  A 160318
   3644.67365 10.937 10.958 10.932 10.914 10.846    0.036 0.053 0.037 0.038 0.043  A 160619
   3648.63751 10.905 10.955 10.919 10.877 10.859    0.038 0.060 0.040 0.041 0.045  A 161030
   3650.69926 10.897 10.933 10.910 10.862 10.824    0.023 0.037 0.029 0.025 0.028  A 161331
   3652.68818 10.896 10.927 10.899 10.893 10.850    0.031 0.052 0.034 0.035 0.039  A 161620
   3654.63187 10.873 10.949 10.894 10.829 10.809    0.038 0.090 0.045 0.040 0.042  B 161877
   3660.60964 10.903 10.780 10.888 10.903 10.833    0.043 0.083 0.047 0.048 0.054  B 162773
   3662.63864 10.903 10.781 10.892 10.923 10.876    0.047 0.090 0.049 0.054 0.063  B 163064
   3664.66994 11.002 11.022 11.015 10.972 10.933    0.029 0.049 0.030 0.031 0.035  A 163365
   3666.70274 11.044 10.976 11.035 11.022 10.954    0.031 0.054 0.034 0.035 0.040  A 163675
   3670.57146 11.085 11.037 11.079 11.073 10.974    0.027 0.047 0.032 0.028 0.029  A 164091
   3672.66009 11.122 11.151 11.125 11.096 11.045    0.026 0.054 0.031 0.028 0.031  A 164406
   3675.57361 11.132 11.097 11.124 11.132 11.047    0.036 0.075 0.042 0.038 0.040  A 164811
   3677.69118 99.999 99.999 99.999 99.999 99.999    0.028 0.057 0.032 0.030 0.033  C 165132
   3701.57561 11.209 11.213 11.208 11.198 11.157    0.038 0.073 0.039 0.042 0.049  A 168154
   3704.56752 11.235 11.198 11.238 11.223 11.127    0.034 0.066 0.037 0.036 0.039  A 168545
   3707.55028 11.314 11.333 11.330 11.282 11.222    0.028 0.071 0.035 0.030 0.033  A 168951
   3714.53600 11.371 11.375 11.373 11.357 11.187    0.039 0.090 0.043 0.043 0.047  B 169655
   3716.58826 11.461 11.478 11.482 11.432 11.339    0.032 0.054 0.034 0.036 0.041  A 169930
   3720.54293 11.525 11.563 11.530 11.483 11.444    0.035 0.075 0.037 0.039 0.043  A 170405
   3724.53621 11.536 11.561 11.536 11.547 11.426    0.039 0.088 0.045 0.042 0.047  B 170840
   3727.53898 11.428 11.482 11.447 11.394 11.342    0.035 0.072 0.039 0.037 0.041  A 171240
   3731.53714 11.320 11.296 11.325 11.284 11.203    0.033 0.063 0.035 0.038 0.041  A 171651
   3735.53852 11.181 11.195 11.182 11.149 11.036    0.037 0.071 0.040 0.041 0.046  A 172178
   3866.91746 10.976 11.003 10.985 10.968 10.887    0.028 0.037 0.026 0.033 0.037  A 189976
   3883.93080 11.023 11.002 11.019 11.005 10.943    0.034 0.042 0.032 0.041 0.049  A 192362
   3898.89974 10.826 10.844 10.826 10.804 10.741    0.029 0.030 0.028 0.033 0.039  A 194441
   3905.93972 10.882 10.804 10.899 10.855 10.750    0.034 0.075 0.039 0.039 0.043  A 195704
   3912.90036 10.947 10.973 10.957 10.929 10.860    0.026 0.037 0.025 0.029 0.032  A 196835
   4089.55851 99.999 99.999 99.999 99.999 99.999    0.030 0.065 0.035 0.032 0.035  C 209103
   4092.54331 11.009 10.867 10.987 11.002 10.917    0.057 0.158 0.063 0.062 0.066  D 209482
   4300.79978 10.917 10.917 10.909 10.916 10.889    0.043 0.050 0.045 0.045 0.049  A 232338
   4308.78950 11.071 11.071 11.051 11.026 10.952    0.043 0.045 0.042 0.054 0.065  B 233701
   4310.79848 10.987 11.006 10.979 10.978 10.895    0.048 0.044 0.046 0.053 0.059  A 233950
   4336.72835 10.729 10.740 10.732 10.699 10.659    0.033 0.038 0.038 0.037 0.040  A 236232
   4339.70992 10.760 10.748 10.754 10.748 10.732    0.030 0.035 0.033 0.034 0.039  A 236613
   4343.74249 10.830 10.874 10.840 10.802 10.767    0.073 0.080 0.070 0.079 0.084  D 237313
   4345.74577 10.785 10.791 10.797 10.765 10.716    0.056 0.050 0.052 0.060 0.062  B 237640
   4349.75530 10.840 10.808 10.835 10.825 10.760    0.037 0.071 0.043 0.040 0.045  A 238330
   4351.78100 10.919 10.899 10.896 10.921 10.890    0.051 0.058 0.048 0.062 0.074  B 238645
   4354.67843 10.889 10.875 10.894 10.873 10.820    0.025 0.033 0.029 0.027 0.030  A 239011
   4363.66882 10.816 10.827 10.799 10.805 10.772    0.027 0.032 0.032 0.029 0.033  A 240349
   4365.65836 10.767 10.761 10.769 10.747 10.729    0.027 0.035 0.032 0.029 0.032  A 240656
   4372.67704 10.727 10.771 10.741 10.712 10.694    0.041 0.068 0.042 0.047 0.053  A 241644
   4375.67341 10.730 10.717 10.746 10.699 10.671    0.034 0.047 0.037 0.039 0.046  A 241970
   4377.73326 10.731 10.763 10.729 10.701 10.657    0.043 0.059 0.043 0.049 0.054  A 242291
   4379.77569 10.782 10.752 10.788 10.768 10.732    0.033 0.060 0.039 0.034 0.038  A 242618
   4382.59065 10.785 10.787 10.785 10.767 10.754    0.025 0.031 0.031 0.026 0.028  A 243007
   4384.61609 10.775 10.768 10.800 10.756 10.726    0.033 0.047 0.039 0.035 0.039  A 243321
   4386.64363 10.800 10.821 10.788 10.793 10.757    0.032 0.043 0.039 0.033 0.035  A 243652
   4388.62360 10.826 10.808 10.828 10.810 10.770    0.030 0.043 0.035 0.033 0.038  A 243958
   4392.60077 10.830 10.915 10.842 10.815 10.790    0.041 0.076 0.045 0.046 0.051  A 244504
   4399.66134 10.794 10.684 10.791 10.799 10.757    0.045 0.079 0.047 0.052 0.060  B 244840
   4402.66214 10.800 10.758 10.784 10.805 10.752    0.036 0.063 0.039 0.039 0.044  A 245121
   4406.63836 10.762 10.785 10.779 10.749 10.736    0.039 0.059 0.044 0.041 0.044  A 245431
   4408.66571 10.758 10.776 10.793 10.730 10.708    0.037 0.056 0.041 0.040 0.043  A 245738
   4411.63313 10.743 10.737 10.729 10.739 10.674    0.036 0.055 0.039 0.039 0.041  A 246094
   4420.53965 10.732 10.669 10.749 10.712 10.665    0.047 0.075 0.051 0.051 0.056  A 246426
   4425.63894 10.823 10.850 10.833 10.796 10.733    0.040 0.047 0.039 0.046 0.055  A 246866
   4428.55719 10.917 10.966 10.923 10.897 10.838    0.043 0.073 0.044 0.050 0.058  A 247149
   4430.61777 10.921 10.939 10.916 10.919 10.853    0.039 0.065 0.041 0.045 0.052  A 247405
   4433.58058 11.225 11.276 11.217 11.219 11.120    0.032 0.063 0.038 0.034 0.036  A 247774
   4435.61427 10.945 10.938 10.932 10.938 10.887    0.027 0.042 0.031 0.030 0.033  A 248025
   4438.59753 11.106 11.222 11.107 11.092 11.026    0.033 0.039 0.035 0.038 0.043  A 248391
   4441.57538 10.909 10.878 10.926 10.888 10.850    0.042 0.094 0.058 0.043 0.037  B 248759
   4444.58159 10.878 10.878 10.907 10.853 10.808    0.035 0.044 0.038 0.037 0.040  A 249066
   4453.54372 10.879 10.899 10.863 10.876 10.837    0.034 0.044 0.035 0.039 0.044  A 250093
   4457.54222 10.965 11.052 11.021 10.916 10.872    0.039 0.068 0.042 0.044 0.050  A 250534
   4460.55157 10.922 10.862 10.896 10.948 10.890    0.064 0.073 0.057 0.081 0.099  D 250884
   4463.53336 10.956 10.919 10.960 10.945 10.909    0.029 0.044 0.033 0.032 0.036  A 251273
   4466.54283 10.938 10.921 10.944 10.919 10.874    0.035 0.038 0.034 0.038 0.045  A 251612
   4469.53424 11.028 10.958 11.019 11.034 10.988    0.036 0.062 0.040 0.041 0.046  A 251946
#ndata= 2
#dataset= 3 ; 1 F2256+08_421
#desig= 232017+0249.9
#cra=   23.338050  23:20:17.0
#cdec=   2.831644 02:49:53.9
#class= 0
#cmag_0= 11.033
#cmer_0=  0.101
#nskip_0= 0
#cmag_1= 11.058
#cmer_1=  0.065
#nskip_1= 0
#cmag_2= 10.993
#cmer_2=  0.061
#nskip_2= 0
#cmag_3= 10.908
#cmer_3=  0.053
#nskip_3= 0
#cmag_4= 10.814
#cmer_4=  0.053
#nskip_4= 0
#ra=   23.338050  23:20:17.0
#dec=   2.831644 02:49:53.9
#     HJD      MAG_2  MAG_0  MAG_1  MAG_3  MAG_4    MER_2 MER_0 MER_1 MER_3 MER_4 GRADE FRAME
   2233.56615 11.038 11.105 11.106 10.947 10.854    0.047 0.066 0.062 0.045 0.045  B 40604
   2243.54080 10.950 10.962 11.012 10.871 10.777    0.046 0.063 0.055 0.049 0.049  A 42014
#ndata= 90
#dataset= 4 ; 1 F2328+08_422
#desig= 232017+0250.0
#cra=   23.337992  23:20:16.8
#cdec=   2.832758 02:49:57.9
#class= 0
#cmag_0= 10.896
#cmer_0=  0.088
#nskip_0= 0
#cmag_1= 10.949
#cmer_1=  0.090
#nskip_1= 0
#cmag_2= 10.934
#cmer_2=  0.083
#nskip_2= 0
#cmag_3= 10.874
#cmer_3=  0.079
#nskip_3= 0
#cmag_4= 10.796
#cmer_4=  0.078
#nskip_4= 1
#ra=   23.337992  23:20:16.8
#dec=   2.832758 02:49:57.9
#     HJD      MAG_2  MAG_0  MAG_1  MAG_3  MAG_4    MER_2 MER_0 MER_1 MER_3 MER_4 GRADE FRAME
   2250.54299 10.902 10.880 10.914 10.835 10.766    0.038 0.056 0.046 0.041 0.039  A 42814
   2254.52855 10.949 10.907 10.958 10.884 10.807    0.040 0.054 0.048 0.046 0.044  A 43423
   2258.53268 10.981 10.937 11.014 10.897 10.815    0.054 0.068 0.065 0.054 0.051  B 44065
   3359.54103 11.056 10.947 11.076 11.000 10.913    0.043 0.093 0.051 0.044 0.047  B 124778
   3363.54229 11.114 11.122 11.152 11.013 10.949    0.043 0.064 0.046 0.048 0.054  A 124920
   3512.91362 10.861 10.826 10.863 10.811 10.711    0.034 0.041 0.036 0.037 0.039  A 143953
   3524.90903 10.883 10.845 10.884 10.821 10.771    0.044 0.044 0.045 0.048 0.053  A 145432
   3528.93772 10.893 10.857 10.915 10.840 10.766    0.030 0.038 0.034 0.033 0.036  A 146108
   3551.89588 10.966 10.893 10.977 10.915 10.814    0.029 0.040 0.029 0.032 0.036  A 148397
   3554.88066 10.959 10.953 10.987 10.875 10.815    0.031 0.036 0.035 0.035 0.040  A 148839
   3561.84382 10.846 10.838 10.862 10.806 10.744    0.029 0.045 0.030 0.031 0.032  A 149812
   3564.81528 10.834 10.762 10.850 10.792 10.703    0.027 0.042 0.033 0.028 0.030  A 150306
   3569.85664 10.810 10.814 10.828 10.751 10.721    0.028 0.032 0.031 0.030 0.033  A 150647
   3571.87260 10.849 10.797 10.877 10.795 10.713    0.028 0.030 0.032 0.030 0.034  A 150981
   3574.81085 10.880 10.821 10.904 10.824 10.755    0.030 0.034 0.035 0.032 0.037  A 151346
   3577.84226 11.071 10.991 11.067 11.023 10.948    0.035 0.052 0.037 0.039 0.042  A 151874
   3587.75471 10.992 10.954 10.991 10.938 10.829    0.030 0.051 0.035 0.033 0.035  A 153563
   3590.75837 29.999 29.999 29.999 29.999 29.999    0.028 0.041 0.030 0.030 0.032  C 154053
   3592.80494 10.942 10.879 10.970 10.888 10.816    0.038 0.080 0.042 0.042 0.044  B 154416
   3596.76045 10.934 10.806 10.894 10.897 10.777    0.035 0.079 0.043 0.035 0.036  B 155004
   3617.71440 10.847 10.812 10.876 10.779 10.695    0.043 0.040 0.044 0.046 0.051  A 157159
   3619.84338 29.999 29.999 29.999 29.999 29.999    0.043 0.074 0.046 0.046 0.048  C 157496
   3622.68311 10.833 10.792 10.863 10.775 10.695    0.027 0.035 0.030 0.029 0.030  A 157917
   3628.69171 10.919 10.860 10.927 10.865 10.822    0.028 0.035 0.034 0.030 0.033  A 158468
   3634.72181 29.999 29.999 29.999 29.999 29.999    0.035 0.046 0.036 0.041 0.047  C 159402
   3637.70537 10.964 10.896 10.977 10.903 10.815    0.031 0.034 0.037 0.032 0.035  A 159732
   3639.79413 10.998 10.991 11.047 10.939 10.867    0.030 0.044 0.040 0.032 0.034  A 159989
   3642.68005 10.998 10.950 10.976 10.943 10.855    0.029 0.037 0.038 0.029 0.030  A 160330
   3644.74454 11.017 10.968 11.016 10.969 10.889    0.041 0.056 0.041 0.045 0.049  A 160642
   3648.63420 29.999 29.999 29.999 29.999 29.999    0.072 0.077 0.074 0.076 0.081  D 161029
   3650.69415 10.907 10.897 10.915 10.874 10.796    0.025 0.037 0.030 0.025 0.027  A 161329
   3666.72295 11.077 11.019 11.068 11.016 10.952    0.033 0.054 0.037 0.036 0.039  A 163682
   3670.56906 29.999 29.999 29.999 29.999 29.999    0.024 0.029 0.027 0.027 0.028  C 164090
   3672.65778 11.141 11.118 11.131 11.114 10.998    0.031 0.063 0.037 0.030 0.032  A 164405
   3677.68504 29.999 29.999 29.999 29.999 29.999    0.032 0.071 0.039 0.032 0.034  C 165130
   3867.92505 11.086 11.010 11.097 11.037 10.979    0.035 0.038 0.035 0.039 0.044  A 190122
   3872.91136 10.989 10.953 11.020 10.923 10.837    0.040 0.051 0.039 0.046 0.049  A 191026
   3889.89005 10.984 10.936 11.010 10.920 10.856    0.030 0.036 0.036 0.031 0.034  A 193075
   3892.91385 10.922 10.899 10.948 10.855 10.768    0.028 0.038 0.031 0.030 0.033  A 193619
   3898.93616 10.893 10.864 10.912 10.833 10.751    0.032 0.038 0.031 0.037 0.042  A 194454
   3902.88540 10.933 10.953 10.965 10.867 10.804    0.030 0.044 0.031 0.035 0.039  A 195118
   3906.93128 10.981 11.002 11.014 10.917 10.854    0.032 0.059 0.036 0.033 0.036  A 195893
   3909.88303 29.999 29.999 29.999 29.999 29.999    0.029 0.038 0.029 0.033 0.035  C 196458
   3913.88357 29.999 29.999 29.999 29.999 29.999    0.035 0.086 0.040 0.037 0.039  C 197020
   4256.89897 10.935 10.922 10.962 10.861 10.809    0.038 0.042 0.041 0.043 0.050  A 227343
   4268.91704 10.994 10.958 11.026 10.915 10.854    0.047 0.050 0.050 0.048 0.051  A 228079
   4272.93276 10.973 10.931 10.967 10.908 10.817    0.061 0.070 0.066 0.065 0.073  B 228479
   4278.83139 99.999 99.999 99.999 99.999 99.999    0.059 0.053 0.058 0.063 0.067  C 229217
   4284.84748 11.012 11.005 11.035 10.946 10.883    0.032 0.045 0.038 0.034 0.038  A 229877
   4289.88976 10.948 10.882 10.977 10.877 10.777    0.036 0.046 0.041 0.039 0.046  A 230426
   4292.83582 10.897 10.909 10.918 10.830 10.746    0.028 0.036 0.036 0.029 0.030  A 230943
   4295.82020 10.899 10.890 10.921 10.833 10.742    0.031 0.048 0.039 0.031 0.035  A 231457
   4297.85677 10.921 10.839 10.900 10.866 10.754    0.040 0.056 0.044 0.045 0.051  A 231822
   4300.81255 10.999 10.933 11.003 10.957 10.865    0.042 0.057 0.047 0.045 0.050  A 232342
   4302.85340 11.046 11.017 11.068 10.999 10.955    0.041 0.049 0.045 0.048 0.056  A 232670
   4304.80461 11.067 11.063 11.106 10.964 10.890    0.045 0.048 0.049 0.047 0.050  A 233013
   4306.79663 11.030 10.997 11.070 10.946 10.876    0.051 0.051 0.053 0.053 0.055  A 233374
   4308.79906 11.082 10.999 11.087 11.026 10.943    0.042 0.045 0.043 0.050 0.058  A 233704
   4310.80548 11.054 11.004 11.054 11.011 10.915    0.029 0.037 0.035 0.031 0.035  A 233953
   4312.80140 11.030 11.054 11.069 10.934 10.858    0.047 0.052 0.046 0.058 0.068  B 234280
   4316.81518 10.988 10.932 11.020 10.909 10.807    0.076 0.056 0.061 0.092 0.101  D 234704
   4319.79467 11.025 10.965 11.047 10.969 10.890    0.029 0.042 0.036 0.031 0.034  A 235038
   4331.76038 10.823 10.788 10.844 10.762 10.711    0.027 0.035 0.033 0.027 0.028  A 235539
   4333.73617 10.682 10.718 10.718 10.611 10.525    0.070 0.055 0.061 0.097 0.118  D 235890
   4336.73543 99.999 10.759 10.829 99.999 99.999    0.033 0.038 0.040 0.034 0.035  C 236235
   4339.69989 10.787 10.783 10.802 10.713 10.616    0.061 0.059 0.058 0.067 0.072  B 236610
   4343.74476 10.977 10.841 10.981 10.908 10.807    0.072 0.077 0.068 0.075 0.079  D 237314
   4345.74963 10.820 10.767 10.827 10.764 10.701    0.072 0.087 0.074 0.077 0.079  D 237641
   4347.74876 10.881 10.900 10.901 10.827 10.770    0.040 0.052 0.041 0.043 0.045  A 237994
   4349.76634 10.907 10.923 10.925 10.845 10.803    0.032 0.049 0.035 0.034 0.037  A 238334
   4351.78330 10.908 10.838 10.920 10.839 10.753    0.051 0.055 0.050 0.060 0.070  B 238646
   4354.68319 10.916 10.973 10.956 10.832 10.779    0.037 0.047 0.044 0.038 0.041  A 239013
   4356.73831 10.928 10.885 10.927 10.866 10.750    0.030 0.037 0.034 0.031 0.035  A 239378
   4359.65656 10.936 10.915 10.962 10.856 10.771    0.033 0.042 0.037 0.036 0.041  A 239804
   4361.76238 10.893 10.873 10.879 10.831 10.752    0.028 0.036 0.035 0.027 0.029  A 240066
   4363.67809 10.872 10.792 10.865 10.832 10.742    0.027 0.036 0.033 0.028 0.031  A 240352
   4365.66933 10.865 10.791 10.859 10.803 10.713    0.030 0.045 0.037 0.031 0.035  A 240660
   4371.66366 29.999 29.999 29.999 29.999 29.999    0.035 0.050 0.038 0.041 0.047  C 241479
   4373.67724 10.774 10.797 10.791 10.727 10.637    0.035 0.065 0.041 0.036 0.039  A 241778
   4376.66805 11.097 11.110 11.126 11.013 10.941    0.030 0.041 0.035 0.032 0.034  A 242132
   4378.70067 10.851 10.843 10.862 10.791 10.731    0.036 0.048 0.038 0.039 0.046  A 242440
   4380.72339 10.840 10.797 10.844 10.793 10.709    0.037 0.051 0.040 0.040 0.044  A 242748
   4382.74908 10.849 10.775 10.852 10.809 10.707    0.030 0.040 0.038 0.030 0.034  A 243061
   4385.59499 10.865 10.808 10.876 10.815 10.747    0.026 0.034 0.034 0.027 0.028  A 243475
   4387.62057 10.837 10.738 10.830 10.805 10.728    0.030 0.052 0.038 0.031 0.031  A 243801
   4389.60782 10.831 10.806 10.862 10.773 10.713    0.035 0.045 0.039 0.037 0.042  A 244096
   4399.71252 29.999 29.999 29.999 29.999 29.999    0.044 0.057 0.044 0.050 0.058  C 244857
   4413.56283 10.775 10.838 10.799 10.716 10.665    0.033 0.057 0.042 0.034 0.037  A 246222
   4420.55881 29.999 29.999 29.999 29.999 29.999    0.041 0.067 0.045 0.044 0.048  C 246433
   4429.57131 29.999 29.999 29.999 29.999 29.999    0.035 0.057 0.040 0.038 0.043  C 247277
