#ndata= 1
#dataset= 1 ; 1 F0240+00_338
#desig= 031526+0337.0
#cra=    3.257351  03:15:26.5
#cdec=   3.617097 03:37:01.5
#class= 0
#cmag_0= 12.928
#cmer_0=  0.000
#nskip_0= 0
#cmag_1= 12.900
#cmer_1=  0.000
#nskip_1= 0
#cmag_2= 12.881
#cmer_2=  0.000
#nskip_2= 0
#cmag_3= 12.861
#cmer_3=  0.000
#nskip_3= 0
#cmag_4= 12.983
#cmer_4=  0.000
#nskip_4= 0
#ra=    3.257351  03:15:26.5
#dec=   3.617097 03:37:01.5
#     HJD      MAG_0  MAG_1  MAG_2  MAG_3  MAG_4    MER_0 MER_1 MER_2 MER_3 MER_4 GRADE FRAME
   2628.58206 12.929 12.901 12.882 12.862 12.984    0.037 0.031 0.029 0.033 0.039  A 30696
#ndata= 151
#dataset= 2 ; 1 F0312+00_339
#desig= 031527+0337.1
#cra=    3.257374  03:15:26.5
#cdec=   3.617713 03:37:03.8
#class= 0
#cmag_0= 12.865
#cmer_0=  0.136
#nskip_0= 0
#cmag_1= 12.879
#cmer_1=  0.134
#nskip_1= 0
#cmag_2= 12.895
#cmer_2=  0.147
#nskip_2= 0
#cmag_3= 12.915
#cmer_3=  0.165
#nskip_3= 1
#cmag_4= 12.945
#cmer_4=  0.194
#nskip_4= 1
#ra=    3.257374  03:15:26.5
#dec=   3.617713 03:37:03.8
#     HJD      MAG_0  MAG_1  MAG_2  MAG_3  MAG_4    MER_0 MER_1 MER_2 MER_3 MER_4 GRADE FRAME
   1930.54458 13.021 13.020 12.946 12.879 12.816    0.043 0.034 0.031 0.036 0.043  A 7053
   1933.54121 13.036 13.071 13.085 13.068 13.014    0.041 0.028 0.021 0.022 0.024  A 7549
   1937.54946 12.966 12.975 12.911 12.874 12.845    0.039 0.026 0.019 0.021 0.023  A 8115
   1948.52764 12.829 12.861 12.795 12.766 12.764    0.040 0.030 0.026 0.029 0.032  A 9016
   1964.51541 29.999 29.999 29.999 29.999 29.999    0.046 0.041 0.032 0.032 0.030  C 10939
   2082.93423 13.151 13.127 13.153 13.189 13.176    0.064 0.032 0.027 0.028 0.031  A 23495
   2094.90843 12.983 12.961 13.025 13.030 13.012    0.084 0.053 0.049 0.051 0.055  B 25119
   2096.89885 12.792 12.756 12.803 12.876 12.936    0.084 0.051 0.045 0.048 0.051  B 25567
   2465.90828 12.806 12.965 13.003 13.084 13.176    0.047 0.044 0.036 0.039 0.030  A 11179
   2467.90955 13.194 13.097 13.154 13.203 13.259    0.029 0.032 0.021 0.020 0.020  A 11617
   2470.91358 12.824 12.897 12.914 12.943 12.984    0.036 0.038 0.032 0.037 0.028  A 12118
   2495.84945 29.999 29.999 29.999 29.999 29.999    0.078 0.072 0.067 0.073 0.069  D 14894
   2498.84678 29.999 29.999 29.999 29.999 29.999    0.042 0.042 0.036 0.040 0.036  C 15529
   2501.87571 29.999 29.999 29.999 29.999 29.999    0.037 0.040 0.034 0.037 0.034  C 16113
   2503.83284 29.999 29.999 29.999 29.999 29.999    0.048 0.047 0.042 0.049 0.043  C 16511
   2520.81365 12.842 12.876 12.922 13.021 13.076    0.058 0.052 0.042 0.043 0.034  A 18275
   2523.83341 12.761 12.772 99.999 99.999 99.999    0.043 0.042 0.040 0.045 0.049  C 18565
   2526.82019 12.612 12.630 12.636 12.670 12.686    0.053 0.050 0.038 0.032 0.029  A 18921
   2529.77927 12.565 12.646 12.707 12.759 12.872    0.066 0.053 0.041 0.044 0.040  A 19139
   2540.70782 12.767 12.765 12.789 12.855 12.881    0.032 0.026 0.023 0.027 0.031  A 19740
   2549.76036 12.828 12.803 12.794 12.800 12.808    0.058 0.045 0.035 0.031 0.028  A 20830
   2553.72924 12.912 12.991 13.057 13.122 13.253    0.042 0.043 0.040 0.046 0.038  A 21362
   2558.71771 12.717 12.739 12.753 12.768 12.824    0.033 0.026 0.019 0.019 0.020  A 22080
   2558.73693 12.718 12.728 12.744 12.759 12.744    0.041 0.034 0.027 0.026 0.026  A 22088
   2566.83259 29.999 29.999 29.999 29.999 29.999    0.067 0.071 0.068 0.073 0.073  D 23532
   2577.80320 12.850 12.878 12.904 12.923 12.899    0.039 0.035 0.023 0.025 0.026  A 24846
   2579.65708 12.936 12.894 12.959 13.005 13.103    0.039 0.039 0.031 0.031 0.028  A 25115
   2620.61247 13.202 13.147 13.155 13.237 13.280    0.061 0.050 0.035 0.033 0.026  A 29458
   2627.58754 12.856 12.887 12.858 12.895 12.920    0.027 0.038 0.030 0.032 0.032  A 30548
   2628.58206 12.904 12.870 12.847 12.852 12.981    0.039 0.030 0.028 0.030 0.033  A 30696
   2629.59000 12.768 12.864 12.876 12.859 12.900    0.035 0.033 0.029 0.029 0.030  A 30852
   2634.64990 12.863 12.882 12.880 12.887 12.877    0.035 0.029 0.021 0.020 0.021  A 32081
   2636.68542 13.077 13.055 13.077 13.089 13.093    0.037 0.030 0.021 0.022 0.024  A 32390
   2638.67440 12.915 12.881 12.857 12.886 12.894    0.047 0.046 0.026 0.027 0.025  A 32686
   2640.67227 12.715 12.745 12.698 12.670 12.662    0.040 0.029 0.021 0.023 0.026  A 32995
   2642.66998 12.708 12.690 12.689 12.660 12.656    0.036 0.027 0.020 0.021 0.022  A 33279
   2644.66575 12.818 12.761 12.812 12.834 12.777    0.045 0.027 0.021 0.023 0.024  A 33582
   2646.64501 12.958 12.966 12.999 13.022 13.018    0.035 0.029 0.020 0.020 0.023  A 33875
   2653.53999 12.781 12.842 12.868 12.840 12.866    0.038 0.039 0.029 0.028 0.028  A 34701
   2655.57409 12.694 12.744 12.765 12.807 12.908    0.039 0.028 0.025 0.025 0.028  A 35205
   2658.58456 12.847 12.825 12.872 12.935 13.039    0.038 0.031 0.023 0.025 0.028  A 35576
   2662.58830 12.766 12.753 12.743 12.754 12.772    0.049 0.049 0.028 0.031 0.024  A 36259
   2664.58423 12.676 12.685 12.718 12.715 12.673    0.037 0.028 0.023 0.024 0.027  A 36601
   2666.58154 12.919 12.952 12.993 13.035 13.052    0.029 0.033 0.021 0.023 0.025  A 36927
   2668.58715 13.055 13.073 13.007 12.943 12.909    0.034 0.030 0.020 0.021 0.023  A 37252
   2670.58247 12.820 12.781 12.783 12.790 12.855    0.040 0.028 0.020 0.021 0.022  A 37566
   2672.58530 12.793 12.865 12.904 12.922 12.946    0.042 0.033 0.022 0.022 0.023  A 37902
   2674.57293 12.675 12.735 12.758 12.756 12.718    0.042 0.034 0.022 0.023 0.024  A 38240
   2681.52412 12.954 12.956 12.927 12.833 12.802    0.038 0.033 0.024 0.026 0.029  A 39410
   2683.54368 13.083 13.056 13.024 12.967 12.944    0.035 0.041 0.030 0.031 0.032  A 39775
   2685.55326 12.942 12.886 12.878 12.906 12.920    0.038 0.026 0.024 0.030 0.035  A 40142
   2690.52205 12.982 12.989 12.985 12.970 12.870    0.039 0.024 0.020 0.022 0.024  A 41046
   2692.52212 12.913 12.888 12.876 12.878 12.833    0.050 0.025 0.022 0.023 0.025  A 41396
   2694.53071 12.768 12.756 12.768 12.760 12.770    0.029 0.023 0.020 0.021 0.024  A 41724
   2696.53067 12.719 12.700 12.722 12.738 12.785    0.027 0.020 0.018 0.020 0.023  A 42056
   2698.52715 12.661 12.702 12.675 12.646 12.632    0.028 0.021 0.019 0.021 0.023  A 42463
   2700.53406 12.892 12.923 12.973 12.999 12.988    0.028 0.021 0.020 0.021 0.024  A 42853
   2703.50558 12.800 12.766 12.796 12.816 12.784    0.034 0.027 0.024 0.025 0.028  A 43413
   2713.49471 12.630 12.636 12.676 12.647 12.806    0.043 0.039 0.044 0.053 0.061  B 45260
   2830.93161 12.985 12.985 12.964 12.949 12.963    0.026 0.028 0.021 0.021 0.022  A 62631
   2836.91242 29.999 29.999 29.999 29.999 29.999    0.037 0.036 0.034 0.041 0.047  C 63793
   2839.91923 29.999 29.999 29.999 29.999 29.999    0.067 0.068 0.069 0.073 0.078  D 64229
   2853.91375 29.999 29.999 29.999 29.999 29.999    0.033 0.033 0.028 0.028 0.030  C 65778
   2858.88690 12.705 12.701 12.722 12.755 12.738    0.026 0.030 0.023 0.024 0.025  A 66428
   2860.89234 12.711 12.764 12.808 12.857 12.851    0.027 0.028 0.023 0.025 0.028  A 66859
   2862.88091 29.999 29.999 29.999 29.999 29.999    0.031 0.030 0.025 0.028 0.032  C 67269
   2867.83318 12.859 12.888 12.858 12.913 12.918    0.024 0.027 0.022 0.024 0.025  A 67845
   2871.92668 12.941 12.867 12.919 13.022 13.095    0.034 0.028 0.023 0.027 0.031  A 68073
   2875.87310 12.737 12.835 12.848 12.868 12.887    0.026 0.027 0.019 0.020 0.022  A 68651
   2883.86272 13.008 13.106 13.059 13.023 13.029    0.031 0.024 0.018 0.018 0.020  A 69717
   2885.82449 12.821 12.845 12.878 12.891 12.914    0.034 0.033 0.025 0.027 0.027  A 70106
   2892.85765 12.953 12.940 12.954 12.962 13.046    0.032 0.028 0.025 0.027 0.029  A 70770
   2894.80641 12.661 12.741 12.750 12.763 12.782    0.029 0.026 0.021 0.022 0.026  A 71144
   2902.80908 12.840 12.804 12.840 12.900 12.908    0.048 0.024 0.021 0.023 0.024  A 72584
   2905.78879 12.996 12.954 12.967 12.956 12.962    0.025 0.027 0.020 0.022 0.023  A 73044
   2908.78179 12.959 12.961 12.971 12.967 12.946    0.024 0.025 0.020 0.020 0.022  A 73471
   2910.80536 12.973 12.981 13.073 13.148 13.214    0.028 0.030 0.021 0.021 0.022  A 73794
   2915.79537 12.900 12.935 12.902 12.890 12.915    0.026 0.025 0.018 0.019 0.022  A 74452
   2917.73181 12.868 12.870 12.860 12.897 12.930    0.031 0.025 0.022 0.025 0.029  A 74803
   2920.82199 29.999 29.999 29.999 29.999 29.999    0.074 0.077 0.082 0.098 0.121  D 75004
   2922.72895 12.599 12.636 12.595 12.538 12.566    0.038 0.034 0.029 0.033 0.040  A 75307
   2926.77370 12.890 12.838 12.840 12.828 12.808    0.044 0.029 0.028 0.031 0.035  A 75873
   2930.75927 12.909 12.932 12.944 12.943 12.973    0.037 0.021 0.018 0.019 0.021  A 76589
   2932.75334 12.949 12.985 13.042 13.088 13.045    0.030 0.023 0.019 0.020 0.022  A 76943
   2934.74834 12.892 12.954 12.986 12.958 13.014    0.028 0.031 0.024 0.025 0.027  A 77295
   2937.69730 12.954 12.880 12.892 12.887 12.929    0.038 0.028 0.021 0.024 0.027  A 77727
   2940.72196 12.788 12.765 12.746 12.781 12.854    0.031 0.025 0.019 0.021 0.022  A 78037
   2942.70593 13.037 12.946 12.980 13.025 13.123    0.055 0.028 0.021 0.020 0.023  A 78229
   2944.70363 12.897 12.975 13.018 12.994 12.875    0.058 0.040 0.025 0.023 0.026  A 78553
   2948.74919 12.856 12.837 12.769 12.705 12.686    0.038 0.025 0.024 0.027 0.032  A 79156
   2953.70018 12.816 12.952 12.893 12.843 12.871    0.035 0.037 0.037 0.046 0.053  A 79854
   2955.70431 12.570 12.617 12.621 12.669 12.709    0.025 0.029 0.023 0.026 0.029  A 80111
   2957.69814 12.742 12.806 12.840 12.865 12.950    0.029 0.024 0.020 0.023 0.026  A 80399
   2961.76181 12.859 12.882 12.893 12.896 12.907    0.027 0.025 0.022 0.025 0.027  A 80966
   2963.72426 12.981 12.982 12.897 12.843 12.855    0.028 0.027 0.021 0.024 0.026  A 81232
   2965.75409 13.033 12.983 13.027 13.103 13.148    0.029 0.026 0.021 0.023 0.026  A 81530
   2967.74011 12.734 12.776 12.814 12.843 12.812    0.043 0.040 0.041 0.042 0.045  A 81808
   2969.66405 12.814 12.860 12.895 12.911 12.908    0.026 0.028 0.023 0.027 0.032  A 82060
   2971.77533 12.820 12.831 12.851 12.881 12.922    0.036 0.030 0.025 0.027 0.030  A 82299
   2974.59649 12.994 13.095 13.181 13.320 13.478    0.030 0.025 0.022 0.025 0.028  A 82565
   2976.62679 12.914 12.944 12.944 12.979 13.078    0.042 0.043 0.037 0.041 0.044  A 82846
   2980.71555 12.871 12.868 12.894 12.972 12.990    0.029 0.027 0.027 0.032 0.038  A 83406
   2982.72667 13.101 13.216 13.334 13.420 13.445    0.035 0.032 0.035 0.043 0.049  A 83682
   2984.76383 13.037 13.037 13.016 13.002 13.015    0.032 0.031 0.031 0.036 0.043  A 83953
   2987.56442 12.888 12.896 12.944 12.990 13.034    0.032 0.035 0.025 0.027 0.031  A 84277
   2989.65423 12.758 12.814 13.003 13.288 13.603    0.063 0.054 0.051 0.055 0.061  B 84528
   2991.68276 12.870 12.873 12.893 12.914 13.008    0.025 0.023 0.022 0.024 0.028  A 84796
   2993.69811 12.651 12.659 12.669 12.665 12.649    0.029 0.026 0.023 0.027 0.030  A 85079
   2996.60680 12.812 12.820 12.830 12.854 12.881    0.039 0.031 0.029 0.032 0.034  A 85431
   2998.61558 12.789 12.842 12.837 12.884 12.902    0.029 0.024 0.022 0.024 0.027  A 85710
   3001.59048 12.829 12.759 12.818 12.874 13.059    0.034 0.023 0.020 0.022 0.025  A 85969
   3008.57727 29.999 29.999 29.999 29.999 29.999    0.037 0.036 0.037 0.046 0.054  C 86817
   3010.61604 12.945 12.976 13.082 13.252 13.349    0.034 0.029 0.029 0.034 0.039  A 87101
   3012.61311 29.999 29.999 29.999 29.999 29.999    0.061 0.061 0.069 0.087 0.105  D 87364
   3015.62149 12.838 12.864 12.874 12.885 12.968    0.035 0.030 0.029 0.034 0.040  A 87614
   3017.63157 12.758 12.762 12.869 12.973 13.094    0.037 0.027 0.022 0.025 0.028  A 87872
   3019.62459 12.976 13.057 13.104 13.160 13.181    0.032 0.025 0.021 0.025 0.028  A 88135
   3023.62498 12.781 12.753 12.756 12.748 12.758    0.028 0.025 0.021 0.023 0.027  A 88291
   3028.62030 12.845 12.960 13.000 13.015 13.018    0.037 0.025 0.021 0.024 0.027  A 88557
   3035.53839 12.728 12.683 12.673 12.637 12.574    0.039 0.035 0.040 0.043 0.046  A 89216
   3039.54831 13.085 13.122 13.107 13.118 13.221    0.030 0.029 0.027 0.032 0.037  A 89520
   3042.58352 12.998 13.046 13.118 13.131 13.120    0.035 0.032 0.029 0.034 0.040  A 89775
   3045.56359 12.727 12.747 12.721 12.674 12.642    0.032 0.026 0.024 0.026 0.030  A 90168
   3048.55401 13.059 13.013 13.085 13.208 13.324    0.028 0.027 0.027 0.031 0.036  A 90568
   3051.54884 12.965 12.967 12.984 13.049 13.123    0.035 0.035 0.034 0.036 0.040  A 90961
   3054.54282 12.869 12.934 13.005 13.071 13.128    0.029 0.027 0.023 0.027 0.030  A 91371
   3057.53490 12.708 12.737 12.721 12.738 12.801    0.038 0.031 0.028 0.030 0.035  A 91786
   3067.52114 12.638 12.711 12.782 12.896 12.996    0.028 0.029 0.027 0.031 0.037  A 93007
   3071.51281 12.928 13.090 13.304 13.597 13.957    0.037 0.032 0.033 0.039 0.047  A 93587
   3076.49761 29.999 29.999 29.999 29.999 29.999    0.038 0.040 0.040 0.050 0.060  C 94231
   3080.49480 12.921 12.940 12.939 12.949 13.068    0.040 0.041 0.040 0.044 0.048  A 94811
   3269.77858 12.877 12.925 12.973 13.039 13.065    0.032 0.030 0.021 0.020 0.021  A 115689
   3271.77742 13.110 13.057 13.029 13.036 13.098    0.035 0.029 0.023 0.026 0.029  A 115983
   3273.81875 12.921 12.875 12.873 12.846 12.804    0.057 0.056 0.061 0.064 0.067  D 116258
   3281.80400 12.845 12.892 12.910 12.888 12.889    0.051 0.031 0.028 0.033 0.038  A 117241
   3294.76050 12.847 12.785 12.798 12.813 12.811    0.043 0.036 0.025 0.024 0.025  A 118424
   3296.80416 12.868 12.854 12.872 12.905 12.998    0.058 0.051 0.052 0.056 0.058  B 118719
   3355.59327 12.690 12.725 12.732 12.740 12.753    0.055 0.033 0.029 0.031 0.033  A 124349
   3382.64382 12.834 12.876 12.932 12.969 12.979    0.067 0.038 0.036 0.040 0.045  A 125629
   3404.59780 12.917 13.000 13.008 12.986 12.989    0.112 0.055 0.051 0.054 0.058  B 128392
   3406.59653 13.046 12.967 12.918 12.882 12.888    0.086 0.043 0.039 0.043 0.048  B 128706
   3409.55632 13.094 13.067 13.029 13.026 13.119    0.092 0.047 0.039 0.040 0.044  B 129159
   3412.54406 12.883 12.915 12.915 12.922 12.910    0.084 0.038 0.031 0.033 0.036  B 129594
   3417.51834 12.793 12.785 12.794 12.781 12.767    0.075 0.037 0.031 0.034 0.038  A 130385
   3419.54979 12.707 12.710 12.703 12.691 12.727    0.058 0.035 0.030 0.031 0.034  A 130707
   3422.52565 12.683 12.709 12.741 12.722 12.649    0.070 0.046 0.049 0.055 0.061  B 131169
   3427.53629 12.723 12.731 12.745 12.768 12.739    0.053 0.038 0.041 0.045 0.050  A 131973
   3431.51643 13.149 13.214 13.307 13.373 13.386    0.040 0.028 0.029 0.034 0.038  A 132316
   3434.51177 12.969 12.913 12.928 13.046 13.346    0.100 0.053 0.051 0.058 0.068  B 132793
   3438.50417 12.933 12.894 12.863 12.835 12.847    0.054 0.031 0.028 0.030 0.034  A 133143
   3778.53067 12.729 12.701 12.679 12.639 12.623    0.069 0.036 0.034 0.040 0.046  A 178066
#ndata= 5
#dataset= 3 ; 1 F0344+00_340
#desig= 031527+0337.0
#cra=    3.257428  03:15:26.7
#cdec=   3.617353 03:37:02.5
#class= 0
#cmag_0= 12.734
#cmer_0=  0.161
#nskip_0= 0
#cmag_1= 12.750
#cmer_1=  0.163
#nskip_1= 0
#cmag_2= 12.790
#cmer_2=  0.169
#nskip_2= 0
#cmag_3= 12.777
#cmer_3=  0.167
#nskip_3= 0
#cmag_4= 12.825
#cmer_4=  0.175
#nskip_4= 0
#ra=    3.257428  03:15:26.7
#dec=   3.617353 03:37:02.5
#     HJD      MAG_0  MAG_1  MAG_2  MAG_3  MAG_4    MER_0 MER_1 MER_2 MER_3 MER_4 GRADE FRAME
   2465.92380 12.759 12.753 12.819 12.904 12.969    0.038 0.039 0.032 0.036 0.031  A 11186
   2529.77927 12.516 12.640 12.717 12.768 12.895    0.059 0.049 0.039 0.043 0.040  A 19139
   2549.76036 12.796 12.796 12.799 12.807 12.825    0.060 0.049 0.037 0.033 0.030  A 20830
   2558.73693 12.680 12.723 12.757 12.772 12.754    0.042 0.031 0.025 0.024 0.025  A 22088
   3367.65249 99.999 99.999 99.999 99.999 99.999    0.087 0.045 0.039 0.042 0.048  C 125263
#ndata= 147
#dataset= 4 ; 1 F0312+08_384
#desig= 031527+0337.1
#cra=    3.257400  03:15:26.6
#cdec=   3.618351 03:37:06.1
#class= 0
#cmag_0= 12.827
#cmer_0=  0.139
#nskip_0= 1
#cmag_1= 12.852
#cmer_1=  0.137
#nskip_1= 1
#cmag_2= 12.868
#cmer_2=  0.153
#nskip_2= 0
#cmag_3= 12.895
#cmer_3=  0.173
#nskip_3= 0
#cmag_4= 12.909
#cmer_4=  0.197
#nskip_4= 0
#ra=    3.257400  03:15:26.6
#dec=   3.618351 03:37:06.1
#     HJD      MAG_0  MAG_1  MAG_2  MAG_3  MAG_4    MER_0 MER_1 MER_2 MER_3 MER_4 GRADE FRAME
   1955.52620 12.770 12.760 12.833 12.912 12.945    0.057 0.047 0.032 0.029 0.027  A 9981
   3296.80965 12.696 12.691 12.753 12.742 12.720    0.043 0.037 0.027 0.028 0.032  A 118721
   3321.69415 12.910 12.903 12.898 12.892 12.866    0.090 0.047 0.040 0.041 0.044  B 120803
   3326.67747 12.671 12.725 12.718 12.735 12.713    0.095 0.045 0.038 0.039 0.042  B 121117
   3357.59224 12.655 12.689 12.678 12.683 12.670    0.067 0.034 0.030 0.032 0.034  A 124575
   3363.58298 12.788 12.801 12.829 12.890 12.936    0.067 0.044 0.041 0.045 0.051  A 124930
   3366.67157 12.810 12.787 12.820 12.888 13.025    0.101 0.052 0.049 0.055 0.062  B 125179
   3383.57043 12.980 12.927 12.959 13.044 13.108    0.062 0.044 0.042 0.047 0.051  A 125733
   3385.57792 13.063 13.051 13.040 13.024 13.038    0.062 0.038 0.033 0.035 0.039  A 126013
   3391.54947 12.767 12.776 12.792 12.808 12.815    0.072 0.042 0.037 0.041 0.047  A 126809
   3395.55606 13.018 13.011 12.976 12.911 12.826    0.078 0.042 0.037 0.040 0.046  B 127236
   3398.53694 12.851 12.850 12.893 12.958 12.954    0.074 0.036 0.033 0.038 0.042  A 127599
   3409.54806 12.945 12.933 12.914 12.939 12.987    0.068 0.035 0.031 0.034 0.038  A 129156
   3412.53651 29.999 29.999 29.999 29.999 29.999    0.044 0.029 0.027 0.032 0.035  C 129591
   3439.49711 29.999 29.999 29.999 29.999 29.999    0.081 0.045 0.040 0.044 0.049  C 133280
   3564.93489 12.706 12.704 12.704 12.685 12.688    0.035 0.031 0.028 0.031 0.037  A 150350
   3575.91155 12.882 12.867 12.922 12.958 12.941    0.031 0.028 0.026 0.029 0.034  A 151567
   3585.89783 12.985 13.018 13.071 13.128 13.171    0.045 0.029 0.029 0.032 0.037  A 153269
   3589.88397 12.636 12.688 12.679 12.688 12.691    0.032 0.025 0.025 0.030 0.035  A 153927
   3596.90733 12.901 12.958 13.009 13.004 12.997    0.033 0.030 0.031 0.036 0.041  A 155050
   3600.90473 12.775 12.813 12.797 12.776 12.748    0.032 0.028 0.028 0.035 0.040  A 155478
   3603.87193 12.726 12.745 12.750 12.775 12.811    0.035 0.033 0.033 0.037 0.044  A 155961
   3617.86678 12.753 12.722 12.730 12.723 12.724    0.049 0.037 0.032 0.038 0.044  A 157212
   3620.86752 12.752 12.812 12.889 13.003 13.042    0.062 0.043 0.040 0.042 0.045  A 157662
   3628.80685 12.862 12.951 12.940 12.959 12.969    0.033 0.032 0.026 0.029 0.033  A 158506
   3630.86951 12.851 12.836 12.829 12.840 12.813    0.042 0.033 0.029 0.033 0.039  A 158866
   3636.82862 12.965 12.987 12.972 12.975 12.955    0.036 0.031 0.031 0.035 0.042  A 159647
   3639.78180 12.833 12.913 12.957 13.002 13.106    0.039 0.028 0.023 0.026 0.029  A 159985
   3642.77649 12.805 12.755 12.825 12.951 12.942    0.036 0.036 0.031 0.035 0.038  A 160364
   3646.78626 12.998 13.061 13.091 13.119 13.129    0.034 0.031 0.027 0.030 0.032  A 160808
   3649.76079 29.999 29.999 29.999 29.999 29.999    0.086 0.091 0.107 0.131 0.156  D 161212
   3651.78456 12.777 12.810 12.800 12.793 12.792    0.035 0.026 0.024 0.027 0.031  A 161497
   3654.73039 12.787 12.789 12.771 12.806 12.855    0.036 0.025 0.024 0.029 0.032  A 161911
   3656.75201 12.771 12.830 12.877 12.970 12.964    0.053 0.038 0.035 0.041 0.046  A 162215
   3658.73733 12.939 13.009 13.046 13.079 13.107    0.038 0.028 0.028 0.032 0.036  A 162506
   3663.75708 12.911 12.994 13.142 13.312 13.428    0.039 0.032 0.033 0.037 0.044  A 163251
   3666.71162 12.834 12.951 13.002 13.054 13.066    0.058 0.038 0.033 0.036 0.039  A 163678
   3669.77238 12.755 12.772 12.841 12.911 12.921    0.031 0.029 0.023 0.025 0.028  A 164019
   3672.68861 12.641 12.735 12.766 12.852 12.890    0.038 0.026 0.023 0.025 0.029  A 164415
   3674.78274 13.081 13.072 13.081 13.127 13.058    0.084 0.044 0.037 0.039 0.042  B 164734
   3677.67819 12.740 12.703 12.674 12.681 12.672    0.040 0.026 0.025 0.027 0.030  A 165127
   3700.78894 12.838 12.949 12.961 13.010 13.097    0.050 0.036 0.032 0.036 0.042  A 168091
   3703.65527 12.672 12.679 12.686 12.713 12.771    0.058 0.041 0.033 0.033 0.036  A 168433
   3706.59682 12.813 12.832 12.862 12.884 12.865    0.083 0.044 0.041 0.045 0.050  B 168826
   3708.70495 12.836 12.828 12.824 12.846 12.840    0.075 0.037 0.030 0.032 0.035  B 169144
   3712.65945 12.742 12.777 12.781 12.820 12.895    0.050 0.027 0.024 0.026 0.030  A 169411
   3718.60793 12.713 12.748 12.747 12.775 12.849    0.055 0.030 0.032 0.038 0.045  A 170189
   3720.69626 13.035 13.100 13.155 13.297 13.437    0.060 0.040 0.036 0.042 0.047  A 170456
   3726.60070 12.867 12.886 99.999 99.999 99.999    0.060 0.036 0.032 0.036 0.040  C 171123
   3728.65270 12.802 12.808 12.786 12.746 12.678    0.085 0.049 0.041 0.042 0.046  B 171416
   3732.61702 12.914 12.860 12.871 12.897 12.916    0.079 0.044 0.041 0.045 0.049  B 171814
   3735.61958 12.704 12.775 12.795 12.824 12.850    0.072 0.038 0.032 0.035 0.038  A 172205
   3738.58785 12.947 12.894 12.932 13.000 12.925    0.087 0.041 0.035 0.036 0.037  B 172611
   3740.63854 12.828 12.964 13.003 12.970 12.881    0.068 0.034 0.029 0.030 0.033  A 172906
   3746.57084 13.042 13.054 13.087 13.120 13.142    0.084 0.041 0.039 0.045 0.049  B 173658
   3748.65216 12.533 12.502 12.524 12.623 12.818    0.070 0.046 0.042 0.048 0.056  A 173960
   3751.62907 12.675 12.809 12.869 12.900 12.899    0.082 0.045 0.042 0.048 0.057  B 174374
   3754.60168 12.784 12.891 12.973 13.039 13.197    0.074 0.042 0.040 0.045 0.052  A 174775
   3757.58026 12.773 12.858 12.841 12.875 12.883    0.085 0.046 0.037 0.039 0.043  B 175182
   3760.57429 13.062 13.001 13.019 13.085 13.116    0.085 0.044 0.037 0.040 0.045  B 175604
   3763.56945 12.634 12.644 12.669 12.716 12.752    0.090 0.047 0.041 0.046 0.051  B 175992
   3766.55442 12.765 12.838 12.859 12.872 12.898    0.061 0.045 0.043 0.047 0.052  A 176411
   3773.53127 12.642 12.720 12.812 12.914 13.010    0.068 0.038 0.039 0.047 0.056  A 177322
   3776.53623 12.692 12.710 12.715 12.711 12.687    0.075 0.049 0.044 0.048 0.055  B 177761
   3779.53225 12.789 12.886 12.837 12.727 12.634    0.086 0.046 0.044 0.052 0.060  B 178217
   3783.53440 12.656 12.692 12.705 12.763 12.775    0.051 0.040 0.042 0.049 0.058  A 178636
   3789.51949 12.913 12.984 13.106 13.207 13.041    0.085 0.040 0.037 0.041 0.045  B 179073
   3792.52254 12.752 12.829 12.796 12.750 12.709    0.078 0.040 0.037 0.041 0.046  B 179514
   3795.51454 12.730 12.678 12.668 12.660 12.659    0.061 0.034 0.031 0.038 0.044  A 179937
   3801.50307 13.028 13.052 12.953 12.843 12.753    0.044 0.037 0.038 0.043 0.048  A 180769
   3983.83580 12.702 12.706 12.677 12.688 12.723    0.039 0.028 0.026 0.028 0.033  A 203676
   4091.59544 12.744 12.705 12.796 12.939 12.997    0.100 0.054 0.049 0.051 0.056  B 209367
   4104.60664 12.891 12.769 12.784 12.852 12.688    0.049 0.029 0.031 0.038 0.045  A 210687
   4106.65904 12.835 12.898 12.919 12.966 13.053    0.036 0.031 0.028 0.032 0.036  A 210966
   4111.58150 13.002 12.945 12.951 12.998 13.084    0.095 0.045 0.039 0.041 0.045  B 211364
   4128.53463 12.820 12.828 12.837 12.776 12.740    0.081 0.040 0.035 0.039 0.043  B 211895
   4130.58083 12.943 12.920 12.870 12.838 12.853    0.086 0.047 0.041 0.043 0.047  B 212171
   4132.58657 12.965 12.957 12.925 12.962 12.952    0.094 0.048 0.042 0.046 0.050  B 212428
   4135.55439 12.796 12.941 12.977 13.026 13.013    0.101 0.052 0.045 0.047 0.050  B 212827
   4147.53763 13.130 13.130 13.141 13.153 13.311    0.070 0.037 0.035 0.040 0.044  A 214530
   4151.53757 12.522 12.599 12.575 12.552 12.505    0.078 0.037 0.031 0.032 0.036  B 214928
   4155.51710 12.824 12.824 12.829 12.880 13.026    0.077 0.037 0.033 0.035 0.040  B 215529
   4159.51095 12.729 12.709 12.695 12.669 12.574    0.092 0.047 0.041 0.043 0.048  B 216102
   4165.50665 12.737 12.654 12.613 12.571 12.588    0.086 0.043 0.038 0.041 0.044  B 217009
   4286.93394 29.999 29.999 29.999 29.999 29.999    0.081 0.088 0.098 0.125 0.153  D 230271
   4293.91796 12.651 12.667 12.675 12.747 12.791    0.048 0.046 0.043 0.045 0.048  A 231153
   4297.91904 12.961 13.083 13.074 13.071 13.124    0.039 0.040 0.039 0.043 0.050  A 231845
   4301.91205 12.761 12.815 12.811 12.795 12.831    0.048 0.037 0.031 0.033 0.038  A 232565
   4304.92563 13.096 13.135 13.127 13.156 13.215    0.045 0.040 0.034 0.036 0.039  A 233055
   4307.91535 12.809 12.743 12.714 12.719 12.756    0.058 0.058 0.058 0.060 0.063  B 233575
   4311.90872 12.924 12.955 12.952 12.947 12.961    0.041 0.034 0.029 0.032 0.037  A 234153
   4330.86017 12.875 12.882 12.855 12.833 12.836    0.046 0.040 0.039 0.045 0.047  A 235391
   4332.88592 12.685 12.660 12.643 12.649 12.599    0.063 0.048 0.044 0.050 0.057  A 235760
   4336.86639 99.999 99.999 99.999 99.999 99.999    0.036 0.036 0.030 0.032 0.034  C 236280
   4339.84869 12.791 12.828 12.887 12.961 13.043    0.033 0.033 0.028 0.032 0.037  A 236661
   4343.85661 12.920 12.994 13.054 13.184 13.277    0.051 0.051 0.050 0.053 0.058  A 237352
   4346.88562 12.653 12.625 12.648 12.710 12.788    0.083 0.082 0.088 0.097 0.102  D 237866
   4349.83770 12.793 12.791 12.775 12.780 12.784    0.066 0.042 0.034 0.037 0.041  A 238359
   4353.80548 12.971 12.919 12.966 13.006 13.030    0.037 0.032 0.026 0.029 0.031  A 238915
   4355.86132 12.722 12.749 12.787 12.816 12.866    0.033 0.030 0.025 0.029 0.032  A 239250
   4358.82712 12.944 12.941 12.982 13.054 13.121    0.039 0.039 0.034 0.036 0.039  A 239693
   4361.84018 12.781 12.824 12.806 12.813 12.847    0.036 0.034 0.027 0.030 0.034  A 240093
   4363.80696 12.613 12.649 12.713 12.761 12.815    0.039 0.036 0.030 0.034 0.039  A 240396
   4365.80894 12.847 12.911 12.901 12.953 12.994    0.034 0.032 0.025 0.028 0.032  A 240708
   4368.78008 12.814 12.923 12.944 12.929 12.958    0.056 0.054 0.051 0.057 0.065  A 241031
   4374.80833 12.726 12.737 12.768 12.820 12.823    0.045 0.044 0.046 0.055 0.067  A 241870
   4377.75737 13.103 13.181 13.268 13.326 13.274    0.040 0.035 0.034 0.039 0.046  A 242300
   4380.74881 12.880 12.935 13.037 13.155 13.206    0.052 0.038 0.035 0.040 0.045  A 242757
   4383.74710 12.682 12.763 12.737 12.741 12.766    0.054 0.046 0.033 0.036 0.039  A 243215
   4385.79340 12.688 12.617 12.632 12.649 12.650    0.037 0.034 0.028 0.029 0.032  A 243545
   4388.72957 12.659 12.676 12.644 12.659 12.683    0.040 0.037 0.030 0.034 0.038  A 243995
   4402.69911 12.752 12.693 12.696 12.704 12.679    0.040 0.034 0.031 0.035 0.042  A 245134
   4406.69545 13.015 13.016 13.071 13.157 13.298    0.039 0.037 0.031 0.033 0.037  A 245451
   4411.68971 13.091 13.071 13.078 13.165 13.272    0.115 0.056 0.048 0.058 0.061  B 246112
   4420.68730 12.832 12.965 12.959 12.917 12.843    0.052 0.040 0.039 0.045 0.052  A 246475
   4422.72126 12.844 12.820 12.822 12.845 12.872    0.070 0.039 0.030 0.032 0.036  A 246682
   4429.66189 12.754 12.756 12.740 12.715 12.684    0.039 0.034 0.033 0.039 0.045  A 247308
   4431.70475 12.702 12.722 12.706 12.701 12.656    0.039 0.035 0.031 0.035 0.042  A 247554
   4436.76392 12.897 12.842 12.857 12.859 12.840    0.052 0.037 0.034 0.038 0.043  A 248197
   4439.61957 12.691 12.722 12.732 12.715 12.699    0.047 0.032 0.027 0.030 0.033  A 248520
   4441.72207 12.949 12.895 12.860 12.844 12.864    0.056 0.040 0.033 0.033 0.035  A 248807
   4444.71441 12.997 12.923 12.917 12.946 12.990    0.046 0.036 0.029 0.032 0.035  A 249110
   4452.64428 12.988 12.964 12.956 13.006 13.055    0.065 0.039 0.033 0.035 0.039  A 250019
   4456.58567 12.612 12.559 12.532 12.558 12.565    0.081 0.050 0.050 0.057 0.064  B 250432
   4458.68339 12.820 12.831 12.824 12.803 12.712    0.065 0.040 0.035 0.043 0.049  A 250712
   4461.63311 12.694 12.717 12.699 12.704 12.748    0.039 0.030 0.027 0.030 0.034  A 251031
   4463.68964 12.804 12.843 12.902 12.940 12.939    0.044 0.033 0.028 0.031 0.035  A 251324
   4466.63103 12.828 12.963 13.027 13.106 13.058    0.073 0.043 0.037 0.040 0.044  A 251640
   4469.61970 12.825 12.809 12.739 12.656 12.632    0.072 0.045 0.043 0.047 0.051  A 251973
   4473.62121 12.694 12.776 12.776 12.788 12.768    0.064 0.036 0.031 0.035 0.039  A 252357
   4476.61527 13.134 13.163 13.182 13.235 13.271    0.039 0.030 0.029 0.033 0.036  A 252634
   4479.59077 12.950 12.965 12.968 13.011 13.179    0.070 0.041 0.041 0.045 0.048  A 252999
   4484.55136 13.421 13.418 13.411 13.409 13.280    0.062 0.047 0.048 0.061 0.074  D 253447
   4486.62047 12.816 12.971 12.905 12.706 12.714    0.075 0.046 0.043 0.050 0.059  B 253702
   4489.57462 12.794 12.841 12.863 12.900 12.872    0.066 0.041 0.034 0.036 0.040  A 254040
   4492.56474 12.686 12.717 12.762 12.777 12.745    0.038 0.029 0.026 0.029 0.033  A 254374
   4494.59371 12.792 12.813 12.812 12.830 12.858    0.112 0.080 0.044 0.044 0.045  D 254633
   4498.58986 12.944 13.012 12.961 12.945 12.889    0.047 0.040 0.038 0.040 0.043  A 254889
   4501.56952 12.797 12.838 12.844 12.803 12.706    0.076 0.049 0.046 0.052 0.060  B 255262
   4504.56500 12.948 12.919 12.917 12.959 13.039    0.053 0.040 0.040 0.047 0.056  A 255685
   4511.54205 12.697 12.726 12.790 12.880 12.836    0.073 0.041 0.036 0.040 0.045  A 256653
   4515.54322 13.164 13.103 12.999 12.958 12.960    0.082 0.051 0.048 0.055 0.059  B 256986
   4518.53086 12.971 13.047 13.186 13.344 13.522    0.054 0.037 0.034 0.039 0.045  A 257374
   4521.52477 12.667 12.772 12.799 12.838 12.855    0.067 0.038 0.031 0.032 0.036  A 257805
   4524.51554 12.699 12.916 13.011 13.163 13.228    0.057 0.036 0.032 0.038 0.044  A 258251
   4527.51201 13.204 13.051 12.991 13.053 13.029    0.076 0.046 0.043 0.047 0.053  B 258691
   4531.50518 12.653 12.716 12.712 12.756 12.812    0.071 0.042 0.038 0.042 0.049  A 259295
#ndata= 1
#dataset= 5 ; 1 F0344+08_385
#desig= 031527+0337.1
#cra=    3.257409  03:15:26.7
#cdec=   3.618342 03:37:06.0
#class= 0
#cmag_0= 12.868
#cmer_0=  0.000
#nskip_0= 0
#cmag_1= 12.879
#cmer_1=  0.000
#nskip_1= 0
#cmag_2= 12.837
#cmer_2=  0.000
#nskip_2= 0
#cmag_3= 12.735
#cmer_3=  0.000
#nskip_3= 0
#cmag_4= 12.653
#cmer_4=  0.000
#nskip_4= 0
#ra=    3.257409  03:15:26.7
#dec=   3.618342 03:37:06.0
#     HJD      MAG_0  MAG_1  MAG_2  MAG_3  MAG_4    MER_0 MER_1 MER_2 MER_3 MER_4 GRADE FRAME
   3367.65249 99.999 99.999 99.999 99.999 99.999    0.081 0.045 0.040 0.045 0.052  C 125263
