#ndata= 1
#dataset= 1 ; 1 F0312+24_474
#desig= 034146+2718.9
#cra=    3.696043  03:41:45.8
#cdec=  27.315269 27:18:55.0
#class= 0
#cmag_0= 11.884
#cmer_0=  0.000
#nskip_0= 0
#cmag_1= 11.847
#cmer_1=  0.000
#nskip_1= 0
#cmag_2= 11.845
#cmer_2=  0.000
#nskip_2= 0
#cmag_3= 11.891
#cmer_3=  0.000
#nskip_3= 0
#cmag_4= 11.945
#cmer_4=  0.000
#nskip_4= 0
#ra=    3.696043  03:41:45.8
#dec=  27.315269 27:18:55.0
#     HJD      MAG_1  MAG_0  MAG_2  MAG_3  MAG_4    MER_1 MER_0 MER_2 MER_3 MER_4 GRADE FRAME
   2954.70252 11.847 11.885 11.846 11.892 11.946    0.055 0.044 0.055 0.062 0.067  A 79966
#ndata= 66
#dataset= 2 ; 1 F0344+24_475
#desig= 034146+2718.9
#cra=    3.696006  03:41:45.6
#cdec=  27.315728 27:18:56.6
#class= 0
#cmag_0= 11.793
#cmer_0=  0.047
#nskip_0= 1
#cmag_1= 11.792
#cmer_1=  0.055
#nskip_1= 0
#cmag_2= 11.811
#cmer_2=  0.056
#nskip_2= 0
#cmag_3= 11.824
#cmer_3=  0.067
#nskip_3= 0
#cmag_4= 11.842
#cmer_4=  0.070
#nskip_4= 1
#ra=    3.696006  03:41:45.6
#dec=  27.315728 27:18:56.6
#     HJD      MAG_1  MAG_0  MAG_2  MAG_3  MAG_4    MER_1 MER_0 MER_2 MER_3 MER_4 GRADE FRAME
   2621.63162 11.845 11.810 11.838 11.876 11.900    0.027 0.030 0.023 0.025 0.027  A 29795
   2627.62080 11.785 11.782 11.801 11.846 11.860    0.028 0.027 0.029 0.034 0.039  A 30562
   2635.61089 11.799 11.835 11.814 11.818 11.820    0.023 0.025 0.020 0.021 0.023  A 32214
   2637.62837 11.867 11.846 11.864 11.859 11.863    0.020 0.023 0.018 0.020 0.022  A 32513
   2641.63338 11.734 11.724 11.779 11.786 11.780    0.029 0.039 0.024 0.025 0.027  A 33106
   2643.64264 11.767 11.765 11.781 11.781 11.787    0.030 0.032 0.028 0.031 0.035  A 33421
   2645.61049 99.999 99.999 99.999 99.999 99.999    0.023 0.030 0.022 0.025 0.028  C 33705
   2647.59430 11.832 11.855 11.847 11.851 11.895    0.040 0.039 0.040 0.044 0.050  A 33996
   2655.54675 11.758 11.809 11.762 11.792 11.826    0.031 0.028 0.029 0.033 0.038  A 35193
   2658.57170 11.858 11.856 11.863 11.845 11.823    0.029 0.026 0.027 0.030 0.033  A 35570
   2660.57646 11.797 11.795 11.779 11.778 11.779    0.026 0.026 0.025 0.028 0.030  A 35912
   2662.57573 11.744 11.740 11.757 11.768 11.784    0.023 0.022 0.020 0.021 0.024  A 36253
   2664.57170 11.797 11.800 11.793 11.785 11.804    0.024 0.027 0.023 0.025 0.028  A 36595
   2668.57460 11.805 11.768 11.793 11.790 11.827    0.023 0.026 0.021 0.023 0.026  A 37246
   2670.56991 11.767 11.758 11.780 11.791 11.789    0.022 0.025 0.020 0.022 0.024  A 37560
   2672.57277 11.817 11.831 11.866 11.911 11.919    0.024 0.028 0.020 0.022 0.025  A 37896
   2675.53130 11.813 11.792 11.823 11.826 11.815    0.027 0.025 0.026 0.029 0.032  A 38411
   2685.52447 11.838 11.835 11.892 11.969 11.941    0.031 0.031 0.032 0.037 0.045  A 40129
   2860.90281 11.800 11.793 11.814 11.824 11.820    0.030 0.023 0.024 0.027 0.026  A 66864
   2875.92277 11.767 11.818 11.792 11.795 11.831    0.034 0.027 0.028 0.031 0.030  A 68673
   2879.88784 11.795 11.813 11.840 11.888 11.909    0.054 0.045 0.047 0.056 0.058  A 69358
   2893.82409 11.725 11.705 11.842 11.883 11.988    0.053 0.036 0.045 0.053 0.052  A 70954
   2894.87258 11.862 11.824 11.907 11.953 11.982    0.039 0.034 0.037 0.041 0.042  A 71170
   2905.81595 11.761 11.825 11.764 11.754 11.756    0.032 0.025 0.022 0.026 0.026  A 73056
   2908.81544 11.862 11.854 11.899 11.922 11.934    0.030 0.027 0.023 0.025 0.025  A 73486
   2915.80614 11.797 11.795 11.804 11.807 11.825    0.030 0.028 0.027 0.028 0.030  A 74457
   2921.79749 11.726 11.752 11.801 11.858 11.831    0.050 0.044 0.048 0.054 0.058  A 75145
   2923.78573 11.751 11.773 11.755 11.743 11.744    0.044 0.037 0.041 0.048 0.052  A 75520
   2930.78061 11.730 11.741 11.754 11.755 11.766    0.024 0.024 0.022 0.025 0.028  A 76598
   2932.77624 11.802 11.786 11.842 11.850 11.862    0.034 0.027 0.028 0.031 0.030  A 76953
   2934.76719 11.833 11.799 11.801 11.814 11.817    0.033 0.028 0.027 0.027 0.029  A 77302
   2939.74691 11.824 11.850 11.834 11.842 11.848    0.025 0.025 0.022 0.023 0.024  A 77860
   2943.71797 11.856 11.824 11.853 11.867 11.871    0.038 0.026 0.030 0.035 0.033  A 78395
   2945.70660 11.747 11.794 11.802 11.939 12.062    0.081 0.072 0.079 0.085 0.087  D 78733
   2947.73154 11.894 11.802 11.921 11.960 11.970    0.034 0.038 0.029 0.034 0.032  A 79044
   2949.72024 11.726 11.731 11.725 11.718 11.726    0.028 0.029 0.027 0.031 0.036  A 79313
   2955.71937 11.865 11.798 11.876 11.897 11.922    0.027 0.029 0.026 0.030 0.034  A 80117
   2957.72389 11.716 11.742 11.745 11.759 11.760    0.026 0.024 0.024 0.027 0.031  A 80409
   2962.67669 11.732 11.750 11.754 11.769 11.789    0.025 0.028 0.024 0.027 0.029  A 81076
   2964.69004 11.840 11.797 11.840 11.837 11.857    0.025 0.025 0.022 0.025 0.027  A 81364
   2966.68796 11.831 11.838 11.863 11.849 11.831    0.029 0.028 0.028 0.033 0.036  A 81649
   2968.69578 11.792 11.862 11.812 11.844 11.862    0.024 0.029 0.022 0.025 0.027  A 81927
   2971.64703 11.832 11.805 11.837 11.833 11.849    0.037 0.030 0.040 0.045 0.048  A 82248
   2975.66568 11.768 11.707 11.772 11.775 11.763    0.026 0.025 0.025 0.028 0.030  A 82725
   2977.65101 11.827 11.846 11.848 11.853 11.870    0.026 0.028 0.025 0.028 0.032  A 82990
   2984.64838 11.887 11.829 11.890 11.913 11.957    0.025 0.030 0.026 0.030 0.036  A 83909
   2986.66491 11.797 11.778 11.780 11.801 11.830    0.025 0.027 0.024 0.028 0.032  A 84180
   2989.62121 11.820 11.839 11.871 11.908 11.956    0.025 0.024 0.023 0.026 0.029  A 84515
   2991.63756 11.736 11.715 11.732 11.726 11.708    0.026 0.027 0.025 0.028 0.031  A 84778
   2993.66582 11.752 11.767 11.771 11.782 11.787    0.043 0.047 0.042 0.046 0.049  A 85066
   2996.60015 11.803 11.756 11.826 11.837 11.832    0.031 0.032 0.032 0.036 0.040  A 85428
   2998.60893 11.823 11.804 11.821 11.827 11.852    0.023 0.022 0.022 0.025 0.028  A 85707
   3001.58899 11.762 11.744 11.787 11.799 11.821    0.024 0.024 0.022 0.025 0.028  A 85968
   3010.56679 11.816 11.799 11.838 11.855 99.999    0.033 0.031 0.033 0.039 0.045  C 87081
   3012.56669 11.614 11.591 11.628 11.599 11.532    0.052 0.049 0.058 0.071 0.087  D 87346
   3015.59716 11.757 11.771 11.813 11.855 11.859    0.065 0.062 0.068 0.074 0.082  D 87604
   3030.55334 11.736 11.789 11.745 11.761 11.771    0.026 0.033 0.025 0.028 0.032  A 88700
   3269.78593 11.832 11.831 11.882 11.923 11.958    0.029 0.030 0.022 0.022 0.025  A 115692
   3271.78468 11.767 11.726 11.772 11.791 11.824    0.032 0.034 0.027 0.030 0.035  A 115986
   3271.84708 11.794 11.741 11.782 11.765 11.760    0.033 0.044 0.028 0.032 0.036  A 116007
   3271.85641 11.769 11.794 11.823 11.835 11.821    0.039 0.040 0.031 0.036 0.040  A 116010
   3271.86339 11.785 11.838 11.813 11.831 11.840    0.033 0.045 0.027 0.031 0.036  A 116012
   3273.77642 11.675 11.705 11.687 11.686 11.710    0.029 0.034 0.028 0.033 0.039  A 116243
   3276.77790 11.765 11.798 11.817 11.863 11.954    0.032 0.035 0.035 0.044 0.052  A 116612
   3294.72969 11.779 11.732 11.768 11.782 11.781    0.034 0.037 0.026 0.027 0.031  A 118413
   3298.71558 11.845 11.843 11.870 11.874 11.860    0.032 0.035 0.033 0.038 0.046  A 118827
#ndata= 1
#dataset= 3 ; 1 F0416+24_476
#desig= 034146+2718.9
#cra=    3.695974  03:41:45.5
#cdec=  27.314746 27:18:53.1
#class= 0
#cmag_0= 11.844
#cmer_0=  0.000
#nskip_0= 0
#cmag_1= 11.906
#cmer_1=  0.000
#nskip_1= 0
#cmag_2= 11.930
#cmer_2=  0.000
#nskip_2= 0
#cmag_3= 11.959
#cmer_3=  0.000
#nskip_3= 0
#cmag_4= 11.965
#cmer_4=  0.000
#nskip_4= 0
#ra=    3.695974  03:41:45.5
#dec=  27.314746 27:18:53.1
#     HJD      MAG_1  MAG_0  MAG_2  MAG_3  MAG_4    MER_1 MER_0 MER_2 MER_3 MER_4 GRADE FRAME
   2947.73154 11.907 11.844 11.930 11.960 11.965    0.038 0.048 0.033 0.039 0.043  A 79044
