#ndata= 123
#dataset= 1 ; 1 F0430-48_096
#desig= 045018-4311.1
#cra=    4.838261  04:50:17.7
#cdec= -43.184681 -43:11:04.9
#class= 0
#cmag_0= 12.752
#cmer_0=  0.104
#nskip_0= 0
#cmag_1= 12.733
#cmer_1=  0.110
#nskip_1= 1
#cmag_2= 12.718
#cmer_2=  0.130
#nskip_2= 1
#cmag_3= 12.708
#cmer_3=  0.158
#nskip_3= 0
#cmag_4= 12.695
#cmer_4=  0.162
#nskip_4= 1
#ra=    4.838261  04:50:17.7
#dec= -43.184681 -43:11:04.9
#     HJD      MAG_0  MAG_1  MAG_2  MAG_3  MAG_4    MER_0 MER_1 MER_2 MER_3 MER_4 GRADE FRAME
   1903.62446 12.768 12.768 12.772 12.784 12.747    0.042 0.022 0.019 0.020 0.022  A 3662
   1913.57597 12.833 12.818 12.785 12.752 12.735    0.027 0.022 0.019 0.021 0.024  A 4584
   1915.58158 12.772 12.764 12.726 12.691 12.689    0.039 0.023 0.019 0.021 0.024  A 4904
   1920.57246 12.769 12.823 12.877 12.934 12.965    0.032 0.023 0.019 0.021 0.024  A 5434
   1932.55727 12.768 12.795 12.812 12.802 12.815    0.027 0.028 0.019 0.020 0.022  A 7392
   1934.55852 12.534 12.483 12.509 12.526 12.564    0.029 0.025 0.018 0.020 0.022  A 7721
   1940.54530 12.822 12.786 12.793 12.795 12.809    0.032 0.030 0.022 0.022 0.024  A 8479
   1946.53012 12.683 12.713 12.618 12.552 12.462    0.033 0.030 0.024 0.026 0.029  A 8767
   1949.53546 12.777 12.830 12.827 12.804 12.877    0.029 0.026 0.019 0.020 0.024  A 9148
   1959.52559 12.833 12.894 12.920 12.952 12.955    0.032 0.034 0.023 0.023 0.024  A 10354
   2105.88629 12.796 12.823 12.805 12.742 12.674    0.063 0.032 0.027 0.029 0.032  A 26340
   2114.87160 29.999 29.999 29.999 29.999 29.999    0.064 0.049 0.048 0.055 0.061  C 26763
   2116.86334 12.801 12.762 12.752 12.724 12.745    0.053 0.028 0.024 0.026 0.029  A 27187
   2117.91683 12.824 12.898 12.980 13.015 13.029    0.050 0.027 0.024 0.026 0.029  A 27426
   2128.84352 12.774 12.672 12.650 12.624 12.584    0.053 0.027 0.024 0.028 0.031  A 28030
   2129.85345 12.679 12.644 12.582 12.544 12.495    0.047 0.026 0.022 0.024 0.028  A 28249
   2130.84342 12.670 12.594 12.599 12.670 12.648    0.061 0.026 0.023 0.026 0.030  A 28460
   2131.84298 12.952 12.898 12.913 12.947 12.776    0.062 0.030 0.026 0.028 0.031  A 28661
   2132.85894 12.712 12.707 12.739 12.797 12.840    0.061 0.028 0.026 0.027 0.029  A 28878
   2133.88375 29.999 29.999 29.999 29.999 29.999    0.044 0.026 0.022 0.024 0.027  C 29107
   2134.91125 12.779 12.840 12.814 12.773 12.692    0.052 0.034 0.030 0.033 0.036  A 29333
   2140.84888 12.638 12.671 12.651 12.636 12.647    0.053 0.032 0.030 0.033 0.037  A 30276
   2144.81704 12.855 12.792 12.824 12.848 12.790    0.064 0.031 0.026 0.027 0.029  A 31081
   2629.74596 12.876 12.776 12.746 12.784 12.816    0.036 0.032 0.026 0.026 0.027  A 30917
   2642.70310 12.680 12.617 12.622 12.616 12.682    0.042 0.048 0.034 0.033 0.029  A 33294
   2651.64258 12.811 12.838 12.778 12.748 12.762    0.027 0.035 0.024 0.021 0.021  A 34438
   2653.64502 12.702 12.676 12.632 12.558 12.521    0.037 0.026 0.020 0.022 0.024  A 34746
   2658.65673 12.696 12.640 12.586 12.519 12.526    0.027 0.027 0.022 0.025 0.028  A 35607
   2660.65656 12.827 12.753 12.787 12.716 12.664    0.045 0.040 0.029 0.030 0.028  A 35947
   2662.65344 12.657 12.611 12.599 12.577 12.610    0.033 0.028 0.021 0.021 0.023  A 36287
   2664.64472 12.793 12.813 12.819 12.737 12.714    0.027 0.022 0.019 0.019 0.021  A 36627
   2666.64217 12.806 12.766 12.793 12.831 12.879    0.028 0.031 0.024 0.022 0.024  A 36953
   2668.64786 12.804 12.739 12.715 12.689 12.645    0.033 0.023 0.018 0.019 0.021  A 37278
   2670.64098 12.636 12.535 12.505 12.495 12.521    0.038 0.036 0.024 0.024 0.022  A 37591
   2672.64163 12.700 12.770 12.687 12.665 12.639    0.031 0.030 0.019 0.021 0.022  A 37926
   2674.62938 12.861 12.873 12.796 12.789 12.801    0.041 0.041 0.023 0.024 0.024  A 38264
   2676.61558 12.770 12.790 12.772 12.807 12.800    0.030 0.033 0.019 0.022 0.022  A 38624
   2678.60097 12.758 12.820 12.764 12.794 12.861    0.037 0.029 0.024 0.022 0.024  A 38960
   2684.61935 12.849 12.810 12.747 12.704 12.655    0.034 0.037 0.028 0.029 0.032  A 39986
   2686.63791 12.708 12.721 12.689 12.674 12.705    0.041 0.031 0.026 0.029 0.034  A 40361
   2688.62869 12.636 12.673 12.645 12.586 12.521    0.027 0.025 0.024 0.028 0.033  A 40721
   2690.62755 12.714 12.757 12.748 12.727 12.729    0.037 0.028 0.022 0.023 0.026  A 41089
   2692.62236 12.890 12.887 12.845 12.776 12.659    0.044 0.047 0.022 0.023 0.024  A 41438
   2694.62309 12.940 12.886 12.877 12.887 12.882    0.029 0.035 0.024 0.023 0.024  A 41761
   2698.61622 12.717 12.710 12.683 12.695 12.730    0.032 0.027 0.025 0.027 0.030  A 42500
   2700.61580 12.757 12.718 12.724 12.726 12.738    0.025 0.023 0.018 0.020 0.022  A 42887
   2702.60903 12.751 12.749 12.724 12.719 12.751    0.030 0.031 0.021 0.020 0.022  A 43264
   2704.59630 12.803 12.803 12.808 12.834 12.889    0.026 0.019 0.018 0.018 0.020  A 43644
   2706.57814 12.653 12.553 12.539 12.528 12.524    0.028 0.024 0.021 0.022 0.025  A 44006
   2710.54931 12.818 12.818 12.756 12.687 12.618    0.037 0.037 0.022 0.022 0.023  A 44713
   2712.56072 12.827 12.871 12.903 12.884 12.836    0.029 0.023 0.022 0.024 0.027  A 45091
   2717.57403 12.667 12.602 12.511 12.459 12.459    0.033 0.025 0.025 0.030 0.034  A 45830
   2720.55826 12.872 12.852 12.871 12.912 12.919    0.027 0.023 0.021 0.022 0.025  A 46263
   2724.55338 12.638 12.694 12.677 12.640 12.625    0.023 0.021 0.019 0.021 0.024  A 47028
   2726.55175 99.999 99.999 99.999 99.999 99.999    0.026 0.023 0.021 0.022 0.024  C 47427
   2730.53901 12.889 12.874 12.846 12.821 12.799    0.026 0.021 0.020 0.022 0.026  A 48225
   2734.52413 12.698 12.661 12.750 12.873 12.901    0.042 0.025 0.022 0.024 0.027  A 48779
   2736.50897 12.730 12.708 12.693 12.669 12.634    0.028 0.024 0.022 0.024 0.026  A 49160
   2738.53812 12.766 12.765 12.777 12.779 12.777    0.035 0.024 0.024 0.025 0.028  A 49560
   2740.53354 12.941 12.855 12.837 12.851 12.893    0.031 0.023 0.022 0.025 0.029  A 49922
   2742.53435 12.778 12.753 12.682 12.645 12.624    0.026 0.023 0.023 0.026 0.029  A 50317
   2745.48734 13.046 13.249 13.232 13.164 13.083    0.033 0.040 0.032 0.036 0.042  A 50867
   2754.49277 12.782 12.800 12.770 12.721 12.756    0.036 0.027 0.024 0.025 0.026  A 52183
   2756.49455 12.904 12.840 12.826 12.799 12.863    0.024 0.025 0.024 0.027 0.030  A 52596
   2766.46474 12.894 12.878 12.875 12.855 12.787    0.024 0.023 0.022 0.023 0.026  A 54452
   2905.84923 12.823 12.899 12.848 12.776 12.766    0.021 0.034 0.025 0.027 0.026  A 73071
   2917.86019 29.999 29.999 29.999 29.999 29.999    0.044 0.047 0.045 0.051 0.061  C 74826
   2955.78913 12.648 12.647 12.708 12.754 12.742    0.024 0.024 0.022 0.025 0.029  A 80146
   2960.72735 29.999 29.999 29.999 29.999 29.999    0.053 0.051 0.057 0.069 0.081  D 80814
   2962.79122 12.474 12.500 12.407 12.426 12.365    0.039 0.039 0.046 0.051 0.055  A 81118
   2967.70467 12.836 12.854 12.822 12.718 12.612    0.023 0.029 0.024 0.026 0.029  A 81795
   2972.69246 12.561 12.515 12.443 12.431 12.413    0.044 0.043 0.050 0.053 0.056  A 82402
   2977.66707 12.716 12.694 12.732 12.775 12.698    0.031 0.030 0.031 0.037 0.045  A 82998
   2979.67974 12.809 12.865 12.801 12.683 12.622    0.026 0.022 0.020 0.023 0.027  A 83271
   2981.69847 12.682 12.715 12.767 12.726 12.684    0.027 0.024 0.025 0.029 0.034  A 83534
   2983.72499 12.718 12.712 12.727 12.738 12.744    0.021 0.023 0.023 0.028 0.032  A 83811
   2985.77824 12.665 12.593 12.549 12.473 12.500    0.023 0.024 0.022 0.026 0.031  A 84090
   2987.81839 12.634 12.610 12.541 12.499 12.496    0.058 0.052 0.052 0.053 0.055  A 84374
   2990.70135 12.739 12.761 12.766 12.793 12.887    0.024 0.024 0.021 0.024 0.027  A 84667
   2992.72053 12.834 12.823 12.836 12.870 12.892    0.021 0.021 0.020 0.023 0.026  A 84951
   2994.80699 12.959 12.843 12.779 12.752 12.774    0.058 0.074 0.076 0.077 0.079  D 85246
   2997.59155 12.756 12.740 12.725 12.741 12.701    0.079 0.069 0.063 0.058 0.051  D 85565
   3000.61386 12.599 12.574 12.565 12.564 12.543    0.025 0.022 0.019 0.022 0.025  A 85846
   3006.62829 12.681 12.642 12.631 12.608 12.572    0.020 0.022 0.020 0.023 0.027  A 86584
   3008.64495 12.545 12.539 12.554 12.577 12.597    0.024 0.024 0.023 0.026 0.029  A 86845
   3010.66228 12.853 12.821 12.883 12.949 12.916    0.024 0.026 0.024 0.029 0.033  A 87120
   3012.67836 12.829 12.804 12.758 12.767 12.859    0.026 0.025 0.026 0.031 0.037  A 87388
   3015.69954 12.661 12.717 12.830 12.898 12.938    0.041 0.045 0.052 0.064 0.078  D 87645
   3017.69900 12.689 12.678 12.641 12.627 12.645    0.025 0.024 0.023 0.026 0.030  A 87899
   3019.69729 12.652 12.616 12.567 12.552 12.525    0.021 0.024 0.021 0.025 0.028  A 88164
   3023.71917 12.782 12.734 12.718 12.697 12.664    0.023 0.023 0.022 0.025 0.028  A 88328
   3033.57089 12.774 12.686 12.626 12.588 12.565    0.053 0.051 0.053 0.055 0.057  A 89002
   3035.59581 12.587 12.511 12.494 12.453 12.415    0.038 0.046 0.047 0.052 0.056  A 89238
   3039.60602 12.816 12.826 12.830 12.826 12.858    0.024 0.026 0.027 0.032 0.037  A 89529
   3042.61030 12.749 12.719 12.748 12.726 12.626    0.026 0.028 0.026 0.031 0.037  A 89785
   3044.64408 12.684 12.645 12.579 12.554 12.561    0.026 0.027 0.025 0.028 0.032  A 90059
   3047.59081 12.633 12.620 12.576 12.530 12.546    0.027 0.028 0.028 0.033 0.038  A 90449
   3050.57733 12.917 12.881 12.880 12.892 12.932    0.032 0.034 0.032 0.034 0.038  A 90841
   3055.55483 12.790 12.715 12.673 12.631 12.563    0.028 0.034 0.039 0.043 0.044  A 91516
   3057.59262 12.760 12.660 12.600 12.559 12.520    0.032 0.035 0.036 0.040 0.046  A 91804
   3062.53480 12.745 12.875 13.089 13.220 13.400    0.039 0.046 0.057 0.074 0.090  D 92447
   3064.58841 12.713 12.715 12.727 12.711 12.673    0.023 0.023 0.023 0.027 0.032  A 92732
   3067.62259 12.760 12.815 12.737 12.709 12.656    0.028 0.028 0.026 0.029 0.032  A 93043
   3070.56313 12.693 12.679 12.666 12.620 12.603    0.025 0.027 0.026 0.031 0.035  A 93455
   3072.60964 12.674 12.711 12.748 12.774 12.724    0.029 0.032 0.033 0.039 0.045  A 93740
   3075.56233 12.809 12.812 12.777 12.716 12.740    0.073 0.052 0.054 0.060 0.066  B 94113
   3077.57782 12.952 12.940 12.971 13.013 12.955    0.024 0.024 0.024 0.027 0.031  A 94402
   3079.60689 12.729 12.676 12.622 12.536 12.517    0.035 0.035 0.036 0.042 0.049  A 94702
   3082.55410 12.712 12.692 12.633 12.588 12.540    0.030 0.036 0.038 0.041 0.045  A 95131
   3086.55432 12.849 12.747 12.666 12.572 12.529    0.037 0.036 0.036 0.039 0.046  A 95425
   3088.57083 12.632 12.539 12.482 12.410 12.340    0.037 0.042 0.047 0.055 0.064  A 95742
   3090.57584 12.733 12.658 12.631 12.621 12.655    0.026 0.025 0.026 0.029 0.033  A 96048
   3093.53093 12.851 12.867 12.841 12.783 12.789    0.023 0.024 0.024 0.027 0.032  A 96490
   3097.53209 12.516 12.408 12.362 12.288 12.307    0.032 0.033 0.028 0.033 0.038  A 96774
   3099.54912 29.999 29.999 29.999 29.999 29.999    0.062 0.063 0.067 0.076 0.084  D 97096
   3102.51189 12.807 12.847 12.780 12.724 12.720    0.028 0.027 0.025 0.030 0.035  A 97546
   3104.52706 12.705 12.647 12.617 12.592 12.636    0.026 0.026 0.024 0.028 0.031  A 97872
   3106.53674 12.669 12.660 12.644 12.605 12.589    0.025 0.025 0.024 0.028 0.032  A 98185
   3109.50227 12.782 12.753 12.774 12.825 12.877    0.025 0.025 0.025 0.029 0.033  A 98644
   3114.49118 12.680 12.656 12.666 12.652 12.663    0.036 0.025 0.024 0.026 0.029  A 99440
   3123.47742 12.647 12.631 12.547 12.531 12.577    0.024 0.024 0.023 0.027 0.031  A 100323
   3126.48338 12.799 12.780 12.769 12.779 12.818    0.026 0.027 0.026 0.030 0.034  A 100828
   3129.47483 12.806 12.694 12.538 12.382 12.332    0.028 0.031 0.032 0.039 0.046  A 101311
#ndata= 1
#dataset= 2 ; 1 F0515-48_097
#desig= 045018-4311.0
#cra=    4.838314  04:50:17.9
#cdec= -43.182568 -43:10:57.2
#class= 0
#cmag_0= 12.809
#cmer_0=  0.000
#nskip_0= 0
#cmag_1= 12.792
#cmer_1=  0.000
#nskip_1= 0
#cmag_2= 12.815
#cmer_2=  0.000
#nskip_2= 0
#cmag_3= 12.811
#cmer_3=  0.000
#nskip_3= 0
#cmag_4= 12.816
#cmer_4=  0.000
#nskip_4= 0
#ra=    4.838314  04:50:17.9
#dec= -43.182568 -43:10:57.2
#     HJD      MAG_0  MAG_1  MAG_2  MAG_3  MAG_4    MER_0 MER_1 MER_2 MER_3 MER_4 GRADE FRAME
   3374.74977 12.810 12.792 12.816 12.811 12.816    0.040 0.037 0.038 0.042 0.047  A 125425
#ndata= 577
#dataset= 3 ; 1 F0440-40_129
#desig= 045017-4311.1
#cra=    4.838126  04:50:17.3
#cdec= -43.184968 -43:11:05.9
#class= 0
#cmag_0= 12.746
#cmer_0=  0.112
#nskip_0= 2
#cmag_1= 12.738
#cmer_1=  0.128
#nskip_1= 1
#cmag_2= 12.736
#cmer_2=  0.134
#nskip_2= 0
#cmag_3= 12.743
#cmer_3=  0.147
#nskip_3= 0
#cmag_4= 12.738
#cmer_4=  0.147
#nskip_4= 1
#ra=    4.838126  04:50:17.3
#dec= -43.184968 -43:11:05.9
#     HJD      MAG_0  MAG_1  MAG_2  MAG_3  MAG_4    MER_0 MER_1 MER_2 MER_3 MER_4 GRADE FRAME
   1876.66969 12.859 12.815 12.811 12.838 12.849    0.047 0.024 0.021 0.023 0.024  A 1340
   1880.64999 12.769 12.724 12.683 12.652 12.642    0.049 0.032 0.025 0.027 0.030  A 1961
   1881.65388 12.713 12.655 12.636 12.662 12.696    0.034 0.024 0.020 0.022 0.025  A 2120
   1899.61984 12.672 12.691 12.660 12.649 12.600    0.041 0.027 0.022 0.024 0.026  A 3185
   1905.61721 12.816 12.779 12.789 12.811 12.841    0.038 0.023 0.018 0.020 0.023  A 3980
   1908.60737 12.585 12.641 12.684 12.718 12.716    0.030 0.024 0.019 0.020 0.022  A 4459
   1928.55698 13.481 13.343 13.173 13.050 12.968    0.030 0.025 0.019 0.020 0.022  A 6742
   1932.55336 12.795 12.735 12.738 12.735 12.698    0.031 0.028 0.020 0.019 0.022  A 7390
   1952.57854 12.696 12.734 12.738 12.723 12.733    0.040 0.037 0.027 0.026 0.028  A 9561
   1962.54225 12.700 12.728 12.764 12.797 12.826    0.045 0.045 0.040 0.044 0.043  A 10626
   1982.52104 12.654 12.652 12.674 12.670 12.684    0.037 0.033 0.028 0.032 0.029  A 12698
   1985.55650 12.830 12.880 12.934 12.953 12.899    0.051 0.043 0.037 0.045 0.038  A 13124
   1998.49162 12.822 12.872 12.835 12.814 12.765    0.064 0.052 0.043 0.051 0.050  A 14184
   2085.93938 12.758 12.725 12.752 12.786 12.741    0.056 0.029 0.026 0.030 0.032  A 23951
   2095.91078 12.776 12.764 12.786 12.826 12.799    0.071 0.034 0.030 0.034 0.038  A 25346
   2103.90019 12.741 12.712 12.675 12.625 12.633    0.072 0.048 0.037 0.041 0.045  A 25923
   2114.88009 12.939 13.011 13.106 13.141 13.392    0.065 0.051 0.056 0.067 0.079  D 26767
   2116.88127 12.824 12.786 12.793 12.759 12.773    0.051 0.029 0.025 0.028 0.031  A 27195
   2129.85740 12.607 12.611 12.597 12.637 12.632    0.061 0.031 0.026 0.029 0.031  A 28251
   2136.92723 12.730 12.604 12.606 12.639 12.677    0.052 0.029 0.025 0.029 0.033  A 29767
   2156.82059 12.632 12.603 12.605 12.597 12.673    0.058 0.035 0.030 0.035 0.039  A 31728
   2168.88291 12.778 12.787 12.798 12.829 12.821    0.047 0.032 0.026 0.027 0.029  A 32371
   2170.85602 12.734 12.697 12.700 12.699 12.608    0.055 0.039 0.036 0.041 0.046  A 32531
   2172.76663 12.840 12.815 12.841 12.852 12.837    0.049 0.033 0.026 0.028 0.031  A 32845
   2173.81179 12.583 12.556 12.521 12.474 12.452    0.053 0.033 0.028 0.030 0.033  A 33056
   2191.78003 12.662 12.628 12.612 12.606 12.570    0.049 0.036 0.029 0.029 0.031  A 35176
   2199.77099 12.576 12.508 12.519 12.525 12.480    0.048 0.036 0.028 0.029 0.031  A 36554
   2202.75448 12.667 12.648 12.640 12.615 12.620    0.047 0.038 0.030 0.030 0.030  A 36962
   2205.67592 12.902 12.869 12.867 12.863 12.880    0.073 0.069 0.071 0.079 0.087  D 37359
   2206.77391 12.791 12.824 12.833 12.824 12.810    0.043 0.038 0.030 0.031 0.030  A 37546
   2214.70716 12.697 12.732 12.771 12.773 12.797    0.047 0.042 0.034 0.037 0.036  A 38266
   2216.71604 12.903 12.912 12.903 12.887 12.793    0.048 0.044 0.036 0.040 0.038  A 38604
   2217.72023 12.587 12.555 12.558 12.564 12.574    0.046 0.040 0.032 0.036 0.034  A 38774
   2219.71172 12.626 12.641 12.613 12.614 12.570    0.048 0.040 0.033 0.039 0.038  A 38944
   2222.72986 12.647 12.701 12.790 12.862 12.810    0.048 0.042 0.034 0.040 0.038  A 39224
   2229.69050 12.798 12.826 12.835 12.852 12.831    0.048 0.041 0.033 0.039 0.038  A 40166
   2232.68151 12.821 12.838 12.842 12.891 12.898    0.045 0.039 0.030 0.034 0.033  A 40493
   2233.68373 12.879 12.910 12.946 12.984 12.972    0.048 0.042 0.033 0.038 0.036  A 40651
   2234.67254 12.728 12.782 12.803 12.850 12.862    0.052 0.046 0.037 0.042 0.040  A 40804
   2235.67159 12.654 12.693 12.659 12.663 12.647    0.047 0.042 0.032 0.036 0.034  A 40959
   2236.67319 12.695 12.643 12.636 12.621 12.613    0.052 0.045 0.037 0.043 0.041  A 41119
   2239.66069 12.824 12.827 12.965 12.994 12.931    0.056 0.047 0.039 0.047 0.046  A 41432
   2244.66904 12.716 12.649 12.660 12.761 12.759    0.067 0.055 0.045 0.055 0.054  A 42192
   2247.65514 12.818 12.824 12.782 12.789 12.784    0.060 0.050 0.041 0.049 0.048  A 42339
   2250.65458 12.971 13.030 13.048 13.149 13.110    0.055 0.046 0.038 0.045 0.044  A 42862
   2251.65339 12.870 12.786 12.810 12.908 12.929    0.061 0.050 0.041 0.047 0.046  A 43023
   2255.64194 13.076 13.018 13.038 13.063 13.036    0.057 0.048 0.039 0.046 0.045  A 43630
   2257.63924 29.999 29.999 29.999 29.999 29.999    0.077 0.059 0.048 0.056 0.057  C 43949
   2260.63056 13.009 12.871 12.880 12.962 12.952    0.068 0.054 0.043 0.050 0.050  A 44235
   2465.91582 12.518 12.506 12.513 12.530 12.512    0.037 0.038 0.032 0.036 0.032  A 11182
   2468.92613 12.763 12.776 12.722 12.699 12.652    0.039 0.036 0.027 0.029 0.029  A 11840
   2493.86631 29.999 29.999 29.999 29.999 29.999    0.067 0.061 0.056 0.062 0.059  C 14575
   2498.85534 12.749 12.798 12.786 12.787 12.842    0.038 0.040 0.034 0.038 0.035  A 15533
   2501.89536 12.651 12.607 12.643 12.643 12.665    0.039 0.039 0.034 0.038 0.037  A 16122
   2520.84122 12.789 12.755 12.734 12.724 12.758    0.052 0.046 0.037 0.040 0.031  A 18288
   2544.86860 12.586 12.572 12.560 12.505 12.597    0.030 0.032 0.029 0.034 0.038  A 20081
   2554.84958 12.725 12.734 12.740 12.730 12.760    0.048 0.040 0.034 0.042 0.042  A 21599
   2557.71508 12.742 12.673 12.588 12.551 12.628    0.068 0.062 0.054 0.053 0.050  B 21903
   2564.80508 12.729 12.752 12.813 12.836 12.834    0.028 0.032 0.024 0.027 0.031  A 23164
   2623.59962 12.738 12.784 12.801 12.803 12.778    0.030 0.028 0.023 0.024 0.028  A 30114
   2636.64706 12.687 12.772 12.746 12.715 12.692    0.031 0.026 0.020 0.020 0.023  A 32384
   2650.77479 12.570 12.570 12.533 12.579 12.569    0.031 0.022 0.020 0.022 0.024  A 34340
   2663.65508 12.767 12.787 12.803 12.799 12.819    0.023 0.022 0.020 0.021 0.023  A 36456
   2669.63661 13.499 13.175 13.014 12.891 12.807    0.025 0.020 0.019 0.021 0.024  A 37430
   2671.63560 12.715 12.708 12.710 12.741 12.769    0.040 0.025 0.023 0.025 0.027  A 37759
   2691.59862 12.792 12.823 12.795 12.800 12.786    0.049 0.056 0.027 0.025 0.025  A 41266
   2705.58114 12.626 12.607 12.557 12.538 12.560    0.031 0.035 0.028 0.029 0.032  A 43819
   2723.55274 12.596 12.573 12.568 12.547 12.542    0.030 0.033 0.024 0.025 0.029  A 46837
   2725.54950 12.739 12.779 12.690 12.700 12.716    0.032 0.043 0.024 0.021 0.022  A 47227
   2729.54109 12.782 12.810 12.811 12.797 12.784    0.028 0.032 0.020 0.023 0.026  A 48022
   2735.52445 12.811 12.821 12.798 12.795 12.751    0.030 0.023 0.019 0.021 0.024  A 48979
   2743.48569 12.785 12.809 12.745 12.708 12.668    0.030 0.029 0.026 0.027 0.030  A 50491
   2745.50088 12.829 12.963 13.009 12.951 13.014    0.049 0.051 0.054 0.059 0.067  B 50873
   2750.47862 12.699 12.754 12.693 12.712 12.750    0.026 0.022 0.021 0.022 0.024  A 51570
   2755.49600 12.749 12.789 12.791 12.753 12.725    0.028 0.023 0.020 0.021 0.024  A 52400
   2766.46190 12.690 12.722 12.729 12.789 12.814    0.025 0.026 0.025 0.028 0.031  A 54451
   2819.94237 12.758 12.819 12.758 12.738 12.676    0.035 0.037 0.034 0.038 0.041  A 61421
   2830.94004 12.744 12.602 12.528 12.534 12.542    0.032 0.034 0.031 0.038 0.044  A 62633
   2840.90642 12.633 12.655 12.633 12.616 12.546    0.027 0.029 0.024 0.029 0.033  A 64446
   2844.93677 13.066 13.183 13.121 13.040 13.022    0.025 0.032 0.022 0.022 0.025  A 65129
   2858.89343 12.750 12.738 12.743 12.745 12.784    0.023 0.022 0.018 0.021 0.024  A 66431
   2883.91102 12.644 12.564 12.628 12.710 12.753    0.031 0.031 0.030 0.036 0.040  A 69737
   2885.87322 12.758 12.719 12.723 12.765 12.793    0.022 0.024 0.018 0.020 0.022  A 70128
   2895.82529 12.711 12.722 12.732 12.735 12.720    0.025 0.032 0.023 0.027 0.027  A 71351
   2897.85196 12.781 12.882 12.891 12.881 12.806    0.028 0.034 0.024 0.028 0.026  A 71761
   2902.83576 12.630 12.797 12.926 13.003 12.961    0.048 0.057 0.052 0.058 0.060  B 72596
   2908.82749 12.703 12.793 12.784 12.774 12.776    0.023 0.026 0.019 0.018 0.019  A 73492
   2923.79704 12.799 12.821 12.825 12.866 12.940    0.029 0.025 0.023 0.026 0.029  A 75526
   2928.82132 12.642 12.596 12.604 12.586 12.607    0.029 0.033 0.029 0.031 0.034  A 76269
   2930.81871 12.724 12.727 12.736 12.717 12.694    0.024 0.027 0.020 0.021 0.024  A 76615
   2935.75928 12.878 12.836 12.859 12.863 12.836    0.021 0.026 0.019 0.020 0.022  A 77486
   2947.69005 12.688 12.632 12.697 12.743 12.758    0.030 0.038 0.026 0.028 0.030  A 79028
   2947.72616 12.788 12.780 12.694 12.656 12.638    0.030 0.033 0.024 0.025 0.028  A 79043
   2953.74624 29.999 29.999 29.999 29.999 29.999    0.051 0.058 0.070 0.082 0.093  D 79874
   2960.73799 29.999 29.999 29.999 29.999 29.999    0.042 0.043 0.044 0.052 0.061  C 80818
   2962.80200 12.579 12.674 12.769 12.841 12.806    0.033 0.032 0.033 0.040 0.046  A 81122
   2972.69556 12.564 12.499 12.521 12.511 12.541    0.026 0.026 0.022 0.025 0.028  A 82403
   2979.68292 12.753 12.806 12.772 12.758 12.722    0.032 0.023 0.021 0.025 0.028  A 83272
   2985.78150 12.828 12.784 12.763 12.773 12.831    0.030 0.026 0.024 0.028 0.031  A 84091
   2990.73494 12.631 12.654 12.625 12.613 12.630    0.028 0.023 0.022 0.024 0.028  A 84680
   3000.64037 12.747 12.784 12.813 12.855 12.824    0.030 0.025 0.024 0.027 0.030  A 85856
   3006.64690 12.828 12.820 12.752 12.684 12.705    0.024 0.025 0.023 0.026 0.029  A 86591
   3012.71056 12.853 12.804 12.861 12.968 12.973    0.025 0.026 0.026 0.031 0.036  A 87400
   3023.73719 12.633 12.581 12.588 12.620 12.620    0.026 0.026 0.024 0.028 0.033  A 88333
   3030.59658 12.822 12.828 12.815 12.812 12.792    0.024 0.024 0.023 0.026 0.029  A 88716
   3037.60295 12.760 12.702 12.722 12.773 12.794    0.025 0.025 0.024 0.027 0.032  A 89461
   3061.58972 12.609 12.569 12.601 12.594 12.602    0.023 0.023 0.022 0.025 0.028  A 92341
   3064.54126 12.838 12.784 12.755 12.743 12.688    0.034 0.032 0.034 0.036 0.039  A 92716
   3075.54934 12.885 12.921 12.986 13.078 13.092    0.034 0.033 0.036 0.039 0.044  A 94108
   3077.56193 29.999 29.999 29.999 29.999 29.999    0.041 0.032 0.031 0.034 0.036  C 94396
   3097.52103 12.678 12.766 99.999 99.999 99.999    0.032 0.027 0.031 0.037 0.043  C 96770
   3099.53808 29.999 29.999 29.999 29.999 29.999    0.058 0.059 0.064 0.071 0.080  D 97092
   3106.53126 12.694 12.729 12.774 12.795 12.881    0.027 0.026 0.024 0.026 0.030  A 98183
   3114.48562 12.746 12.737 12.749 12.762 12.767    0.025 0.024 0.022 0.026 0.029  A 99438
   3126.46497 29.999 29.999 29.999 29.999 29.999    0.046 0.050 0.057 0.072 0.088  D 100822
   3133.45748 12.626 12.589 12.563 12.505 12.534    0.028 0.028 0.027 0.030 0.035  A 101923
   3291.78906 12.539 12.515 12.500 12.480 12.465    0.043 0.036 0.024 0.023 0.024  A 118189
   3358.77953 12.885 12.796 12.791 12.800 12.795    0.090 0.046 0.038 0.040 0.041  B 124736
   3400.66941 12.783 12.740 12.742 12.749 12.729    0.048 0.033 0.028 0.031 0.035  A 127921
   3405.67549 12.850 12.830 12.814 12.827 12.819    0.034 0.025 0.025 0.027 0.030  A 128577
   3412.58969 12.840 12.794 12.776 12.785 12.771    0.065 0.041 0.036 0.039 0.040  A 129611
   3444.58422 12.862 12.920 12.858 12.804 12.759    0.109 0.056 0.052 0.060 0.066  B 133903
   3446.58857 12.934 12.935 12.997 13.115 13.149    0.036 0.028 0.030 0.033 0.035  A 134429
   3456.55774 12.729 12.708 12.709 12.727 12.804    0.031 0.027 0.027 0.031 0.036  A 136149
   3466.50917 12.857 12.781 12.739 12.718 12.696    0.057 0.031 0.027 0.029 0.033  A 137784
   3481.49104 12.802 12.850 12.880 12.886 12.832    0.066 0.036 0.036 0.043 0.051  A 140128
   3499.45644 12.781 12.740 12.689 12.672 12.622    0.062 0.036 0.030 0.033 0.037  A 142058
   3560.94348 12.787 12.671 12.732 12.800 12.829    0.053 0.041 0.048 0.062 0.068  B 149665
   3578.92619 12.849 12.869 12.890 12.894 12.873    0.041 0.028 0.024 0.027 0.032  A 152066
   3588.91351 12.853 12.806 12.783 12.728 12.701    0.079 0.037 0.032 0.036 0.038  A 153757
   3597.85818 13.126 13.137 13.033 12.952 12.945    0.043 0.031 0.027 0.030 0.033  A 155205
   3625.88118 12.890 12.990 12.966 13.005 13.011    0.031 0.029 0.023 0.023 0.026  A 158250
   3629.80809 12.501 12.426 12.435 12.438 12.427    0.047 0.040 0.034 0.038 0.043  A 158674
   3633.79355 12.729 12.712 12.760 12.827 12.790    0.041 0.030 0.027 0.031 0.036  A 159269
   3636.82365 12.699 12.699 12.749 12.744 12.791    0.033 0.035 0.031 0.037 0.042  A 159646
   3646.82900 12.677 12.661 12.652 12.656 12.639    0.030 0.029 0.022 0.024 0.028  A 160823
   3652.77816 12.760 12.670 12.688 12.730 12.703    0.037 0.026 0.024 0.028 0.032  A 161651
   3666.74070 12.664 12.656 12.599 12.579 12.580    0.055 0.035 0.030 0.033 0.037  A 163689
   3669.83066 12.812 12.805 12.768 12.763 12.744    0.031 0.030 0.025 0.028 0.033  A 164038
   3706.65027 12.691 12.640 12.581 12.534 12.545    0.068 0.040 0.035 0.039 0.044  A 168845
   3715.72775 12.702 12.656 12.590 12.544 12.492    0.071 0.040 0.037 0.044 0.048  A 169855
   3725.68931 12.853 12.807 12.790 12.802 12.790    0.080 0.042 0.036 0.039 0.043  A 171019
   3733.75296 12.839 12.815 12.808 12.836 12.796    0.052 0.030 0.027 0.030 0.033  A 171975
   3761.62525 12.736 12.713 12.717 12.720 12.727    0.050 0.032 0.034 0.041 0.048  A 175734
   3763.70488 12.843 12.770 12.705 12.685 12.620    0.089 0.054 0.053 0.059 0.067  B 176038
   3779.68137 12.550 12.622 12.682 12.760 12.819    0.036 0.035 0.039 0.049 0.058  A 178268
   3783.58739 29.999 29.999 29.999 29.999 29.999    0.034 0.032 0.035 0.043 0.049  C 178655
   3787.59177 12.740 12.764 12.814 12.921 12.947    0.051 0.041 0.037 0.040 0.043  A 178825
   3792.56249 12.799 12.776 12.761 12.752 99.999    0.051 0.034 0.034 0.038 0.043  C 179528
   3794.62462 12.821 12.724 12.745 12.757 12.731    0.033 0.032 0.032 0.038 0.043  A 179835
   3806.60683 12.555 12.503 12.484 12.471 12.472    0.051 0.036 0.035 0.043 0.049  A 181459
   3810.52297 12.805 12.823 12.781 12.680 12.635    0.051 0.046 0.035 0.039 0.044  A 181943
   3814.56433 12.737 12.779 12.777 12.759 12.738    0.056 0.039 0.037 0.042 0.048  A 182593
   3819.56326 12.831 12.849 12.852 12.833 12.768    0.037 0.029 0.030 0.036 0.043  A 183391
   3824.56273 12.619 12.588 12.606 12.633 12.629    0.062 0.033 0.033 0.038 0.042  A 184207
   3827.49425 12.870 12.749 12.738 12.704 12.684    0.081 0.041 0.036 0.038 0.043  B 184694
   3834.53388 12.538 12.559 12.604 12.687 12.821    0.044 0.033 0.035 0.043 0.049  A 185908
   3861.45900 12.705 12.658 12.676 12.701 12.669    0.063 0.036 0.034 0.038 0.043  A 188953
   3905.93994 12.606 12.538 12.482 12.448 12.440    0.041 0.030 0.030 0.036 0.042  A 195705
   4089.75454 12.786 12.804 12.846 12.862 12.902    0.072 0.045 0.041 0.048 0.055  A 209169
   4092.63734 12.745 12.692 12.662 12.602 12.555    0.045 0.031 0.029 0.032 0.035  A 209514
   4105.61913 12.791 12.682 12.636 12.585 12.578    0.066 0.037 0.032 0.034 0.038  A 210814
   4107.63251 12.848 12.807 12.768 12.736 12.746    0.043 0.027 0.024 0.027 0.031  A 211099
   4111.63473 12.857 12.687 12.652 12.635 12.691    0.074 0.041 0.035 0.037 0.041  A 211383
   4152.66352 12.643 12.526 12.477 12.412 12.361    0.055 0.035 0.030 0.033 0.034  A 215129
   4164.55148 12.775 12.764 12.741 12.701 12.635    0.077 0.049 0.049 0.056 0.060  B 216875
   4172.59862 12.654 12.613 12.677 12.719 12.553    0.068 0.047 0.045 0.052 0.058  A 217899
   4180.56315 12.542 12.496 12.460 12.419 12.384    0.057 0.038 0.037 0.040 0.045  A 218963
   4196.50790 12.789 12.825 12.833 12.805 12.682    0.060 0.047 0.048 0.058 0.069  B 221001
   4204.52450 12.731 12.729 12.779 12.865 12.951    0.057 0.041 0.032 0.036 0.042  A 221910
   4291.94098 12.828 12.862 12.861 12.862 12.875    0.035 0.035 0.031 0.035 0.038  A 230794
   4295.94317 12.718 12.691 12.696 12.728 12.751    0.035 0.032 0.026 0.030 0.033  A 231502
   4338.85194 12.869 12.839 12.874 12.935 13.043    0.046 0.038 0.029 0.031 0.035  A 236504
   4355.82176 12.748 12.691 12.673 12.630 12.605    0.032 0.030 0.025 0.028 0.032  A 239237
   4379.79243 12.804 12.829 12.829 12.813 12.850    0.037 0.031 0.026 0.028 0.032  A 242624
   4384.81663 12.547 12.514 12.533 12.541 12.596    0.037 0.034 0.028 0.033 0.035  A 243391
   4387.77953 12.677 12.714 12.652 12.671 12.701    0.050 0.040 0.032 0.035 0.038  A 243856
   4402.74441 12.576 12.553 12.558 12.547 12.551    0.043 0.033 0.029 0.033 0.037  A 245150
   4424.79513 12.721 12.773 12.780 12.811 12.859    0.070 0.040 0.033 0.035 0.037  A 246833
   4455.68856 12.607 12.617 12.632 12.680 12.740    0.040 0.035 0.034 0.041 0.047  A 250356
   4521.55122 12.860 12.792 12.779 12.761 12.772    0.064 0.032 0.027 0.029 0.037  A 257814
   4553.53472 12.658 12.588 12.599 12.651 12.648    0.040 0.029 0.026 0.031 0.037  A 262362
   4564.50746 12.683 12.627 12.564 12.562 12.636    0.033 0.031 0.030 0.036 0.042  A 264153
#dataset= 3 ; 2 F0440-40_129
#desig= 045019-4310.8
#cra=    4.838486  04:50:18.5
#cdec= -43.180676 -43:10:50.4
#class= 0
#cmag_0= 12.752
#cmer_0=  0.095
#nskip_0= 3
#cmag_1= 12.734
#cmer_1=  0.102
#nskip_1= 3
#cmag_2= 12.733
#cmer_2=  0.114
#nskip_2= 4
#cmag_3= 12.729
#cmer_3=  0.130
#nskip_3= 5
#cmag_4= 12.729
#cmer_4=  0.151
#nskip_4= 4
#ra=    4.838486  04:50:18.5
#dec= -43.180676 -43:10:50.4
#     HJD      MAG_0  MAG_1  MAG_2  MAG_3  MAG_4    MER_0 MER_1 MER_2 MER_3 MER_4 GRADE FRAME
   1868.68471 12.754 12.804 12.770 12.719 12.703    0.056 0.028 0.024 0.026 0.029  A 99
   1869.67202 12.671 12.663 12.653 12.612 12.585    0.032 0.019 0.019 0.022 0.024  A 257
   1870.68218 12.767 12.748 12.733 12.727 12.727    0.075 0.037 0.024 0.026 0.027  A 409
   1871.68599 12.553 12.505 12.485 12.472 12.461    0.069 0.029 0.024 0.026 0.028  A 541
   1872.67974 12.641 12.590 12.576 12.605 12.580    0.071 0.032 0.028 0.029 0.030  A 699
   1873.67918 12.672 12.635 12.623 12.606 12.582    0.054 0.025 0.022 0.024 0.026  A 861
   1874.67090 12.644 12.630 12.632 12.632 12.616    0.056 0.023 0.021 0.023 0.025  A 1019
   1875.67094 12.727 12.726 12.729 12.714 12.677    0.036 0.019 0.018 0.020 0.023  A 1179
   1877.67015 12.817 12.813 12.793 12.766 12.781    0.040 0.025 0.021 0.023 0.026  A 1500
   1878.66207 12.759 12.763 12.769 12.759 12.709    0.041 0.027 0.022 0.023 0.026  A 1654
   1879.66316 12.811 12.800 12.816 12.833 12.824    0.037 0.026 0.022 0.022 0.025  A 1810
   1884.63520 12.667 12.656 12.626 12.620 12.609    0.041 0.024 0.021 0.023 0.026  A 2262
   1885.65009 12.968 12.911 12.931 12.923 12.946    0.037 0.027 0.022 0.024 0.026  A 2427
   1887.64236 12.772 12.847 12.868 12.910 13.023    0.045 0.024 0.022 0.026 0.029  A 2744
   1888.64411 12.772 12.764 12.755 12.765 12.798    0.036 0.024 0.021 0.024 0.027  A 2904
   1889.64291 12.605 12.563 12.530 12.508 12.490    0.044 0.031 0.028 0.029 0.034  A 3065
   1900.63342 12.686 12.703 12.700 12.712 12.702    0.037 0.027 0.021 0.023 0.026  A 3349
   1902.60453 12.837 12.770 12.769 12.760 12.727    0.035 0.022 0.018 0.020 0.022  A 3493
   1903.62743 12.767 12.720 12.700 12.742 12.789    0.036 0.021 0.018 0.019 0.022  A 3663
   1904.60304 12.840 12.781 12.772 12.748 12.740    0.040 0.021 0.019 0.021 0.023  A 3813
   1906.60789 12.806 12.791 12.822 12.870 12.931    0.033 0.024 0.020 0.021 0.025  A 4139
   1907.61728 12.545 12.566 12.552 12.557 12.537    0.031 0.025 0.019 0.020 0.023  A 4302
   1914.60207 12.762 12.736 12.733 12.731 12.742    0.036 0.024 0.021 0.023 0.027  A 4753
   1915.61253 12.838 12.842 12.884 12.966 13.064    0.030 0.022 0.019 0.020 0.023  A 4916
   1918.58437 12.653 12.597 12.556 12.513 12.511    0.032 0.027 0.022 0.025 0.028  A 5119
   1920.57538 12.827 12.768 12.802 12.809 12.798    0.029 0.022 0.019 0.021 0.025  A 5435
   1922.57397 12.711 12.725 12.757 12.796 12.831    0.029 0.027 0.020 0.020 0.023  A 5746
   1924.56492 12.811 12.702 12.693 12.709 12.708    0.034 0.025 0.020 0.021 0.024  A 6075
   1926.55738 12.639 12.608 12.611 12.634 12.652    0.029 0.025 0.019 0.021 0.023  A 6411
   1928.55698 13.465 13.417 13.214 13.099 13.050    0.030 0.025 0.019 0.020 0.022  A 6742
   1930.55835 12.790 12.730 12.714 12.692 12.659    0.032 0.027 0.021 0.023 0.025  A 7059
   1934.55686 12.536 12.557 12.493 12.439 12.406    0.028 0.026 0.020 0.021 0.024  A 7720
   1937.55281 12.816 12.769 12.745 12.735 12.710    0.027 0.029 0.021 0.022 0.024  A 8116
   1939.61169 12.756 12.749 12.746 12.717 12.708    0.030 0.028 0.020 0.021 0.023  A 8376
   1946.53529 12.719 12.654 12.615 12.593 12.546    0.030 0.029 0.023 0.025 0.029  A 8768
   1949.54038 12.878 12.822 12.841 12.853 12.828    0.030 0.027 0.021 0.023 0.028  A 9150
   1954.58427 12.613 12.686 12.686 12.710 12.667    0.045 0.040 0.030 0.031 0.030  A 9829
   1959.51910 29.999 29.999 29.999 29.999 29.999    0.035 0.035 0.025 0.025 0.027  C 10351
   1964.56269 12.759 12.761 12.751 12.725 12.715    0.035 0.031 0.025 0.029 0.025  A 10959
   1966.57610 12.816 12.758 12.753 12.737 12.719    0.038 0.035 0.027 0.032 0.028  A 11337
   1968.56128 12.783 12.759 12.799 12.788 12.872    0.045 0.039 0.033 0.040 0.034  A 11673
   1979.49863 12.660 12.592 12.546 12.517 12.567    0.043 0.037 0.032 0.041 0.035  A 12169
   1995.49175 12.788 12.814 12.840 12.891 12.904    0.051 0.042 0.036 0.043 0.040  A 13583
   1998.49162 12.699 12.795 12.784 12.800 12.809    0.064 0.052 0.043 0.051 0.050  A 14184
   2009.48704 12.737 12.845 12.945 13.060 13.192    0.084 0.070 0.061 0.068 0.067  D 15317
   2080.94347 12.900 12.870 12.875 12.900 12.950    0.072 0.036 0.032 0.035 0.039  A 23033
   2087.93343 12.718 12.696 12.659 12.605 12.571    0.071 0.035 0.031 0.032 0.036  A 24393
   2093.94731 12.814 12.780 12.769 12.785 12.797    0.069 0.033 0.030 0.034 0.039  A 24911
   2105.90151 12.836 12.722 12.672 12.662 12.650    0.070 0.032 0.027 0.029 0.032  A 26347
   2128.84522 12.574 12.557 12.545 12.549 12.523    0.060 0.034 0.028 0.031 0.035  A 28031
   2130.85651 12.756 12.657 12.655 12.628 12.520    0.062 0.031 0.027 0.029 0.032  A 28466
   2131.86343 12.854 12.795 12.824 12.837 12.869    0.060 0.028 0.024 0.027 0.029  A 28670
   2132.86975 12.705 12.747 12.759 12.782 12.793    0.062 0.030 0.025 0.027 0.030  A 28883
   2133.89457 12.811 12.816 12.834 12.855 12.847    0.043 0.028 0.023 0.026 0.028  A 29112
   2166.82867 12.744 12.691 12.678 12.680 12.650    0.052 0.034 0.028 0.029 0.032  A 31993
   2167.82724 12.799 12.797 12.824 12.865 12.883    0.057 0.034 0.027 0.030 0.033  A 32180
   2177.78849 12.761 12.720 12.723 12.727 12.705    0.046 0.033 0.026 0.029 0.032  A 33493
   2183.74991 12.665 12.617 12.630 12.676 12.737    0.052 0.038 0.031 0.034 0.036  A 33937
   2185.75843 12.781 12.759 12.794 12.877 12.960    0.048 0.038 0.029 0.032 0.035  A 34320
   2186.80970 12.718 12.649 12.652 12.638 12.636    0.044 0.036 0.029 0.032 0.034  A 34448
   2190.78002 12.593 12.564 12.512 12.475 12.474    0.045 0.036 0.029 0.030 0.032  A 35001
   2192.78423 12.661 12.621 12.644 12.636 12.627    0.046 0.035 0.028 0.029 0.033  A 35354
   2193.78762 12.767 12.771 12.740 12.716 12.725    0.048 0.037 0.028 0.028 0.031  A 35535
   2194.77109 12.784 12.731 12.752 12.735 12.764    0.045 0.035 0.027 0.028 0.031  A 35708
   2197.72576 12.725 12.771 12.750 12.741 12.734    0.038 0.033 0.024 0.025 0.028  A 36174
   2198.75480 12.730 12.705 12.677 12.641 12.611    0.045 0.038 0.028 0.029 0.031  A 36366
   2200.79223 12.697 12.666 12.659 12.654 12.698    0.042 0.038 0.029 0.030 0.031  A 36631
   2201.80763 12.757 12.738 12.680 12.662 12.652    0.039 0.036 0.028 0.029 0.029  A 36817
   2203.74902 12.600 12.608 12.571 12.548 12.503    0.044 0.044 0.035 0.037 0.034  A 37133
   2208.71135 12.712 12.690 12.705 12.719 12.717    0.051 0.037 0.028 0.028 0.031  A 37710
   2212.63753 12.788 12.740 12.697 12.610 12.569    0.054 0.042 0.033 0.034 0.037  A 37918
   2215.70893 13.007 12.908 12.830 12.811 12.813    0.047 0.042 0.035 0.039 0.038  A 38435
   2225.70170 12.754 12.738 12.708 12.686 12.680    0.044 0.041 0.033 0.037 0.034  A 39537
   2227.69492 12.666 12.693 12.647 12.601 12.614    0.046 0.040 0.033 0.040 0.038  A 39840
   2228.69292 12.655 12.614 12.597 12.597 12.550    0.052 0.046 0.037 0.044 0.041  A 40004
   2241.66917 12.902 12.891 12.943 12.945 13.009    0.051 0.045 0.036 0.043 0.043  A 41753
   2242.65988 12.678 12.691 12.785 12.814 12.883    0.056 0.049 0.039 0.045 0.044  A 41910
   2247.65514 12.708 12.794 12.827 12.831 12.786    0.060 0.050 0.041 0.049 0.048  A 42339
   2248.65931 12.664 12.690 12.685 12.710 12.725    0.066 0.053 0.044 0.051 0.051  A 42507
   2249.66078 12.667 12.749 12.768 12.785 12.756    0.059 0.050 0.041 0.049 0.047  A 42704
   2250.65458 12.854 12.856 12.844 12.825 12.857    0.055 0.046 0.038 0.045 0.044  A 42862
   2252.64789 12.769 12.790 12.848 12.873 12.905    0.064 0.050 0.040 0.048 0.048  A 43183
   2253.64843 12.581 12.577 12.580 12.648 12.645    0.063 0.051 0.040 0.048 0.048  A 43345
   2254.64445 12.575 12.597 12.647 12.640 12.626    0.062 0.050 0.039 0.047 0.047  A 43473
   2255.64194 12.744 12.701 12.704 12.718 12.667    0.057 0.048 0.039 0.046 0.045  A 43630
   2256.64305 12.719 12.774 12.798 12.808 12.841    0.070 0.056 0.044 0.051 0.050  A 43789
   2258.63843 12.826 12.819 12.834 12.866 12.912    0.064 0.052 0.040 0.047 0.047  A 44109
   2262.62947 12.501 12.488 12.505 12.531 12.496    0.076 0.061 0.047 0.051 0.053  B 44540
   2263.62563 12.501 12.433 12.557 12.634 12.654    0.087 0.068 0.051 0.054 0.055  D 44701
   2467.91713 12.812 12.840 12.816 12.852 12.848    0.024 0.026 0.018 0.019 0.019  A 11620
   2470.92088 12.667 12.699 12.735 12.726 12.726    0.033 0.035 0.029 0.035 0.028  A 12121
   2486.87572 29.999 29.999 29.999 29.999 29.999    0.071 0.067 0.061 0.069 0.072  D 13429
   2496.84092 12.820 12.834 12.824 12.797 12.839    0.034 0.035 0.027 0.030 0.026  A 15101
   2538.85380 12.584 12.576 12.582 12.668 12.745    0.081 0.062 0.055 0.063 0.062  B 19425
   2540.80852 12.713 12.801 12.850 12.823 12.795    0.043 0.030 0.029 0.027 0.029  A 19784
   2553.76983 12.733 12.879 12.844 12.830 12.787    0.042 0.046 0.039 0.038 0.032  A 21381
   2558.85096 12.826 12.799 12.826 12.855 12.830    0.026 0.027 0.019 0.021 0.021  A 22138
   2560.72468 12.760 12.735 12.754 12.772 12.773    0.026 0.022 0.018 0.019 0.020  A 22443
   2561.81619 12.799 12.781 12.771 12.761 12.778    0.032 0.020 0.018 0.020 0.023  A 22631
   2566.72488 12.600 12.630 12.619 12.597 12.587    0.033 0.034 0.028 0.032 0.031  A 23487
   2577.85471 11.373 11.547 11.679 11.758 11.854    0.030 0.034 0.027 0.030 0.028  A 24869
   2621.64946 12.677 12.643 12.681 12.665 12.674    0.022 0.025 0.022 0.021 0.023  A 29804
   2623.59962 12.710 12.787 12.761 12.733 12.734    0.030 0.028 0.023 0.024 0.028  A 30114
   2624.73493 12.662 12.658 12.617 12.592 12.559    0.047 0.034 0.027 0.028 0.030  A 30292
   2627.73447 12.824 12.832 12.916 13.005 13.012    0.032 0.025 0.022 0.025 0.028  A 30612
   2629.74897 12.891 12.845 12.834 12.789 12.729    0.043 0.045 0.027 0.025 0.026  A 30918
   2634.62495 12.839 12.831 12.810 12.823 12.842    0.025 0.024 0.019 0.020 0.022  A 32071
   2638.65675 12.744 12.719 12.657 12.619 12.611    0.028 0.025 0.019 0.022 0.024  A 32679
   2640.65470 12.821 12.801 12.802 12.847 12.855    0.035 0.028 0.020 0.018 0.020  A 32988
   2642.65250 12.795 12.752 12.722 12.675 12.648    0.027 0.022 0.019 0.020 0.022  A 33272
   2644.64839 12.623 12.591 12.580 12.601 12.588    0.032 0.021 0.018 0.020 0.023  A 33575
   2646.62770 12.677 12.639 12.631 12.617 12.603    0.023 0.021 0.021 0.023 0.027  A 33868
   2649.62181 12.714 12.724 12.765 12.844 12.885    0.022 0.020 0.019 0.021 0.025  A 34119
   2652.62267 12.707 12.649 12.647 12.618 12.691    0.029 0.031 0.027 0.030 0.029  A 34579
   2654.61659 12.663 12.610 12.656 12.737 12.662    0.030 0.021 0.019 0.020 0.022  A 34886
   2657.64754 12.772 12.766 12.812 12.815 12.811    0.025 0.023 0.022 0.025 0.028  A 35430
   2659.65922 12.729 12.706 12.711 12.759 12.786    0.033 0.026 0.024 0.027 0.030  A 35777
   2661.65634 12.709 12.636 12.634 12.664 12.683    0.033 0.023 0.020 0.022 0.025  A 36118
   2665.64783 12.715 12.704 12.702 12.705 12.703    0.031 0.021 0.019 0.020 0.022  A 36804
   2667.64718 12.869 12.842 12.820 12.828 12.860    0.027 0.019 0.018 0.019 0.021  A 37108
   2673.63006 13.036 13.051 13.022 12.969 13.031    0.028 0.021 0.019 0.021 0.022  A 38094
   2675.61776 12.742 12.727 12.743 12.778 12.782    0.036 0.020 0.018 0.020 0.023  A 38448
   2677.59948 12.821 12.755 12.722 12.712 12.742    0.030 0.023 0.021 0.022 0.025  A 38787
   2679.58960 12.595 12.560 12.565 12.568 12.520    0.026 0.020 0.020 0.022 0.025  A 39114
   2681.58130 12.718 12.643 12.601 12.582 12.637    0.024 0.024 0.022 0.023 0.025  A 39434
   2683.58929 12.764 12.714 12.789 12.841 12.852    0.032 0.041 0.026 0.024 0.026  A 39794
   2685.60174 12.820 12.758 12.732 12.771 12.773    0.033 0.033 0.028 0.029 0.032  A 40162
   2689.60459 12.714 12.671 12.626 12.613 99.999    0.030 0.025 0.023 0.025 0.028  C 40895
   2693.61099 12.764 12.748 12.718 12.655 12.639    0.034 0.037 0.025 0.023 0.024  A 41571
   2695.59890 12.751 12.725 12.732 12.741 12.743    0.027 0.028 0.022 0.022 0.023  A 41935
   2697.59948 12.593 12.578 12.577 12.543 12.525    0.041 0.035 0.020 0.020 0.022  A 42265
   2699.59538 12.858 12.762 12.803 12.839 12.846    0.031 0.038 0.021 0.021 0.023  A 42684
   2701.59332 12.778 12.703 12.716 12.733 12.775    0.031 0.026 0.022 0.021 0.023  A 43067
   2703.58908 12.692 12.686 12.719 12.730 12.755    0.032 0.024 0.020 0.021 0.022  A 43448
   2707.57923 12.689 12.620 12.658 12.684 12.646    0.027 0.024 0.020 0.021 0.023  A 44184
   2709.56581 12.700 12.630 12.627 12.598 12.553    0.034 0.053 0.032 0.029 0.027  A 44542
   2711.57019 12.827 12.813 12.802 12.798 12.813    0.028 0.023 0.022 0.024 0.025  A 44917
   2713.58233 12.793 12.764 12.810 12.835 12.802    0.024 0.027 0.023 0.024 0.026  A 45296
   2719.51026 12.858 12.838 12.813 12.797 12.789    0.033 0.032 0.023 0.021 0.024  A 46045
   2721.55072 12.771 12.787 12.811 12.883 12.961    0.042 0.030 0.025 0.027 0.029  A 46448
   2725.54950 12.783 12.688 12.651 12.658 12.676    0.032 0.043 0.024 0.021 0.022  A 47227
   2727.54304 12.826 12.714 12.724 12.758 12.795    0.034 0.032 0.022 0.021 0.022  A 47614
   2733.52882 12.689 12.613 12.592 12.552 12.590    0.038 0.032 0.022 0.024 0.028  A 48575
   2740.51876 12.773 12.717 12.711 12.677 12.580    0.034 0.028 0.027 0.031 0.035  A 49916
   2743.48569 12.756 12.726 12.712 12.683 12.640    0.030 0.029 0.026 0.027 0.030  A 50491
   2752.49582 12.683 12.634 12.635 12.608 12.627    0.026 0.024 0.022 0.024 0.026  A 51965
   2758.46870 12.819 12.809 12.832 12.839 12.867    0.032 0.033 0.033 0.035 0.037  A 53008
   2761.46305 12.635 12.687 12.739 12.739 12.741    0.025 0.026 0.024 0.027 0.031  A 53557
   2764.46046 12.617 12.642 12.606 12.587 12.628    0.038 0.034 0.037 0.043 0.049  A 54172
   2815.94161 12.776 12.757 12.727 12.677 12.692    0.026 0.030 0.027 0.029 0.032  A 60883
   2836.92251 12.580 12.554 12.704 12.853 13.024    0.030 0.035 0.030 0.035 0.037  A 63797
   2853.91811 12.740 12.689 12.673 12.635 12.612    0.029 0.031 0.026 0.029 0.032  A 65780
   2860.90592 12.880 12.855 12.812 12.784 12.731    0.019 0.023 0.018 0.020 0.022  A 66865
   2867.83689 12.612 12.749 12.750 12.673 12.579    0.032 0.037 0.029 0.032 0.032  A 67847
   2875.89504 12.704 12.701 12.702 12.684 12.693    0.021 0.021 0.019 0.019 0.021  A 68661
   2879.85507 12.856 12.776 12.779 12.766 12.766    0.030 0.032 0.027 0.031 0.028  A 69344
   2893.77565 12.725 12.749 12.690 12.655 12.641    0.035 0.040 0.029 0.033 0.036  A 70935
   2899.83012 12.691 12.704 12.752 12.766 12.811    0.021 0.027 0.023 0.023 0.025  A 72113
   2905.85841 12.903 12.889 12.900 12.952 12.966    0.021 0.033 0.024 0.026 0.025  A 73075
   2915.82022 12.789 12.791 12.782 12.791 12.803    0.025 0.025 0.021 0.023 0.025  A 74464
   2921.80448 29.999 29.999 29.999 29.999 29.999    0.033 0.036 0.037 0.044 0.051  C 75149
   2933.74626 12.775 12.804 12.802 12.799 12.792    0.028 0.026 0.024 0.027 0.030  A 77119
   2939.75109 12.784 12.766 12.816 12.851 12.860    0.020 0.030 0.020 0.022 0.023  A 77863
   2943.69177 12.831 12.766 12.793 12.797 12.817    0.026 0.037 0.028 0.029 0.027  A 78385
   2945.69699 29.999 29.999 29.999 29.999 29.999    0.027 0.028 0.027 0.028 0.033  C 78730
   2949.73765 12.818 12.825 12.775 12.790 12.795    0.022 0.023 0.020 0.022 0.026  A 79321
   2951.73184 12.797 12.692 12.747 12.819 12.927    0.058 0.060 0.061 0.062 0.065  D 79600
   2955.79213 12.648 12.632 12.614 12.579 12.543    0.024 0.026 0.022 0.026 0.030  A 80147
   2958.68013 12.704 12.726 12.690 12.648 12.571    0.023 0.023 0.020 0.022 0.025  A 80540
   2965.66412 12.740 12.811 12.868 12.877 12.878    0.033 0.034 0.036 0.043 0.050  A 81495
   2967.71502 12.747 12.760 12.788 12.787 12.799    0.031 0.034 0.036 0.041 0.044  A 81799
   2975.63798 12.717 12.685 12.676 12.663 12.668    0.025 0.024 0.023 0.025 0.028  A 82715
   2977.67016 29.999 29.999 29.999 29.999 29.999    0.033 0.033 0.034 0.040 0.048  C 82999
   2979.68292 12.726 12.703 12.660 12.631 12.621    0.032 0.023 0.021 0.025 0.028  A 83272
   2983.72824 12.695 12.705 12.706 12.698 12.736    0.025 0.024 0.025 0.029 0.033  A 83812
   2988.66604 12.767 12.746 12.751 12.747 12.732    0.024 0.023 0.020 0.022 0.026  A 84399
   2992.76252 12.709 12.689 12.682 12.676 12.660    0.025 0.030 0.032 0.036 0.039  A 84967
   2995.61638 12.675 12.730 12.686 12.687 12.720    0.022 0.022 0.020 0.022 0.024  A 85300
   2997.64517 12.848 12.786 12.793 12.762 12.761    0.023 0.022 0.019 0.021 0.023  A 85586
   3008.66283 12.634 12.591 12.564 12.536 12.519    0.024 0.025 0.023 0.026 0.030  A 86852
   3010.68022 12.743 12.693 12.696 12.685 12.725    0.025 0.027 0.026 0.031 0.035  A 87127
   3015.72685 12.559 12.505 12.559 12.643 12.590    0.034 0.035 0.037 0.043 0.050  A 87655
   3017.72761 12.630 12.542 12.528 12.505 12.442    0.064 0.057 0.060 0.062 0.066  D 87909
   3019.73591 12.827 12.834 12.864 12.912 12.900    0.024 0.025 0.024 0.027 0.030  A 88177
   3034.66182 12.676 12.711 12.773 12.816 12.860    0.023 0.025 0.025 0.028 0.034  A 89142
   3041.60674 12.828 12.749 12.779 12.841 12.850    0.028 0.027 0.027 0.031 0.037  A 89676
   3043.70385 12.659 12.743 12.868 12.980 12.772    0.037 0.040 0.045 0.052 0.060  A 89950
   3046.58402 12.763 12.818 12.843 12.838 12.879    0.025 0.024 0.023 0.026 0.029  A 90315
   3049.57282 12.808 12.747 12.776 12.815 12.816    0.024 0.022 0.021 0.024 0.027  A 90704
   3052.55979 12.778 12.652 12.630 12.584 12.567    0.027 0.032 0.031 0.034 0.036  A 91107
   3054.59605 12.735 12.703 12.690 12.663 12.656    0.024 0.023 0.023 0.025 0.028  A 91391
   3056.61270 12.867 12.844 12.874 12.881 12.964    0.030 0.029 0.029 0.033 0.037  A 91671
   3059.56012 12.840 12.825 12.859 12.872 12.850    0.034 0.034 0.037 0.043 0.049  A 92055
   3067.59178 12.858 12.843 12.896 12.964 13.012    0.026 0.027 0.024 0.028 0.032  A 93031
   3069.62586 12.672 12.625 12.629 12.607 12.592    0.030 0.031 0.031 0.036 0.043  A 93336
   3072.53854 12.618 12.617 12.598 12.555 12.553    0.024 0.026 0.026 0.031 0.037  A 93731
   3079.58634 12.667 12.664 12.640 12.626 12.624    0.028 0.029 0.028 0.032 0.036  A 94696
   3082.54380 12.758 12.750 12.747 12.739 12.732    0.024 0.023 0.023 0.026 0.030  A 95127
   3086.54372 12.926 12.947 12.868 12.751 12.762    0.043 0.041 0.042 0.048 0.055  A 95421
   3088.56304 12.693 12.702 12.830 12.960 13.033    0.032 0.035 0.037 0.042 0.046  A 95739
   3090.55623 12.826 12.723 12.643 12.549 12.471    0.031 0.035 0.036 0.039 0.044  A 96041
   3093.52104 12.837 12.896 12.874 12.861 12.823    0.027 0.025 0.024 0.027 0.031  A 96488
   3102.50398 12.795 12.764 12.775 12.815 12.823    0.026 0.026 0.025 0.029 0.034  A 97543
   3104.51904 12.861 12.804 12.864 12.866 12.782    0.034 0.031 0.029 0.032 0.037  A 97869
   3109.49676 12.762 12.733 12.720 12.647 12.707    0.024 0.030 0.022 0.026 0.030  A 98642
   3111.50086 12.814 12.787 12.795 12.776 12.759    0.025 0.025 0.026 0.031 0.035  A 98955
   3121.47518 12.708 12.680 12.667 12.670 12.710    0.033 0.028 0.025 0.028 0.033  A 100034
   3129.46360 29.999 29.999 29.999 29.999 29.999    0.040 0.042 0.048 0.060 0.073  C 101307
   3185.94230 12.709 12.706 12.757 12.804 12.819    0.048 0.052 0.054 0.061 0.067  B 108038
   3270.81072 12.865 12.772 12.672 12.665 12.653    0.035 0.036 0.027 0.028 0.032  A 115855
   3279.80255 12.769 12.807 12.824 12.787 12.725    0.033 0.030 0.025 0.027 0.031  A 117025
   3295.73273 12.800 12.799 12.772 12.759 12.737    0.037 0.035 0.025 0.025 0.027  A 118558
   3356.66965 12.645 12.676 12.660 12.664 12.694    0.101 0.049 0.042 0.045 0.044  B 124483
   3365.64665 12.836 12.817 12.745 12.644 12.599    0.097 0.053 0.045 0.049 0.052  B 125058
   3386.59642 12.792 12.801 12.783 12.734 12.703    0.066 0.040 0.036 0.038 0.042  A 126155
   3388.66328 12.783 12.774 12.782 12.790 12.801    0.065 0.038 0.030 0.031 0.034  A 126442
   3390.64586 12.687 12.597 12.625 12.671 12.708    0.072 0.040 0.034 0.038 0.040  A 126724
   3395.72153 12.762 12.748 12.733 12.686 12.633    0.065 0.040 0.038 0.041 0.048  A 127287
   3398.60068 12.799 12.738 12.731 12.728 12.746    0.036 0.026 0.027 0.030 0.034  A 127621
   3403.65882 12.759 12.709 12.701 12.749 12.797    0.059 0.031 0.027 0.029 0.033  A 128258
   3407.70563 12.772 12.736 12.790 12.841 12.844    0.032 0.031 0.030 0.033 0.036  A 128903
   3409.70799 12.749 12.713 12.695 12.755 12.789    0.101 0.058 0.055 0.063 0.068  B 129214
   3414.59619 12.992 13.088 13.119 13.167 13.174    0.085 0.046 0.044 0.047 0.052  B 129929
   3416.60302 12.613 12.669 12.680 12.732 12.807    0.081 0.045 0.038 0.041 0.043  B 130255
   3418.61526 12.690 12.701 12.691 12.733 12.778    0.101 0.048 0.039 0.042 0.045  B 130569
   3422.63812 12.652 12.612 12.624 12.705 12.946    0.091 0.056 0.060 0.071 0.081  D 131210
   3425.57869 12.548 12.495 12.501 12.487 12.466    0.075 0.042 0.037 0.041 0.045  A 131653
   3427.57139 12.737 12.711 12.654 12.593 12.583    0.084 0.041 0.037 0.041 0.045  B 131986
   3431.58586 12.847 12.851 12.871 12.910 12.904    0.050 0.036 0.036 0.040 0.044  A 132341
   3433.58462 12.738 12.734 12.763 12.759 12.709    0.072 0.035 0.031 0.035 0.038  A 132672
   3436.58576 12.704 12.771 12.745 12.724 12.671    0.053 0.033 0.031 0.039 0.045  A 132969
   3439.57787 12.900 12.837 12.830 12.832 12.841    0.054 0.027 0.024 0.026 0.030  A 133307
   3442.56858 12.745 12.716 99.999 99.999 99.999    0.071 0.031 0.031 0.034 0.036  C 133567
   3449.54576 12.864 12.843 12.866 12.859 12.822    0.086 0.051 0.037 0.043 0.049  B 135035
   3454.56222 12.766 12.731 12.705 12.672 12.573    0.071 0.037 0.034 0.038 0.045  A 135798
   3458.54390 12.797 12.742 12.669 12.583 12.553    0.035 0.027 0.028 0.034 0.039  A 136499
   3460.55079 12.625 12.566 12.565 12.546 12.467    0.035 0.026 0.023 0.025 0.028  A 136868
   3463.51068 12.690 12.759 12.777 12.788 12.852    0.084 0.045 0.043 0.049 0.056  B 137282
   3469.51690 12.675 12.678 12.687 12.694 12.679    0.052 0.031 0.026 0.028 0.031  A 138209
   3471.53038 12.749 12.716 12.666 12.630 12.643    0.034 0.028 0.024 0.027 0.029  A 138537
   3474.49043 12.722 12.682 12.681 12.683 12.698    0.059 0.031 0.025 0.027 0.030  A 139006
   3477.49565 12.727 12.695 12.701 12.729 12.780    0.036 0.026 0.026 0.029 0.033  A 139499
   3490.46091 12.862 12.882 12.935 13.000 13.086    0.080 0.046 0.043 0.050 0.056  A 141076
   3554.94332 12.830 12.822 12.851 12.924 13.063    0.038 0.033 0.032 0.038 0.044  A 148860
   3564.92191 12.710 12.617 12.639 12.647 12.567    0.035 0.030 0.026 0.030 0.035  A 150345
   3570.93987 12.742 12.787 12.784 12.794 12.799    0.037 0.036 0.026 0.028 0.033  A 150860
   3574.94057 12.714 12.671 12.757 12.839 12.819    0.037 0.033 0.029 0.034 0.039  A 151390
   3584.91215 29.999 29.999 29.999 29.999 29.999    0.066 0.068 0.081 0.105 0.128  D 153098
   3592.88885 99.999 99.999 99.999 99.999 99.999    0.041 0.027 0.027 0.030 0.033  C 154446
   3601.84897 12.680 12.682 12.703 12.739 12.743    0.047 0.031 0.028 0.032 0.037  A 155627
   3604.89614 29.999 29.999 29.999 29.999 29.999    0.053 0.054 0.061 0.076 0.090  D 156110
   3618.84997 12.764 12.705 12.656 12.664 12.756    0.039 0.033 0.034 0.040 0.047  A 157353
   3621.88214 12.813 12.712 12.686 12.706 12.733    0.057 0.038 0.035 0.039 0.044  A 157823
   3625.88118 12.900 12.909 12.935 12.944 12.942    0.031 0.029 0.023 0.023 0.026  A 158250
   3639.81922 12.735 12.743 12.738 12.774 12.802    0.039 0.029 0.025 0.027 0.030  A 159999
   3642.82234 12.825 12.805 12.861 12.919 12.818    0.038 0.039 0.035 0.039 0.044  A 160381
   3655.73918 12.810 12.752 12.751 12.749 12.726    0.035 0.025 0.025 0.028 0.032  A 162054
   3657.80870 12.737 12.660 12.679 12.679 12.680    0.031 0.026 0.024 0.027 0.032  A 162375
   3660.75427 12.973 13.011 13.074 13.092 13.089    0.039 0.030 0.030 0.036 0.042  A 162819
   3663.75157 12.737 12.719 12.678 12.654 12.647    0.060 0.037 0.033 0.036 0.039  A 163250
   3666.74070 12.677 12.657 12.599 12.584 12.594    0.055 0.035 0.030 0.033 0.037  A 163689
   3672.73754 12.838 12.795 12.796 12.778 12.792    0.040 0.032 0.028 0.032 0.036  A 164432
   3675.71569 12.695 12.682 12.683 12.664 12.648    0.060 0.033 0.027 0.030 0.033  A 164857
   3680.73344 12.793 12.730 12.711 12.689 12.686    0.038 0.028 0.024 0.025 0.028  A 165381
   3701.65577 12.705 12.709 12.837 12.963 12.936    0.047 0.036 0.035 0.040 0.046  A 168182
   3703.76171 12.757 12.719 12.709 12.711 12.731    0.034 0.024 0.023 0.025 0.028  A 168470
   3711.67870 12.779 12.721 12.741 12.772 12.867    0.034 0.026 0.023 0.025 0.027  A 169277
   3713.67566 12.707 12.749 12.773 12.775 12.741    0.051 0.031 0.027 0.030 0.033  A 169552
   3718.61433 12.799 12.777 12.819 12.855 12.863    0.075 0.038 0.034 0.038 0.042  A 170192
   3720.70211 12.630 12.596 12.605 12.608 12.607    0.068 0.037 0.033 0.037 0.042  A 170459
   3722.76268 12.770 12.714 12.671 12.637 12.563    0.042 0.031 0.031 0.037 0.044  A 170738
   3727.71974 12.632 12.576 12.542 12.503 12.496    0.082 0.043 0.039 0.043 0.048  B 171303
   3730.76251 12.726 12.756 12.773 12.757 12.705    0.069 0.041 0.039 0.044 0.048  A 171592
   3736.70197 12.848 12.807 12.823 12.821 12.813    0.077 0.038 0.033 0.034 0.037  A 172372
   3739.57516 12.814 12.776 12.729 12.739 12.727    0.066 0.034 0.029 0.031 0.034  A 172748
   3741.67005 12.766 12.722 12.695 12.686 12.718    0.037 0.027 0.024 0.027 0.031  A 173035
   3744.62120 12.788 12.731 12.738 12.746 12.740    0.075 0.038 0.034 0.037 0.041  A 173408
   3746.71023 12.728 12.731 12.748 12.741 12.679    0.039 0.038 0.042 0.052 0.061  A 173699
   3748.77929 99.999 99.999 99.999 99.999 99.999    0.067 0.043 0.040 0.048 0.056  C 174001
   3751.66071 12.717 12.797 12.803 12.777 12.710    0.087 0.046 0.044 0.050 0.056  B 174385
   3753.74457 12.740 12.709 12.639 12.526 12.445    0.050 0.033 0.033 0.038 0.044  A 174684
   3756.60935 12.769 12.633 12.539 12.444 12.379    0.070 0.040 0.040 0.049 0.058  A 175053
   3758.68010 12.901 12.929 12.946 12.919 12.939    0.037 0.026 0.026 0.029 0.033  A 175356
   3766.59923 12.810 12.702 12.608 12.537 12.479    0.056 0.036 0.036 0.041 0.045  A 176426
   3768.69531 12.729 12.736 12.709 12.679 12.651    0.037 0.031 0.033 0.039 0.043  A 176732
   3771.55794 12.918 12.899 12.933 12.963 12.968    0.063 0.039 0.037 0.040 0.045  A 177092
   3773.62035 12.658 12.617 12.582 12.556 12.552    0.047 0.032 0.032 0.038 0.045  A 177353
   3775.63771 12.891 13.000 13.139 13.293 13.358    0.047 0.033 0.033 0.039 0.046  A 177644
   3789.65045 12.819 12.804 12.804 12.787 12.791    0.047 0.034 0.033 0.038 0.043  A 179117
   3796.64786 12.744 12.676 12.664 12.620 12.592    0.035 0.026 0.025 0.027 0.031  A 180125
   3799.58041 12.756 12.740 12.778 12.837 12.952    0.045 0.033 0.035 0.039 0.044  A 180519
   3802.54313 13.006 12.982 12.941 12.874 12.824    0.050 0.040 0.042 0.050 0.055  A 180863
   3804.59560 12.764 12.758 12.749 12.715 12.665    0.063 0.042 0.041 0.049 0.055  A 181155
   3812.54948 12.708 12.679 12.709 12.753 12.792    0.032 0.027 0.029 0.036 0.042  A 182272
   3817.53175 12.672 12.658 12.661 12.644 12.622    0.032 0.028 0.030 0.036 0.042  A 183057
   3822.53117 12.863 12.857 12.881 12.906 12.962    0.034 0.029 0.032 0.039 0.046  A 183865
   3829.55661 12.724 12.732 12.729 12.703 12.692    0.068 0.040 0.035 0.040 0.044  A 185050
   3832.51668 12.817 12.842 12.955 13.096 13.108    0.063 0.035 0.033 0.039 0.046  A 185557
   3837.48844 12.868 12.738 12.653 12.616 12.598    0.039 0.034 0.041 0.051 0.059  A 186404
   3847.48066 12.886 12.970 13.038 13.086 13.172    0.055 0.034 0.037 0.045 0.054  A 186722
   3850.48875 12.846 12.822 12.813 12.796 12.699    0.050 0.028 0.030 0.034 0.038  A 187209
   3853.47694 12.562 12.575 12.535 12.524 12.605    0.032 0.026 0.024 0.028 0.031  A 187732
   3909.94070 12.734 12.722 12.746 12.734 12.749    0.037 0.031 0.031 0.037 0.043  A 196478
   4103.59625 12.610 12.566 12.474 12.402 12.412    0.073 0.042 0.042 0.049 0.056  A 210577
   4126.56237 12.969 12.993 12.985 13.018 13.021    0.064 0.040 0.038 0.042 0.049  A 211638
   4128.57668 12.852 12.771 12.772 12.798 12.896    0.131 0.061 0.058 0.054 0.054  D 211910
   4130.60360 12.914 12.905 12.919 12.981 13.026    0.085 0.042 0.036 0.038 0.040  B 212179
   4132.60682 12.836 12.794 12.779 12.730 12.644    0.078 0.043 0.035 0.038 0.041  A 212435
   4134.63025 12.838 12.835 12.884 12.918 12.861    0.089 0.047 0.041 0.045 0.049  B 212725
   4136.63669 12.613 12.567 12.559 12.538 12.486    0.068 0.038 0.034 0.038 0.042  A 212982
   4147.58724 12.862 12.761 12.769 12.772 12.808    0.096 0.050 0.034 0.039 0.041  B 214547
   4150.65464 12.768 12.701 12.708 12.720 12.654    0.072 0.042 0.045 0.050 0.051  A 214820
   4155.56189 12.569 12.548 12.579 12.587 12.624    0.083 0.048 0.046 0.050 0.054  B 215544
   4157.63239 13.000 12.960 12.947 12.940 12.918    0.087 0.059 0.059 0.061 0.063  D 215838
   4159.62962 12.724 12.736 12.669 12.604 12.597    0.063 0.035 0.030 0.033 0.037  A 216144
   4161.63650 12.511 12.499 12.476 12.468 12.542    0.039 0.031 0.029 0.034 0.039  A 216464
   4166.62758 12.616 12.577 12.606 12.678 12.899    0.090 0.061 0.062 0.070 0.079  D 217188
   4174.60905 12.796 12.833 12.839 12.868 12.940    0.041 0.033 0.030 0.033 0.038  A 218221
   4177.59893 12.825 12.792 12.754 12.732 12.746    0.056 0.034 0.029 0.031 0.034  A 218613
   4183.53579 12.742 12.736 12.758 12.770 12.758    0.066 0.037 0.030 0.032 0.037  A 219375
   4185.55315 12.821 12.814 12.779 12.713 12.665    0.068 0.041 0.036 0.040 0.043  A 219665
   4189.55393 12.594 12.603 12.561 12.535 12.498    0.039 0.033 0.026 0.028 0.032  A 220067
   4192.50754 12.695 12.751 12.697 12.664 12.665    0.041 0.038 0.035 0.039 0.043  A 220517
   4201.52319 12.706 12.690 12.584 12.550 12.593    0.051 0.050 0.053 0.056 0.057  B 221564
   4216.46716 12.592 12.497 12.492 12.491 12.473    0.039 0.032 0.026 0.029 0.033  A 222805
   4227.46038 12.632 12.614 12.609 12.624 12.604    0.043 0.038 0.026 0.028 0.032  A 223095
   4283.93893 12.723 12.743 12.709 12.619 12.614    0.074 0.051 0.051 0.058 0.064  B 229739
   4299.92580 12.677 12.710 12.668 12.618 12.595    0.064 0.042 0.042 0.047 0.050  A 232214
   4303.90698 12.661 12.656 12.618 12.586 12.574    0.042 0.043 0.039 0.042 0.045  A 232862
   4306.90592 12.831 12.737 12.719 12.719 12.710    0.043 0.040 0.038 0.041 0.046  A 233411
   4310.90119 12.789 12.795 12.768 12.744 12.706    0.046 0.049 0.047 0.051 0.055  A 233987
   4314.91779 12.702 12.706 12.641 12.622 12.665    0.041 0.042 0.040 0.045 0.052  A 234476
   4330.84361 12.718 12.703 12.622 12.588 12.549    0.048 0.048 0.050 0.055 0.059  B 235386
   4333.85953 12.873 12.822 12.868 12.918 12.973    0.040 0.035 0.030 0.032 0.035  A 235934
   4341.82318 12.623 12.596 12.560 12.506 12.503    0.054 0.040 0.033 0.037 0.042  A 236988
   4344.85331 12.867 12.797 12.784 12.775 12.740    0.059 0.059 0.060 0.066 0.072  D 237516
   4347.86868 12.755 12.671 12.710 12.740 12.784    0.045 0.044 0.044 0.047 0.050  A 238038
   4351.82952 13.314 13.454 13.765 14.249 14.602    0.048 0.047 0.049 0.058 0.069  B 238664
   4362.81317 12.764 12.798 12.790 12.801 12.830    0.072 0.039 0.033 0.035 0.039  A 240230
   4364.86157 12.777 12.784 12.758 12.709 12.687    0.033 0.034 0.027 0.030 0.034  A 240577
   4367.82784 12.716 12.715 12.660 12.621 12.595    0.047 0.037 0.033 0.037 0.042  A 240909
   4373.80779 12.697 12.669 12.635 12.676 12.741    0.049 0.036 0.030 0.034 0.038  A 241824
   4376.80726 12.637 12.611 12.644 12.653 12.709    0.036 0.032 0.030 0.035 0.043  A 242181
   4382.77728 12.822 12.773 12.730 12.666 12.598    0.033 0.031 0.025 0.028 0.031  A 243072
   4398.79317 12.695 12.633 12.614 12.613 12.585    0.043 0.036 0.034 0.040 0.045  A 244768
   4406.74359 12.882 12.843 12.928 13.032 13.044    0.049 0.049 0.049 0.057 0.065  B 245469
   4409.71753 12.740 12.710 12.714 12.706 12.694    0.050 0.034 0.028 0.030 0.032  A 245888
   4411.77015 12.779 12.687 12.694 12.690 12.704    0.101 0.058 0.060 0.063 0.054  D 246142
   4418.74103 12.913 12.804 12.823 12.853 12.876    0.041 0.036 0.031 0.033 0.036  A 246336
   4421.73304 12.705 12.713 12.683 12.655 12.630    0.112 0.051 0.043 0.042 0.049  B 246575
   4427.71206 12.838 12.768 12.730 12.726 12.724    0.039 0.032 0.029 0.034 0.040  A 247080
   4429.80853 12.664 12.659 12.559 12.539 12.503    0.046 0.037 0.033 0.039 0.046  A 247357
   4432.66044 12.708 12.694 12.663 12.618 12.572    0.037 0.028 0.024 0.026 0.029  A 247675
   4437.65890 12.765 12.745 12.726 12.739 12.765    0.044 0.031 0.026 0.028 0.030  A 248286
   4439.77865 12.686 12.708 12.715 12.752 12.817    0.036 0.034 0.030 0.035 0.040  A 248575
   4453.61676 12.719 12.679 12.643 12.636 12.680    0.068 0.059 0.058 0.062 0.065  B 250116
   4457.78059 12.796 12.811 12.740 12.673 12.606    0.040 0.034 0.033 0.038 0.045  A 250606
   4460.66907 12.738 12.713 12.664 12.628 12.633    0.037 0.034 0.031 0.036 0.042  A 250916
   4462.73236 12.662 12.649 12.595 12.543 12.469    0.029 0.031 0.029 0.035 0.041  A 251208
   4464.82113 12.735 12.696 12.654 12.639 12.615    0.066 0.043 0.037 0.040 0.043  A 251473
   4467.67456 12.876 12.851 12.838 12.812 12.721    0.068 0.044 0.037 0.039 0.040  A 251766
   4470.63947 12.757 12.789 12.791 12.846 12.916    0.060 0.039 0.032 0.035 0.039  A 252099
   4473.69894 12.624 12.543 12.532 12.544 12.570    0.056 0.038 0.032 0.033 0.036  A 252385
   4476.69028 12.837 12.799 12.775 12.760 12.709    0.054 0.037 0.030 0.033 0.037  A 252661
   4478.76054 12.676 12.628 12.535 12.430 12.455    0.063 0.052 0.051 0.055 0.059  B 252918
   4481.61566 12.983 13.115 13.254 13.292 13.241    0.070 0.046 0.050 0.062 0.074  D 253232
   4484.75900 12.701 12.707 12.700 12.713 12.695    0.054 0.038 0.033 0.038 0.045  A 253517
   4487.59251 12.776 12.711 12.688 12.636 12.540    0.056 0.044 0.043 0.048 0.053  A 253809
   4489.62968 12.840 12.925 12.966 13.011 13.092    0.044 0.032 0.028 0.032 0.035  A 254060
   4491.67712 12.559 12.564 12.532 12.512 12.482    0.051 0.032 0.027 0.030 0.035  A 254290
   4493.70702 12.785 12.796 12.808 12.815 12.791    0.045 0.031 0.025 0.028 0.032  A 254548
   4497.59981 12.638 12.552 12.542 12.533 12.518    0.031 0.028 0.024 0.026 0.029  A 254756
   4504.68894 12.914 12.958 12.973 12.984 13.059    0.035 0.037 0.038 0.046 0.055  A 255721
   4507.58830 99.999 99.999 99.999 99.999 99.999    0.051 0.041 0.041 0.047 0.056  C 256125
   4509.67197 12.632 12.646 12.648 12.638 12.641    0.038 0.035 0.034 0.040 0.047  A 256434
   4512.57835 12.811 12.779 12.827 12.799 12.831    0.063 0.044 0.042 0.050 0.059  A 256808
   4516.57675 12.909 13.004 13.176 13.476 13.677    0.065 0.044 0.043 0.051 0.061  A 257099
   4518.63497 12.705 12.707 12.659 12.630 12.558    0.043 0.034 0.032 0.037 0.043  A 257409
   4523.57044 12.832 12.827 12.819 12.825 12.813    0.041 0.038 0.039 0.045 0.051  A 258130
   4525.59582 12.883 12.879 12.842 12.816 12.901    0.040 0.038 0.037 0.043 0.050  A 258423
   4527.62032 12.781 12.787 12.765 12.751 12.801    0.074 0.047 0.043 0.046 0.049  A 258728
   4530.57663 12.757 12.772 12.732 12.668 12.669    0.065 0.046 0.039 0.041 0.050  A 259164
   4532.62261 12.731 12.733 12.743 12.737 12.730    0.040 0.036 0.032 0.037 0.042  A 259482
   4536.50845 12.703 12.717 12.752 12.756 12.810    0.058 0.039 0.034 0.039 0.044  A 259887
   4538.57399 12.772 12.737 12.708 12.700 12.713    0.038 0.031 0.027 0.030 0.035  A 260206
   4540.58904 29.999 29.999 29.999 29.999 29.999    0.042 0.039 0.040 0.047 0.055  C 260494
   4543.53985 12.824 12.883 12.860 12.804 12.736    0.034 0.033 0.033 0.040 0.047  A 260950
   4547.58390 12.657 12.546 12.499 12.422 12.390    0.041 0.037 0.038 0.046 0.055  A 261587
   4555.56074 12.752 12.677 12.687 12.703 12.703    0.035 0.032 0.028 0.032 0.037  A 262676
   4558.51531 29.999 29.999 29.999 29.999 29.999    0.072 0.070 0.073 0.081 0.088  D 263153
   4561.51601 12.834 12.887 12.866 12.830 12.807    0.043 0.035 0.032 0.037 0.043  A 263656
   4567.50043 12.800 12.772 12.835 12.921 12.989    0.037 0.032 0.032 0.038 0.045  A 264650
   4570.50435 12.777 12.816 12.804 12.783 12.771    0.030 0.028 0.026 0.030 0.035  A 265123
   4573.49927 12.658 12.697 12.740 12.823 12.915    0.041 0.037 0.035 0.041 0.048  A 265636
#ndata= 13
#dataset= 4 ; 1 F0520-40_130
#desig= 045018-4310.9
#cra=    4.838354  04:50:18.1
#cdec= -43.182200 -43:10:55.9
#class= 0
#cmag_0= 12.794
#cmer_0=  0.128
#nskip_0= 0
#cmag_1= 12.795
#cmer_1=  0.136
#nskip_1= 0
#cmag_2= 12.773
#cmer_2=  0.141
#nskip_2= 0
#cmag_3= 12.766
#cmer_3=  0.148
#nskip_3= 0
#cmag_4= 12.786
#cmer_4=  0.169
#nskip_4= 0
#ra=    4.838354  04:50:18.1
#dec= -43.182200 -43:10:55.9
#     HJD      MAG_0  MAG_1  MAG_2  MAG_3  MAG_4    MER_0 MER_1 MER_2 MER_3 MER_4 GRADE FRAME
   2212.66984 12.694 12.679 12.708 12.724 12.786    0.048 0.039 0.032 0.034 0.037  A 37932
   2468.92613 12.779 12.794 12.728 12.699 12.648    0.041 0.039 0.029 0.029 0.028  A 11840
   2549.80807 12.734 12.725 12.755 12.743 12.767    0.045 0.044 0.034 0.030 0.030  A 20851
   2558.77179 12.814 12.767 12.737 12.719 12.778    0.061 0.044 0.028 0.029 0.031  A 22104
   2886.85409 12.906 12.850 12.825 12.812 12.854    0.022 0.029 0.023 0.025 0.027  A 70331
   2947.72616 12.807 12.810 12.712 12.668 12.647    0.036 0.038 0.028 0.029 0.030  A 79043
   2956.79113 12.810 12.777 12.720 12.641 12.604    0.027 0.029 0.024 0.027 0.031  A 80298
   2976.69619 12.842 12.832 12.826 12.847 12.878    0.028 0.027 0.022 0.025 0.028  A 82875
   2998.65807 12.858 12.903 12.872 12.846 12.884    0.024 0.028 0.021 0.024 0.027  A 85727
   3363.66017 12.608 12.580 12.553 12.558 12.560    0.039 0.030 0.028 0.034 0.038  A 124951
   3366.73520 12.814 12.948 12.991 13.034 13.124    0.069 0.043 0.040 0.045 0.051  A 125196
   3374.74977 12.827 12.840 12.836 12.841 12.837    0.050 0.044 0.047 0.052 0.060  A 125425
   3387.72595 12.807 12.835 12.800 12.755 12.714    0.044 0.033 0.031 0.036 0.039  A 126348
