#ndata= 1
#dataset= 1 ; 1 F1400-40_143
#desig= 143106-3236.0
#cra=   14.518322  14:31:06.0
#cdec= -32.599194 -32:35:57.1
#class= 0
#cmag_0= 13.288
#cmer_0=  0.000
#nskip_0= 0
#cmag_1= 13.268
#cmer_1=  0.000
#nskip_1= 0
#cmag_2= 13.244
#cmer_2=  0.000
#nskip_2= 0
#cmag_3= 13.256
#cmer_3=  0.000
#nskip_3= 0
#cmag_4= 13.266
#cmer_4=  0.000
#nskip_4= 0
#ra=   14.518322  14:31:06.0
#dec= -32.599194 -32:35:57.1
#     HJD      MAG_0  MAG_1  MAG_2  MAG_3  MAG_4    MER_0 MER_1 MER_2 MER_3 MER_4 GRADE FRAME
   3393.84386 13.288 13.269 13.244 13.257 13.267    0.056 0.043 0.042 0.045 0.052  A 127070
#ndata= 487
#dataset= 2 ; 1 F1424-32_182
#desig= 143106-3235.9
#cra=   14.518295  14:31:05.9
#cdec= -32.599132 -32:35:56.9
#class= 0
#cmag_0= 13.791
#cmer_0=  0.348
#nskip_0= 0
#cmag_1= 13.784
#cmer_1=  0.360
#nskip_1= 0
#cmag_2= 13.782
#cmer_2=  0.383
#nskip_2= 0
#cmag_3= 13.778
#cmer_3=  0.424
#nskip_3= 0
#cmag_4= 13.790
#cmer_4=  0.468
#nskip_4= 0
#ra=   14.518295  14:31:05.9
#dec= -32.599132 -32:35:56.9
#     HJD      MAG_0  MAG_1  MAG_2  MAG_3  MAG_4    MER_0 MER_1 MER_2 MER_3 MER_4 GRADE FRAME
   1902.85066 29.999 29.999 29.999 29.999 29.999    0.051 0.028 0.025 0.028 0.031  C 3604
   1904.85251 14.115 14.112 14.071 14.014 13.932    0.062 0.031 0.028 0.030 0.032  A 3923
   1906.85102 29.999 29.999 29.999 29.999 29.999    0.049 0.030 0.027 0.029 0.032  C 4245
   1914.82030 14.190 14.151 14.176 14.271 14.342    0.049 0.027 0.025 0.028 0.030  A 4850
   1919.82952 13.199 13.263 13.157 13.054 13.028    0.051 0.031 0.030 0.035 0.038  A 5386
   1921.82328 29.999 29.999 29.999 29.999 29.999    0.042 0.032 0.028 0.032 0.037  C 5703
   1924.88523 29.999 29.999 29.999 29.999 29.999    0.049 0.046 0.049 0.060 0.072  C 6216
   1925.82459 29.999 29.999 29.999 29.999 29.999    0.045 0.035 0.034 0.038 0.043  C 6358
   1929.78771 13.369 13.273 13.298 13.353 13.374    0.035 0.026 0.022 0.026 0.028  A 6991
   1930.87017 13.786 13.779 13.709 13.661 13.601    0.033 0.032 0.025 0.027 0.030  A 7193
   1932.81143 14.011 13.976 13.955 13.925 14.020    0.033 0.028 0.022 0.024 0.027  A 7502
   1937.83633 29.999 29.999 29.999 29.999 29.999    0.033 0.030 0.023 0.023 0.027  C 8201
   1939.86130 13.772 13.817 13.845 13.918 14.135    0.031 0.028 0.023 0.025 0.029  A 8453
   1946.77597 29.999 29.999 29.999 29.999 29.999    0.039 0.028 0.025 0.030 0.033  C 8840
   1948.80398 29.999 29.999 29.999 29.999 29.999    0.035 0.028 0.026 0.030 0.034  C 9100
   1950.76752 13.460 13.423 13.403 13.330 13.386    0.035 0.030 0.025 0.027 0.032  A 9421
   1958.83816 29.999 29.999 29.999 29.999 29.999    0.034 0.034 0.026 0.028 0.027  C 10289
   1961.79908 13.436 13.374 13.420 13.483 13.602    0.033 0.033 0.025 0.027 0.026  A 10550
   1962.85957 29.999 29.999 29.999 29.999 29.999    0.041 0.038 0.032 0.037 0.033  C 10724
   1964.75533 13.954 14.166 14.282 14.387 14.322    0.032 0.031 0.024 0.025 0.026  A 11042
   1965.80838 29.999 29.999 29.999 29.999 29.999    0.033 0.032 0.025 0.029 0.027  C 11251
   1967.85930 29.999 29.999 29.999 29.999 29.999    0.040 0.037 0.029 0.033 0.030  C 11617
   1971.78808 29.999 29.999 29.999 29.999 29.999    0.043 0.039 0.033 0.039 0.034  C 11831
   1976.82381 29.999 29.999 29.999 29.999 29.999    0.051 0.044 0.037 0.046 0.042  C 11862
   1977.76115 29.999 29.999 29.999 29.999 29.999    0.053 0.048 0.041 0.047 0.044  C 12006
   1979.71619 29.999 29.999 29.999 29.999 29.999    0.056 0.049 0.045 0.052 0.048  C 12261
   1982.82406 29.999 29.999 29.999 29.999 29.999    0.050 0.043 0.037 0.045 0.042  C 12828
   1984.75654 29.999 29.999 29.999 29.999 29.999    0.057 0.048 0.041 0.049 0.044  C 13014
   1993.77606 29.999 29.999 29.999 29.999 29.999    0.067 0.054 0.045 0.053 0.053  C 13347
   1995.68252 29.999 29.999 29.999 29.999 29.999    0.049 0.040 0.035 0.045 0.041  C 13663
   1996.72754 29.999 29.999 29.999 29.999 29.999    0.063 0.049 0.041 0.049 0.047  C 13879
   1997.72788 29.999 29.999 29.999 29.999 29.999    0.059 0.047 0.040 0.049 0.047  C 14084
   1998.72095 29.999 29.999 29.999 29.999 29.999    0.062 0.050 0.041 0.047 0.046  C 14281
   2000.71701 29.999 29.999 29.999 29.999 29.999    0.065 0.051 0.042 0.049 0.049  C 14683
   2011.62674 29.999 29.999 29.999 29.999 29.999    0.062 0.051 0.043 0.051 0.049  C 15573
   2014.68341 29.999 29.999 29.999 29.999 29.999    0.072 0.057 0.046 0.052 0.052  C 15798
   2025.65378 14.254 14.102 14.077 14.132 13.916    0.048 0.027 0.025 0.027 0.029  A 17198
   2026.66195 14.081 14.066 14.137 14.191 14.130    0.046 0.026 0.025 0.027 0.031  A 17418
   2027.65161 29.999 29.999 29.999 29.999 29.999    0.046 0.027 0.025 0.028 0.031  C 17631
   2030.64260 13.880 13.847 13.730 13.645 13.626    0.060 0.031 0.030 0.033 0.036  A 17804
   2031.65508 13.892 13.818 13.784 13.744 13.787    0.053 0.026 0.025 0.028 0.031  A 18020
   2032.64063 13.529 13.495 13.449 13.362 13.332    0.044 0.025 0.022 0.024 0.027  A 18235
   2033.62841 13.279 13.292 13.258 13.188 13.168    0.039 0.024 0.022 0.025 0.028  A 18449
   2037.67686 14.099 14.112 13.981 13.768 13.739    0.060 0.033 0.033 0.036 0.040  A 18988
   2038.64819 13.961 13.858 13.860 13.870 13.889    0.045 0.031 0.032 0.038 0.045  A 19103
   2040.63129 29.999 29.999 29.999 29.999 29.999    0.054 0.033 0.029 0.034 0.040  C 19455
   2052.58636 13.473 13.439 13.389 13.365 13.283    0.062 0.030 0.029 0.031 0.033  A 19800
   2053.60794 13.463 13.479 13.403 13.336 13.319    0.055 0.037 0.024 0.025 0.028  A 20019
   2054.61569 13.318 13.276 13.322 13.350 13.289    0.054 0.028 0.027 0.031 0.034  A 20236
   2055.59057 14.450 14.414 14.206 13.971 13.830    0.059 0.031 0.027 0.028 0.031  A 20447
   2057.58507 13.986 13.943 13.872 13.784 13.876    0.052 0.025 0.022 0.025 0.028  A 20902
   2062.56800 13.628 13.727 13.773 13.812 13.727    0.063 0.035 0.032 0.034 0.037  A 21510
   2067.57985 14.034 14.060 14.158 14.262 14.281    0.048 0.028 0.027 0.030 0.033  A 21825
   2068.56763 14.226 14.083 13.944 13.752 13.679    0.059 0.028 0.025 0.028 0.031  A 22044
   2069.56799 14.150 14.119 14.033 13.917 13.960    0.062 0.031 0.026 0.026 0.029  A 22267
   2079.52497 14.228 14.266 14.330 14.351 14.419    0.041 0.028 0.023 0.025 0.029  A 22787
   2081.53143 13.804 13.701 13.663 13.702 13.661    0.041 0.025 0.021 0.024 0.026  A 23078
   2083.52499 13.492 13.507 13.474 13.415 13.419    0.050 0.034 0.031 0.035 0.038  A 23542
   2085.53228 13.549 13.519 13.531 13.529 13.505    0.039 0.027 0.023 0.025 0.028  A 23772
   2086.53428 14.309 14.131 14.011 14.035 14.154    0.047 0.025 0.023 0.025 0.028  A 24000
   2087.52792 14.324 14.254 14.146 14.085 14.021    0.043 0.023 0.022 0.025 0.028  A 24219
   2088.52890 14.377 14.300 14.297 14.220 14.240    0.043 0.025 0.021 0.025 0.027  A 24444
   2093.49567 13.611 13.637 13.607 13.501 13.579    0.046 0.027 0.025 0.028 0.031  A 24652
   2094.53099 13.494 13.428 13.371 13.296 13.248    0.054 0.028 0.025 0.028 0.031  A 24955
   2096.48771 29.999 29.999 29.999 29.999 29.999    0.060 0.032 0.030 0.033 0.039  C 25385
   2102.48164 14.049 14.071 14.179 14.185 14.321    0.044 0.030 0.026 0.028 0.031  A 25595
   2104.50314 13.458 13.466 13.485 13.525 13.768    0.043 0.035 0.036 0.042 0.049  A 25953
   2106.51209 13.577 13.574 13.574 13.515 13.439    0.043 0.027 0.024 0.027 0.029  A 26382
   2115.60218 13.666 13.652 13.698 13.834 13.905    0.049 0.031 0.028 0.030 0.033  A 26852
   2125.47907 13.451 13.444 13.439 13.423 13.357    0.049 0.029 0.026 0.030 0.036  A 27796
   2129.48165 14.237 14.295 14.300 14.268 14.316    0.051 0.030 0.026 0.028 0.030  A 28088
   2131.51986 14.095 14.044 13.911 13.808 13.874    0.051 0.026 0.024 0.027 0.029  A 28518
   2134.48100 14.020 14.036 14.066 14.045 13.967    0.042 0.030 0.026 0.030 0.035  A 29148
   2141.47549 14.077 14.242 14.333 14.479 14.584    0.049 0.029 0.026 0.029 0.031  A 30327
   2442.54671 14.086 14.107 14.070 14.025 14.006    0.025 0.028 0.021 0.021 0.021  A 8445
   2443.55088 14.027 13.939 13.983 14.002 14.031    0.023 0.024 0.017 0.018 0.020  A 8635
   2452.50868 29.999 29.999 29.999 29.999 29.999    0.033 0.031 0.026 0.029 0.027  C 9405
   2453.53130 29.999 29.999 29.999 29.999 29.999    0.074 0.069 0.064 0.073 0.080  D 9586
   2459.50957 13.786 13.842 13.865 13.927 13.948    0.032 0.031 0.026 0.031 0.031  A 10071
   2463.54309 14.067 14.009 13.920 13.846 13.832    0.033 0.031 0.026 0.028 0.030  A 10578
   2464.49758 29.999 29.999 29.999 29.999 29.999    0.033 0.032 0.026 0.031 0.028  C 10778
   2468.48965 13.279 13.240 13.256 13.298 13.365    0.026 0.027 0.021 0.023 0.024  A 11650
   2470.47872 29.999 29.999 29.999 29.999 29.999    0.033 0.032 0.026 0.030 0.030  C 11926
   2476.47135 29.999 29.999 29.999 29.999 29.999    0.054 0.051 0.045 0.050 0.051  C 12898
   2482.47179 29.999 29.999 29.999 29.999 29.999    0.040 0.036 0.032 0.039 0.034  C 13085
   2490.52628 13.202 13.204 13.260 13.275 13.247    0.027 0.030 0.021 0.021 0.021  A 14018
   2494.48819 29.999 29.999 29.999 29.999 29.999    0.032 0.033 0.025 0.025 0.026  C 14600
   2498.52118 13.815 13.771 13.739 13.720 13.780    0.031 0.033 0.023 0.023 0.024  A 15387
   2502.49625 29.999 29.999 29.999 29.999 29.999    0.034 0.034 0.027 0.029 0.028  C 16160
   2503.51723 29.999 29.999 29.999 29.999 29.999    0.044 0.042 0.037 0.044 0.039  C 16373
   2510.52380 13.505 13.537 13.487 13.468 99.999    0.031 0.027 0.025 0.029 0.034  C 16930
   2512.50037 14.341 14.499 14.649 14.474 14.282    0.034 0.035 0.027 0.025 0.025  A 17201
   2521.48572 13.234 13.199 13.200 13.213 13.234    0.034 0.024 0.022 0.023 0.025  A 18335
   2529.47439 29.999 29.999 29.999 29.999 29.999    0.078 0.060 0.051 0.058 0.060  C 19009
   2635.85040 13.302 13.272 13.215 13.194 13.301    0.033 0.030 0.027 0.031 0.035  A 32321
   2641.85249 29.999 29.999 29.999 29.999 29.999    0.031 0.031 0.024 0.026 0.028  C 33204
   2645.84201 13.395 13.418 13.528 13.628 13.646    0.028 0.035 0.023 0.025 0.026  A 33808
   2650.83916 14.237 14.157 14.108 14.091 14.111    0.024 0.027 0.021 0.023 0.024  A 34369
   2653.83713 29.999 29.999 29.999 29.999 29.999    0.025 0.028 0.024 0.027 0.029  C 34827
   2660.83105 14.009 14.070 14.100 14.065 14.039    0.029 0.034 0.029 0.034 0.037  A 36022
   2663.81879 29.999 29.999 29.999 29.999 29.999    0.035 0.041 0.038 0.043 0.045  C 36528
   2667.80238 13.606 13.719 13.721 13.595 13.670    0.031 0.031 0.030 0.035 0.040  A 37176
   2670.84400 14.196 14.141 14.037 13.914 13.889    0.025 0.023 0.022 0.025 0.028  A 37679
   2673.83922 14.345 14.445 14.318 14.173 14.093    0.027 0.034 0.023 0.024 0.025  A 38180
   2676.82022 99.999 99.999 99.999 99.999 99.999    0.026 0.025 0.021 0.022 0.024  C 38713
   2679.79243 14.335 14.268 14.238 14.184 14.043    0.033 0.038 0.028 0.030 0.030  A 39201
   2684.82722 13.992 13.891 13.953 13.988 13.807    0.028 0.042 0.029 0.031 0.032  A 40074
   2686.83833 99.999 99.999 99.999 99.999 99.999    0.027 0.031 0.025 0.029 0.032  C 40445
   2688.80709 13.334 13.325 13.330 13.326 13.335    0.028 0.028 0.027 0.030 0.035  A 40794
   2690.80696 29.999 29.999 29.999 29.999 29.999    0.036 0.047 0.041 0.049 0.051  C 41165
   2693.88390 14.058 14.049 14.121 14.120 14.243    0.027 0.027 0.024 0.029 0.032  A 41687
   2696.80610 29.999 29.999 29.999 29.999 29.999    0.024 0.037 0.028 0.034 0.034  C 42161
   2698.85174 14.086 14.094 14.249 14.640 15.390    0.034 0.047 0.043 0.041 0.042  A 42599
   2700.84692 13.577 13.547 13.608 13.696 13.637    0.034 0.023 0.023 0.026 0.029  A 42983
   2704.81784 29.999 29.999 29.999 29.999 29.999    0.030 0.041 0.033 0.038 0.038  C 43738
   2706.80159 13.831 13.806 13.751 13.764 13.831    0.022 0.022 0.020 0.023 0.025  A 44097
   2710.75790 14.132 14.224 14.328 14.286 14.077    0.024 0.035 0.026 0.032 0.031  A 44802
   2712.75808 14.069 14.060 14.171 14.316 14.334    0.025 0.026 0.020 0.022 0.025  A 45174
   2714.74506 14.022 14.001 13.971 13.906 13.773    0.027 0.033 0.023 0.025 0.026  A 45560
   2717.74978 13.622 13.586 13.630 13.584 13.498    0.033 0.037 0.033 0.037 0.038  A 45903
   2720.81694 13.101 13.085 13.103 13.106 13.091    0.029 0.024 0.025 0.029 0.034  A 46367
   2722.74175 29.999 29.999 29.999 29.999 29.999    0.025 0.036 0.030 0.035 0.034  C 46722
   2726.75586 29.999 29.999 29.999 29.999 29.999    0.022 0.030 0.023 0.030 0.027  C 47513
   2730.74997 13.536 13.599 13.614 13.696 13.716    0.025 0.025 0.021 0.025 0.026  A 48314
   2733.74381 14.080 14.224 14.419 14.601 14.791    0.025 0.026 0.023 0.025 0.025  A 48665
   2735.74704 14.016 13.991 13.896 13.838 13.785    0.027 0.021 0.019 0.021 0.023  A 49072
   2737.70188 13.713 13.657 13.693 13.706 13.725    0.027 0.033 0.026 0.029 0.029  A 49449
   2739.72881 13.367 13.307 13.340 13.411 13.367    0.023 0.034 0.023 0.025 0.027  A 49796
   2741.70072 14.072 14.215 14.474 14.910 14.901    0.025 0.029 0.022 0.027 0.027  A 50178
   2743.68080 14.302 14.503 14.703 14.682 14.630    0.024 0.029 0.025 0.029 0.030  A 50562
   2744.81346 29.999 29.999 29.999 29.999 29.999    0.028 0.027 0.026 0.030 0.034  C 50794
   2749.80689 13.923 13.927 13.936 13.921 13.833    0.030 0.023 0.023 0.027 0.029  A 51518
   2751.63789 14.246 14.179 14.040 13.909 13.876    0.030 0.030 0.022 0.023 0.024  A 51827
   2755.65663 13.903 14.008 14.085 14.067 13.998    0.024 0.029 0.024 0.030 0.029  A 52466
   2757.63957 13.689 13.621 13.681 13.683 13.669    0.020 0.022 0.017 0.019 0.021  A 52874
   2759.67988 13.470 13.445 13.445 13.440 13.520    0.025 0.026 0.021 0.024 0.025  A 53235
   2760.81637 13.662 13.830 13.863 13.865 13.821    0.027 0.035 0.025 0.028 0.029  A 53499
   2762.72635 14.152 14.214 14.164 14.082 14.132    0.026 0.022 0.022 0.024 0.027  A 53870
   2763.83256 13.199 13.284 13.279 13.216 13.183    0.031 0.030 0.033 0.031 0.031  A 54108
   2769.75834 29.999 29.999 29.999 29.999 29.999    0.061 0.065 0.066 0.078 0.090  D 54701
   2775.66815 29.999 29.999 29.999 29.999 29.999    0.021 0.025 0.020 0.022 0.025  C 55094
   2782.66288 14.103 14.028 14.103 14.201 14.190    0.029 0.028 0.021 0.023 0.026  A 55724
   2784.61763 14.106 13.940 13.905 13.867 13.812    0.022 0.023 0.019 0.020 0.023  A 56132
   2785.76247 14.282 14.225 14.065 13.899 13.867    0.027 0.024 0.021 0.021 0.023  A 56406
   2787.70447 14.305 14.280 14.299 14.337 14.305    0.029 0.041 0.025 0.026 0.024  A 56822
   2790.79600 13.820 13.833 14.016 14.360 14.757    0.030 0.029 0.030 0.036 0.042  A 57393
   2793.55965 29.999 29.999 29.999 29.999 29.999    0.029 0.038 0.030 0.033 0.036  C 57794
   2797.54924 29.999 29.999 29.999 29.999 29.999    0.035 0.036 0.037 0.045 0.053  C 58586
   2808.65585 14.253 14.210 14.126 14.027 14.013    0.027 0.023 0.022 0.025 0.027  A 59313
   2810.55758 13.515 13.594 13.541 13.544 99.999    0.023 0.021 0.018 0.019 0.023  C 59698
   2811.71212 29.999 29.999 29.999 29.999 29.999    0.027 0.026 0.023 0.024 0.026  C 59987
   2813.64263 13.385 13.309 13.265 13.227 13.229    0.037 0.031 0.022 0.022 0.025  A 60413
   2821.52106 13.197 13.190 13.186 13.219 13.319    0.024 0.026 0.020 0.022 0.025  A 61687
   2826.53386 29.999 29.999 29.999 29.999 29.999    0.022 0.024 0.018 0.020 0.022  C 61990
   2830.51717 29.999 29.999 29.999 29.999 29.999    0.035 0.037 0.034 0.039 0.045  C 62459
   2831.64978 13.627 13.577 13.549 13.514 13.356    0.027 0.029 0.024 0.028 0.032  A 62735
   2833.62380 29.999 29.999 29.999 29.999 29.999    0.052 0.055 0.056 0.068 0.080  C 63138
   2840.56843 13.915 13.928 13.872 13.817 13.774    0.025 0.021 0.018 0.021 0.024  A 64304
   2842.56670 13.981 14.027 13.934 13.810 13.664    0.029 0.028 0.021 0.025 0.026  A 64720
   2845.55449 14.440 14.509 14.598 14.637 14.578    0.029 0.026 0.018 0.020 0.021  A 65189
   2851.60193 14.014 13.998 14.058 14.072 14.030    0.026 0.025 0.020 0.023 0.026  A 65426
   2858.54139 13.850 13.855 13.839 13.887 14.019    0.028 0.025 0.021 0.024 0.026  A 66283
   2859.60952 13.826 13.860 13.873 13.838 13.848    0.029 0.031 0.027 0.029 0.033  A 66531
   2861.60147 14.007 14.111 14.127 14.084 14.345    0.029 0.029 0.028 0.033 0.038  A 66955
   2866.49051 29.999 29.999 29.999 29.999 29.999    0.035 0.036 0.031 0.036 0.033  C 67498
   2868.51126 29.999 29.999 29.999 29.999 29.999    0.029 0.031 0.028 0.032 0.033  C 67923
   2872.51876 13.680 13.656 13.628 13.592 13.529    0.028 0.026 0.023 0.025 0.027  A 68113
   2876.49466 29.999 29.999 29.999 29.999 29.999    0.038 0.033 0.029 0.029 0.029  C 68702
   2878.49569 14.008 13.952 13.914 13.961 14.038    0.031 0.028 0.025 0.027 0.029  A 69097
   2885.48901 13.923 14.058 14.082 14.055 14.094    0.028 0.025 0.024 0.027 0.031  A 69965
   2895.50179 13.297 13.304 13.376 13.407 13.534    0.023 0.021 0.020 0.024 0.027  A 71219
   2898.49827 14.129 14.022 13.957 13.865 13.810    0.026 0.023 0.021 0.025 0.028  A 71813
   2900.49326 14.111 14.125 14.176 14.218 14.251    0.028 0.025 0.023 0.025 0.028  A 72168
   2905.48077 13.176 13.132 13.129 13.106 13.110    0.025 0.025 0.022 0.025 0.029  A 72916
   3006.86064 29.999 29.999 29.999 29.999 29.999    0.050 0.049 0.049 0.060 0.073  C 86674
   3010.84937 13.826 13.834 13.966 14.167 14.247    0.027 0.027 0.026 0.030 0.034  A 87195
   3017.86030 14.063 14.133 14.210 14.279 14.319    0.027 0.025 0.026 0.031 0.035  A 87963
   3030.87535 13.467 13.520 13.536 13.477 13.391    0.031 0.030 0.032 0.037 0.042  A 88810
   3041.83990 13.197 13.194 13.209 13.217 13.176    0.029 0.027 0.028 0.035 0.042  A 89727
   3051.84522 13.265 13.347 13.358 13.373 13.428    0.029 0.023 0.024 0.029 0.033  A 91067
   3054.84211 29.999 29.999 29.999 29.999 29.999    0.037 0.026 0.026 0.030 0.034  C 91475
   3057.86791 14.121 14.198 14.210 14.212 14.286    0.038 0.030 0.028 0.032 0.036  A 91895
   3060.82336 13.645 13.651 13.746 13.869 13.866    0.032 0.031 0.036 0.042 0.046  A 92277
   3063.82831 14.095 14.078 14.015 14.043 14.081    0.031 0.030 0.032 0.039 0.047  A 92673
   3067.81675 29.999 29.999 29.999 29.999 29.999    0.034 0.029 0.031 0.036 0.041  C 93106
   3070.76702 29.999 29.999 29.999 29.999 29.999    0.056 0.056 0.061 0.064 0.067  C 93524
   3073.77436 29.999 29.999 29.999 29.999 29.999    0.029 0.029 0.030 0.035 0.040  C 93918
   3079.75524 13.885 13.831 13.729 13.625 13.613    0.023 0.024 0.021 0.025 0.028  A 94751
   3081.82211 13.763 13.708 13.696 13.672 13.687    0.027 0.030 0.025 0.028 0.031  A 95066
   3085.82290 29.999 29.999 29.999 29.999 29.999    0.028 0.031 0.031 0.037 0.043  C 95364
   3087.82434 29.999 29.999 29.999 29.999 29.999    0.032 0.035 0.037 0.042 0.046  C 95673
   3090.72966 13.776 13.703 13.569 13.437 13.449    0.034 0.036 0.038 0.042 0.047  A 96100
   3092.79154 13.350 13.347 13.282 13.190 13.130    0.026 0.029 0.024 0.026 0.029  A 96432
   3096.78997 29.999 29.999 29.999 29.999 29.999    0.025 0.030 0.025 0.028 0.033  C 96703
   3098.76277 14.161 14.154 14.276 14.366 14.495    0.032 0.024 0.023 0.027 0.032  A 97011
   3103.76329 29.999 29.999 29.999 29.999 29.999    0.027 0.030 0.028 0.033 0.039  C 97788
   3105.75355 29.999 29.999 29.999 29.999 29.999    0.035 0.027 0.027 0.032 0.038  C 98103
   3107.75811 29.999 29.999 29.999 29.999 29.999    0.024 0.027 0.022 0.025 0.028  C 98420
   3109.76283 29.999 29.999 29.999 29.999 29.999    0.029 0.024 0.022 0.025 0.028  C 98731
   3114.67818 14.255 14.348 14.299 14.325 14.449    0.025 0.021 0.020 0.023 0.026  A 99503
   3116.70808 14.229 14.324 14.370 14.395 14.367    0.023 0.022 0.021 0.024 0.027  A 99840
   3121.71151 99.999 99.999 99.999 99.999 99.999    0.026 0.028 0.025 0.029 0.033  C 100112
   3125.70139 29.999 29.999 29.999 29.999 29.999    0.030 0.024 0.023 0.028 0.032  C 100737
   3127.69058 29.999 29.999 29.999 29.999 29.999    0.067 0.077 0.084 0.091 0.098  D 101047
   3131.68832 29.999 29.999 29.999 29.999 29.999    0.028 0.027 0.026 0.032 0.038  C 101665
   3133.69153 13.506 13.476 13.480 13.412 13.362    0.028 0.024 0.023 0.027 0.031  A 102000
   3144.69255 13.342 13.297 13.286 13.268 13.197    0.026 0.023 0.024 0.026 0.030  A 103288
   3158.61657 29.999 29.999 29.999 29.999 29.999    0.031 0.032 0.033 0.040 0.048  C 104395
   3160.62809 29.999 29.999 29.999 29.999 29.999    0.037 0.029 0.029 0.035 0.040  C 104689
   3163.63168 13.713 13.822 13.912 14.045 14.256    0.024 0.023 0.022 0.026 0.030  A 105019
   3165.62862 13.439 13.500 13.459 13.375 13.403    0.025 0.025 0.023 0.026 0.029  A 105364
   3168.64738 29.999 29.999 29.999 29.999 29.999    0.023 0.024 0.022 0.025 0.030  C 105754
   3171.64189 14.119 14.076 14.088 14.189 14.161    0.027 0.025 0.024 0.027 0.031  A 106182
   3173.74430 13.806 13.866 13.958 14.030 14.009    0.033 0.034 0.036 0.043 0.051  A 106433
   3176.72239 13.607 13.623 13.596 13.517 13.482    0.034 0.027 0.027 0.032 0.038  A 106794
   3179.55314 29.999 29.999 29.999 29.999 29.999    0.024 0.023 0.021 0.024 0.027  C 107181
   3189.55016 29.999 29.999 29.999 29.999 29.999    0.027 0.026 0.027 0.032 0.038  C 108396
   3191.67811 29.999 29.999 29.999 29.999 29.999    0.034 0.033 0.034 0.039 0.047  C 108736
   3219.47727 13.854 13.866 13.908 13.971 13.852    0.026 0.027 0.022 0.024 0.027  A 109974
   3268.49405 13.301 13.245 13.234 13.223 13.199    0.034 0.028 0.024 0.027 0.030  A 115447
   3385.84158 14.000 13.941 13.886 13.805 13.754    0.073 0.040 0.035 0.038 0.043  A 126106
   3389.83752 14.014 14.055 14.086 14.105 14.206    0.061 0.038 0.035 0.039 0.044  A 126650
   3393.84386 13.304 13.297 13.282 13.291 13.307    0.054 0.040 0.037 0.044 0.049  A 127070
   3393.84658 13.302 13.269 13.408 13.610 13.807    0.044 0.029 0.031 0.037 0.043  A 127071
   3397.82288 13.803 13.778 13.712 13.636 13.677    0.032 0.025 0.026 0.031 0.035  A 127567
   3405.82343 29.999 29.999 29.999 29.999 29.999    0.074 0.039 0.035 0.038 0.041  C 128633
   3408.84936 14.095 13.967 13.915 13.844 13.861    0.072 0.038 0.035 0.038 0.042  A 129104
   3411.84857 13.968 13.898 13.749 13.654 13.648    0.049 0.032 0.031 0.033 0.038  A 129560
   3414.84796 13.281 13.291 13.240 13.223 13.303    0.039 0.029 0.030 0.033 0.038  A 130022
   3417.84308 14.091 14.071 13.982 13.913 13.873    0.063 0.041 0.039 0.042 0.046  A 130488
   3426.78763 29.999 29.999 29.999 29.999 29.999    0.058 0.039 0.033 0.036 0.040  C 131897
   3432.85717 29.999 29.999 29.999 29.999 29.999    0.071 0.037 0.034 0.039 0.044  C 132599
   3436.79942 13.910 13.905 13.947 13.786 13.772    0.039 0.030 0.031 0.039 0.045  A 133044
   3439.79901 29.999 29.999 29.999 29.999 29.999    0.049 0.036 0.037 0.042 0.049  C 133386
   3443.78030 13.983 13.883 13.843 13.811 13.775    0.081 0.040 0.034 0.036 0.038  B 133797
   3445.79143 13.450 13.355 13.313 13.256 13.247    0.062 0.047 0.042 0.039 0.039  A 134158
   3447.82422 29.999 29.999 29.999 29.999 29.999    0.090 0.046 0.044 0.049 0.056  C 134807
   3450.74762 14.033 14.178 14.272 14.628 14.994    0.062 0.040 0.038 0.043 0.047  A 135286
   3453.69313 13.395 13.391 13.365 13.437 13.554    0.055 0.042 0.042 0.048 0.054  A 135665
   3455.70999 13.354 13.382 13.473 13.528 13.529    0.056 0.040 0.037 0.044 0.052  A 136030
   3459.78538 14.116 14.046 14.141 14.384 14.302    0.056 0.031 0.027 0.031 0.034  A 136766
   3462.72264 14.114 14.177 14.291 14.279 14.271    0.043 0.031 0.031 0.034 0.039  A 137199
   3464.77764 13.693 13.725 13.727 13.689 13.580    0.067 0.037 0.029 0.031 0.033  A 137541
   3466.80960 13.449 13.494 13.561 13.614 13.588    0.046 0.029 0.027 0.031 0.036  A 137887
   3469.77280 14.090 14.226 14.484 14.791 14.788    0.068 0.055 0.030 0.032 0.040  B 138293
   3471.81365 29.999 29.999 29.999 29.999 29.999    0.038 0.028 0.024 0.027 0.029  C 138633
   3474.68562 13.590 13.490 13.440 13.382 13.367    0.027 0.023 0.021 0.024 0.027  A 139055
   3475.59417 14.100 13.995 13.871 13.673 13.430    0.045 0.034 0.033 0.037 0.042  A 139194
   3475.60396 29.999 29.999 29.999 29.999 29.999    0.057 0.035 0.034 0.038 0.044  C 139197
   3475.60723 29.999 29.999 29.999 29.999 29.999    0.045 0.034 0.034 0.039 0.043  C 139198
   3475.61050 14.436 14.570 14.683 14.739 14.569    0.045 0.034 0.035 0.039 0.044  A 139199
   3475.61288 29.999 29.999 29.999 29.999 29.999    0.047 0.041 0.045 0.056 0.067  C 139200
   3475.61942 29.999 29.999 29.999 29.999 29.999    0.050 0.044 0.049 0.060 0.071  C 139202
   3475.62593 29.999 29.999 29.999 29.999 29.999    0.058 0.044 0.051 0.063 0.072  C 139204
   3475.62919 29.999 29.999 29.999 29.999 29.999    0.092 0.059 0.061 0.075 0.087  D 139205
   3475.63243 13.437 13.397 13.223 13.100 13.064    0.047 0.042 0.048 0.059 0.069  B 139206
   3475.63571 13.591 13.380 13.216 13.050 13.005    0.045 0.041 0.046 0.057 0.068  B 139207
   3475.63809 13.446 13.327 13.207 13.164 13.120    0.052 0.040 0.045 0.055 0.063  A 139208
   3475.64225 13.262 13.176 13.011 12.962 13.017    0.052 0.043 0.047 0.057 0.067  B 139209
   3475.64875 13.417 13.322 13.255 13.212 13.093    0.043 0.039 0.044 0.054 0.065  A 139211
   3475.65203 13.126 13.070 12.993 12.970 12.961    0.050 0.044 0.048 0.057 0.068  B 139212
   3475.65518 13.260 13.107 12.933 12.811 12.774    0.055 0.045 0.049 0.061 0.073  B 139213
   3475.66018 13.469 13.318 13.169 13.003 12.778    0.053 0.046 0.050 0.060 0.071  B 139215
   3475.66438 13.357 13.415 13.345 13.194 13.004    0.046 0.042 0.049 0.060 0.070  B 139216
   3475.66676 13.267 13.319 13.298 13.217 13.180    0.049 0.043 0.048 0.060 0.071  B 139217
   3475.67016 13.398 13.534 13.509 13.356 13.276    0.084 0.056 0.058 0.068 0.081  D 139218
   3475.67255 13.352 13.307 13.289 13.310 13.252    0.048 0.043 0.047 0.057 0.068  B 139219
   3475.67591 13.363 13.436 13.423 13.353 13.399    0.051 0.043 0.048 0.059 0.069  B 139220
   3475.67829 13.403 13.349 13.347 13.345 13.441    0.043 0.041 0.046 0.058 0.069  B 139221
   3475.68511 13.230 13.200 13.173 13.176 13.079    0.072 0.054 0.053 0.064 0.073  B 139223
   3475.69177 29.999 29.999 29.999 29.999 29.999    0.081 0.053 0.054 0.066 0.078  C 139225
   3475.69687 13.370 13.398 13.302 13.183 13.124    0.059 0.049 0.053 0.066 0.076  B 139227
   3475.70208 13.484 13.592 13.493 13.359 13.489    0.073 0.051 0.052 0.062 0.072  B 139229
   3475.73331 13.493 13.391 13.304 13.254 13.234    0.067 0.045 0.048 0.058 0.070  B 139239
   3475.76725 13.655 13.554 13.313 13.013 12.830    0.080 0.051 0.055 0.067 0.080  B 139249
   3476.62223 14.259 14.336 14.410 14.702 14.693    0.075 0.046 0.040 0.044 0.049  A 139368
   3476.65271 14.179 14.216 14.278 14.352 14.615    0.060 0.041 0.037 0.041 0.047  A 139378
   3476.67943 13.834 13.883 13.843 13.739 13.668    0.073 0.042 0.040 0.047 0.053  A 139388
   3476.71025 13.446 13.374 13.350 13.290 13.297    0.084 0.046 0.041 0.044 0.049  B 139398
   3476.74437 13.321 13.249 13.305 13.361 13.369    0.075 0.042 0.039 0.043 0.048  A 139409
   3478.72535 14.056 14.004 13.908 13.729 13.713    0.080 0.042 0.038 0.040 0.045  A 139750
   3480.72897 13.946 13.840 13.867 14.082 14.464    0.107 0.055 0.052 0.057 0.062  D 140032
   3482.72426 29.999 29.999 29.999 29.999 29.999    0.037 0.027 0.030 0.034 0.040  C 140352
   3486.72296 29.999 29.999 29.999 29.999 29.999    0.056 0.041 0.042 0.051 0.059  C 140731
   3489.74525 14.337 14.485 14.492 14.438 14.567    0.067 0.036 0.031 0.035 0.039  A 140989
   3491.73977 29.999 29.999 29.999 29.999 29.999    0.108 0.059 0.062 0.071 0.081  D 141344
   3495.73687 29.999 29.999 29.999 29.999 29.999    0.058 0.059 0.066 0.082 0.096  D 141668
   3497.75433 13.547 13.558 13.569 13.552 13.629    0.033 0.025 0.022 0.025 0.029  A 141957
   3500.77496 29.999 29.999 29.999 29.999 29.999    0.039 0.030 0.027 0.031 0.034  C 142316
   3502.84522 14.111 14.144 14.151 14.135 14.138    0.040 0.033 0.036 0.039 0.045  A 142693
   3504.78795 29.999 29.999 29.999 29.999 29.999    0.046 0.037 0.035 0.038 0.044  C 143033
   3506.46638 29.999 29.999 29.999 29.999 29.999    0.076 0.074 0.077 0.086 0.097  D 143086
   3506.46893 14.059 14.099 13.993 13.939 13.959    0.042 0.035 0.034 0.039 0.044  A 143087
   3506.47385 29.999 29.999 29.999 29.999 29.999    0.042 0.039 0.038 0.042 0.048  C 143089
   3506.47635 29.999 29.999 29.999 29.999 29.999    0.071 0.067 0.068 0.073 0.081  D 143090
   3506.48654 29.999 29.999 29.999 29.999 29.999    0.063 0.058 0.056 0.061 0.067  C 143094
   3506.49157 29.999 29.999 29.999 29.999 29.999    0.046 0.040 0.041 0.046 0.052  C 143096
   3506.50161 29.999 29.999 29.999 29.999 29.999    0.043 0.038 0.036 0.042 0.048  C 143099
   3506.54055 29.999 29.999 29.999 29.999 29.999    0.042 0.035 0.033 0.038 0.044  C 143110
   3506.55797 29.999 29.999 29.999 29.999 29.999    0.038 0.035 0.032 0.036 0.041  C 143115
   3506.58642 13.629 13.603 13.566 13.579 13.655    0.044 0.034 0.031 0.036 0.040  A 143125
   3506.67977 13.480 13.367 13.411 13.413 13.364    0.044 0.033 0.029 0.033 0.037  A 143155
   3506.70744 13.430 13.424 13.362 13.354 13.373    0.052 0.035 0.030 0.033 0.038  A 143165
   3506.73552 13.651 13.880 13.942 13.973 14.059    0.044 0.033 0.027 0.031 0.035  A 143175
   3506.79371 13.852 13.849 13.906 13.982 13.961    0.046 0.036 0.031 0.036 0.040  A 143195
   3508.66069 29.999 29.999 29.999 29.999 29.999    0.037 0.032 0.032 0.037 0.045  C 143249
   3508.75586 13.366 13.383 13.350 13.306 13.271    0.033 0.032 0.028 0.032 0.037  A 143279
   3508.78717 13.599 13.578 13.490 13.496 13.459    0.034 0.033 0.028 0.033 0.037  A 143289
   3508.81531 13.586 13.555 13.567 13.551 13.582    0.030 0.027 0.022 0.026 0.029  A 143298
   3515.66446 13.443 13.573 13.743 14.010 14.324    0.039 0.033 0.034 0.040 0.046  A 144054
   3517.65390 13.313 13.254 13.187 13.161 13.199    0.049 0.030 0.029 0.034 0.037  A 144346
   3522.71408 29.999 29.999 29.999 29.999 29.999    0.076 0.041 0.039 0.043 0.050  C 145047
   3524.73605 29.999 29.999 29.999 29.999 29.999    0.055 0.039 0.037 0.042 0.047  C 145372
   3526.76334 14.436 14.501 14.581 14.706 15.304    0.064 0.041 0.040 0.046 0.052  A 145721
   3528.76200 13.874 13.805 13.584 13.483 13.766    0.087 0.047 0.044 0.049 0.053  B 146051
   3531.52887 29.999 29.999 29.999 29.999 29.999    0.086 0.093 0.113 0.143 0.173  D 146501
   3543.74373 29.999 29.999 29.999 29.999 29.999    0.053 0.038 0.039 0.048 0.056  C 147589
   3547.59203 14.256 14.210 14.053 14.048 13.950    0.067 0.051 0.029 0.030 0.032  A 148018
   3551.65125 29.999 29.999 29.999 29.999 29.999    0.052 0.048 0.054 0.066 0.080  C 148313
   3554.63190 14.156 14.076 14.049 14.013 13.978    0.029 0.025 0.022 0.025 0.028  A 148753
   3556.69031 13.916 13.822 13.830 13.893 13.846    0.054 0.032 0.028 0.030 0.033  A 149083
   3560.51353 14.112 13.988 13.934 13.943 13.887    0.050 0.031 0.028 0.031 0.034  A 149519
   3562.50553 14.332 14.194 13.969 13.782 13.788    0.072 0.033 0.029 0.031 0.034  A 149870
   3564.49988 13.919 13.893 13.901 13.927 14.058    0.040 0.027 0.022 0.025 0.028  A 150205
   3569.62221 13.507 13.561 13.638 13.704 13.764    0.034 0.029 0.026 0.030 0.036  A 150567
   3571.66079 13.302 13.236 13.166 13.133 13.160    0.030 0.031 0.029 0.035 0.040  A 150916
   3575.53783 14.038 13.951 13.936 13.958 14.010    0.035 0.028 0.024 0.027 0.030  A 151439
   3577.59274 13.966 13.884 13.899 13.859 13.819    0.036 0.022 0.023 0.025 0.028  A 151788
   3583.60794 14.128 14.095 14.048 14.001 13.991    0.068 0.046 0.040 0.039 0.042  A 152825
   3586.52502 13.903 13.902 13.894 13.924 14.043    0.034 0.025 0.027 0.030 0.034  A 153324
   3588.56166 29.999 29.999 29.999 29.999 29.999    0.047 0.050 0.057 0.067 0.079  C 153639
   3591.50799 29.999 29.999 29.999 29.999 29.999    0.064 0.039 0.034 0.036 0.040  C 154147
   3600.56001 29.999 29.999 29.999 29.999 29.999    0.062 0.068 0.078 0.099 0.119  D 155378
   3602.55921 29.999 29.999 29.999 29.999 29.999    0.035 0.029 0.031 0.037 0.042  C 155709
   3606.50631 14.000 14.054 14.002 14.006 13.897    0.030 0.029 0.027 0.033 0.036  A 156153
   3617.51499 29.999 29.999 29.999 29.999 29.999    0.031 0.032 0.033 0.037 0.043  C 157096
   3630.48339 13.588 13.486 13.437 13.351 13.200    0.036 0.032 0.034 0.040 0.047  A 158734
   3633.48363 14.467 14.383 14.425 14.534 14.354    0.039 0.033 0.034 0.038 0.042  A 159174
   3736.85489 29.999 29.999 29.999 29.999 29.999    0.035 0.027 0.028 0.035 0.041  C 172425
   3740.85004 29.999 29.999 29.999 29.999 29.999    0.041 0.030 0.031 0.037 0.043  C 172982
   3744.85280 13.702 13.697 13.742 13.829 14.010    0.040 0.032 0.036 0.044 0.050  A 173489
   3748.84315 14.184 14.341 14.539 14.944 15.007    0.034 0.027 0.030 0.037 0.043  A 174024
   3752.83386 29.999 29.999 29.999 29.999 29.999    0.037 0.027 0.031 0.036 0.043  C 174584
   3756.84133 13.245 13.196 13.284 13.379 13.432    0.047 0.042 0.044 0.053 0.062  A 175128
   3761.82322 29.999 29.999 29.999 29.999 29.999    0.051 0.035 0.037 0.045 0.052  C 175798
   3765.82570 29.999 29.999 29.999 29.999 29.999    0.050 0.034 0.035 0.039 0.044  C 176356
   3769.83026 14.130 14.094 14.093 14.099 13.966    0.053 0.035 0.033 0.036 0.040  A 176891
   3773.82899 14.055 14.092 14.239 14.458 14.414    0.066 0.040 0.040 0.047 0.055  A 177423
   3781.81745 29.999 29.999 29.999 29.999 29.999    0.049 0.036 0.036 0.042 0.048  C 178546
   3788.87634 13.377 13.343 13.324 13.348 13.431    0.053 0.038 0.038 0.045 0.051  A 179056
   3791.81690 14.382 14.373 14.666 15.096 15.544    0.035 0.032 0.033 0.036 0.041  A 179457
   3794.82968 29.999 29.999 29.999 29.999 29.999    0.056 0.035 0.033 0.037 0.043  C 179895
   3797.79938 13.420 13.362 13.343 13.415 13.500    0.053 0.033 0.029 0.032 0.035  A 180314
   3800.79590 14.324 14.454 14.518 14.596 14.554    0.083 0.051 0.043 0.046 0.051  B 180719
   3803.78718 29.999 29.999 29.999 29.999 29.999    0.059 0.045 0.043 0.049 0.057  C 181074
   3806.76588 13.628 13.598 13.547 13.483 13.389    0.072 0.039 0.036 0.041 0.046  A 181510
   3809.78971 13.717 13.720 13.825 14.030 14.269    0.064 0.038 0.037 0.043 0.050  A 181869
   3814.81645 14.057 14.074 13.957 13.838 13.705    0.080 0.048 0.043 0.047 0.052  A 182676
   3816.83537 29.999 29.999 29.999 29.999 29.999    0.055 0.037 0.037 0.043 0.049  C 182996
   3819.74072 13.814 13.661 13.552 13.498 13.520    0.082 0.047 0.044 0.048 0.052  B 183449
   3821.84287 13.916 13.859 13.841 13.864 14.087    0.074 0.042 0.039 0.042 0.046  A 183804
   3824.71918 14.093 14.250 14.223 14.067 14.219    0.040 0.028 0.030 0.036 0.042  A 184258
   3826.78551 29.999 29.999 29.999 29.999 29.999    0.036 0.029 0.033 0.041 0.048  C 184620
   3829.71156 13.959 14.039 14.035 14.022 14.000    0.056 0.035 0.030 0.032 0.035  A 185098
   3831.77417 29.999 29.999 29.999 29.999 29.999    0.076 0.045 0.042 0.047 0.053  C 185465
   3833.75629 29.999 29.999 29.999 29.999 29.999    0.038 0.034 0.036 0.044 0.053  C 185809
   3835.75052 13.847 13.881 13.925 14.050 14.286    0.050 0.036 0.036 0.043 0.050  A 186152
   3837.74755 13.787 13.856 13.930 13.977 13.885    0.032 0.030 0.032 0.040 0.046  A 186482
   3847.89261 29.999 29.999 29.999 29.999 29.999    0.084 0.049 0.050 0.059 0.068  C 186822
   3849.81025 13.878 13.745 13.590 13.454 13.427    0.067 0.038 0.033 0.036 0.041  A 187152
   3852.64889 14.314 14.164 14.045 14.015 14.068    0.057 0.031 0.027 0.030 0.033  A 187608
   3854.69316 14.066 14.055 14.022 13.986 14.023    0.078 0.043 0.037 0.039 0.043  A 187989
   3856.73194 14.233 14.226 14.146 14.088 13.977    0.059 0.036 0.034 0.038 0.040  A 188265
   3858.82243 29.999 29.999 29.999 29.999 29.999    0.044 0.031 0.031 0.036 0.043  C 188587
   3861.61780 13.931 13.914 13.925 13.965 13.997    0.047 0.030 0.027 0.029 0.033  A 189007
   3863.66033 29.999 29.999 29.999 29.999 29.999    0.042 0.031 0.030 0.034 0.038  C 189364
   3869.66416 13.269 13.261 13.205 13.137 13.118    0.040 0.034 0.037 0.046 0.054  A 190377
   3871.65344 29.999 29.999 29.999 29.999 29.999    0.050 0.031 0.028 0.031 0.036  C 190745
   3874.73975 14.118 14.087 14.029 13.928 13.819    0.043 0.027 0.026 0.029 0.033  A 191049
   3882.56712 14.096 14.059 14.001 13.871 13.655    0.072 0.036 0.030 0.033 0.034  A 192068
   3886.64153 14.301 14.229 14.248 14.303 14.432    0.041 0.027 0.025 0.028 0.032  A 192470
   3888.65076 29.999 29.999 29.999 29.999 29.999    0.074 0.077 0.092 0.114 0.140  D 192846
   3890.62481 13.428 13.379 13.359 13.294 13.311    0.042 0.029 0.026 0.028 0.031  A 193173
   3896.59598 29.999 29.999 29.999 29.999 29.999    0.037 0.037 0.036 0.042 0.048  C 194019
   3898.61403 29.999 29.999 29.999 29.999 29.999    0.075 0.041 0.037 0.042 0.047  C 194345
   3900.63398 13.600 13.525 13.543 13.636 13.687    0.067 0.039 0.036 0.041 0.045  A 194655
   3902.65050 13.481 13.427 13.439 13.511 13.556    0.041 0.029 0.028 0.031 0.036  A 195034
   3904.67406 29.999 29.999 29.999 29.999 29.999    0.031 0.025 0.025 0.028 0.031  C 195424
   3906.68983 14.154 14.113 14.034 13.910 13.815    0.058 0.032 0.028 0.031 0.034  A 195808
   3908.71203 14.019 13.920 13.864 13.803 13.663    0.052 0.031 0.028 0.030 0.033  A 196202
   3912.70100 13.621 13.621 13.550 13.450 13.343    0.045 0.028 0.026 0.029 0.033  A 196765
   3981.51922 29.999 29.999 29.999 29.999 29.999    0.035 0.029 0.032 0.038 0.044  C 203305
   4105.84567 13.797 13.805 13.913 14.186 14.782    0.080 0.045 0.041 0.046 0.051  A 210892
   4125.83761 29.999 29.999 29.999 29.999 29.999    0.042 0.032 0.031 0.035 0.041  C 211605
   4129.82920 13.279 13.308 13.281 13.241 13.206    0.044 0.033 0.029 0.032 0.036  A 212131
   4132.84772 29.999 29.999 29.999 29.999 29.999    0.052 0.038 0.036 0.042 0.049  C 212520
   4135.86672 99.999 99.999 99.999 99.999 99.999    0.081 0.048 0.049 0.056 0.065  C 212930
   4146.84221 29.999 29.999 29.999 29.999 29.999    0.045 0.038 0.041 0.047 0.052  C 214480
   4150.84102 13.383 13.456 13.482 13.508 13.536    0.041 0.031 0.033 0.038 0.042  A 214884
   4153.81610 29.999 29.999 29.999 29.999 29.999    0.050 0.031 0.030 0.036 0.041  C 215337
   4156.80593 14.419 14.455 14.444 14.544 14.781    0.046 0.034 0.031 0.035 0.039  A 215768
   4159.80563 13.789 13.797 13.717 13.609 13.589    0.038 0.028 0.026 0.030 0.033  A 216202
   4162.78458 29.999 29.999 29.999 29.999 29.999    0.033 0.032 0.036 0.045 0.053  C 216675
   4164.83027 29.999 29.999 29.999 29.999 29.999    0.046 0.040 0.042 0.049 0.058  C 216967
   4174.72547 14.139 14.149 14.182 14.227 14.235    0.044 0.032 0.029 0.031 0.036  A 218259
   4176.82364 29.999 29.999 29.999 29.999 29.999    0.051 0.037 0.034 0.038 0.044  C 218573
   4179.81176 29.999 29.999 29.999 29.999 29.999    0.035 0.035 0.037 0.045 0.052  C 218895
   4182.73972 29.999 29.999 29.999 29.999 29.999    0.047 0.037 0.034 0.039 0.045  C 219294
   4184.79400 29.999 29.999 29.999 29.999 29.999    0.069 0.048 0.045 0.053 0.060  C 219601
   4188.74415 29.999 29.999 29.999 29.999 29.999    0.031 0.030 0.025 0.028 0.033  C 219971
   4190.77276 29.999 29.999 29.999 29.999 29.999    0.054 0.055 0.063 0.074 0.084  D 220282
   4192.75819 13.347 13.354 13.405 13.466 13.648    0.036 0.032 0.030 0.034 0.040  A 220602
   4197.76506 29.999 29.999 29.999 29.999 29.999    0.071 0.050 0.042 0.048 0.055  C 221243
   4200.72738 13.544 13.606 13.500 13.511 13.522    0.029 0.029 0.026 0.029 0.034  A 221515
   4203.73714 29.999 29.999 29.999 29.999 29.999    0.059 0.037 0.034 0.038 0.041  C 221815
   4205.73986 29.999 29.999 29.999 29.999 29.999    0.056 0.038 0.038 0.044 0.050  C 222144
   4208.82796 29.999 29.999 29.999 29.999 29.999    0.043 0.035 0.037 0.045 0.054  C 222397
   4212.90064 29.999 29.999 29.999 29.999 29.999    0.040 0.042 0.044 0.055 0.064  C 222505
   4216.66679 29.999 29.999 29.999 29.999 29.999    0.044 0.036 0.031 0.033 0.036  C 222877
   4227.67860 29.999 29.999 29.999 29.999 29.999    0.042 0.035 0.028 0.030 0.034  C 223170
   4229.68138 13.859 13.816 13.753 13.717 13.597    0.038 0.030 0.025 0.026 0.030  A 223528
   4231.69410 13.870 13.864 13.856 13.726 13.949    0.055 0.035 0.033 0.037 0.041  A 223890
   4233.69363 13.355 13.280 13.326 13.345 13.368    0.032 0.028 0.023 0.026 0.029  A 224236
   4235.69085 14.284 14.146 14.229 14.323 14.292    0.054 0.035 0.027 0.029 0.032  A 224603
   4237.72223 29.999 29.999 29.999 29.999 29.999    0.087 0.083 0.096 0.120 0.139  D 224905
   4246.62757 29.999 29.999 29.999 29.999 29.999    0.036 0.033 0.028 0.031 0.035  C 226215
   4251.80341 29.999 29.999 29.999 29.999 29.999    0.056 0.057 0.058 0.067 0.080  C 226757
   4254.64272 29.999 29.999 29.999 29.999 29.999    0.054 0.041 0.039 0.045 0.050  C 227013
   4256.70304 14.096 14.083 14.173 14.299 14.211    0.032 0.032 0.029 0.032 0.036  A 227273
   4258.77688 29.999 29.999 29.999 29.999 29.999    0.033 0.033 0.031 0.038 0.045  C 227563
   4267.58905 29.999 29.999 29.999 29.999 29.999    0.030 0.030 0.028 0.033 0.038  C 227833
   4269.61997 13.805 13.857 13.827 13.883 13.727    0.032 0.031 0.030 0.034 0.038  A 228148
   4272.57413 13.821 13.608 13.538 13.498 13.435    0.034 0.032 0.025 0.027 0.031  A 228357
   4281.53306 29.999 29.999 29.999 29.999 29.999    0.068 0.042 0.039 0.044 0.049  C 229293
   4283.56369 13.603 13.669 13.740 13.867 13.871    0.067 0.041 0.037 0.044 0.049  A 229611
   4285.56278 29.999 29.999 29.999 29.999 29.999    0.060 0.045 0.043 0.046 0.052  C 229955
   4289.55774 29.999 29.999 29.999 29.999 29.999    0.034 0.033 0.028 0.031 0.036  C 230313
   4291.57724 29.999 29.999 29.999 29.999 29.999    0.040 0.033 0.027 0.028 0.030  C 230665
   4293.57082 29.999 29.999 29.999 29.999 29.999    0.065 0.065 0.063 0.068 0.074  D 231029
   4295.57406 13.199 13.223 13.206 13.211 13.238    0.028 0.028 0.023 0.025 0.029  A 231371
   4297.57380 29.999 29.999 29.999 29.999 29.999    0.046 0.042 0.033 0.039 0.047  C 231721
   4299.54802 13.992 14.057 14.100 14.031 14.032    0.046 0.036 0.029 0.033 0.037  A 232086
   4301.51534 13.947 14.174 14.288 14.403 14.420    0.045 0.037 0.036 0.042 0.047  A 232427
   4306.48017 29.999 29.999 29.999 29.999 29.999    0.038 0.031 0.024 0.028 0.033  C 233268
   4308.56775 29.999 29.999 29.999 29.999 29.999    0.065 0.046 0.043 0.052 0.057  C 233627
   4311.55095 29.999 29.999 29.999 29.999 29.999    0.041 0.035 0.031 0.036 0.040  C 234028
   4316.58481 13.704 13.633 13.542 13.522 13.554    0.039 0.034 0.031 0.037 0.042  A 234628
   4334.48379 13.693 13.709 13.794 13.828 13.789    0.037 0.030 0.026 0.029 0.034  A 235983
   4338.48719 29.999 29.999 29.999 29.999 29.999    0.036 0.032 0.027 0.030 0.034  C 236378
   4340.55426 29.999 29.999 29.999 29.999 29.999    0.040 0.035 0.033 0.039 0.044  C 236739
   4343.51192 29.999 29.999 29.999 29.999 29.999    0.055 0.036 0.036 0.041 0.045  C 237234
   4345.52271 29.999 29.999 29.999 29.999 29.999    0.044 0.031 0.029 0.033 0.037  C 237565
   4347.52380 13.258 13.276 13.304 13.308 13.348    0.038 0.030 0.025 0.029 0.033  A 237917
   4349.52407 29.999 29.999 29.999 29.999 29.999    0.037 0.033 0.034 0.039 0.045  C 238254
   4352.50092 13.725 13.824 13.803 13.790 13.728    0.029 0.028 0.026 0.030 0.034  A 238714
   4355.50716 29.999 29.999 29.999 29.999 29.999    0.079 0.078 0.083 0.096 0.108  D 239126
   4361.49591 29.999 29.999 29.999 29.999 29.999    0.034 0.032 0.028 0.032 0.037  C 239980
   4367.48433 13.431 13.384 13.453 13.487 13.538    0.034 0.034 0.033 0.038 0.045  A 240802
   4472.86436 29.999 29.999 29.999 29.999 29.999    0.047 0.041 0.045 0.054 0.063  C 252302
   4479.84771 29.999 29.999 29.999 29.999 29.999    0.044 0.033 0.034 0.041 0.046  C 253087
   4485.85957 29.999 29.999 29.999 29.999 29.999    0.050 0.036 0.032 0.036 0.040  C 253666
   4493.77259 29.999 29.999 29.999 29.999 29.999    0.033 0.032 0.034 0.043 0.051  C 254571
   4498.86340 13.857 13.941 14.005 13.976 13.896    0.069 0.056 0.053 0.056 0.052  B 254977
   4501.85577 29.999 29.999 29.999 29.999 29.999    0.041 0.033 0.032 0.035 0.039  C 255352
   4505.82158 29.999 29.999 29.999 29.999 29.999    0.038 0.032 0.032 0.037 0.044  C 255909
   4514.86349 13.558 13.491 13.427 13.362 13.334    0.053 0.041 0.038 0.043 0.048  A 256967
   4517.84570 29.999 29.999 29.999 29.999 29.999    0.038 0.038 0.041 0.052 0.062  C 257327
   4520.81727 29.999 29.999 29.999 29.999 29.999    0.050 0.038 0.035 0.041 0.048  C 257766
   4524.86975 13.551 13.575 13.628 13.684 13.685    0.049 0.034 0.029 0.032 0.037  A 258361
   4527.79478 13.946 13.948 13.996 14.043 14.128    0.044 0.033 0.028 0.031 0.033  A 258781
   4530.78535 13.921 14.103 14.087 14.041 14.109    0.043 0.034 0.030 0.034 0.038  A 259233
   4533.83677 13.689 13.733 13.781 13.718 13.497    0.045 0.040 0.039 0.044 0.051  A 259641
   4536.78301 29.999 29.999 29.999 29.999 29.999    0.029 0.028 0.024 0.027 0.032  C 259979
   4539.76787 29.999 29.999 29.999 29.999 29.999    0.037 0.036 0.039 0.047 0.057  C 260414
   4541.79984 14.013 13.911 13.886 13.788 13.781    0.030 0.027 0.024 0.028 0.031  A 260722
   4546.75031 29.999 29.999 29.999 29.999 29.999    0.064 0.044 0.041 0.046 0.053  C 261475
   4552.79065 29.999 29.999 29.999 29.999 29.999    0.032 0.029 0.027 0.030 0.034  C 262297
   4554.80833 29.999 29.999 29.999 29.999 29.999    0.045 0.038 0.039 0.044 0.051  C 262597
   4557.72047 29.999 29.999 29.999 29.999 29.999    0.039 0.030 0.028 0.032 0.035  C 263052
   4559.76500 29.999 29.999 29.999 29.999 29.999    0.039 0.030 0.027 0.031 0.035  C 263397
   4561.82598 14.072 14.110 14.215 14.383 14.412    0.065 0.040 0.035 0.038 0.043  A 263754
   4564.69982 13.497 13.572 13.573 13.571 13.539    0.043 0.034 0.028 0.032 0.035  A 264214
   4566.74515 13.787 13.832 13.818 13.791 13.703    0.065 0.043 0.037 0.039 0.043  A 264561
   4568.79666 29.999 29.999 29.999 29.999 29.999    0.054 0.044 0.043 0.049 0.056  C 264879
   4570.83649 29.999 29.999 29.999 29.999 29.999    0.043 0.033 0.028 0.031 0.034  C 265228
   4572.72465 29.999 29.999 29.999 29.999 29.999    0.044 0.036 0.034 0.040 0.044  C 265540
   4574.69625 13.387 13.272 13.255 13.180 13.051    0.051 0.037 0.036 0.043 0.049  A 265855
#ndata= 5
#dataset= 3 ; 1 F1500-32_183
#desig= 143106-3236.0
#cra=   14.518266  14:31:05.8
#cdec= -32.600314 -32:36:01.1
#class= 0
#cmag_0= 14.055
#cmer_0=  0.573
#nskip_0= 0
#cmag_1= 14.048
#cmer_1=  0.579
#nskip_1= 0
#cmag_2= 14.092
#cmer_2=  0.631
#nskip_2= 0
#cmag_3= 14.089
#cmer_3=  0.644
#nskip_3= 0
#cmag_4= 14.036
#cmer_4=  0.603
#nskip_4= 0
#ra=   14.518266  14:31:05.8
#dec= -32.600314 -32:36:01.1
#     HJD      MAG_0  MAG_1  MAG_2  MAG_3  MAG_4    MER_0 MER_1 MER_2 MER_3 MER_4 GRADE FRAME
   2454.54855 14.079 14.118 14.191 14.254 14.136    0.036 0.038 0.031 0.032 0.033  A 9813
   2463.54309 14.085 14.013 13.918 13.850 13.841    0.033 0.032 0.026 0.028 0.029  A 10578
   2701.80221 14.060 14.208 14.300 14.183 14.034    0.029 0.034 0.027 0.032 0.033  A 43156
   2703.80271 14.035 13.997 14.080 14.114 14.163    0.032 0.030 0.023 0.025 0.027  A 43539
   2705.78684 13.915 13.865 13.775 13.691 13.704    0.029 0.029 0.025 0.027 0.033  A 43906
#ndata= 1
#dataset= 4 ; 1 F1424-24_225
#desig= 143106-3236.0
#cra=   14.518230  14:31:05.6
#cdec= -32.599458 -32:35:58.1
#class= 0
#cmag_0= 13.307
#cmer_0=  0.000
#nskip_0= 0
#cmag_1= 13.279
#cmer_1=  0.000
#nskip_1= 0
#cmag_2= 13.426
#cmer_2=  0.000
#nskip_2= 0
#cmag_3= 13.626
#cmer_3=  0.000
#nskip_3= 0
#cmag_4= 13.814
#cmer_4=  0.000
#nskip_4= 0
#ra=   14.518230  14:31:05.6
#dec= -32.599458 -32:35:58.1
#     HJD      MAG_0  MAG_1  MAG_2  MAG_3  MAG_4    MER_0 MER_1 MER_2 MER_3 MER_4 GRADE FRAME
   3393.84658 13.307 13.280 13.426 13.626 13.815    0.056 0.034 0.033 0.039 0.045  A 127071
