#ndata= 1
#dataset= 1 ; 1 F1424-56_078
#desig= 143651-4854.9
#cra=   14.614060  14:36:50.6
#cdec= -48.915720 -48:54:56.6
#class= 0
#cmag_0= 10.948
#cmer_0=  0.000
#nskip_0= 0
#cmag_1= 10.981
#cmer_1=  0.000
#nskip_1= 0
#cmag_2= 10.972
#cmer_2=  0.000
#nskip_2= 0
#cmag_3= 10.992
#cmer_3=  0.000
#nskip_3= 0
#cmag_4= 11.026
#cmer_4=  0.000
#nskip_4= 0
#ra=   14.614060  14:36:50.6
#dec= -48.915720 -48:54:56.6
#     HJD      MAG_2  MAG_0  MAG_1  MAG_3  MAG_4    MER_2 MER_0 MER_1 MER_3 MER_4 GRADE FRAME
   3449.74117 10.972 10.948 10.981 10.993 11.026    0.045 0.047 0.044 0.054 0.057  A 135104
#ndata= 1
#dataset= 2 ; 1 F1512-56_079
#desig= 143651-4854.9
#cra=   14.614063  14:36:50.6
#cdec= -48.914978 -48:54:53.9
#class= 0
#cmag_0= 11.025
#cmer_0=  0.000
#nskip_0= 0
#cmag_1= 11.027
#cmer_1=  0.000
#nskip_1= 0
#cmag_2= 11.051
#cmer_2=  0.000
#nskip_2= 0
#cmag_3= 11.080
#cmer_3=  0.000
#nskip_3= 0
#cmag_4= 11.136
#cmer_4=  0.000
#nskip_4= 0
#ra=   14.614063  14:36:50.6
#dec= -48.914978 -48:54:53.9
#     HJD      MAG_1  MAG_0  MAG_2  MAG_3  MAG_4    MER_1 MER_0 MER_2 MER_3 MER_4 GRADE FRAME
   3393.85361 11.027 11.026 11.051 11.080 11.137    0.044 0.059 0.041 0.048 0.053  A 127074
#ndata= 446
#dataset= 3 ; 1 F1415-48_109
#desig= 143651-4855.0
#cra=   14.614119  14:36:50.8
#cdec= -48.916113 -48:54:58.0
#class= 0
#cmag_0= 10.799
#cmer_0=  0.092
#nskip_0= 1
#cmag_1= 10.811
#cmer_1=  0.095
#nskip_1= 2
#cmag_2= 10.824
#cmer_2=  0.096
#nskip_2= 2
#cmag_3= 10.839
#cmer_3=  0.099
#nskip_3= 0
#cmag_4= 10.862
#cmer_4=  0.102
#nskip_4= 0
#ra=   14.614119  14:36:50.8
#dec= -48.916113 -48:54:58.0
#     HJD      MAG_2  MAG_0  MAG_1  MAG_3  MAG_4    MER_2 MER_0 MER_1 MER_3 MER_4 GRADE FRAME
   1900.84503 10.849 10.834 10.819 10.866 10.896    0.032 0.050 0.033 0.037 0.041  A 3442
   1903.84881 10.857 10.818 10.831 10.879 10.919    0.029 0.061 0.031 0.034 0.037  A 3761
   1905.85750 10.765 10.758 10.743 10.788 10.806    0.027 0.050 0.029 0.031 0.035  A 4088
   1907.85404 10.762 10.762 10.747 10.774 10.795    0.025 0.034 0.028 0.029 0.033  A 4408
   1914.80613 10.753 10.744 10.720 10.788 10.812    0.029 0.054 0.030 0.033 0.036  A 4844
   1919.81252 10.844 10.792 10.827 10.857 10.868    0.032 0.055 0.033 0.037 0.042  A 5379
   1921.81163 10.895 10.873 10.870 10.914 10.959    0.028 0.042 0.031 0.033 0.038  A 5698
   1924.87579 10.965 10.970 10.945 10.997 11.042    0.029 0.037 0.032 0.035 0.040  A 6212
   1925.86601 10.987 10.937 10.963 10.991 11.004    0.027 0.037 0.031 0.031 0.036  A 6376
   1926.85776 10.985 10.960 10.961 11.013 11.025    0.025 0.035 0.028 0.030 0.033  A 6543
   1929.80373 10.960 10.874 10.945 10.981 11.011    0.024 0.036 0.028 0.028 0.032  A 6998
   1932.79935 10.885 10.879 10.866 10.918 10.949    0.026 0.038 0.030 0.030 0.033  A 7497
   1936.80882 10.818 10.757 10.811 10.823 10.836    0.024 0.033 0.029 0.027 0.030  A 8071
   1938.81293 10.786 10.682 10.779 10.800 10.819    0.024 0.035 0.029 0.027 0.031  A 8314
   1940.80794 10.738 10.696 10.726 10.752 10.768    0.023 0.033 0.028 0.026 0.030  A 8556
   1948.79091 10.738 10.661 10.734 10.738 10.741    0.028 0.034 0.030 0.033 0.039  A 9096
   1950.75787 10.729 10.715 10.716 10.735 10.750    0.029 0.040 0.032 0.032 0.037  A 9417
   1953.78149 10.786 10.784 10.784 10.808 10.832    0.033 0.042 0.041 0.037 0.042  A 9735
   1954.79892 10.748 10.754 10.732 10.754 10.763    0.040 0.055 0.045 0.044 0.048  A 9920
   1955.80892 10.831 10.792 10.786 10.835 10.877    0.032 0.041 0.038 0.036 0.039  A 10105
   1958.80128 10.876 10.825 10.838 10.893 10.928    0.032 0.044 0.039 0.036 0.034  A 10273
   1961.79171 10.915 10.881 10.895 10.913 10.947    0.028 0.040 0.036 0.031 0.032  A 10547
   1962.85180 10.905 10.867 10.888 10.934 10.967    0.036 0.048 0.042 0.041 0.040  A 10721
   1964.74331 10.916 10.858 10.900 10.920 10.926    0.027 0.038 0.035 0.029 0.030  A 11037
   1965.78012 10.884 10.855 10.864 10.884 10.916    0.031 0.042 0.038 0.034 0.033  A 11239
   1966.82569 10.862 10.828 10.843 10.881 10.885    0.033 0.044 0.040 0.038 0.036  A 11441
   1967.82875 10.920 10.870 10.902 10.931 10.957    0.035 0.049 0.043 0.040 0.038  A 11604
   1976.82089 10.912 10.884 10.920 10.921 10.945    0.044 0.061 0.053 0.049 0.047  B 11861
   1977.75100 10.972 10.913 10.975 10.957 10.973    0.043 0.058 0.050 0.049 0.049  B 12002
   1979.69206 10.959 10.942 10.926 10.911 10.970    0.046 0.061 0.054 0.052 0.050  B 12251
   1981.74489 11.001 10.934 10.991 11.034 11.045    0.044 0.059 0.052 0.050 0.048  B 12601
   1982.74305 10.987 10.969 10.972 10.985 11.013    0.036 0.052 0.044 0.040 0.038  A 12794
   1984.74230 10.991 10.972 10.969 11.026 11.048    0.043 0.060 0.051 0.050 0.050  B 13008
   1985.75358 11.000 10.940 10.967 11.059 11.043    0.041 0.057 0.050 0.045 0.043  B 13203
   1993.77306 10.936 10.899 10.913 10.946 10.950    0.050 0.075 0.061 0.053 0.054  D 13346
   1995.66571 10.942 10.915 10.935 10.884 10.917    0.045 0.067 0.056 0.051 0.049  B 13656
   1996.71313 10.995 10.904 10.966 10.999 10.993    0.049 0.076 0.061 0.054 0.054  D 13873
   1997.72038 10.920 10.969 10.941 10.959 10.951    0.050 0.075 0.062 0.054 0.054  D 14081
   2000.71172 10.819 10.834 10.791 10.813 10.809    0.054 0.081 0.069 0.054 0.054  D 14681
   2025.64625 10.961 10.976 10.944 10.983 11.005    0.025 0.041 0.027 0.027 0.031  A 17195
   2026.65450 11.000 10.913 10.953 11.028 11.057    0.025 0.040 0.025 0.029 0.032  A 17415
   2027.64642 10.985 11.059 10.970 11.012 11.061    0.028 0.045 0.027 0.032 0.035  A 17629
   2030.63290 10.975 10.988 10.972 10.987 11.008    0.030 0.054 0.031 0.034 0.037  A 17800
   2031.64993 10.979 10.886 10.948 11.009 11.043    0.029 0.049 0.030 0.033 0.036  A 18018
   2032.63544 10.978 10.883 10.950 10.999 11.024    0.024 0.039 0.026 0.028 0.031  A 18233
   2033.62326 10.948 10.915 10.945 10.955 10.970    0.028 0.046 0.031 0.031 0.035  A 18447
   2034.61189 10.950 10.961 10.943 10.978 10.974    0.063 0.059 0.056 0.075 0.089  D 18642
   2037.63356 10.945 10.852 10.913 10.973 11.012    0.035 0.068 0.036 0.041 0.044  B 18971
   2038.64078 10.932 10.823 10.889 10.953 10.996    0.056 0.071 0.050 0.069 0.078  B 19100
   2039.71117 10.862 10.864 10.854 10.877 10.988    0.055 0.052 0.046 0.068 0.079  B 19265
   2040.63290 10.872 10.870 10.850 10.908 10.936    0.040 0.073 0.042 0.047 0.053  B 19456
   2052.57683 10.847 10.788 10.829 10.870 10.891    0.031 0.067 0.034 0.034 0.037  A 19796
   2053.60296 10.862 10.810 10.844 10.867 10.916    0.031 0.066 0.033 0.035 0.039  A 20017
   2054.61070 10.847 10.774 10.835 10.860 10.920    0.033 0.066 0.035 0.037 0.041  A 20234
   2055.58561 10.891 10.947 10.886 10.907 10.925    0.032 0.071 0.038 0.036 0.039  B 20445
   2056.59175 10.892 10.896 10.870 10.918 10.946    0.031 0.067 0.034 0.035 0.039  A 20674
   2057.58012 10.916 10.913 10.907 10.938 10.965    0.029 0.065 0.032 0.033 0.036  A 20900
   2058.58108 10.931 10.844 10.898 10.945 10.989    0.030 0.066 0.034 0.033 0.037  A 21128
   2062.56054 10.936 10.934 10.924 10.927 10.955    0.032 0.053 0.032 0.038 0.043  A 21507
   2064.55476 10.932 10.950 10.918 10.971 10.976    0.054 0.076 0.050 0.065 0.074  B 21604
   2065.69434 11.077 11.050 11.065 11.076 11.150    0.098 0.077 0.082 0.127 0.153  D 21723
   2067.57475 10.864 10.797 10.854 10.879 10.907    0.031 0.065 0.034 0.036 0.040  A 21823
   2068.56282 10.849 10.777 10.840 10.850 10.852    0.030 0.068 0.035 0.033 0.037  B 22042
   2069.56542 10.854 10.734 10.835 10.870 10.905    0.030 0.066 0.034 0.034 0.037  A 22266
   2070.55583 10.861 10.763 10.837 10.885 10.915    0.030 0.065 0.033 0.033 0.036  A 22491
   2079.52030 10.891 10.870 10.863 10.932 10.974    0.028 0.047 0.032 0.033 0.037  A 22785
   2081.52676 10.858 10.783 10.837 10.872 10.910    0.029 0.056 0.033 0.033 0.037  A 23076
   2083.52259 10.873 10.799 10.849 10.883 10.900    0.031 0.050 0.032 0.036 0.040  A 23541
   2085.52991 10.850 10.793 10.830 10.869 10.888    0.029 0.046 0.033 0.032 0.036  A 23771
   2086.52740 10.840 10.761 10.822 10.868 10.916    0.031 0.063 0.033 0.034 0.038  A 23997
   2087.52100 10.874 10.778 10.847 10.902 10.936    0.028 0.061 0.032 0.032 0.036  A 24216
   2088.52426 10.890 10.883 10.878 10.907 10.924    0.028 0.054 0.030 0.032 0.036  A 24442
   2093.49118 10.957 10.976 10.945 10.967 10.994    0.033 0.065 0.035 0.037 0.041  A 24650
   2094.57412 10.957 10.898 10.944 10.973 11.002    0.029 0.046 0.029 0.033 0.037  A 24974
   2096.48548 10.950 10.821 10.912 10.963 10.993    0.060 0.073 0.056 0.071 0.085  D 25384
   2102.47949 10.980 10.970 10.950 11.005 11.039    0.028 0.047 0.030 0.032 0.036  A 25594
   2104.52365 10.915 10.930 10.913 10.942 10.966    0.031 0.042 0.031 0.036 0.041  A 25962
   2106.51446 10.897 10.909 10.889 10.913 10.936    0.027 0.040 0.027 0.031 0.035  A 26383
   2115.60019 10.887 10.824 10.849 10.922 10.968    0.029 0.046 0.034 0.033 0.036  A 26851
   2117.49993 10.945 10.898 10.934 10.953 10.988    0.028 0.043 0.031 0.031 0.036  A 27248
   2129.47752 10.999 10.945 10.980 11.021 11.035    0.026 0.039 0.026 0.031 0.034  A 28086
   2131.51350 10.953 10.888 10.939 10.976 11.006    0.027 0.051 0.029 0.031 0.035  A 28515
   2133.52683 10.918 10.836 10.899 10.930 10.956    0.027 0.043 0.027 0.031 0.035  A 28949
   2135.53750 10.898 10.903 10.877 10.924 10.961    0.029 0.044 0.030 0.034 0.039  A 29384
   2141.53292 10.757 10.772 10.745 10.775 10.800    0.033 0.041 0.041 0.036 0.037  A 30352
   2144.47494 10.752 10.739 10.747 10.754 10.776    0.030 0.052 0.031 0.034 0.038  A 30939
   2440.54902 10.815 10.818 10.821 10.847 10.869    0.024 0.029 0.030 0.027 0.027  A 8020
   2442.54423 10.846 10.847 10.824 10.876 10.898    0.020 0.027 0.028 0.022 0.024  A 8444
   2443.54170 10.863 10.865 10.836 10.879 10.916    0.023 0.028 0.028 0.026 0.028  A 8631
   2444.54187 10.926 10.865 10.935 10.921 10.955    0.026 0.029 0.032 0.031 0.033  A 8834
   2452.50409 10.963 10.963 10.939 10.961 11.018    0.030 0.039 0.037 0.033 0.031  A 9403
   2456.51405 10.883 10.884 10.875 10.895 10.912    0.028 0.037 0.035 0.029 0.028  A 10023
   2464.49304 10.654 10.639 10.645 10.660 10.678    0.027 0.038 0.034 0.029 0.029  A 10776
   2466.48476 10.632 10.619 10.644 10.658 10.656    0.026 0.033 0.032 0.029 0.030  A 11211
   2468.48511 10.630 10.599 10.628 10.639 10.642    0.024 0.030 0.031 0.027 0.028  A 11648
   2470.47428 10.662 10.653 10.620 10.650 10.665    0.025 0.033 0.032 0.028 0.031  A 11924
   2474.46311 10.775 10.709 10.743 10.800 10.824    0.035 0.046 0.041 0.039 0.041  A 12825
   2482.46530 10.992 10.944 10.985 10.992 11.018    0.033 0.048 0.041 0.036 0.035  A 13082
   2490.52441 10.966 10.874 10.987 10.964 10.979    0.024 0.036 0.034 0.024 0.024  A 14017
   2494.48403 10.913 10.894 10.887 10.915 10.952    0.029 0.037 0.036 0.032 0.035  A 14598
   2498.51699 10.855 10.837 10.844 10.874 10.873    0.023 0.033 0.031 0.025 0.027  A 15385
   2502.51779 10.825 10.795 10.791 10.835 10.855    0.033 0.042 0.038 0.037 0.034  A 16169
   2503.53175 10.788 10.744 10.741 10.794 10.830    0.036 0.049 0.043 0.040 0.039  A 16379
   2509.52843 10.789 10.796 10.775 10.810 10.840    0.037 0.037 0.034 0.044 0.049  A 16880
   2511.50582 10.817 10.774 10.802 10.828 10.873    0.032 0.036 0.036 0.038 0.046  A 17037
   2512.53582 10.805 10.794 10.802 10.814 10.842    0.028 0.033 0.032 0.032 0.035  A 17216
   2520.50327 10.781 10.751 10.780 10.791 10.820    0.021 0.028 0.027 0.022 0.025  A 18146
   2521.52015 10.795 10.775 10.769 10.814 10.848    0.020 0.022 0.021 0.022 0.025  A 18349
   2625.86329 10.783 10.763 10.760 10.802 10.808    0.046 0.040 0.041 0.058 0.065  A 30514
   2629.85167 10.723 10.673 10.711 10.748 10.776    0.028 0.031 0.029 0.033 0.037  A 30964
   2635.84321 10.791 10.796 10.774 10.823 10.863    0.028 0.026 0.027 0.033 0.038  A 32318
   2639.84324 10.761 10.726 10.740 10.776 10.800    0.023 0.023 0.023 0.025 0.028  A 32917
   2643.83719 10.703 10.690 10.687 10.719 10.752    0.023 0.023 0.023 0.027 0.030  A 33508
   2646.84088 10.697 10.655 10.682 10.712 10.729    0.023 0.026 0.025 0.026 0.028  A 33961
   2650.82491 10.677 10.654 10.664 10.696 10.714    0.019 0.021 0.019 0.022 0.025  A 34363
   2652.85711 10.660 10.670 10.661 10.679 10.711    0.029 0.027 0.030 0.034 0.037  A 34682
   2660.80522 10.706 10.685 10.700 10.711 10.707    0.029 0.028 0.030 0.035 0.039  A 36011
   2662.82258 10.758 10.712 10.730 10.776 10.798    0.029 0.035 0.033 0.032 0.034  A 36361
   2664.83360 10.816 10.803 10.807 10.828 10.840    0.028 0.029 0.028 0.031 0.033  A 36709
   2667.82561 10.850 10.855 10.841 10.854 10.873    0.030 0.029 0.032 0.035 0.039  A 37186
   2670.83411 10.877 10.872 10.855 10.893 10.912    0.026 0.029 0.029 0.029 0.032  A 37675
   2673.82017 10.853 10.842 10.848 10.877 10.914    0.021 0.024 0.023 0.023 0.025  A 38172
   2678.81470 10.845 10.833 10.844 10.845 10.863    0.019 0.022 0.022 0.022 0.025  A 39051
   2680.82156 10.842 10.813 10.831 10.843 10.853    0.039 0.032 0.037 0.043 0.046  A 39384
   2684.81065 10.752 10.740 10.765 10.738 10.751    0.036 0.030 0.035 0.040 0.045  A 40067
   2686.80773 10.753 10.700 10.731 10.766 10.770    0.035 0.031 0.033 0.038 0.042  A 40432
   2688.78740 10.716 10.778 10.727 10.735 10.757    0.036 0.032 0.034 0.039 0.043  A 40786
   2690.78951 10.734 10.731 10.724 10.767 10.789    0.034 0.032 0.033 0.037 0.041  A 41158
   2693.80097 10.708 10.714 10.670 10.736 10.734    0.042 0.033 0.044 0.045 0.047  A 41652
   2696.79616 10.708 10.729 10.711 10.721 10.734    0.036 0.030 0.033 0.039 0.042  A 42157
   2700.84172 10.795 10.757 10.792 10.805 10.822    0.026 0.029 0.030 0.030 0.034  A 42981
   2704.81019 10.794 10.762 10.781 10.812 10.821    0.023 0.028 0.023 0.026 0.029  A 43735
   2706.79404 10.805 10.813 10.792 10.829 10.848    0.025 0.027 0.028 0.026 0.028  A 44094
   2710.75267 10.767 10.748 10.768 10.772 10.787    0.024 0.023 0.024 0.027 0.030  A 44800
   2712.75045 10.731 10.711 10.714 10.746 10.761    0.030 0.027 0.030 0.033 0.035  A 45171
   2714.73740 10.749 10.694 10.753 10.768 10.787    0.032 0.028 0.032 0.034 0.036  A 45557
   2717.73926 10.704 10.718 10.702 10.709 10.707    0.032 0.035 0.039 0.034 0.037  A 45899
   2720.68006 10.698 10.662 10.679 10.724 10.740    0.031 0.030 0.033 0.038 0.042  A 46311
   2722.72269 10.686 10.691 10.668 10.699 10.708    0.022 0.025 0.025 0.024 0.027  A 46714
   2726.75058 10.668 10.682 10.638 10.660 10.674    0.032 0.031 0.035 0.037 0.038  A 47511
   2730.74469 10.676 10.674 10.685 10.678 10.699    0.027 0.025 0.028 0.029 0.032  A 48312
   2733.73852 10.721 10.724 10.714 10.734 10.756    0.029 0.028 0.031 0.032 0.033  A 48663
   2735.73486 10.784 10.764 10.774 10.804 10.824    0.021 0.026 0.025 0.024 0.027  A 49067
   2737.69660 10.823 10.780 10.752 10.876 10.885    0.031 0.026 0.030 0.033 0.035  A 49447
   2739.72119 10.834 10.802 10.830 10.849 10.894    0.027 0.027 0.031 0.033 0.038  A 49793
   2741.69544 10.821 10.828 10.831 10.830 10.850    0.028 0.028 0.027 0.031 0.034  A 50176
   2742.84387 10.854 10.782 10.849 10.865 10.866    0.038 0.040 0.037 0.042 0.048  A 50443
   2744.67214 10.863 10.882 10.863 10.862 10.867    0.028 0.027 0.026 0.033 0.037  A 50748
   2747.74923 10.863 10.831 10.839 10.891 10.918    0.028 0.026 0.026 0.033 0.038  A 51050
   2750.78678 10.870 10.762 10.865 10.874 10.897    0.030 0.039 0.031 0.031 0.033  A 51696
   2752.70049 10.814 10.824 10.779 10.828 10.849    0.022 0.023 0.027 0.024 0.026  A 52050
   2755.64911 10.780 10.767 10.752 10.795 10.820    0.023 0.022 0.027 0.028 0.029  A 52463
   2757.62315 10.717 10.772 10.722 10.720 10.731    0.029 0.026 0.031 0.029 0.031  A 52868
   2759.66980 10.717 10.728 10.707 10.729 10.748    0.022 0.023 0.027 0.024 0.027  A 53231
   2760.76447 10.700 10.654 10.682 10.722 10.748    0.020 0.023 0.021 0.023 0.026  A 53478
   2762.71629 10.680 10.676 10.673 10.683 10.694    0.026 0.031 0.029 0.032 0.037  A 53866
   2769.75059 10.764 10.801 10.755 10.768 10.768    0.036 0.037 0.041 0.041 0.044  A 54698
   2775.72523 10.809 10.736 10.807 10.831 10.859    0.031 0.031 0.033 0.036 0.040  A 55118
   2782.77376 10.770 10.720 10.753 10.780 10.802    0.025 0.030 0.026 0.030 0.033  A 55771
   2784.65579 10.767 10.756 10.744 10.772 10.786    0.021 0.024 0.024 0.023 0.026  A 56143
   2785.78090 10.780 10.788 10.777 10.799 10.820    0.025 0.032 0.027 0.027 0.030  A 56414
   2787.73232 10.854 10.818 10.831 10.872 10.886    0.021 0.021 0.021 0.024 0.026  A 56834
   2794.57933 10.925 10.878 10.900 10.937 10.966    0.023 0.026 0.025 0.024 0.027  A 58041
   2809.58441 10.802 10.796 10.786 10.820 10.829    0.020 0.025 0.026 0.023 0.026  A 59481
   2810.68434 10.793 10.803 10.781 10.805 10.831    0.025 0.039 0.030 0.026 0.029  A 59752
   2812.58104 10.820 10.829 10.827 10.832 10.844    0.027 0.028 0.033 0.032 0.030  A 60158
   2813.75088 10.767 10.736 10.759 10.777 10.799    0.023 0.028 0.024 0.026 0.029  A 60460
   2819.61535 10.762 10.718 10.749 10.786 10.804    0.020 0.026 0.026 0.023 0.026  A 61282
   2821.62157 10.723 10.668 10.728 10.729 10.740    0.024 0.040 0.029 0.028 0.032  A 61728
   2826.60931 10.808 10.800 10.797 10.819 10.834    0.021 0.025 0.026 0.024 0.026  A 62020
   2831.61648 10.847 10.839 10.838 10.869 10.895    0.024 0.027 0.027 0.028 0.033  A 62721
   2833.58338 10.921 10.906 10.878 10.969 10.968    0.075 0.062 0.069 0.089 0.103  D 63121
   2834.65186 10.866 10.816 10.867 10.875 10.868    0.065 0.058 0.062 0.079 0.095  D 63344
   2836.56043 10.902 10.909 10.882 10.899 10.909    0.026 0.031 0.030 0.030 0.033  A 63648
   2839.61626 10.997 10.937 11.001 11.015 11.019    0.027 0.030 0.033 0.030 0.033  A 64103
   2841.66445 10.968 10.903 10.950 10.984 11.012    0.029 0.031 0.030 0.034 0.039  A 64554
   2843.61493 10.931 10.938 10.928 10.947 10.958    0.031 0.034 0.034 0.035 0.040  A 64899
   2853.51102 10.635 10.617 10.615 10.646 10.665    0.021 0.025 0.026 0.024 0.027  A 65610
   2854.58972 10.623 10.590 10.616 10.632 10.647    0.022 0.029 0.028 0.026 0.028  A 65864
   2858.58917 10.627 10.603 10.628 10.639 10.645    0.026 0.027 0.031 0.030 0.033  A 66303
   2860.57787 10.679 10.673 10.674 10.688 10.705    0.025 0.027 0.028 0.029 0.034  A 66727
   2862.55482 10.725 10.717 10.700 10.726 10.735    0.030 0.031 0.036 0.034 0.038  A 67142
   2866.59383 10.864 10.844 10.852 10.872 10.885    0.027 0.032 0.028 0.031 0.034  A 67541
   2875.51556 11.016 10.985 11.013 11.019 11.047    0.030 0.045 0.036 0.034 0.040  A 68501
   2877.51430 11.031 10.954 11.016 11.047 11.069    0.024 0.032 0.030 0.026 0.028  A 68898
   2879.51702 10.934 10.935 10.898 10.954 10.972    0.027 0.026 0.029 0.031 0.036  A 69205
   2883.49209 10.877 10.856 10.865 10.884 10.916    0.024 0.028 0.028 0.026 0.029  A 69569
   2885.51100 10.820 10.825 10.823 10.825 10.837    0.025 0.027 0.026 0.027 0.030  A 69974
   2895.52828 10.720 10.686 10.708 10.728 10.752    0.026 0.026 0.025 0.030 0.033  A 71230
   2898.50607 10.749 10.708 10.748 10.759 10.785    0.024 0.028 0.025 0.027 0.030  A 71816
   2900.50105 10.740 10.698 10.756 10.772 10.790    0.024 0.028 0.025 0.028 0.031  A 72171
   2904.49301 10.770 10.755 10.764 10.787 10.808    0.023 0.026 0.023 0.027 0.030  A 72799
   2906.49143 10.813 10.774 10.798 10.823 10.842    0.023 0.025 0.023 0.026 0.029  A 73121
   2989.85563 10.706 10.739 10.704 10.714 10.760    0.035 0.033 0.033 0.042 0.049  A 84607
   2994.85221 10.811 10.830 10.824 10.819 10.839    0.028 0.031 0.029 0.033 0.038  A 85266
   3003.84262 11.014 10.983 10.984 11.048 11.075    0.028 0.026 0.027 0.034 0.039  A 86332
   3007.82661 99.999 99.999 99.999 99.999 99.999    0.026 0.031 0.028 0.031 0.034  C 86799
   3011.83884 10.867 10.858 10.858 10.862 10.870    0.032 0.032 0.030 0.039 0.046  A 87326
   3017.84281 10.855 10.827 10.851 10.885 10.905    0.027 0.027 0.025 0.034 0.039  A 87956
   3025.85872 10.738 10.732 10.710 10.755 10.779    0.024 0.025 0.024 0.028 0.032  A 88510
   3030.86234 10.770 10.787 10.768 10.779 10.809    0.027 0.025 0.026 0.032 0.036  A 88806
   3041.82900 10.863 10.860 10.842 10.880 10.880    0.032 0.033 0.031 0.039 0.046  A 89723
   3054.83122 10.725 10.727 10.713 10.724 10.742    0.025 0.026 0.026 0.030 0.034  A 91471
   3057.86211 10.692 10.672 10.695 10.702 10.719    0.038 0.036 0.034 0.043 0.046  A 91893
   3060.80716 99.999 10.678 10.711 99.999 99.999    0.027 0.026 0.025 0.033 0.037  C 92271
   3063.81218 10.767 10.751 10.721 10.808 10.847    0.122 0.085 0.099 0.151 0.178  D 92667
   3067.80587 10.810 10.801 10.809 10.826 10.844    0.027 0.027 0.026 0.031 0.036  A 93104
   3067.86890 10.774 10.767 10.758 10.788 10.812    0.027 0.027 0.028 0.031 0.036  A 93125
   3069.84825 10.784 10.762 10.767 10.803 10.833    0.030 0.035 0.030 0.036 0.041  A 93412
   3071.81781 10.764 10.726 10.767 10.771 10.789    0.030 0.030 0.029 0.036 0.042  A 93689
   3074.78324 10.754 10.725 10.763 10.762 10.781    0.029 0.029 0.028 0.036 0.041  A 94039
   3077.75405 10.677 10.672 10.672 10.699 10.715    0.027 0.025 0.025 0.032 0.037  A 94459
   3079.80630 10.626 10.626 10.647 10.632 10.639    0.025 0.024 0.029 0.029 0.032  A 94767
   3082.73520 10.625 10.647 10.619 10.636 10.651    0.026 0.027 0.026 0.030 0.033  A 95186
   3086.78591 10.680 10.664 10.659 10.701 10.722    0.025 0.028 0.025 0.029 0.033  A 95504
   3088.85857 10.703 10.715 10.695 10.716 10.730    0.026 0.029 0.026 0.031 0.035  A 95841
   3091.71928 10.831 10.815 10.812 10.843 10.863    0.034 0.033 0.033 0.036 0.041  A 96246
   3093.76744 10.962 10.957 10.965 10.991 11.025    0.028 0.028 0.032 0.033 0.038  A 96565
   3097.71594 11.056 10.998 11.034 11.069 11.087    0.026 0.026 0.025 0.031 0.036  A 96837
   3101.78061 11.004 10.986 10.983 11.024 11.075    0.030 0.029 0.028 0.036 0.043  A 97477
   3103.81200 10.930 10.925 10.928 10.961 10.991    0.033 0.030 0.030 0.041 0.047  A 97805
   3105.80243 10.876 10.844 10.873 10.877 10.883    0.028 0.028 0.028 0.034 0.038  A 98120
   3107.80487 10.829 10.797 10.787 10.848 10.864    0.025 0.026 0.025 0.028 0.032  A 98438
   3110.66814 10.734 10.674 10.715 10.755 10.775    0.027 0.027 0.026 0.032 0.037  A 98861
   3112.71793 10.703 10.688 10.691 10.708 10.737    0.026 0.028 0.026 0.031 0.036  A 99186
   3114.75792 10.687 10.695 10.685 10.692 10.710    0.025 0.025 0.026 0.028 0.032  A 99531
   3116.77897 10.708 10.675 10.701 10.712 10.735    0.025 0.026 0.025 0.029 0.032  A 99864
   3121.71335 10.777 10.741 10.765 10.785 10.827    0.029 0.028 0.031 0.034 0.038  A 100113
   3123.78259 10.742 10.773 10.758 10.751 10.751    0.062 0.049 0.054 0.075 0.089  D 100427
   3125.69030 10.850 10.814 10.843 10.867 10.890    0.024 0.027 0.024 0.029 0.033  A 100733
   3127.68473 10.926 10.913 10.915 10.937 10.980    0.041 0.036 0.037 0.050 0.058  A 101045
   3129.72685 10.959 10.914 10.938 10.971 10.999    0.036 0.032 0.034 0.044 0.051  A 101394
   3131.75124 10.894 10.867 10.886 10.908 10.920    0.032 0.030 0.028 0.039 0.044  A 101687
   3133.75424 10.889 10.864 10.857 10.911 10.949    0.028 0.027 0.028 0.032 0.037  A 102022
   3144.79449 10.711 10.714 10.707 10.718 10.723    0.025 0.025 0.025 0.029 0.033  A 103324
   3153.70459 10.819 10.804 10.812 10.835 10.846    0.026 0.027 0.026 0.030 0.033  A 103784
   3156.59218 10.878 10.849 10.849 10.900 10.926    0.024 0.026 0.025 0.029 0.033  A 104149
   3158.73190 10.885 10.860 10.875 10.897 10.934    0.037 0.030 0.033 0.044 0.051  A 104435
   3160.75099 10.850 10.826 10.844 10.879 10.913    0.054 0.044 0.048 0.067 0.078  B 104731
   3163.75371 10.895 10.856 10.892 10.916 10.943    0.026 0.030 0.026 0.031 0.034  A 105060
   3165.78047 10.978 10.895 10.985 10.978 10.962    0.103 0.077 0.087 0.127 0.154  D 105413
   3169.51008 10.901 10.870 10.908 10.916 10.954    0.026 0.027 0.025 0.030 0.035  A 105882
   3171.77250 10.834 10.814 10.829 10.819 10.856    0.099 0.081 0.087 0.121 0.145  D 106229
   3176.49676 10.747 10.742 10.739 10.766 10.793    0.024 0.028 0.025 0.028 0.031  A 106714
   3178.63307 10.709 10.693 10.698 10.727 10.757    0.028 0.029 0.027 0.033 0.037  A 107054
   3180.73068 10.707 10.658 10.702 10.724 10.742    0.026 0.028 0.027 0.030 0.034  A 107373
   3183.71953 10.733 10.728 10.714 10.750 10.772    0.028 0.028 0.027 0.033 0.038  A 107678
   3185.67374 10.773 10.740 10.765 10.785 10.814    0.031 0.029 0.030 0.038 0.044  A 107944
   3187.71728 10.790 10.787 10.772 10.802 10.836    0.033 0.033 0.032 0.040 0.047  A 108299
   3190.70745 10.908 10.849 10.907 10.937 10.952    0.036 0.034 0.034 0.043 0.049  A 108627
   3388.83294 11.055 10.998 11.031 11.072 11.111    0.043 0.052 0.041 0.050 0.058  A 126502
   3396.81489 10.967 11.009 10.994 10.933 10.962    0.045 0.048 0.040 0.053 0.060  A 127433
   3399.84645 10.990 10.889 10.972 10.999 11.016    0.044 0.084 0.048 0.049 0.055  B 127834
   3403.82533 10.876 10.871 10.873 10.892 10.909    0.038 0.059 0.040 0.043 0.047  A 128319
   3406.84702 10.854 10.856 10.841 10.877 10.903    0.039 0.059 0.041 0.044 0.049  A 128796
   3409.84039 10.883 10.843 10.872 10.906 10.937    0.046 0.077 0.045 0.053 0.060  B 129263
   3412.83231 10.886 10.853 10.860 10.909 10.938    0.032 0.050 0.032 0.037 0.041  A 129692
   3418.81441 10.887 10.853 10.863 10.914 10.968    0.048 0.059 0.048 0.052 0.061  B 130641
   3421.81347 10.933 10.866 10.912 10.966 10.981    0.036 0.053 0.036 0.042 0.047  A 131108
   3424.79761 10.945 10.907 10.941 10.958 10.976    0.035 0.051 0.035 0.042 0.049  A 131565
   3426.83884 11.009 10.966 10.990 11.027 11.067    0.033 0.044 0.031 0.039 0.046  A 131917
   3431.84240 11.047 11.007 11.031 11.063 11.096    0.036 0.052 0.036 0.042 0.047  A 132434
   3434.77719 10.969 10.959 10.952 10.987 10.995    0.057 0.109 0.060 0.060 0.064  D 132887
   3438.79065 11.036 11.020 11.015 11.065 11.104    0.028 0.039 0.030 0.033 0.038  A 133231
   3442.78808 10.966 10.958 10.921 10.995 11.036    0.030 0.037 0.029 0.034 0.038  A 133640
   3444.80319 10.988 10.925 10.953 11.027 11.086    0.044 0.065 0.041 0.052 0.061  A 133984
   3446.84662 10.959 10.932 10.950 10.983 11.008    0.030 0.049 0.033 0.035 0.039  A 134644
   3449.74117 10.974 10.950 10.953 11.001 11.027    0.047 0.055 0.046 0.055 0.062  A 135104
   3452.73721 10.945 10.910 10.937 10.970 10.997    0.043 0.060 0.044 0.049 0.055  A 135526
   3454.78472 10.887 10.854 10.868 10.902 99.999    0.037 0.037 0.034 0.046 0.053  C 135878
   3456.78151 10.831 10.846 10.793 10.855 10.883    0.033 0.035 0.030 0.039 0.045  A 136231
   3458.79753 10.842 10.797 10.834 10.860 10.889    0.032 0.033 0.028 0.038 0.044  A 136591
   3460.81169 10.841 10.801 10.839 10.856 10.878    0.033 0.035 0.030 0.038 0.044  A 136958
   3463.71378 10.831 10.791 10.815 10.843 10.875    0.033 0.041 0.032 0.039 0.044  A 137344
   3465.76534 10.841 10.822 10.837 10.845 10.864    0.028 0.032 0.028 0.034 0.037  A 137696
   3468.74597 10.860 10.858 10.839 10.879 10.904    0.027 0.036 0.028 0.031 0.035  A 138135
   3470.84038 10.930 10.859 10.915 10.954 10.981    0.030 0.031 0.029 0.037 0.043  A 138471
   3473.67686 11.004 10.955 10.979 11.026 11.054    0.026 0.032 0.028 0.031 0.036  A 138890
   3475.77190 11.035 11.004 11.038 11.050 11.106    0.045 0.038 0.037 0.057 0.067  B 139251
   3477.78367 11.009 10.983 10.992 11.042 11.075    0.041 0.079 0.045 0.046 0.050  B 139593
   3479.72404 11.043 10.969 11.016 11.071 11.098    0.035 0.039 0.031 0.041 0.048  A 139883
   3481.70582 10.971 10.986 10.965 10.999 11.030    0.031 0.034 0.029 0.037 0.043  A 140198
   3483.69574 10.932 10.892 10.941 10.967 10.997    0.037 0.039 0.033 0.045 0.054  A 140514
   3487.67055 10.930 10.930 10.925 10.979 11.030    0.034 0.035 0.033 0.041 0.047  A 140787
   3490.68874 10.891 10.844 10.888 10.889 10.903    0.038 0.041 0.034 0.045 0.052  A 141154
   3492.68427 10.814 10.795 10.808 10.823 10.844    0.031 0.035 0.029 0.037 0.042  A 141492
   3496.68266 10.809 10.771 10.801 10.818 10.833    0.024 0.029 0.027 0.029 0.034  A 141770
   3499.68520 10.756 10.717 10.760 10.768 10.802    0.035 0.055 0.036 0.041 0.047  A 142129
   3501.72162 10.797 10.781 10.773 10.815 10.835    0.036 0.038 0.032 0.043 0.048  A 142477
   3503.71362 10.774 10.764 10.770 10.781 10.805    0.031 0.035 0.030 0.036 0.041  A 142832
   3506.72138 10.820 10.804 10.821 10.848 10.858    0.032 0.035 0.029 0.037 0.040  A 143170
   3509.71360 10.854 10.881 10.830 10.878 10.903    0.027 0.035 0.029 0.031 0.036  A 143447
   3511.79363 10.833 10.844 10.819 10.851 10.859    0.032 0.032 0.030 0.037 0.044  A 143722
   3515.76136 10.814 10.807 10.812 10.844 10.858    0.037 0.035 0.033 0.045 0.053  A 144089
   3517.75324 10.808 10.819 10.791 10.833 10.872    0.029 0.035 0.028 0.035 0.039  A 144381
   3521.64441 10.807 10.820 10.809 10.801 10.824    0.062 0.116 0.058 0.066 0.068  D 144842
   3523.65288 10.830 10.735 10.784 10.896 10.911    0.054 0.085 0.052 0.061 0.069  B 145198
   3525.67644 10.741 10.749 10.729 10.759 10.772    0.028 0.037 0.028 0.033 0.038  A 145505
   3529.67507 10.716 10.727 10.689 10.735 10.743    0.044 0.056 0.043 0.051 0.057  A 146207
   3538.61929 10.758 10.730 10.739 10.783 10.804    0.030 0.045 0.032 0.034 0.038  A 146837
   3540.64236 10.814 10.786 10.800 10.834 10.856    0.039 0.065 0.040 0.045 0.052  A 147166
   3543.61134 10.738 10.751 10.725 10.744 10.765    0.038 0.053 0.037 0.046 0.052  A 147546
   3550.64394 10.722 10.726 10.709 10.725 10.725    0.034 0.032 0.031 0.040 0.048  A 148217
   3552.69550 10.731 10.705 10.712 10.754 10.788    0.031 0.033 0.029 0.036 0.040  A 148482
   3555.68892 10.679 10.659 10.654 10.699 10.717    0.025 0.030 0.027 0.030 0.035  A 148940
   3558.69323 10.677 10.724 10.675 10.677 10.691    0.054 0.085 0.050 0.067 0.072  B 149248
   3560.70282 10.723 10.708 10.707 10.738 10.754    0.034 0.038 0.032 0.039 0.043  A 149583
   3563.49798 10.743 10.730 10.737 10.759 10.777    0.025 0.026 0.025 0.030 0.034  A 150036
   3565.50222 10.794 10.776 10.773 10.802 10.832    0.041 0.043 0.039 0.050 0.059  A 150387
   3570.58191 10.898 10.935 10.883 10.924 10.925    0.031 0.041 0.031 0.036 0.041  A 150743
   3573.64688 10.949 10.933 10.927 10.991 11.027    0.033 0.037 0.036 0.040 0.046  A 151116
   3575.66227 10.915 10.881 10.897 10.934 10.971    0.029 0.034 0.029 0.035 0.041  A 151482
   3578.55293 10.905 10.829 10.896 10.915 10.955    0.027 0.036 0.025 0.031 0.035  A 151947
   3584.56708 10.819 10.773 10.798 10.839 10.869    0.027 0.038 0.029 0.031 0.036  A 152997
   3586.60213 10.761 10.734 10.760 10.769 10.787    0.029 0.030 0.027 0.034 0.039  A 153344
   3591.52490 10.712 10.727 10.713 10.731 10.765    0.035 0.056 0.035 0.040 0.045  A 154153
   3593.53627 10.678 10.687 10.671 10.699 10.725    0.030 0.052 0.031 0.034 0.039  A 154507
   3601.55370 10.801 10.806 10.782 10.820 10.863    0.034 0.048 0.033 0.041 0.047  A 155532
   3603.56025 10.834 10.835 10.822 10.852 10.869    0.032 0.033 0.029 0.037 0.043  A 155858
   3606.56526 10.934 10.892 10.908 10.959 10.984    0.031 0.040 0.032 0.036 0.041  A 156174
   3618.49421 11.031 11.172 11.020 11.057 11.094    0.031 0.036 0.029 0.036 0.041  A 157238
   3620.52886 10.782 10.750 10.767 10.798 10.826    0.032 0.033 0.029 0.039 0.044  A 157555
   3630.49477 10.934 10.888 10.921 10.949 10.975    0.038 0.040 0.035 0.046 0.053  A 158738
   3633.49244 10.907 10.823 10.896 10.923 10.942    0.033 0.037 0.029 0.038 0.043  A 159177
   3727.85155 10.840 10.853 10.814 10.864 10.902    0.034 0.037 0.031 0.041 0.048  A 171351
   3734.85635 10.793 10.802 10.779 10.785 10.769    0.051 0.054 0.047 0.062 0.073  B 172147
   3738.84862 10.754 10.772 10.747 10.773 10.791    0.036 0.047 0.036 0.042 0.048  A 172706
   3742.84641 10.725 10.706 10.697 10.728 10.740    0.039 0.053 0.040 0.045 0.050  A 173213
   3746.83379 10.735 10.651 10.734 10.760 10.778    0.055 0.049 0.047 0.070 0.084  D 173742
   3750.84089 10.716 10.689 10.699 10.726 10.732    0.037 0.038 0.032 0.044 0.050  A 174311
   3754.82234 10.716 10.716 10.724 10.727 10.724    0.040 0.044 0.037 0.047 0.054  A 174844
   3757.84173 10.830 10.773 10.813 10.860 10.880    0.032 0.036 0.032 0.038 0.043  A 175268
   3760.85469 10.816 10.807 10.784 10.841 10.849    0.035 0.042 0.032 0.043 0.051  A 175692
   3764.81910 10.848 10.797 10.830 10.873 10.906    0.043 0.045 0.038 0.050 0.055  A 176212
   3765.70308 10.832 10.816 10.811 10.858 10.885    0.037 0.048 0.031 0.044 0.050  A 176317
   3765.73431 10.847 10.853 10.824 10.860 10.875    0.035 0.053 0.033 0.041 0.047  A 176326
   3765.76448 10.882 10.813 10.875 10.888 10.922    0.038 0.074 0.042 0.042 0.045  B 176336
   3765.79439 10.858 10.830 10.853 10.869 10.897    0.046 0.092 0.052 0.047 0.050  B 176346
   3769.81332 10.865 10.822 10.844 10.877 10.905    0.035 0.040 0.034 0.039 0.044  A 176886
   3773.80519 10.806 10.804 10.788 10.821 10.848    0.046 0.055 0.043 0.052 0.058  A 177415
   3788.86538 10.692 10.623 10.686 10.704 10.719    0.039 0.036 0.035 0.048 0.057  A 179052
   3791.81287 10.730 10.651 10.724 10.740 10.765    0.041 0.067 0.043 0.047 0.052  A 179456
   3794.82180 10.748 10.731 10.729 10.773 10.803    0.033 0.045 0.034 0.040 0.047  A 179893
   3797.78818 10.766 10.749 10.748 10.781 10.810    0.034 0.060 0.037 0.040 0.043  A 180310
   3800.77679 10.774 10.777 10.747 10.792 10.809    0.045 0.075 0.046 0.052 0.058  B 180713
   3803.77320 10.706 10.703 10.721 10.725 10.740    0.054 0.082 0.057 0.061 0.069  D 181070
   3806.75384 10.680 10.676 10.670 10.681 10.703    0.042 0.061 0.042 0.049 0.054  A 181506
   3809.78292 10.709 10.657 10.689 10.720 10.740    0.039 0.049 0.037 0.046 0.053  A 181867
   3812.75468 10.743 10.701 10.740 10.749 10.770    0.040 0.055 0.040 0.047 0.052  A 182339
   3814.80134 10.723 10.671 10.714 10.728 10.745    0.041 0.057 0.041 0.048 0.056  A 182671
   3816.82557 10.698 10.644 10.680 10.720 10.736    0.041 0.057 0.040 0.049 0.056  A 182993
   3819.73028 10.720 10.704 10.699 10.727 10.741    0.040 0.046 0.042 0.045 0.049  A 183446
   3821.82338 10.728 10.723 10.708 10.760 10.800    0.034 0.048 0.035 0.041 0.045  A 183798
   3824.71513 10.788 10.715 10.776 10.807 10.842    0.035 0.056 0.034 0.040 0.047  A 184257
   3826.77031 10.776 10.728 10.760 10.809 10.829    0.036 0.040 0.033 0.043 0.051  A 184615
   3829.70043 10.792 10.764 10.776 10.807 10.828    0.039 0.071 0.043 0.042 0.046  B 185094
   3831.75398 10.783 10.724 10.769 10.803 10.838    0.037 0.057 0.039 0.043 0.048  A 185458
   3833.75222 10.770 10.755 10.759 10.794 10.804    0.043 0.048 0.039 0.053 0.061  A 185808
   3835.74216 10.725 10.751 10.717 10.740 10.763    0.042 0.045 0.038 0.052 0.061  A 186149
   3837.74334 10.794 10.771 10.789 10.807 10.827    0.037 0.040 0.035 0.044 0.052  A 186481
   3848.70612 10.797 10.777 10.785 10.810 10.821    0.059 0.060 0.051 0.069 0.081  D 186935
   3850.72145 10.839 10.789 10.808 10.853 10.877    0.032 0.050 0.032 0.037 0.042  A 187281
   3852.74348 99.999 99.999 99.999 99.999 99.999    0.027 0.034 0.028 0.033 0.038  C 187641
   3854.78082 10.627 10.700 10.655 10.594 10.625    0.102 0.080 0.085 0.126 0.149  D 188016
   3856.81325 10.707 10.690 10.687 10.724 10.759    0.041 0.068 0.042 0.046 0.051  B 188292
   3859.65717 10.675 10.697 10.658 10.703 10.727    0.039 0.055 0.040 0.045 0.052  A 188673
   3861.66748 10.699 10.698 10.699 10.706 10.717    0.030 0.035 0.030 0.034 0.038  A 189024
   3863.66376 10.729 10.691 10.736 10.749 10.764    0.038 0.064 0.041 0.044 0.049  A 189365
   3868.65602 10.735 10.711 10.730 10.733 10.746    0.042 0.059 0.042 0.049 0.056  A 190200
   3870.65037 10.754 10.742 10.740 10.771 10.794    0.037 0.035 0.033 0.044 0.051  A 190561
   3872.64689 10.776 10.745 10.784 10.785 10.802    0.029 0.036 0.029 0.034 0.039  A 190933
   3875.75159 10.775 10.765 10.752 10.793 10.818    0.029 0.030 0.027 0.034 0.039  A 191207
   3877.80598 10.741 10.726 10.713 10.764 10.793    0.034 0.062 0.038 0.039 0.043  A 191545
   3880.82389 10.727 10.719 10.715 10.727 10.742    0.034 0.048 0.035 0.040 0.046  A 191868
   3883.59404 10.727 10.724 10.718 10.746 10.757    0.031 0.060 0.035 0.036 0.040  A 192246
   3887.59788 10.787 10.769 10.749 10.811 10.838    0.028 0.030 0.026 0.032 0.036  A 192643
   3891.58182 10.790 10.736 10.779 10.806 10.820    0.031 0.050 0.033 0.036 0.041  A 193333
   3893.59164 10.794 10.784 10.780 10.808 10.819    0.032 0.033 0.029 0.039 0.045  A 193692
   3896.65481 10.724 10.726 10.729 10.754 10.794    0.036 0.037 0.036 0.043 0.050  A 194040
   3898.69411 10.741 10.762 10.715 10.756 10.780    0.036 0.048 0.036 0.044 0.051  A 194373
   3900.70547 10.788 10.773 10.769 10.808 10.834    0.038 0.039 0.035 0.047 0.055  A 194678
   3902.71992 10.796 10.722 10.777 10.819 10.837    0.031 0.039 0.029 0.037 0.043  A 195059
   3904.74392 10.797 10.741 10.791 10.809 10.832    0.036 0.061 0.037 0.040 0.046  A 195448
   3906.74750 10.830 10.784 10.819 10.847 10.871    0.033 0.032 0.030 0.039 0.044  A 195829
   3909.68804 10.846 10.788 10.825 10.866 10.880    0.028 0.040 0.029 0.033 0.037  A 196392
   3913.68997 10.818 10.789 10.797 10.837 10.857    0.030 0.032 0.027 0.035 0.040  A 196952
   3981.54385 10.879 10.858 10.852 10.892 10.928    0.032 0.052 0.034 0.038 0.044  A 203314
   4172.89079 10.811 10.775 10.815 10.811 10.817    0.039 0.066 0.043 0.044 0.048  A 217996
   4178.79768 10.771 10.706 10.767 10.803 10.844    0.063 0.062 0.053 0.078 0.094  D 218743
   4181.73702 10.684 10.671 10.689 10.707 10.741    0.056 0.061 0.050 0.067 0.077  B 219146
   4189.71105 10.748 10.714 10.693 10.756 10.802    0.032 0.038 0.034 0.036 0.040  A 220109
   4199.68606 10.878 10.865 10.889 10.906 10.923    0.054 0.055 0.048 0.066 0.078  B 221396
   4202.74355 10.839 10.819 10.790 10.870 10.895    0.039 0.054 0.040 0.045 0.052  A 221664
   4204.76328 10.797 10.792 10.794 10.821 10.837    0.035 0.039 0.036 0.041 0.046  A 221992
   4207.79867 10.765 10.718 10.746 10.774 10.776    0.039 0.038 0.037 0.045 0.051  A 222280
   4229.67298 10.742 10.735 10.737 10.764 10.789    0.029 0.037 0.031 0.034 0.039  A 223525
   4231.68567 10.776 10.738 10.738 10.783 10.804    0.038 0.042 0.037 0.044 0.051  A 223887
   4233.68191 10.771 10.725 10.722 10.783 10.816    0.029 0.032 0.031 0.033 0.037  A 224232
   4235.68249 10.808 10.760 10.800 10.828 10.846    0.030 0.033 0.031 0.035 0.038  A 224600
   4246.62138 10.626 10.656 10.643 10.657 10.664    0.031 0.035 0.034 0.035 0.039  A 226213
   4251.81523 10.692 10.628 10.677 10.706 10.705    0.063 0.063 0.061 0.076 0.087  D 226761
   4254.64476 10.652 10.660 10.639 10.659 10.691    0.033 0.038 0.034 0.040 0.046  A 227014
   4256.71101 10.707 10.694 10.698 10.727 10.748    0.032 0.036 0.035 0.038 0.044  A 227276
   4258.77896 10.714 10.700 10.717 10.743 10.759    0.035 0.037 0.035 0.041 0.047  A 227564
   4269.72424 10.710 10.748 10.694 10.718 10.731    0.035 0.037 0.036 0.042 0.048  A 228183
   4272.67108 10.707 10.664 10.680 10.716 10.734    0.036 0.048 0.040 0.040 0.044  A 228391
   4274.67261 10.745 10.704 10.761 10.772 10.785    0.033 0.036 0.036 0.037 0.041  A 228702
   4278.53390 10.753 10.721 10.738 10.763 10.792    0.028 0.029 0.029 0.033 0.038  A 229116
   4282.58649 10.801 10.740 10.790 10.823 10.854    0.043 0.048 0.042 0.052 0.060  A 229453
   4284.59759 99.999 99.999 99.999 99.999 99.999    0.030 0.034 0.031 0.035 0.040  C 229792
   4286.59193 10.862 10.880 10.840 10.885 10.929    0.042 0.040 0.040 0.050 0.059  A 230155
   4290.60446 10.885 10.869 10.875 10.916 10.933    0.032 0.039 0.035 0.037 0.040  A 230484
   4292.56800 10.907 10.855 10.887 10.923 10.957    0.029 0.040 0.034 0.032 0.036  A 230848
   4294.57626 10.850 10.843 10.836 10.855 10.856    0.033 0.036 0.035 0.038 0.045  A 231206
   4296.57104 10.865 10.814 10.861 10.881 10.906    0.035 0.037 0.035 0.042 0.049  A 231547
   4298.57946 10.803 10.791 10.803 10.813 10.808    0.038 0.035 0.035 0.046 0.055  A 231906
   4300.52746 10.774 10.785 10.773 10.776 10.777    0.046 0.060 0.042 0.057 0.064  A 232247
   4302.60038 10.780 10.769 10.756 10.801 10.814    0.029 0.036 0.031 0.035 0.042  A 232583
   4305.60379 10.773 10.750 10.715 10.797 10.814    0.050 0.053 0.048 0.060 0.071  B 233126
   4307.60549 10.794 10.734 10.797 10.821 10.845    0.038 0.053 0.039 0.044 0.049  A 233468
   4309.65102 10.740 10.767 10.745 10.756 10.779    0.073 0.074 0.070 0.091 0.106  D 233798
   4312.55764 10.811 10.802 10.802 10.829 10.836    0.043 0.050 0.040 0.052 0.061  A 234196
   4315.56430 10.862 10.832 10.859 10.867 10.890    0.031 0.038 0.034 0.036 0.040  A 234542
   4317.62564 10.936 10.914 10.905 10.954 10.977    0.033 0.035 0.034 0.038 0.043  A 234828
   4330.51304 10.790 10.789 10.743 10.809 10.816    0.028 0.031 0.030 0.033 0.038  A 235275
   4333.50418 10.800 10.765 10.815 10.801 10.823    0.030 0.039 0.031 0.036 0.041  A 235811
   4336.55810 10.786 10.793 10.781 10.807 10.825    0.035 0.040 0.037 0.041 0.048  A 236183
   4340.49954 10.789 10.783 10.757 10.819 10.837    0.034 0.036 0.033 0.039 0.046  A 236719
   4342.52541 10.756 10.734 10.782 10.731 10.755    0.043 0.054 0.044 0.051 0.057  A 237060
   4344.53416 10.758 10.754 10.767 10.776 10.775    0.038 0.043 0.036 0.046 0.053  A 237404
   4346.53550 10.791 10.752 10.781 10.807 10.827    0.035 0.058 0.037 0.040 0.046  A 237745
   4349.48945 10.819 10.771 10.836 10.825 10.840    0.033 0.034 0.033 0.040 0.046  A 238242
   4351.53148 10.810 10.771 10.801 10.825 10.849    0.042 0.040 0.037 0.050 0.058  A 238562
   4354.52241 10.840 10.816 10.816 10.861 10.903    0.029 0.031 0.029 0.034 0.039  A 238958
   4357.48095 10.826 10.829 10.780 10.841 10.863    0.028 0.030 0.031 0.033 0.038  A 239410
   4360.47939 10.853 10.817 10.831 10.865 10.900    0.034 0.034 0.034 0.041 0.047  A 239899
   4363.50596 10.829 10.774 10.831 10.841 10.862    0.032 0.035 0.034 0.037 0.044  A 240295
   4501.84420 10.846 10.844 10.807 10.870 10.888    0.036 0.041 0.036 0.042 0.046  A 255349
   4521.79362 10.647 10.659 10.604 10.683 10.715    0.033 0.042 0.035 0.039 0.044  A 257898
   4524.85782 10.781 10.753 10.729 10.806 10.828    0.031 0.040 0.033 0.036 0.040  A 258357
   4533.83028 10.805 10.787 10.777 10.824 10.844    0.039 0.040 0.038 0.047 0.055  A 259639
   4539.75647 10.816 10.770 10.772 10.850 10.893    0.049 0.047 0.046 0.059 0.071  B 260411
   4553.81433 10.711 10.692 10.676 10.735 10.758    0.031 0.038 0.033 0.037 0.042  A 262450
   4555.88017 10.723 10.669 10.735 10.725 10.741    0.036 0.035 0.035 0.042 0.050  A 262779
   4573.72157 11.051 11.025 11.046 11.089 11.113    0.036 0.040 0.035 0.044 0.051  A 265708
   4575.72268 11.028 11.025 11.089 11.034 11.048    0.036 0.042 0.036 0.042 0.049  A 266024
#ndata= 459
#dataset= 4 ; 1 F1500-48_110
#desig= 143651-4855.0
#cra=   14.614119  14:36:50.8
#cdec= -48.916113 -48:54:58.0
#class= 0
#cmag_0= 10.814
#cmer_0=  0.103
#nskip_0= 2
#cmag_1= 10.822
#cmer_1=  0.097
#nskip_1= 3
#cmag_2= 10.831
#cmer_2=  0.096
#nskip_2= 4
#cmag_3= 10.847
#cmer_3=  0.103
#nskip_3= 2
#cmag_4= 10.865
#cmer_4=  0.105
#nskip_4= 3
#ra=   14.614119  14:36:50.8
#dec= -48.916113 -48:54:58.0
#     HJD      MAG_2  MAG_0  MAG_1  MAG_3  MAG_4    MER_2 MER_0 MER_1 MER_3 MER_4 GRADE FRAME
   1914.83611 10.751 10.805 10.749 10.747 10.768    0.029 0.052 0.031 0.033 0.037  A 4857
   1919.84511 10.867 10.784 10.845 10.887 10.905    0.032 0.047 0.033 0.038 0.043  A 5393
   1925.82147 11.008 10.992 10.997 11.019 11.036    0.032 0.054 0.034 0.037 0.041  A 6357
   1926.86631 11.000 10.959 10.987 11.014 11.033    0.027 0.041 0.030 0.032 0.035  A 6547
   1929.81916 10.953 10.955 10.951 10.968 11.002    0.026 0.035 0.030 0.029 0.033  A 7005
   1930.88741 10.944 10.929 10.921 10.977 10.970    0.046 0.046 0.046 0.055 0.065  B 7201
   1932.81745 10.898 10.898 10.900 10.911 10.938    0.027 0.038 0.031 0.031 0.035  A 7505
   1936.84025 10.780 10.782 10.775 10.807 10.831    0.025 0.034 0.031 0.027 0.031  A 8081
   1938.84400 10.759 10.765 10.755 10.770 10.789    0.025 0.035 0.032 0.028 0.031  A 8324
   1940.84583 10.728 10.670 10.711 10.746 10.767    0.026 0.034 0.030 0.029 0.033  A 8568
   1946.79018 10.672 10.657 10.668 10.680 10.704    0.033 0.050 0.034 0.037 0.042  A 8845
   1948.82131 10.742 10.707 10.732 10.746 10.756    0.030 0.039 0.031 0.035 0.040  A 9106
   1950.77782 10.775 10.807 10.770 10.781 10.809    0.029 0.041 0.032 0.034 0.039  A 9426
   1953.78984 10.795 10.786 10.778 10.793 10.831    0.032 0.041 0.039 0.036 0.040  A 9739
   1954.80720 10.806 10.759 10.790 10.804 10.823    0.037 0.047 0.042 0.041 0.045  A 9924
   1955.82181 10.838 10.803 10.833 10.855 10.889    0.029 0.038 0.036 0.033 0.035  A 10111
   1958.86908 10.887 10.862 10.886 10.890 10.905    0.033 0.045 0.040 0.037 0.037  A 10303
   1961.81820 10.944 10.890 10.921 10.962 10.983    0.029 0.042 0.038 0.033 0.034  A 10559
   1963.77012 10.920 10.906 10.908 10.947 10.977    0.030 0.042 0.038 0.033 0.034  A 10867
   1964.83881 10.901 10.837 10.883 10.911 10.937    0.031 0.044 0.039 0.035 0.034  A 11079
   1965.88883 10.856 10.845 10.868 10.895 10.908    0.036 0.049 0.044 0.040 0.040  A 11286
   1967.76744 10.851 10.860 10.830 10.885 10.903    0.031 0.044 0.039 0.035 0.035  A 11578
   1976.84511 10.861 10.862 10.843 10.880 10.897    0.042 0.061 0.052 0.047 0.046  B 11872
   1978.74306 10.915 10.917 10.902 10.933 10.974    0.041 0.055 0.049 0.047 0.049  A 12079
   1979.75236 10.918 10.944 10.893 10.955 10.974    0.042 0.057 0.050 0.048 0.047  B 12276
   1980.73705 10.966 10.960 10.952 10.985 10.987    0.058 0.073 0.064 0.067 0.070  D 12416
   1982.75377 10.969 10.986 10.952 10.983 11.002    0.035 0.050 0.044 0.040 0.038  A 12799
   1984.76663 10.988 10.978 10.960 11.014 11.054    0.043 0.063 0.053 0.049 0.048  B 13019
   1985.77116 10.969 10.971 10.944 10.987 11.013    0.042 0.060 0.051 0.047 0.047  B 13211
   1993.80193 10.994 10.996 10.982 11.033 11.024    0.052 0.076 0.064 0.056 0.057  D 13359
   1995.70437 10.941 10.868 10.938 10.949 10.968    0.044 0.063 0.054 0.049 0.047  B 13673
   1996.74848 10.880 10.856 10.841 10.869 10.916    0.053 0.083 0.067 0.056 0.056  D 13886
   1997.74709 10.845 10.837 10.831 10.889 10.909    0.051 0.078 0.065 0.053 0.053  D 14093
   2009.71403 10.784 10.726 10.789 10.815 10.802    0.061 0.087 0.073 0.065 0.067  D 15402
   2025.66570 10.904 10.936 10.897 10.918 10.937    0.031 0.055 0.032 0.036 0.040  A 17202
   2026.67919 10.971 10.961 10.969 10.991 11.012    0.033 0.060 0.033 0.038 0.041  A 17426
   2027.66893 11.006 10.969 10.991 11.016 11.046    0.035 0.066 0.036 0.040 0.043  A 17639
   2030.66104 11.003 10.942 10.980 11.016 11.046    0.031 0.057 0.033 0.035 0.039  A 17811
   2031.67248 11.009 10.991 10.981 11.035 11.052    0.032 0.058 0.033 0.037 0.042  A 18028
   2033.65032 10.953 10.913 10.955 10.968 10.999    0.030 0.049 0.031 0.034 0.037  A 18459
   2037.65779 10.903 10.874 10.869 10.915 10.929    0.033 0.060 0.036 0.038 0.043  A 18980
   2038.65896 10.999 10.897 10.940 11.106 11.207    0.081 0.085 0.071 0.102 0.121  D 19108
   2040.65100 10.882 10.881 10.868 10.898 10.906    0.050 0.076 0.051 0.058 0.065  B 19464
   2052.59743 10.875 10.831 10.857 10.886 10.905    0.036 0.073 0.038 0.041 0.045  B 19805
   2053.63943 10.875 10.863 10.874 10.876 10.894    0.032 0.066 0.035 0.037 0.042  A 20026
   2054.63580 10.872 10.946 10.879 10.899 10.922    0.031 0.053 0.032 0.037 0.041  A 20245
   2055.61306 10.921 10.831 10.903 10.926 10.952    0.035 0.071 0.038 0.040 0.044  B 20457
   2056.61905 10.896 10.911 10.887 10.913 10.936    0.033 0.068 0.035 0.037 0.041  B 20686
   2057.60526 10.940 10.867 10.914 10.958 10.983    0.031 0.065 0.034 0.036 0.041  A 20911
   2058.61172 10.967 10.920 10.950 10.982 11.020    0.031 0.069 0.037 0.035 0.039  B 21140
   2062.59076 10.913 11.011 10.925 10.911 10.917    0.034 0.069 0.037 0.039 0.044  B 21520
   2067.59355 10.935 10.918 10.900 10.947 10.977    0.034 0.066 0.036 0.038 0.043  A 21831
   2068.58586 10.865 10.918 10.868 10.886 10.908    0.035 0.071 0.038 0.040 0.042  B 22052
   2069.59516 10.904 10.832 10.884 10.919 10.960    0.033 0.068 0.037 0.036 0.040  B 22279
   2070.58333 10.891 10.823 10.882 10.907 10.926    0.032 0.067 0.036 0.036 0.039  B 22503
   2079.54788 10.880 10.798 10.851 10.892 10.918    0.029 0.046 0.034 0.034 0.037  A 22796
   2081.55974 10.821 10.799 10.799 10.833 10.861    0.031 0.056 0.034 0.035 0.039  A 23088
   2083.54348 10.893 10.880 10.882 10.911 10.929    0.034 0.058 0.036 0.038 0.043  A 23550
   2085.55308 10.840 10.868 10.833 10.861 10.883    0.028 0.044 0.031 0.032 0.036  A 23781
   2086.55496 10.885 10.830 10.863 10.907 10.940    0.031 0.060 0.033 0.035 0.039  A 24009
   2087.55344 10.875 10.829 10.859 10.897 10.923    0.030 0.048 0.031 0.036 0.040  A 24226
   2088.54968 10.876 10.842 10.869 10.884 10.912    0.030 0.055 0.034 0.035 0.039  A 24453
   2093.51431 10.986 11.026 10.980 10.997 11.034    0.033 0.055 0.033 0.038 0.042  A 24660
   2094.53833 10.968 10.894 10.949 10.994 11.039    0.031 0.056 0.033 0.036 0.041  A 24958
   2095.53694 10.902 10.987 10.947 10.911 10.964    0.081 0.082 0.070 0.103 0.124  D 25183
   2096.53424 10.983 11.010 10.981 10.992 10.999    0.042 0.067 0.042 0.049 0.055  B 25405
   2102.50724 10.971 11.022 10.973 10.980 10.998    0.030 0.047 0.032 0.034 0.038  A 25606
   2104.50846 10.955 10.881 10.930 10.974 11.009    0.042 0.047 0.040 0.051 0.058  A 25955
   2106.50840 10.925 10.963 10.915 10.948 10.969    0.031 0.051 0.033 0.035 0.040  A 26380
   2115.47830 10.877 10.865 10.875 10.892 10.938    0.030 0.044 0.032 0.034 0.039  A 26798
   2117.48720 10.930 10.984 10.932 10.943 10.969    0.029 0.045 0.032 0.034 0.039  A 27242
   2124.48106 10.949 10.995 10.953 10.975 11.003    0.030 0.039 0.029 0.035 0.039  A 27588
   2128.50939 11.008 11.027 10.998 11.022 11.054    0.029 0.044 0.030 0.035 0.039  A 27883
   2130.54457 10.995 10.944 10.981 11.018 11.028    0.031 0.051 0.032 0.035 0.040  A 28329
   2132.53840 10.936 10.914 10.919 10.969 10.978    0.030 0.045 0.031 0.034 0.039  A 28744
   2134.53945 10.922 10.950 10.915 10.939 10.970    0.033 0.052 0.035 0.037 0.041  A 29172
   2136.53312 10.880 10.957 10.879 10.890 10.919    0.028 0.044 0.030 0.033 0.037  A 29594
   2142.53012 10.788 10.719 10.773 10.794 10.823    0.033 0.060 0.034 0.038 0.042  A 30553
   2144.51260 10.785 10.733 10.781 10.791 10.813    0.031 0.049 0.033 0.035 0.039  A 30953
   2173.49585 10.833 10.757 10.809 10.862 10.891    0.034 0.054 0.038 0.039 0.044  A 32922
   2440.57442 10.818 10.812 10.814 10.837 10.852    0.020 0.030 0.026 0.022 0.025  A 8031
   2441.57775 10.912 10.808 10.892 10.919 10.923    0.023 0.028 0.027 0.027 0.030  A 8253
   2443.56936 10.876 10.864 10.872 10.883 10.884    0.021 0.029 0.026 0.025 0.026  A 8643
   2452.53176 10.967 10.951 10.931 10.992 11.015    0.032 0.045 0.040 0.035 0.034  A 9415
   2453.55441 11.002 11.062 11.000 11.017 11.053    0.077 0.087 0.078 0.088 0.102  D 9596
   2454.55526 10.955 10.923 10.964 10.963 10.967    0.033 0.041 0.039 0.036 0.038  A 9816
   2456.53511 10.907 10.878 10.887 10.904 10.923    0.028 0.037 0.035 0.028 0.029  A 10032
   2459.53051 10.820 10.824 10.848 10.842 10.865    0.045 0.050 0.047 0.051 0.057  A 10080
   2463.53197 10.708 10.634 10.705 10.725 10.734    0.026 0.031 0.031 0.029 0.032  A 10573
   2464.53028 10.651 10.668 10.647 10.673 10.689    0.025 0.035 0.034 0.027 0.027  A 10792
   2466.51024 10.652 10.650 10.626 10.677 10.699    0.022 0.030 0.028 0.025 0.025  A 11221
   2467.53124 10.656 10.626 10.655 10.661 10.663    0.021 0.027 0.027 0.024 0.025  A 11449
   2469.49029 10.649 10.632 10.635 10.661 10.671    0.027 0.036 0.034 0.029 0.031  A 11865
   2470.51851 10.662 10.602 10.676 10.674 10.685    0.024 0.034 0.033 0.026 0.027  A 11943
   2473.49822 10.702 10.675 10.682 10.710 10.735    0.032 0.043 0.039 0.035 0.036  A 12622
   2476.48858 10.866 10.796 10.883 10.872 10.874    0.063 0.072 0.067 0.070 0.074  D 12905
   2481.47703 10.967 10.976 10.948 10.976 11.016    0.034 0.050 0.043 0.036 0.034  A 12927
   2490.50476 10.967 10.908 10.955 10.977 11.004    0.024 0.033 0.032 0.026 0.026  A 14008
   2493.51421 10.949 10.901 10.935 10.962 10.987    0.029 0.038 0.037 0.031 0.030  A 14420
   2495.53337 10.905 10.929 10.928 10.915 10.939    0.035 0.053 0.044 0.039 0.035  A 14757
   2499.49558 10.873 10.833 10.865 10.899 10.926    0.026 0.034 0.034 0.029 0.031  A 15586
   2501.49837 10.860 10.860 10.835 10.899 10.904    0.041 0.058 0.049 0.045 0.043  A 15949
   2502.54640 10.842 10.777 10.858 10.855 10.844    0.035 0.046 0.042 0.041 0.037  A 16181
   2503.55552 10.825 10.819 10.831 10.845 10.853    0.039 0.054 0.046 0.044 0.043  A 16389
   2508.52141 10.819 10.788 10.821 10.869 10.897    0.027 0.032 0.032 0.031 0.035  A 16744
   2511.55501 10.793 10.828 10.797 10.813 10.836    0.050 0.051 0.052 0.059 0.067  B 17058
   2520.51762 10.799 10.759 10.785 10.815 10.834    0.022 0.032 0.029 0.025 0.028  A 18152
   2521.53224 10.793 10.770 10.765 10.815 10.837    0.022 0.035 0.027 0.024 0.027  A 18354
   2524.52811 10.780 10.776 10.781 10.778 10.798    0.028 0.037 0.035 0.031 0.031  A 18606
   2529.52046 10.866 10.904 10.876 10.846 10.856    0.051 0.078 0.061 0.054 0.053  D 19028
   2639.85962 10.774 10.730 10.763 10.792 10.812    0.029 0.035 0.028 0.034 0.038  A 32924
   2643.85087 10.729 10.701 10.731 10.725 10.728    0.026 0.031 0.029 0.029 0.032  A 33514
   2650.85035 10.686 10.631 10.697 10.689 10.703    0.025 0.029 0.026 0.026 0.029  A 34374
   2653.84333 10.701 10.642 10.691 10.703 10.724    0.025 0.030 0.026 0.028 0.032  A 34830
   2658.82806 99.999 10.731 10.725 99.999 99.999    0.030 0.029 0.031 0.036 0.042  C 35683
   2661.82890 10.750 10.714 10.739 10.763 10.785    0.026 0.036 0.028 0.030 0.033  A 36194
   2663.83620 10.800 10.791 10.792 10.796 10.812    0.036 0.035 0.038 0.041 0.046  A 36536
   2666.83270 10.884 10.820 10.886 10.893 10.890    0.029 0.030 0.030 0.033 0.038  A 37035
   2670.82408 10.899 10.861 10.897 10.904 10.922    0.029 0.029 0.028 0.032 0.035  A 37671
   2673.84496 10.866 10.882 10.852 10.878 10.903    0.026 0.028 0.025 0.027 0.030  A 38183
   2676.83339 10.852 10.843 10.821 10.867 10.899    0.031 0.029 0.029 0.031 0.033  A 38719
   2684.83755 10.760 10.755 10.774 10.754 10.749    0.032 0.029 0.032 0.036 0.039  A 40079
   2686.85087 10.743 10.754 10.714 10.770 10.789    0.037 0.035 0.041 0.040 0.044  A 40451
   2688.84749 10.770 10.730 10.764 10.785 10.798    0.029 0.030 0.028 0.034 0.037  A 40812
   2690.82052 10.738 10.714 10.735 10.749 10.756    0.041 0.036 0.037 0.045 0.050  A 41171
   2693.83388 10.721 10.723 10.715 10.740 10.748    0.033 0.031 0.031 0.036 0.040  A 41666
   2699.76656 10.747 10.766 10.750 10.776 10.785    0.032 0.031 0.031 0.032 0.033  A 42757
   2701.79461 10.792 10.774 10.775 10.809 10.825    0.028 0.030 0.031 0.033 0.035  A 43153
   2703.79287 10.793 10.778 10.763 10.809 10.830    0.025 0.030 0.028 0.028 0.032  A 43535
   2705.78152 10.823 10.772 10.840 10.863 10.871    0.031 0.032 0.036 0.035 0.036  A 43904
   2707.77778 10.832 10.764 10.826 10.851 10.855    0.026 0.030 0.029 0.030 0.031  A 44268
   2709.77254 10.790 10.770 10.780 10.796 10.807    0.024 0.026 0.029 0.029 0.030  A 44628
   2711.76249 10.736 10.744 10.732 10.746 10.778    0.033 0.031 0.036 0.039 0.043  A 44995
   2715.75276 10.746 10.754 10.758 10.762 10.781    0.030 0.029 0.034 0.036 0.040  A 45741
   2719.72722 10.737 10.711 10.716 10.749 10.763    0.030 0.033 0.034 0.035 0.040  A 46135
   2721.75354 10.677 10.634 10.696 10.670 10.682    0.037 0.034 0.036 0.044 0.051  A 46533
   2723.76055 10.638 10.676 10.664 10.644 10.662    0.035 0.032 0.033 0.039 0.043  A 46918
   2725.73822 10.673 10.659 10.672 10.680 10.703    0.028 0.029 0.029 0.031 0.033  A 47307
   2727.76024 10.683 10.683 10.691 10.696 10.714    0.024 0.025 0.025 0.027 0.029  A 47706
   2731.85176 10.775 10.693 10.772 10.785 10.793    0.026 0.036 0.026 0.029 0.032  A 48417
   2734.70798 10.741 10.743 10.728 10.756 10.761    0.020 0.024 0.022 0.023 0.026  A 48855
   2736.71768 10.796 10.778 10.791 10.799 10.818    0.028 0.026 0.027 0.032 0.035  A 49249
   2738.73384 10.878 10.834 10.850 10.881 10.893    0.023 0.026 0.026 0.027 0.030  A 49643
   2740.74138 10.816 10.817 10.772 10.821 10.832    0.028 0.030 0.033 0.029 0.031  A 49997
   2742.68066 10.868 10.813 10.867 10.880 10.886    0.023 0.026 0.027 0.027 0.031  A 50376
   2743.82403 10.871 10.869 10.834 10.885 10.918    0.032 0.030 0.036 0.039 0.041  A 50622
   2745.72479 10.993 11.004 11.002 11.009 11.048    0.090 0.069 0.080 0.113 0.137  D 50965
   2749.83434 10.859 10.821 10.813 10.868 10.899    0.030 0.041 0.035 0.035 0.038  A 51530
   2751.65830 10.878 10.830 10.896 10.885 10.891    0.024 0.032 0.029 0.028 0.031  A 51836
   2755.68086 10.821 10.795 10.816 10.831 10.852    0.020 0.023 0.023 0.023 0.026  A 52477
   2757.65480 10.746 10.739 10.720 10.757 10.757    0.027 0.026 0.028 0.029 0.031  A 52881
   2759.71792 10.726 10.682 10.723 10.756 10.762    0.023 0.026 0.024 0.026 0.029  A 53252
   2761.65056 10.714 10.717 10.722 10.733 10.750    0.035 0.031 0.036 0.037 0.040  A 53634
   2764.70657 10.720 10.697 10.735 10.733 10.740    0.020 0.027 0.023 0.022 0.025  A 54275
   2766.81354 10.726 10.681 10.725 10.727 10.744    0.029 0.033 0.028 0.034 0.038  A 54599
   2770.67779 10.777 10.767 10.755 10.777 10.802    0.024 0.025 0.028 0.029 0.032  A 54871
   2775.72769 10.761 10.746 10.779 10.766 10.770    0.029 0.028 0.030 0.034 0.039  A 55119
   2784.65836 10.811 10.780 10.810 10.817 10.829    0.022 0.026 0.027 0.026 0.028  A 56144
   2785.78347 10.826 10.753 10.832 10.821 10.833    0.024 0.034 0.028 0.027 0.030  A 56415
   2787.73492 10.845 10.849 10.828 10.866 10.889    0.023 0.034 0.027 0.025 0.028  A 56835
   2791.53662 10.894 10.909 10.888 10.906 10.915    0.034 0.032 0.034 0.037 0.040  A 57506
   2794.61007 10.921 10.921 10.929 10.940 10.948    0.021 0.036 0.022 0.024 0.027  A 58054
   2808.77336 10.817 10.774 10.808 10.814 10.824    0.038 0.039 0.037 0.044 0.050  A 59361
   2810.60393 10.835 10.821 10.827 10.843 10.847    0.022 0.028 0.025 0.025 0.028  A 59718
   2811.76289 10.831 10.819 10.803 10.844 10.849    0.028 0.029 0.028 0.033 0.037  A 60008
   2813.68246 10.795 10.819 10.788 10.822 10.852    0.024 0.034 0.028 0.028 0.032  A 60430
   2819.61826 10.766 10.767 10.740 10.774 10.786    0.023 0.029 0.029 0.027 0.030  A 61283
   2821.62448 10.743 10.698 10.735 10.752 10.771    0.024 0.041 0.030 0.029 0.031  A 61729
   2826.61737 10.784 10.779 10.782 10.794 10.812    0.023 0.028 0.029 0.026 0.028  A 62023
   2830.53272 10.830 10.821 10.817 10.834 10.841    0.026 0.029 0.030 0.030 0.033  A 62465
   2831.65508 10.882 10.825 10.887 10.897 10.917    0.031 0.031 0.034 0.035 0.039  A 62737
   2832.72378 10.889 10.884 10.873 10.913 10.937    0.029 0.031 0.031 0.035 0.040  A 62994
   2834.59309 10.889 10.911 10.874 10.900 10.915    0.030 0.030 0.031 0.036 0.043  A 63320
   2838.69069 99.999 99.999 99.999 99.999 99.999    0.026 0.029 0.028 0.030 0.033  C 63922
   2853.51407 10.647 10.634 10.649 10.661 10.672    0.021 0.025 0.026 0.025 0.028  A 65611
   2854.60052 10.636 10.627 10.633 10.659 10.675    0.020 0.026 0.026 0.023 0.026  A 65868
   2858.59221 10.656 10.675 10.628 10.674 10.683    0.026 0.028 0.030 0.030 0.034  A 66304
   2859.64990 10.665 10.662 10.653 10.676 10.692    0.027 0.029 0.028 0.031 0.035  A 66547
   2861.62374 10.702 10.695 10.707 10.710 10.714    0.028 0.031 0.029 0.032 0.037  A 66964
   2866.59685 10.897 10.857 10.891 10.915 10.936    0.026 0.032 0.032 0.029 0.033  A 67542
   2874.60642 10.998 10.986 10.973 11.011 11.024    0.022 0.024 0.023 0.026 0.029  A 68357
   2878.59846 11.062 11.029 11.012 11.089 11.046    0.056 0.051 0.053 0.067 0.081  D 69140
   3007.85119 10.967 10.988 10.954 10.969 10.970    0.026 0.029 0.028 0.030 0.035  A 86809
   3011.85903 10.949 10.896 10.929 10.976 10.988    0.038 0.036 0.034 0.046 0.053  A 87334
   3017.86686 10.881 10.854 10.867 10.881 10.900    0.032 0.032 0.030 0.038 0.044  A 87966
   3031.83376 10.790 10.782 10.788 10.799 10.815    0.026 0.028 0.025 0.031 0.036  A 88908
   3035.82735 10.828 10.815 10.846 10.825 10.830    0.031 0.030 0.029 0.036 0.040  A 89319
   3041.85406 10.829 10.817 10.845 10.861 10.876    0.034 0.032 0.031 0.040 0.047  A 89732
   3055.80975 10.716 10.688 10.703 10.746 10.769    0.039 0.046 0.038 0.045 0.052  A 91605
   3061.82747 10.725 10.695 10.725 10.750 10.780    0.025 0.025 0.027 0.030 0.034  A 92423
   3064.81969 10.760 10.729 10.778 10.758 10.746    0.029 0.027 0.028 0.035 0.039  A 92815
   3068.76282 10.780 10.784 10.766 10.807 10.832    0.032 0.030 0.030 0.039 0.045  A 93237
   3071.78237 10.730 10.756 10.736 10.717 10.719    0.032 0.031 0.030 0.040 0.046  A 93677
   3074.79593 99.999 99.999 99.999 99.999 99.999    0.032 0.030 0.031 0.038 0.043  C 94044
   3077.78981 10.806 10.886 10.833 10.812 10.805    0.028 0.026 0.027 0.033 0.038  A 94471
   3082.77618 10.638 10.654 10.634 10.643 10.643    0.036 0.036 0.035 0.041 0.043  A 95201
   3086.81180 10.632 10.640 10.632 10.645 10.656    0.034 0.031 0.033 0.038 0.041  A 95514
   3089.75696 10.783 10.757 10.763 10.788 10.820    0.028 0.028 0.028 0.032 0.037  A 95952
   3091.80808 10.866 10.815 10.859 10.895 10.910    0.029 0.030 0.030 0.035 0.040  A 96277
   3096.80425 11.041 11.014 11.047 11.041 11.057    0.026 0.026 0.028 0.031 0.035  A 96709
   3098.78711 11.084 11.051 11.086 11.113 11.139    0.026 0.028 0.025 0.030 0.035  A 97020
   3100.78666 11.075 11.053 11.057 11.107 11.128    0.030 0.029 0.028 0.036 0.042  A 97319
   3103.78084 10.956 10.967 10.946 10.983 11.033    0.040 0.039 0.038 0.048 0.056  A 97795
   3105.76837 10.890 10.873 10.883 10.909 10.919    0.028 0.028 0.030 0.034 0.040  A 98109
   3107.77297 10.819 10.819 10.782 10.834 10.845    0.024 0.025 0.027 0.028 0.031  A 98426
   3109.78030 10.768 10.738 10.777 10.779 10.783    0.025 0.024 0.029 0.028 0.032  A 98738
   3112.68522 10.709 10.683 10.704 10.716 10.726    0.023 0.024 0.025 0.027 0.030  A 99175
   3114.75252 10.670 10.673 10.658 10.667 10.681    0.023 0.027 0.025 0.027 0.032  A 99529
   3116.77366 10.669 10.666 10.674 10.682 10.684    0.025 0.026 0.026 0.030 0.033  A 99862
   3123.79307 10.827 10.822 10.834 10.809 10.813    0.043 0.036 0.038 0.052 0.060  A 100431
   3125.71395 10.879 10.853 10.850 10.887 10.901    0.030 0.029 0.029 0.037 0.044  A 100742
   3127.69518 10.854 10.876 10.847 10.846 10.853    0.041 0.035 0.037 0.049 0.058  A 101049
   3130.60656 10.950 10.894 10.915 10.989 11.026    0.035 0.034 0.033 0.042 0.049  A 101473
   3132.69711 10.907 10.900 10.916 10.926 10.961    0.028 0.029 0.029 0.034 0.039  A 101837
   3134.69951 99.999 99.999 99.999 99.999 99.999    0.033 0.036 0.032 0.039 0.042  C 102161
   3145.71427 10.733 10.731 10.703 10.755 10.775    0.037 0.033 0.037 0.044 0.050  A 103439
   3153.71284 10.788 10.764 10.796 10.788 10.803    0.026 0.028 0.026 0.030 0.034  A 103787
   3156.59513 10.878 10.869 10.859 10.884 10.886    0.026 0.028 0.027 0.032 0.036  A 104150
   3158.73486 10.899 10.880 10.879 10.915 10.934    0.036 0.035 0.032 0.043 0.050  A 104436
   3163.75671 10.935 10.923 10.907 10.964 10.985    0.027 0.028 0.026 0.031 0.035  A 105061
   3168.79050 10.925 10.904 10.917 10.955 10.978    0.026 0.026 0.027 0.030 0.035  A 105802
   3178.55978 10.711 10.689 10.692 10.722 10.744    0.026 0.028 0.027 0.031 0.035  A 107029
   3183.64380 10.762 10.740 10.763 10.787 10.790    0.027 0.029 0.029 0.031 0.036  A 107656
   3186.55971 10.899 10.924 10.899 10.885 10.890    0.035 0.033 0.033 0.042 0.048  A 108077
   3189.58233 10.879 10.831 10.870 10.892 10.914    0.030 0.029 0.028 0.036 0.042  A 108407
   3385.86002 11.036 11.074 11.045 11.042 11.079    0.033 0.051 0.034 0.038 0.042  A 126113
   3389.85429 11.071 11.014 11.070 11.081 11.114    0.040 0.068 0.044 0.045 0.050  B 126656
   3393.85361 11.042 11.035 11.019 11.080 11.135    0.041 0.060 0.044 0.048 0.054  A 127074
   3397.83266 10.953 10.918 10.930 10.968 10.996    0.037 0.045 0.038 0.043 0.048  A 127571
   3402.82539 10.905 10.855 10.896 10.921 10.946    0.028 0.034 0.028 0.033 0.037  A 128161
   3405.84495 10.879 10.881 10.882 10.891 10.914    0.034 0.035 0.031 0.041 0.047  A 128642
   3408.85654 10.905 10.866 10.910 10.932 10.948    0.032 0.039 0.033 0.038 0.043  A 129107
   3412.81510 10.885 10.873 10.870 10.898 10.919    0.035 0.052 0.036 0.039 0.042  A 129686
   3415.83770 10.915 10.885 10.889 10.941 10.984    0.042 0.066 0.042 0.048 0.054  A 130177
   3418.87470 10.906 10.889 10.884 10.932 10.968    0.035 0.047 0.037 0.041 0.045  A 130663
   3421.85063 10.911 10.832 10.882 10.938 10.943    0.038 0.055 0.040 0.043 0.047  A 131122
   3424.83399 10.944 10.942 10.943 10.964 10.976    0.033 0.032 0.030 0.040 0.047  A 131579
   3427.82382 11.053 11.013 11.024 11.079 11.122    0.033 0.032 0.030 0.041 0.047  A 132053
   3432.88445 11.042 11.006 11.036 11.051 11.099    0.035 0.047 0.036 0.042 0.046  A 132609
   3436.82855 11.194 11.148 11.191 11.212 11.240    0.034 0.040 0.034 0.041 0.048  A 133055
   3443.81149 10.994 10.978 11.009 11.025 11.067    0.031 0.055 0.037 0.035 0.039  A 133808
   3445.83739 10.956 10.896 10.933 10.974 10.992    0.027 0.029 0.026 0.031 0.034  A 134176
   3448.76582 10.960 10.951 10.965 10.959 11.026    0.045 0.084 0.049 0.050 0.054  B 134949
   3450.82616 10.948 10.925 10.941 10.944 10.953    0.033 0.038 0.034 0.039 0.044  A 135316
   3453.70997 10.895 10.887 10.885 10.896 10.926    0.039 0.048 0.040 0.046 0.054  A 135672
   3455.72956 10.910 10.872 10.875 10.950 10.978    0.040 0.051 0.042 0.046 0.053  A 136038
   3459.80936 10.851 10.844 10.833 10.877 10.902    0.028 0.034 0.030 0.032 0.036  A 136775
   3462.74348 10.846 10.840 10.844 10.847 10.860    0.032 0.041 0.032 0.038 0.043  A 137206
   3464.78848 10.844 10.815 10.839 10.860 10.883    0.027 0.034 0.028 0.031 0.035  A 137545
   3467.73885 10.848 10.906 10.862 10.857 10.872    0.029 0.038 0.032 0.034 0.038  A 137957
   3469.82108 10.905 10.799 10.888 10.922 10.942    0.031 0.057 0.034 0.037 0.041  A 138309
   3472.71423 10.971 10.938 10.961 10.992 11.025    0.028 0.035 0.028 0.033 0.038  A 138740
   3474.76011 10.980 10.960 10.964 10.980 11.009    0.042 0.046 0.041 0.050 0.057  A 139078
   3477.68450 11.070 11.005 11.040 11.087 11.116    0.030 0.042 0.033 0.034 0.038  A 139560
   3479.74767 11.027 10.999 10.997 11.062 11.098    0.033 0.036 0.031 0.039 0.045  A 139891
   3481.73447 11.028 11.052 11.033 11.028 11.053    0.030 0.035 0.030 0.037 0.042  A 140208
   3483.72697 11.342 11.416 11.351 11.369 11.450    0.049 0.044 0.042 0.061 0.070  B 140524
   3487.69518 10.971 10.935 10.956 10.998 11.013    0.049 0.048 0.045 0.059 0.068  B 140795
   3490.72237 10.884 10.852 10.878 10.890 10.889    0.035 0.038 0.032 0.043 0.049  A 141165
   3492.70976 10.869 10.848 10.856 10.876 10.906    0.031 0.033 0.030 0.037 0.042  A 141500
   3496.70249 10.817 10.795 10.814 10.825 10.843    0.025 0.030 0.029 0.029 0.032  A 141776
   3499.70511 10.762 10.701 10.737 10.774 10.802    0.029 0.037 0.029 0.033 0.037  A 142135
   3501.75089 10.809 10.797 10.787 10.830 10.871    0.039 0.042 0.036 0.047 0.054  A 142487
   3503.80533 10.827 10.750 10.808 10.859 10.878    0.033 0.047 0.036 0.037 0.041  A 142863
   3506.84225 11.216 11.103 11.197 11.242 11.294    0.030 0.040 0.033 0.034 0.039  A 143211
   3509.79509 10.858 10.824 10.846 10.875 10.903    0.025 0.032 0.029 0.030 0.034  A 143475
   3512.62651 10.865 10.828 10.852 10.874 10.910    0.028 0.032 0.028 0.034 0.039  A 143857
   3515.81391 10.855 10.779 10.850 10.860 10.898    0.041 0.048 0.041 0.050 0.058  A 144106
   3518.63850 10.815 10.827 10.801 10.831 10.884    0.043 0.046 0.040 0.051 0.059  A 144519
   3521.77109 10.876 10.860 10.854 10.898 10.933    0.045 0.057 0.044 0.048 0.052  A 144882
   3523.72929 10.781 10.767 10.768 10.804 10.839    0.036 0.047 0.036 0.042 0.046  A 145224
   3525.76406 10.763 10.689 10.749 10.788 10.809    0.032 0.052 0.035 0.036 0.040  A 145535
   3530.55821 10.726 10.687 10.699 10.752 10.785    0.031 0.043 0.034 0.035 0.039  A 146343
   3538.63195 10.810 10.836 10.818 10.816 10.831    0.033 0.047 0.035 0.038 0.042  A 146841
   3541.73481 10.747 10.810 10.773 10.717 10.701    0.082 0.069 0.069 0.101 0.122  D 147277
   3544.51954 10.836 10.764 10.808 10.846 10.851    0.039 0.039 0.036 0.047 0.054  A 147684
   3547.63490 10.788 10.767 10.780 10.789 10.804    0.029 0.036 0.030 0.033 0.037  A 148033
   3551.66735 10.769 10.696 10.765 10.777 10.790    0.062 0.062 0.054 0.078 0.092  D 148318
   3554.64992 10.706 10.700 10.699 10.724 10.746    0.025 0.029 0.027 0.029 0.032  A 148759
   3556.75151 10.833 10.861 10.834 10.856 10.873    0.028 0.032 0.030 0.032 0.036  A 149103
   3559.73928 10.679 10.654 10.672 10.700 10.710    0.030 0.038 0.031 0.034 0.037  A 149441
   3562.47875 10.754 10.710 10.737 10.764 10.787    0.028 0.034 0.029 0.033 0.037  A 149861
   3564.52196 10.766 10.742 10.747 10.779 10.810    0.025 0.029 0.027 0.029 0.033  A 150212
   3569.69820 10.914 10.885 10.888 10.938 10.957    0.031 0.040 0.035 0.038 0.042  A 150593
   3573.61157 10.937 10.888 10.924 10.951 10.977    0.029 0.032 0.032 0.034 0.040  A 151103
   3575.62581 10.922 10.872 10.896 10.922 10.947    0.027 0.033 0.028 0.032 0.036  A 151469
   3577.63887 10.920 10.904 10.923 10.922 10.942    0.036 0.049 0.038 0.042 0.046  A 151804
   3584.57049 10.816 10.771 10.807 10.841 10.872    0.025 0.027 0.026 0.030 0.034  A 152998
   3586.60545 10.761 10.735 10.747 10.792 10.825    0.030 0.033 0.030 0.036 0.040  A 153345
   3588.61340 10.645 10.720 10.674 10.637 10.698    0.088 0.068 0.076 0.106 0.127  D 153656
   3591.52816 10.709 10.652 10.690 10.721 10.731    0.034 0.041 0.035 0.038 0.041  A 154154
   3593.53952 10.714 10.697 10.701 10.721 10.749    0.030 0.036 0.030 0.035 0.039  A 154508
   3597.56780 10.679 10.664 10.676 10.659 10.589    0.110 0.078 0.090 0.143 0.172  D 155113
   3601.55776 10.819 10.763 10.810 10.830 10.840    0.036 0.053 0.038 0.042 0.046  A 155533
   3603.56434 10.862 10.859 10.858 10.867 10.894    0.029 0.031 0.029 0.035 0.039  A 155859
   3606.56851 10.935 10.879 10.906 10.951 10.980    0.029 0.031 0.031 0.034 0.039  A 156175
   3617.55748 10.822 10.791 10.807 10.832 10.847    0.035 0.036 0.035 0.041 0.046  A 157110
   3620.49222 10.790 10.832 10.780 10.807 10.823    0.035 0.049 0.035 0.040 0.045  A 157543
   3624.55639 10.859 10.796 10.852 10.871 10.896    0.030 0.035 0.034 0.034 0.039  A 158019
   3629.51962 10.891 10.854 10.884 10.886 10.890    0.033 0.034 0.033 0.040 0.046  A 158577
   3632.49078 11.778 11.730 11.726 11.839 11.924    0.045 0.049 0.039 0.054 0.063  B 159048
   3635.48238 10.933 10.858 10.898 10.961 11.003    0.057 0.049 0.050 0.070 0.080  D 159487
   3641.49093 10.802 10.737 10.790 10.818 10.828    0.032 0.034 0.032 0.037 0.041  A 160128
   3644.48893 10.733 10.787 10.755 10.729 10.730    0.038 0.041 0.035 0.045 0.052  A 160559
   3651.48647 10.781 10.733 10.773 10.777 10.772    0.040 0.038 0.036 0.050 0.057  A 161404
   3737.85756 10.805 10.798 10.784 10.818 10.853    0.042 0.073 0.045 0.048 0.054  B 172565
   3741.86056 10.801 10.791 10.791 10.820 10.830    0.036 0.050 0.039 0.042 0.046  A 173101
   3746.84796 10.714 10.674 10.700 10.731 10.759    0.047 0.040 0.042 0.058 0.068  B 173747
   3750.85249 10.710 10.674 10.698 10.723 10.736    0.041 0.053 0.041 0.048 0.054  A 174315
   3754.83919 10.775 10.854 10.777 10.785 10.800    0.042 0.058 0.041 0.050 0.057  A 174850
   3757.86174 10.813 10.765 10.801 10.807 10.842    0.035 0.057 0.037 0.040 0.045  A 175275
   3761.83536 10.820 10.775 10.799 10.856 10.885    0.046 0.081 0.048 0.053 0.060  B 175802
   3765.83238 10.849 10.885 10.859 10.860 10.877    0.042 0.064 0.044 0.046 0.051  A 176359
   3769.83815 10.817 10.775 10.802 10.832 10.858    0.040 0.065 0.043 0.044 0.047  A 176894
   3773.83592 10.846 10.903 10.865 10.837 10.834    0.043 0.058 0.043 0.049 0.057  A 177426
   3777.82307 10.730 10.732 10.733 10.745 10.759    0.039 0.058 0.041 0.045 0.051  A 178013
   3782.86651 10.707 10.705 10.700 10.711 10.734    0.038 0.051 0.037 0.045 0.052  A 178594
   3789.79864 10.664 10.626 10.663 10.673 10.696    0.033 0.039 0.034 0.038 0.044  A 179166
   3792.82309 10.683 10.696 10.681 10.694 10.697    0.058 0.053 0.051 0.069 0.080  D 179616
   3795.81861 10.746 10.762 10.742 10.758 10.776    0.033 0.034 0.033 0.040 0.045  A 180040
   3798.81744 10.821 10.899 10.820 10.853 10.869    0.045 0.078 0.049 0.050 0.054  B 180456
   3802.76787 10.748 10.723 10.738 10.766 10.808    0.046 0.039 0.041 0.054 0.062  A 180929
   3805.78364 10.700 10.679 10.696 10.704 10.719    0.034 0.043 0.034 0.040 0.045  A 181365
   3808.78869 10.709 10.682 10.695 10.727 10.746    0.040 0.042 0.036 0.049 0.057  A 181710
   3810.83047 10.752 10.752 10.743 10.756 10.771    0.039 0.052 0.040 0.046 0.052  A 182044
   3815.83542 10.717 10.654 10.695 10.735 10.748    0.037 0.047 0.037 0.044 0.049  A 182843
   3818.75707 10.706 10.658 10.683 10.728 10.765    0.040 0.058 0.042 0.046 0.052  A 183294
   3820.84667 10.693 10.647 10.675 10.714 10.748    0.041 0.051 0.039 0.048 0.055  A 183645
   3823.74669 10.732 10.737 10.744 10.726 10.734    0.041 0.053 0.039 0.049 0.055  A 184098
   3825.80046 10.749 10.697 10.732 10.764 10.771    0.042 0.043 0.038 0.051 0.060  A 184454
   3828.72483 10.810 10.763 10.792 10.825 10.840    0.030 0.040 0.031 0.035 0.039  A 184944
   3830.79672 10.768 10.749 10.766 10.773 10.797    0.035 0.051 0.037 0.040 0.045  A 185296
   3832.77786 10.772 10.800 10.773 10.788 10.811    0.035 0.039 0.034 0.041 0.046  A 185645
   3834.76989 10.806 10.794 10.782 10.810 10.823    0.039 0.047 0.038 0.047 0.054  A 185985
   3836.78408 10.794 10.796 10.795 10.790 10.795    0.044 0.056 0.041 0.055 0.064  B 186326
   3848.74124 10.749 10.818 10.778 10.738 10.739    0.054 0.059 0.049 0.063 0.073  B 186948
   3850.75628 10.749 10.736 10.735 10.767 10.791    0.030 0.041 0.031 0.035 0.038  A 187293
   3852.80161 10.748 10.765 10.746 10.763 10.779    0.038 0.042 0.034 0.045 0.050  A 187660
   3855.67089 10.738 10.710 10.730 10.755 10.792    0.054 0.050 0.049 0.065 0.074  B 188106
   3859.73515 10.669 10.730 10.684 10.688 10.705    0.086 0.085 0.077 0.102 0.118  D 188700
   3861.72245 10.709 10.708 10.719 10.714 10.730    0.028 0.034 0.030 0.032 0.036  A 189042
   3863.69959 10.700 10.658 10.680 10.718 10.742    0.029 0.042 0.032 0.034 0.038  A 189370
   3865.69285 10.732 10.685 10.710 10.752 10.787    0.033 0.047 0.034 0.038 0.042  A 189720
   3869.68710 10.744 10.726 10.735 10.757 10.784    0.040 0.037 0.036 0.048 0.056  A 190385
   3871.68302 10.767 10.741 10.768 10.768 10.785    0.031 0.041 0.031 0.036 0.042  A 190755
   3874.76440 10.764 10.698 10.749 10.769 10.794    0.028 0.041 0.030 0.033 0.038  A 191058
   3880.62218 10.707 10.688 10.698 10.717 10.721    0.045 0.047 0.042 0.053 0.061  A 191801
   3882.66033 10.796 10.706 10.781 10.808 10.831    0.029 0.039 0.030 0.034 0.038  A 192100
   3886.73451 10.799 10.736 10.783 10.815 10.832    0.028 0.037 0.027 0.033 0.037  A 192502
   3890.72087 10.800 10.778 10.797 10.815 10.841    0.044 0.045 0.042 0.053 0.061  A 193207
   3892.67341 10.793 10.780 10.806 10.787 10.798    0.054 0.052 0.048 0.065 0.076  B 193536
   3897.61075 10.758 10.718 10.737 10.778 10.796    0.037 0.042 0.036 0.044 0.052  A 194194
   3899.62924 10.799 10.683 10.752 10.833 10.859    0.061 0.055 0.053 0.075 0.088  D 194515
   3901.66901 10.773 10.721 10.762 10.789 10.813    0.035 0.067 0.039 0.041 0.045  B 194854
   3903.66976 10.794 10.821 10.789 10.809 10.829    0.030 0.043 0.031 0.036 0.040  A 195231
   3905.66638 10.822 10.788 10.804 10.832 10.843    0.031 0.041 0.031 0.035 0.038  A 195607
   3907.66948 10.836 10.850 10.827 10.852 10.877    0.031 0.057 0.035 0.036 0.040  A 195995
   3909.77395 10.803 10.847 10.807 10.812 10.812    0.030 0.039 0.031 0.035 0.039  A 196421
   3913.75155 10.776 10.716 10.764 10.782 10.807    0.032 0.055 0.036 0.036 0.040  A 196973
   3981.54701 10.926 10.932 10.921 10.952 10.970    0.030 0.033 0.030 0.035 0.041  A 203315
   4105.86082 11.004 11.001 10.992 11.036 11.065    0.044 0.060 0.047 0.051 0.057  A 210898
   4125.84583 10.887 10.888 10.867 10.897 10.939    0.049 0.065 0.048 0.054 0.060  B 211608
   4129.84084 10.939 10.891 10.916 10.971 10.993    0.032 0.046 0.036 0.036 0.039  A 212135
   4133.82345 10.969 10.902 10.957 10.994 11.023    0.043 0.060 0.044 0.051 0.057  A 212649
   4136.83678 10.936 10.888 10.927 10.936 10.951    0.039 0.040 0.036 0.047 0.055  A 213052
   4151.80843 10.810 10.828 10.808 10.816 10.831    0.031 0.034 0.031 0.037 0.042  A 215021
   4154.83363 10.822 10.745 10.805 10.827 10.846    0.037 0.051 0.038 0.042 0.047  A 215482
   4157.83252 10.818 10.785 10.813 10.819 10.846    0.050 0.089 0.054 0.054 0.059  B 215902
   4160.81512 10.914 10.907 10.906 10.930 10.955    0.032 0.043 0.033 0.037 0.041  A 216364
   4163.80329 10.854 10.812 10.841 10.860 10.874    0.051 0.064 0.047 0.062 0.072  B 216812
   4166.83019 10.847 10.824 10.843 10.849 10.859    0.050 0.075 0.047 0.060 0.067  B 217213
   4174.74485 99.999 99.999 99.999 99.999 99.999    0.041 0.068 0.046 0.047 0.052  C 218266
   4176.83635 10.778 10.801 10.768 10.798 10.819    0.039 0.048 0.040 0.043 0.047  A 218577
   4179.82700 10.714 10.693 10.706 10.720 10.730    0.039 0.044 0.039 0.046 0.053  A 218901
   4182.76698 10.690 10.731 10.689 10.696 10.732    0.035 0.043 0.037 0.041 0.046  A 219303
   4185.75661 10.729 10.704 10.721 10.725 10.729    0.039 0.049 0.041 0.045 0.050  A 219731
   4189.72980 10.779 10.745 10.768 10.793 10.814    0.029 0.038 0.035 0.034 0.038  A 220115
   4191.74364 10.833 10.779 10.826 10.840 10.858    0.034 0.039 0.036 0.040 0.046  A 220443
   4193.74345 10.868 10.881 10.864 10.889 10.917    0.037 0.053 0.039 0.042 0.049  A 220768
   4197.78694 10.902 10.879 10.883 10.924 99.999    0.042 0.046 0.041 0.052 0.060  C 221251
   4200.74908 10.906 10.860 10.894 10.913 10.929    0.030 0.036 0.033 0.036 0.040  A 221522
   4203.76941 10.834 10.779 10.825 10.844 10.870    0.029 0.042 0.033 0.033 0.038  A 221826
   4205.76326 10.828 10.775 10.812 10.846 10.874    0.035 0.038 0.035 0.041 0.047  A 222152
   4208.85494 10.767 10.760 10.766 10.760 10.765    0.039 0.040 0.037 0.047 0.054  A 222407
   4213.75204 10.689 10.667 10.684 10.680 10.687    0.036 0.035 0.035 0.043 0.050  A 222625
   4216.74173 10.703 10.657 10.689 10.708 10.719    0.031 0.036 0.034 0.035 0.038  A 222903
   4227.70601 10.775 10.753 10.768 10.795 10.815    0.031 0.039 0.036 0.035 0.038  A 223180
   4229.70959 10.767 10.719 10.752 10.780 10.802    0.027 0.033 0.031 0.033 0.037  A 223538
   4231.71712 10.771 10.772 10.754 10.792 10.833    0.036 0.039 0.037 0.044 0.049  A 223898
   4233.71655 10.802 10.788 10.789 10.819 10.841    0.027 0.032 0.031 0.030 0.034  A 224244
   4235.71465 10.835 10.854 10.831 10.843 10.868    0.031 0.048 0.035 0.036 0.040  A 224611
   4246.66415 10.693 10.684 10.691 10.696 10.714    0.033 0.043 0.038 0.037 0.042  A 226228
   4253.66989 10.688 10.644 10.656 10.719 10.738    0.038 0.043 0.041 0.044 0.049  A 226857
   4255.70211 10.652 10.669 10.665 10.629 10.594    0.028 0.033 0.031 0.033 0.039  A 227096
   4257.70374 99.999 10.705 10.705 99.999 99.999    0.043 0.040 0.040 0.052 0.062  C 227443
   4269.73342 10.757 10.731 10.737 10.769 10.793    0.033 0.035 0.035 0.038 0.043  A 228186
   4272.69539 10.753 10.739 10.727 10.782 10.809    0.030 0.037 0.034 0.034 0.037  A 228399
   4274.69774 10.736 10.717 10.722 10.751 10.772    0.038 0.041 0.040 0.042 0.044  A 228710
   4283.71699 10.868 10.888 10.853 10.891 10.933    0.048 0.057 0.046 0.057 0.064  B 229664
   4285.68089 10.918 10.898 10.907 10.942 10.993    0.039 0.057 0.042 0.045 0.050  A 229996
   4289.67760 10.909 10.865 10.874 10.932 10.953    0.031 0.038 0.035 0.037 0.042  A 230350
   4291.67665 10.919 10.898 10.895 10.930 10.958    0.032 0.043 0.036 0.036 0.039  A 230700
   4293.66476 10.883 10.785 10.866 10.899 10.921    0.029 0.046 0.035 0.033 0.037  A 231063
   4295.68064 10.840 10.760 10.795 10.887 10.906    0.031 0.045 0.044 0.035 0.039  A 231408
   4297.67098 10.882 10.787 10.853 10.906 10.924    0.036 0.040 0.036 0.046 0.054  A 231756
   4299.64613 10.843 10.933 10.855 10.865 10.900    0.036 0.062 0.040 0.041 0.045  A 232121
   4301.60034 10.808 10.746 10.794 10.813 10.821    0.036 0.050 0.037 0.042 0.048  A 232456
   4303.60854 10.742 10.763 10.732 10.769 10.791    0.036 0.041 0.040 0.040 0.044  A 232755
   4306.64452 10.785 10.771 10.786 10.794 10.789    0.032 0.040 0.035 0.036 0.041  A 233324
   4308.65677 10.769 10.718 10.769 10.774 10.785    0.049 0.048 0.045 0.060 0.069  B 233656
   4311.59065 10.834 10.816 10.812 10.857 10.880    0.031 0.036 0.033 0.038 0.043  A 234043
   4314.60860 10.836 10.869 10.823 10.881 10.920    0.081 0.072 0.074 0.096 0.110  D 234370
   4316.62109 10.864 10.807 10.866 10.874 10.890    0.033 0.039 0.035 0.037 0.042  A 234640
   4319.62881 10.905 10.880 10.902 10.925 10.946    0.031 0.037 0.035 0.035 0.039  A 234979
   4330.51625 10.877 10.826 10.866 10.899 10.930    0.029 0.040 0.033 0.033 0.037  A 235276
   4334.49496 10.787 10.795 10.781 10.793 10.820    0.027 0.035 0.031 0.032 0.037  A 235987
   4338.49727 10.793 10.797 10.794 10.791 10.796    0.030 0.036 0.034 0.034 0.038  A 236381
   4340.56509 10.777 10.733 10.724 10.805 10.822    0.037 0.056 0.053 0.043 0.047  B 236742
   4342.56977 10.757 10.714 10.636 10.783 10.814    0.042 0.060 0.056 0.048 0.053  D 237074
   4344.56676 10.774 10.731 10.755 10.789 10.807    0.039 0.039 0.038 0.046 0.054  A 237415
   4346.56564 10.820 10.743 10.823 10.822 10.850    0.029 0.045 0.036 0.033 0.038  A 237755
   4348.57093 10.833 10.861 10.837 10.830 10.842    0.034 0.059 0.038 0.038 0.042  A 238111
   4351.49918 10.843 10.780 10.830 10.845 10.854    0.038 0.046 0.039 0.043 0.050  A 238552
   4354.51767 10.852 10.847 10.835 10.873 10.897    0.027 0.033 0.029 0.031 0.035  A 238956
   4356.53988 10.831 10.835 10.814 10.859 10.877    0.032 0.038 0.034 0.035 0.040  A 239314
   4361.49971 10.816 10.836 10.798 10.827 10.830    0.030 0.035 0.034 0.034 0.037  A 239981
   4363.53622 10.822 10.871 10.817 10.845 10.860    0.036 0.046 0.039 0.043 0.051  A 240305
   4368.50828 10.776 10.792 10.776 10.778 10.807    0.039 0.044 0.040 0.047 0.055  A 240941
   4371.49009 10.779 10.726 10.762 10.792 10.834    0.035 0.038 0.034 0.042 0.048  A 241421
   4375.48677 10.826 10.794 10.809 10.851 10.879    0.036 0.036 0.036 0.041 0.045  A 241907
   4378.48423 10.868 10.847 10.864 10.883 10.912    0.044 0.057 0.043 0.052 0.060  A 242370
   4382.48687 10.774 10.756 10.767 10.780 10.785    0.036 0.038 0.036 0.044 0.051  A 242980
   4479.85531 10.797 10.784 10.795 10.812 10.827    0.036 0.037 0.036 0.043 0.049  A 253090
   4485.87432 10.767 10.704 10.754 10.773 10.800    0.037 0.054 0.040 0.042 0.047  A 253671
   4494.82840 10.814 10.769 10.802 10.816 10.826    0.035 0.057 0.040 0.041 0.045  A 254714
   4498.87172 10.862 10.857 10.864 10.870 10.888    0.033 0.049 0.039 0.037 0.039  A 254980
   4505.84876 10.852 10.866 10.845 10.868 10.896    0.037 0.050 0.040 0.043 0.049  A 255918
   4516.79117 10.661 10.656 10.651 10.673 10.682    0.061 0.064 0.058 0.072 0.085  D 257173
   4519.80543 10.616 10.607 10.607 10.624 10.646    0.036 0.038 0.035 0.044 0.050  A 257628
   4522.83070 10.705 10.700 10.698 10.731 10.747    0.030 0.038 0.034 0.035 0.041  A 258063
   4525.88909 10.782 10.755 10.775 10.790 10.815    0.029 0.039 0.034 0.033 0.037  A 258518
   4528.82109 10.796 10.802 10.789 10.799 10.810    0.037 0.039 0.038 0.042 0.045  A 258943
   4535.81260 10.871 10.830 10.853 10.895 10.923    0.031 0.041 0.036 0.035 0.039  A 259828
   4538.78485 10.849 10.850 10.840 10.863 10.878    0.028 0.040 0.032 0.033 0.037  A 260277
   4540.83487 10.782 10.790 10.787 10.790 10.810    0.037 0.039 0.037 0.043 0.050  A 260574
   4543.77906 10.759 10.697 10.726 10.781 10.805    0.036 0.041 0.038 0.042 0.048  A 261027
   4545.82850 10.660 10.626 10.653 10.654 10.675    0.045 0.046 0.043 0.056 0.067  B 261333
   4547.81176 10.709 10.709 10.707 10.717 10.721    0.039 0.044 0.040 0.047 0.054  A 261664
   4552.81862 10.692 10.664 10.684 10.697 10.713    0.031 0.041 0.033 0.036 0.040  A 262307
   4555.73934 10.696 10.628 10.675 10.720 10.746    0.031 0.038 0.033 0.035 0.040  A 262734
   4557.79977 10.791 10.796 10.785 10.808 10.822    0.035 0.058 0.041 0.039 0.043  A 263079
   4560.72840 10.789 10.755 10.761 10.805 10.824    0.030 0.041 0.035 0.035 0.038  A 263553
   4562.78528 10.871 10.839 10.856 10.892 10.920    0.030 0.037 0.034 0.034 0.038  A 263908
   4564.85965 99.999 99.999 99.999 99.999 99.999    0.030 0.036 0.033 0.035 0.040  C 264265
   4567.71355 10.972 11.000 10.964 10.987 11.003    0.035 0.040 0.037 0.039 0.044  A 264718
   4569.82894 11.020 11.022 10.994 11.054 11.085    0.034 0.053 0.039 0.039 0.043  A 265053
   4571.74930 11.013 10.963 11.000 11.036 11.060    0.037 0.037 0.038 0.041 0.045  A 265372
   4573.74318 11.005 10.992 11.002 11.019 11.047    0.034 0.037 0.033 0.041 0.048  A 265715
   4575.74048 10.975 10.978 10.975 10.995 11.019    0.034 0.037 0.034 0.039 0.046  A 266030
