#ndata= 6
#dataset= 1 ; 1 F1528-24_227
#desig= 152219-1840.0
#cra=   15.371927  15:22:18.9
#cdec= -18.666842 -18:40:00.6
#class= 0
#cmag_0= 11.828
#cmer_0=  0.071
#nskip_0= 2
#cmag_1= 11.818
#cmer_1=  0.070
#nskip_1= 2
#cmag_2= 11.786
#cmer_2=  0.068
#nskip_2= 2
#cmag_3= 11.782
#cmer_3=  0.068
#nskip_3= 2
#cmag_4= 11.790
#cmer_4=  0.068
#nskip_4= 2
#ra=   15.371927  15:22:18.9
#dec= -18.666842 -18:40:00.6
#     HJD      MAG_1  MAG_0  MAG_2  MAG_3  MAG_4    MER_1 MER_0 MER_2 MER_3 MER_4 GRADE FRAME
   2109.54089 11.815 11.813 11.803 11.806 11.797    0.028 0.042 0.024 0.026 0.028  A 26566
   2115.49196 11.814 11.822 11.831 11.831 11.828    0.029 0.043 0.027 0.028 0.031  A 26804
   2140.47201 12.220 12.183 12.193 12.141 12.112    0.041 0.063 0.039 0.044 0.047  A 30114
   2142.53223 12.166 12.199 12.162 12.134 12.095    0.034 0.047 0.027 0.028 0.030  A 30554
   3449.78636 12.085 12.820 11.782 11.719 11.729    0.050 0.105 0.047 0.057 0.063  D 135120
   3452.79972 11.788 11.786 11.779 11.777 11.766    0.037 0.047 0.035 0.039 0.044  A 135548
#ndata= 4
#dataset= 2 ; 1 F1456-16_271
#desig= 152219-1840.0
#cra=   15.371929  15:22:18.9
#cdec= -18.666842 -18:40:00.6
#class= 0
#cmag_0= 11.535
#cmer_0=  0.061
#nskip_0= 0
#cmag_1= 11.521
#cmer_1=  0.060
#nskip_1= 0
#cmag_2= 11.519
#cmer_2=  0.060
#nskip_2= 0
#cmag_3= 11.480
#cmer_3=  0.058
#nskip_3= 0
#cmag_4= 11.468
#cmer_4=  0.058
#nskip_4= 0
#ra=   15.371929  15:22:18.9
#dec= -18.666842 -18:40:00.6
#     HJD      MAG_1  MAG_0  MAG_2  MAG_3  MAG_4    MER_1 MER_0 MER_2 MER_3 MER_4 GRADE FRAME
   2454.56451 11.684 11.636 11.652 11.616 11.627    0.033 0.033 0.027 0.030 0.030  A 9820
   2463.54107 11.554 11.596 11.555 11.523 11.515    0.027 0.032 0.022 0.025 0.024  A 10577
   2679.86673 11.490 11.474 11.484 11.438 11.420    0.026 0.029 0.024 0.026 0.028  A 39233
   2853.61995 11.309 11.321 11.307 11.274 11.285    0.028 0.028 0.022 0.023 0.025  A 65656
#ndata= 357
#dataset= 3 ; 1 F1528-16_272
#desig= 152220-1839.9
#cra=   15.372308  15:22:20.3
#cdec= -18.665257 -18:39:54.9
#class= 0
#cmag_0= 12.017
#cmer_0=  0.636
#nskip_0= 0
#cmag_1= 11.905
#cmer_1=  0.591
#nskip_1= 0
#cmag_2= 11.648
#cmer_2=  0.396
#nskip_2= 0
#cmag_3= 11.514
#cmer_3=  0.207
#nskip_3= 0
#cmag_4= 11.493
#cmer_4=  0.203
#nskip_4= 0
#ra=   15.372308  15:22:20.3
#dec= -18.665257 -18:39:54.9
#     HJD      MAG_1  MAG_0  MAG_2  MAG_3  MAG_4    MER_1 MER_0 MER_2 MER_3 MER_4 GRADE FRAME
   2490.47985 29.999 29.999 29.999 29.999 29.999    0.036 0.032 0.025 0.023 0.023  C 13997
   2650.87140 11.490 11.569 11.369 11.368 11.351    0.062 0.040 0.045 0.046 0.044  B 34383
   3473.73989 29.999 29.999 29.999 29.999 29.999    0.027 0.031 0.024 0.028 0.031  C 138911
   3475.82232 12.322 12.465 11.927 11.660 11.636    0.044 0.059 0.051 0.062 0.074  B 139268
   3626.48552 29.999 29.999 29.999 29.999 29.999    0.030 0.037 0.026 0.032 0.037  C 158270
#dataset= 3 ; 2 F1528-16_272
#desig= 152219-1840.0
#cra=   15.371977  15:22:19.1
#cdec= -18.666639 -18:39:59.9
#class= 0
#cmag_0= 11.714
#cmer_0=  0.275
#nskip_0= 3
#cmag_1= 11.706
#cmer_1=  0.273
#nskip_1= 3
#cmag_2= 11.696
#cmer_2=  0.275
#nskip_2= 3
#cmag_3= 11.683
#cmer_3=  0.275
#nskip_3= 3
#cmag_4= 11.671
#cmer_4=  0.272
#nskip_4= 3
#ra=   15.371977  15:22:19.1
#dec= -18.666639 -18:39:59.9
#     HJD      MAG_1  MAG_0  MAG_2  MAG_3  MAG_4    MER_1 MER_0 MER_2 MER_3 MER_4 GRADE FRAME
   1918.87286 11.725 11.693 11.741 11.760 11.750    0.036 0.045 0.035 0.043 0.051  A 5245
   1921.86483 11.673 11.698 11.678 11.679 11.653    0.030 0.039 0.030 0.034 0.038  A 5721
   1923.87511 11.702 11.652 11.683 11.656 11.632    0.032 0.054 0.032 0.038 0.045  A 6043
   1930.84137 11.703 11.729 11.712 11.697 11.666    0.030 0.034 0.024 0.027 0.031  A 7181
   1932.85905 11.760 11.833 11.767 11.753 11.751    0.029 0.031 0.023 0.026 0.030  A 7523
   1937.84639 11.796 11.785 11.794 11.790 11.758    0.031 0.034 0.026 0.027 0.030  A 8204
   1940.83652 11.802 11.816 11.842 11.866 11.844    0.026 0.033 0.022 0.025 0.029  A 8565
   1946.85594 11.864 11.823 11.854 11.829 11.796    0.027 0.031 0.023 0.026 0.030  A 8864
   1949.82480 11.870 11.922 11.860 11.840 11.782    0.036 0.045 0.030 0.032 0.036  A 9270
   1950.86566 11.783 11.829 11.807 11.831 11.823    0.033 0.034 0.025 0.028 0.032  A 9464
   1958.83278 11.827 11.874 11.858 11.874 11.844    0.033 0.032 0.025 0.026 0.026  A 10287
   1962.77658 11.796 11.803 11.791 11.772 11.797    0.069 0.071 0.066 0.071 0.074  D 10689
   1963.90568 11.812 11.857 11.846 11.869 11.855    0.041 0.045 0.036 0.041 0.040  A 10924
   1965.80527 11.868 11.850 11.860 11.855 11.838    0.032 0.031 0.024 0.027 0.028  A 11250
   1967.80283 11.838 11.899 11.834 11.823 11.826    0.035 0.035 0.026 0.028 0.027  A 11593
   1976.86142 11.799 11.744 11.799 11.810 11.814    0.042 0.045 0.036 0.045 0.039  A 11879
   1978.79198 11.722 11.804 11.761 11.761 11.757    0.045 0.047 0.039 0.046 0.042  A 12100
   1979.81325 11.821 11.818 11.794 11.784 11.760    0.048 0.054 0.043 0.050 0.048  A 12301
   1984.86340 11.821 11.802 11.827 11.855 11.862    0.046 0.054 0.040 0.048 0.046  A 13060
   1985.79880 11.815 11.821 11.821 11.818 11.830    0.042 0.047 0.037 0.045 0.041  A 13223
   1993.81379 11.723 11.739 11.737 11.711 11.740    0.046 0.055 0.039 0.049 0.047  A 13364
   1995.74943 11.806 11.770 11.759 11.759 11.743    0.042 0.051 0.037 0.048 0.045  A 13691
   1996.76719 11.684 11.669 11.703 11.719 11.743    0.048 0.061 0.038 0.047 0.045  A 13894
   1997.76686 11.790 11.778 11.773 11.778 11.803    0.043 0.052 0.037 0.045 0.044  A 14100
   2000.75798 11.758 11.778 11.755 11.755 11.761    0.046 0.056 0.039 0.046 0.046  A 14700
   2007.69347 11.705 11.701 11.742 11.823 11.830    0.062 0.075 0.052 0.060 0.061  B 14984
   2011.79028 11.820 11.770 11.814 11.845 11.836    0.066 0.081 0.054 0.059 0.061  D 15641
   2014.72983 11.730 11.705 11.772 11.772 11.802    0.052 0.067 0.039 0.047 0.048  B 15817
   2016.71806 11.732 11.734 11.776 11.780 11.798    0.047 0.058 0.038 0.048 0.049  A 15993
   2018.71185 11.729 11.694 11.736 11.767 11.773    0.056 0.070 0.045 0.052 0.055  B 16234
   2019.70930 11.817 11.827 11.814 11.822 11.844    0.055 0.068 0.047 0.055 0.055  B 16442
   2025.67772 11.763 11.843 11.761 11.723 11.703    0.024 0.039 0.023 0.026 0.029  A 17207
   2026.69798 11.805 11.847 11.777 11.742 11.734    0.022 0.034 0.021 0.023 0.026  A 17434
   2027.69219 11.740 11.791 11.748 11.730 11.720    0.027 0.048 0.026 0.028 0.031  A 17649
   2030.67982 11.766 11.788 11.742 11.725 11.691    0.027 0.048 0.025 0.028 0.032  A 17819
   2031.69575 11.748 11.707 11.720 11.687 11.675    0.025 0.046 0.023 0.026 0.029  A 18038
   2032.67714 11.697 11.773 11.711 11.710 11.700    0.027 0.043 0.024 0.026 0.030  A 18250
   2033.66909 11.747 11.656 11.715 11.700 11.674    0.028 0.045 0.024 0.027 0.031  A 18467
   2039.71436 11.688 11.741 11.681 11.649 11.590    0.062 0.078 0.073 0.092 0.108  D 19266
   2040.66972 11.694 11.768 11.695 11.685 11.683    0.044 0.073 0.043 0.049 0.056  A 19472
   2052.61838 11.498 11.544 11.475 11.462 11.440    0.026 0.048 0.023 0.027 0.030  A 19814
   2053.65359 11.464 11.488 11.458 11.440 11.419    0.026 0.040 0.024 0.026 0.029  A 20032
   2055.62724 11.477 11.569 11.448 11.431 11.416    0.030 0.063 0.027 0.030 0.032  A 20463
   2056.63097 11.499 11.451 11.467 11.472 11.466    0.032 0.062 0.029 0.030 0.031  A 20691
   2057.62614 11.499 11.472 11.457 11.450 11.440    0.025 0.047 0.023 0.028 0.031  A 20920
   2058.62364 11.471 11.533 11.458 11.455 11.433    0.028 0.061 0.026 0.029 0.032  A 21145
   2060.59210 11.437 11.455 11.468 11.485 11.381    0.063 0.073 0.075 0.096 0.117  D 21389
   2062.60272 11.349 11.355 11.349 11.354 11.378    0.067 0.085 0.075 0.093 0.107  D 21525
   2067.55295 11.549 11.597 11.557 11.562 11.560    0.029 0.052 0.028 0.032 0.036  A 21813
   2068.60442 11.520 11.571 11.511 11.499 11.492    0.029 0.051 0.027 0.031 0.034  A 22060
   2069.60694 11.572 11.554 11.544 11.532 11.505    0.028 0.055 0.024 0.028 0.029  A 22284
   2070.59739 11.574 11.587 11.545 11.528 11.511    0.026 0.050 0.024 0.027 0.030  A 22509
   2079.56860 11.645 11.619 11.626 11.582 11.557    0.030 0.048 0.024 0.027 0.029  A 22805
   2081.57137 11.693 11.741 11.670 11.648 11.625    0.026 0.051 0.023 0.026 0.029  A 23093
   2082.60045 11.714 11.712 11.695 11.673 11.652    0.028 0.054 0.025 0.028 0.031  A 23331
   2083.57574 11.647 11.646 11.644 11.644 11.641    0.034 0.056 0.031 0.034 0.037  A 23564
   2085.56466 11.697 11.728 11.688 11.662 11.648    0.024 0.038 0.022 0.025 0.029  A 23786
   2087.56504 11.704 11.755 11.678 11.645 11.626    0.027 0.053 0.024 0.027 0.031  A 24231
   2088.56122 11.757 11.783 11.725 11.681 11.662    0.026 0.048 0.024 0.027 0.029  A 24458
   2093.56784 11.731 11.682 11.700 11.674 11.674    0.028 0.054 0.025 0.028 0.033  A 24682
   2094.54762 11.767 11.761 11.747 11.751 11.752    0.029 0.047 0.027 0.029 0.033  A 24962
   2095.55067 11.807 11.824 11.766 11.693 11.727    0.059 0.064 0.069 0.086 0.102  D 25189
   2096.54347 11.774 11.775 11.790 11.773 11.763    0.064 0.070 0.074 0.089 0.105  D 25409
   2102.51860 11.760 11.782 11.713 11.675 11.673    0.027 0.047 0.025 0.028 0.032  A 25611
   2103.53835 11.807 11.783 11.808 11.795 11.754    0.030 0.050 0.026 0.029 0.032  A 25766
   2105.49817 11.791 11.753 11.800 11.789 11.767    0.026 0.046 0.022 0.024 0.027  A 26171
   2109.54521 11.899 11.947 11.861 11.848 11.849    0.029 0.041 0.024 0.026 0.029  A 26568
   2115.49404 11.973 11.999 11.965 11.938 11.893    0.029 0.046 0.026 0.029 0.032  A 26805
   2124.47189 11.996 11.985 11.990 11.963 11.955    0.031 0.058 0.028 0.032 0.036  A 27584
   2128.46632 12.091 12.103 12.092 12.054 11.992    0.032 0.052 0.028 0.031 0.033  A 27864
   2130.54885 12.094 12.099 12.087 12.056 12.040    0.023 0.035 0.021 0.025 0.027  A 28331
   2133.48839 12.172 12.209 12.128 12.104 12.110    0.028 0.050 0.025 0.028 0.030  A 28932
   2158.48538 12.407 12.462 12.389 12.349 12.272    0.028 0.048 0.027 0.030 0.034  A 31798
   2440.59070 11.551 11.587 11.570 11.583 11.591    0.028 0.025 0.018 0.018 0.020  A 8038
   2441.58950 11.644 11.640 11.647 11.652 11.659    0.028 0.027 0.022 0.024 0.028  A 8258
   2442.58581 11.588 11.607 11.578 11.574 11.575    0.033 0.033 0.022 0.021 0.022  A 8462
   2443.58108 11.582 11.595 11.597 11.605 11.596    0.028 0.027 0.018 0.018 0.020  A 8648
   2444.58370 11.574 11.554 11.578 11.586 11.584    0.031 0.027 0.021 0.020 0.022  A 8852
   2452.54570 11.558 11.538 11.530 11.522 11.538    0.036 0.035 0.030 0.034 0.029  A 9421
   2456.54893 11.531 11.520 11.538 11.532 11.540    0.028 0.027 0.021 0.022 0.021  A 10038
   2459.54913 11.551 11.452 11.549 11.558 11.548    0.038 0.035 0.031 0.032 0.034  A 10088
   2463.56431 11.521 11.535 11.535 11.545 11.553    0.029 0.029 0.022 0.024 0.025  A 10587
   2465.54164 11.489 11.458 11.486 11.492 11.506    0.031 0.027 0.022 0.023 0.022  A 11016
   2466.53789 11.497 11.523 11.510 11.503 11.492    0.030 0.026 0.021 0.020 0.022  A 11233
   2467.53825 11.504 11.525 11.513 11.512 11.510    0.027 0.025 0.019 0.020 0.021  A 11452
   2468.53721 11.550 11.503 11.540 11.533 11.526    0.026 0.027 0.018 0.018 0.020  A 11670
   2469.53149 11.526 11.495 11.500 11.493 11.480    0.034 0.034 0.024 0.022 0.024  A 11883
   2481.48603 11.549 11.535 11.576 11.605 11.607    0.035 0.034 0.030 0.036 0.031  A 12931
   2493.50273 11.699 11.723 11.700 11.665 11.685    0.034 0.036 0.027 0.026 0.026  A 14415
   2495.54104 11.694 11.699 11.680 11.678 11.709    0.042 0.044 0.037 0.044 0.036  A 14760
   2497.53404 11.777 11.732 11.757 11.761 11.768    0.036 0.031 0.026 0.024 0.025  A 15181
   2503.46935 11.735 11.676 11.736 11.736 11.739    0.038 0.036 0.032 0.035 0.036  A 16352
   2508.49383 11.769 11.785 11.784 11.780 11.774    0.030 0.028 0.023 0.026 0.029  A 16732
   2509.54520 11.839 11.847 11.828 11.853 11.855    0.029 0.032 0.028 0.034 0.041  A 16887
   2520.50576 11.931 11.899 11.918 11.894 11.844    0.030 0.027 0.021 0.022 0.022  A 18147
   2521.52263 11.933 11.979 11.909 11.886 11.856    0.024 0.025 0.020 0.020 0.022  A 18350
   2535.47430 11.995 11.959 11.955 11.970 11.936    0.041 0.042 0.033 0.037 0.038  A 19198
   2645.86957 11.387 11.422 11.411 11.419 11.409    0.048 0.040 0.044 0.050 0.054  A 33820
   2650.87140 11.415 11.343 11.409 11.380 11.342    0.062 0.040 0.045 0.046 0.044  B 34383
   2654.86972 11.296 11.336 11.271 11.242 11.235    0.028 0.030 0.028 0.030 0.033  A 35111
   2658.86796 11.235 11.241 11.211 11.201 11.188    0.032 0.030 0.029 0.033 0.037  A 35700
   2668.86383 11.134 11.171 11.122 11.109 11.113    0.035 0.033 0.036 0.045 0.053  A 37357
   2672.85277 11.250 11.291 11.244 11.237 11.231    0.023 0.026 0.022 0.026 0.029  A 38018
   2678.83586 11.353 11.365 11.346 11.346 11.335    0.023 0.026 0.020 0.022 0.024  A 39060
   2681.83882 11.397 11.430 11.409 11.391 11.383    0.051 0.042 0.039 0.036 0.031  B 39543
   2683.86020 11.445 11.435 11.411 11.405 11.388    0.033 0.030 0.026 0.027 0.027  A 39909
   2686.82111 11.481 11.469 11.448 11.424 11.409    0.026 0.025 0.024 0.028 0.033  A 40438
   2689.80679 11.484 11.534 11.484 11.477 11.451    0.033 0.031 0.029 0.032 0.037  A 40980
   2695.80447 11.571 11.598 11.580 11.542 11.552    0.036 0.032 0.032 0.031 0.032  A 42023
   2698.84107 11.621 11.629 11.627 11.621 11.555    0.029 0.029 0.030 0.036 0.042  A 42595
   2701.79281 11.683 11.722 11.683 11.665 11.647    0.031 0.033 0.028 0.030 0.031  A 43152
   2703.87075 11.705 11.697 11.699 11.697 11.695    0.028 0.030 0.022 0.024 0.026  A 43568
   2705.84655 11.726 11.700 11.716 11.757 11.758    0.064 0.063 0.069 0.077 0.085  D 43930
   2707.82084 11.926 11.887 11.941 11.901 11.849    0.043 0.041 0.044 0.050 0.058  A 44285
   2709.80996 11.831 11.817 11.798 11.771 11.745    0.021 0.023 0.020 0.022 0.024  A 44644
   2711.79898 11.810 11.813 99.999 99.999 99.999    0.027 0.027 0.022 0.024 0.027  C 45010
   2713.79787 11.864 11.908 11.840 11.814 11.784    0.037 0.025 0.023 0.025 0.026  A 45386
   2715.78886 11.890 11.924 11.889 11.860 11.835    0.041 0.030 0.028 0.031 0.034  A 45756
   2721.84666 11.918 11.938 11.910 11.934 11.994    0.034 0.034 0.035 0.039 0.046  A 46570
   2723.78416 12.179 12.162 12.160 12.164 12.200    0.037 0.036 0.036 0.042 0.047  A 46928
   2725.76407 12.030 12.076 12.042 12.040 12.009    0.028 0.023 0.022 0.027 0.030  A 47318
   2727.77920 12.066 12.078 12.023 11.999 11.994    0.033 0.031 0.025 0.026 0.028  A 47714
   2731.87072 12.026 12.062 12.001 11.983 11.952    0.033 0.035 0.025 0.027 0.028  A 48425
   2734.73180 12.074 12.058 12.039 12.031 11.977    0.025 0.026 0.022 0.024 0.025  A 48865
   2736.74583 12.053 12.006 12.018 11.990 11.948    0.025 0.026 0.022 0.025 0.027  A 49261
   2740.76257 12.025 11.994 12.017 12.020 12.026    0.023 0.028 0.019 0.021 0.024  A 50006
   2742.71309 11.922 11.922 11.957 11.954 11.939    0.030 0.028 0.027 0.032 0.034  A 50389
   2744.72489 12.030 11.994 11.983 11.996 11.984    0.028 0.029 0.024 0.027 0.031  A 50757
   2749.77171 11.930 11.950 11.885 11.867 11.849    0.030 0.029 0.024 0.026 0.030  A 51503
   2751.69585 11.854 11.952 11.874 11.873 11.873    0.041 0.026 0.027 0.028 0.028  A 51851
   2755.70438 11.867 11.870 11.854 11.831 11.836    0.028 0.021 0.022 0.024 0.023  A 52487
   2757.68524 11.842 11.858 11.838 11.819 11.806    0.032 0.024 0.022 0.024 0.024  A 52894
   2759.73468 11.879 11.891 11.900 11.900 11.903    0.022 0.029 0.021 0.025 0.028  A 53259
   2761.68103 11.790 11.772 11.756 11.735 11.698    0.036 0.030 0.027 0.030 0.031  A 53647
   2763.66605 11.826 11.867 11.822 11.816 11.798    0.023 0.023 0.019 0.020 0.022  A 54036
   2764.84715 11.840 11.850 11.820 11.806 11.776    0.023 0.024 0.022 0.023 0.025  A 54335
   2768.80372 11.882 11.931 11.835 11.775 11.774    0.032 0.032 0.032 0.035 0.038  A 54636
   2770.75070 11.831 11.873 11.824 11.818 11.809    0.024 0.027 0.020 0.024 0.028  A 54901
   2783.84170 11.859 11.913 11.843 11.832 11.845    0.020 0.025 0.020 0.022 0.025  A 56015
   2785.71942 11.908 11.911 11.880 11.853 11.829    0.025 0.029 0.021 0.022 0.024  A 56389
   2787.67472 11.896 11.871 11.883 11.861 11.854    0.028 0.027 0.024 0.024 0.024  A 56809
   2790.70296 11.950 11.927 11.923 11.920 11.929    0.033 0.027 0.023 0.024 0.025  A 57353
   2794.60388 11.978 11.959 11.967 11.964 11.948    0.024 0.027 0.019 0.021 0.023  A 58051
   2804.61966 12.018 12.020 12.037 12.067 12.140    0.036 0.033 0.032 0.039 0.041  A 59036
   2808.62157 11.996 12.057 11.999 11.976 11.911    0.028 0.023 0.022 0.026 0.028  A 59298
   2810.58602 12.046 12.043 12.037 12.035 12.034    0.030 0.027 0.023 0.024 0.024  A 59710
   2811.73436 12.035 12.058 12.015 12.025 12.027    0.036 0.032 0.025 0.027 0.030  A 59996
   2813.66664 12.023 12.074 12.008 11.997 11.981    0.023 0.021 0.020 0.021 0.023  A 60423
   2820.63119 12.067 12.095 12.080 12.082 12.075    0.025 0.025 0.020 0.022 0.024  A 61510
   2822.66493 12.029 12.050 12.044 12.040 11.996    0.024 0.028 0.024 0.027 0.031  A 61872
   2826.66501 11.886 11.902 11.913 11.923 11.940    0.051 0.052 0.048 0.050 0.053  B 62042
   2831.54649 11.888 11.880 11.900 11.904 11.974    0.033 0.031 0.029 0.034 0.037  A 62691
   2832.66397 11.814 11.829 11.815 11.822 11.813    0.026 0.026 0.023 0.027 0.032  A 62971
   2834.56551 11.801 11.787 99.999 99.999 99.999    0.030 0.025 0.024 0.028 0.032  C 63308
   2835.66288 11.774 11.821 11.797 11.791 11.818    0.029 0.030 0.024 0.027 0.032  A 63546
   2838.64282 11.623 11.642 11.651 11.668 11.648    0.025 0.026 0.019 0.022 0.025  A 63902
   2841.60761 11.580 11.554 11.537 11.474 11.425    0.025 0.026 0.022 0.027 0.031  A 64533
   2843.57601 11.604 11.570 11.559 11.531 11.522    0.030 0.030 0.028 0.031 0.035  A 64882
   2851.48507 11.307 11.321 11.303 11.281 99.999    0.024 0.021 0.020 0.023 0.025  C 65376
   2859.46743 11.114 11.150 11.112 11.086 11.096    0.037 0.037 0.034 0.040 0.047  A 66472
   2861.48225 11.150 11.102 11.117 11.118 11.114    0.028 0.024 0.025 0.028 0.030  A 66904
   2867.50681 11.099 11.080 11.080 11.070 11.060    0.025 0.024 0.020 0.023 0.025  A 67709
   2874.59899 11.048 11.067 11.044 11.023 11.022    0.023 0.024 0.020 0.021 0.024  A 68354
   2877.47695 11.070 11.068 11.074 11.075 11.073    0.032 0.029 0.026 0.030 0.030  A 68882
   2879.49161 11.064 11.145 11.065 11.075 11.077    0.028 0.029 0.023 0.024 0.025  A 69194
   2886.47434 11.148 11.201 11.152 11.118 11.120    0.026 0.027 0.023 0.027 0.032  A 70168
   2891.47741 11.206 11.207 11.204 11.193 11.180    0.051 0.054 0.034 0.040 0.041  B 70585
   2894.50769 11.309 11.294 11.314 11.306 11.299    0.025 0.032 0.024 0.028 0.032  A 71024
   2896.53429 11.362 11.387 11.380 11.388 11.377    0.023 0.025 0.020 0.023 0.025  A 71430
   2898.52793 11.394 11.399 11.373 11.368 11.358    0.023 0.025 0.021 0.023 0.026  A 71825
   2900.52287 11.449 11.495 11.446 11.438 11.427    0.024 0.025 0.022 0.024 0.027  A 72180
   2905.47901 11.522 11.505 11.503 11.492 11.470    0.028 0.026 0.023 0.026 0.028  A 72915
   3042.86820 11.514 11.511 11.488 11.470 11.457    0.027 0.028 0.027 0.033 0.039  A 89875
   3056.83033 11.250 11.260 11.238 11.207 11.179    0.024 0.026 0.023 0.026 0.029  A 91745
   3060.83811 11.171 11.183 11.173 11.176 11.162    0.023 0.028 0.023 0.028 0.032  A 92282
   3063.87187 11.123 11.113 11.129 11.131 11.135    0.045 0.037 0.044 0.052 0.061  A 92689
   3073.82309 10.956 10.883 10.942 10.932 10.912    0.026 0.035 0.026 0.030 0.035  A 93934
   3085.84593 10.918 10.956 10.906 10.883 10.852    0.033 0.030 0.032 0.038 0.044  A 95371
   3090.86044 11.050 11.018 11.031 11.011 11.002    0.028 0.042 0.028 0.033 0.038  A 96146
   3093.85412 11.044 11.056 11.024 11.011 11.009    0.031 0.030 0.033 0.040 0.047  A 96570
   3097.74955 11.217 11.218 11.209 11.205 11.203    0.025 0.037 0.024 0.028 0.032  A 96849
   3099.78021 11.235 11.325 11.261 11.251 11.265    0.027 0.034 0.028 0.034 0.040  A 97167
   3104.79756 11.391 11.429 11.393 11.395 11.381    0.034 0.035 0.034 0.041 0.048  A 97961
   3106.79072 11.461 11.439 11.448 11.438 11.425    0.029 0.033 0.029 0.035 0.041  A 98273
   3113.78225 11.616 11.695 11.611 11.594 11.592    0.026 0.030 0.021 0.024 0.027  A 99372
   3122.71969 11.817 11.841 11.793 11.776 11.771    0.024 0.024 0.020 0.023 0.026  A 100238
   3128.70185 11.911 11.944 99.999 99.999 99.999    0.040 0.038 0.037 0.041 0.046  C 101219
   3162.65445 11.968 11.990 11.955 11.949 11.930    0.029 0.022 0.023 0.026 0.030  A 104849
   3164.67692 12.033 12.083 12.038 12.029 12.016    0.022 0.025 0.021 0.024 0.027  A 105209
   3167.65476 11.988 11.988 11.983 11.968 11.938    0.022 0.022 0.020 0.023 0.026  A 105588
   3176.56141 11.921 11.937 11.881 11.842 11.818    0.028 0.022 0.021 0.024 0.028  A 106735
   3178.71306 11.913 11.919 11.910 11.902 11.849    0.033 0.030 0.034 0.040 0.047  A 107077
   3182.56627 11.851 11.819 11.852 11.835 11.819    0.022 0.027 0.022 0.026 0.030  A 107476
   3187.57171 11.740 11.793 11.726 11.697 11.666    0.028 0.029 0.027 0.032 0.038  A 108250
   3190.61094 11.692 11.685 11.654 11.609 11.571    0.025 0.026 0.024 0.029 0.033  A 108593
   3273.47792 11.379 11.417 11.388 11.370 11.348    0.032 0.038 0.030 0.035 0.041  A 116155
   3277.47936 11.428 11.456 11.405 11.390 11.377    0.036 0.052 0.034 0.040 0.047  A 116657
   3386.87360 12.251 12.229 12.269 12.250 12.177    0.038 0.054 0.042 0.051 0.061  A 126251
   3394.87119 12.086 12.047 12.076 12.051 12.030    0.031 0.039 0.031 0.036 0.041  A 127220
   3398.85682 12.097 12.057 12.096 12.082 12.067    0.033 0.039 0.034 0.040 0.048  A 127710
   3406.84911 11.964 12.010 11.945 11.908 11.878    0.034 0.041 0.036 0.041 0.047  A 128797
   3410.85586 11.931 11.969 11.910 11.909 11.908    0.027 0.040 0.028 0.032 0.036  A 129415
   3414.83939 11.887 11.900 11.863 11.824 11.801    0.028 0.034 0.031 0.037 0.043  A 130019
   3418.83410 11.867 11.842 11.865 11.849 11.862    0.048 0.054 0.050 0.059 0.066  B 130648
   3421.88509 11.852 11.781 11.863 11.830 11.846    0.059 0.097 0.061 0.072 0.081  D 131135
   3424.85927 11.845 11.768 11.819 11.811 11.822    0.030 0.046 0.036 0.043 0.047  A 131588
   3427.85712 11.858 11.881 11.843 11.834 11.845    0.028 0.032 0.031 0.038 0.045  A 132065
   3436.85318 11.914 11.868 11.900 11.887 11.879    0.038 0.048 0.039 0.046 0.053  A 133064
   3439.84181 12.098 12.033 12.126 12.107 12.071    0.064 0.068 0.068 0.081 0.092  D 133402
   3443.82990 11.866 11.923 11.850 11.853 11.846    0.033 0.052 0.029 0.032 0.036  A 133815
   3446.79419 11.874 11.905 11.864 11.853 11.838    0.026 0.041 0.024 0.028 0.032  A 134625
   3456.81681 11.750 11.761 11.734 11.718 11.681    0.033 0.041 0.034 0.041 0.046  A 136244
   3460.83288 11.716 11.794 11.715 11.714 11.671    0.047 0.049 0.059 0.076 0.092  D 136961
   3463.77017 11.735 11.775 11.736 11.751 11.758    0.030 0.036 0.030 0.033 0.039  A 137363
   3465.84429 11.746 11.758 11.720 11.695 11.665    0.031 0.038 0.031 0.035 0.039  A 137723
   3475.82232 11.662 11.740 11.597 11.515 11.548    0.044 0.059 0.051 0.062 0.074  B 139268
   3477.86325 11.687 11.700 11.659 11.626 11.615    0.041 0.088 0.036 0.041 0.045  B 139620
   3480.71632 11.689 11.777 11.667 11.627 11.605    0.059 0.102 0.055 0.068 0.068  D 140028
   3482.75555 11.626 11.642 11.605 11.609 11.644    0.053 0.052 0.062 0.079 0.096  D 140362
   3487.75120 11.746 11.707 11.758 11.723 11.719    0.039 0.049 0.040 0.048 0.058  A 140811
   3490.74415 11.789 11.726 11.826 11.855 11.867    0.055 0.091 0.057 0.067 0.078  D 141172
   3492.73835 11.783 11.818 11.764 11.745 11.719    0.035 0.062 0.031 0.035 0.038  A 141510
   3496.73257 11.762 11.773 11.748 11.722 11.721    0.033 0.046 0.027 0.030 0.035  A 141786
   3499.73036 11.740 11.735 11.727 11.698 11.675    0.051 0.093 0.048 0.057 0.064  B 142144
   3504.65051 11.836 11.838 11.824 11.821 11.803    0.033 0.049 0.030 0.033 0.036  A 142988
   3521.65877 12.015 12.036 12.024 12.026 11.993    0.039 0.093 0.037 0.039 0.044  B 144846
   3523.66494 11.996 11.958 11.997 11.969 11.945    0.043 0.078 0.039 0.043 0.048  B 145202
   3525.69242 12.114 12.126 12.114 12.113 12.122    0.048 0.054 0.038 0.041 0.046  A 145510
   3529.69206 12.165 12.172 12.151 12.113 12.060    0.049 0.070 0.049 0.058 0.067  B 146212
   3538.60836 12.117 12.159 12.111 12.110 12.080    0.028 0.038 0.030 0.034 0.038  A 146833
   3542.60878 12.083 12.161 12.049 12.036 12.012    0.033 0.041 0.032 0.038 0.045  A 147416
   3544.71641 12.104 12.047 12.126 12.148 12.115    0.035 0.063 0.031 0.036 0.041  A 147726
   3550.57755 12.221 12.228 12.242 12.255 12.240    0.030 0.042 0.029 0.034 0.040  A 148193
   3552.65540 12.252 12.272 12.262 12.241 12.223    0.043 0.073 0.042 0.048 0.057  A 148467
   3555.65392 12.169 12.193 12.151 12.124 12.097    0.028 0.035 0.025 0.027 0.031  A 148927
   3558.66661 12.231 12.217 12.232 12.196 12.135    0.035 0.046 0.032 0.037 0.043  A 149238
   3560.67382 12.341 12.386 12.328 12.306 12.261    0.051 0.094 0.045 0.048 0.050  B 149573
   3564.65750 12.187 12.229 12.176 12.156 12.150    0.031 0.043 0.028 0.033 0.036  A 150256
   3569.55692 12.217 12.247 12.224 12.222 12.224    0.031 0.032 0.028 0.033 0.039  A 150543
   3571.63199 12.211 12.239 12.209 12.223 12.219    0.030 0.034 0.028 0.033 0.038  A 150905
   3574.63598 12.246 12.243 12.235 12.212 12.159    0.031 0.035 0.026 0.030 0.035  A 151284
   3576.64855 12.299 12.251 12.257 12.230 12.201    0.034 0.056 0.029 0.033 0.038  A 151648
   3578.65098 12.233 12.173 12.238 12.217 12.183    0.034 0.062 0.029 0.031 0.034  A 151981
   3583.48878 12.225 12.269 12.195 12.141 12.119    0.051 0.091 0.046 0.048 0.051  B 152782
   3585.53974 12.154 12.162 12.138 12.126 12.107    0.036 0.059 0.032 0.033 0.037  A 153148
   3587.55292 12.761 12.850 12.620 12.556 12.511    0.026 0.030 0.023 0.026 0.029  A 153494
   3589.57024 12.134 12.074 12.132 12.123 12.096    0.031 0.056 0.027 0.029 0.033  A 153821
   3597.46944 11.979 12.002 11.985 11.971 11.937    0.030 0.038 0.029 0.034 0.039  A 155080
   3601.47019 11.971 12.102 11.891 11.830 11.793    0.046 0.075 0.040 0.046 0.052  A 155503
   3603.50490 12.042 12.057 12.021 12.006 11.989    0.032 0.049 0.030 0.033 0.038  A 155838
   3606.52229 11.933 11.930 11.959 11.965 11.953    0.032 0.035 0.029 0.034 0.039  A 156158
   3615.50566 11.876 11.835 11.904 11.921 11.894    0.036 0.040 0.040 0.046 0.054  A 156850
   3618.54244 11.802 11.854 11.807 11.814 11.800    0.044 0.070 0.043 0.049 0.057  A 157254
   3630.48663 11.633 11.628 11.646 11.639 11.656    0.037 0.053 0.035 0.042 0.047  A 158735
   3632.50974 11.598 11.610 11.564 11.517 11.471    0.045 0.066 0.039 0.046 0.053  A 159055
   3635.49485 11.709 11.728 11.723 11.749 11.808    0.049 0.068 0.049 0.059 0.068  B 159492
   3639.49460 11.652 11.699 11.626 11.586 11.567    0.038 0.061 0.033 0.036 0.040  A 159887
   3644.48274 11.592 11.669 11.561 11.551 11.565    0.041 0.050 0.044 0.053 0.062  A 160557
   3747.87073 11.821 11.806 11.818 11.806 11.793    0.032 0.037 0.034 0.041 0.049  A 173895
   3751.87310 11.833 11.791 11.860 11.888 11.927    0.032 0.044 0.035 0.044 0.051  A 174458
   3755.86575 11.896 11.901 11.883 11.863 11.852    0.037 0.042 0.041 0.049 0.057  A 174998
   3761.87072 11.982 11.949 11.970 11.952 11.950    0.039 0.061 0.041 0.049 0.056  A 175814
   3765.86003 11.945 11.940 11.942 11.944 11.910    0.033 0.046 0.033 0.039 0.044  A 176368
   3770.85776 12.062 12.074 12.054 12.054 12.061    0.039 0.044 0.045 0.053 0.061  A 177047
   3774.84336 12.104 12.080 12.094 12.060 12.025    0.032 0.035 0.035 0.044 0.053  A 177567
   3783.88529 12.183 12.204 12.194 12.175 12.185    0.036 0.047 0.040 0.050 0.060  A 178753
   3789.84111 12.080 12.109 12.059 12.011 11.979    0.038 0.065 0.036 0.041 0.046  A 179179
   3792.86607 99.999 99.999 99.999 99.999 99.999    0.037 0.043 0.041 0.051 0.060  C 179629
   3796.81790 12.004 11.966 12.027 12.044 12.051    0.027 0.040 0.027 0.030 0.034  A 180176
   3799.85140 11.913 11.916 11.904 11.887 11.884    0.031 0.033 0.033 0.037 0.041  A 180604
   3803.80457 11.900 11.859 11.907 11.895 11.899    0.042 0.055 0.045 0.051 0.061  A 181080
   3806.81874 11.891 11.963 11.854 11.795 11.748    0.032 0.051 0.031 0.036 0.042  A 181528
   3809.82397 11.822 11.811 11.827 11.823 11.798    0.031 0.035 0.034 0.042 0.050  A 181881
   3815.85023 11.717 11.704 11.689 11.653 11.600    0.050 0.078 0.046 0.051 0.058  B 182848
   3818.79181 11.633 11.680 11.629 11.629 11.656    0.030 0.041 0.031 0.036 0.043  A 183306
   3821.78706 11.547 11.578 11.550 11.559 11.542    0.038 0.056 0.035 0.038 0.044  A 183785
   3824.77611 11.587 11.606 11.577 11.552 11.543    0.035 0.059 0.033 0.037 0.042  A 184278
   3826.63264 11.483 11.473 11.450 11.414 11.382    0.033 0.036 0.036 0.044 0.053  A 184567
   3826.66280 11.508 11.479 11.502 11.470 11.447    0.032 0.041 0.030 0.037 0.043  A 184577
   3826.68944 11.525 11.583 11.496 11.461 11.459    0.031 0.040 0.032 0.040 0.048  A 184587
   3826.72054 11.528 11.554 11.520 11.514 11.500    0.032 0.038 0.036 0.045 0.052  A 184597
   3826.74915 11.535 11.556 11.534 11.537 11.517    0.030 0.037 0.035 0.044 0.053  A 184607
   3826.77567 11.584 11.589 11.594 11.606 11.587    0.038 0.072 0.037 0.043 0.048  A 184617
   3826.80462 11.582 11.618 11.567 11.546 11.514    0.036 0.066 0.032 0.037 0.043  A 184627
   3826.83428 11.534 11.560 11.517 11.523 11.526    0.031 0.048 0.031 0.037 0.043  A 184637
   3826.86511 11.465 11.470 11.455 11.440 11.431    0.036 0.059 0.034 0.041 0.046  A 184647
   3826.89511 11.494 11.489 11.519 11.516 11.528    0.038 0.067 0.035 0.041 0.048  A 184657
   3826.92249 11.513 11.518 11.507 11.496 11.470    0.042 0.050 0.040 0.048 0.056  A 184667
   3827.62957 11.515 11.542 11.507 11.498 11.500    0.030 0.041 0.030 0.036 0.041  A 184738
   3827.65924 11.571 11.560 11.559 11.540 11.530    0.038 0.040 0.040 0.046 0.053  A 184748
   3827.69127 11.505 11.521 11.507 11.501 11.493    0.031 0.042 0.032 0.038 0.044  A 184758
   3827.72082 11.518 11.516 11.523 11.532 11.518    0.034 0.046 0.031 0.034 0.039  A 184768
   3827.75439 11.462 11.488 11.446 11.442 11.435    0.029 0.034 0.029 0.034 0.037  A 184778
   3827.76867 11.498 11.477 11.470 11.451 11.448    0.043 0.046 0.045 0.048 0.053  A 184783
   3827.78418 11.503 11.504 11.500 11.484 11.451    0.036 0.074 0.032 0.036 0.040  A 184788
   3827.81361 11.518 11.566 11.490 11.475 11.475    0.025 0.031 0.025 0.030 0.034  A 184798
   3827.84268 11.567 11.684 11.557 11.576 11.579    0.033 0.057 0.030 0.034 0.038  A 184808
   3827.87065 11.538 11.602 11.508 11.477 11.462    0.031 0.055 0.029 0.032 0.035  A 184818
   3827.89894 11.451 11.395 11.464 11.468 11.468    0.041 0.077 0.034 0.037 0.041  B 184828
   3828.64320 11.497 11.513 11.479 11.469 11.449    0.031 0.046 0.032 0.036 0.043  A 184914
   3828.67742 11.524 11.528 11.512 11.492 11.494    0.026 0.032 0.025 0.029 0.034  A 184929
   3828.70915 11.547 11.574 11.535 11.510 11.492    0.026 0.031 0.027 0.031 0.036  A 184939
   3828.74113 11.543 11.497 11.547 11.536 11.527    0.027 0.039 0.025 0.030 0.035  A 184949
   3828.77297 11.483 11.447 11.481 11.469 11.457    0.028 0.035 0.029 0.033 0.036  A 184959
   3828.80665 11.457 11.405 11.465 11.469 99.999    0.040 0.063 0.034 0.037 0.041  C 184969
   3828.83769 11.539 11.527 11.551 11.547 11.537    0.035 0.057 0.034 0.038 0.042  A 184979
   3828.86894 11.541 11.627 11.513 11.476 11.448    0.042 0.081 0.038 0.042 0.045  B 184989
   3828.90133 11.531 11.596 11.531 11.527 11.518    0.042 0.079 0.036 0.039 0.042  B 184999
   3829.65943 11.465 11.483 11.445 11.429 11.406    0.027 0.031 0.027 0.031 0.035  A 185080
   3829.68897 11.497 11.469 11.497 11.486 11.464    0.026 0.034 0.025 0.028 0.033  A 185090
   3829.71821 11.458 11.479 11.458 11.444 11.423    0.025 0.033 0.025 0.029 0.033  A 185100
   3829.74619 11.519 11.516 11.519 11.527 11.528    0.026 0.037 0.026 0.028 0.033  A 185110
   3829.77521 11.487 11.440 11.485 11.473 11.466    0.037 0.071 0.031 0.033 0.037  A 185120
   3829.80429 11.480 11.555 11.464 11.479 11.460    0.048 0.075 0.042 0.044 0.049  A 185130
   3829.83310 11.431 11.421 11.411 11.376 11.360    0.050 0.092 0.046 0.049 0.053  B 185140
   3829.86415 11.611 11.694 11.588 11.570 11.573    0.044 0.076 0.039 0.044 0.049  A 185150
   3829.89449 11.538 11.506 11.542 11.552 11.542    0.041 0.059 0.040 0.044 0.049  A 185160
   3830.63169 11.467 11.466 11.456 11.425 11.384    0.034 0.047 0.035 0.043 0.051  A 185240
   3830.66291 11.529 11.557 11.511 11.480 11.470    0.027 0.036 0.031 0.037 0.045  A 185250
   3830.69111 11.486 11.476 11.470 11.438 11.437    0.028 0.046 0.028 0.035 0.040  A 185260
   3830.72108 11.505 11.540 11.479 11.466 11.455    0.028 0.037 0.028 0.033 0.038  A 185270
   3830.75072 11.527 11.452 11.518 11.501 11.492    0.038 0.070 0.034 0.038 0.042  A 185280
   3830.76112 11.517 11.546 11.495 11.454 99.999    0.029 0.036 0.029 0.034 0.040  C 185284
   3830.77758 11.469 11.553 11.436 11.404 11.393    0.042 0.081 0.037 0.043 0.047  B 185290
   3832.81244 11.483 11.507 11.474 11.466 11.464    0.036 0.050 0.034 0.039 0.045  A 185656
   3834.78533 11.477 11.485 11.463 11.445 11.448    0.047 0.079 0.043 0.050 0.057  B 185990
   3836.82278 11.510 11.612 11.474 11.443 11.445    0.042 0.065 0.042 0.049 0.057  A 186340
   3847.75711 11.379 11.437 11.356 11.332 11.327    0.046 0.082 0.044 0.052 0.059  B 186778
   3849.75698 11.304 11.292 11.310 11.303 11.283    0.024 0.040 0.026 0.029 0.034  A 187133
   3851.75543 11.307 11.295 11.299 11.284 11.273    0.040 0.067 0.034 0.038 0.041  A 187477
   3853.80435 11.262 11.299 11.255 11.249 11.229    0.031 0.050 0.029 0.032 0.037  A 187844
   3856.68709 11.201 11.213 11.204 11.206 11.200    0.045 0.076 0.040 0.043 0.046  A 188250
   3858.80609 11.201 11.199 11.181 11.160 11.147    0.036 0.052 0.036 0.041 0.046  A 188581
   3860.87578 11.239 11.266 11.239 11.221 11.208    0.037 0.058 0.032 0.036 0.041  A 188908
   3862.69120 11.245 11.228 11.247 11.240 11.232    0.031 0.050 0.029 0.032 0.036  A 189219
   3864.68902 11.221 11.226 11.217 11.216 11.206    0.026 0.033 0.029 0.034 0.039  A 189552
   3870.70243 11.248 11.242 11.255 11.245 11.240    0.038 0.068 0.037 0.045 0.051  A 190579
   3872.69986 11.326 11.298 11.325 11.308 11.300    0.042 0.080 0.038 0.043 0.048  B 190951
   3875.78078 11.346 11.366 11.354 11.335 11.325    0.034 0.049 0.031 0.035 0.039  A 191217
   3877.83664 11.333 11.346 11.345 11.332 11.311    0.035 0.051 0.029 0.032 0.038  A 191555
   3881.59172 11.461 11.469 11.447 11.428 11.404    0.031 0.046 0.029 0.033 0.037  A 191975
   3883.66948 11.475 11.438 11.466 11.447 11.417    0.035 0.055 0.032 0.036 0.040  A 192272
   3887.66617 11.484 11.500 11.487 11.474 11.474    0.032 0.058 0.028 0.031 0.034  A 192667
   3889.66542 11.497 11.537 11.511 11.509 11.494    0.032 0.038 0.027 0.030 0.034  A 192996
   3891.64233 11.510 11.528 11.490 11.467 11.460    0.027 0.038 0.027 0.030 0.037  A 193353
   3893.62943 11.513 11.454 11.499 11.476 11.457    0.031 0.038 0.030 0.035 0.042  A 193705
   3897.63215 11.420 11.396 11.427 11.411 11.359    0.047 0.060 0.052 0.067 0.078  D 194195
   3899.63732 11.666 11.640 11.670 11.658 11.629    0.037 0.045 0.040 0.047 0.052  A 194518
   3901.67785 11.606 11.624 11.568 11.551 11.545    0.033 0.049 0.031 0.035 0.039  A 194857
   3903.68432 11.589 11.625 11.575 11.565 11.547    0.033 0.047 0.030 0.034 0.036  A 195236
   3905.67526 11.726 11.767 11.721 11.703 11.688    0.048 0.084 0.043 0.046 0.050  B 195610
   3907.68131 11.662 11.598 11.653 11.647 11.637    0.035 0.058 0.031 0.034 0.038  A 195999
#ndata= 2
#dataset= 4 ; 1 F1600-16_273
#desig= 152219-1840.0
#cra=   15.371984  15:22:19.1
#cdec= -18.666326 -18:39:58.8
#class= 0
#cmag_0= 11.764
#cmer_0=  0.262
#nskip_0= 0
#cmag_1= 11.727
#cmer_1=  0.248
#nskip_1= 0
#cmag_2= 11.732
#cmer_2=  0.239
#nskip_2= 0
#cmag_3= 11.719
#cmer_3=  0.220
#nskip_3= 0
#cmag_4= 11.699
#cmer_4=  0.198
#nskip_4= 0
#ra=   15.371984  15:22:19.1
#dec= -18.666326 -18:39:58.8
#     HJD      MAG_1  MAG_0  MAG_2  MAG_3  MAG_4    MER_1 MER_0 MER_2 MER_3 MER_4 GRADE FRAME
   2463.56431 11.553 11.580 11.564 11.565 11.560    0.034 0.033 0.027 0.029 0.032  A 10587
   2783.87509 11.902 11.948 11.901 11.874 11.838    0.071 0.067 0.071 0.075 0.078  D 56029
