#ndata= 125
#dataset= 1 ; 1 F1528+00_362
#desig= 153525+0336.8
#cra=   15.590166  15:35:24.6
#cdec=   3.614000 03:36:50.4
#class= 0
#cmag_0= 11.124
#cmer_0=  0.000
#nskip_0= 0
#cmag_1= 10.119
#cmer_1=  0.000
#nskip_1= 0
#cmag_2=  9.519
#cmer_2=  0.000
#nskip_2= 0
#cmag_3=  9.263
#cmer_3=  0.000
#nskip_3= 0
#cmag_4=  9.181
#cmer_4=  0.000
#nskip_4= 0
#ra=   15.590166  15:35:24.6
#dec=   3.614000 03:36:50.4
#     HJD      MAG_4  MAG_0  MAG_1  MAG_2  MAG_3    MER_4 MER_0 MER_1 MER_2 MER_3 GRADE FRAME
   2688.83883  9.182 11.124 10.119  9.520  9.264    0.037 0.031 0.029 0.027 0.031  A 40808
   3180.67919 29.999 29.999 29.999 29.999 29.999    0.030 0.029 0.025 0.024 0.027  C 107356
#dataset= 1 ; 2 F1528+00_362
#desig= 153526+0337.1
#cra=   15.590442  15:35:25.6
#cdec=   3.617540 03:37:03.1
#class= 0
#cmag_0=  8.927
#cmer_0=  0.057
#nskip_0= 15
#cmag_1=  8.921
#cmer_1=  0.050
#nskip_1= 5
#cmag_2=  8.923
#cmer_2=  0.055
#nskip_2= 4
#cmag_3=  8.927
#cmer_3=  0.066
#nskip_3= 1
#cmag_4=  8.918
#cmer_4=  0.064
#nskip_4= 1
#ra=   15.590442  15:35:25.6
#dec=   3.617540 03:37:03.1
#     HJD      MAG_4  MAG_0  MAG_1  MAG_2  MAG_3    MER_4 MER_0 MER_1 MER_2 MER_3 GRADE FRAME
   1920.86951  9.129  9.123  9.143  9.131  9.135    0.044 0.046 0.032 0.032 0.039  A 5566
   1930.86022  8.980  8.951  8.957  8.992  8.992    0.031 0.034 0.030 0.024 0.026  A 7189
   1932.87103  8.961  8.965  8.947  8.969  8.969    0.053 0.056 0.053 0.048 0.051  A 7528
   1935.86681  8.908  8.920  8.894  8.918  8.921    0.078 0.078 0.077 0.072 0.075  D 7970
   1962.80515  9.118  9.080  9.116  9.119  9.107    0.086 0.080 0.084 0.080 0.085  D 10701
   2000.77671 29.999 29.999 29.999 29.999 29.999    0.098 0.082 0.076 0.079 0.095  D 14707
   2133.52924  8.883  8.882  8.884  8.883  8.886    0.028 0.043 0.024 0.021 0.024  A 28950
   2140.48049  8.860  8.885  8.865  8.863  8.865    0.049 0.074 0.037 0.037 0.044  A 30118
   2498.51941  8.871  8.855  8.862  8.879  8.881    0.025 0.040 0.040 0.027 0.023  A 15386
   2502.51316  8.857  8.883  8.873  8.866  8.866    0.029 0.039 0.036 0.030 0.032  A 16167
   2503.52713  8.860  8.883  8.884  8.865  8.868    0.041 0.046 0.046 0.041 0.046  A 16377
   2509.52598  8.852  8.854  8.845  8.868  8.866    0.046 0.044 0.037 0.035 0.041  A 16879
   2511.50343  8.862  8.869  8.859  8.862  8.872    0.044 0.042 0.042 0.035 0.039  A 17036
   2520.50082  8.840  8.813  8.853  8.840  8.848    0.022 0.027 0.025 0.019 0.021  A 18145
   2654.87714  8.777  8.789  8.793  8.787  8.782    0.049 0.032 0.032 0.034 0.041  A 35114
   2667.86068  8.879  8.913  8.904  8.897  8.890    0.037 0.029 0.030 0.028 0.033  A 37201
   2678.86494  8.871  8.901  8.897  8.890  8.885    0.037 0.031 0.029 0.027 0.032  A 39072
   2688.83883  9.122  9.437  9.313  9.203  9.156    0.037 0.031 0.029 0.027 0.031  A 40808
   2690.88052  8.881  8.861  8.911  8.901  8.891    0.045 0.048 0.031 0.032 0.038  A 41196
   2694.81270  8.893  8.891  8.924  8.908  8.903    0.027 0.028 0.037 0.028 0.026  A 41841
   2696.86692  8.888  8.893  8.889  8.890  8.892    0.030 0.030 0.025 0.024 0.026  A 42187
   2697.88234  8.893  8.897  8.902  8.900  8.899    0.026 0.030 0.021 0.021 0.023  A 42422
   2699.88239  8.899  8.882  8.912  8.906  8.907    0.032 0.035 0.032 0.027 0.031  A 42806
   2702.83433  8.899  8.906  8.921  8.914  8.907    0.028 0.027 0.027 0.023 0.026  A 43356
   2704.83787  8.942  8.960  8.949  8.949  8.950    0.024 0.025 0.021 0.019 0.021  A 43747
   2706.82445  8.943  8.944  8.938  8.956  8.944    0.024 0.034 0.026 0.021 0.024  A 44107
   2710.80729  8.937  8.983  8.950  8.948  8.943    0.025 0.038 0.024 0.020 0.023  A 44823
   2712.80781  8.944  8.997  8.961  8.959  8.963    0.023 0.031 0.021 0.019 0.021  A 45195
   2714.79856  8.956  8.968  8.970  8.975  8.965    0.027 0.025 0.024 0.021 0.024  A 45582
   2717.80667  8.951  8.955  8.956  8.963  8.959    0.036 0.033 0.045 0.032 0.036  A 45927
   2721.85129  8.956  8.984  8.968  8.966  8.963    0.044 0.033 0.032 0.033 0.040  A 46572
   2723.79338  8.953  8.961  8.961  8.960  8.956    0.035 0.029 0.031 0.028 0.032  A 46932
   2725.77330  8.950  8.974  8.949  8.960  8.955    0.026 0.029 0.026 0.021 0.024  A 47322
   2731.87996  8.912  8.890  8.928  8.926  8.925    0.029 0.032 0.030 0.025 0.029  A 48429
   2734.74334  8.916  8.910  8.938  8.928  8.928    0.023 0.023 0.024 0.020 0.021  A 48870
   2736.75032  8.898  8.870  8.904  8.908  8.906    0.024 0.046 0.020 0.019 0.022  A 49263
   2740.76478  8.901  8.901  8.910  8.903  8.902    0.021 0.027 0.021 0.018 0.020  A 50007
   2742.72539  8.891  8.869  8.915  8.913  8.905    0.034 0.043 0.028 0.027 0.031  A 50394
   2749.80200  8.950  8.968  8.983  8.970  8.963    0.028 0.029 0.025 0.023 0.026  A 51516
   2751.70745  8.977  8.988  8.988  8.989  8.988    0.024 0.027 0.027 0.021 0.024  A 51856
   2754.71045  9.006  8.983  9.020  9.015  9.019    0.024 0.039 0.020 0.019 0.021  A 52273
   2755.85525  9.015  9.020  9.020  9.022  9.021    0.022 0.023 0.020 0.019 0.020  A 52552
   2757.70565  9.026  9.078  9.027  9.042  9.039    0.022 0.030 0.025 0.019 0.021  A 52903
   2759.73901  9.052  9.053  9.046  9.049  9.053    0.025 0.034 0.022 0.019 0.022  A 53261
   2761.68999  9.034  9.073  9.066  9.056  9.051    0.029 0.029 0.029 0.023 0.026  A 53651
   2763.68634  9.040  9.025  9.070  9.057  9.054    0.023 0.034 0.026 0.021 0.023  A 54045
   2766.76045  9.040  9.042  9.024  9.046  9.041    0.024 0.034 0.029 0.021 0.024  A 54576
   2769.84656  9.065  9.086  9.086  9.095  9.082    0.121 0.086 0.088 0.095 0.106  D 54738
   2782.68189  8.954  8.947  8.966  8.963  8.961    0.024 0.029 0.022 0.020 0.022  A 55732
   2787.73992  8.939  8.979  8.944  8.948  8.945    0.023 0.034 0.029 0.021 0.023  A 56837
   2791.57838  8.981  9.002  8.992  8.984  8.989    0.029 0.027 0.028 0.026 0.027  A 57523
   2794.64018  9.005  9.001  9.017  9.011  9.012    0.023 0.041 0.022 0.020 0.021  A 58067
   2808.64208  8.952  8.965  8.970  8.964  8.965    0.025 0.033 0.030 0.021 0.025  A 59307
   2810.59711  8.937  8.920  8.968  8.951  8.945    0.021 0.029 0.022 0.019 0.020  A 59715
   2811.74388  8.916  8.960  8.924  8.924  8.922    0.030 0.031 0.036 0.026 0.030  A 60000
   2813.67303  8.912  8.922  8.915  8.915  8.918    0.021 0.032 0.024 0.020 0.020  A 60426
   2820.70514  8.877  8.875  8.908  8.896  8.892    0.023 0.026 0.025 0.020 0.021  A 61541
   2824.66810  8.856  8.881  8.888  8.880  8.877    0.091 0.065 0.069 0.070 0.080  D 61946
   2831.55047  8.922  8.928  8.910  8.932  8.929    0.035 0.031 0.030 0.026 0.030  A 62693
   2832.67100  8.900  8.922  8.898  8.922  8.918    0.036 0.031 0.029 0.026 0.031  A 62974
   2834.56952  8.930  8.911  8.941  8.932  8.940    0.030 0.029 0.026 0.023 0.027  A 63310
   2835.66688  8.938  8.941  8.930  8.943  8.942    0.032 0.031 0.028 0.024 0.027  A 63548
   2838.64958  8.921  8.918  8.927  8.931  8.932    0.026 0.026 0.024 0.021 0.023  A 63905
   2841.61161  8.921  8.924  8.937  8.929  8.933    0.022 0.027 0.022 0.018 0.019  A 64535
   2843.58002  8.889  8.916  8.898  8.897  8.900    0.039 0.035 0.034 0.031 0.035  A 64884
   2851.58589  8.912  8.899  8.922  8.918  8.920    0.022 0.023 0.022 0.017 0.019  A 65419
   2858.53475  8.921  8.937  8.921  8.934  8.931    0.028 0.029 0.030 0.023 0.026  A 66280
   2859.60001  8.922  8.934  8.906  8.934  8.930    0.030 0.031 0.028 0.024 0.027  A 66527
   2861.59011  8.907  8.935  8.898  8.928  8.919    0.033 0.032 0.030 0.026 0.030  A 66950
   2865.53929  8.904  8.945  8.899  8.915  8.907    0.035 0.032 0.029 0.026 0.030  A 67452
   2867.59067  8.884  8.893  8.912  8.893  8.897    0.028 0.030 0.027 0.023 0.025  A 67743
   2875.55295  8.851  8.878  8.865  8.857  8.855    0.023 0.033 0.024 0.023 0.027  A 68517
   2877.54690  9.156  9.676  9.480  9.299  9.180    0.025 0.035 0.025 0.021 0.022  A 68912
   2879.54959  8.846  8.889  8.871  8.870  8.860    0.023 0.027 0.026 0.020 0.021  A 69219
   2885.48720  8.887  8.891  8.924  8.905  8.900    0.037 0.037 0.034 0.027 0.032  A 69964
   2892.50155  8.911  8.931  8.916  8.921  8.921    0.035 0.035 0.026 0.027 0.030  A 70629
   2895.49319  8.893  8.925  8.895  8.899  8.900    0.025 0.028 0.023 0.020 0.022  A 71215
   2898.49191  8.859  8.890  8.855  8.872  8.863    0.027 0.031 0.031 0.021 0.025  A 71810
   2900.48686  8.871  8.890  8.905  8.878  8.879    0.025 0.032 0.031 0.021 0.024  A 72165
   2904.48097  8.841  8.863  8.840  8.851  8.846    0.031 0.033 0.029 0.025 0.028  A 72794
   3035.86980  8.828  8.822  8.845  8.824  8.832    0.039 0.032 0.030 0.030 0.034  A 89335
   3043.84164  8.918  8.929  8.921  8.911  8.926    0.064 0.040 0.042 0.046 0.056  A 89997
   3060.86197  8.835  8.869  8.855  8.843  8.843    0.033 0.032 0.027 0.025 0.029  A 92291
   3064.82794  8.832  8.854  8.832  8.840  8.841    0.042 0.037 0.032 0.032 0.038  A 92817
   3068.81454  8.850  8.870  8.856  8.859  8.860    0.042 0.034 0.035 0.034 0.038  A 93255
   3071.82319  8.872  8.914  8.877  8.884  8.885    0.047 0.037 0.038 0.037 0.043  A 93691
   3076.87203  8.872  8.909  8.885  8.891  8.888    0.033 0.027 0.030 0.026 0.029  A 94348
   3079.82004  8.855  8.834  8.885  8.869  8.864    0.047 0.052 0.043 0.040 0.043  A 94772
   3082.80585  8.829  8.863  8.855  8.847  8.842    0.055 0.046 0.049 0.049 0.052  A 95211
   3086.82548  8.860  8.883  8.876  8.877  8.866    0.036 0.048 0.030 0.030 0.033  A 95519
   3089.78880  8.857  8.892  8.866  8.870  8.866    0.046 0.044 0.047 0.041 0.046  A 95962
   3091.83236  8.905  8.885  8.938  8.923  8.919    0.071 0.070 0.061 0.063 0.067  B 96286
   3096.81507  8.895  8.919  8.906  8.913  8.913    0.062 0.053 0.058 0.060 0.060  B 96712
   3098.80561  8.895  8.916  8.897  8.907  8.907    0.034 0.030 0.027 0.025 0.030  A 97026
   3100.79509  8.894  8.922  8.900  8.890  8.898    0.042 0.032 0.034 0.031 0.037  A 97322
   3103.80055  8.856  8.908  8.890  8.875  8.867    0.051 0.049 0.037 0.036 0.044  A 97801
   3105.78711  8.860  8.900  8.874  8.864  8.865    0.066 0.052 0.051 0.049 0.057  A 98115
   3107.78951  8.858  8.901  8.874  8.889  8.877    0.032 0.029 0.031 0.026 0.028  A 98432
   3109.83143  8.870  8.880  8.895  8.888  8.879    0.030 0.040 0.023 0.022 0.026  A 98755
   3112.72637  8.905  8.883  8.920  8.916  8.921    0.057 0.045 0.048 0.049 0.053  A 99189
   3114.76641  8.882  8.911  8.905  8.888  8.889    0.030 0.028 0.028 0.024 0.027  A 99534
   3116.79325  8.875  8.878  8.880  8.883  8.885    0.027 0.028 0.023 0.022 0.025  A 99869
   3121.74816  8.925  8.921  8.949  8.938  8.938    0.032 0.027 0.030 0.026 0.029  A 100125
   3125.72453 99.999 99.999 99.999 99.999 99.999    0.044 0.034 0.031 0.030 0.037  C 100745
   3127.70582  8.913  8.934  8.904  8.917  8.915    0.093 0.077 0.077 0.080 0.087  D 101052
   3131.72503  8.946  8.983  8.942  8.957  8.960    0.038 0.027 0.031 0.028 0.032  A 101678
   3133.72809  8.969  8.959  8.995  8.988  8.984    0.032 0.034 0.027 0.025 0.028  A 102013
   3144.74328  9.037  9.058  9.020  9.053  9.045    0.028 0.025 0.026 0.022 0.025  A 103306
   3153.65715  8.932  8.941  8.954  8.939  8.941    0.028 0.029 0.024 0.021 0.024  A 103767
   3155.65566  8.893  8.913  8.934  8.906  8.908    0.094 0.064 0.069 0.072 0.083  D 104092
   3158.69514  8.896  8.915  8.922  8.908  8.904    0.061 0.040 0.039 0.041 0.050  A 104422
   3160.70839  8.905  8.962  8.922  8.914  8.911    0.051 0.041 0.034 0.037 0.044  A 104717
   3163.72300  8.926  8.947  8.921  8.934  8.934    0.031 0.030 0.028 0.023 0.026  A 105049
   3165.74149  8.934  8.945  8.915  8.928  8.928    0.052 0.036 0.039 0.038 0.046  A 105401
   3168.75593  8.958  8.970  8.968  8.960  8.961    0.032 0.026 0.026 0.024 0.029  A 105789
   3171.70983  8.959  8.986  8.957  8.973  8.973    0.039 0.033 0.033 0.029 0.034  A 106206
   3175.69793  8.959  8.993  8.986  8.987  8.981    0.031 0.026 0.025 0.024 0.027  A 106608
   3178.57039  8.975  8.989  8.988  8.989  8.985    0.028 0.036 0.025 0.022 0.025  A 107033
   3186.57533  8.898  8.874  8.926  8.916  8.906    0.040 0.034 0.032 0.030 0.036  A 108082
   3189.60871  8.867  8.856  8.892  8.879  8.871    0.041 0.031 0.032 0.029 0.034  A 108417
   3449.81651  8.828  8.772  8.814  8.820  8.825    0.060 0.107 0.056 0.048 0.052  D 135131
   3562.53535  8.914  8.964  8.930  8.931  8.926    0.034 0.063 0.031 0.027 0.030  A 149880
   3591.49939  8.872  8.847  8.845  8.872  8.877    0.037 0.078 0.039 0.032 0.034  A 154144
#ndata= 4
#dataset= 2 ; 1 F1600+00_363
#desig= 153526+0337.0
#cra=   15.590419  15:35:25.5
#cdec=   3.617391 03:37:02.6
#class= 0
#cmag_0=  8.951
#cmer_0=  0.018
#nskip_0= 0
#cmag_1=  8.980
#cmer_1=  0.033
#nskip_1= 0
#cmag_2=  8.966
#cmer_2=  0.021
#nskip_2= 0
#cmag_3=  8.947
#cmer_3=  0.019
#nskip_3= 0
#cmag_4=  8.933
#cmer_4=  0.017
#nskip_4= 0
#ra=   15.590419  15:35:25.5
#dec=   3.617391 03:37:02.6
#     HJD      MAG_4  MAG_0  MAG_1  MAG_2  MAG_3    MER_4 MER_0 MER_1 MER_2 MER_3 GRADE FRAME
   2705.83005  8.876  8.924  8.933  8.921  8.896    0.077 0.064 0.062 0.064 0.070  B 43925
   2727.79480  8.917  8.929  8.965  8.945  8.928    0.030 0.037 0.029 0.026 0.028  A 47721
   2744.74541  8.904  8.967  8.947  8.935  8.918    0.036 0.043 0.032 0.029 0.034  A 50766
   2751.72584  8.965  8.950  9.018  8.988  8.973    0.029 0.049 0.028 0.025 0.027  A 51864
#ndata= 191
#dataset= 3 ; 1 F1528+08_407
#desig= 153526+0337.0
#cra=   15.590446  15:35:25.6
#cdec=   3.617227 03:37:02.0
#class= 0
#cmag_0=  8.885
#cmer_0=  0.084
#nskip_0= 9
#cmag_1=  8.879
#cmer_1=  0.075
#nskip_1= 5
#cmag_2=  8.881
#cmer_2=  0.072
#nskip_2= 9
#cmag_3=  8.885
#cmer_3=  0.072
#nskip_3= 8
#cmag_4=  8.879
#cmer_4=  0.074
#nskip_4= 7
#ra=   15.590446  15:35:25.6
#dec=   3.617227 03:37:02.0
#     HJD      MAG_4  MAG_0  MAG_1  MAG_2  MAG_3    MER_4 MER_0 MER_1 MER_2 MER_3 GRADE FRAME
   3219.48846 29.999 29.999 29.999 29.999 29.999    0.029 0.029 0.030 0.024 0.027  C 109978
   3404.86737  8.831  8.796  8.834  8.829  8.828    0.038 0.032 0.028 0.027 0.032  A 128492
   3408.87592  8.847  8.817  8.861  8.850  8.855    0.073 0.050 0.057 0.063 0.067  B 129114
   3412.88923  8.849  8.884  8.855  8.850  8.860    0.066 0.035 0.036 0.045 0.055  A 129706
   3416.86951  8.866  8.891  8.841  8.857  8.868    0.041 0.036 0.031 0.033 0.036  A 130348
   3423.88067  8.874  8.885  8.882  8.872  8.881    0.067 0.049 0.040 0.046 0.057  A 131456
   3426.87723  8.899  8.995  8.886  8.913  8.907    0.048 0.108 0.085 0.048 0.046  D 131931
   3432.85125  8.881  8.893  8.872  8.876  8.878    0.040 0.033 0.026 0.028 0.034  A 132597
   3436.85598  8.858  8.872  8.864  8.871  8.870    0.064 0.048 0.047 0.053 0.059  A 133065
   3443.83635  8.823  8.779  8.817  8.818  8.827    0.032 0.059 0.031 0.027 0.029  A 133817
   3446.81450  8.823  8.820  8.798  8.832  8.834    0.031 0.048 0.029 0.026 0.028  A 134632
   3449.81651  8.855  8.779  8.818  8.834  8.838    0.074 0.109 0.060 0.057 0.066  D 135131
   3452.82092  8.897  8.919  8.900  8.910  8.904    0.045 0.049 0.034 0.032 0.038  A 135556
   3454.82635  8.925  8.962  8.913  8.926  8.934    0.047 0.064 0.036 0.034 0.041  A 135893
   3456.82266  8.939  8.875  8.923  8.933  8.937    0.060 0.068 0.045 0.048 0.055  A 136246
   3458.83043  8.926  8.986  8.932  8.936  8.947    0.061 0.072 0.047 0.050 0.056  A 136603
   3461.77724  8.910  8.919  8.939  8.930  8.927    0.067 0.047 0.043 0.047 0.057  A 137083
   3464.75610  8.918  8.949  8.905  8.914  8.923    0.037 0.077 0.038 0.031 0.034  A 137534
   3466.80652  8.902  8.918  8.885  8.906  8.908    0.034 0.044 0.029 0.026 0.030  A 137886
   3469.78622  8.914  8.970  8.928  8.918  8.919    0.036 0.061 0.033 0.029 0.032  A 138298
   3472.74780  8.866  8.862  8.901  8.892  8.889    0.033 0.034 0.026 0.026 0.030  A 138750
   3474.82513  8.889  8.925  8.932  8.893  8.902    0.052 0.058 0.044 0.037 0.044  A 139099
   3477.74561  8.887  8.899  8.900  8.896  8.886    0.038 0.065 0.034 0.032 0.035  A 139580
   3479.75991  8.911  8.931  8.921  8.919  8.919    0.038 0.048 0.033 0.029 0.033  A 139895
   3481.75492  8.922  8.941  8.919  8.924  8.930    0.037 0.044 0.030 0.028 0.032  A 140215
   3483.74404  8.937  8.979  8.953  8.939  8.941    0.096 0.076 0.060 0.067 0.083  B 140529
   3487.71753  8.965  9.011  8.942  8.950  8.967    0.080 0.062 0.051 0.057 0.069  B 140801
   3490.73872  8.993  8.990  8.997  8.995  8.997    0.049 0.045 0.032 0.034 0.042  A 141170
   3492.73204  9.015  9.031  8.986  8.996  9.003    0.037 0.061 0.035 0.031 0.033  A 141508
   3496.72627  9.002  9.004  8.968  9.002  9.004    0.031 0.030 0.027 0.023 0.027  A 141784
   3499.72401  8.980  8.907  8.947  8.969  8.986    0.044 0.064 0.036 0.034 0.039  A 142142
   3501.77327  8.984  8.977  8.996  8.995  8.991    0.087 0.072 0.057 0.061 0.073  B 142495
   3504.67022  8.940  8.958  8.910  8.938  8.938    0.042 0.047 0.036 0.034 0.038  A 142994
   3508.73913  8.947  8.942  8.915  8.949  8.957    0.030 0.030 0.029 0.023 0.026  A 143274
   3510.79599  8.941  8.952  8.939  8.947  8.948    0.033 0.031 0.029 0.025 0.029  A 143535
   3515.70924  8.903  8.907  8.924  8.923  8.917    0.044 0.033 0.029 0.030 0.037  A 144070
   3517.69512  8.930  8.981  8.924  8.929  8.936    0.039 0.080 0.038 0.033 0.035  A 144361
   3521.65471  8.878  8.871  8.887  8.887  8.886    0.047 0.063 0.035 0.037 0.042  A 144845
   3523.66173  8.838  8.744  8.809  8.826  8.839    0.048 0.078 0.044 0.039 0.043  A 145201
   3525.68511  8.831  8.808  8.793  8.819  8.831    0.034 0.050 0.032 0.028 0.030  A 145508
   3538.61418  8.857  8.840  8.863  8.865  8.864    0.031 0.037 0.025 0.025 0.028  A 146835
   3540.63728  8.879  8.830  8.883  8.876  8.874    0.043 0.068 0.039 0.035 0.039  A 147164
   3543.60615  8.905  8.822  8.905  8.915  8.914    0.054 0.080 0.047 0.043 0.048  A 147544
   3550.63349  8.986  8.994  8.969  8.986  8.991    0.039 0.053 0.033 0.031 0.034  A 148213
   3552.69035  8.947  8.938  8.940  8.963  8.964    0.044 0.081 0.042 0.037 0.040  A 148480
   3555.68374  8.968  8.972  8.958  8.972  8.978    0.033 0.047 0.030 0.028 0.030  A 148938
   3559.54018  8.956  9.026  8.967  8.970  8.975    0.066 0.065 0.048 0.049 0.057  A 149374
   3561.56757  8.952  8.946  8.926  8.945  8.954    0.037 0.053 0.032 0.032 0.034  A 149720
   3563.57290  8.937  8.950  8.940  8.940  8.944    0.032 0.037 0.027 0.025 0.028  A 150062
   3569.63962  8.982  8.981  8.996  8.980  8.982    0.036 0.036 0.031 0.027 0.031  A 150573
   3573.59916  8.970  8.986  8.973  8.982  8.981    0.037 0.035 0.033 0.028 0.032  A 151099
   3575.61992  8.976  8.987  9.007  8.996  8.994    0.033 0.043 0.030 0.026 0.029  A 151467
   3577.62703  8.991  9.034  9.009  8.992  8.995    0.035 0.066 0.038 0.030 0.033  A 151800
   3584.55369  8.937  8.943  8.917  8.941  8.948    0.029 0.040 0.024 0.022 0.025  A 152992
   3586.59419  8.911  8.869  8.897  8.912  8.917    0.041 0.084 0.045 0.037 0.038  A 153341
   3589.49922  8.906  9.000  8.928  8.921  8.914    0.037 0.079 0.040 0.033 0.034  A 153797
   3591.57674  8.897  8.938  8.886  8.894  8.901    0.042 0.098 0.046 0.039 0.040  B 154170
   3600.56374  8.838  8.769  8.809  8.829  8.838    0.092 0.081 0.061 0.066 0.080  B 155379
   3602.56214  8.853  8.882  8.843  8.854  8.852    0.046 0.061 0.036 0.034 0.040  A 155710
   3606.50925  8.855  8.849  8.856  8.860  8.856    0.036 0.040 0.030 0.028 0.031  A 156154
   3618.48864  8.931  8.898  8.915  8.930  8.937    0.037 0.058 0.032 0.030 0.033  A 157236
   3622.48333  8.931  8.969  8.923  8.938  8.940    0.074 0.051 0.045 0.051 0.062  B 157857
   3631.47774  8.935  8.979  8.930  8.934  8.941    0.054 0.054 0.036 0.037 0.046  A 158901
   3759.87379  8.838  8.815  8.848  8.843  8.844    0.040 0.035 0.028 0.029 0.035  A 175562
   3772.88180  8.830  8.872  8.831  8.839  8.837    0.038 0.043 0.029 0.029 0.034  A 177294
   3789.85920  8.845  8.840  8.835  8.839  8.847    0.042 0.040 0.030 0.030 0.037  A 179185
   3793.83896  8.828  8.848  8.801  8.824  8.832    0.038 0.038 0.030 0.028 0.034  A 179759
   3796.86579  8.837  8.884  8.857  8.845  8.843    0.031 0.046 0.029 0.026 0.028  A 180192
   3799.89123  8.807  8.845  8.810  8.806  8.816    0.046 0.046 0.034 0.036 0.041  A 180618
   3803.82358  8.832  8.854  8.813  8.823  8.834    0.058 0.049 0.038 0.039 0.049  A 181087
   3806.83655  8.789  8.838  8.791  8.792  8.797    0.040 0.056 0.033 0.031 0.035  A 181533
   3809.83757  8.752  8.745  8.755  8.760  8.763    0.047 0.036 0.030 0.032 0.038  A 181886
   3812.81404  8.754  8.742  8.744  8.752  8.751    0.049 0.044 0.033 0.036 0.043  A 182357
   3815.80841  8.728  8.726  8.730  8.735  8.738    0.045 0.039 0.029 0.032 0.039  A 182834
   3817.88250  8.733  8.645  8.732  8.738  8.740    0.049 0.088 0.048 0.042 0.046  B 183173
   3820.79938  8.824  8.919  8.830  8.816  8.828    0.060 0.099 0.054 0.049 0.053  B 183629
   3823.78973  8.834  8.884  8.868  8.850  8.847    0.055 0.054 0.044 0.042 0.048  A 184112
   3826.77321  8.868  8.865  8.884  8.877  8.882    0.048 0.038 0.032 0.034 0.041  A 184616
   3829.77761  8.894  8.902  8.868  8.880  8.886    0.032 0.041 0.029 0.026 0.029  A 185121
   3831.82535  8.876  8.827  8.876  8.868  8.876    0.046 0.053 0.037 0.036 0.041  A 185483
   3833.79293  8.883  8.844  8.893  8.892  8.887    0.048 0.038 0.031 0.034 0.041  A 185822
   3837.77901  8.840  8.884  8.875  8.845  8.842    0.049 0.057 0.037 0.035 0.042  A 186493
   3848.75912  8.829  8.860  8.845  8.827  8.830    0.071 0.059 0.046 0.050 0.059  A 186954
   3850.77057  8.839  8.796  8.826  8.837  8.841    0.035 0.045 0.029 0.029 0.031  A 187298
   3852.81395  8.837  8.783  8.827  8.835  8.844    0.046 0.046 0.032 0.032 0.039  A 187664
   3855.70100  8.887  8.887  8.884  8.879  8.884    0.056 0.048 0.040 0.043 0.050  A 188115
   3861.74166  8.823  8.789  8.782  8.817  8.816    0.038 0.073 0.040 0.033 0.035  A 189049
   3863.71443  8.767  8.716  8.739  8.764  8.776    0.043 0.083 0.043 0.038 0.041  A 189375
   3865.70737  8.808  8.831  8.811  8.810  8.814    0.046 0.075 0.040 0.036 0.040  A 189725
   3867.70716  8.813  8.758  8.785  8.789  8.804    0.043 0.037 0.031 0.032 0.037  A 190050
   3869.73442  8.777  8.788  8.754  8.765  8.783    0.054 0.039 0.032 0.036 0.044  A 190401
   3871.73265  8.764  8.728  8.751  8.764  8.773    0.041 0.077 0.039 0.034 0.036  A 190771
   3874.82185  8.751  8.712  8.769  8.762  8.764    0.037 0.050 0.033 0.029 0.033  A 191078
   3877.63780  8.778  8.829  8.807  8.783  8.787    0.036 0.067 0.037 0.030 0.033  A 191488
   3880.67201  8.810  8.854  8.791  8.798  8.811    0.039 0.041 0.031 0.030 0.033  A 191816
   3882.69332  8.822  8.820  8.814  8.816  8.825    0.037 0.053 0.036 0.032 0.034  A 192110
   3886.69367  9.172  9.600  9.326  9.224  9.190    0.036 0.070 0.036 0.031 0.033  A 192488
   3890.66401  8.889  8.882  8.915  8.910  8.905    0.031 0.054 0.032 0.026 0.028  A 193187
   3892.63910  8.957  8.950  8.942  8.949  8.941    0.081 0.083 0.058 0.060 0.072  B 193524
   3896.62099  8.930  8.896  8.932  8.931  8.936    0.045 0.038 0.034 0.032 0.039  A 194028
   3898.64172  8.905  8.812  8.909  8.909  8.911    0.047 0.081 0.042 0.038 0.043  A 194355
   3900.65940  8.876  8.829  8.869  8.878  8.882    0.048 0.076 0.044 0.038 0.043  A 194663
   3902.67825  8.920  9.001  8.916  8.913  8.926    0.033 0.049 0.029 0.025 0.028  A 195044
   3904.70260  8.905  8.909  8.902  8.912  8.912    0.045 0.087 0.042 0.037 0.041  A 195434
   3906.71494  8.884  8.911  8.875  8.889  8.891    0.034 0.047 0.032 0.029 0.031  A 195817
   3909.67391  8.865  8.928  8.875  8.874  8.876    0.034 0.080 0.037 0.031 0.033  A 196387
   3913.67391  8.845  8.842  8.836  8.847  8.849    0.043 0.079 0.055 0.039 0.040  A 196946
   4134.87765  8.973  8.922  8.954  8.982  8.978    0.089 0.065 0.059 0.066 0.077  B 212809
   4146.86999  8.885  8.889  8.902  8.899  8.895    0.049 0.051 0.039 0.039 0.043  A 214489
   4151.86576  8.920  8.904  8.899  8.918  8.920    0.051 0.042 0.037 0.040 0.046  A 215041
   4155.86051  8.833  8.856  8.832  8.834  8.838    0.038 0.068 0.034 0.032 0.034  A 215638
   4158.86437  8.853  8.900  8.867  8.864  8.863    0.042 0.052 0.032 0.032 0.036  A 216065
   4161.86891  8.887  8.882  8.882  8.893  8.891    0.038 0.045 0.030 0.029 0.032  A 216543
   4164.84818  8.878  8.911  8.892  8.893  8.893    0.059 0.054 0.041 0.043 0.050  A 216973
   4167.84530  8.914  8.917  8.906  8.907  8.918    0.045 0.048 0.035 0.033 0.039  A 217385
   4174.79812  8.936  8.936  8.964  8.965  8.955    0.066 0.072 0.057 0.058 0.061  B 218283
   4180.80195  8.940  8.954  8.927  8.941  8.952    0.064 0.046 0.043 0.045 0.054  A 219042
   4183.81050  8.891  8.867  8.899  8.894  8.911    0.058 0.050 0.041 0.041 0.048  A 219462
   4186.83628  8.921  8.975  8.952  8.957  8.942    0.072 0.060 0.062 0.065 0.068  B 219825
   4189.78828  8.816  8.779  8.855  8.839  8.827    0.033 0.036 0.033 0.027 0.030  A 220135
   4191.78223  8.791  8.778  8.805  8.799  8.801    0.040 0.037 0.033 0.030 0.035  A 220456
   4193.79200  8.783  8.755  8.757  8.777  8.787    0.041 0.053 0.037 0.032 0.035  A 220785
   4196.81805  8.771  8.773  8.753  8.793  8.786    0.072 0.052 0.047 0.049 0.059  A 221107
   4199.76197  8.806  8.794  8.765  8.799  8.806    0.057 0.068 0.045 0.042 0.049  A 221420
   4202.78717  8.836  8.888  8.861  8.843  8.850    0.038 0.061 0.041 0.030 0.033  A 221679
   4204.81317  8.825  8.844  8.836  8.842  8.840    0.039 0.046 0.037 0.033 0.035  A 222009
   4207.86139  8.860  8.873  8.863  8.861  8.866    0.051 0.050 0.039 0.040 0.046  A 222301
   4213.75803  8.905  8.935  8.920  8.910  8.910    0.055 0.063 0.053 0.054 0.046  A 222627
   4216.75331  9.053  9.061  9.085  9.077  9.069    0.051 0.047 0.044 0.044 0.047  A 222907
   4227.72413  8.916  8.886  8.949  8.941  8.934    0.058 0.052 0.050 0.052 0.055  A 223187
   4229.72769  8.844  8.866  8.837  8.840  8.850    0.047 0.055 0.039 0.039 0.043  A 223545
   4231.73564  8.819  8.727  8.823  8.836  8.839    0.069 0.077 0.061 0.059 0.064  B 223905
   4233.73530  8.798  8.812  8.841  8.819  8.815    0.030 0.038 0.031 0.025 0.027  A 224251
   4235.73311  8.843  8.866  8.834  8.834  8.841    0.051 0.055 0.044 0.043 0.047  A 224617
   4245.64891  8.762  8.767  8.756  8.776  8.774    0.081 0.059 0.054 0.055 0.067  B 226041
   4247.61229  8.817  8.814  8.840  8.822  8.825    0.034 0.041 0.032 0.027 0.030  A 226395
   4250.73369  9.015  9.463  9.315  9.118  9.043    0.067 0.058 0.053 0.057 0.062  B 226684
   4254.62083  8.855  8.811  8.876  8.859  8.866    0.041 0.040 0.034 0.031 0.036  A 227005
   4256.68344  8.869  8.898  8.877  8.871  8.875    0.033 0.037 0.031 0.027 0.029  A 227266
   4258.71483  8.956  8.940  8.990  8.990  8.958    0.106 0.061 0.072 0.075 0.091  D 227542
   4267.63619  8.935  8.933  8.930  8.946  8.952    0.074 0.052 0.055 0.058 0.066  B 227850
   4269.67819  8.917  8.891  8.925  8.932  8.929    0.061 0.052 0.049 0.050 0.056  A 228167
   4272.61343  8.888  8.913  8.879  8.891  8.899    0.031 0.035 0.031 0.025 0.027  A 228371
   4274.62539  8.906  8.943  8.886  8.901  8.914    0.055 0.046 0.048 0.046 0.051  A 228686
   4277.60800  8.848  8.902  8.837  8.839  8.848    0.035 0.045 0.037 0.028 0.031  A 228994
   4283.67131  8.773  8.726  8.743  8.768  8.771    0.094 0.069 0.073 0.080 0.087  D 229648
   4285.65887  8.713  8.643  8.723  8.714  8.714    0.051 0.064 0.044 0.038 0.044  A 229988
   4289.65483  8.734  8.731  8.710  8.739  8.738    0.038 0.050 0.040 0.032 0.034  A 230342
   4291.65513  8.723  8.713  8.716  8.737  8.730    0.042 0.043 0.041 0.036 0.040  A 230693
   4293.64473  8.789  8.812  8.775  8.790  8.797    0.033 0.039 0.032 0.026 0.029  A 231056
   4295.66054  8.828  8.867  8.863  8.840  8.839    0.034 0.050 0.035 0.028 0.031  A 231401
   4297.65165  8.861  8.885  8.868  8.871  8.869    0.051 0.055 0.038 0.036 0.042  A 231749
   4299.62230  8.879  8.862  8.894  8.867  8.869    0.092 0.065 0.055 0.062 0.079  B 232113
   4301.57688  8.919  8.963  8.959  8.939  8.932    0.044 0.065 0.043 0.035 0.038  A 232449
   4303.59106  8.942  8.910  8.912  8.935  8.949    0.042 0.051 0.041 0.033 0.037  A 232749
   4305.57087  9.010  9.028  9.026  9.027  9.027    0.064 0.064 0.059 0.057 0.060  B 233121
   4307.59110  8.951  8.924  8.938  8.955  8.960    0.044 0.052 0.038 0.034 0.039  A 233463
   4310.61055  8.977  8.963  8.958  8.976  8.986    0.061 0.058 0.049 0.049 0.055  A 233887
   4312.60754  8.989  8.994  8.993  8.990  8.995    0.050 0.054 0.042 0.037 0.043  A 234214
   4315.60997 99.999 99.999 99.999 99.999 99.999    0.055 0.056 0.049 0.046 0.051  C 234558
   4319.53426  9.116  8.977  9.000  9.049  9.097    0.099 0.070 0.067 0.079 0.094  D 234947
   4330.48423  8.913  8.942  8.896  8.902  8.909    0.077 0.083 0.065 0.070 0.074  B 235265
   4332.50668  8.851  8.822  8.854  8.858  8.860    0.050 0.057 0.041 0.041 0.045  A 235636
   4334.52672  8.873  8.917  8.862  8.877  8.885    0.036 0.048 0.037 0.029 0.032  A 235999
   4338.53344  8.897  8.917  8.904  8.904  8.901    0.038 0.040 0.037 0.030 0.034  A 236394
   4341.51359  8.899  8.893  8.894  8.906  8.909    0.062 0.066 0.050 0.050 0.056  A 236880
   4343.52276  9.006  9.014  9.019  9.026  9.029    0.068 0.077 0.063 0.063 0.065  B 237238
   4346.48215  8.895  8.980  8.937  8.910  8.908    0.143 0.075 0.072 0.099 0.128  D 237725
   4348.50365  8.967  8.989  8.989  8.988  8.982    0.045 0.061 0.040 0.038 0.042  A 238087
   4350.51357  8.953  8.923  8.950  8.957  8.960    0.048 0.069 0.046 0.041 0.044  A 238408
   4353.49325  8.973  8.995  8.989  8.988  8.980    0.033 0.038 0.033 0.028 0.031  A 238811
   4356.49078  9.006  9.031  9.021  9.010  9.015    0.035 0.047 0.035 0.029 0.031  A 239297
   4359.48137  9.037  9.072  9.033  9.047  9.050    0.041 0.043 0.034 0.030 0.035  A 239747
   4501.87136  9.003  8.977  9.004  8.999  8.999    0.046 0.041 0.035 0.036 0.041  A 255357
   4505.87042  8.947  8.909  8.926  8.944  8.948    0.042 0.042 0.036 0.033 0.037  A 255925
   4517.89058  8.844  8.848  8.811  8.828  8.843    0.052 0.042 0.038 0.038 0.044  A 257341
   4521.85186  8.795  8.825  8.771  8.785  8.801    0.037 0.039 0.033 0.029 0.031  A 257917
   4524.87453  8.809  8.804  8.835  8.820  8.823    0.035 0.043 0.033 0.028 0.030  A 258363
   4527.85682  8.810  8.779  8.816  8.822  8.818    0.034 0.041 0.031 0.028 0.030  A 258802
   4530.85426  8.855  8.879  8.841  8.843  8.855    0.034 0.051 0.031 0.027 0.030  A 259254
   4535.84362  8.899  8.879  8.899  8.903  8.908    0.037 0.044 0.034 0.030 0.032  A 259838
   4538.82402  8.941  8.942  8.916  8.936  8.943    0.038 0.049 0.033 0.029 0.033  A 260290
   4541.82627  8.978  8.999  9.003  8.990  8.989    0.034 0.044 0.032 0.027 0.030  A 260730
   4546.82254  8.995  8.958  9.003  9.005  9.005    0.048 0.043 0.035 0.034 0.040  A 261499
   4558.91466  8.875  8.874  8.870  8.873  8.879    0.040 0.063 0.042 0.034 0.036  A 263284
   4561.77104  8.823  8.831  8.852  8.841  8.842    0.036 0.036 0.030 0.027 0.031  A 263737
   4564.75640  8.773  8.755  8.803  8.790  8.787    0.041 0.035 0.032 0.030 0.034  A 264233
   4566.83121  8.720  8.726  8.730  8.725  8.722    0.048 0.065 0.042 0.039 0.043  A 264590
   4571.75821  8.704  8.727  8.698  8.700  8.710    0.049 0.048 0.043 0.041 0.045  A 265375
   4573.75987  8.753  8.777  8.749  8.752  8.759    0.050 0.043 0.036 0.035 0.042  A 265721
   4575.75073  8.805  8.845  8.809  8.812  8.814    0.045 0.058 0.038 0.034 0.038  A 266033
