#ndata= 2
#dataset= 1 ; 1 F2224-16_285
#desig= 222216-0728.0
#cra=   22.371029  22:22:15.7
#cdec=  -7.466507 -7:27:59.4
#class= 0
#cmag_0=  9.261
#cmer_0=  0.026
#nskip_0= 0
#cmag_1=  9.344
#cmer_1=  0.028
#nskip_1= 0
#cmag_2=  9.385
#cmer_2=  0.041
#nskip_2= 0
#cmag_3=  9.420
#cmer_3=  0.051
#nskip_3= 0
#cmag_4=  9.430
#cmer_4=  0.060
#nskip_4= 0
#ra=   22.371029  22:22:15.7
#dec=  -7.466507 -7:27:59.4
#     HJD      MAG_3  MAG_0  MAG_1  MAG_2  MAG_4    MER_3 MER_0 MER_1 MER_2 MER_4 GRADE FRAME
   2140.67837  9.384  9.243  9.324  9.356  9.388    0.033 0.055 0.033 0.030 0.038  A 30200
   2151.59643  9.458  9.281  9.365  9.416  9.474    0.037 0.062 0.042 0.035 0.045  A 31367
#ndata= 4
#dataset= 2 ; 1 F2152-08_329
#desig= 222215-0728.0
#cra=   22.370937  22:22:15.4
#cdec=  -7.465983 -7:27:57.5
#class= 0
#cmag_0=  9.291
#cmer_0=  0.015
#nskip_0= 0
#cmag_1=  9.331
#cmer_1=  0.016
#nskip_1= 0
#cmag_2=  9.359
#cmer_2=  0.016
#nskip_2= 0
#cmag_3=  9.370
#cmer_3=  0.016
#nskip_3= 0
#cmag_4=  9.361
#cmer_4=  0.016
#nskip_4= 0
#ra=   22.370937  22:22:15.4
#dec=  -7.465983 -7:27:57.5
#     HJD      MAG_3  MAG_0  MAG_1  MAG_2  MAG_4    MER_3 MER_0 MER_1 MER_2 MER_4 GRADE FRAME
   2464.77596  9.370  9.295  9.360  9.351  9.350    0.031 0.032 0.036 0.027 0.027  A 10899
   2473.74732  9.191  9.189  9.159  9.191  9.201    0.038 0.036 0.040 0.033 0.031  A 12731
   2487.72931  9.371  9.286  9.329  9.367  9.373    0.050 0.062 0.056 0.045 0.052  B 13520
   2490.72459  9.385  9.324  9.334  9.372  9.390    0.041 0.038 0.039 0.033 0.034  A 14102
#ndata= 319
#dataset= 3 ; 1 F2224-08_330
#desig= 222216-0728.0
#cra=   22.370989  22:22:15.6
#cdec=  -7.466330 -7:27:58.8
#class= 0
#cmag_0=  9.372
#cmer_0=  0.084
#nskip_0= 8
#cmag_1=  9.371
#cmer_1=  0.081
#nskip_1= 7
#cmag_2=  9.374
#cmer_2=  0.082
#nskip_2= 8
#cmag_3=  9.374
#cmer_3=  0.083
#nskip_3= 6
#cmag_4=  9.377
#cmer_4=  0.083
#nskip_4= 6
#ra=   22.370989  22:22:15.6
#dec=  -7.466330 -7:27:58.8
#     HJD      MAG_3  MAG_0  MAG_1  MAG_2  MAG_4    MER_3 MER_0 MER_1 MER_2 MER_4 GRADE FRAME
   1872.51937  9.530  9.495  9.512  9.526  9.532    0.030 0.072 0.034 0.029 0.033  A 633
   1875.52819  9.531  9.500  9.530  9.531  9.532    0.028 0.066 0.029 0.025 0.031  A 1118
   1878.52732  9.531  9.555  9.523  9.533  9.530    0.030 0.055 0.033 0.028 0.031  A 1596
   2008.91731  9.361  9.356  9.368  9.346  9.362    0.065 0.074 0.062 0.054 0.068  B 15294
   2026.88106  9.358  9.447  9.370  9.359  9.358    0.026 0.045 0.030 0.026 0.029  A 17516
   2031.87518  9.389  9.366  9.387  9.388  9.389    0.027 0.046 0.027 0.025 0.030  A 18119
   2033.87929  9.393  9.370  9.423  9.394  9.386    0.025 0.047 0.032 0.025 0.027  A 18554
   2039.90678  9.333  9.354  9.341  9.336  9.335    0.029 0.045 0.026 0.025 0.033  A 19353
   2040.88461  9.328  9.254  9.345  9.338  9.326    0.035 0.077 0.041 0.034 0.038  A 19568
   2052.88679  9.369  9.352  9.363  9.370  9.371    0.024 0.045 0.026 0.022 0.026  A 19926
   2054.84321  9.388  9.399  9.391  9.390  9.386    0.028 0.053 0.029 0.025 0.031  A 20338
   2055.88521  9.378  9.459  9.398  9.381  9.376    0.026 0.052 0.028 0.024 0.029  A 20577
   2057.82936  9.374  9.378  9.368  9.371  9.375    0.026 0.048 0.030 0.025 0.029  A 21008
   2064.88100  9.364  9.411  9.373  9.360  9.368    0.029 0.064 0.030 0.026 0.032  A 21652
   2067.79802  9.339  9.352  9.341  9.339  9.339    0.028 0.055 0.028 0.025 0.031  A 21919
   2068.79005  9.359  9.339  9.347  9.352  9.361    0.035 0.066 0.033 0.030 0.040  A 22141
   2069.78497  9.349  9.334  9.330  9.342  9.345    0.033 0.069 0.032 0.030 0.038  A 22362
   2080.78396  9.272  9.357  9.276  9.275  9.276    0.028 0.059 0.030 0.026 0.031  A 22962
   2083.78492  9.278  9.225  9.284  9.286  9.293    0.041 0.061 0.033 0.035 0.048  A 23656
   2087.89237  9.306  9.329  9.295  9.292  9.307    0.033 0.060 0.037 0.032 0.035  A 24373
   2088.80437  9.313  9.475  9.333  9.312  9.324    0.026 0.059 0.027 0.024 0.029  A 24563
   2093.74724  9.370  9.352  9.367  9.369  9.376    0.029 0.059 0.029 0.026 0.033  A 24759
   2094.75029  9.659  9.654  9.695  9.667  9.660    0.027 0.053 0.028 0.025 0.031  A 25049
   2095.74242  9.420  9.410  9.435  9.417  9.423    0.050 0.058 0.041 0.041 0.059  B 25270
   2103.69027  9.415  9.385  9.394  9.398  9.426    0.029 0.052 0.030 0.026 0.033  A 25833
   2104.76528  9.433  9.423  9.429  9.427  9.430    0.027 0.052 0.029 0.025 0.030  A 26064
   2105.76033  9.385  9.401  9.390  9.391  9.390    0.025 0.054 0.026 0.022 0.028  A 26282
   2106.76961  9.355  9.320  9.351  9.356  9.362    0.023 0.050 0.025 0.021 0.025  A 26489
   2115.74872  9.267  9.295  9.245  9.261  9.272    0.028 0.044 0.031 0.026 0.030  A 26912
   2116.73295  9.285  9.310  9.272  9.282  9.290    0.026 0.046 0.028 0.024 0.028  A 27127
   2117.73178  9.258  9.217  9.253  9.259  9.260    0.025 0.048 0.025 0.022 0.027  A 27345
   2130.71137  9.320  9.305  9.314  9.319  9.326    0.024 0.049 0.027 0.022 0.026  A 28401
   2131.69945  9.330  9.292  9.321  9.327  9.334    0.024 0.049 0.026 0.022 0.027  A 28595
   2133.69968  9.337  9.327  9.322  9.333  9.337    0.026 0.043 0.028 0.023 0.028  A 29023
   2134.69748  9.324  9.315  9.316  9.322  9.328    0.025 0.043 0.025 0.022 0.027  A 29236
   2135.69442  9.355  9.305  9.339  9.352  9.356    0.032 0.051 0.031 0.028 0.038  A 29451
   2136.69401  9.356  9.384  9.359  9.356  9.362    0.025 0.048 0.026 0.022 0.028  A 29663
   2141.68506  9.396  9.397  9.402  9.399  9.397    0.027 0.050 0.026 0.023 0.029  A 30415
   2143.68037  9.369  9.314  9.355  9.365  9.379    0.031 0.054 0.031 0.028 0.034  A 30817
   2144.67309  9.405  9.424  9.403  9.404  9.406    0.025 0.048 0.025 0.022 0.027  A 31018
   2145.66408  9.422  9.481  9.438  9.420  9.425    0.025 0.045 0.026 0.023 0.028  A 31221
   2167.60768  9.326  9.308  9.321  9.325  9.324    0.031 0.059 0.040 0.033 0.032  A 32084
   2168.62685  9.304  9.287  9.305  9.303  9.307    0.028 0.050 0.037 0.029 0.030  A 32259
   2171.60678  9.296  9.303  9.297  9.287  9.295    0.036 0.054 0.042 0.036 0.038  A 32587
   2172.60962  9.292  9.287  9.264  9.290  9.300    0.028 0.048 0.038 0.030 0.030  A 32779
   2173.60803  9.290  9.290  9.286  9.290  9.295    0.028 0.051 0.039 0.030 0.029  A 32965
   2174.61087  9.328  9.317  9.311  9.322  9.341    0.075 0.081 0.067 0.065 0.088  D 33140
   2177.57722  9.371  9.357  9.361  9.380  9.383    0.042 0.061 0.047 0.040 0.045  A 33400
   2178.58445  9.414  9.360  9.401  9.393  9.409    0.029 0.058 0.046 0.036 0.030  A 33577
   2179.57578  9.420  9.414  9.427  9.438  9.439    0.041 0.053 0.048 0.040 0.045  A 33678
   2189.56213  9.433  9.424  9.453  9.442  9.439    0.032 0.055 0.048 0.035 0.032  A 34778
   2198.53616  9.373  9.365  9.360  9.365  9.368    0.029 0.048 0.040 0.030 0.030  A 36270
   2215.55252  9.456  9.463  9.447  9.454  9.469    0.033 0.048 0.043 0.033 0.034  A 38366
   2217.55722  9.456  9.464  9.460  9.469  9.464    0.029 0.045 0.039 0.030 0.029  A 38705
   2221.52138  9.536  9.507  9.489  9.518  9.528    0.033 0.049 0.044 0.034 0.030  A 38980
   2227.55677  9.621  9.583  9.575  9.592  9.616    0.034 0.048 0.042 0.033 0.032  A 39782
   2230.51962  9.553  9.545  9.554  9.554  9.572    0.035 0.047 0.042 0.033 0.033  A 40256
   2239.55353  9.470  9.466  9.481  9.460  9.471    0.039 0.060 0.051 0.039 0.038  A 41387
   2242.53713  9.395  9.412  9.443  9.418  9.396    0.040 0.053 0.047 0.037 0.039  A 41857
   2250.54778  9.208  9.227  9.213  9.233  9.222    0.043 0.057 0.055 0.043 0.039  A 42817
   2255.52678  9.250  9.223  9.239  9.250  9.249    0.043 0.054 0.045 0.037 0.040  A 43581
   2439.83705  9.301  9.309  9.325  9.312  9.303    0.019 0.025 0.028 0.018 0.020  A 7929
   2440.86005  9.291  9.289  9.275  9.292  9.296    0.024 0.032 0.035 0.024 0.025  A 8156
   2441.82944  9.289  9.287  9.298  9.291  9.289    0.025 0.028 0.029 0.024 0.026  A 8362
   2444.87023  9.283  9.266  9.283  9.281  9.283    0.018 0.023 0.023 0.016 0.019  A 8979
   2445.81202  9.303  9.306  9.279  9.301  9.308    0.021 0.026 0.026 0.019 0.023  A 9171
   2446.82824  9.301  9.284  9.306  9.296  9.308    0.024 0.031 0.036 0.025 0.025  A 9338
   2464.77596  9.390  9.345  9.411  9.377  9.380    0.041 0.045 0.043 0.035 0.030  A 10899
   2464.79349  9.370  9.376  9.350  9.359  9.369    0.030 0.030 0.034 0.027 0.025  A 10907
   2465.77528  9.361  9.356  9.351  9.362  9.367    0.032 0.031 0.033 0.027 0.025  A 11118
   2466.77355  9.346  9.330  9.348  9.342  9.344    0.023 0.027 0.032 0.022 0.020  A 11336
   2468.78606  9.293  9.306  9.276  9.286  9.303    0.025 0.033 0.037 0.025 0.024  A 11777
   2470.73484  9.235  9.289  9.262  9.247  9.256    0.033 0.035 0.034 0.027 0.028  A 12037
   2473.74732  9.221  9.242  9.219  9.226  9.227    0.041 0.043 0.042 0.035 0.035  A 12731
   2473.76103  9.243  9.255  9.240  9.250  9.243    0.037 0.034 0.037 0.031 0.030  A 12736
   2486.72560  9.370  9.376  9.373  9.385  9.389    0.042 0.041 0.039 0.035 0.039  A 13360
   2487.72931  9.411  9.371  9.406  9.402  9.414    0.052 0.064 0.055 0.047 0.054  A 13520
   2489.69947  9.427  9.414  9.408  9.425  9.435    0.024 0.028 0.033 0.024 0.024  A 13873
   2490.72459  9.430  9.393  9.392  9.411  9.421    0.041 0.043 0.039 0.033 0.036  A 14102
   2490.73329  9.411  9.429  9.406  9.407  9.402    0.039 0.039 0.037 0.032 0.035  A 14106
   2493.70866  9.387  9.397  9.404  9.370  9.398    0.046 0.048 0.044 0.040 0.042  A 14503
   2494.71093  9.469  9.428  9.464  9.466  9.449    0.052 0.051 0.047 0.044 0.046  A 14694
   2497.70493  9.428  9.412  9.417  9.422  9.418    0.038 0.038 0.037 0.031 0.029  A 15253
   2498.69726  9.351  9.360  9.338  9.351  9.358    0.030 0.030 0.034 0.027 0.025  A 15461
   2499.69871  9.353  9.352  9.330  9.353  9.359    0.028 0.029 0.030 0.024 0.027  A 15672
   2500.67190  9.345  9.334  9.328  9.339  9.350    0.026 0.036 0.036 0.025 0.023  A 15874
   2501.69684 99.999 99.999 99.999 99.999 99.999    0.033 0.035 0.035 0.029 0.025  C 16033
   2502.69696  9.284  9.277  9.271  9.276  9.283    0.045 0.042 0.041 0.037 0.038  A 16245
   2519.61942  9.253  9.237  9.246  9.251  9.258    0.032 0.035 0.036 0.029 0.026  A 17993
   2529.62767  9.381  9.385  9.386  9.387  9.375    0.047 0.065 0.053 0.042 0.042  A 19071
   2539.69223  9.370  9.455  9.384  9.405  9.382    0.051 0.052 0.047 0.042 0.046  A 19543
   2545.65974  9.519  9.515  9.530  9.527  9.520    0.019 0.027 0.025 0.019 0.021  A 20180
   2552.65439  9.455  9.483  9.469  9.456  9.460    0.044 0.061 0.054 0.043 0.041  A 21151
   2559.51169  9.235  9.243  9.206  9.221  9.237    0.072 0.056 0.058 0.060 0.086  D 22173
   2568.58357  9.283  9.271  9.284  9.265  9.271    0.045 0.045 0.047 0.042 0.042  A 23578
   2601.55063  9.319  9.348  9.326  9.321  9.319    0.024 0.037 0.030 0.023 0.026  A 27396
   2621.53227  9.434  9.459  9.430  9.439  9.433    0.029 0.030 0.039 0.029 0.031  A 29756
   2625.53376  9.388  9.383  9.440  9.389  9.391    0.026 0.036 0.035 0.023 0.029  A 30371
   2629.52975  9.327  9.329  9.360  9.332  9.317    0.029 0.034 0.039 0.025 0.031  A 30829
   2637.52699  9.348  9.353  9.360  9.352  9.354    0.037 0.031 0.032 0.032 0.042  A 32473
   2740.91612  9.325  9.355  9.330  9.329  9.329    0.034 0.031 0.035 0.030 0.039  A 50066
   2744.91052  9.287  9.266  9.289  9.292  9.284    0.028 0.032 0.028 0.024 0.032  A 50839
   2757.88902  9.289  9.256  9.285  9.277  9.286    0.026 0.026 0.028 0.026 0.028  A 52984
   2760.90386  9.294  9.296  9.295  9.292  9.297    0.024 0.024 0.023 0.022 0.027  A 53540
   2763.88558  9.309  9.340  9.304  9.311  9.314    0.023 0.027 0.024 0.022 0.024  A 54133
   2770.90204  9.304  9.276  9.295  9.299  9.293    0.057 0.049 0.042 0.046 0.070  B 54970
   2776.86833  9.319  9.332  9.307  9.311  9.326    0.030 0.029 0.029 0.026 0.034  A 55405
   2787.88736  9.414  9.402  9.407  9.409  9.422    0.020 0.026 0.021 0.019 0.023  A 56902
   2802.91146  9.550  9.560  9.551  9.546  9.546    0.043 0.040 0.034 0.036 0.053  A 58830
   2811.88871  9.464  9.478  9.463  9.468  9.469    0.022 0.031 0.023 0.020 0.024  A 60061
   2813.81691  9.426  9.416  9.427  9.422  9.430    0.025 0.029 0.027 0.023 0.027  A 60488
   2818.90294  9.410  9.390  9.395  9.404  9.419    0.026 0.029 0.027 0.022 0.027  A 61182
   2821.80563  9.411  9.417  9.387  9.408  9.416    0.022 0.028 0.024 0.020 0.025  A 61804
   2829.81318  9.511  9.512  9.476  9.506  9.520    0.025 0.027 0.027 0.022 0.025  A 62360
   2831.77495  9.522  9.539  9.514  9.524  9.524    0.029 0.028 0.029 0.026 0.032  A 62787
   2833.80433  9.563  9.515  9.574  9.555  9.555    0.028 0.026 0.026 0.023 0.030  A 63194
   2840.86893  9.480  9.441  9.477  9.475  9.486    0.028 0.029 0.027 0.023 0.031  A 64428
   2845.86308  9.421  9.425  9.410  9.420  9.423    0.021 0.030 0.029 0.020 0.021  A 65314
   2851.78335  9.428  9.433  9.416  9.423  9.434    0.020 0.022 0.025 0.018 0.022  A 65501
   2854.66988  9.443  9.434  9.430  9.440  9.451    0.017 0.019 0.023 0.016 0.018  A 65895
   2859.69122  9.472  9.482  9.466  9.471  9.468    0.021 0.024 0.021 0.019 0.025  A 66562
   2860.80313  9.483  9.503  9.485  9.485  9.489    0.023 0.026 0.025 0.019 0.025  A 66820
   2862.67503  9.490  9.487  9.486  9.485  9.492    0.027 0.030 0.026 0.023 0.032  A 67187
   2866.74288  9.435  9.446  9.449  9.442  9.443    0.028 0.033 0.027 0.025 0.031  A 67601
   2871.85546  9.299  9.295  9.286  9.296  9.302    0.022 0.028 0.025 0.019 0.022  A 68041
   2874.69408  9.251  9.262  9.263  9.255  9.259    0.042 0.036 0.037 0.035 0.051  A 68386
   2876.70035  9.255  9.261  9.248  9.257  9.265    0.020 0.026 0.026 0.019 0.020  A 68786
   2878.70108  9.280  9.305  9.280  9.283  9.281    0.028 0.036 0.029 0.026 0.031  A 69181
   2884.67338  9.353  9.379  9.338  9.349  9.357    0.025 0.028 0.029 0.023 0.024  A 69833
   2886.65570  9.401  9.396  9.390  9.398  9.404    0.022 0.045 0.026 0.022 0.023  A 70243
   2888.68184  9.434  9.467  9.432  9.432  9.437    0.021 0.036 0.020 0.019 0.023  A 70461
   2893.66897  9.483  9.514  9.485  9.485  9.483    0.031 0.035 0.026 0.026 0.035  A 70891
   2894.68896  9.488  9.509  9.484  9.493  9.490    0.029 0.032 0.030 0.026 0.033  A 71098
   2896.66182  9.444  9.465  9.432  9.437  9.454    0.022 0.030 0.026 0.020 0.025  A 71480
   2898.64250  9.418  9.426  9.420  9.418  9.419    0.024 0.023 0.028 0.022 0.024  A 71870
   2900.64400  9.371  9.368  9.381  9.372  9.370    0.020 0.022 0.025 0.019 0.022  A 72228
   2903.73997  9.275  9.287  9.279  9.280  9.280    0.044 0.039 0.038 0.038 0.050  A 72707
   2905.69582  9.262  9.215  9.267  9.265  9.268    0.020 0.030 0.021 0.018 0.021  A 73004
   2908.61210  9.234  9.289  9.235  9.232  9.236    0.018 0.040 0.021 0.018 0.020  A 73416
   2910.67139  9.251  9.259  9.246  9.249  9.253    0.020 0.037 0.021 0.019 0.023  A 73736
   2912.58878  9.301  9.295  9.315  9.302  9.303    0.021 0.026 0.026 0.020 0.023  A 74080
   2913.70205  9.332  9.304  9.358  9.332  9.323    0.025 0.041 0.039 0.022 0.025  A 74292
   2921.58734  9.428  9.450  9.434  9.441  9.443    0.040 0.035 0.036 0.034 0.045  A 75063
   2922.71151  9.449  9.428  9.457  9.444  9.444    0.041 0.039 0.039 0.038 0.046  A 75300
   2926.53897  9.411  9.381  9.431  9.423  9.417    0.021 0.041 0.023 0.019 0.023  A 75774
   2928.56616  9.433  9.407  9.439  9.429  9.425    0.032 0.027 0.028 0.026 0.034  A 76159
   2930.56310  9.385  9.404  9.395  9.395  9.387    0.020 0.026 0.024 0.018 0.021  A 76509
   2932.56139  9.367  9.377  9.361  9.367  9.369    0.021 0.023 0.025 0.019 0.025  A 76865
   2934.55859  9.378  9.337  9.372  9.364  9.373    0.025 0.024 0.029 0.022 0.027  A 77214
   2936.55809  9.309  9.313  9.300  9.313  9.308    0.070 0.055 0.056 0.059 0.080  B 77567
   2939.56978  9.275  9.284  9.283  9.269  9.278    0.020 0.043 0.024 0.019 0.022  A 77786
   2948.55732  9.291  9.304  9.285  9.289  9.276    0.092 0.070 0.073 0.078 0.109  D 79106
   2950.60528  9.295  9.328  9.298  9.302  9.288    0.036 0.032 0.030 0.030 0.042  A 79433
   2952.62323  9.332  9.342  9.317  9.331  9.341    0.033 0.028 0.027 0.029 0.038  A 79680
   2954.62781  9.369  9.375  9.376  9.363  9.367    0.028 0.026 0.026 0.024 0.032  A 79937
   2956.62640  9.395  9.412  9.400  9.399  9.395    0.025 0.030 0.025 0.022 0.028  A 80231
   2958.61957  9.427  9.416  9.425  9.420  9.429    0.025 0.030 0.025 0.022 0.027  A 80516
   2960.62053  9.357  9.342  9.364  9.359  9.366    0.110 0.084 0.090 0.095 0.128  D 80771
   2962.62724  9.362  9.383  9.369  9.369  9.367    0.030 0.032 0.029 0.027 0.034  A 81058
   2965.53442  9.328  9.302  9.337  9.328  9.325    0.025 0.027 0.025 0.023 0.029  A 81450
   2969.55926  9.272  9.274  9.278  9.278  9.273    0.024 0.035 0.025 0.022 0.027  A 82020
   2975.52846  9.331  9.336  9.336  9.334  9.336    0.027 0.028 0.027 0.024 0.030  A 82672
   2977.57147  9.359  9.336  9.348  9.354  9.364    0.057 0.050 0.046 0.053 0.059  B 82960
   2980.56323  9.392  9.398  9.391  9.395  9.396    0.030 0.030 0.029 0.027 0.035  A 83350
   2985.54190  9.428  9.440  9.420  9.427  9.432    0.025 0.028 0.025 0.022 0.029  A 84005
   2987.56128  9.401  9.402  9.392  9.397  9.403    0.026 0.028 0.025 0.023 0.029  A 84278
   2991.53106  9.282  9.276  9.297  9.286  9.286    0.028 0.028 0.026 0.024 0.032  A 84738
   3116.92295  9.422  9.431  9.427  9.429  9.425    0.057 0.052 0.051 0.051 0.064  B 99916
   3125.88982  9.361  9.351  9.362  9.354  9.365    0.068 0.059 0.061 0.062 0.076  B 100806
   3133.89057  9.380  9.406  9.375  9.390  9.387    0.057 0.058 0.056 0.055 0.062  B 102067
   3146.89868  9.448  9.439  9.441  9.447  9.454    0.036 0.037 0.033 0.033 0.042  A 103612
   3154.86512  9.463  9.448  9.452  9.463  9.463    0.035 0.035 0.033 0.031 0.038  A 104019
   3158.87139  9.469  9.488  9.471  9.470  9.469    0.043 0.038 0.039 0.038 0.049  A 104483
   3166.91722  9.529  9.542  9.550  9.533  9.526    0.042 0.034 0.035 0.035 0.049  A 105506
   3169.87862  9.509  9.537  9.496  9.506  9.513    0.026 0.041 0.026 0.023 0.029  A 106013
   3180.84471  9.309  9.294  9.316  9.303  9.312    0.027 0.024 0.023 0.023 0.032  A 107413
   3183.82366  9.337  9.354  9.346  9.337  9.332    0.041 0.047 0.037 0.036 0.047  A 107717
   3186.81538  9.363  9.346  9.382  9.370  9.364    0.045 0.049 0.045 0.040 0.052  A 108153
   3189.82377  9.371  9.363  9.412  9.385  9.369    0.034 0.031 0.043 0.031 0.040  A 108493
   3193.86540  9.378  9.376  9.356  9.372  9.380    0.033 0.048 0.036 0.030 0.038  A 108967
   3266.64567  9.251  9.252  9.250  9.246  9.253    0.025 0.027 0.028 0.022 0.029  A 115187
   3268.63533  9.274  9.256  9.278  9.281  9.280    0.032 0.036 0.035 0.027 0.038  A 115491
   3270.61659  9.330  9.326  9.342  9.335  9.332    0.031 0.032 0.033 0.027 0.038  A 115787
   3278.66686  9.470  9.470  9.453  9.468  9.470    0.030 0.039 0.032 0.027 0.036  A 116850
   3280.68182  9.460  9.456  9.480  9.465  9.463    0.034 0.046 0.032 0.028 0.039  A 117113
   3290.58399  9.361  9.340  9.356  9.357  9.365    0.025 0.039 0.032 0.023 0.028  A 118120
   3294.58406  9.329  9.296  9.316  9.324  9.328    0.059 0.052 0.050 0.053 0.061  B 118362
   3296.61690  9.252  9.252  9.248  9.249  9.251    0.027 0.036 0.031 0.024 0.029  A 118657
   3358.53728  9.356  9.344  9.358  9.355  9.359    0.036 0.057 0.038 0.035 0.039  A 124670
   3363.53035  9.307  9.259  9.292  9.302  9.307    0.046 0.078 0.048 0.042 0.053  A 124917
   3482.91108  9.274  9.281  9.286  9.283  9.278    0.038 0.047 0.036 0.036 0.042  A 140418
   3502.89345  9.140  9.124  9.142  9.140  9.139    0.037 0.048 0.035 0.035 0.041  A 142712
   3510.88893  9.123  9.136  9.116  9.121  9.127    0.026 0.033 0.031 0.025 0.028  A 143568
   3517.92757  9.309  9.297  9.306  9.304  9.307    0.040 0.046 0.034 0.034 0.047  A 144438
   3522.85302  9.456  9.391  9.425  9.446  9.462    0.033 0.052 0.030 0.029 0.038  A 145087
   3525.88442  9.489  9.438  9.490  9.495  9.491    0.039 0.051 0.034 0.035 0.044  A 145577
   3528.87491  9.481  9.499  9.471  9.481  9.480    0.042 0.048 0.038 0.038 0.048  A 146085
   3538.90058  9.220  9.215  9.234  9.228  9.220    0.038 0.038 0.033 0.033 0.045  A 146933
   3541.84741  9.191  9.225  9.188  9.178  9.195    0.036 0.058 0.034 0.031 0.043  A 147312
   3544.80374  9.191  9.174  9.188  9.191  9.188    0.032 0.044 0.030 0.028 0.037  A 147755
   3550.85081  9.232  9.252  9.237  9.237  9.245    0.038 0.067 0.038 0.034 0.042  A 148283
   3553.81876  9.291  9.272  9.298  9.290  9.287    0.083 0.073 0.069 0.073 0.091  D 148640
   3556.80019  9.295  9.287  9.284  9.298  9.294    0.028 0.040 0.026 0.026 0.033  A 149120
   3559.85306  9.316  9.225  9.295  9.297  9.324    0.072 0.069 0.055 0.059 0.083  D 149479
   3562.78260  9.742  9.812  9.779  9.752  9.736    0.027 0.037 0.026 0.026 0.030  A 149954
   3564.86531  9.339  9.300  9.348  9.342  9.340    0.028 0.037 0.032 0.026 0.031  A 150322
   3568.89375  9.348  9.343  9.330  9.343  9.357    0.025 0.032 0.029 0.024 0.028  A 150465
   3570.76789  9.367  9.361  9.373  9.369  9.366    0.027 0.031 0.027 0.025 0.030  A 150802
   3576.79733  9.369  9.369  9.360  9.369  9.376    0.029 0.061 0.033 0.027 0.033  A 151700
   3579.84311  9.400  9.348  9.412  9.406  9.408    0.029 0.065 0.032 0.027 0.031  A 152226
   3583.78138  9.426  9.431  9.432  9.424  9.431    0.027 0.041 0.028 0.025 0.029  A 152885
   3585.85838  9.431  9.465  9.448  9.442  9.427    0.045 0.094 0.050 0.043 0.049  D 153254
   3588.70932  9.372  9.360  9.370  9.369  9.370    0.079 0.067 0.066 0.069 0.090  D 153686
   3590.83623  9.403  9.360  9.404  9.407  9.402    0.037 0.086 0.045 0.037 0.039  A 154078
   3595.70854  9.365  9.393  9.376  9.369  9.352    0.062 0.047 0.046 0.050 0.072  B 154850
   3597.73244  9.343  9.363  9.347  9.341  9.347    0.048 0.058 0.042 0.041 0.058  B 155160
   3603.78821  9.297  9.304  9.293  9.298  9.301    0.036 0.035 0.033 0.031 0.042  A 155933
   3616.68761  9.427  9.415  9.410  9.412  9.430    0.032 0.038 0.038 0.032 0.035  A 157073
   3619.62674  9.430  9.384  9.424  9.423  9.431    0.027 0.035 0.025 0.024 0.031  A 157431
   3621.68623  9.372  9.370  9.368  9.368  9.368    0.034 0.062 0.035 0.031 0.038  A 157755
   3624.68578  9.338  9.330  9.318  9.328  9.341    0.026 0.033 0.034 0.025 0.027  A 158061
   3626.68456  9.279  9.282  9.263  9.277  9.277    0.030 0.033 0.031 0.026 0.034  A 158335
   3631.64758  9.254  9.228  9.241  9.248  9.272    0.043 0.052 0.037 0.037 0.049  A 158959
   3633.66307  9.280  9.299  9.283  9.287  9.289    0.037 0.043 0.034 0.031 0.042  A 159227
   3635.72900  9.320  9.305  9.327  9.322  9.321    0.057 0.049 0.047 0.049 0.068  B 159567
   3638.74272  9.297  9.277  9.283  9.285  9.298    0.026 0.035 0.033 0.026 0.028  A 159813
   3641.68442  9.357  9.356  9.363  9.360  9.362    0.027 0.050 0.033 0.025 0.029  A 160193
   3647.60063  9.439  9.448  9.427  9.433  9.446    0.023 0.027 0.029 0.022 0.025  A 160891
   3653.60175  9.486  9.454  9.485  9.487  9.487    0.049 0.078 0.045 0.044 0.054  A 161745
   3658.64466 10.034  9.968 10.031 10.024 10.035    0.040 0.070 0.039 0.035 0.045  A 162476
   3660.67007  9.523  9.505  9.496  9.520  9.521    0.043 0.063 0.038 0.037 0.050  A 162793
   3662.68791  9.451  9.449  9.464  9.466  9.482    0.061 0.090 0.052 0.051 0.071  B 163082
   3665.54287  9.406  9.386  9.393  9.401  9.409    0.035 0.047 0.033 0.032 0.041  A 163473
   3668.67152  9.356  9.321  9.353  9.353  9.364    0.026 0.040 0.030 0.025 0.029  A 163841
   3671.55911  9.332  9.333  9.320  9.330  9.336    0.024 0.027 0.025 0.022 0.026  A 164235
   3673.62440  9.348  9.367  9.328  9.341  9.353    0.026 0.040 0.030 0.025 0.029  A 164540
   3676.55446  9.346  9.340  9.349  9.352  9.353    0.036 0.084 0.042 0.035 0.038  A 164946
   3678.63404  9.386  9.398  9.376  9.380  9.394    0.034 0.063 0.039 0.032 0.036  A 165231
   3700.56056  9.300  9.260  9.270  9.292  9.299    0.041 0.085 0.044 0.038 0.045  A 168015
   3703.55099  9.376  9.337  9.348  9.369  9.378    0.029 0.045 0.028 0.026 0.033  A 168398
   3706.54538  9.411  9.447  9.403  9.408  9.415    0.045 0.081 0.046 0.043 0.051  A 168810
   3713.53135  9.423  9.450  9.432  9.426  9.427    0.033 0.049 0.031 0.031 0.037  A 169503
   3716.55142  9.412  9.383  9.414  9.415  9.411    0.036 0.034 0.029 0.030 0.040  A 169917
   3719.55499  9.362  9.393  9.365  9.362  9.370    0.055 0.049 0.038 0.044 0.066  B 170288
   3722.53929  9.294  9.286  9.289  9.287  9.300    0.040 0.040 0.034 0.036 0.045  A 170662
   3725.54728  9.326  9.342  9.324  9.317  9.325    0.045 0.046 0.040 0.041 0.050  A 170971
   3851.90456  9.246  9.297  9.253  9.246  9.249    0.053 0.056 0.042 0.044 0.063  B 187529
   3856.92157  9.125  9.075  9.125  9.127  9.128    0.051 0.050 0.041 0.043 0.061  B 188331
   3860.90815  9.214  9.225  9.221  9.214  9.213    0.035 0.059 0.038 0.032 0.039  A 188922
   3864.90343  9.342  9.323  9.314  9.338  9.342    0.034 0.038 0.031 0.030 0.038  A 189628
   3868.88315  9.421  9.415  9.423  9.418  9.426    0.041 0.039 0.034 0.035 0.049  A 190279
   3871.89239  9.482  9.480  9.488  9.480  9.487    0.035 0.041 0.034 0.032 0.040  A 190828
   3879.91985  9.452  9.451  9.452  9.450  9.456    0.033 0.039 0.031 0.030 0.038  A 191736
   3883.90992  9.413  9.376  9.407  9.410  9.416    0.028 0.044 0.028 0.026 0.031  A 192354
   3887.90043  9.383  9.414  9.367  9.379  9.388    0.030 0.040 0.034 0.029 0.033  A 192749
   3893.88027  9.390  9.393  9.398  9.396  9.395    0.026 0.033 0.030 0.025 0.027  A 193791
   3897.88746  9.409  9.321  9.363  9.396  9.412    0.065 0.076 0.055 0.057 0.073  B 194263
   3900.86859  9.410  9.446  9.413  9.411  9.406    0.040 0.044 0.034 0.034 0.047  A 194730
   3904.89617  9.440  9.405  9.436  9.445  9.444    0.039 0.038 0.032 0.033 0.046  A 195501
   3907.84458  9.397  9.432  9.392  9.398  9.398    0.035 0.077 0.043 0.035 0.038  A 196057
   3912.85628  9.304  9.323  9.310  9.304  9.308    0.031 0.054 0.033 0.028 0.033  A 196819
   4089.53887  9.353  9.429  9.344  9.352  9.353    0.040 0.088 0.046 0.038 0.043  A 209097
   4228.90191  9.391  9.359  9.404  9.384  9.385    0.031 0.040 0.035 0.029 0.035  A 223437
   4233.89855  9.341  9.333  9.340  9.342  9.335    0.075 0.069 0.066 0.068 0.086  D 224308
   4247.87779  9.447  9.449  9.447  9.449  9.444    0.032 0.037 0.035 0.030 0.036  A 226488
   4253.90321  9.524  9.522  9.494  9.523  9.526    0.035 0.044 0.042 0.035 0.039  A 226939
   4256.84579  9.733  9.813  9.820  9.757  9.725    0.031 0.037 0.035 0.029 0.034  A 227324
   4268.83510  9.326  9.291  9.305  9.306  9.317    0.066 0.067 0.065 0.063 0.072  D 228051
   4278.77284  9.606  9.570  9.614  9.601  9.603    0.071 0.065 0.069 0.069 0.075  D 229197
   4289.84418  9.514  9.514  9.512  9.516  9.518    0.038 0.041 0.040 0.035 0.042  A 230409
   4291.84430  9.489  9.486  9.484  9.491  9.489    0.029 0.039 0.038 0.030 0.030  A 230758
   4293.84816  9.428  9.413  9.407  9.417  9.430    0.031 0.044 0.039 0.031 0.032  A 231127
   4296.77774  9.362  9.326  9.371  9.374  9.364    0.092 0.084 0.080 0.084 0.097  D 231617
   4298.81426  9.315  9.324  9.337  9.315  9.316    0.042 0.053 0.043 0.039 0.048  A 231988
   4300.81996  9.337  9.310  9.332  9.339  9.342    0.066 0.078 0.062 0.061 0.069  B 232344
   4302.82330  9.323  9.294  9.320  9.323  9.327    0.044 0.056 0.044 0.039 0.050  A 232659
   4304.75529  9.341  9.332  9.353  9.336  9.340    0.034 0.043 0.040 0.033 0.036  A 232997
   4306.75908  9.381  9.383  9.356  9.373  9.384    0.055 0.065 0.061 0.055 0.058  B 233361
   4308.75961  9.403  9.394  9.373  9.399  9.402    0.050 0.045 0.042 0.043 0.059  B 233690
   4310.78007  9.415  9.391  9.395  9.413  9.406    0.038 0.047 0.038 0.034 0.043  A 233944
   4314.77904  9.366  9.369  9.362  9.371  9.376    0.034 0.042 0.042 0.034 0.038  A 234425
   4317.72650  9.296  9.293  9.303  9.291  9.307    0.085 0.072 0.075 0.077 0.093  D 234862
   4329.73408  9.332  9.311  9.336  9.334  9.339    0.035 0.042 0.041 0.035 0.038  A 235170
   4331.71872  9.406  9.412  9.411  9.407  9.413    0.028 0.049 0.035 0.027 0.031  A 235524
   4333.68693  9.447  9.450  9.417  9.438  9.447    0.028 0.034 0.030 0.026 0.031  A 235872
   4336.69022  9.542  9.470  9.464  9.516  9.538    0.124 0.065 0.075 0.096 0.143  D 236219
   4342.69784  9.446  9.438  9.444  9.442  9.457    0.072 0.057 0.065 0.066 0.079  D 237119
   4344.70306  9.462  9.501  9.491  9.487  9.457    0.086 0.079 0.068 0.077 0.094  D 237462
   4346.69853  9.534  9.497  9.516  9.528  9.529    0.046 0.053 0.041 0.042 0.052  A 237801
   4348.70528  9.487  9.478  9.486  9.483  9.498    0.050 0.073 0.048 0.045 0.053  A 238156
   4350.71710  9.464  9.469  9.479  9.467  9.466    0.043 0.077 0.046 0.040 0.046  A 238475
   4353.62091  9.435  9.439  9.432  9.435  9.440    0.025 0.029 0.029 0.024 0.028  A 238850
   4355.69371  9.419  9.391  9.411  9.416  9.420    0.028 0.032 0.032 0.027 0.030  A 239192
   4357.78618  9.400  9.420  9.398  9.396  9.405    0.035 0.039 0.037 0.032 0.039  A 239513
   4362.58848  9.414  9.400  9.431  9.416  9.417    0.029 0.035 0.033 0.027 0.033  A 240155
   4364.62678  9.435  9.424  9.450  9.429  9.435    0.028 0.031 0.033 0.027 0.031  A 240499
   4369.62675  9.467  9.452  9.466  9.461  9.462    0.043 0.040 0.042 0.039 0.050  A 241139
   4371.64806  9.464  9.472  9.459  9.467  9.461    0.038 0.058 0.038 0.033 0.043  A 241474
   4373.66087  9.481  9.475  9.488  9.487  9.476    0.038 0.072 0.043 0.036 0.041  A 241773
   4376.65317  9.474  9.471  9.478  9.472  9.481    0.030 0.040 0.033 0.029 0.032  A 242127
   4378.67293  9.459  9.471  9.450  9.456  9.461    0.038 0.046 0.037 0.033 0.044  A 242432
   4380.70845  9.424  9.407  9.424  9.421  9.429    0.041 0.060 0.042 0.038 0.044  A 242743
   4382.73695  9.436  9.448  9.410  9.434  9.435    0.034 0.051 0.038 0.032 0.038  A 243057
   4385.58624  9.408  9.400  9.401  9.409  9.414    0.026 0.036 0.031 0.025 0.028  A 243472
   4387.59333  9.368  9.381  9.364  9.366  9.374    0.027 0.045 0.035 0.026 0.028  A 243792
   4389.57854  9.312  9.335  9.326  9.314  9.317    0.041 0.044 0.041 0.038 0.047  A 244086
   4399.60872  9.410  9.427  9.409  9.407  9.407    0.044 0.047 0.038 0.039 0.052  A 244822
   4408.57044  9.540  9.552  9.541  9.538  9.544    0.040 0.068 0.044 0.038 0.044  A 245707
   4411.59285  9.504  9.503  9.515  9.504  9.508    0.039 0.073 0.048 0.038 0.041  A 246081
   4419.63677  9.441  9.457  9.412  9.431  9.439    0.049 0.069 0.049 0.044 0.058  B 246401
   4425.62281  9.426  9.389  9.439  9.448  9.437    0.068 0.074 0.056 0.058 0.083  D 246861
   4428.54255  9.430  9.462  9.437  9.434  9.421    0.051 0.075 0.049 0.045 0.057  B 247144
   4430.60234  9.435  9.424  9.439  9.440  9.429    0.046 0.061 0.043 0.039 0.054  A 247400
   4433.56969  9.371  9.355  9.373  9.375  9.376    0.034 0.062 0.038 0.032 0.037  A 247771
   4436.56465  9.376  9.373  9.387  9.381  9.376    0.035 0.062 0.042 0.035 0.036  A 248132
   4439.55639  9.394  9.377  9.399  9.392  9.390    0.032 0.052 0.037 0.031 0.035  A 248500
   4443.54720  9.364  9.348  9.372  9.362  9.375    0.036 0.058 0.040 0.035 0.038  A 248952
   4456.53416  9.343  9.355  9.350  9.339  9.343    0.090 0.083 0.065 0.074 0.107  D 250418
   4574.91646  9.258  9.249  9.250  9.253  9.263    0.034 0.049 0.038 0.032 0.037  A 265932
#ndata= 5
#dataset= 4 ; 1 F2256-08_331
#desig= 222216-0727.9
#cra=   22.371052  22:22:15.8
#cdec=  -7.465552 -7:27:56.0
#class= 0
#cmag_0=  9.270
#cmer_0=  0.042
#nskip_0= 0
#cmag_1=  9.265
#cmer_1=  0.047
#nskip_1= 0
#cmag_2=  9.273
#cmer_2=  0.050
#nskip_2= 0
#cmag_3=  9.281
#cmer_3=  0.048
#nskip_3= 0
#cmag_4=  9.299
#cmer_4=  0.042
#nskip_4= 0
#ra=   22.371052  22:22:15.8
#dec=  -7.465552 -7:27:56.0
#     HJD      MAG_3  MAG_0  MAG_1  MAG_2  MAG_4    MER_3 MER_0 MER_1 MER_2 MER_4 GRADE FRAME
   2464.79349  9.306  9.293  9.295  9.308  9.320    0.032 0.037 0.036 0.029 0.030  A 10907
   2468.78606  9.227  9.222  9.208  9.213  9.250    0.028 0.039 0.039 0.028 0.029  A 11777
   2473.76103  9.175  9.176  9.159  9.171  9.189    0.039 0.041 0.039 0.033 0.033  A 12736
   2490.73329  9.342  9.323  9.318  9.326  9.353    0.041 0.045 0.039 0.033 0.037  A 14106
   2894.68896  9.412  9.412  9.414  9.414  9.435    0.031 0.036 0.032 0.028 0.034  A 71098
