#ndata= 22
#dataset= 1 ; 1 F2200-40_155
#desig= 222333-3717.0
#cra=   22.392373  22:23:32.5
#cdec= -37.283987 -37:17:02.4
#class= 0
#cmag_0= 13.761
#cmer_0=  0.339
#nskip_0= 0
#cmag_1= 13.736
#cmer_1=  0.326
#nskip_1= 0
#cmag_2= 13.677
#cmer_2=  0.301
#nskip_2= 0
#cmag_3= 13.652
#cmer_3=  0.320
#nskip_3= 0
#cmag_4= 13.668
#cmer_4=  0.355
#nskip_4= 0
#ra=   22.392373  22:23:32.5
#dec= -37.283987 -37:17:02.4
#     HJD      MAG_0  MAG_1  MAG_2  MAG_3  MAG_4    MER_0 MER_1 MER_2 MER_3 MER_4 GRADE FRAME
   2468.76392 13.843 13.877 13.896 13.904 13.938    0.031 0.035 0.026 0.026 0.026  A 11767
   2487.72448 29.999 29.999 29.999 29.999 29.999    0.054 0.048 0.041 0.044 0.044  C 13518
   2500.66688 29.999 29.999 29.999 29.999 29.999    0.032 0.037 0.026 0.028 0.027  C 15872
   2871.83364 13.797 13.707 13.609 13.610 13.622    0.031 0.040 0.028 0.029 0.024  A 68032
   2896.82222 29.999 29.999 29.999 29.999 29.999    0.029 0.026 0.026 0.029 0.034  C 71549
   2902.80460 13.911 13.891 13.800 13.754 13.774    0.032 0.027 0.025 0.027 0.029  A 72582
   2907.76761 13.684 13.676 13.643 13.585 13.553    0.022 0.021 0.020 0.022 0.024  A 73288
   2954.57360 29.999 29.999 29.999 29.999 29.999    0.026 0.024 0.023 0.028 0.033  C 79917
   2962.59369 13.573 13.505 13.413 13.292 13.216    0.030 0.029 0.030 0.036 0.042  A 81045
   2968.62207 13.876 13.906 13.738 13.550 13.442    0.024 0.024 0.021 0.025 0.029  A 81900
   2973.52409 29.999 29.999 29.999 29.999 29.999    0.025 0.025 0.024 0.027 0.032  C 82424
   2975.56435 29.999 29.999 29.999 29.999 29.999    0.025 0.026 0.025 0.029 0.032  C 82687
   2977.59257 14.012 14.177 14.290 14.554 14.816    0.026 0.026 0.025 0.028 0.033  A 82969
   2980.56931 29.999 29.999 29.999 29.999 29.999    0.037 0.037 0.040 0.045 0.050  C 83353
   2982.57963 29.999 29.999 29.999 29.999 29.999    0.034 0.038 0.041 0.049 0.057  C 83630
   2984.58520 13.705 13.720 13.711 13.809 13.878    0.025 0.026 0.026 0.030 0.034  A 83888
   2987.53899 13.551 13.556 13.512 13.444 13.489    0.029 0.025 0.024 0.027 0.030  A 84270
   2990.55181 29.999 29.999 29.999 29.999 29.999    0.030 0.028 0.027 0.031 0.035  C 84614
   2993.54309 13.720 13.658 13.719 13.859 14.042    0.027 0.026 0.025 0.029 0.033  A 85020
   2996.54389 29.999 29.999 29.999 29.999 29.999    0.026 0.025 0.024 0.028 0.032  C 85409
   3001.52764 29.999 29.999 29.999 29.999 29.999    0.084 0.084 0.091 0.103 0.109  D 85948
   3211.93199 13.467 13.467 13.463 13.396 13.389    0.027 0.028 0.022 0.023 0.023  A 109543
#ndata= 354
#dataset= 2 ; 1 F2240-40_156
#desig= 222333-3717.0
#cra=   22.392534  22:23:33.1
#cdec= -37.283159 -37:16:59.4
#class= 0
#cmag_0= 13.750
#cmer_0=  0.189
#nskip_0= 0
#cmag_1= 13.697
#cmer_1=  0.194
#nskip_1= 1
#cmag_2= 13.655
#cmer_2=  0.207
#nskip_2= 2
#cmag_3= 13.636
#cmer_3=  0.247
#nskip_3= 3
#cmag_4= 13.659
#cmer_4=  0.311
#nskip_4= 3
#ra=   22.392534  22:23:33.1
#dec= -37.283159 -37:16:59.4
#     HJD      MAG_0  MAG_1  MAG_2  MAG_3  MAG_4    MER_0 MER_1 MER_2 MER_3 MER_4 GRADE FRAME
   1870.51768 13.711 13.596 13.516 13.421 13.287    0.044 0.023 0.022 0.025 0.028  A 352
   1873.53085 13.665 13.641 13.575 13.559 13.476    0.073 0.031 0.025 0.026 0.028  A 797
   1875.58181 13.924 13.808 13.615 13.590 13.695    0.062 0.025 0.021 0.024 0.026  A 1142
   1878.51958 13.506 13.465 13.481 13.556 13.678    0.061 0.028 0.024 0.028 0.031  A 1593
   1885.55879 29.999 29.999 29.999 29.999 29.999    0.040 0.025 0.021 0.024 0.028  C 2391
   1904.54549 13.715 13.670 13.635 13.674 13.719    0.050 0.024 0.021 0.025 0.028  A 3790
   2030.90803 29.999 29.999 29.999 29.999 29.999    0.039 0.024 0.022 0.024 0.027  C 17921
   2039.87795 13.585 13.595 13.501 13.416 13.389    0.080 0.036 0.032 0.035 0.038  A 19340
   2052.86718 14.310 14.269 14.061 13.821 13.719    0.062 0.030 0.027 0.030 0.032  A 19917
   2053.93042 13.899 13.774 13.821 13.945 14.051    0.056 0.024 0.021 0.025 0.028  A 20150
   2056.92706 13.888 13.763 13.720 13.620 13.711    0.065 0.030 0.026 0.028 0.031  A 20822
   2057.89209 13.800 13.739 13.685 13.724 13.944    0.054 0.025 0.021 0.024 0.026  A 21035
   2067.77141 13.674 13.660 13.700 13.779 13.691    0.069 0.032 0.028 0.033 0.036  A 21907
   2069.77650 13.709 13.771 13.806 13.909 14.069    0.052 0.029 0.025 0.028 0.031  A 22358
   2070.77044 14.216 14.179 14.188 14.206 14.376    0.061 0.029 0.026 0.028 0.032  A 22575
   2080.77528 13.997 13.795 13.698 13.603 13.559    0.061 0.028 0.024 0.026 0.028  A 22958
   2081.87109 13.777 13.725 13.664 13.565 13.491    0.049 0.030 0.024 0.026 0.028  A 23224
   2083.78305 29.999 29.999 29.999 29.999 29.999    0.066 0.037 0.037 0.043 0.051  C 23655
   2086.73696 13.715 13.629 13.518 13.427 13.376    0.054 0.025 0.022 0.025 0.028  A 24083
   2087.84204 13.638 13.583 13.509 13.504 13.768    0.049 0.030 0.028 0.029 0.032  A 24351
   2088.79561 13.707 13.557 13.379 13.244 13.276    0.063 0.028 0.023 0.025 0.027  A 24559
   2093.72923 13.634 13.574 13.436 13.332 13.273    0.070 0.032 0.028 0.031 0.034  A 24751
   2094.74145 13.877 13.706 13.557 13.470 13.323    0.064 0.028 0.025 0.028 0.031  A 25045
   2095.72659 29.999 29.999 29.999 29.999 29.999    0.061 0.044 0.047 0.059 0.067  C 25263
   2096.71372 13.523 13.424 13.345 13.352 13.350    0.064 0.031 0.027 0.031 0.035  A 25483
   2103.82901 13.862 13.793 13.760 13.819 13.823    0.036 0.023 0.021 0.024 0.027  A 25892
   2104.77876 13.681 13.597 13.548 13.506 13.442    0.054 0.029 0.024 0.026 0.029  A 26070
   2105.76476 13.662 13.580 13.500 13.447 13.504    0.058 0.028 0.025 0.026 0.029  A 26284
   2113.80112 13.722 13.625 13.540 13.476 13.536    0.042 0.027 0.022 0.023 0.026  A 26620
   2116.73495 14.132 14.026 13.850 13.705 13.579    0.054 0.032 0.028 0.030 0.031  A 27128
   2117.72705 13.669 13.612 13.522 13.450 13.465    0.051 0.026 0.023 0.025 0.029  A 27343
   2124.65527 29.999 29.999 29.999 29.999 29.999    0.081 0.067 0.076 0.097 0.114  D 27658
   2128.68776 13.755 13.715 13.737 13.843 14.139    0.053 0.030 0.025 0.027 0.030  A 27960
   2130.70411 13.800 13.666 13.595 13.584 13.724    0.057 0.030 0.025 0.027 0.029  A 28398
   2131.70118 13.880 13.759 13.737 13.739 13.797    0.063 0.029 0.025 0.026 0.029  A 28596
   2132.70072 13.770 13.604 13.476 13.346 13.227    0.057 0.029 0.024 0.026 0.029  A 28810
   2133.69466 14.031 14.007 13.956 14.072 14.238    0.043 0.025 0.021 0.022 0.025  A 29021
   2134.70136 13.714 13.618 13.561 13.524 13.510    0.049 0.027 0.021 0.023 0.026  A 29238
   2135.69607 13.775 13.697 13.689 13.748 13.724    0.057 0.038 0.029 0.029 0.032  A 29452
   2136.68895 13.995 14.048 13.952 13.837 13.714    0.044 0.027 0.022 0.024 0.027  A 29661
   2140.67545 14.057 13.950 13.912 13.928 13.944    0.065 0.043 0.040 0.049 0.056  B 30199
   2143.67519 14.092 14.057 13.932 13.846 13.861    0.049 0.031 0.027 0.029 0.032  A 30815
   2144.66788 13.701 13.612 13.578 13.602 13.769    0.058 0.029 0.024 0.027 0.029  A 31016
   2439.82850 13.719 13.737 13.645 13.502 13.449    0.023 0.034 0.020 0.018 0.019  A 7925
   2440.85609 13.757 13.784 13.772 13.824 99.999    0.024 0.025 0.018 0.020 0.022  C 8154
   2443.85738 13.713 13.827 13.981 14.198 14.765    0.030 0.030 0.025 0.027 0.031  A 8768
   2444.87294 13.624 13.619 13.624 13.633 13.673    0.023 0.021 0.015 0.016 0.018  A 8980
   2445.81473 29.999 29.999 29.999 29.999 29.999    0.026 0.026 0.018 0.018 0.021  C 9172
   2446.82174 13.901 13.774 13.721 13.738 13.841    0.033 0.035 0.023 0.021 0.021  A 9335
   2464.77152 13.641 13.642 13.621 13.611 13.552    0.030 0.034 0.024 0.025 0.024  A 10897
   2465.76862 13.776 13.741 13.783 13.879 13.883    0.028 0.030 0.025 0.030 0.021  A 11115
   2466.76683 13.707 13.573 13.532 13.486 13.434    0.027 0.029 0.022 0.022 0.020  A 11333
   2467.77041 13.782 13.670 13.624 13.647 13.674    0.022 0.029 0.019 0.018 0.018  A 11554
   2468.76392 13.860 13.884 13.900 13.916 13.944    0.028 0.033 0.023 0.024 0.025  A 11767
   2470.73025 13.565 13.588 13.625 13.606 13.561    0.030 0.034 0.026 0.032 0.025  A 12035
   2471.81415 13.462 13.576 13.639 13.650 13.630    0.031 0.029 0.025 0.031 0.028  A 12551
   2486.72078 29.999 29.999 29.999 29.999 29.999    0.037 0.036 0.031 0.040 0.037  C 13358
   2493.71048 29.999 29.999 29.999 29.999 29.999    0.042 0.042 0.037 0.042 0.037  C 14504
   2498.69222 13.714 13.709 13.599 13.581 13.633    0.029 0.033 0.023 0.024 0.022  A 15459
   2501.69174 13.876 13.777 13.754 13.739 13.863    0.027 0.029 0.021 0.023 0.021  A 16031
   2503.69657 29.999 29.999 29.999 29.999 29.999    0.084 0.074 0.067 0.072 0.075  D 16449
   2510.61910 29.999 29.999 29.999 29.999 29.999    0.033 0.033 0.025 0.028 0.030  C 16967
   2520.68284 29.999 29.999 29.999 29.999 29.999    0.026 0.026 0.018 0.019 0.021  C 18219
   2521.69504 13.867 13.818 13.817 13.785 13.708    0.032 0.032 0.021 0.021 0.020  A 18420
   2529.63572 29.999 29.999 29.999 29.999 29.999    0.055 0.045 0.038 0.038 0.038  C 19075
   2538.76478 29.999 29.999 29.999 29.999 29.999    0.060 0.060 0.052 0.049 0.050  C 19386
   2539.68662 29.999 29.999 29.999 29.999 29.999    0.051 0.046 0.043 0.051 0.045  C 19541
   2548.56091 13.657 13.557 13.552 13.625 13.592    0.024 0.025 0.020 0.024 0.024  A 20561
   2552.73151 13.617 13.606 13.564 13.486 13.596    0.029 0.027 0.021 0.022 0.023  A 21185
   2558.58481 13.609 13.637 13.635 13.568 13.544    0.026 0.028 0.020 0.021 0.019  A 22024
   2559.58589 29.999 29.999 29.999 29.999 29.999    0.024 0.022 0.019 0.019 0.021  C 22205
   2560.59118 13.735 13.682 13.544 13.439 13.417    0.022 0.020 0.018 0.019 0.019  A 22386
   2564.57627 29.999 29.999 29.999 29.999 29.999    0.033 0.032 0.024 0.026 0.027  C 23066
   2566.62351 13.627 13.636 13.575 13.609 13.693    0.030 0.030 0.024 0.026 0.028  A 23443
   2579.52265 13.695 13.596 13.492 13.471 13.571    0.034 0.039 0.030 0.028 0.026  A 25060
   2620.56156 13.454 13.467 13.453 13.439 13.456    0.042 0.035 0.024 0.024 0.025  A 29439
   2625.57661 29.999 29.999 29.999 29.999 29.999    0.037 0.043 0.028 0.025 0.028  C 30389
   2634.57758 13.731 13.666 13.587 13.467 13.348    0.030 0.020 0.019 0.020 0.023  A 32053
   2637.53593 13.822 13.966 14.106 14.220 14.227    0.030 0.021 0.020 0.023 0.025  A 32477
   2639.54820 13.677 13.529 13.530 13.529 13.525    0.033 0.021 0.018 0.020 0.022  A 32790
   2641.55548 13.654 13.572 13.451 13.258 13.318    0.024 0.020 0.019 0.021 0.023  A 33076
   2653.52661 29.999 29.999 29.999 29.999 29.999    0.030 0.029 0.031 0.038 0.045  C 34698
   2732.91380 29.999 29.999 29.999 29.999 29.999    0.042 0.040 0.040 0.049 0.059  C 48532
   2759.91100 29.999 29.999 29.999 29.999 29.999    0.030 0.036 0.034 0.034 0.040  C 53338
   2765.83283 13.515 13.520 13.546 13.548 13.741    0.028 0.026 0.021 0.022 0.023  A 54403
   2770.87989 29.999 29.999 29.999 29.999 29.999    0.042 0.051 0.052 0.059 0.071  C 54960
   2787.86921 13.919 13.787 13.679 13.631 13.591    0.024 0.032 0.022 0.027 0.025  A 56894
   2791.80453 29.999 29.999 29.999 29.999 29.999    0.023 0.025 0.021 0.022 0.024  C 57616
   2809.90404 13.729 13.686 13.645 13.561 13.596    0.029 0.023 0.020 0.023 0.025  A 59616
   2811.81553 29.999 29.999 29.999 29.999 29.999    0.028 0.029 0.025 0.027 0.030  C 60030
   2813.81258 13.577 13.491 13.496 13.453 13.421    0.025 0.027 0.023 0.023 0.025  A 60486
   2829.82742 29.999 29.999 29.999 29.999 29.999    0.026 0.027 0.021 0.023 0.024  C 62366
   2845.86515 13.935 13.872 13.818 13.816 13.880    0.029 0.028 0.021 0.022 0.022  A 65315
   2851.78074 14.073 14.044 14.080 14.206 14.184    0.020 0.023 0.019 0.021 0.022  A 65500
   2854.65652 13.503 13.597 13.650 13.672 13.603    0.022 0.027 0.018 0.021 0.021  A 65890
   2876.70641 13.687 13.684 13.641 13.618 13.669    0.021 0.028 0.021 0.026 0.025  A 68789
   2884.67937 29.999 29.999 29.999 29.999 29.999    0.022 0.024 0.018 0.020 0.021  C 69836
   2886.65709 14.137 14.047 14.012 14.036 14.117    0.024 0.039 0.026 0.029 0.025  A 70244
   2897.71927 29.999 29.999 29.999 29.999 29.999    0.025 0.026 0.023 0.025 0.027  C 71705
   2900.83237 29.999 29.999 29.999 29.999 29.999    0.036 0.039 0.034 0.034 0.035  C 72305
   2904.60916 13.648 13.573 13.582 13.577 13.573    0.028 0.034 0.028 0.030 0.031  A 72845
   2906.62734 13.549 13.607 13.634 13.579 13.562    0.018 0.026 0.018 0.020 0.019  A 73175
   2908.71260 13.827 13.742 13.656 13.572 13.549    0.022 0.019 0.018 0.019 0.021  A 73442
   2910.75157 13.714 13.617 13.541 13.435 13.373    0.032 0.020 0.018 0.020 0.022  A 73771
   2912.59940 13.606 13.636 13.706 13.799 13.746    0.019 0.023 0.017 0.019 0.020  A 74085
   2922.61812 29.999 29.999 29.999 29.999 29.999    0.024 0.034 0.025 0.029 0.030  C 75260
   2931.62712 13.863 13.926 13.973 14.184 14.563    0.027 0.034 0.023 0.025 0.026  A 76715
   2933.61591 13.709 13.577 13.492 13.496 13.611    0.027 0.031 0.022 0.024 0.024  A 77066
   2935.61399 13.731 13.648 13.532 13.410 13.412    0.029 0.037 0.027 0.030 0.030  A 77423
   2937.61552 29.999 29.999 29.999 29.999 29.999    0.046 0.049 0.027 0.029 0.027  C 77695
   2940.61414 13.744 13.734 13.709 13.727 13.877    0.022 0.022 0.018 0.019 0.021  A 77992
   2942.57027 29.999 29.999 29.999 29.999 29.999    0.028 0.031 0.026 0.031 0.035  C 78174
   2946.53498 13.609 13.657 13.623 13.623 13.653    0.026 0.034 0.024 0.029 0.027  A 78796
   2947.66923 13.686 13.594 13.485 13.447 13.468    0.040 0.032 0.026 0.028 0.033  A 79020
   2954.54138 29.999 29.999 29.999 29.999 29.999    0.031 0.029 0.028 0.032 0.037  C 79912
   2956.56561 13.706 13.651 13.715 13.817 13.980    0.025 0.023 0.021 0.022 0.026  A 80207
   2960.56786 13.478 13.446 13.451 13.515 13.633    0.024 0.023 0.023 0.025 0.028  A 80750
   2962.58354 29.999 29.999 29.999 29.999 29.999    0.023 0.025 0.022 0.024 0.027  C 81042
   2964.60335 29.999 29.999 29.999 29.999 29.999    0.026 0.027 0.024 0.027 0.031  C 81331
   2966.61322 13.620 13.590 13.513 13.396 13.274    0.023 0.024 0.021 0.024 0.027  A 81621
   2974.54517 29.999 29.999 29.999 29.999 29.999    0.023 0.023 0.022 0.026 0.029  C 82547
   2976.57576 29.999 29.999 29.999 29.999 29.999    0.030 0.025 0.023 0.026 0.029  C 82828
   2978.59587 13.869 13.933 13.871 13.702 13.624    0.027 0.024 0.023 0.026 0.030  A 83113
   2983.54595 29.999 29.999 29.999 29.999 29.999    0.027 0.025 0.025 0.028 0.031  C 83743
   2985.56235 29.999 29.999 29.999 29.999 29.999    0.045 0.051 0.057 0.058 0.062  C 84013
   2987.57629 13.881 13.870 13.851 13.946 13.888    0.023 0.023 0.021 0.023 0.027  A 84284
   2990.57657 13.934 14.117 14.260 14.322 14.222    0.026 0.025 0.023 0.026 0.031  A 84623
   2993.55621 29.999 29.999 29.999 29.999 29.999    0.023 0.023 0.022 0.025 0.028  C 85025
   3011.54179 29.999 29.999 29.999 29.999 29.999    0.030 0.030 0.029 0.034 0.040  C 87213
   3124.90897 29.999 29.999 29.999 29.999 29.999    0.027 0.029 0.030 0.037 0.045  C 100643
   3132.89729 29.999 29.999 29.999 29.999 29.999    0.048 0.046 0.046 0.050 0.057  C 101904
   3166.84289 13.696 13.653 13.575 13.517 13.526    0.027 0.022 0.022 0.024 0.028  A 105478
   3177.88819 13.316 13.409 13.654 13.923 14.504    0.048 0.052 0.053 0.062 0.070  B 106981
   3180.85102 13.710 13.694 13.634 13.736 13.861    0.025 0.022 0.022 0.024 0.028  A 107415
   3186.82848 29.999 29.999 29.999 29.999 29.999    0.027 0.026 0.028 0.034 0.040  C 108158
   3211.93427 13.700 13.716 13.771 13.789 13.812    0.030 0.030 0.023 0.025 0.025  A 109544
   3266.65237 13.604 13.678 13.729 13.742 13.889    0.027 0.029 0.024 0.027 0.030  A 115190
   3281.60970 13.486 13.339 13.301 13.266 13.453    0.057 0.051 0.057 0.072 0.087  D 117203
   3290.64408 13.679 13.684 13.639 13.569 13.577    0.042 0.036 0.025 0.024 0.027  A 118139
   3294.64435 13.643 13.606 13.511 13.441 13.444    0.040 0.034 0.024 0.024 0.024  A 118384
   3356.53955 13.573 13.522 13.336 13.230 13.198    0.034 0.024 0.023 0.025 0.029  A 124445
   3470.91757 29.999 29.999 29.999 29.999 29.999    0.039 0.028 0.029 0.034 0.040  C 138495
   3482.90390 29.999 29.999 29.999 29.999 29.999    0.073 0.050 0.049 0.056 0.064  C 140415
   3490.90746 13.478 13.497 13.519 13.470 13.391    0.067 0.042 0.040 0.045 0.051  A 141230
   3517.87998 29.999 29.999 29.999 29.999 29.999    0.057 0.042 0.046 0.053 0.063  C 144424
   3521.90460 13.720 13.671 13.680 13.665 13.585    0.047 0.032 0.033 0.036 0.040  A 144926
   3541.85780 13.596 13.530 13.483 13.532 13.643    0.052 0.031 0.028 0.032 0.037  A 147315
   3544.80747 13.758 13.689 13.581 13.531 13.396    0.039 0.025 0.025 0.030 0.035  A 147756
   3547.88367 29.999 29.999 29.999 29.999 29.999    0.041 0.035 0.038 0.047 0.055  C 148119
   3551.87011 13.625 13.510 13.457 13.461 13.535    0.064 0.034 0.029 0.032 0.037  A 148387
   3558.81637 13.637 13.525 13.414 13.318 13.272    0.036 0.034 0.038 0.043 0.048  A 149288
   3561.78014 13.811 13.639 13.476 13.362 13.301    0.045 0.026 0.023 0.025 0.027  A 149791
   3563.83632 13.935 13.847 13.878 14.044 14.131    0.046 0.027 0.025 0.029 0.032  A 150151
   3568.85112 13.874 13.761 13.703 13.690 13.804    0.029 0.028 0.021 0.023 0.026  A 150450
   3570.77108 29.999 29.999 29.999 29.999 29.999    0.035 0.026 0.021 0.025 0.028  C 150803
   3574.80968 29.999 29.999 29.999 29.999 29.999    0.036 0.031 0.026 0.030 0.035  C 151345
   3576.81259 29.999 29.999 29.999 29.999 29.999    0.030 0.026 0.023 0.025 0.029  C 151705
   3579.85787 13.780 13.707 13.684 13.667 13.639    0.040 0.025 0.024 0.026 0.030  A 152230
   3583.78646 13.951 13.905 13.823 13.893 13.868    0.041 0.025 0.023 0.026 0.029  A 152887
   3585.86400 29.999 29.999 29.999 29.999 29.999    0.062 0.031 0.029 0.032 0.036  C 153256
   3588.72247 13.776 13.683 13.715 13.736 13.603    0.062 0.039 0.035 0.040 0.047  A 153690
   3590.87368 29.999 29.999 29.999 29.999 29.999    0.064 0.034 0.027 0.029 0.031  C 154090
   3595.71401 29.999 29.999 29.999 29.999 29.999    0.079 0.048 0.044 0.049 0.055  C 154852
   3602.73580 13.425 13.401 13.466 13.576 13.540    0.047 0.030 0.030 0.036 0.044  A 155768
   3618.64750 13.690 13.563 13.499 13.480 13.367    0.052 0.033 0.031 0.034 0.038  A 157286
   3620.69373 13.846 13.872 13.825 13.786 13.788    0.064 0.041 0.039 0.041 0.043  A 157607
   3622.74817 13.707 13.561 13.433 13.388 13.387    0.031 0.025 0.022 0.025 0.029  A 157939
   3625.75732 14.062 13.894 13.807 13.788 13.925    0.029 0.026 0.020 0.023 0.026  A 158206
   3629.66164 29.999 29.999 29.999 29.999 29.999    0.033 0.031 0.029 0.034 0.041  C 158626
   3631.67398 29.999 29.999 29.999 29.999 29.999    0.044 0.030 0.031 0.035 0.041  C 158968
   3633.68667 29.999 29.999 29.999 29.999 29.999    0.030 0.027 0.026 0.033 0.038  C 159235
   3635.76277 29.999 29.999 29.999 29.999 29.999    0.073 0.078 0.088 0.110 0.134  D 159578
   3638.78152 13.783 13.673 13.636 13.637 13.590    0.028 0.028 0.022 0.024 0.027  A 159826
   3641.70185 13.774 13.724 13.663 13.612 13.485    0.053 0.042 0.032 0.035 0.037  A 160200
   3647.60802 13.817 13.790 13.719 13.660 13.670    0.026 0.026 0.020 0.023 0.025  A 160894
   3651.69075 13.604 13.588 13.454 13.399 13.432    0.056 0.031 0.025 0.027 0.030  A 161464
   3657.58244 13.627 13.473 13.399 13.312 13.283    0.038 0.025 0.025 0.031 0.036  A 162300
   3661.64450 13.496 13.342 13.360 13.446 13.635    0.038 0.029 0.028 0.033 0.039  A 162938
   3669.63692 13.995 13.831 13.694 13.627 13.489    0.035 0.027 0.022 0.024 0.027  A 163974
   3671.71870 14.015 13.967 13.971 13.983 14.048    0.035 0.028 0.023 0.025 0.027  A 164285
   3673.69895 29.999 29.999 29.999 29.999 29.999    0.040 0.029 0.024 0.027 0.031  C 164566
   3676.59616 13.678 13.637 13.657 13.680 13.548    0.062 0.033 0.027 0.028 0.030  A 164961
   3699.64103 13.668 13.640 13.652 13.725 13.834    0.064 0.035 0.033 0.036 0.042  A 167907
   3708.55753 13.544 13.441 13.414 13.383 13.353    0.036 0.027 0.026 0.030 0.035  A 169094
   3712.55064 13.845 13.881 13.965 14.089 14.101    0.036 0.024 0.025 0.029 0.033  A 169375
   3714.56813 13.602 13.471 13.401 13.378 13.348    0.035 0.025 0.024 0.028 0.033  A 169667
   3716.59975 13.512 13.333 13.357 13.487 13.585    0.028 0.026 0.026 0.032 0.036  A 169935
   3722.56206 13.798 13.726 13.559 13.513 13.544    0.038 0.029 0.030 0.034 0.038  A 170671
   3725.57563 14.324 14.381 14.540 14.670 14.523    0.038 0.030 0.033 0.037 0.040  A 170981
   3728.56260 13.715 13.552 13.539 13.546 13.345    0.036 0.030 0.031 0.036 0.045  A 171387
   3732.56125 13.634 13.524 13.395 13.232 13.191    0.040 0.030 0.033 0.040 0.047  A 171797
   3739.53979 13.848 13.864 13.916 14.081 14.052    0.034 0.024 0.025 0.030 0.033  A 172737
   3827.91619 29.999 29.999 29.999 29.999 29.999    0.044 0.031 0.034 0.041 0.048  C 184836
   3831.91674 13.692 13.697 13.476 13.204 13.323    0.045 0.031 0.033 0.039 0.046  A 185518
   3835.91425 13.457 13.418 13.508 13.700 13.805    0.053 0.034 0.032 0.038 0.045  A 186205
   3850.90618 13.742 13.591 13.561 13.663 13.793    0.064 0.037 0.032 0.034 0.037  A 187347
   3856.88810 14.060 13.995 14.053 14.151 14.417    0.063 0.038 0.037 0.042 0.047  A 188319
   3860.87913 13.773 13.631 13.551 13.434 13.310    0.038 0.028 0.027 0.031 0.036  A 188911
   3864.86249 29.999 29.999 29.999 29.999 29.999    0.052 0.029 0.029 0.034 0.039  C 189613
   3867.88053 13.356 13.196 13.183 13.169 13.099    0.056 0.032 0.030 0.034 0.039  A 190105
   3870.85634 13.515 13.427 13.350 13.339 13.397    0.046 0.032 0.031 0.037 0.043  A 190634
   3900.87288 13.612 13.626 13.642 13.603 13.384    0.042 0.031 0.031 0.038 0.045  A 194731
   3903.84021 13.837 13.852 13.897 13.939 13.895    0.033 0.025 0.023 0.028 0.031  A 195291
   3906.83511 13.867 13.789 13.748 13.637 13.578    0.055 0.032 0.027 0.029 0.033  A 195859
   3909.83410 13.778 13.604 13.460 13.311 13.153    0.053 0.037 0.029 0.032 0.036  A 196441
   3913.87418 14.026 13.867 13.663 13.452 13.357    0.037 0.033 0.035 0.038 0.041  A 197016
   3981.63899 13.823 13.665 13.624 13.655 13.544    0.036 0.026 0.024 0.027 0.031  A 203344
   4106.53829 13.948 13.872 13.791 13.881 13.995    0.037 0.030 0.030 0.034 0.039  A 210926
   4278.76991 13.606 13.611 13.508 13.413 13.323    0.035 0.029 0.024 0.027 0.032  A 229196
   4300.82993 29.999 29.999 29.999 29.999 29.999    0.053 0.041 0.039 0.043 0.048  C 232348
   4302.84080 29.999 29.999 29.999 29.999 29.999    0.052 0.053 0.056 0.066 0.073  C 232665
   4319.76337 13.696 13.774 13.780 13.836 13.874    0.037 0.034 0.028 0.030 0.034  A 235026
   4329.73670 13.634 13.510 13.431 13.365 13.237    0.043 0.041 0.037 0.040 0.042  A 235171
   4331.72779 13.749 13.569 13.437 13.280 13.202    0.042 0.034 0.029 0.033 0.036  A 235527
   4333.70359 13.608 13.565 13.484 13.338 13.221    0.040 0.040 0.037 0.040 0.043  A 235878
   4336.69604 29.999 29.999 29.999 29.999 29.999    0.040 0.037 0.034 0.038 0.042  C 236221
   4345.71924 13.680 13.726 13.731 13.853 13.936    0.078 0.068 0.066 0.069 0.072  D 237631
   4347.71691 13.873 13.857 13.823 13.733 13.585    0.067 0.043 0.038 0.041 0.044  A 237983
   4349.71880 14.109 14.138 13.968 13.783 13.806    0.061 0.035 0.030 0.032 0.038  A 238318
   4354.65616 14.085 14.063 14.043 14.081 14.149    0.065 0.062 0.042 0.043 0.044  B 239004
   4363.63129 13.765 13.699 13.662 13.573 13.803    0.032 0.029 0.023 0.025 0.028  A 240336
   4365.62223 13.685 13.723 13.754 13.885 14.056    0.031 0.030 0.025 0.030 0.035  A 240644
   4367.67897 13.754 13.754 13.908 14.186 14.627    0.045 0.037 0.033 0.040 0.048  A 240860
   4371.72009 13.621 13.544 13.528 13.534 13.651    0.053 0.035 0.032 0.038 0.043  A 241500
   4373.73251 13.689 13.650 13.571 13.527 13.422    0.032 0.027 0.027 0.032 0.036  A 241798
   4376.72384 13.882 14.159 14.432 14.718 15.236    0.032 0.030 0.027 0.031 0.037  A 242152
   4379.54687 13.781 13.724 13.708 13.685 13.702    0.055 0.041 0.039 0.036 0.039  A 242544
   4381.59704 13.821 13.688 13.519 13.426 13.374    0.040 0.034 0.033 0.037 0.041  A 242861
   4383.64174 13.936 13.877 13.823 13.788 13.801    0.067 0.046 0.038 0.039 0.040  A 243180
   4385.67174 13.843 13.799 13.683 13.694 13.816    0.046 0.035 0.027 0.028 0.030  A 243503
   4389.66964 13.588 13.449 13.325 13.292 13.237    0.048 0.040 0.036 0.042 0.046  A 244118
   4404.61210 13.848 13.926 13.954 14.161 14.542    0.041 0.036 0.035 0.038 0.041  A 245350
   4410.70186 13.532 13.515 13.484 13.497 13.589    0.056 0.035 0.028 0.031 0.034  A 245990
   4419.62259 13.662 13.575 13.470 13.320 13.395    0.052 0.040 0.040 0.045 0.051  A 246396
   4422.59512 14.166 14.009 13.896 13.805 13.743    0.048 0.032 0.027 0.030 0.035  A 246642
   4428.64287 13.929 14.179 14.545 15.176 15.377    0.052 0.044 0.042 0.049 0.059  B 247178
   4431.55678 13.469 13.390 13.264 13.184 13.134    0.043 0.033 0.029 0.032 0.038  A 247505
   4433.63331 13.767 13.733 13.692 13.646 13.672    0.071 0.041 0.036 0.039 0.044  A 247792
   4436.57949 13.599 13.611 13.527 13.435 13.359    0.062 0.037 0.031 0.033 0.036  A 248137
   4439.56792 14.127 14.118 14.035 13.963 13.916    0.113 0.066 0.048 0.046 0.049  D 248504
   4442.61956 13.679 13.696 13.815 14.016 14.150    0.053 0.038 0.035 0.037 0.039  A 248862
   4449.53126 13.786 13.868 13.874 13.884 14.077    0.041 0.031 0.027 0.033 0.037  A 249605
   4458.56018 13.437 13.452 13.444 13.384 13.304    0.054 0.040 0.038 0.045 0.054  B 250672
   4464.55896 13.693 13.627 13.578 13.505 13.503    0.036 0.028 0.027 0.030 0.034  A 251391
#dataset= 2 ; 2 F2240-40_156
#desig= 222332-3717.1
#cra=   22.392177  22:23:31.8
#cdec= -37.285395 -37:17:07.4
#class= 0
#cmag_0= 13.757
#cmer_0=  0.411
#nskip_0= 0
#cmag_1= 13.781
#cmer_1=  0.416
#nskip_1= 0
#cmag_2= 13.720
#cmer_2=  0.396
#nskip_2= 0
#cmag_3= 13.749
#cmer_3=  0.419
#nskip_3= 0
#cmag_4= 13.816
#cmer_4=  0.442
#nskip_4= 0
#ra=   22.392177  22:23:31.8
#dec= -37.285395 -37:17:07.4
#     HJD      MAG_0  MAG_1  MAG_2  MAG_3  MAG_4    MER_0 MER_1 MER_2 MER_3 MER_4 GRADE FRAME
   2009.90637 29.999 29.999 29.999 29.999 29.999    0.067 0.053 0.047 0.055 0.057  C 15489
   2014.92430 29.999 29.999 29.999 29.999 29.999    0.078 0.065 0.054 0.064 0.066  D 15871
   2025.88771 29.999 29.999 29.999 29.999 29.999    0.034 0.023 0.021 0.023 0.025  C 17302
   2032.87930 29.999 29.999 29.999 29.999 29.999    0.041 0.023 0.022 0.025 0.028  C 18342
   2055.82446 29.999 29.999 29.999 29.999 29.999    0.057 0.029 0.027 0.030 0.033  C 20550
   2064.87718 29.999 29.999 29.999 29.999 29.999    0.070 0.033 0.026 0.026 0.029  C 21650
   2068.78162 29.999 29.999 29.999 29.999 29.999    0.067 0.031 0.029 0.033 0.038  C 22137
   2106.76507 29.999 29.999 29.999 29.999 29.999    0.058 0.029 0.023 0.024 0.027  C 26487
   2114.79891 29.999 29.999 29.999 29.999 29.999    0.048 0.035 0.033 0.038 0.043  C 26729
   2129.70259 13.771 13.727 13.700 13.719 13.689    0.053 0.026 0.021 0.022 0.024  A 28181
   2140.67545 14.032 13.921 13.897 13.888 13.932    0.065 0.043 0.040 0.049 0.056  B 30199
   2151.57911 29.999 29.999 29.999 29.999 29.999    0.069 0.044 0.046 0.055 0.061  C 31360
   2473.73812 29.999 29.999 29.999 29.999 29.999    0.032 0.035 0.028 0.032 0.027  C 12727
   2490.71970 29.999 29.999 29.999 29.999 29.999    0.034 0.036 0.029 0.035 0.031  C 14100
   2494.70598 29.999 29.999 29.999 29.999 29.999    0.049 0.045 0.040 0.045 0.044  C 14692
   2495.70698 29.999 29.999 29.999 29.999 29.999    0.032 0.035 0.030 0.036 0.029  C 14830
   2497.69989 29.999 29.999 29.999 29.999 29.999    0.030 0.030 0.023 0.025 0.022  C 15251
   2500.66688 29.999 29.999 29.999 29.999 29.999    0.029 0.033 0.024 0.026 0.023  C 15872
   2502.69407 29.999 29.999 29.999 29.999 29.999    0.031 0.032 0.026 0.030 0.026  C 16244
   2511.71953 29.999 29.999 29.999 29.999 29.999    0.054 0.050 0.045 0.049 0.048  C 17125
   2519.60884 29.999 29.999 29.999 29.999 29.999    0.046 0.043 0.036 0.040 0.033  C 17989
   2526.71489 29.999 29.999 29.999 29.999 29.999    0.025 0.030 0.022 0.022 0.022  C 18874
   2544.74315 29.999 29.999 29.999 29.999 29.999    0.021 0.021 0.018 0.019 0.022  C 20027
   2565.61350 29.999 29.999 29.999 29.999 29.999    0.035 0.029 0.023 0.025 0.026  C 23260
   2568.64910 29.999 29.999 29.999 29.999 29.999    0.075 0.065 0.058 0.061 0.060  D 23606
   2577.68782 29.999 29.999 29.999 29.999 29.999    0.069 0.059 0.050 0.052 0.048  C 24798
   2600.63840 29.999 29.999 29.999 29.999 29.999    0.045 0.044 0.046 0.054 0.062  C 27373
   2646.52732 29.999 29.999 29.999 29.999 29.999    0.031 0.031 0.031 0.036 0.041  C 33828
   2736.90471 29.999 29.999 29.999 29.999 29.999    0.035 0.031 0.026 0.030 0.034  C 49330
   2739.90686 29.999 29.999 29.999 29.999 29.999    0.028 0.025 0.021 0.023 0.026  C 49875
   2742.90320 29.999 29.999 29.999 29.999 29.999    0.034 0.034 0.028 0.032 0.037  C 50471
   2756.87318 29.999 29.999 29.999 29.999 29.999    0.028 0.028 0.021 0.023 0.025  C 52755
   2776.83683 29.999 29.999 29.999 29.999 29.999    0.024 0.025 0.025 0.029 0.034  C 55391
   2783.82100 29.999 29.999 29.999 29.999 29.999    0.022 0.026 0.020 0.021 0.022  C 56009
   2785.88946 29.999 29.999 29.999 29.999 29.999    0.054 0.059 0.056 0.064 0.069  C 56456
   2802.91434 29.999 29.999 29.999 29.999 29.999    0.034 0.041 0.037 0.046 0.053  C 58831
   2821.81323 29.999 29.999 29.999 29.999 29.999    0.030 0.043 0.029 0.036 0.028  C 61807
   2831.76806 29.999 29.999 29.999 29.999 29.999    0.027 0.029 0.023 0.026 0.028  C 62784
   2833.74757 29.999 29.999 29.999 29.999 29.999    0.026 0.030 0.026 0.028 0.031  C 63190
   2838.77243 29.999 29.999 29.999 29.999 29.999    0.036 0.040 0.038 0.047 0.052  C 63954
   2840.82464 29.999 29.999 29.999 29.999 29.999    0.029 0.032 0.027 0.033 0.035  C 64410
   2859.68122 29.999 29.999 29.999 29.999 29.999    0.022 0.027 0.020 0.023 0.025  C 66558
   2860.76288 29.999 29.999 29.999 29.999 29.999    0.023 0.025 0.019 0.022 0.025  C 66803
   2862.67222 29.999 29.999 29.999 29.999 29.999    0.030 0.036 0.029 0.034 0.035  C 67186
   2866.73776 29.999 29.999 29.999 29.999 29.999    0.028 0.035 0.026 0.028 0.028  C 67599
   2871.83847 29.999 29.999 29.999 29.999 29.999    0.025 0.024 0.020 0.020 0.021  C 68034
   2879.64952 29.999 29.999 29.999 29.999 29.999    0.022 0.035 0.024 0.031 0.027  C 69259
   2882.69948 29.999 29.999 29.999 29.999 29.999    0.048 0.049 0.046 0.054 0.061  C 69529
   2888.68320 29.999 29.999 29.999 29.999 29.999    0.025 0.040 0.028 0.035 0.027  C 70462
   2892.68489 29.999 29.999 29.999 29.999 29.999    0.044 0.040 0.026 0.029 0.032  C 70695
   2895.71430 29.999 29.999 29.999 29.999 29.999    0.025 0.032 0.025 0.027 0.028  C 71303
   2899.68423 29.999 29.999 29.999 29.999 29.999    0.031 0.034 0.029 0.031 0.032  C 72052
   2924.62432 29.999 29.999 29.999 29.999 29.999    0.028 0.033 0.028 0.031 0.034  C 75639
   2927.61758 29.999 29.999 29.999 29.999 29.999    0.028 0.041 0.028 0.032 0.032  C 75993
   2929.62349 29.999 29.999 29.999 29.999 29.999    0.022 0.029 0.021 0.020 0.021  C 76352
   2949.69244 29.999 29.999 29.999 29.999 29.999    0.026 0.025 0.025 0.031 0.036  C 79304
   2951.70331 29.999 29.999 29.999 29.999 29.999    0.036 0.036 0.033 0.037 0.042  C 79589
   2958.56424 29.999 29.999 29.999 29.999 29.999    0.025 0.024 0.020 0.023 0.026  C 80494
   2968.62036 29.999 29.999 29.999 29.999 29.999    0.024 0.025 0.021 0.024 0.027  C 81899
   2970.61168 29.999 29.999 29.999 29.999 29.999    0.026 0.023 0.022 0.024 0.026  C 82115
   2980.62744 29.999 29.999 29.999 29.999 29.999    0.028 0.028 0.028 0.033 0.037  C 83374
   2996.55449 29.999 29.999 29.999 29.999 29.999    0.023 0.024 0.022 0.025 0.028  C 85413
   3001.53075 29.999 29.999 29.999 29.999 29.999    0.024 0.024 0.023 0.027 0.031  C 85949
   3007.54161 29.999 29.999 29.999 29.999 29.999    0.027 0.027 0.025 0.029 0.033  C 86685
   3100.91775 29.999 29.999 29.999 29.999 29.999    0.047 0.049 0.052 0.061 0.070  C 97367
   3107.90709 29.999 29.999 29.999 29.999 29.999    0.042 0.045 0.043 0.047 0.053  C 98476
   3113.91276 29.999 29.999 29.999 29.999 29.999    0.042 0.041 0.041 0.045 0.050  C 99420
   3128.88838 29.999 29.999 29.999 29.999 29.999    0.030 0.031 0.032 0.037 0.042  C 101289
   3146.87063 29.999 29.999 29.999 29.999 29.999    0.025 0.027 0.029 0.035 0.041  C 103601
   3158.85132 29.999 29.999 29.999 29.999 29.999    0.027 0.026 0.026 0.031 0.037  C 104476
   3162.87747 29.999 29.999 29.999 29.999 29.999    0.042 0.044 0.055 0.069 0.080  D 104929
   3183.84298 29.999 29.999 29.999 29.999 29.999    0.025 0.024 0.024 0.028 0.033  C 107723
   3193.85769 29.999 29.999 29.999 29.999 29.999    0.038 0.030 0.024 0.025 0.029  C 108964
   3270.62353 29.999 29.999 29.999 29.999 29.999    0.038 0.037 0.030 0.033 0.037  C 115790
   3274.63549 29.999 29.999 29.999 29.999 29.999    0.040 0.043 0.048 0.060 0.073  C 116328
   3497.91566 29.999 29.999 29.999 29.999 29.999    0.046 0.042 0.051 0.060 0.068  C 142013
   3512.85195 13.983 13.998 13.855 13.769 14.091    0.042 0.031 0.029 0.034 0.039  A 143931
   3524.90936 29.999 29.999 29.999 29.999 29.999    0.050 0.045 0.047 0.053 0.059  C 145431
   3538.89834 29.999 29.999 29.999 29.999 29.999    0.056 0.053 0.059 0.063 0.068  C 146932
   3554.85090 29.999 29.999 29.999 29.999 29.999    0.032 0.031 0.026 0.030 0.035  C 148828
   3615.85273 29.999 29.999 29.999 29.999 29.999    0.040 0.039 0.043 0.048 0.054  C 156974
   3653.61386 29.999 29.999 29.999 29.999 29.999    0.068 0.038 0.037 0.043 0.048  C 161749
   3659.62949 29.999 29.999 29.999 29.999 29.999    0.043 0.032 0.029 0.033 0.038  C 162629
   3663.65775 29.999 29.999 29.999 29.999 29.999    0.043 0.028 0.027 0.032 0.036  C 163219
   3665.70912 13.422 13.354 13.308 13.365 13.420    0.034 0.027 0.027 0.033 0.038  A 163528
   3702.57389 29.999 29.999 29.999 29.999 29.999    0.045 0.027 0.024 0.026 0.028  C 168284
   3705.57346 29.999 29.999 29.999 29.999 29.999    0.055 0.035 0.034 0.037 0.040  C 168686
   3719.60554 29.999 29.999 29.999 29.999 29.999    0.043 0.033 0.039 0.049 0.060  C 170298
   3736.54843 29.999 29.999 29.999 29.999 29.999    0.031 0.023 0.022 0.026 0.030  C 172320
   4103.53455 29.999 29.999 29.999 29.999 29.999    0.044 0.031 0.033 0.041 0.047  C 210556
   4296.83735 29.999 29.999 29.999 29.999 29.999    0.043 0.037 0.035 0.040 0.048  C 231638
   4306.76210 29.999 29.999 29.999 29.999 29.999    0.053 0.055 0.055 0.058 0.061  C 233362
   4308.76915 29.999 29.999 29.999 29.999 29.999    0.064 0.060 0.065 0.077 0.089  D 233694
   4310.78551 29.999 29.999 29.999 29.999 29.999    0.037 0.033 0.028 0.031 0.036  C 233946
   4312.79148 29.999 29.999 29.999 29.999 29.999    0.053 0.048 0.048 0.056 0.066  C 234276
   4316.67766 29.999 29.999 29.999 29.999 29.999    0.031 0.028 0.024 0.026 0.030  C 234658
   4339.84845 29.999 29.999 29.999 29.999 29.999    0.062 0.062 0.059 0.063 0.068  C 236660
   4341.71561 29.999 29.999 29.999 29.999 29.999    0.045 0.043 0.043 0.049 0.052  C 236951
   4343.71453 29.999 29.999 29.999 29.999 29.999    0.052 0.037 0.037 0.044 0.048  C 237304
   4351.74974 29.999 29.999 29.999 29.999 29.999    0.046 0.044 0.047 0.057 0.068  C 238635
   4356.70748 29.999 29.999 29.999 29.999 29.999    0.031 0.029 0.026 0.030 0.034  C 239368
   4359.59746 13.733 13.818 13.767 13.874 14.013    0.032 0.030 0.026 0.030 0.035  A 239785
   4361.65336 13.547 13.599 13.529 13.541 13.561    0.043 0.036 0.027 0.027 0.028  A 240030
   4369.69941 29.999 29.999 29.999 29.999 29.999    0.040 0.036 0.034 0.041 0.046  C 241164
   4387.69773 29.999 29.999 29.999 29.999 29.999    0.033 0.032 0.027 0.028 0.032  C 243828
   4398.75184 29.999 29.999 29.999 29.999 29.999    0.052 0.037 0.037 0.044 0.052  C 244754
   4408.55111 29.999 29.999 29.999 29.999 29.999    0.038 0.035 0.036 0.040 0.044  C 245700
   4426.59503 29.999 29.999 29.999 29.999 29.999    0.037 0.034 0.038 0.046 0.057  C 246933
   4455.57987 29.999 29.999 29.999 29.999 29.999    0.053 0.063 0.071 0.082 0.090  D 250321
   4461.56350 29.999 29.999 29.999 29.999 29.999    0.032 0.029 0.027 0.030 0.035  C 251008
#ndata= 94
#dataset= 3 ; 1 F2212-32_195
#desig= 222333-3717.1
#cra=   22.392419  22:23:32.7
#cdec= -37.285234 -37:17:06.8
#class= 0
#cmag_0= 13.728
#cmer_0=  0.231
#nskip_0= 0
#cmag_1= 13.727
#cmer_1=  0.238
#nskip_1= 0
#cmag_2= 13.710
#cmer_2=  0.264
#nskip_2= 0
#cmag_3= 13.683
#cmer_3=  0.311
#nskip_3= 0
#cmag_4= 13.694
#cmer_4=  0.387
#nskip_4= 0
#ra=   22.392419  22:23:32.7
#dec= -37.285234 -37:17:06.8
#     HJD      MAG_0  MAG_1  MAG_2  MAG_3  MAG_4    MER_0 MER_1 MER_2 MER_3 MER_4 GRADE FRAME
   1889.52201 13.669 13.598 13.531 13.437 13.368    0.043 0.027 0.025 0.029 0.035  A 3014
   2040.83284 13.673 13.726 13.693 13.631 13.450    0.080 0.037 0.033 0.037 0.041  B 19545
   2156.64350 13.744 13.714 13.734 13.650 13.386    0.047 0.039 0.034 0.037 0.040  A 31650
   2167.59799 13.534 13.526 13.466 13.393 13.300    0.048 0.029 0.024 0.026 0.029  A 32080
   2169.62827 13.714 13.575 13.566 13.588 13.615    0.037 0.028 0.022 0.024 0.027  A 32413
   2171.59923 13.514 13.502 13.399 13.396 13.551    0.043 0.034 0.027 0.032 0.036  A 32584
   2172.60205 13.771 13.669 13.591 13.514 13.475    0.044 0.031 0.025 0.026 0.028  A 32776
   2173.60044 13.965 13.853 13.715 13.657 13.697    0.039 0.029 0.023 0.024 0.026  A 32962
   2174.60105 29.999 29.999 29.999 29.999 29.999    0.053 0.046 0.046 0.053 0.062  C 33136
   2175.58580 29.999 29.999 29.999 29.999 29.999    0.057 0.048 0.047 0.055 0.063  C 33274
   2177.55773 13.635 13.618 13.513 13.393 13.432    0.046 0.037 0.033 0.037 0.044  A 33392
   2178.57461 14.050 13.895 13.811 13.700 13.646    0.039 0.031 0.025 0.027 0.028  A 33573
   2183.54240 29.999 29.999 29.999 29.999 29.999    0.050 0.038 0.030 0.032 0.035  C 33846
   2184.58421 13.717 13.765 13.654 13.437 13.418    0.040 0.035 0.027 0.031 0.034  A 34056
   2185.58595 14.136 14.200 14.185 14.124 14.193    0.037 0.031 0.027 0.031 0.033  A 34243
   2189.55663 13.509 13.559 13.474 13.316 13.213    0.037 0.035 0.029 0.031 0.030  A 34776
   2191.56701 13.648 13.555 13.598 13.673 13.733    0.040 0.033 0.026 0.027 0.028  A 35083
   2192.56865 14.281 14.202 14.190 14.322 14.715    0.029 0.027 0.022 0.024 0.026  A 35258
   2193.57211 13.560 13.507 13.494 13.497 13.432    0.046 0.034 0.026 0.027 0.029  A 35442
   2194.56526 13.814 13.790 13.890 14.036 14.087    0.042 0.030 0.025 0.026 0.027  A 35618
   2197.54137 13.923 13.935 13.855 13.686 13.634    0.035 0.031 0.024 0.026 0.027  A 36101
   2198.55806 13.623 13.518 13.494 13.493 13.610    0.039 0.031 0.024 0.026 0.028  A 36280
   2201.54535 13.671 13.787 13.772 13.677 13.559    0.045 0.037 0.030 0.031 0.031  A 36703
   2203.53035 13.765 13.850 13.773 13.617 13.598    0.044 0.039 0.033 0.036 0.038  A 37038
   2204.53359 13.582 13.514 13.515 13.501 13.438    0.042 0.032 0.026 0.027 0.029  A 37168
   2205.52925 13.749 13.691 13.613 13.541 13.525    0.038 0.033 0.026 0.027 0.028  A 37296
   2211.51497 13.410 13.369 13.326 13.336 13.354    0.050 0.046 0.039 0.042 0.039  B 37799
   2213.55060 13.751 13.805 13.776 13.693 13.756    0.042 0.036 0.029 0.032 0.035  A 38051
   2215.55606 13.344 13.430 13.370 13.282 13.233    0.045 0.038 0.031 0.034 0.034  A 38368
   2217.55828 13.679 13.706 13.649 13.554 13.565    0.044 0.036 0.028 0.030 0.029  A 38706
   2221.51575 13.895 13.889 13.958 13.981 14.058    0.039 0.035 0.029 0.034 0.032  A 38978
   2224.55697 13.597 13.640 13.609 13.595 13.652    0.047 0.038 0.031 0.036 0.035  A 39312
   2226.57329 13.790 13.791 13.695 13.576 13.541    0.050 0.041 0.032 0.035 0.033  A 39637
   2230.56612 13.690 13.624 13.628 13.596 13.562    0.049 0.041 0.034 0.039 0.036  A 40277
   2237.51274 13.476 13.408 13.456 13.503 13.529    0.047 0.041 0.035 0.040 0.037  A 41211
   2240.56800 29.999 29.999 29.999 29.999 29.999    0.053 0.045 0.036 0.037 0.035  C 41552
   2243.52706 29.999 29.999 29.999 29.999 29.999    0.052 0.046 0.038 0.043 0.042  C 42009
   2250.52625 29.999 29.999 29.999 29.999 29.999    0.052 0.044 0.038 0.042 0.041  C 42808
   2253.53256 13.549 13.571 13.660 13.795 13.860    0.053 0.045 0.038 0.041 0.040  B 43296
   2264.52673 29.999 29.999 29.999 29.999 29.999    0.076 0.064 0.053 0.056 0.056  D 44778
   3468.90776 29.999 29.999 29.999 29.999 29.999    0.039 0.041 0.047 0.051 0.053  C 138193
   3473.90024 29.999 29.999 29.999 29.999 29.999    0.048 0.028 0.024 0.027 0.031  C 138969
   3477.90008 13.650 13.652 13.552 13.396 13.331    0.068 0.033 0.032 0.036 0.041  A 139635
   3481.89059 13.697 13.708 13.849 14.145 14.315    0.040 0.031 0.035 0.039 0.045  A 140262
   3497.89507 29.999 29.999 29.999 29.999 29.999    0.046 0.033 0.030 0.035 0.040  C 142006
   3506.92600 13.794 13.757 13.735 13.788 13.924    0.040 0.030 0.025 0.028 0.033  A 143240
   3517.85781 29.999 29.999 29.999 29.999 29.999    0.047 0.031 0.033 0.041 0.049  C 144417
   3521.88592 29.999 29.999 29.999 29.999 29.999    0.043 0.026 0.029 0.035 0.040  C 144920
   3524.87963 13.817 14.009 14.194 14.368 14.668    0.060 0.038 0.037 0.041 0.046  A 145421
   3538.88813 13.499 13.514 99.999 99.999 99.999    0.041 0.028 0.024 0.025 0.030  C 146928
   3547.91607 29.999 29.999 29.999 29.999 29.999    0.039 0.036 0.037 0.045 0.056  C 148129
   3554.84092 29.999 29.999 29.999 29.999 29.999    0.039 0.038 0.033 0.036 0.040  C 148825
   3586.80536 29.999 29.999 29.999 29.999 29.999    0.078 0.039 0.032 0.033 0.036  C 153405
   3641.78345 14.151 14.097 14.088 14.082 14.095    0.044 0.032 0.028 0.030 0.035  A 160225
   3830.91255 29.999 29.999 29.999 29.999 29.999    0.077 0.040 0.040 0.047 0.055  C 185339
   3850.89167 29.999 29.999 29.999 29.999 29.999    0.048 0.029 0.028 0.032 0.036  C 187342
   3855.88489 29.999 29.999 29.999 29.999 29.999    0.055 0.050 0.058 0.072 0.085  D 188175
   3859.88296 13.670 13.747 13.815 13.886 13.864    0.049 0.044 0.044 0.049 0.054  B 188752
   3863.85755 13.848 13.883 13.847 13.798 13.801    0.030 0.021 0.021 0.024 0.027  A 189425
   3869.86288 29.999 29.999 29.999 29.999 29.999    0.056 0.037 0.040 0.047 0.054  C 190446
   3872.85446 29.999 29.999 29.999 29.999 29.999    0.037 0.027 0.026 0.031 0.036  C 191005
   3877.86054 13.643 13.613 13.643 13.703 13.753    0.057 0.032 0.027 0.030 0.034  A 191565
   3882.89634 29.999 29.999 29.999 29.999 29.999    0.079 0.036 0.032 0.034 0.037  C 192180
   3886.93399 29.999 29.999 29.999 29.999 29.999    0.050 0.034 0.028 0.030 0.034  C 192572
   3889.87198 29.999 29.999 29.999 29.999 29.999    0.038 0.030 0.025 0.029 0.033  C 193067
   3892.82610 29.999 29.999 29.999 29.999 29.999    0.056 0.039 0.036 0.038 0.043  C 193587
   3903.88932 14.043 14.196 14.305 14.311 14.648    0.056 0.031 0.027 0.030 0.034  A 195308
   3906.82214 29.999 29.999 29.999 29.999 29.999    0.090 0.043 0.035 0.037 0.041  D 195855
   4228.86203 13.627 13.615 13.685 13.756 13.700    0.034 0.031 0.027 0.030 0.036  A 223424
   4232.86454 29.999 29.999 29.999 29.999 29.999    0.050 0.034 0.028 0.032 0.036  C 224110
   4235.90792 29.999 29.999 29.999 29.999 29.999    0.054 0.042 0.043 0.051 0.062  C 224678
   4246.83460 29.999 29.999 29.999 29.999 29.999    0.038 0.041 0.039 0.042 0.045  C 226286
   4250.91698 29.999 29.999 29.999 29.999 29.999    0.034 0.034 0.031 0.034 0.040  C 226742
   4255.83311 13.847 13.947 13.937 14.003 14.436    0.064 0.047 0.047 0.055 0.061  B 227142
   4258.91495 13.645 13.576 13.546 13.450 13.434    0.044 0.050 0.064 0.084 0.096  D 227610
   4268.79609 29.999 29.999 29.999 29.999 29.999    0.054 0.053 0.051 0.055 0.061  C 228037
   4272.87014 29.999 29.999 29.999 29.999 29.999    0.052 0.049 0.045 0.052 0.056  C 228457
   4277.85323 29.999 29.999 29.999 29.999 29.999    0.054 0.044 0.044 0.049 0.055  C 229072
   4281.85613 29.999 29.999 29.999 29.999 29.999    0.067 0.060 0.064 0.078 0.096  D 229392
   4286.84433 29.999 29.999 29.999 29.999 29.999    0.054 0.053 0.052 0.061 0.073  C 230240
   4290.81323 29.999 29.999 29.999 29.999 29.999    0.052 0.048 0.043 0.045 0.045  C 230558
   4292.82484 14.012 14.056 14.088 14.109 14.228    0.059 0.046 0.039 0.041 0.044  B 230938
   4297.75071 29.999 29.999 29.999 29.999 29.999    0.066 0.075 0.085 0.093 0.102  D 231784
   4301.76381 13.835 13.814 13.832 13.844 13.746    0.060 0.040 0.033 0.034 0.040  A 232512
   4303.76971 13.940 14.091 14.156 14.268 14.212    0.040 0.039 0.037 0.040 0.042  A 232812
   4307.73226 13.607 13.440 13.383 13.297 13.120    0.057 0.044 0.046 0.050 0.052  B 233511
   4316.82454 13.658 13.663 13.590 13.494 13.540    0.033 0.029 0.024 0.028 0.031  A 234707
   4319.75579 13.785 13.768 13.714 13.715 13.742    0.042 0.036 0.031 0.033 0.037  A 235023
   4329.72483 29.999 29.999 29.999 29.999 29.999    0.055 0.041 0.037 0.040 0.044  C 235167
   4331.71355 13.674 13.645 13.414 13.199 13.071    0.044 0.034 0.028 0.031 0.033  A 235522
   4359.75511 29.999 29.999 29.999 29.999 29.999    0.075 0.071 0.076 0.091 0.114  D 239836
   4402.67950 29.999 29.999 29.999 29.999 29.999    0.045 0.032 0.030 0.034 0.040  C 245128
   4567.90123 29.999 29.999 29.999 29.999 29.999    0.047 0.037 0.035 0.040 0.047  C 264780
   4571.90114 13.515 13.658 13.738 13.665 13.600    0.041 0.033 0.028 0.031 0.035  A 265423
#ndata= 20
#dataset= 4 ; 1 F2248-32_196
#desig= 222333-3717.0
#cra=   22.392542  22:23:33.1
#cdec= -37.282706 -37:16:57.7
#class= 0
#cmag_0= 13.792
#cmer_0=  0.388
#nskip_0= 0
#cmag_1= 13.762
#cmer_1=  0.369
#nskip_1= 0
#cmag_2= 13.739
#cmer_2=  0.366
#nskip_2= 0
#cmag_3= 13.674
#cmer_3=  0.349
#nskip_3= 1
#cmag_4= 13.626
#cmer_4=  0.315
#nskip_4= 0
#ra=   22.392542  22:23:33.1
#dec= -37.282706 -37:16:57.7
#     HJD      MAG_0  MAG_1  MAG_2  MAG_3  MAG_4    MER_0 MER_1 MER_2 MER_3 MER_4 GRADE FRAME
   3365.55496 13.692 13.682 13.579 13.539 13.511    0.042 0.033 0.034 0.040 0.047  A 125032
   3860.89563 13.996 13.996 13.864 13.795 13.792    0.055 0.035 0.032 0.035 0.040  A 188917
   4228.89836 13.768 13.795 13.846 13.791 13.645    0.047 0.041 0.041 0.048 0.052  B 223436
   4232.88358 29.999 29.999 29.999 29.999 29.999    0.062 0.068 0.070 0.076 0.081  D 224117
   4268.84191 13.891 13.799 13.657 13.572 13.403    0.042 0.039 0.038 0.043 0.048  A 228053
   4283.81254 29.999 29.999 29.999 29.999 29.999    0.034 0.032 0.033 0.039 0.045  C 229695
   4286.86781 13.507 13.531 14.146 17.582 99.999    0.061 0.060 0.070 0.089 0.103  D 230248
   4290.82513 29.999 29.999 29.999 29.999 29.999    0.053 0.051 0.041 0.042 0.041  C 230562
   4292.87972 14.006 13.908 13.786 13.820 13.794    0.046 0.041 0.034 0.036 0.037  A 230958
   4295.77514 29.999 29.999 29.999 29.999 29.999    0.042 0.044 0.047 0.056 0.061  C 231442
   4297.83293 13.758 13.796 13.768 13.678 13.661    0.053 0.042 0.036 0.041 0.047  A 231813
   4299.83267 29.999 29.999 29.999 29.999 29.999    0.037 0.032 0.028 0.031 0.033  C 232184
   4303.78346 29.999 29.999 29.999 29.999 29.999    0.041 0.043 0.039 0.041 0.043  C 232817
   4307.75049 29.999 29.999 29.999 29.999 29.999    0.043 0.035 0.032 0.034 0.037  C 233516
   4317.72875 29.999 29.999 29.999 29.999 29.999    0.044 0.043 0.041 0.047 0.054  C 234863
   4329.75149 29.999 29.999 29.999 29.999 29.999    0.042 0.043 0.039 0.041 0.043  C 235176
   4331.73711 13.745 13.672 13.611 13.495 13.617    0.048 0.049 0.047 0.049 0.049  B 235530
   4351.75515 29.999 29.999 29.999 29.999 29.999    0.046 0.046 0.047 0.054 0.066  C 238637
   4361.65981 29.999 29.999 29.999 29.999 29.999    0.036 0.035 0.026 0.027 0.027  C 240032
   4573.91365 29.999 29.999 29.999 29.999 29.999    0.037 0.032 0.028 0.033 0.036  C 265773
