#ndata= 3
#dataset= 1 ; 1 F0200-40_125
#desig= 023626-3736.0
#cra=    2.607328  02:36:26.4
#cdec= -37.599171 -37:35:57.0
#class= 0
#cmag_0= 13.112
#cmer_0=  0.162
#nskip_0= 0
#cmag_1= 13.093
#cmer_1=  0.189
#nskip_1= 0
#cmag_2= 13.073
#cmer_2=  0.241
#nskip_2= 0
#cmag_3= 13.037
#cmer_3=  0.226
#nskip_3= 0
#cmag_4= 13.025
#cmer_4=  0.210
#nskip_4= 0
#ra=    2.607328  02:36:26.4
#dec= -37.599171 -37:35:57.0
#     HJD      MAG_0  MAG_1  MAG_2  MAG_3  MAG_4    MER_0 MER_1 MER_2 MER_3 MER_4 GRADE FRAME
   2460.86001 13.175 13.170 13.209 13.166 13.140    0.034 0.034 0.025 0.026 0.025  A 10300
   2468.85577 12.948 12.905 12.869 12.850 12.843    0.031 0.033 0.026 0.029 0.029  A 11809
   2521.74291 13.215 13.205 13.142 13.097 13.091    0.043 0.036 0.026 0.024 0.024  A 18441
#ndata= 430
#dataset= 2 ; 1 F0240-40_126
#desig= 023628-3735.9
#cra=    2.607808  02:36:28.1
#cdec= -37.598981 -37:35:56.3
#class= 0
#cmag_0= 13.476
#cmer_0=  0.327
#nskip_0= 0
#cmag_1= 13.466
#cmer_1=  0.322
#nskip_1= 0
#cmag_2= 13.458
#cmer_2=  0.319
#nskip_2= 0
#cmag_3= 13.462
#cmer_3=  0.320
#nskip_3= 0
#cmag_4= 13.421
#cmer_4=  0.308
#nskip_4= 0
#ra=    2.607808  02:36:28.1
#dec= -37.598981 -37:35:56.3
#     HJD      MAG_0  MAG_1  MAG_2  MAG_3  MAG_4    MER_0 MER_1 MER_2 MER_3 MER_4 GRADE FRAME
   1961.52255 13.049 13.103 13.070 13.081 13.166    0.042 0.039 0.029 0.030 0.028  A 10430
   1968.52658 29.999 29.999 29.999 29.999 29.999    0.047 0.042 0.033 0.037 0.031  C 11660
   2068.89105 29.999 29.999 29.999 29.999 29.999    0.078 0.063 0.073 0.092 0.111  D 22185
   2197.69434 13.664 13.629 13.600 13.607 13.572    0.038 0.036 0.028 0.027 0.029  A 36168
   2198.69102 13.361 13.381 13.336 13.286 13.222    0.045 0.038 0.031 0.032 0.035  A 36337
   2473.87425 29.999 29.999 29.999 29.999 29.999    0.041 0.048 0.040 0.044 0.039  C 12787
   2493.90824 29.999 29.999 29.999 29.999 29.999    0.040 0.041 0.033 0.036 0.034  C 14592
   2496.87554 13.498 13.471 13.511 13.572 13.623    0.026 0.029 0.021 0.026 0.024  A 15115
   2498.88061 29.999 29.999 29.999 29.999 29.999    0.034 0.038 0.031 0.034 0.034  C 15543
   2503.89629 29.999 29.999 29.999 29.999 29.999    0.063 0.059 0.057 0.063 0.061  D 16538
   2832.89872 13.547 13.608 13.565 13.565 13.543    0.021 0.032 0.021 0.025 0.024  A 63063
   2839.90299 29.999 29.999 29.999 29.999 29.999    0.033 0.035 0.033 0.037 0.043  C 64221
   2898.75800 29.999 29.999 29.999 29.999 29.999    0.028 0.029 0.029 0.034 0.040  C 71920
   2936.72662 29.999 29.999 29.999 29.999 29.999    0.054 0.056 0.058 0.069 0.083  D 77636
   2956.70106 29.999 29.999 29.999 29.999 29.999    0.032 0.035 0.028 0.031 0.034  C 80261
   3006.63016 29.999 29.999 29.999 29.999 29.999    0.026 0.026 0.024 0.027 0.031  C 86585
   3576.89963 29.999 29.999 29.999 29.999 29.999    0.032 0.033 0.028 0.034 0.040  C 151735
   3635.74700 29.999 29.999 29.999 29.999 29.999    0.051 0.052 0.058 0.069 0.084  D 159573
   3657.73542 29.999 29.999 29.999 29.999 29.999    0.037 0.025 0.025 0.029 0.035  C 162351
#dataset= 2 ; 2 F0240-40_126
#desig= 023627-3736.0
#cra=    2.607364  02:36:26.5
#cdec= -37.600622 -37:36:02.2
#class= 0
#cmag_0= 13.309
#cmer_0=  0.269
#nskip_0= 0
#cmag_1= 13.321
#cmer_1=  0.275
#nskip_1= 0
#cmag_2= 13.337
#cmer_2=  0.280
#nskip_2= 0
#cmag_3= 13.348
#cmer_3=  0.309
#nskip_3= 0
#cmag_4= 13.341
#cmer_4=  0.315
#nskip_4= 3
#ra=    2.607364  02:36:26.5
#dec= -37.600622 -37:36:02.2
#     HJD      MAG_0  MAG_1  MAG_2  MAG_3  MAG_4    MER_0 MER_1 MER_2 MER_3 MER_4 GRADE FRAME
   1868.62361 12.836 12.863 12.840 12.781 12.736    0.058 0.024 0.020 0.022 0.025  A 72
   1869.61076 13.472 13.446 13.437 13.430 13.430    0.019 0.016 0.015 0.016 0.019  A 231
   1870.62450 13.452 13.482 13.490 13.513 13.445    0.061 0.025 0.022 0.025 0.027  A 385
   1871.63604 13.197 13.153 13.146 13.124 13.085    0.071 0.029 0.024 0.026 0.028  A 519
   1872.61846 13.292 13.338 13.287 13.289 13.327    0.053 0.022 0.019 0.021 0.023  A 672
   1873.62031 13.525 13.579 13.611 13.648 13.712    0.057 0.023 0.020 0.023 0.026  A 835
   1874.61657 13.333 13.376 13.388 13.391 13.383    0.055 0.021 0.018 0.021 0.023  A 995
   1875.61005 12.889 12.977 12.969 12.934 12.916    0.047 0.021 0.018 0.019 0.022  A 1153
   1876.60863 13.723 13.708 13.638 13.565 13.605    0.048 0.021 0.018 0.019 0.022  A 1313
   1877.60859 13.382 13.299 13.305 13.353 13.325    0.045 0.025 0.020 0.021 0.024  A 1474
   1879.60304 12.979 12.946 12.991 13.031 13.077    0.033 0.022 0.017 0.019 0.021  A 1785
   1881.59919 13.458 13.438 13.460 13.473 13.549    0.043 0.023 0.019 0.022 0.024  A 2096
   1884.57369 13.536 13.518 13.476 13.451 13.489    0.045 0.022 0.019 0.021 0.023  A 2235
   1885.59460 13.315 13.418 13.369 13.295 13.323    0.042 0.025 0.021 0.022 0.026  A 2405
   1886.60108 12.761 12.741 12.781 12.831 12.856    0.034 0.025 0.019 0.021 0.024  A 2567
   1887.58532 13.503 13.503 13.510 13.486 13.423    0.054 0.025 0.022 0.025 0.027  A 2720
   1888.59437 13.360 13.398 13.392 13.399 13.434    0.036 0.021 0.020 0.024 0.027  A 2884
   1900.55254 12.886 12.933 12.930 12.972 13.004    0.040 0.025 0.020 0.022 0.025  A 3315
   1903.54692 13.250 13.293 13.284 13.254 13.274    0.042 0.021 0.018 0.019 0.022  A 3628
   1905.55663 13.447 13.427 13.483 13.580 13.568    0.040 0.020 0.016 0.018 0.020  A 3954
   1907.55969 13.161 13.287 13.295 13.244 13.220    0.030 0.023 0.017 0.018 0.020  A 4278
   1914.53663 13.165 13.141 13.109 13.093 13.076    0.042 0.022 0.019 0.021 0.025  A 4725
   1918.53681 13.030 13.036 13.037 13.033 13.003    0.035 0.025 0.021 0.024 0.027  A 5099
   1920.59418 13.411 13.457 13.403 13.373 13.331    0.032 0.025 0.021 0.024 0.027  A 5444
   1922.59260 12.907 12.939 12.978 13.031 13.032    0.031 0.026 0.019 0.021 0.023  A 5755
   1924.58806 13.415 13.372 13.324 13.272 13.226    0.039 0.024 0.020 0.022 0.025  A 6086
   1926.58749 12.822 12.820 12.830 12.843 12.825    0.040 0.027 0.021 0.022 0.025  A 6425
   1928.60786 13.444 13.440 13.483 13.523 13.543    0.032 0.023 0.017 0.019 0.023  A 6765
   1931.54242 13.522 13.529 13.494 13.488 13.491    0.032 0.027 0.019 0.021 0.023  A 7222
   1934.53413 13.518 13.514 13.556 13.540 13.536    0.034 0.028 0.021 0.022 0.024  A 7711
   1938.53916 13.488 13.522 13.532 13.467 13.531    0.033 0.027 0.020 0.020 0.023  A 8233
   1947.53173 13.020 13.014 13.048 13.038 12.944    0.034 0.026 0.021 0.025 0.029  A 8892
   1950.55110 13.382 13.358 13.411 13.479 13.527    0.044 0.034 0.024 0.023 0.025  A 9329
   1965.51033 12.966 12.951 12.944 12.950 12.955    0.038 0.036 0.027 0.029 0.029  A 11123
   2056.93518 13.459 13.557 13.627 13.691 13.744    0.078 0.036 0.031 0.033 0.036  B 20827
   2069.93192 13.003 13.011 13.030 13.090 13.092    0.061 0.030 0.027 0.031 0.035  A 22427
   2080.91735 13.027 13.022 13.042 13.015 12.974    0.058 0.028 0.024 0.026 0.030  A 23021
   2086.88364 13.276 13.308 13.228 13.132 13.116    0.066 0.030 0.025 0.026 0.029  A 24148
   2088.87513 13.705 13.678 13.783 13.979 14.101    0.063 0.028 0.023 0.026 0.028  A 24596
   2094.83294 13.011 12.983 12.978 12.973 12.969    0.066 0.031 0.028 0.031 0.036  A 25085
   2095.88256 13.396 13.416 13.538 13.776 13.723    0.075 0.032 0.028 0.031 0.035  B 25333
   2096.86689 13.592 13.639 13.666 13.680 13.754    0.063 0.032 0.031 0.034 0.039  A 25552
   2103.83201 13.437 13.472 13.483 13.432 13.300    0.060 0.032 0.027 0.030 0.032  A 25895
   2104.88457 13.393 13.457 13.449 13.389 13.429    0.056 0.028 0.025 0.028 0.032  A 26116
   2105.89656 13.256 13.197 13.194 13.179 13.184    0.061 0.029 0.025 0.027 0.031  A 26344
   2113.91474 12.792 12.772 12.778 12.792 12.772    0.045 0.027 0.023 0.024 0.027  A 26670
   2115.86909 13.373 13.382 13.414 13.423 13.438    0.039 0.026 0.022 0.023 0.025  A 26966
   2117.82555 13.525 13.488 13.446 13.433 13.486    0.052 0.028 0.023 0.025 0.027  A 27387
   2128.77889 13.456 13.525 13.526 13.454 13.314    0.049 0.026 0.023 0.026 0.030  A 28001
   2129.78809 13.337 13.329 13.304 13.223 13.133    0.060 0.029 0.023 0.025 0.027  A 28220
   2130.79388 13.023 13.077 13.109 13.149 13.146    0.055 0.027 0.023 0.024 0.027  A 28438
   2131.80361 13.677 13.689 13.623 13.484 13.457    0.060 0.027 0.023 0.025 0.027  A 28643
   2132.82188 13.607 13.502 13.538 13.617 13.637    0.061 0.026 0.023 0.025 0.029  A 28863
   2133.83098 13.251 13.265 13.317 13.368 13.301    0.060 0.029 0.024 0.026 0.030  A 29083
   2134.83119 12.987 13.035 13.051 13.059 13.083    0.060 0.031 0.026 0.027 0.028  A 29297
   2135.83669 13.673 13.790 13.960 14.115 14.006    0.063 0.037 0.034 0.040 0.044  A 29514
   2136.86274 13.549 13.541 13.495 13.434 13.431    0.043 0.026 0.022 0.022 0.025  A 29739
   2140.81905 13.257 13.292 13.317 13.369 13.467    0.071 0.038 0.028 0.030 0.034  A 30262
   2143.82840 13.381 13.435 13.420 13.418 13.424    0.062 0.035 0.028 0.029 0.033  A 30882
   2144.83082 13.181 13.204 13.167 13.135 13.133    0.056 0.028 0.024 0.027 0.031  A 31086
   2194.69869 13.453 13.399 13.358 13.331 13.373    0.038 0.034 0.027 0.026 0.028  A 35677
   2198.69102 13.266 13.291 13.242 13.197 13.130    0.045 0.038 0.031 0.032 0.035  A 36337
   2445.89603 13.418 13.400 13.378 13.400 13.501    0.026 0.023 0.017 0.018 0.020  A 9209
   2460.86001 13.159 13.156 13.199 13.169 13.149    0.037 0.037 0.026 0.028 0.027  A 10300
   2466.86077 13.486 13.468 13.510 13.556 13.483    0.032 0.033 0.022 0.023 0.022  A 11376
   2468.85577 12.921 12.873 12.852 12.849 12.845    0.033 0.035 0.024 0.025 0.026  A 11809
   2470.89963 29.999 29.999 29.999 29.999 29.999    0.035 0.034 0.026 0.032 0.026  C 12111
   2486.83235 12.713 12.723 12.790 12.796 12.840    0.047 0.043 0.037 0.046 0.048  A 13409
   2495.83968 13.308 13.313 13.379 13.387 13.377    0.033 0.032 0.026 0.033 0.027  A 14889
   2497.84866 12.725 12.685 12.725 12.777 12.742    0.042 0.039 0.034 0.038 0.035  A 15317
   2499.84883 13.509 13.545 13.620 13.644 13.716    0.031 0.033 0.024 0.026 0.022  A 15739
   2501.83393 13.372 13.401 13.559 13.669 13.656    0.030 0.033 0.025 0.028 0.023  A 16094
   2502.83328 13.480 13.416 13.478 13.528 13.563    0.031 0.029 0.023 0.026 0.023  A 16307
   2508.79783 13.334 13.382 13.424 13.417 13.512    0.033 0.034 0.027 0.030 0.033  A 16859
   2511.76085 29.999 29.999 29.999 29.999 29.999    0.056 0.050 0.044 0.048 0.048  C 17143
   2520.76447 29.999 29.999 29.999 29.999 29.999    0.044 0.038 0.027 0.027 0.025  C 18254
   2521.74291 13.198 13.184 13.129 13.097 13.095    0.032 0.028 0.022 0.022 0.023  A 18441
   2538.85333 29.999 29.999 29.999 29.999 29.999    0.081 0.066 0.058 0.067 0.064  D 19424
   2540.71722 12.889 12.960 12.966 12.982 13.026    0.029 0.027 0.025 0.025 0.027  A 19744
   2544.79001 12.824 12.776 12.767 12.760 12.718    0.023 0.022 0.017 0.018 0.020  A 20047
   2549.69012 13.457 13.446 13.484 13.479 13.548    0.067 0.058 0.044 0.030 0.026  B 20800
   2553.68146 13.067 13.199 13.238 13.280 13.253    0.040 0.038 0.031 0.038 0.029  A 21342
   2554.74336 12.926 12.937 13.007 13.053 13.030    0.041 0.038 0.032 0.037 0.033  A 21553
   2556.75620 13.139 13.256 13.395 13.428 13.385    0.029 0.031 0.024 0.028 0.022  A 21741
   2558.65828 13.632 13.613 13.564 13.548 13.573    0.027 0.023 0.016 0.016 0.018  A 22055
   2559.72395 13.549 13.576 13.573 13.578 13.717    0.025 0.031 0.023 0.026 0.025  A 22264
   2560.73068 13.466 13.447 13.460 13.483 13.538    0.024 0.022 0.019 0.019 0.020  A 22445
   2561.74071 13.173 13.111 13.078 13.048 13.035    0.027 0.017 0.015 0.018 0.021  A 22598
   2562.71223 13.542 13.571 13.545 13.594 13.584    0.024 0.024 0.020 0.024 0.023  A 22765
   2563.72091 13.450 13.438 13.464 13.490 13.489    0.033 0.029 0.022 0.020 0.022  A 22949
   2564.71851 13.379 13.456 13.388 13.352 13.291    0.037 0.033 0.024 0.025 0.026  A 23126
   2565.72856 12.949 12.978 13.003 12.986 13.004    0.027 0.022 0.019 0.020 0.023  A 23310
   2566.75849 13.593 13.555 13.551 13.550 13.637    0.043 0.049 0.044 0.041 0.038  A 23501
   2574.76439 13.381 13.429 13.457 13.515 13.583    0.037 0.040 0.038 0.044 0.035  A 24401
   2577.71267 13.545 13.446 13.457 13.457 13.475    0.041 0.040 0.031 0.038 0.031  A 24808
   2578.81086 13.442 13.547 13.594 13.502 13.418    0.039 0.036 0.030 0.032 0.033  A 25019
   2621.63262 13.503 13.504 13.452 13.381 13.433    0.037 0.020 0.017 0.019 0.021  A 29797
   2622.70050 13.379 13.502 13.500 13.478 13.539    0.049 0.024 0.021 0.023 0.026  A 29993
   2624.71732 13.643 13.589 13.536 13.539 13.579    0.049 0.024 0.022 0.027 0.030  A 30285
   2627.72425 12.742 12.728 12.761 12.791 12.828    0.035 0.025 0.024 0.027 0.031  A 30608
   2629.73601 13.439 13.500 13.529 13.510 13.575    0.037 0.023 0.021 0.024 0.027  A 30913
   2635.64471 13.481 13.508 13.540 13.492 13.512    0.027 0.037 0.020 0.020 0.020  A 32230
   2637.65772 13.037 12.992 12.992 13.023 13.063    0.036 0.030 0.020 0.017 0.019  A 32527
   2639.65530 13.589 13.563 13.559 13.531 13.462    0.043 0.041 0.027 0.022 0.022  A 32834
   2641.65790 99.999 99.999 99.999 99.999 99.999    0.041 0.030 0.019 0.020 0.022  C 33118
   2643.66493 13.453 13.471 13.528 13.539 13.508    0.035 0.029 0.020 0.020 0.022  A 33432
   2645.63538 13.472 13.506 13.430 13.362 13.312    0.033 0.036 0.023 0.020 0.022  A 33717
   2650.59432 13.590 13.544 13.680 13.767 13.833    0.039 0.030 0.020 0.021 0.021  A 34262
   2652.59994 13.522 13.454 13.450 13.420 13.412    0.036 0.048 0.030 0.031 0.026  A 34570
   2654.60787 13.294 13.316 13.278 13.257 13.239    0.052 0.053 0.034 0.027 0.026  A 34883
   2657.63171 13.542 13.600 13.513 13.412 13.370    0.034 0.036 0.026 0.028 0.032  A 35424
   2659.64337 12.905 12.931 12.961 12.982 12.978    0.033 0.024 0.022 0.025 0.029  A 35771
   2661.64043 13.278 13.314 13.324 13.345 13.217    0.036 0.036 0.019 0.021 0.024  A 36112
   2663.63914 13.143 13.225 13.249 13.219 13.160    0.033 0.023 0.021 0.022 0.025  A 36450
   2665.63186 13.265 13.323 13.400 13.474 13.481    0.031 0.028 0.020 0.020 0.022  A 36798
   2667.63120 13.442 13.432 13.444 13.382 13.281    0.029 0.036 0.022 0.020 0.022  A 37102
   2669.62059 13.237 13.276 13.270 13.216 13.137    0.022 0.020 0.019 0.022 0.024  A 37424
   2671.61956 13.632 13.489 13.419 13.393 13.367    0.030 0.020 0.019 0.022 0.024  A 37753
   2673.61400 12.971 12.990 13.004 13.019 13.020    0.032 0.021 0.019 0.021 0.022  A 38088
   2675.60169 13.571 13.564 13.579 13.527 13.456    0.035 0.024 0.022 0.025 0.029  A 38442
   2677.58337 12.908 12.911 12.902 12.897 12.849    0.026 0.020 0.019 0.020 0.023  A 38781
   2679.57349 13.317 13.304 13.330 13.392 13.408    0.026 0.025 0.024 0.026 0.027  A 39108
   2683.58013 13.345 13.433 99.999 99.999 99.999    0.025 0.022 0.021 0.024 0.027  C 39791
   2685.59264 13.834 13.854 13.945 14.049 14.053    0.036 0.024 0.024 0.029 0.033  A 40159
   2688.53149 13.511 13.529 13.518 13.481 13.306    0.032 0.021 0.020 0.023 0.026  A 40681
   2690.53792 13.188 13.198 13.212 13.194 13.179    0.034 0.020 0.017 0.019 0.022  A 41052
   2692.53521 13.548 13.464 13.461 13.467 13.408    0.040 0.021 0.019 0.019 0.021  A 41402
   2694.54145 13.200 13.216 13.220 13.248 13.266    0.023 0.023 0.020 0.021 0.024  A 41729
   2696.54151 13.737 13.796 13.858 13.894 14.539    0.027 0.023 0.020 0.021 0.025  A 42061
   2698.53570 13.230 13.252 13.181 13.146 13.147    0.029 0.021 0.019 0.022 0.024  A 42467
   2702.53473 12.866 12.857 12.838 12.790 12.764    0.024 0.020 0.019 0.021 0.023  A 43235
   2704.52343 13.413 13.360 13.304 13.239 13.259    0.026 0.019 0.017 0.019 0.021  A 43614
   2706.51922 13.661 13.689 13.623 13.532 13.469    0.026 0.020 0.018 0.020 0.022  A 43982
   2710.52407 13.482 13.446 13.425 13.402 13.411    0.024 0.023 0.021 0.023 0.025  A 44703
   2713.51879 13.077 13.139 13.212 13.157 12.927    0.034 0.032 0.033 0.041 0.050  A 45270
   2717.49885 13.687 13.717 13.740 13.682 13.629    0.030 0.025 0.027 0.032 0.038  A 45799
   2720.49500 12.968 13.014 13.049 13.072 13.134    0.027 0.023 0.022 0.026 0.030  A 46237
   2723.49273 13.060 13.032 13.062 13.097 13.160    0.024 0.023 0.021 0.023 0.027  A 46812
   2728.48469 13.442 13.419 13.442 13.473 13.423    0.026 0.022 0.021 0.023 0.027  A 47794
   2786.93547 13.318 13.258 13.277 13.331 13.402    0.033 0.036 0.031 0.032 0.033  A 56695
   2805.92202 13.181 13.184 13.266 13.344 13.375    0.031 0.031 0.025 0.028 0.032  A 59282
   2810.89018 13.609 13.684 13.807 13.848 13.858    0.029 0.024 0.020 0.023 0.025  A 59837
   2812.91377 13.360 13.418 13.513 13.578 13.588    0.027 0.024 0.023 0.025 0.031  A 60300
   2820.92531 12.912 12.914 12.956 12.971 12.947    0.029 0.037 0.028 0.030 0.032  A 61633
   2830.85449 29.999 29.999 29.999 29.999 29.999    0.083 0.084 0.083 0.091 0.100  D 62597
   2832.89872 13.567 13.648 13.574 13.586 13.626    0.021 0.032 0.021 0.025 0.024  A 63063
   2836.85893 29.999 29.999 29.999 29.999 29.999    0.031 0.030 0.028 0.035 0.041  C 63769
   2843.88179 13.446 13.448 13.455 13.444 13.524    0.024 0.026 0.019 0.021 0.024  A 65014
   2853.85704 13.162 13.213 13.353 13.501 13.862    0.053 0.052 0.052 0.060 0.069  B 65753
   2859.80800 13.125 13.107 13.065 13.051 13.030    0.025 0.024 0.019 0.021 0.024  A 66612
   2861.83577 29.999 29.999 29.999 29.999 29.999    0.026 0.026 0.021 0.024 0.027  C 67045
   2875.88550 13.318 13.262 13.285 13.317 13.337    0.036 0.016 0.016 0.018 0.020  A 68656
   2877.83324 13.177 13.221 13.215 13.252 13.249    0.055 0.045 0.036 0.036 0.035  A 69032
   2880.81781 29.999 29.999 29.999 29.999 29.999    0.061 0.062 0.069 0.086 0.098  D 69439
   2884.72026 13.217 13.203 13.114 13.112 13.153    0.027 0.030 0.022 0.024 0.026  A 69854
   2886.76436 13.382 13.419 13.407 13.435 13.475    0.031 0.042 0.022 0.025 0.025  A 70291
   2892.83268 13.166 13.169 13.131 13.054 13.057    0.037 0.030 0.025 0.026 0.030  A 70759
   2894.74685 13.326 13.362 13.392 13.437 13.424    0.023 0.030 0.023 0.024 0.027  A 71121
   2896.75727 13.459 13.507 13.434 13.470 13.565    0.022 0.038 0.027 0.034 0.030  A 71522
   2900.75157 13.657 13.584 13.587 13.628 13.582    0.021 0.023 0.021 0.021 0.023  A 72272
   2903.83743 13.109 13.115 13.172 13.225 13.255    0.025 0.024 0.021 0.023 0.027  A 72749
   2906.74723 13.161 13.183 13.210 13.246 13.227    0.021 0.037 0.026 0.029 0.023  A 73223
   2909.72613 13.283 13.240 13.259 13.285 13.300    0.020 0.021 0.017 0.018 0.020  A 73631
   2911.70960 13.592 13.668 13.684 13.762 13.857    0.025 0.034 0.022 0.025 0.026  A 73945
   2913.69576 12.956 12.913 12.901 12.849 12.797    0.036 0.053 0.040 0.042 0.039  A 74290
   2918.70515 29.999 29.999 29.999 29.999 29.999    0.035 0.038 0.043 0.053 0.066  C 74918
   2921.75796 12.867 12.806 12.816 12.835 12.920    0.036 0.034 0.031 0.036 0.044  A 75129
   2923.73262 13.192 13.221 13.189 13.203 13.142    0.024 0.030 0.023 0.025 0.027  A 75497
   2926.74570 13.461 13.487 13.470 13.449 13.593    0.021 0.027 0.021 0.025 0.025  A 75862
   2930.73646 13.490 13.516 13.528 13.579 13.631    0.023 0.022 0.017 0.018 0.020  A 76580
   2932.72678 13.198 13.232 13.195 13.156 13.162    0.020 0.027 0.019 0.023 0.024  A 76932
   2934.72164 13.352 13.312 13.292 13.272 13.390    0.022 0.038 0.025 0.026 0.023  A 77284
   2940.66930 13.412 13.485 13.504 13.531 13.529    0.032 0.019 0.016 0.018 0.021  A 78015
   2942.67074 13.006 12.981 12.998 12.990 12.998    0.022 0.030 0.024 0.028 0.024  A 78215
   2944.67898 13.495 13.483 13.459 13.445 13.457    0.025 0.023 0.019 0.022 0.025  A 78543
   2946.65318 13.062 13.061 13.158 13.231 13.187    0.019 0.028 0.021 0.022 0.022  A 78833
   2948.70914 13.572 13.648 13.694 13.695 13.488    0.030 0.028 0.021 0.024 0.026  A 79140
   2950.67085 13.776 13.903 14.083 14.316 14.342    0.026 0.027 0.026 0.030 0.034  A 79457
   2954.70235 13.573 13.504 13.616 13.760 13.706    0.025 0.027 0.025 0.029 0.033  A 79967
   2958.72230 13.512 13.562 13.438 13.314 13.286    0.022 0.022 0.018 0.021 0.024  A 80557
   2960.69578 13.120 13.180 13.171 13.163 13.204    0.029 0.024 0.021 0.023 0.027  A 80801
   2964.73080 13.010 13.013 13.015 13.015 13.018    0.025 0.026 0.022 0.023 0.026  A 81382
   2966.73157 13.414 13.476 13.465 13.433 13.453    0.027 0.029 0.027 0.030 0.034  A 81668
   2968.77569 13.103 13.126 13.169 13.295 13.343    0.025 0.024 0.025 0.030 0.034  A 81960
   2971.57590 13.222 13.224 13.201 13.237 13.304    0.039 0.052 0.053 0.055 0.055  B 82221
   2973.61481 13.416 13.451 13.472 13.416 13.354    0.027 0.021 0.020 0.022 0.026  A 82459
   2975.60810 13.359 13.461 13.565 13.578 13.561    0.028 0.025 0.022 0.025 0.028  A 82703
   2977.63308 13.491 13.489 13.525 13.613 13.634    0.025 0.027 0.022 0.025 0.028  A 82984
   2979.65471 29.999 29.999 29.999 29.999 29.999    0.031 0.038 0.039 0.043 0.046  C 83261
   2981.67384 13.515 13.576 13.665 13.654 13.650    0.024 0.024 0.024 0.029 0.035  A 83524
   2985.74078 13.454 13.401 13.423 13.474 13.481    0.025 0.023 0.023 0.028 0.033  A 84076
   2988.65491 13.355 13.360 13.341 13.320 13.390    0.040 0.044 0.047 0.049 0.051  B 84395
   2990.72101 13.033 12.976 12.908 12.891 12.904    0.026 0.022 0.022 0.024 0.027  A 84675
   2992.73867 13.535 13.475 13.380 13.335 13.305    0.024 0.023 0.021 0.024 0.027  A 84958
   2995.60050 13.435 13.423 13.442 13.474 13.518    0.028 0.024 0.022 0.025 0.029  A 85294
   2997.62919 13.684 13.632 13.566 13.522 13.500    0.024 0.025 0.021 0.024 0.026  A 85580
   3000.62100 12.947 12.920 12.897 12.877 12.863    0.024 0.022 0.021 0.024 0.028  A 85849
   3008.64664 13.612 13.523 13.485 13.453 13.364    0.028 0.024 0.023 0.026 0.030  A 86846
   3010.66391 13.213 13.391 13.447 13.413 13.281    0.028 0.028 0.026 0.030 0.035  A 87121
   3016.58026 13.504 13.445 13.418 13.427 13.423    0.042 0.039 0.041 0.048 0.056  A 87721
   3018.59168 12.730 12.798 12.846 12.896 12.921    0.054 0.043 0.044 0.048 0.051  A 87997
   3030.57363 13.612 13.563 13.528 13.593 13.696    0.044 0.053 0.055 0.056 0.058  B 88709
   3034.64419 29.999 29.999 29.999 29.999 29.999    0.043 0.059 0.062 0.067 0.072  D 89137
   3037.59580 13.489 13.550 13.579 13.577 13.494    0.028 0.028 0.025 0.028 0.033  A 89459
   3042.57946 13.274 13.275 13.341 13.383 13.430    0.028 0.028 0.028 0.032 0.037  A 89774
   3045.55734 13.558 13.676 13.700 13.676 13.559    0.029 0.024 0.022 0.025 0.029  A 90167
   3048.55018 13.532 13.512 13.471 13.426 13.536    0.045 0.053 0.061 0.064 0.068  D 90567
   3054.53928 12.858 12.881 12.925 12.966 12.989    0.026 0.023 0.022 0.026 0.029  A 91370
   3056.56164 13.291 13.336 13.356 13.355 13.310    0.025 0.023 0.023 0.027 0.030  A 91653
   3059.52452 13.715 13.919 13.848 13.651 13.489    0.063 0.054 0.060 0.070 0.081  D 92043
   3061.56387 12.971 12.898 12.899 12.902 12.949    0.027 0.026 0.026 0.030 0.034  A 92333
   3068.52552 12.891 12.887 12.839 12.772 12.706    0.030 0.030 0.032 0.038 0.046  A 93154
   3071.52045 13.183 13.227 13.313 13.353 13.286    0.030 0.029 0.029 0.037 0.043  A 93590
   3078.50490 13.257 13.212 13.176 13.125 99.999    0.023 0.025 0.021 0.024 0.028  C 94525
   3081.50621 13.364 13.398 13.384 13.371 13.339    0.026 0.024 0.022 0.024 0.028  A 94962
   3089.49408 29.999 29.999 29.999 29.999 29.999    0.072 0.072 0.079 0.095 0.112  D 95865
   3179.92040 13.134 13.163 13.193 13.283 13.372    0.028 0.024 0.022 0.025 0.029  A 107297
   3183.92777 13.060 13.066 13.098 13.129 13.104    0.036 0.032 0.031 0.035 0.041  A 107755
   3266.80663 12.653 12.705 12.762 12.798 12.817    0.034 0.034 0.031 0.038 0.045  A 115244
   3268.80956 29.999 29.999 29.999 29.999 29.999    0.047 0.053 0.053 0.063 0.076  D 115547
   3272.79697 13.290 13.360 13.385 13.413 13.438    0.034 0.031 0.025 0.029 0.035  A 116117
   3277.83325 12.814 12.791 12.749 12.720 12.684    0.050 0.033 0.028 0.032 0.037  A 116761
   3280.71867 12.748 12.781 12.742 12.754 12.729    0.063 0.044 0.041 0.048 0.056  A 117126
   3295.66261 13.571 13.595 13.642 13.658 13.633    0.035 0.032 0.021 0.023 0.024  A 118534
   3356.59630 13.670 13.752 13.800 13.780 13.751    0.091 0.050 0.044 0.045 0.047  B 124460
   3383.66767 13.787 13.935 13.962 14.035 14.457    0.036 0.028 0.030 0.035 0.041  A 125768
   3394.63310 13.446 13.356 13.473 13.695 13.580    0.031 0.027 0.028 0.033 0.037  A 127138
   3396.63875 13.589 13.670 13.961 14.502 14.721    0.037 0.027 0.029 0.036 0.042  A 127378
   3403.56596 13.551 13.552 13.529 13.485 99.999    0.046 0.029 0.026 0.028 0.030  C 128225
   3405.58225 13.331 13.396 13.438 13.465 13.502    0.041 0.026 0.026 0.028 0.029  A 128543
   3409.61085 13.282 13.277 13.328 13.426 13.538    0.037 0.028 0.029 0.032 0.036  A 129179
   3412.56600 13.375 13.285 13.259 13.237 13.178    0.077 0.035 0.030 0.032 0.036  B 129603
   3414.57319 13.598 13.637 13.806 14.089 13.860    0.079 0.040 0.038 0.041 0.047  B 129921
   3416.58212 13.311 13.252 13.287 13.348 13.418    0.039 0.034 0.035 0.041 0.049  A 130248
   3418.58790 13.394 13.275 13.131 12.997 12.910    0.083 0.042 0.038 0.044 0.049  B 130560
   3421.54805 13.583 13.543 13.455 13.389 13.361    0.067 0.038 0.038 0.043 0.049  A 131024
   3426.54899 13.875 13.811 13.839 13.832 13.660    0.069 0.033 0.031 0.035 0.039  A 131810
   3433.54515 13.466 13.422 13.426 13.467 13.444    0.055 0.029 0.027 0.030 0.033  A 132658
   3437.51443 13.276 13.358 13.300 13.300 13.247    0.057 0.054 0.061 0.063 0.065  D 133096
   3440.50948 13.580 13.587 13.572 13.582 13.633    0.033 0.038 0.029 0.029 0.033  A 133440
   3444.50539 13.503 13.361 13.253 13.179 13.157    0.070 0.035 0.035 0.040 0.046  A 133875
   3447.51533 13.607 13.575 13.469 13.380 13.297    0.100 0.049 0.044 0.048 0.053  D 134703
   3455.48345 13.355 13.389 13.299 13.169 13.143    0.073 0.037 0.034 0.040 0.048  A 135950
   3459.48066 13.126 13.071 13.050 13.111 13.224    0.051 0.033 0.030 0.036 0.042  A 136662
   3543.93556 13.561 13.478 13.275 13.138 13.154    0.041 0.028 0.031 0.037 0.043  A 147646
   3554.92240 13.597 13.601 13.684 13.743 13.631    0.041 0.034 0.031 0.034 0.039  A 148853
   3560.91439 13.135 13.168 13.163 13.147 13.126    0.064 0.040 0.037 0.039 0.044  A 149654
   3564.89647 12.894 12.857 12.820 12.789 12.744    0.039 0.031 0.028 0.031 0.036  A 150335
   3570.84848 13.176 13.145 13.144 13.170 13.203    0.030 0.027 0.023 0.026 0.030  A 150828
   3573.90141 13.242 13.357 13.405 13.518 13.731    0.043 0.038 0.034 0.040 0.046  A 151200
   3583.88930 13.626 13.633 13.644 13.618 13.559    0.051 0.030 0.024 0.026 0.030  A 152922
   3586.88432 13.132 13.133 13.150 13.156 13.131    0.066 0.031 0.026 0.028 0.033  A 153433
   3589.87551 12.968 13.003 12.977 12.956 12.940    0.057 0.033 0.029 0.032 0.036  A 153923
   3592.86256 13.188 13.253 13.294 13.338 13.356    0.038 0.025 0.025 0.029 0.032  A 154436
   3596.86535 13.152 13.139 13.073 13.032 12.991    0.051 0.038 0.036 0.038 0.043  A 155036
   3600.85942 12.731 12.703 12.710 12.752 12.700    0.041 0.032 0.032 0.039 0.046  A 155462
   3603.83415 13.156 13.143 13.148 13.123 13.130    0.037 0.033 0.032 0.038 0.044  A 155949
   3617.83907 13.187 13.156 13.226 13.361 13.386    0.041 0.035 0.029 0.032 0.037  A 157202
   3620.83269 13.440 13.495 13.524 13.560 13.577    0.071 0.039 0.034 0.036 0.040  A 157652
   3624.78728 13.360 13.360 13.390 13.398 13.368    0.030 0.029 0.022 0.024 0.027  A 158096
   3628.77395 13.050 13.065 13.116 13.190 13.149    0.036 0.032 0.024 0.026 0.029  A 158495
   3630.78882 13.420 13.378 13.352 13.384 13.476    0.045 0.034 0.029 0.034 0.039  A 158839
   3632.81648 13.166 13.116 13.069 13.010 12.929    0.054 0.033 0.029 0.034 0.039  A 159158
   3638.80331 13.321 13.332 13.273 13.235 13.282    0.033 0.032 0.023 0.024 0.027  A 159833
   3641.76720 13.510 13.548 13.653 13.799 13.850    0.059 0.045 0.038 0.040 0.044  A 160220
   3644.72853 13.720 13.779 13.684 13.541 13.419    0.068 0.044 0.042 0.046 0.052  A 160637
   3651.69657 13.504 13.510 13.542 13.583 13.546    0.037 0.027 0.022 0.025 0.029  A 161466
   3653.76517 13.317 13.369 13.376 13.326 13.225    0.048 0.038 0.037 0.044 0.052  A 161785
   3655.72275 13.556 13.583 13.605 13.624 13.538    0.063 0.035 0.029 0.031 0.033  A 162048
   3659.73375 13.515 13.500 13.513 13.484 13.467    0.034 0.029 0.028 0.033 0.039  A 162663
   3661.79061 13.075 13.094 13.172 13.198 13.150    0.050 0.034 0.031 0.037 0.041  A 162986
   3664.67944 12.975 13.038 13.109 13.190 13.180    0.043 0.028 0.025 0.028 0.033  A 163369
   3666.77161 13.516 13.515 13.554 13.570 13.554    0.035 0.025 0.024 0.028 0.032  A 163699
   3670.61702 13.270 13.212 13.157 13.109 13.046    0.030 0.024 0.021 0.022 0.025  A 164107
   3672.69519 13.461 13.472 13.526 13.576 13.522    0.041 0.025 0.020 0.022 0.024  A 164418
   3674.78866 13.566 13.416 13.356 13.349 13.376    0.051 0.026 0.022 0.024 0.028  A 164737
   3677.66107 13.313 13.331 13.348 13.373 13.401    0.056 0.031 0.025 0.027 0.031  A 165122
   3700.73511 13.322 13.326 13.405 13.559 13.625    0.051 0.032 0.031 0.035 0.041  A 168073
   3703.61612 13.073 13.163 13.172 13.170 13.204    0.052 0.029 0.024 0.026 0.029  A 168420
   3705.73958 13.445 13.350 13.302 13.289 13.228    0.044 0.032 0.031 0.038 0.045  A 168740
   3708.62904 13.570 13.694 13.790 13.896 13.886    0.038 0.024 0.022 0.024 0.028  A 169118
   3712.60825 13.603 13.612 13.577 13.548 13.479    0.035 0.024 0.021 0.024 0.028  A 169394
   3714.61801 13.064 13.063 13.062 13.056 13.052    0.059 0.034 0.029 0.031 0.033  A 169683
   3716.72389 13.506 13.531 13.587 13.665 13.593    0.032 0.027 0.027 0.033 0.039  A 169974
   3718.68064 13.250 13.206 13.243 13.222 13.136    0.044 0.029 0.027 0.031 0.037  A 170215
   3720.77008 13.478 13.424 13.376 13.370 13.382    0.056 0.033 0.034 0.042 0.048  A 170482
   3726.61151 13.590 13.712 13.845 14.035 13.984    0.045 0.028 0.025 0.028 0.032  A 171127
   3728.66395 13.491 13.453 13.508 13.612 13.736    0.081 0.042 0.036 0.041 0.047  B 171421
   3732.62261 13.131 12.982 12.900 12.856 12.860    0.071 0.036 0.031 0.036 0.041  A 171817
   3735.62187 13.824 13.703 13.763 13.826 13.888    0.078 0.041 0.037 0.042 0.046  B 172207
   3737.71795 12.778 12.842 12.895 12.929 12.933    0.039 0.025 0.024 0.026 0.030  A 172516
   3740.56925 13.118 13.115 13.141 13.188 13.238    0.061 0.032 0.027 0.029 0.031  A 172883
   3742.63687 13.387 13.452 13.480 13.398 13.271    0.068 0.033 0.026 0.028 0.030  A 173144
   3745.62217 13.695 13.742 13.785 13.826 13.709    0.044 0.027 0.024 0.028 0.032  A 173552
   3747.69236 13.376 13.383 13.416 13.445 13.369    0.035 0.032 0.035 0.042 0.050  A 173833
   3750.59633 13.198 13.184 13.197 13.187 13.115    0.040 0.029 0.028 0.034 0.040  A 174225
   3753.61352 13.456 13.458 13.456 13.434 13.430    0.032 0.022 0.022 0.027 0.032  A 174640
   3755.64601 13.085 13.068 13.040 13.017 13.064    0.061 0.033 0.029 0.033 0.037  A 174923
   3758.59127 12.851 12.863 12.880 12.910 12.952    0.032 0.024 0.023 0.027 0.032  A 175327
   3760.65313 13.612 13.694 13.633 13.567 13.637    0.074 0.034 0.030 0.033 0.035  B 175627
   3763.60718 13.722 13.709 13.597 13.490 13.384    0.059 0.037 0.038 0.043 0.050  A 176006
   3766.57797 13.406 13.525 13.543 13.564 13.591    0.083 0.060 0.046 0.044 0.049  B 176420
   3769.56587 13.570 13.484 13.492 13.552 13.598    0.066 0.037 0.036 0.038 0.043  A 176807
   3771.60529 13.568 13.620 13.722 13.937 13.999    0.038 0.036 0.034 0.038 0.043  A 177109
   3774.57545 13.504 13.466 13.393 13.316 13.286    0.058 0.032 0.030 0.035 0.040  A 177485
   3776.60023 12.921 12.923 12.934 12.937 12.966    0.040 0.032 0.035 0.041 0.048  A 177784
   3779.56536 12.966 13.048 13.019 12.967 12.943    0.056 0.033 0.033 0.040 0.049  A 178228
   3783.55793 12.941 12.919 12.902 12.881 12.948    0.056 0.037 0.038 0.046 0.054  A 178645
   3789.56493 13.580 13.507 13.470 13.472 13.404    0.053 0.041 0.041 0.045 0.053  A 179089
   3792.54347 13.679 13.579 13.492 13.437 13.397    0.038 0.029 0.031 0.037 0.042  A 179522
   3795.53722 13.532 13.494 13.510 13.574 13.594    0.035 0.031 0.030 0.033 0.039  A 179945
   3798.52913 13.581 13.605 13.648 13.664 13.733    0.039 0.026 0.026 0.031 0.036  A 180365
   3801.52434 12.778 12.783 12.718 12.650 12.577    0.057 0.031 0.029 0.035 0.042  A 180776
   3804.52388 13.304 13.378 13.447 13.514 13.500    0.038 0.029 0.029 0.034 0.041  A 181130
   3808.51648 12.980 13.069 13.124 13.157 13.089    0.039 0.032 0.032 0.040 0.049  A 181620
   3811.50903 13.442 13.475 13.481 13.463 13.358    0.031 0.027 0.029 0.035 0.041  A 182093
   3814.50368 13.446 13.512 13.582 13.549 13.445    0.034 0.028 0.030 0.037 0.044  A 182574
   3817.49377 13.460 13.452 13.454 13.401 13.220    0.038 0.028 0.027 0.032 0.038  A 183045
   3820.49485 13.501 13.472 13.432 13.389 13.439    0.052 0.030 0.029 0.035 0.041  A 183532
   3824.48253 13.484 13.464 13.490 13.531 13.468    0.072 0.038 0.033 0.038 0.043  A 184179
   3902.92249 13.458 13.547 13.542 13.426 13.417    0.040 0.030 0.028 0.031 0.038  A 195131
   3906.90244 13.432 13.548 13.514 13.388 13.416    0.078 0.039 0.033 0.035 0.039  B 195883
   4089.66044 13.317 13.354 13.393 13.401 13.348    0.063 0.040 0.031 0.035 0.037  A 209138
   4104.69750 29.999 29.999 29.999 29.999 29.999    0.062 0.044 0.043 0.050 0.059  C 210720
   4126.62642 13.288 13.324 13.306 13.230 13.298    0.070 0.039 0.035 0.037 0.042  A 211661
   4128.63899 12.962 12.989 13.017 13.062 13.061    0.064 0.036 0.038 0.043 0.047  A 211933
   4131.56436 12.973 13.010 13.021 13.018 13.012    0.034 0.025 0.025 0.027 0.031  A 212291
   4133.58293 13.558 13.714 13.798 13.755 13.598    0.048 0.029 0.029 0.033 0.040  A 212566
   4135.59737 12.952 12.975 13.057 13.154 13.169    0.038 0.028 0.028 0.034 0.039  A 212842
   4137.61355 13.590 13.570 13.676 13.832 13.902    0.032 0.024 0.024 0.028 0.033  A 213123
   4151.55999 13.600 13.644 13.729 13.752 13.761    0.028 0.023 0.021 0.023 0.027  A 214937
   4153.56546 13.013 12.955 12.931 12.936 12.943    0.034 0.026 0.023 0.025 0.028  A 215252
   4156.56047 13.322 13.256 13.182 13.048 12.918    0.039 0.027 0.029 0.033 0.037  A 215691
   4172.52568 29.999 29.999 29.999 29.999 29.999    0.043 0.038 0.044 0.054 0.067  C 217875
   4175.50504 13.101 12.930 12.891 12.840 12.794    0.082 0.071 0.073 0.078 0.083  D 218337
   4182.50338 12.718 12.711 12.703 12.714 12.684    0.052 0.051 0.054 0.058 0.063  B 219216
   4282.89924 12.992 12.990 12.857 12.798 12.812    0.060 0.052 0.055 0.065 0.075  D 229559
   4285.90963 13.440 13.495 13.590 13.740 13.771    0.053 0.038 0.032 0.037 0.043  A 230074
   4297.90096 12.690 12.668 12.639 12.639 12.610    0.053 0.060 0.061 0.065 0.069  D 231838
   4300.94111 13.325 13.357 13.340 13.379 13.537    0.055 0.040 0.034 0.038 0.044  A 232387
   4306.86301 13.318 13.344 13.359 13.397 13.415    0.033 0.031 0.023 0.024 0.027  A 233396
   4309.85873 29.999 29.999 29.999 29.999 29.999    0.034 0.032 0.028 0.032 0.038  C 233867
   4312.88655 13.075 13.082 13.156 13.326 13.537    0.070 0.048 0.046 0.055 0.067  B 234309
   4316.86596 13.660 13.682 13.705 13.775 13.846    0.037 0.033 0.025 0.028 0.032  A 234722
   4330.76075 13.597 13.639 13.749 13.811 13.759    0.157 0.097 0.068 0.056 0.039  D 235356
   4332.82732 13.134 13.164 13.095 12.950 12.922    0.069 0.059 0.061 0.067 0.072  D 235741
   4334.81634 13.526 13.527 13.552 13.561 13.593    0.038 0.030 0.023 0.025 0.028  A 236095
   4338.78557 13.372 13.526 13.591 13.652 13.659    0.035 0.033 0.025 0.028 0.031  A 236480
   4340.82097 12.795 12.705 12.670 12.653 12.704    0.064 0.069 0.068 0.073 0.076  D 236831
   4342.84773 29.999 29.999 29.999 29.999 29.999    0.051 0.049 0.052 0.057 0.063  C 237172
   4344.83534 13.237 13.235 13.174 13.118 13.064    0.056 0.061 0.061 0.067 0.072  D 237509
   4347.79680 12.653 12.661 12.639 12.650 12.674    0.078 0.073 0.072 0.072 0.075  D 238012
   4349.85129 13.554 13.478 13.552 13.658 13.749    0.044 0.033 0.027 0.030 0.034  A 238364
   4352.79422 13.704 13.759 13.764 13.890 13.978    0.032 0.032 0.027 0.029 0.032  A 238771
   4355.76541 29.999 29.999 29.999 29.999 29.999    0.030 0.029 0.024 0.027 0.031  C 239217
   4358.77067 13.043 12.997 13.009 12.969 12.896    0.038 0.036 0.029 0.029 0.032  A 239674
   4361.77123 13.138 13.161 13.189 13.196 13.235    0.044 0.043 0.039 0.044 0.046  A 240070
   4363.76880 13.626 13.616 13.698 13.921 14.156    0.032 0.031 0.023 0.026 0.029  A 240383
   4365.77072 12.864 12.809 12.817 12.835 12.808    0.034 0.033 0.025 0.026 0.029  A 240695
   4368.72511 12.703 12.785 12.837 12.825 12.828    0.047 0.046 0.044 0.050 0.057  B 241014
   4372.78551 12.921 12.963 12.895 12.744 12.592    0.043 0.034 0.034 0.038 0.045  A 241681
   4378.71818 13.252 13.264 13.388 13.619 13.894    0.043 0.036 0.032 0.037 0.045  A 242446
   4380.77129 29.999 29.999 29.999 29.999 29.999    0.041 0.035 0.032 0.037 0.043  C 242765
   4383.70202 13.114 13.153 13.142 13.175 13.189    0.044 0.031 0.023 0.025 0.028  A 243201
   4385.74726 13.692 13.738 13.706 13.685 13.568    0.033 0.031 0.023 0.024 0.026  A 243530
   4387.81806 12.705 12.680 12.718 12.787 12.810    0.037 0.036 0.032 0.034 0.040  A 243869
   4391.82088 12.914 12.883 12.945 13.085 13.208    0.054 0.050 0.055 0.068 0.083  D 244441
   4400.65186 13.217 13.190 13.096 12.996 13.023    0.050 0.050 0.056 0.070 0.085  D 244976
   4403.69745 13.379 13.324 13.199 13.150 13.124    0.036 0.032 0.028 0.031 0.035  A 245280
   4407.69263 13.366 13.357 13.335 13.276 13.284    0.047 0.035 0.031 0.034 0.038  A 245597
   4409.79958 13.008 12.984 13.001 13.054 13.074    0.038 0.031 0.028 0.031 0.037  A 245914
   4412.78197 12.950 12.988 12.991 12.991 12.928    0.048 0.033 0.027 0.030 0.034  A 246175
   4421.62349 13.396 13.378 13.415 13.417 13.485    0.047 0.032 0.026 0.028 0.031  A 246539
   4423.64433 13.584 13.613 13.658 13.664 13.842    0.035 0.031 0.030 0.036 0.044  A 246745
   4426.71595 12.977 13.069 13.093 13.045 12.994    0.047 0.042 0.047 0.056 0.065  B 246974
   4428.75896 13.454 13.487 13.499 13.524 13.554    0.043 0.032 0.030 0.035 0.042  A 247208
   4431.63041 13.447 13.469 13.447 13.417 13.387    0.035 0.031 0.029 0.032 0.036  A 247530
   4433.70703 13.097 13.120 13.092 13.051 12.969    0.057 0.035 0.029 0.033 0.039  A 247817
   4435.78116 13.445 13.477 13.472 13.444 13.467    0.064 0.039 0.033 0.036 0.042  A 248076
   4438.64238 13.608 13.687 13.708 13.714 13.668    0.065 0.039 0.036 0.040 0.044  A 248407
   4440.73874 13.210 13.192 13.258 13.306 13.359    0.035 0.030 0.023 0.025 0.028  A 248696
   4443.65222 13.412 13.466 13.468 13.489 13.486    0.034 0.032 0.028 0.030 0.033  A 248989
   4448.72482 12.843 12.772 12.745 12.702 12.698    0.034 0.029 0.026 0.029 0.033  A 249537
   4453.64391 29.999 29.999 29.999 29.999 29.999    0.048 0.037 0.035 0.040 0.050  C 250126
   4455.70324 12.890 12.855 12.894 12.904 12.934    0.071 0.049 0.048 0.056 0.061  B 250362
   4458.63536 13.150 13.155 13.151 13.132 13.164    0.043 0.033 0.030 0.035 0.042  A 250697
   4460.72459 29.999 29.999 29.999 29.999 29.999    0.051 0.040 0.037 0.042 0.050  C 250934
   4463.61023 13.783 13.806 13.739 13.664 13.700    0.067 0.043 0.032 0.034 0.036  A 251299
   4465.69546 13.446 13.411 13.354 13.253 13.226    0.037 0.033 0.033 0.039 0.045  A 251546
   4468.65735 13.449 13.344 13.289 13.284 13.382    0.038 0.028 0.026 0.031 0.035  A 251871
   4472.68508 13.305 13.464 13.762 14.283 15.296    0.042 0.032 0.035 0.043 0.051  A 252242
   4475.56484 13.229 13.229 13.165 13.152 13.171    0.040 0.030 0.026 0.030 0.034  A 252571
   4478.57487 13.513 13.499 13.429 13.315 13.274    0.091 0.064 0.051 0.042 0.045  D 252859
   4480.62394 13.090 13.236 13.314 13.358 13.284    0.045 0.040 0.044 0.052 0.060  B 253130
   4484.57582 29.999 29.999 29.999 29.999 29.999    0.069 0.050 0.053 0.057 0.060  C 253457
   4486.63406 13.355 13.384 13.409 13.442 13.395    0.040 0.033 0.034 0.042 0.050  A 253708
   4488.65564 29.999 29.999 29.999 29.999 29.999    0.044 0.041 0.047 0.060 0.073  D 253949
   4493.62670 13.454 13.499 13.526 13.639 13.793    0.030 0.026 0.023 0.026 0.032  A 254521
   4499.62094 13.872 14.039 14.115 14.126 14.183    0.048 0.035 0.034 0.038 0.042  A 255023
   4505.57947 12.950 12.911 12.959 12.980 12.979    0.041 0.036 0.037 0.043 0.051  A 255833
   4508.57497 13.592 13.742 13.905 14.071 14.088    0.061 0.041 0.041 0.047 0.053  A 256260
   4510.58693 13.648 13.811 13.856 13.897 13.858    0.043 0.040 0.041 0.047 0.054  A 256534
   4518.55384 13.552 13.626 13.689 13.811 13.983    0.034 0.033 0.034 0.042 0.051  A 257383
   4523.55967 12.994 13.016 13.133 13.286 13.393    0.044 0.039 0.033 0.040 0.051  A 258127
   4526.55194 13.092 12.993 99.999 99.999 99.999    0.043 0.041 0.043 0.048 0.056  C 258551
   4529.53796 29.999 29.999 29.999 29.999 29.999    0.038 0.035 0.036 0.043 0.052  C 259005
   4532.53000 13.373 13.435 13.522 13.565 13.655    0.033 0.031 0.029 0.033 0.040  A 259450
   4535.52453 13.503 13.481 13.482 13.541 13.589    0.038 0.034 0.033 0.036 0.041  A 259734
   4539.50985 29.999 29.999 29.999 29.999 29.999    0.051 0.045 0.052 0.062 0.073  D 260330
   4543.50377 29.999 29.999 29.999 29.999 29.999    0.043 0.037 0.040 0.048 0.055  C 260938
   4546.50659 13.544 13.564 13.369 13.178 13.034    0.042 0.038 0.040 0.047 0.055  A 261393
#ndata= 91
#dataset= 3 ; 1 F0224-32_162
#desig= 023626-3736.1
#cra=    2.607129  02:36:25.7
#cdec= -37.601892 -37:36:06.8
#class= 0
#cmag_0= 13.264
#cmer_0=  0.223
#nskip_0= 0
#cmag_1= 13.285
#cmer_1=  0.234
#nskip_1= 0
#cmag_2= 13.291
#cmer_2=  0.247
#nskip_2= 0
#cmag_3= 13.295
#cmer_3=  0.274
#nskip_3= 0
#cmag_4= 13.251
#cmer_4=  0.277
#nskip_4= 0
#ra=    2.607129  02:36:25.7
#dec= -37.601892 -37:36:06.8
#     HJD      MAG_0  MAG_1  MAG_2  MAG_3  MAG_4    MER_0 MER_1 MER_2 MER_3 MER_4 GRADE FRAME
   2180.64964 29.999 29.999 29.999 29.999 29.999    0.082 0.074 0.081 0.097 0.110  D 33795
   2198.68684 12.973 12.974 12.961 12.973 12.994    0.044 0.033 0.026 0.028 0.030  A 36335
   2232.61466 13.581 13.616 13.700 13.846 13.783    0.041 0.039 0.031 0.035 0.034  A 40463
   2239.59475 29.999 29.999 29.999 29.999 29.999    0.050 0.044 0.036 0.045 0.045  C 41404
   2240.60412 13.194 13.325 13.375 13.440 13.395    0.044 0.040 0.033 0.037 0.037  A 41566
   2243.60382 13.561 13.576 13.631 13.682 13.673    0.059 0.049 0.042 0.049 0.049  A 42041
   2244.60878 13.217 13.212 13.179 13.144 13.111    0.059 0.050 0.042 0.047 0.048  A 42166
   2247.58972 13.413 13.398 13.548 13.657 13.593    0.060 0.049 0.041 0.047 0.047  A 42311
   2249.58778 12.978 13.014 13.030 13.064 13.037    0.053 0.045 0.036 0.044 0.042  A 42673
   2251.57905 13.409 13.493 13.487 13.487 13.481    0.056 0.046 0.038 0.044 0.044  A 42992
   2257.56304 13.416 13.426 13.355 13.334 13.314    0.063 0.052 0.042 0.048 0.049  A 43916
   2266.54565 13.155 13.214 13.206 13.202 13.170    0.086 0.065 0.048 0.056 0.059  B 45098
   4285.90118 13.086 13.130 13.188 13.170 12.984    0.048 0.056 0.057 0.062 0.069  B 230071
   4290.91759 13.201 13.196 13.158 13.072 13.054    0.048 0.046 0.038 0.039 0.038  A 230596
   4293.93057 13.071 13.061 13.039 13.069 13.112    0.035 0.035 0.029 0.031 0.033  A 231156
   4331.87296 13.306 13.297 13.321 13.241 13.009    0.047 0.042 0.041 0.045 0.048  A 235578
   4359.83757 29.999 29.999 29.999 29.999 29.999    0.048 0.045 0.047 0.056 0.067  C 239862
   4364.75526 13.223 13.171 13.204 13.228 13.207    0.031 0.032 0.024 0.025 0.027  A 240542
#dataset= 3 ; 2 F0224-32_162
#desig= 023627-3736.0
#cra=    2.607526  02:36:27.1
#cdec= -37.599596 -37:35:58.5
#class= 0
#cmag_0= 13.243
#cmer_0=  0.240
#nskip_0= 0
#cmag_1= 13.264
#cmer_1=  0.259
#nskip_1= 0
#cmag_2= 13.291
#cmer_2=  0.280
#nskip_2= 0
#cmag_3= 13.301
#cmer_3=  0.315
#nskip_3= 0
#cmag_4= 13.318
#cmer_4=  0.322
#nskip_4= 0
#ra=    2.607526  02:36:27.1
#dec= -37.599596 -37:35:58.5
#     HJD      MAG_0  MAG_1  MAG_2  MAG_3  MAG_4    MER_0 MER_1 MER_2 MER_3 MER_4 GRADE FRAME
   1878.59914 29.999 29.999 29.999 29.999 29.999    0.039 0.024 0.019 0.021 0.024  C 1626
   1880.58439 13.399 13.395 13.402 13.377 13.284    0.044 0.027 0.022 0.025 0.028  A 1934
   1889.55431 12.836 12.857 12.850 12.827 12.838    0.036 0.026 0.022 0.025 0.028  A 3026
   2166.75434 13.041 12.932 12.933 13.005 13.026    0.052 0.035 0.028 0.029 0.030  A 31960
   2167.74163 13.518 13.419 13.347 13.283 13.318    0.048 0.030 0.025 0.027 0.031  A 32143
   2169.76298 13.311 13.233 13.240 13.243 13.218    0.041 0.036 0.028 0.028 0.029  A 32472
   2170.78595 12.821 12.855 12.855 12.869 12.923    0.048 0.037 0.034 0.037 0.041  A 32526
   2172.69613 13.308 13.390 13.498 13.558 13.491    0.045 0.031 0.025 0.027 0.030  A 32815
   2173.73787 12.857 12.892 12.965 13.047 13.163    0.055 0.034 0.027 0.029 0.032  A 33022
   2174.73783 13.453 13.524 13.835 14.044 13.895    0.067 0.045 0.041 0.047 0.054  A 33197
   2177.67880 13.001 12.985 12.940 12.902 12.970    0.054 0.037 0.031 0.033 0.037  A 33444
   2183.66739 13.280 13.298 13.327 13.344 13.326    0.051 0.035 0.028 0.031 0.034  A 33900
   2184.67951 12.741 12.719 12.734 12.745 12.820    0.047 0.035 0.029 0.032 0.035  A 34098
   2185.68798 13.306 13.355 13.366 13.371 13.310    0.041 0.035 0.028 0.031 0.034  A 34288
   2186.72499 13.507 13.582 13.570 13.588 13.723    0.039 0.041 0.031 0.033 0.034  A 34419
   2189.73921 13.454 13.438 13.522 13.619 13.830    0.044 0.044 0.034 0.037 0.034  A 34801
   2191.70670 12.979 13.049 13.068 13.083 13.102    0.040 0.034 0.026 0.027 0.028  A 35144
   2192.69818 13.434 13.480 13.647 13.829 13.928    0.047 0.033 0.026 0.027 0.030  A 35315
   2193.70015 13.380 13.418 13.419 13.411 13.367    0.041 0.034 0.025 0.026 0.027  A 35497
   2194.69487 13.160 13.276 13.343 13.446 13.560    0.041 0.034 0.025 0.026 0.029  A 35675
   2196.69385 13.498 13.577 13.648 13.665 13.712    0.040 0.035 0.025 0.026 0.028  A 35984
   2197.69016 13.404 13.402 13.388 13.339 13.413    0.044 0.036 0.027 0.029 0.029  A 36166
   2199.68408 13.462 13.523 13.430 13.386 13.368    0.043 0.036 0.027 0.027 0.028  A 36515
   2202.68050 12.823 12.901 12.885 12.863 12.915    0.042 0.039 0.031 0.032 0.032  A 36930
   2206.66526 13.231 13.266 13.288 13.331 13.312    0.039 0.037 0.029 0.033 0.032  A 37498
   2207.66126 13.280 13.264 13.344 13.361 13.306    0.051 0.045 0.038 0.041 0.044  A 37670
   2211.60836 13.386 13.510 13.581 13.676 13.778    0.041 0.039 0.032 0.035 0.034  A 37839
   2213.60861 13.123 13.076 13.071 12.998 13.003    0.043 0.039 0.032 0.033 0.036  A 38075
   2214.64270 13.630 13.667 13.561 13.369 13.358    0.049 0.044 0.037 0.042 0.041  A 38238
   2215.64952 13.196 13.234 13.165 13.064 13.015    0.044 0.042 0.035 0.041 0.040  A 38408
   2219.62925 13.155 13.180 13.115 13.036 13.004    0.047 0.044 0.034 0.040 0.037  A 38910
   2221.63751 29.999 29.999 29.999 29.999 29.999    0.084 0.074 0.071 0.080 0.087  D 39029
   2224.63008 12.990 13.045 13.136 13.198 13.285    0.045 0.043 0.035 0.039 0.037  A 39343
   2225.63676 13.650 13.660 13.729 13.719 13.782    0.042 0.039 0.031 0.036 0.034  A 39509
   2226.63415 13.298 13.308 13.305 13.316 13.332    0.043 0.039 0.033 0.040 0.037  A 39661
   2227.62912 12.877 12.875 12.913 12.909 12.902    0.046 0.042 0.035 0.041 0.039  A 39813
   2228.62612 13.494 13.631 13.570 13.541 13.498    0.049 0.045 0.037 0.044 0.042  A 39974
   2229.62596 13.336 13.364 13.394 13.431 13.573    0.046 0.044 0.035 0.042 0.039  A 40137
   2230.62388 13.045 13.043 13.057 13.015 13.034    0.044 0.039 0.033 0.040 0.038  A 40301
   2234.60912 12.982 12.960 12.963 12.980 12.999    0.045 0.044 0.036 0.043 0.039  A 40777
   2235.60623 13.601 13.619 13.753 13.864 13.801    0.044 0.038 0.031 0.038 0.035  A 40931
   2236.60377 13.381 13.433 13.448 13.396 13.470    0.046 0.039 0.032 0.041 0.039  A 41091
   2237.60867 13.292 13.303 13.289 13.313 13.318    0.053 0.046 0.037 0.046 0.044  A 41251
   2241.60598 29.999 29.999 29.999 29.999 29.999    0.054 0.048 0.040 0.050 0.048  C 41725
   2242.60162 29.999 29.999 29.999 29.999 29.999    0.055 0.049 0.040 0.047 0.047  C 41884
   2244.60878 13.180 13.230 13.122 13.094 13.079    0.059 0.050 0.042 0.047 0.048  A 42166
   2253.56661 13.490 13.658 13.600 13.540 13.573    0.059 0.049 0.038 0.047 0.047  A 43309
   2255.56697 13.007 13.007 13.095 13.163 13.202    0.054 0.045 0.035 0.042 0.042  A 43597
   2257.56304 13.422 13.506 13.474 13.450 13.439    0.063 0.052 0.042 0.048 0.049  A 43916
   2260.55510 29.999 29.999 29.999 29.999 29.999    0.068 0.055 0.045 0.053 0.054  C 44202
   2262.55180 13.329 13.321 13.399 13.545 13.645    0.070 0.055 0.043 0.050 0.050  A 44506
   2264.54368 29.999 29.999 29.999 29.999 29.999    0.072 0.057 0.046 0.054 0.056  C 44782
   2266.54565 12.961 13.124 13.113 13.083 13.074    0.086 0.065 0.048 0.056 0.059  B 45098
   3358.71434 13.196 13.203 13.283 13.342 13.479    0.060 0.033 0.027 0.029 0.032  A 124718
   3389.58866 13.447 13.388 13.357 13.236 13.236    0.064 0.033 0.029 0.032 0.036  A 126564
   3452.48556 29.999 29.999 29.999 29.999 29.999    0.082 0.048 0.040 0.047 0.054  C 135436
   3526.93284 13.596 13.738 13.934 14.226 14.242    0.031 0.026 0.026 0.030 0.036  A 145782
   3554.91624 29.999 29.999 29.999 29.999 29.999    0.041 0.034 0.029 0.033 0.038  C 148851
   3892.93520 13.344 13.347 13.296 13.176 13.079    0.036 0.032 0.030 0.034 0.039  A 193626
   3901.93293 13.355 13.329 13.396 13.544 13.633    0.074 0.039 0.035 0.040 0.043  A 194948
   4247.93429 13.436 13.544 13.616 13.617 13.370    0.072 0.074 0.086 0.108 0.129  D 226508
   4282.89071 12.690 12.732 12.685 12.639 12.721    0.069 0.045 0.042 0.050 0.056  A 229556
   4297.88122 12.994 13.018 13.024 13.006 13.049    0.038 0.037 0.034 0.039 0.045  A 231831
   4300.90849 13.175 13.122 13.067 12.997 12.915    0.051 0.043 0.041 0.044 0.051  A 232376
   4303.89716 13.247 13.117 13.081 13.076 12.991    0.055 0.056 0.051 0.053 0.054  B 232858
   4306.85635 13.269 13.202 13.169 13.149 13.185    0.072 0.082 0.077 0.078 0.080  D 233394
   4316.85956 13.269 13.261 13.318 13.317 13.362    0.036 0.037 0.036 0.041 0.043  A 234720
   4329.89874 13.008 13.049 13.069 13.107 13.065    0.045 0.046 0.045 0.050 0.053  A 235228
   4333.83961 13.049 13.058 13.140 13.178 13.138    0.033 0.032 0.027 0.028 0.031  A 235926
   4336.84336 29.999 29.999 29.999 29.999 29.999    0.050 0.050 0.046 0.048 0.051  C 236272
   4354.82052 13.089 13.118 13.232 13.298 13.328    0.055 0.037 0.032 0.035 0.038  A 239060
   4362.77131 29.999 29.999 29.999 29.999 29.999    0.056 0.052 0.047 0.050 0.052  C 240216
   4369.78889 29.999 29.999 29.999 29.999 29.999    0.041 0.042 0.037 0.040 0.045  C 241193
#ndata= 24
#dataset= 4 ; 1 F0300-32_163
#desig= 023627-3736.0
#cra=    2.607466  02:36:26.9
#cdec= -37.599445 -37:35:58.0
#class= 0
#cmag_0= 13.000
#cmer_0=  0.304
#nskip_0= 0
#cmag_1= 13.130
#cmer_1=  0.321
#nskip_1= 0
#cmag_2= 13.203
#cmer_2=  0.341
#nskip_2= 0
#cmag_3= 13.241
#cmer_3=  0.383
#nskip_3= 0
#cmag_4= 13.257
#cmer_4=  0.412
#nskip_4= 0
#ra=    2.607466  02:36:26.9
#dec= -37.599445 -37:35:58.0
#     HJD      MAG_0  MAG_1  MAG_2  MAG_3  MAG_4    MER_0 MER_1 MER_2 MER_3 MER_4 GRADE FRAME
   3358.71745 13.248 13.419 13.421 13.344 13.223    0.053 0.030 0.026 0.027 0.031  A 124719
   3365.59906 13.089 13.298 13.330 13.390 13.615    0.096 0.051 0.043 0.045 0.049  B 125044
   3367.65642 13.178 13.243 13.282 13.299 13.187    0.058 0.040 0.037 0.040 0.047  A 125265
   3386.64071 13.325 13.419 13.408 13.427 13.514    0.071 0.043 0.038 0.044 0.048  A 126170
   3390.66706 13.333 13.524 13.580 13.644 13.584    0.088 0.045 0.039 0.041 0.044  B 126732
   4282.92672 12.828 12.934 12.790 12.565 12.542    0.069 0.048 0.046 0.052 0.061  B 229569
   4286.89128 29.999 29.999 29.999 29.999 29.999    0.076 0.074 0.081 0.100 0.124  D 230257
   4290.93631 12.711 12.847 99.999 99.999 99.999    0.084 0.072 0.046 0.051 0.054  D 230603
   4297.91527 12.491 12.634 12.800 13.034 13.033    0.066 0.054 0.055 0.061 0.067  B 231843
   4301.85357 29.999 29.999 29.999 29.999 29.999    0.080 0.063 0.061 0.064 0.068  D 232544
   4304.86160 12.614 12.757 12.778 12.739 12.690    0.044 0.044 0.039 0.040 0.043  A 233032
   4307.86809 12.909 12.990 13.052 13.163 13.177    0.051 0.050 0.044 0.045 0.046  A 233558
   4310.90528 29.999 29.999 29.999 29.999 29.999    0.038 0.033 0.026 0.029 0.032  C 233988
   4314.87888 12.869 12.932 12.927 12.921 12.961    0.045 0.044 0.043 0.048 0.051  A 234462
   4329.92197 12.942 12.998 13.035 13.110 13.099    0.060 0.058 0.055 0.059 0.062  B 235236
   4332.80448 13.010 13.213 13.442 13.595 13.409    0.066 0.051 0.054 0.057 0.062  B 235733
   4334.83203 13.083 13.287 13.348 13.328 13.248    0.044 0.035 0.026 0.027 0.030  A 236100
   4338.80551 13.380 13.554 13.758 13.944 13.971    0.039 0.035 0.028 0.029 0.030  A 236487
   4340.85998 29.999 29.999 29.999 29.999 29.999    0.041 0.036 0.028 0.031 0.034  C 236844
   4342.88068 29.999 29.999 29.999 29.999 29.999    0.059 0.056 0.057 0.063 0.068  C 237184
   4354.78472 12.663 12.814 12.926 12.997 12.986    0.051 0.042 0.035 0.037 0.042  A 239048
   4359.84639 29.999 29.999 29.999 29.999 29.999    0.061 0.054 0.049 0.052 0.059  C 239865
   4362.79004 29.999 29.999 29.999 29.999 29.999    0.044 0.043 0.038 0.042 0.046  C 240222
   4364.77065 13.182 13.329 13.396 13.457 99.999    0.036 0.035 0.024 0.025 0.027  C 240547
