#ndata= 2
#dataset= 1 ; 1 F0945-48_103
#desig= 101402-4316.1
#cra=   10.233824  10:14:01.8
#cdec= -43.267659 -43:16:03.6
#class= 0
#cmag_0=  8.540
#cmer_0=  0.128
#nskip_0= 0
#cmag_1=  8.555
#cmer_1=  0.100
#nskip_1= 0
#cmag_2=  8.573
#cmer_2=  0.098
#nskip_2= 0
#cmag_3=  8.599
#cmer_3=  0.100
#nskip_3= 0
#cmag_4=  8.596
#cmer_4=  0.095
#nskip_4= 0
#ra=   10.233824  10:14:01.8
#dec= -43.267659 -43:16:03.6
#     HJD      MAG_4  MAG_0  MAG_1  MAG_2  MAG_3    MER_4 MER_0 MER_1 MER_2 MER_3 GRADE FRAME
   2660.73973  8.664  8.631  8.628  8.643  8.671    0.043 0.030 0.034 0.033 0.038  A 35981
   3116.56985  8.529  8.450  8.485  8.504  8.529    0.045 0.035 0.033 0.033 0.039  A 99794
#ndata= 121
#dataset= 2 ; 1 F1030-48_104
#desig= 101402-4316.1
#cra=   10.233782  10:14:01.6
#cdec= -43.267719 -43:16:03.8
#class= 0
#cmag_0=  8.560
#cmer_0=  0.066
#nskip_0= 2
#cmag_1=  8.573
#cmer_1=  0.061
#nskip_1= 7
#cmag_2=  8.570
#cmer_2=  0.059
#nskip_2= 7
#cmag_3=  8.566
#cmer_3=  0.059
#nskip_3= 4
#cmag_4=  8.569
#cmer_4=  0.059
#nskip_4= 4
#ra=   10.233782  10:14:01.6
#dec= -43.267719 -43:16:03.8
#     HJD      MAG_4  MAG_0  MAG_1  MAG_2  MAG_3    MER_4 MER_0 MER_1 MER_2 MER_3 GRADE FRAME
   1904.84168  8.614  8.598  8.593  8.601  8.604    0.032 0.034 0.026 0.025 0.028  A 3917
   1913.78161  8.566  8.553  8.553  8.558  8.551    0.029 0.025 0.023 0.021 0.025  A 4669
   1928.75604  8.626  8.628  8.600  8.606  8.613    0.031 0.033 0.026 0.023 0.027  A 6823
   1929.75213  8.619  8.599  8.604  8.605  8.605    0.031 0.032 0.030 0.023 0.026  A 6974
   1930.74969  8.624  8.575  8.630  8.613  8.607    0.030 0.034 0.030 0.023 0.026  A 7141
   1931.74701  8.610  8.608  8.591  8.607  8.595    0.042 0.037 0.035 0.031 0.036  A 7310
   1940.78153  8.589  8.591  8.616  8.604  8.585    0.031 0.034 0.031 0.024 0.027  A 8547
   1945.74882  8.620  8.598  8.609  8.605  8.609    0.031 0.036 0.033 0.025 0.027  A 8709
   1946.76404  8.640  8.650  8.615  8.620  8.628    0.034 0.033 0.031 0.026 0.030  A 8836
   1948.68066  8.651  8.606  8.641  8.635  8.640    0.039 0.037 0.032 0.029 0.034  A 9061
   1953.69892  8.669  8.671  8.619  8.651  8.658    0.035 0.043 0.038 0.030 0.034  A 9698
   1958.67811  8.652  8.644  8.655  8.650  8.654    0.034 0.045 0.039 0.030 0.034  A 10219
   1961.65062  8.577  8.518  8.573  8.572  8.561    0.034 0.043 0.037 0.030 0.033  A 10484
   1962.70145  8.532  8.489  8.486  8.514  8.527    0.037 0.047 0.041 0.034 0.040  A 10655
   1965.66810  8.479  8.467  8.487  8.467  8.472    0.034 0.045 0.038 0.031 0.035  A 11190
   1967.66495  8.457  8.461  8.455  8.472  8.463    0.038 0.051 0.042 0.034 0.040  A 11541
   1970.68754  8.508  8.474  8.516  8.510  8.491    0.040 0.051 0.044 0.036 0.043  A 11783
   1977.63873  8.631  8.667  8.656  8.660  8.646    0.051 0.065 0.054 0.047 0.053  B 11952
   1978.66153  8.691  8.689  8.690  8.698  8.692    0.058 0.070 0.060 0.052 0.059  B 12051
   1980.64187  8.710  8.692  8.672  8.692  8.710    0.053 0.067 0.057 0.048 0.054  B 12376
   2038.50099  8.604  8.613  8.608  8.609  8.599    0.040 0.065 0.033 0.032 0.037  A 19055
   2062.48021  8.683  8.656  8.675  8.669  8.673    0.041 0.052 0.031 0.030 0.036  A 21480
   2080.48363  8.570  8.544  8.562  8.558  8.561    0.036 0.052 0.030 0.028 0.032  A 22831
   2086.50570  8.607  8.580  8.590  8.593  8.601    0.037 0.053 0.028 0.029 0.034  A 23989
   2088.50933  8.615  8.604  8.611  8.606  8.618    0.037 0.052 0.028 0.029 0.033  A 24437
   2105.46135  8.596  8.563  8.582  8.589  8.585    0.035 0.052 0.028 0.027 0.032  A 26157
   2440.50019  8.513  8.487  8.500  8.512  8.513    0.029 0.035 0.029 0.023 0.025  A 8000
   2707.69836  8.590  8.570  8.614  8.597  8.603    0.033 0.027 0.026 0.025 0.029  A 44233
   2710.80066  8.622  8.644  8.593  8.606  8.614    0.037 0.034 0.049 0.046 0.039  B 44820
   2713.73251  8.611  8.618  8.620  8.616  8.616    0.040 0.029 0.030 0.030 0.035  A 45358
   2715.69424  8.601  8.589  8.618  8.615  8.595    0.039 0.031 0.030 0.028 0.033  A 45717
   2717.78111  8.577  8.620  8.579  8.569  8.568    0.038 0.032 0.028 0.029 0.034  A 45916
   2723.67529  8.508  8.506  8.555  8.532  8.513    0.030 0.031 0.035 0.028 0.028  A 46887
   2726.69305  8.478  8.452  8.489  8.481  8.483    0.026 0.026 0.022 0.021 0.024  A 47486
   2732.74789  8.593  8.650  8.572  8.569  8.580    0.029 0.033 0.028 0.024 0.026  A 48459
   2737.79565  8.661  8.670  8.687  8.673  8.663    0.031 0.026 0.023 0.024 0.028  A 49488
   2739.69308  8.660  8.694  8.682  8.661  8.660    0.027 0.032 0.023 0.021 0.024  A 49781
   2741.64881  8.650  8.667  8.676  8.658  8.652    0.027 0.034 0.024 0.021 0.024  A 50156
   2742.77003  8.635  8.607  8.642  8.641  8.636    0.040 0.033 0.028 0.029 0.035  A 50413
   2744.64147  8.610  8.535  8.637  8.627  8.607    0.033 0.035 0.029 0.026 0.029  A 50735
   2747.70158  8.502  8.491  8.533  8.520  8.508    0.038 0.036 0.030 0.028 0.034  A 51030
   2750.73896  8.451  8.436  8.430  8.432  8.447    0.031 0.031 0.027 0.024 0.027  A 51676
   2752.64888  8.450  8.449  8.460  8.441  8.439    0.028 0.024 0.023 0.022 0.024  A 52028
   2754.74243  8.484  8.447  8.501  8.494  8.481    0.032 0.025 0.023 0.023 0.027  A 52287
   2756.69720  8.501  8.505  8.508  8.502  8.505    0.026 0.023 0.022 0.020 0.023  A 52680
   2760.69411  8.548  8.552  8.537  8.538  8.549    0.028 0.024 0.022 0.021 0.024  A 53449
   2764.63782  8.580  8.555  8.571  8.581  8.574    0.025 0.026 0.022 0.020 0.023  A 54246
   2766.64886  8.615  8.535  8.628  8.612  8.599    0.027 0.026 0.022 0.022 0.025  A 54529
   2770.63130  8.558  8.529  8.558  8.560  8.559    0.030 0.028 0.023 0.023 0.027  A 54853
   2775.69595  8.478  8.456  8.454  8.477  8.473    0.039 0.030 0.030 0.030 0.034  A 55107
   2785.54706  8.493  8.517  8.482  8.472  8.488    0.025 0.022 0.020 0.020 0.023  A 56317
   2786.64097  8.511  8.534  8.525  8.510  8.506    0.033 0.031 0.026 0.029 0.031  A 56569
   2804.56908  8.567  8.573  8.620  8.589  8.572    0.045 0.038 0.035 0.033 0.039  A 59016
   2809.56672  8.522  8.488  8.521  8.528  8.522    0.028 0.031 0.024 0.023 0.026  A 59475
   2811.56050  8.534  8.520  8.523  8.526  8.531    0.032 0.030 0.028 0.025 0.028  A 59924
   2813.55682  8.574  8.551  8.589  8.585  8.572    0.028 0.027 0.022 0.021 0.025  A 60378
   2820.48045  8.641  8.634  8.632  8.641  8.636    0.031 0.028 0.029 0.023 0.027  A 61451
   2831.49324  8.460  8.446  8.479  8.459  8.463    0.039 0.034 0.037 0.031 0.036  A 62670
   2835.49511  8.432  8.409  8.464  8.444  8.433    0.035 0.030 0.030 0.025 0.030  A 63491
   2838.48903  8.501  8.467  8.528  8.507  8.505    0.031 0.029 0.029 0.023 0.027  A 63838
   2841.49669  8.579  8.602  8.586  8.585  8.591    0.028 0.028 0.025 0.022 0.025  A 64494
   2843.49006  8.607  8.615  8.608  8.603  8.593    0.054 0.043 0.041 0.040 0.047  A 64847
   2854.47042  8.562  8.557  8.569  8.573  8.557    0.031 0.031 0.029 0.024 0.028  A 65815
   3013.77590  8.585  8.565  8.595  8.593  8.590    0.046 0.035 0.032 0.033 0.040  A 87567
   3019.75565  8.566  8.541  8.576  8.563  8.562    0.032 0.024 0.025 0.024 0.028  A 88184
   3029.78523  8.558  8.510  8.563  8.556  8.561    0.073 0.039 0.042 0.050 0.062  B 88666
   3032.72712  8.514  8.520  8.545  8.513  8.514    0.037 0.027 0.028 0.028 0.033  A 88936
   3037.86896  8.581  8.554  8.597  8.583  8.571    0.038 0.029 0.027 0.028 0.033  A 89485
   3041.74265  8.633  8.618  8.646  8.640  8.617    0.055 0.039 0.038 0.041 0.049  A 89701
   3043.78158  8.622  8.624  8.578  8.613  8.618    0.055 0.036 0.036 0.040 0.049  A 89976
   3046.68678  8.580  8.584  8.621  8.608  8.586    0.034 0.025 0.027 0.026 0.030  A 90350
   3049.69338  8.620  8.630  8.600  8.623  8.618    0.031 0.024 0.026 0.023 0.027  A 90745
   3054.72438  8.601  8.559  8.604  8.603  8.605    0.051 0.032 0.033 0.035 0.042  A 91432
   3056.80106  8.556  8.604  8.541  8.532  8.547    0.040 0.032 0.027 0.030 0.036  A 91734
   3061.70410  8.470  8.470  8.461  8.454  8.457    0.031 0.025 0.023 0.023 0.027  A 92379
   3066.79784  8.472  8.472  8.474  8.474  8.469    0.032 0.025 0.025 0.025 0.029  A 92955
   3068.70727  8.491  8.467  8.509  8.491  8.485    0.035 0.028 0.028 0.026 0.031  A 93217
   3070.73295  8.539  8.535  8.570  8.542  8.538    0.043 0.030 0.029 0.031 0.037  A 93512
   3072.80306  8.570  8.574  8.576  8.564  8.562    0.042 0.029 0.028 0.030 0.037  A 93791
   3074.83257  8.606  8.612  8.627  8.623  8.612    0.044 0.030 0.029 0.032 0.039  A 94057
   3077.60918  8.642  8.663  8.618  8.639  8.634    0.033 0.025 0.024 0.025 0.029  A 94412
   3079.65528  8.669  8.654  8.644  8.662  8.669    0.038 0.027 0.027 0.027 0.033  A 94715
   3081.65440  8.641  8.653  8.658  8.647  8.634    0.031 0.025 0.027 0.024 0.027  A 95012
   3085.65555  8.554  8.590  8.516  8.554  8.548    0.035 0.030 0.026 0.026 0.031  A 95302
   3087.65600  8.404  8.439  8.416  8.424  8.430    0.075 0.055 0.053 0.059 0.067  B 95613
   3089.68403  8.430  8.458  8.424  8.434  8.424    0.045 0.032 0.032 0.035 0.041  A 95926
   3091.66527  8.430  8.398  8.431  8.419  8.417    0.034 0.028 0.026 0.026 0.030  A 96229
   3093.65245  8.451  8.441  8.450  8.456  8.448    0.048 0.039 0.039 0.038 0.043  A 96530
   3097.64780  8.553  8.570  8.544  8.540  8.549    0.036 0.029 0.025 0.026 0.031  A 96814
   3099.70727  8.569  8.553  8.613  8.588  8.577    0.044 0.030 0.031 0.032 0.039  A 97142
   3101.72750  8.571  8.565  8.569  8.582  8.567    0.042 0.030 0.030 0.030 0.036  A 97459
   3103.72272  8.598  8.598  8.582  8.581  8.587    0.041 0.028 0.028 0.029 0.035  A 97773
   3105.71025  8.553  8.565  8.578  8.564  8.562    0.042 0.028 0.027 0.030 0.036  A 98088
   3107.71179  8.567  8.562  8.569  8.577  8.571    0.032 0.025 0.025 0.025 0.028  A 98404
   3109.71019  8.548  8.523  8.565  8.542  8.545    0.033 0.028 0.028 0.026 0.030  A 98715
   3112.51790  8.534  8.515  8.534  8.521  8.529    0.031 0.025 0.024 0.023 0.027  A 99116
   3114.55793  8.504  8.502  8.514  8.510  8.502    0.032 0.026 0.024 0.024 0.028  A 99462
   3121.66959  8.564  8.565  8.576  8.569  8.569    0.037 0.025 0.027 0.027 0.032  A 100098
   3125.64889  8.584  8.593  8.589  8.594  8.585    0.036 0.029 0.026 0.026 0.031  A 100718
   3127.66124  8.576  8.596  8.575  8.578  8.578    0.071 0.037 0.042 0.047 0.060  B 101037
   3129.70615  8.535  8.533  8.564  8.551  8.547    0.062 0.035 0.038 0.042 0.053  B 101387
   3132.51741  8.562  8.549  8.581  8.563  8.561    0.032 0.028 0.024 0.024 0.028  A 101775
   3134.54359  8.539  8.519  8.545  8.539  8.536    0.035 0.027 0.026 0.026 0.031  A 102106
   3142.56920  8.539  8.571  8.536  8.536  8.534    0.029 0.027 0.023 0.022 0.027  A 103085
   3145.59627  8.559  8.519  8.581  8.558  8.558    0.034 0.026 0.026 0.026 0.030  A 103400
   3154.53074  8.581  8.595  8.578  8.577  8.576    0.033 0.026 0.025 0.025 0.029  A 103902
   3156.61590  8.589  8.601  8.585  8.594  8.592    0.039 0.025 0.026 0.029 0.034  A 104158
   3159.59973  8.616  8.620  8.623  8.621  8.624    0.061 0.035 0.037 0.043 0.053  B 104561
   3162.61370  8.616  8.637  8.608  8.606  8.609    0.040 0.029 0.027 0.029 0.035  A 104836
   3164.62551  8.607  8.609  8.615  8.607  8.607    0.033 0.028 0.025 0.026 0.030  A 105193
   3168.49268  8.556  8.549  8.556  8.550  8.554    0.033 0.026 0.027 0.025 0.029  A 105706
   3171.54445  8.502  8.502  8.495  8.483  8.491    0.034 0.026 0.026 0.025 0.030  A 106152
   3175.54528 99.999 99.999 99.999 99.999 99.999    0.031 0.025 0.025 0.024 0.028  C 106555
   3177.55805  8.522  8.539  8.505  8.524  8.513    0.035 0.027 0.027 0.026 0.031  A 106878
   3180.56623  8.549  8.514  8.561  8.556  8.547    0.038 0.030 0.027 0.027 0.033  A 107319
   3183.57639  8.600  8.620  8.596  8.582  8.595    0.037 0.025 0.026 0.027 0.033  A 107635
   3186.53772  8.605  8.593  8.625  8.609  8.611    0.040 0.028 0.028 0.030 0.035  A 108071
   3189.55977 29.999 29.999 29.999 29.999 29.999    0.058 0.037 0.038 0.042 0.051  C 108400
   3382.82513  8.613  8.621  8.615  8.606  8.603    0.050 0.048 0.038 0.037 0.045  A 125692
   3393.79674  8.918  9.048  8.977  8.935  8.928    0.045 0.044 0.033 0.034 0.040  A 127054
   3400.83783  8.571  8.533  8.567  8.559  8.566    0.036 0.034 0.029 0.027 0.032  A 127980
#ndata= 530
#dataset= 3 ; 1 F1000-40_137
#desig= 101402-4316.0
#cra=   10.233819  10:14:01.7
#cdec= -43.266978 -43:16:01.1
#class= 0
#cmag_0=  8.564
#cmer_0=  0.060
#nskip_0= 11
#cmag_1=  8.569
#cmer_1=  0.056
#nskip_1= 7
#cmag_2=  8.572
#cmer_2=  0.055
#nskip_2= 5
#cmag_3=  8.575
#cmer_3=  0.055
#nskip_3= 5
#cmag_4=  8.577
#cmer_4=  0.055
#nskip_4= 5
#ra=   10.233819  10:14:01.7
#dec= -43.266978 -43:16:01.1
#     HJD      MAG_4  MAG_0  MAG_1  MAG_2  MAG_3    MER_4 MER_0 MER_1 MER_2 MER_3 GRADE FRAME
   1868.85455  8.657  8.575  8.622  8.642  8.651    0.036 0.050 0.027 0.026 0.031  A 176
   1870.80400  8.667  8.684  8.662  8.661  8.664    0.037 0.068 0.032 0.029 0.033  A 464
   1872.79950  8.670  8.661  8.662  8.662  8.668    0.033 0.053 0.027 0.026 0.029  A 753
   1874.79236  8.629  8.555  8.602  8.615  8.628    0.038 0.071 0.033 0.030 0.034  A 1074
   1876.79395  8.591  8.541  8.574  8.580  8.587    0.034 0.051 0.027 0.025 0.029  A 1396
   1878.78362  8.554  8.517  8.560  8.548  8.551    0.035 0.050 0.030 0.026 0.031  A 1709
   1880.78337  8.541  8.485  8.522  8.527  8.531    0.042 0.051 0.034 0.031 0.036  A 2019
   1884.79103  8.508  8.485  8.468  8.498  8.508    0.029 0.035 0.024 0.021 0.025  A 2330
   1888.75283  8.525  8.497  8.504  8.516  8.521    0.038 0.056 0.029 0.029 0.033  A 2953
   1899.79408  8.604  8.548  8.593  8.591  8.602    0.032 0.033 0.029 0.024 0.028  A 3262
   1900.86074  8.609  8.575  8.604  8.601  8.603    0.034 0.030 0.027 0.024 0.029  A 3447
   1903.71310  8.625  8.534  8.616  8.618  8.617    0.032 0.051 0.026 0.024 0.028  A 3700
   1904.83811  8.642  8.610  8.616  8.625  8.637    0.029 0.029 0.022 0.021 0.025  A 3915
   1905.82039  8.626  8.636  8.603  8.621  8.622    0.030 0.035 0.026 0.023 0.026  A 4070
   1906.84024  8.615  8.579  8.609  8.606  8.610    0.028 0.031 0.026 0.021 0.025  A 4240
   1907.80058  8.607  8.576  8.572  8.590  8.601    0.029 0.029 0.028 0.022 0.026  A 4383
   1913.76441  8.580  8.562  8.574  8.569  8.576    0.027 0.025 0.021 0.020 0.023  A 4662
   1914.76871  8.570  8.528  8.569  8.570  8.568    0.028 0.028 0.022 0.021 0.024  A 4826
   1919.70599  8.572  8.588  8.560  8.571  8.571    0.037 0.038 0.028 0.027 0.032  A 5332
   1920.75193  8.588  8.585  8.579  8.589  8.591    0.032 0.028 0.025 0.023 0.028  A 5513
   1921.76055  8.567  8.575  8.595  8.579  8.574    0.034 0.029 0.028 0.024 0.030  A 5674
   1922.74987  8.607  8.568  8.621  8.611  8.604    0.031 0.030 0.028 0.023 0.026  A 5821
   1923.74876  8.556  8.588  8.606  8.581  8.557    0.168 0.086 0.093 0.106 0.135  D 5986
   1924.74418  8.619  8.614  8.631  8.623  8.622    0.034 0.035 0.028 0.025 0.029  A 6154
   1925.74507  8.587  8.587  8.605  8.591  8.590    0.074 0.055 0.054 0.057 0.066  B 6322
   1926.74157  8.622  8.627  8.587  8.612  8.623    0.030 0.031 0.026 0.022 0.026  A 6491
   1928.73890  8.639  8.640  8.619  8.625  8.633    0.029 0.032 0.025 0.021 0.025  A 6815
   1929.73721  8.616  8.602  8.593  8.614  8.618    0.028 0.028 0.026 0.021 0.024  A 6968
   1930.73486  8.627  8.617  8.626  8.621  8.625    0.027 0.030 0.028 0.022 0.023  A 7134
   1931.72961  8.611  8.582  8.609  8.609  8.612    0.051 0.040 0.040 0.038 0.044  A 7302
   1932.72729  8.612  8.594  8.623  8.619  8.614    0.027 0.030 0.028 0.021 0.024  A 7464
   1933.73003  8.623  8.608  8.608  8.615  8.621    0.028 0.030 0.030 0.023 0.024  A 7629
   1934.72409  8.611  8.587  8.587  8.599  8.611    0.028 0.029 0.027 0.021 0.024  A 7791
   1935.76500  8.610  8.573  8.608  8.604  8.605    0.028 0.028 0.028 0.021 0.024  A 7939
   1938.66687  8.598  8.570  8.562  8.592  8.597    0.030 0.032 0.029 0.022 0.026  A 8269
   1939.71928  8.595  8.591  8.559  8.582  8.596    0.027 0.030 0.029 0.022 0.024  A 8409
   1940.76330  8.602  8.588  8.592  8.596  8.600    0.029 0.030 0.029 0.023 0.025  A 8541
   1945.72799  8.622  8.585  8.580  8.605  8.618    0.029 0.031 0.031 0.023 0.025  A 8703
   1946.72745  8.642  8.634  8.598  8.630  8.638    0.033 0.033 0.031 0.026 0.030  A 8825
   1948.66522  8.650  8.633  8.665  8.657  8.647    0.038 0.032 0.030 0.027 0.032  A 9056
   1949.70189  8.652  8.629  8.651  8.659  8.652    0.036 0.033 0.031 0.026 0.031  A 9216
   1950.68168  8.674  8.682  8.674  8.676  8.673    0.033 0.033 0.031 0.025 0.028  A 9383
   1953.68385  8.690  8.709  8.729  8.698  8.691    0.032 0.039 0.036 0.029 0.032  A 9691
   1954.68602  8.683  8.675  8.678  8.680  8.683    0.041 0.050 0.042 0.035 0.040  A 9870
   1955.67884  8.672  8.663  8.642  8.662  8.665    0.034 0.040 0.036 0.030 0.034  A 10046
   1958.66300 29.999 29.999 29.999 29.999 29.999    0.032 0.039 0.036 0.030 0.033  C 10212
   1961.70174  8.572  8.542  8.592  8.577  8.581    0.032 0.039 0.036 0.029 0.032  A 10506
   1962.69300  8.546  8.531  8.543  8.537  8.540    0.034 0.045 0.039 0.032 0.037  A 10651
   1963.66551  8.525  8.508  8.488  8.510  8.518    0.034 0.043 0.038 0.032 0.037  A 10821
   1964.66206  8.503  8.488  8.486  8.494  8.499    0.031 0.041 0.037 0.030 0.033  A 11001
   1965.65520  8.482  8.473  8.473  8.468  8.470    0.033 0.041 0.037 0.030 0.034  A 11184
   1966.65749  8.462  8.461  8.460  8.454  8.453    0.034 0.045 0.039 0.032 0.034  A 11370
   1967.65207  8.450  8.434  8.440  8.445  8.438    0.035 0.046 0.040 0.032 0.037  A 11535
   1968.64728  8.460  8.418  8.476  8.466  8.460    0.036 0.048 0.042 0.034 0.040  A 11708
   1970.70390  8.484  8.487  8.496  8.491  8.493    0.037 0.047 0.042 0.035 0.041  A 11790
   1977.62755  8.679  8.661  8.672  8.671  8.669    0.052 0.067 0.056 0.047 0.055  B 11947
   1978.64842  8.673  8.689  8.677  8.676  8.668    0.057 0.068 0.056 0.050 0.058  B 12045
   1979.62522  8.717  8.655  8.745  8.718  8.733    0.052 0.067 0.054 0.046 0.054  B 12221
   1980.62873  8.699  8.701  8.671  8.686  8.677    0.050 0.061 0.051 0.045 0.052  A 12370
   1981.63290  8.709  8.684  8.720  8.717  8.711    0.041 0.051 0.044 0.037 0.043  A 12558
   1982.62042  8.715  8.720  8.709  8.713  8.718    0.039 0.050 0.044 0.036 0.043  A 12739
   1984.61206  8.703  8.663  8.702  8.693  8.693    0.046 0.059 0.049 0.041 0.047  A 12951
   1985.61566  8.694  8.694  8.686  8.700  8.694    0.044 0.061 0.051 0.042 0.046  A 13145
   1994.54411  8.523  8.513  8.487  8.518  8.507    0.044 0.059 0.049 0.041 0.045  A 13407
   1995.59084  8.518  8.508  8.511  8.523  8.514    0.057 0.078 0.062 0.050 0.057  D 13623
   2025.49440  8.588  8.546  8.573  8.583  8.590    0.030 0.033 0.022 0.022 0.026  A 17130
   2027.49867  8.565  8.533  8.541  8.553  8.558    0.034 0.048 0.027 0.026 0.030  A 17566
   2032.49517  8.561  8.494  8.544  8.556  8.559    0.034 0.049 0.027 0.027 0.031  A 18172
   2034.49836 29.999 29.999 29.999 29.999 29.999    0.052 0.047 0.035 0.037 0.044  C 18593
   2038.47530  8.623  8.617  8.607  8.619  8.621    0.035 0.052 0.027 0.027 0.032  A 19044
   2040.61170  8.649  9.326  8.850  8.652  8.640    0.044 0.078 0.042 0.037 0.041  B 19448
   2053.45770  8.577  8.566  8.581  8.580  8.578    0.034 0.046 0.024 0.025 0.031  A 19955
   2055.46771  8.614  8.552  8.581  8.601  8.611    0.035 0.053 0.027 0.027 0.031  A 20399
   2057.47378  8.625  8.579  8.603  8.615  8.625    0.032 0.040 0.024 0.023 0.028  A 20855
   2059.49125  8.623  8.654  8.619  8.621  8.623    0.041 0.061 0.031 0.031 0.037  A 21290
   2064.46736  8.688  8.734  8.684  8.679  8.687    0.043 0.050 0.030 0.031 0.038  A 21568
   2068.46490  8.689  8.606  8.655  8.670  8.687    0.034 0.050 0.025 0.024 0.030  A 22001
   2070.49727  8.634  8.653  8.636  8.630  8.628    0.035 0.051 0.028 0.026 0.031  A 22467
   2080.50095  8.572  8.568  8.545  8.559  8.563    0.029 0.034 0.023 0.022 0.026  A 22839
   2083.48871  8.579  8.522  8.569  8.576  8.576    0.035 0.046 0.027 0.027 0.032  A 23528
   2086.51380  8.607  8.563  8.578  8.592  8.599    0.034 0.047 0.025 0.024 0.030  A 23993
   2095.45118  8.583  8.593  8.581  8.594  8.597    0.081 0.059 0.053 0.059 0.071  D 25149
   2184.87797  8.604  8.562  8.578  8.594  8.603    0.051 0.054 0.041 0.038 0.044  A 34184
   2190.87371  8.518  8.492  8.486  8.494  8.508    0.041 0.052 0.038 0.033 0.037  A 35044
   2192.87264  8.488  8.467  8.479  8.487  8.486    0.042 0.052 0.040 0.034 0.037  A 35395
   2194.87314  8.472  8.450  8.466  8.466  8.471    0.042 0.051 0.039 0.033 0.037  A 35755
   2197.86142  8.488  8.447  8.495  8.486  8.487    0.039 0.050 0.036 0.032 0.035  A 36234
   2199.86886  8.519  8.465  8.520  8.514  8.514    0.045 0.051 0.040 0.035 0.040  A 36597
   2201.86663  8.552  8.525  8.548  8.557  8.548    0.039 0.046 0.040 0.033 0.037  A 36845
   2206.83515  8.600  8.581  8.571  8.599  8.598    0.041 0.050 0.040 0.034 0.037  A 37575
   2216.83424  8.575  8.565  8.578  8.555  8.574    0.048 0.058 0.048 0.042 0.047  A 38657
   2221.85328  8.544  8.519  8.511  8.528  8.545    0.057 0.062 0.054 0.047 0.054  B 39124
   2224.85276  8.528  8.515  8.522  8.520  8.523    0.044 0.054 0.044 0.037 0.042  A 39444
   2226.82367  8.553  8.528  8.532  8.549  8.557    0.043 0.051 0.043 0.037 0.043  A 39745
   2228.81370  8.564  8.553  8.545  8.562  8.561    0.045 0.055 0.046 0.040 0.045  A 40059
   2230.81253  8.579  8.553  8.560  8.577  8.574    0.045 0.054 0.045 0.038 0.045  A 40386
   2233.78282  8.652  8.645  8.658  8.655  8.658    0.042 0.053 0.043 0.035 0.041  A 40696
   2235.79432  8.660  8.642  8.662  8.645  8.662    0.042 0.052 0.043 0.036 0.041  A 41015
   2237.79409  8.637  8.635  8.651  8.641  8.640    0.045 0.055 0.046 0.038 0.045  A 41333
   2242.77518  8.539  8.521  8.526  8.532  8.538    0.051 0.060 0.050 0.043 0.048  A 41961
   2244.78288  8.485  8.474  8.466  8.490  8.475    0.054 0.068 0.054 0.047 0.053  B 42242
   2248.74094  8.527  8.502  8.525  8.528  8.520    0.049 0.065 0.052 0.043 0.049  B 42544
   2250.76291  8.560  8.560  8.532  8.541  8.563    0.048 0.063 0.051 0.042 0.047  A 42911
   2253.75746  8.595  8.578  8.579  8.588  8.581    0.052 0.072 0.058 0.047 0.053  B 43394
   2255.76028  8.635  8.635  8.631  8.613  8.644    0.051 0.068 0.055 0.045 0.049  B 43682
   2258.77641  8.664  8.660  8.643  8.658  8.672    0.054 0.076 0.060 0.049 0.055  B 44170
   2440.51067 99.999  8.512  8.509  8.516  8.532    0.026 0.031 0.029 0.021 0.022  C 8005
   2442.50806  8.462  8.499  8.528  8.485  8.477    0.090 0.071 0.070 0.070 0.079  D 8430
   2445.47345  8.498  8.488  8.488  8.496  8.495    0.028 0.026 0.023 0.022 0.024  A 9023
   2464.46566  8.633  8.628  8.615  8.623  8.629    0.026 0.036 0.034 0.024 0.025  A 10766
   2468.45744  8.556  8.526  8.535  8.551  8.557    0.028 0.032 0.031 0.023 0.026  A 11638
   2545.89430  8.617  8.578  8.608  8.619  8.615    0.055 0.054 0.049 0.044 0.053  A 20285
   2557.86970  8.473  8.422  8.470  8.455  8.475    0.031 0.041 0.037 0.029 0.031  A 21970
   2561.85963  8.492  8.456  8.503  8.491  8.491    0.031 0.036 0.034 0.025 0.029  A 22652
   2565.86806  8.561  8.574  8.544  8.553  8.555    0.036 0.030 0.027 0.026 0.031  A 23373
   2578.86691  8.548  8.559  8.582  8.576  8.557    0.047 0.042 0.043 0.038 0.042  A 25046
   2622.73053  8.582  8.535  8.597  8.576  8.586    0.034 0.031 0.029 0.027 0.031  A 30006
   2624.78924  8.570  8.618  8.571  8.568  8.573    0.043 0.039 0.045 0.034 0.038  A 30316
   2627.82128  8.618  8.636  8.602  8.614  8.617    0.035 0.029 0.031 0.028 0.032  A 30650
   2634.82091  8.622  8.582  8.672  8.615  8.635    0.041 0.030 0.039 0.032 0.040  A 32156
   2636.85907  8.561  8.606  8.579  8.582  8.573    0.046 0.027 0.035 0.032 0.043  A 32464
   2639.77535  8.570  8.567  8.574  8.577  8.577    0.032 0.033 0.035 0.027 0.033  A 32886
   2642.76994  8.571  8.584  8.561  8.568  8.568    0.035 0.024 0.036 0.028 0.034  A 33322
   2645.75345  8.598  8.619  8.590  8.587  8.595    0.024 0.028 0.026 0.020 0.022  A 33768
   2647.77050  8.624  8.633  8.602  8.607  8.609    0.044 0.030 0.037 0.033 0.041  A 34072
   2652.76467  8.697  8.732  8.681  8.681  8.694    0.029 0.030 0.034 0.026 0.027  A 34641
   2655.72944  8.686  8.720  8.670  8.680  8.679    0.041 0.031 0.039 0.032 0.039  A 35270
   2660.75847 99.999  8.655  8.666 99.999 99.999    0.052 0.037 0.043 0.040 0.049  C 35989
   2662.76126  8.621  8.592  8.656  8.634  8.628    0.026 0.023 0.025 0.021 0.023  A 36333
   2664.75709  8.552  8.569  8.575  8.561  8.553    0.048 0.031 0.036 0.037 0.044  A 36674
   2666.75033  8.554  8.554  8.568  8.552  8.555    0.028 0.024 0.023 0.021 0.024  A 36998
   2670.76134  8.518  8.503  8.477  8.507  8.501    0.035 0.027 0.036 0.029 0.036  A 37642
   2672.75023  8.521  8.499  8.536  8.525  8.522    0.027 0.025 0.029 0.023 0.024  A 37972
   2674.73804  8.532  8.555  8.505  8.525  8.528    0.025 0.024 0.024 0.021 0.022  A 38310
   2676.72900  8.556  8.545  8.569  8.560  8.567    0.034 0.026 0.033 0.027 0.035  A 38672
   2678.71323  8.571  8.586  8.571  8.578  8.569    0.035 0.025 0.035 0.028 0.035  A 39006
   2680.71304  8.606  8.585  8.645  8.605  8.629    0.036 0.025 0.035 0.028 0.036  A 39337
   2684.65996  8.629  8.609  8.666  8.645  8.640    0.033 0.026 0.030 0.025 0.028  A 40002
   2689.69511  8.645  8.599  8.666  8.651  8.646    0.036 0.035 0.038 0.028 0.032  A 40931
   2693.70995  8.650  8.640  8.680  8.668  8.659    0.045 0.030 0.041 0.036 0.044  A 41612
   2697.68573  8.635  8.676  8.625  8.625  8.633    0.026 0.030 0.026 0.021 0.023  A 42300
   2699.68101  8.608  8.609  8.601  8.601  8.607    0.025 0.026 0.023 0.020 0.023  A 42719
   2701.67905  8.589  8.565  8.577  8.587  8.587    0.026 0.033 0.037 0.022 0.025  A 43102
   2703.67491 99.999 99.999 99.999 99.999 99.999    0.028 0.034 0.041 0.025 0.028  C 43483
   2705.66727  8.599  8.632  8.582  8.580  8.594    0.029 0.027 0.023 0.022 0.026  A 43854
   2707.66582  8.612  8.586  8.626  8.622  8.616    0.026 0.026 0.025 0.021 0.023  A 44219
   2711.82359  8.633  8.622  8.615  8.624  8.625    0.032 0.024 0.025 0.024 0.028  A 45020
   2713.69156  8.619  8.597  8.635  8.614  8.627    0.033 0.025 0.026 0.025 0.030  A 45341
   2714.79428  8.619  8.598  8.600  8.600  8.607    0.037 0.032 0.027 0.027 0.032  A 45580
   2717.66352  8.591  8.579  8.597  8.592  8.595    0.041 0.032 0.035 0.033 0.039  A 45866
   2721.68260  8.531  8.530  8.545  8.534  8.528    0.028 0.025 0.022 0.022 0.025  A 46502
   2722.80034  8.505  8.534  8.490  8.505  8.501    0.037 0.032 0.028 0.028 0.033  A 46745
   2726.67001  8.488  8.515  8.479  8.482  8.484    0.024 0.021 0.022 0.019 0.021  A 47476
   2728.65666  8.519  8.545  8.488  8.503  8.512    0.025 0.030 0.022 0.020 0.023  A 47865
   2732.74106  8.611  8.559  8.595  8.603  8.606    0.029 0.034 0.023 0.022 0.026  A 48456
   2734.59413  8.625  8.621  8.620  8.616  8.615    0.028 0.029 0.034 0.028 0.027  A 48807
   2736.56917  8.669  8.642  8.673  8.670  8.669    0.030 0.025 0.027 0.024 0.027  A 49184
   2737.77322  8.670  8.661  8.667  8.667  8.668    0.029 0.023 0.023 0.023 0.026  A 49479
   2739.68850  8.669  8.717  8.648  8.653  8.662    0.029 0.041 0.031 0.025 0.027  A 49779
   2741.64420  8.654  8.682  8.687  8.658  8.652    0.031 0.034 0.042 0.026 0.027  A 50154
   2742.75303  8.626  8.633  8.611  8.623  8.623    0.046 0.030 0.031 0.033 0.041  A 50406
   2744.63681  8.602  8.599  8.606  8.612  8.607    0.031 0.029 0.025 0.024 0.027  A 50733
   2747.69687  8.482  8.489  8.481  8.484  8.484    0.037 0.037 0.031 0.027 0.032  A 51028
   2751.56654  8.416  8.440  8.448  8.430  8.418    0.028 0.027 0.023 0.021 0.024  A 51798
   2754.56719  8.472  8.500  8.458  8.461  8.466    0.024 0.027 0.023 0.020 0.021  A 52213
   2758.55743  8.488  8.497  8.544  8.517  8.503    0.094 0.054 0.057 0.065 0.080  D 53044
   2760.57553  8.554  8.547  8.554  8.554  8.555    0.024 0.025 0.024 0.018 0.021  A 53398
   2762.57156  8.566  8.592  8.568  8.566  8.563    0.032 0.031 0.029 0.026 0.029  A 53805
   2764.55606  8.588  8.574  8.560  8.588  8.585    0.026 0.030 0.030 0.021 0.023  A 54211
   2766.61362  8.597  8.528  8.603  8.601  8.594    0.027 0.030 0.026 0.021 0.024  A 54514
   2770.60804  8.556  8.596  8.556  8.548  8.560    0.029 0.027 0.031 0.023 0.026  A 54843
   2775.50214  8.483  8.475  8.471  8.466  8.480    0.034 0.025 0.029 0.026 0.030  A 55025
   2776.60820  8.478  8.471  8.503  8.482  8.482    0.033 0.036 0.028 0.025 0.029  A 55295
   2784.52972  8.497  8.507  8.496  8.502  8.498    0.030 0.030 0.036 0.030 0.031  A 56096
   2786.52774  8.511  8.468  8.499  8.512  8.514    0.029 0.031 0.036 0.025 0.028  A 56521
   2789.52372  8.554  8.473  8.572  8.555  8.562    0.033 0.035 0.043 0.032 0.035  A 57059
   2791.55132  8.583  8.508  8.588  8.579  8.573    0.027 0.034 0.029 0.022 0.025  A 57514
   2794.51085  8.598  8.539  8.570  8.573  8.588    0.027 0.048 0.029 0.023 0.024  A 58013
   2797.50330  8.577  8.590  8.574  8.579  8.578    0.053 0.039 0.036 0.039 0.046  A 58568
   2804.47757  8.543  8.551  8.553  8.553  8.542    0.040 0.030 0.032 0.030 0.035  A 58977
   2811.49227  8.545  8.510  8.560  8.550  8.548    0.026 0.026 0.029 0.021 0.024  A 59895
   2813.49263  8.570  8.583  8.584  8.574  8.566    0.027 0.042 0.044 0.025 0.025  A 60351
   2821.48185  8.660  8.662  8.652  8.654  8.652    0.029 0.026 0.027 0.022 0.026  A 61672
   2826.47107  8.569  8.555  8.545  8.560  8.563    0.030 0.030 0.030 0.025 0.029  A 61967
   2830.47197  8.473  8.451  8.469  8.470  8.473    0.035 0.033 0.034 0.029 0.033  A 62442
   2832.48872  8.456  8.427  8.463  8.455  8.453    0.033 0.029 0.027 0.024 0.029  A 62898
   2834.49218  8.435  8.428  8.427  8.432  8.433    0.039 0.031 0.030 0.028 0.033  A 63279
   2836.49451  8.487  8.448  8.495  8.482  8.484    0.031 0.028 0.027 0.023 0.027  A 63622
   2841.46466  8.618  8.592  8.626  8.625  8.622    0.033 0.028 0.025 0.024 0.029  A 64482
   2843.47310  8.659  8.664  8.651  8.653  8.658    0.040 0.033 0.034 0.031 0.036  A 64840
   2910.89339  8.555  8.557  8.556  8.552  8.557    0.053 0.035 0.037 0.038 0.046  A 73835
   2927.85888  8.583  8.606  8.612  8.591  8.587    0.036 0.029 0.032 0.027 0.032  A 76100
   2931.85961  8.618  8.625  8.620  8.614  8.619    0.033 0.026 0.028 0.025 0.028  A 76813
   2934.86272  8.598  8.545  8.620  8.603  8.601    0.030 0.031 0.029 0.024 0.027  A 77347
   2940.86070  8.494  8.462  8.488  8.493  8.493    0.032 0.027 0.028 0.025 0.029  A 78100
   2944.82165  8.442  8.473  8.451  8.438  8.442    0.061 0.041 0.042 0.044 0.053  A 78607
   2951.82746  8.527  8.548  8.507  8.524  8.526    0.034 0.027 0.025 0.025 0.030  A 79641
   2955.81916  8.569  8.556  8.576  8.564  8.568    0.036 0.027 0.025 0.027 0.032  A 80160
   2958.83232  8.614  8.633  8.599  8.600  8.605    0.037 0.027 0.025 0.027 0.032  A 80600
   2962.81078  8.649  8.656  8.639  8.645  8.648    0.043 0.030 0.030 0.031 0.037  A 81127
   2965.82736  8.678  8.679  8.649  8.673  8.677    0.040 0.029 0.027 0.028 0.035  A 81562
   2968.83131  8.657  8.662  8.636  8.659  8.659    0.039 0.027 0.027 0.028 0.033  A 81984
   2975.78559  8.563  8.544  8.568  8.572  8.569    0.030 0.021 0.022 0.022 0.026  A 82776
   2977.82101  8.536  8.523  8.533  8.540  8.538    0.052 0.031 0.033 0.037 0.045  A 83061
   2980.79296  8.510  8.527  8.504  8.512  8.506    0.034 0.024 0.024 0.025 0.029  A 83439
   2986.82046  8.555  8.501  8.569  8.553  8.555    0.031 0.024 0.026 0.024 0.027  A 84241
   2989.81557  8.556  8.532  8.547  8.552  8.554    0.038 0.029 0.028 0.029 0.034  A 84590
   2992.80586  8.536  8.562  8.515  8.539  8.537    0.043 0.029 0.029 0.031 0.037  A 84985
   3005.77681  8.536  8.523  8.557  8.543  8.543    0.032 0.021 0.022 0.023 0.028  A 86514
   3007.80091  8.547  8.561  8.536  8.543  8.547    0.028 0.024 0.025 0.022 0.025  A 86787
   3010.74428  8.575  8.558  8.574  8.569  8.575    0.042 0.034 0.028 0.031 0.037  A 87151
   3013.74638  8.578  8.567  8.568  8.574  8.575    0.036 0.027 0.025 0.026 0.031  A 87555
   3016.80432  8.578  8.584  8.577  8.573  8.574    0.033 0.027 0.026 0.024 0.028  A 87808
   3018.82187  8.552  8.574  8.547  8.555  8.552    0.060 0.041 0.040 0.044 0.051  A 88085
   3023.78489  8.531  8.540  8.528  8.536  8.534    0.030 0.024 0.026 0.022 0.026  A 88351
   3030.71407  8.524  8.504  8.532  8.534  8.531    0.044 0.038 0.033 0.035 0.039  A 88756
   3035.68925  8.582  8.588  8.585  8.581  8.582    0.044 0.030 0.029 0.031 0.036  A 89269
   3042.72787  8.608  8.605  8.621  8.609  8.605    0.046 0.030 0.034 0.033 0.039  A 89825
   3044.75846  8.610  8.617  8.604  8.607  8.608    0.033 0.028 0.025 0.025 0.028  A 90098
   3047.69735  8.604  8.641  8.594  8.604  8.605    0.034 0.027 0.024 0.025 0.029  A 90484
   3050.66846  8.613  8.631  8.612  8.608  8.614    0.029 0.026 0.024 0.022 0.026  A 90873
   3052.81195  8.599  8.618  8.594  8.599  8.602    0.030 0.023 0.022 0.022 0.026  A 91192
   3055.64548  8.507  8.557  8.505  8.515  8.510    0.080 0.054 0.054 0.060 0.068  D 91547
   3057.68984  8.542  8.506  8.553  8.545  8.545    0.030 0.023 0.026 0.023 0.026  A 91836
   3059.72887  8.519  8.509  8.512  8.517  8.518    0.036 0.026 0.027 0.026 0.031  A 92111
   3061.78349  8.469  8.497  8.475  8.474  8.470    0.033 0.025 0.026 0.025 0.029  A 92406
   3064.61661  8.424  8.410  8.412  8.417  8.420    0.054 0.035 0.037 0.041 0.048  A 92740
   3067.66605  8.495  8.499  8.481  8.488  8.486    0.031 0.025 0.028 0.024 0.027  A 93055
   3069.68069  8.520  8.537  8.533  8.534  8.522    0.043 0.030 0.031 0.031 0.037  A 93354
   3071.71106  8.562  8.548  8.555  8.558  8.556    0.053 0.034 0.033 0.036 0.044  A 93651
   3073.76178  8.613  8.599  8.596  8.603  8.610    0.040 0.028 0.028 0.029 0.034  A 93913
   3075.76293  8.641  8.621  8.661  8.649  8.648    0.035 0.028 0.027 0.026 0.031  A 94183
   3077.81270  8.691  8.688  8.676  8.690  8.691    0.057 0.034 0.040 0.045 0.052  A 94479
   3080.57821  8.661  8.660  8.666  8.679  8.668    0.117 0.079 0.078 0.084 0.100  D 94837
   3086.62806  8.519  8.527  8.511  8.521  8.520    0.031 0.027 0.023 0.023 0.028  A 95449
   3088.63382  8.473  8.477  8.478  8.474  8.468    0.032 0.025 0.027 0.024 0.028  A 95763
   3090.64658  8.529  8.613  8.580  8.552  8.529    0.042 0.030 0.032 0.036 0.039  A 96070
   3092.63689  8.437  8.462  8.432  8.448  8.443    0.032 0.026 0.028 0.024 0.028  A 96376
   3096.61759  8.523  8.513  8.514  8.510  8.519    0.032 0.028 0.025 0.024 0.028  A 96647
   3098.63002  8.564  8.559  8.556  8.560  8.562    0.040 0.028 0.026 0.028 0.034  A 96967
   3100.64155  8.582  8.585  8.569  8.570  8.576    0.039 0.027 0.027 0.028 0.034  A 97274
   3102.64585  8.587  8.564  8.600  8.586  8.593    0.038 0.027 0.028 0.028 0.033  A 97593
   3104.65966  8.587  8.600  8.581  8.581  8.587    0.044 0.028 0.030 0.031 0.037  A 97914
   3106.65403  8.567  8.578  8.567  8.569  8.573    0.035 0.025 0.025 0.026 0.031  A 98225
   3108.65966  8.558  8.582  8.548  8.551  8.552    0.037 0.026 0.027 0.028 0.033  A 98542
   3110.65144  8.558  8.573  8.553  8.560  8.556    0.033 0.026 0.025 0.025 0.028  A 98857
   3112.66010  8.522  8.487  8.520  8.521  8.519    0.029 0.023 0.022 0.022 0.026  A 99167
   3114.71631  8.508  8.499  8.507  8.513  8.508    0.033 0.027 0.023 0.025 0.029  A 99518
   3116.72406  8.519  8.553  8.524  8.518  8.520    0.034 0.026 0.024 0.025 0.030  A 99846
   3121.51580  8.563  8.599  8.563  8.560  8.562    0.037 0.028 0.026 0.028 0.033  A 100047
   3123.54296  8.593  8.591  8.584  8.589  8.593    0.030 0.024 0.023 0.022 0.026  A 100344
   3125.56875  8.589  8.563  8.586  8.595  8.590    0.034 0.035 0.024 0.025 0.029  A 100689
   3127.60302  8.599  8.635  8.592  8.596  8.595    0.037 0.027 0.026 0.028 0.032  A 101016
   3129.64998  8.580  8.581  8.554  8.584  8.582    0.046 0.029 0.031 0.034 0.040  A 101368
   3131.63982  8.572  8.610  8.561  8.566  8.574    0.043 0.029 0.028 0.030 0.036  A 101651
   3133.64080  8.762  8.911  8.831  8.788  8.767    0.033 0.029 0.025 0.025 0.029  A 101986
   3144.65092  8.548  8.564  8.531  8.543  8.546    0.033 0.028 0.025 0.024 0.028  A 103277
   3153.48028  8.602  8.599  8.595  8.592  8.598    0.048 0.032 0.032 0.034 0.040  A 103708
   3154.61356  8.615  8.609  8.607  8.609  8.614    0.034 0.024 0.027 0.025 0.030  A 103933
   3158.54546  8.623  8.625  8.621  8.617  8.623    0.041 0.029 0.031 0.031 0.037  A 104373
   3160.55900  8.627  8.630  8.645  8.625  8.633    0.046 0.030 0.030 0.032 0.038  A 104668
   3163.56506  8.624  8.631  8.607  8.614  8.620    0.031 0.027 0.023 0.024 0.028  A 104998
   3165.56962  8.612  8.649  8.604  8.602  8.608    0.034 0.026 0.024 0.025 0.030  A 105345
   3168.57293  8.545  8.561  8.534  8.547  8.547    0.032 0.024 0.024 0.024 0.028  A 105732
   3171.57878  8.505  8.521  8.499  8.507  8.504    0.044 0.030 0.032 0.031 0.037  A 106164
   3175.56795  8.504  8.508  8.491  8.495  8.499    0.033 0.025 0.026 0.025 0.029  A 106563
   3178.53789  8.527  8.536  8.534  8.524  8.525    0.034 0.026 0.027 0.025 0.029  A 107023
   3182.53724  8.583  8.592  8.565  8.581  8.584    0.038 0.029 0.026 0.027 0.033  A 107467
   3186.50488  8.620  8.628  8.629  8.624  8.623    0.038 0.029 0.026 0.028 0.034  A 108060
   3189.52214  8.610  8.600  8.605  8.605  8.605    0.049 0.030 0.032 0.034 0.043  A 108390
   3276.89261  8.621  8.598  8.604  8.614  8.624    0.060 0.045 0.041 0.041 0.051  A 116649
   3356.81032  8.616  8.612  8.603  8.614  8.614    0.040 0.041 0.028 0.029 0.035  A 124525
   3383.79851  8.557  8.589  8.549  8.557  8.559    0.105 0.073 0.067 0.074 0.090  D 125811
   3386.73284  8.578  8.576  8.557  8.562  8.572    0.044 0.056 0.038 0.036 0.040  A 126201
   3388.79998  8.531  8.501  8.505  8.526  8.532    0.051 0.048 0.037 0.037 0.044  A 126489
   3391.72312  8.531  8.514  8.524  8.526  8.528    0.045 0.058 0.038 0.036 0.041  A 126862
   3394.76684  8.542  8.538  8.509  8.534  8.536    0.040 0.048 0.033 0.030 0.035  A 127181
   3397.69985  8.869  8.892  8.912  8.884  8.871    0.045 0.050 0.034 0.033 0.039  A 127523
   3399.75462  8.575  8.539  8.568  8.563  8.570    0.041 0.056 0.035 0.031 0.036  A 127801
   3404.76665  8.554  8.483  8.560  8.551  8.557    0.041 0.075 0.039 0.034 0.037  A 128454
   3409.72398  8.543  8.489  8.508  8.532  8.534    0.058 0.091 0.050 0.047 0.052  B 129218
   3411.79033  8.565  8.522  8.541  8.556  8.566    0.059 0.092 0.049 0.047 0.054  B 129537
   3413.78711  8.578  8.541  8.579  8.574  8.576    0.039 0.049 0.033 0.031 0.036  A 129835
   3415.81275  8.557  8.549  8.564  8.551  8.553    0.037 0.036 0.031 0.032 0.035  A 130171
   3418.64610  8.587  8.552  8.567  8.579  8.587    0.046 0.054 0.038 0.036 0.041  A 130579
   3420.69586  8.597  8.567  8.586  8.592  8.596    0.041 0.033 0.030 0.030 0.036  A 130921
   3422.71284  8.577  8.532  8.575  8.578  8.585    0.101 0.066 0.059 0.069 0.087  D 131236
   3424.72196  8.640  8.579  8.612  8.622  8.633    0.050 0.076 0.043 0.040 0.045  A 131537
   3426.72383  8.793  8.870  8.845  8.814  8.791    0.040 0.037 0.029 0.030 0.035  A 131873
   3430.74416  8.618  8.578  8.597  8.612  8.618    0.038 0.058 0.034 0.031 0.034  A 132231
   3432.74083  8.568  8.543  8.566  8.565  8.568    0.067 0.107 0.062 0.059 0.062  D 132556
   3434.74199  8.587  8.551  8.573  8.577  8.584    0.050 0.097 0.053 0.046 0.048  D 132873
   3440.71212  8.548  8.536  8.537  8.541  8.549    0.042 0.031 0.032 0.030 0.036  A 133512
   3443.83406  8.569  8.535  8.531  8.552  8.563    0.036 0.047 0.036 0.030 0.033  A 133816
   3445.78108  8.608  8.591  8.591  8.593  8.599    0.036 0.046 0.030 0.028 0.032  A 134154
   3447.81022  8.564  8.499  8.549  8.554  8.557    0.044 0.063 0.038 0.036 0.040  A 134802
   3450.56699  8.608  8.577  8.579  8.598  8.606    0.044 0.058 0.035 0.033 0.038  A 135219
   3452.68884  8.605  8.614  8.590  8.593  8.601    0.045 0.042 0.033 0.034 0.039  A 135508
   3454.73855  8.593  8.585  8.599  8.589  8.590    0.050 0.051 0.038 0.039 0.044  A 135861
   3456.74759  8.579  8.559  8.592  8.586  8.586    0.047 0.051 0.038 0.036 0.042  A 136218
   3458.74702  8.561  8.541  8.549  8.550  8.557    0.040 0.033 0.028 0.030 0.035  A 136572
   3460.76388  8.528  8.498  8.532  8.527  8.520    0.046 0.055 0.036 0.035 0.040  A 136941
   3463.53185  8.497  8.460  8.497  8.489  8.492    0.044 0.042 0.034 0.036 0.040  A 137287
   3465.58740  8.526  8.517  8.520  8.522  8.523    0.033 0.042 0.029 0.024 0.028  A 137640
   3467.76216  8.540  8.533  8.511  8.531  8.539    0.039 0.035 0.030 0.029 0.034  A 137965
   3470.51717  8.568  8.543  8.588  8.569  8.566    0.034 0.032 0.025 0.025 0.029  A 138363
   3472.56094  8.564  8.550  8.551  8.555  8.567    0.035 0.035 0.029 0.027 0.030  A 138687
   3474.60219  8.547  8.528  8.541  8.548  8.552    0.045 0.064 0.035 0.035 0.040  A 139028
   3476.66649  8.596  8.606  8.590  8.586  8.588    0.043 0.062 0.037 0.035 0.040  A 139384
   3478.65441  8.570  8.525  8.557  8.562  8.567    0.043 0.043 0.034 0.034 0.038  A 139726
   3480.64950  8.608  8.617  8.610  8.606  8.603    0.054 0.088 0.051 0.046 0.050  B 140007
   3482.65680  8.575  8.525  8.568  8.576  8.581    0.054 0.081 0.044 0.042 0.049  B 140331
   3484.70116  8.536  8.547  8.552  8.541  8.544    0.115 0.075 0.068 0.078 0.096  D 140641
   3489.54069  8.501  8.461  8.453  8.487  8.494    0.036 0.051 0.032 0.028 0.032  A 140917
   3495.55544  8.531  8.484  8.510  8.522  8.528    0.037 0.038 0.031 0.028 0.033  A 141608
   3497.60934  8.551  8.553  8.537  8.550  8.549    0.034 0.028 0.027 0.025 0.030  A 141905
   3500.61328  8.588  8.525  8.577  8.580  8.584    0.077 0.049 0.048 0.054 0.066  D 142262
   3502.62504  8.585  8.591  8.575  8.574  8.586    0.046 0.065 0.042 0.039 0.042  A 142623
   3504.59960 99.999  8.590  8.602  8.586  8.582    0.040 0.043 0.034 0.033 0.037  C 142972
   3511.57916  8.586  8.531  8.577  8.579  8.579    0.038 0.048 0.033 0.029 0.033  A 143651
   3521.55517  8.575  8.543  8.549  8.565  8.569    0.044 0.067 0.038 0.035 0.039  A 144813
   3523.55771  8.588  8.573  8.569  8.572  8.581    0.046 0.038 0.030 0.033 0.040  A 145168
   3525.58462  8.600  8.565  8.604  8.604  8.605    0.034 0.034 0.027 0.026 0.030  A 145479
   3529.59378  8.619  8.632  8.594  8.604  8.611    0.057 0.084 0.046 0.045 0.051  B 146180
   3538.49888  8.560  8.560  8.533  8.547  8.553    0.037 0.027 0.026 0.027 0.032  A 146795
   3543.54454  8.529  8.535  8.534  8.528  8.536    0.058 0.068 0.047 0.042 0.050  A 147525
   3547.53063  8.600  8.572  8.585  8.582  8.593    0.038 0.060 0.035 0.031 0.035  A 147998
   3556.50363  8.598  8.576  8.576  8.593  8.600    0.053 0.063 0.041 0.044 0.049  A 149029
   3560.47839  8.552  8.527  8.531  8.539  8.549    0.035 0.038 0.029 0.029 0.031  A 149509
   3562.48187  8.543  8.527  8.535  8.538  8.540    0.036 0.048 0.030 0.028 0.032  A 149864
   3564.48000  8.534  8.498  8.516  8.527  8.532    0.034 0.034 0.027 0.026 0.030  A 150200
   3570.46395  8.529  8.528  8.514  8.523  8.530    0.038 0.030 0.027 0.026 0.032  A 150701
   3574.46478 99.999 99.999 99.999 99.999 99.999    0.037 0.034 0.027 0.029 0.033  C 151229
   3643.89164  8.530  8.513  8.520  8.521  8.524    0.042 0.036 0.032 0.031 0.037  A 160540
   3650.88500  8.471  8.455  8.470  8.469  8.469    0.062 0.041 0.041 0.043 0.053  A 161399
   3655.87922  8.526  8.506  8.497  8.504  8.516    0.045 0.067 0.038 0.035 0.040  A 162107
   3659.87016  8.570  8.567  8.538  8.544  8.565    0.044 0.041 0.033 0.032 0.038  A 162709
   3663.87390  8.589  8.558  8.584  8.588  8.591    0.050 0.045 0.037 0.037 0.044  A 163290
   3671.85240  8.597  8.598  8.569  8.583  8.595    0.042 0.038 0.033 0.031 0.036  A 164331
   3675.84321  8.560  8.568  8.541  8.550  8.558    0.036 0.039 0.030 0.027 0.031  A 164900
   3702.83087  8.671  8.653  8.704  8.677  8.667    0.036 0.046 0.031 0.029 0.033  A 168353
   3706.80684  8.611  8.612  8.593  8.593  8.603    0.046 0.051 0.037 0.035 0.040  A 168899
   3713.77799  8.585  8.566  8.583  8.578  8.580    0.045 0.062 0.040 0.036 0.041  A 169598
   3716.81581  8.550  8.511  8.574  8.554  8.551    0.046 0.049 0.036 0.037 0.042  A 170007
   3719.81993  8.550  8.553  8.522  8.533  8.546    0.045 0.034 0.029 0.031 0.039  A 170361
   3726.79792  8.532  8.529  8.521  8.532  8.533    0.048 0.033 0.031 0.033 0.042  A 171189
   3730.81207  8.489  8.517  8.478  8.488  8.483    0.059 0.046 0.042 0.044 0.051  A 171607
   3733.82353  8.544  8.514  8.512  8.528  8.540    0.034 0.036 0.027 0.027 0.031  A 171999
   3736.77945  8.547  8.514  8.563  8.551  8.547    0.040 0.040 0.032 0.030 0.035  A 172398
   3739.78045  8.558  8.502  8.546  8.554  8.561    0.045 0.074 0.040 0.036 0.041  A 172817
   3742.77865  8.597  8.605  8.568  8.592  8.597    0.046 0.061 0.040 0.036 0.041  A 173190
   3745.76275  8.620  8.605  8.615  8.608  8.614    0.047 0.080 0.044 0.040 0.044  B 173592
   3748.75035  8.561  8.525  8.562  8.570  8.568    0.054 0.054 0.040 0.040 0.047  A 173992
   3751.73949  8.574  8.583  8.537  8.562  8.567    0.054 0.041 0.035 0.037 0.046  A 174411
   3754.72134  8.557  8.518  8.545  8.548  8.557    0.048 0.033 0.032 0.035 0.042  A 174815
   3756.78847  8.571  8.522  8.562  8.566  8.569    0.053 0.050 0.037 0.039 0.047  A 175109
   3759.71539  8.617  8.626  8.589  8.603  8.611    0.050 0.054 0.040 0.039 0.045  A 175508
   3762.70184  8.570  8.556  8.568  8.557  8.567    0.045 0.043 0.034 0.035 0.040  A 175896
   3765.69052  8.566  8.575  8.548  8.549  8.557    0.052 0.082 0.050 0.046 0.048  B 176312
   3768.68740  8.606  8.641  8.605  8.594  8.603    0.047 0.046 0.034 0.036 0.042  A 176729
   3770.80780  8.509  8.500  8.497  8.495  8.502    0.057 0.045 0.038 0.042 0.049  A 177029
   3773.68373  8.530  8.514  8.537  8.529  8.532    0.050 0.037 0.031 0.035 0.043  A 177373
   3775.73091  8.526  8.539  8.505  8.521  8.527    0.054 0.039 0.034 0.038 0.047  A 177675
   3780.65628  8.622  8.576  8.630  8.614  8.615    0.054 0.041 0.035 0.037 0.045  A 178380
   3783.70571  8.623  8.620  8.622  8.622  8.628    0.056 0.045 0.037 0.040 0.050  A 178692
   3787.70885 99.999 99.999 99.999 99.999 99.999    0.047 0.043 0.033 0.035 0.041  C 178863
   3789.76287  8.584  8.546  8.559  8.571  8.578    0.047 0.061 0.037 0.036 0.042  A 179153
   3792.66851  8.507  8.457  8.519  8.503  8.506    0.046 0.044 0.036 0.035 0.040  A 179562
   3794.71777  8.488  8.483  8.511  8.497  8.487    0.049 0.036 0.036 0.038 0.043  A 179864
   3796.82980  8.537  8.503  8.548  8.533  8.538    0.035 0.036 0.030 0.027 0.031  A 180179
   3799.61813  8.529  8.519  8.517  8.522  8.529    0.047 0.073 0.041 0.037 0.043  A 180530
   3801.65964  8.538  8.507  8.532  8.529  8.537    0.043 0.040 0.031 0.032 0.037  A 180818
   3803.83589  8.548  8.537  8.542  8.535  8.542    0.068 0.055 0.049 0.052 0.060  B 181091
   3805.77022  8.606  8.624  8.584  8.593  8.597    0.054 0.086 0.050 0.044 0.049  B 181360
   3808.72735  8.634  8.632  8.629  8.620  8.634    0.055 0.078 0.047 0.044 0.049  B 181689
   3810.79516  8.591  8.548  8.536  8.571  8.582    0.056 0.070 0.046 0.044 0.050  A 182033
   3813.57261  8.575  8.562  8.554  8.566  8.573    0.047 0.052 0.033 0.033 0.040  A 182434
   3815.61916  8.529  8.558  8.522  8.526  8.534    0.050 0.040 0.034 0.036 0.043  A 182771
   3817.64421  8.548  8.552  8.522  8.539  8.544    0.042 0.044 0.031 0.032 0.036  A 183093
   3819.66334  8.548  8.565  8.547  8.541  8.546    0.046 0.058 0.038 0.036 0.041  A 183424
   3821.73008  8.531  8.496  8.533  8.527  8.533    0.043 0.033 0.029 0.030 0.037  A 183766
   3823.75344  8.539  8.577  8.531  8.535  8.535    0.056 0.073 0.047 0.044 0.050  A 184100
   3825.77275  8.551  8.528  8.525  8.548  8.549    0.065 0.045 0.041 0.043 0.055  B 184444
   3828.54883  8.598  8.500  8.587  8.594  8.594    0.045 0.076 0.041 0.037 0.041  A 184878
   3830.60631  8.608  8.581  8.578  8.602  8.607    0.044 0.062 0.038 0.036 0.040  A 185232
   3832.62266  8.638  8.656  8.644  8.637  8.642    0.049 0.062 0.039 0.038 0.044  A 185592
   3834.61268  8.631  8.606  8.598  8.621  8.630    0.044 0.051 0.034 0.033 0.039  A 185934
   3836.64572  8.632  8.655  8.614  8.619  8.629    0.056 0.057 0.039 0.040 0.048  A 186280
   3847.55780  8.469  8.467  8.493  8.474  8.474    0.057 0.040 0.039 0.042 0.050  A 186739
   3849.60890  8.507  8.474  8.480  8.490  8.502    0.037 0.036 0.030 0.030 0.034  A 187082
   3851.60674  8.536  8.498  8.531  8.528  8.533    0.035 0.045 0.029 0.028 0.032  A 187427
   3853.61730  8.560  8.534  8.548  8.552  8.556    0.034 0.034 0.027 0.026 0.030  A 187779
   3856.53140  8.589  8.592  8.596  8.587  8.589    0.052 0.080 0.045 0.042 0.047  B 188198
   3858.63161  8.593  8.550  8.563  8.584  8.593    0.050 0.069 0.040 0.038 0.044  A 188525
   3860.64103  8.620  8.553  8.622  8.613  8.620    0.043 0.055 0.036 0.033 0.038  A 188831
   3862.58694  8.631  8.624  8.628  8.625  8.630    0.038 0.046 0.031 0.029 0.035  A 189183
   3864.61238  8.621  8.618  8.619  8.619  8.624    0.040 0.038 0.029 0.030 0.034  A 189527
   3866.62446  8.634  8.620  8.618  8.625  8.631    0.050 0.070 0.043 0.039 0.045  A 189885
   3868.66680  8.632  8.558  8.621  8.622  8.624    0.057 0.057 0.040 0.041 0.050  A 190205
   3870.66103  8.636  8.632  8.624  8.623  8.631    0.050 0.049 0.036 0.037 0.045  A 190566
   3872.65912  8.623  8.565  8.607  8.603  8.615    0.044 0.073 0.039 0.035 0.040  A 190938
   3876.61276  8.548  8.518  8.536  8.537  8.540    0.038 0.042 0.032 0.030 0.034  A 191332
   3880.54541  8.523  8.500  8.530  8.531  8.530    0.089 0.056 0.054 0.060 0.076  D 191776
   3882.56929  8.544  8.487  8.524  8.533  8.540    0.036 0.034 0.028 0.027 0.032  A 192070
   3886.56971  8.559  8.554  8.572  8.561  8.556    0.037 0.062 0.034 0.030 0.034  A 192446
   3890.56739  8.588  8.549  8.555  8.584  8.588    0.040 0.059 0.036 0.031 0.036  A 193154
   3892.57484  8.583  8.608  8.566  8.581  8.582    0.160 0.079 0.086 0.102 0.131  D 193504
   3896.57520  8.577  8.620  8.609  8.591  8.584    0.052 0.043 0.040 0.039 0.045  A 194013
   3899.50404  8.570  8.562  8.577  8.569  8.566    0.059 0.043 0.037 0.041 0.051  A 194473
   3901.53520  8.543  8.491  8.525  8.537  8.544    0.036 0.039 0.028 0.028 0.032  A 194808
   3903.55649  8.544  8.546  8.558  8.540  8.539    0.036 0.053 0.034 0.028 0.032  A 195194
   3905.54600  8.567  8.569  8.559  8.559  8.564    0.037 0.067 0.035 0.030 0.034  A 195568
   3907.54684  8.685  8.663  8.680  8.682  8.686    0.038 0.037 0.030 0.030 0.034  A 195955
   4090.77256  8.628  8.591  8.617  8.614  8.622    0.044 0.034 0.031 0.032 0.038  A 209297
   4103.82016  8.585  8.616  8.566  8.577  8.585    0.044 0.040 0.032 0.031 0.038  A 210654
   4106.76757  8.594  8.558  8.607  8.596  8.597    0.050 0.035 0.034 0.036 0.043  A 211004
   4109.84877  8.592  8.581  8.587  8.589  8.595    0.043 0.043 0.031 0.032 0.037  A 211315
   4125.72280  8.435  8.416  8.430  8.443  8.439    0.034 0.034 0.029 0.027 0.030  A 211565
   4127.77577  8.430  8.403  8.444  8.426  8.431    0.034 0.034 0.029 0.027 0.030  A 211847
   4130.69462  8.495  8.501  8.490  8.486  8.499    0.040 0.047 0.030 0.029 0.034  A 212210
   4132.74890  8.545  8.541  8.535  8.540  8.534    0.042 0.056 0.036 0.034 0.039  A 212484
   4134.78609  8.574  8.556  8.571  8.569  8.568    0.055 0.083 0.049 0.045 0.049  B 212778
   4136.80421  8.648  8.610  8.649  8.647  8.648    0.054 0.056 0.040 0.041 0.047  A 213039
   4145.80774  8.684  8.673  8.677  8.687  8.690    0.048 0.061 0.037 0.037 0.043  A 214320
   4149.68392  8.575  8.564  8.575  8.579  8.579    0.049 0.037 0.033 0.035 0.043  A 214672
   4151.73013  8.544  8.527  8.526  8.526  8.544    0.036 0.039 0.028 0.028 0.032  A 214993
   4153.71312  8.485  8.441  8.473  8.481  8.488    0.037 0.053 0.034 0.030 0.033  A 215302
   4155.72260  8.545  8.616  8.533  8.533  8.536    0.061 0.095 0.057 0.053 0.058  D 215594
   4157.81068  8.475  8.472  8.469  8.474  8.470    0.045 0.054 0.032 0.033 0.040  A 215894
   4160.61818  8.522  8.529  8.490  8.503  8.507    0.039 0.043 0.030 0.030 0.034  A 216296
   4162.66558  8.536  8.523  8.504  8.525  8.533    0.047 0.051 0.033 0.034 0.041  A 216635
   4164.68953  8.608  8.620  8.604  8.604  8.605    0.051 0.062 0.042 0.040 0.046  A 216920
   4167.64661  8.664  8.629  8.656  8.660  8.662    0.038 0.033 0.027 0.027 0.032  A 217317
   4172.68994  8.705  8.671  8.692  8.697  8.702    0.041 0.056 0.037 0.033 0.037  A 217929
   4174.70303  8.691  8.697  8.679  8.684  8.687    0.040 0.044 0.032 0.029 0.035  A 218251
   4176.78357  8.653  8.624  8.635  8.648  8.653    0.045 0.057 0.039 0.035 0.041  A 218560
   4179.73214  8.660  8.635  8.653  8.649  8.657    0.050 0.064 0.047 0.041 0.045  A 218868
   4181.74291  8.623  8.648  8.608  8.617  8.625    0.066 0.051 0.045 0.047 0.057  B 219148
   4183.76587  8.581  8.553  8.567  8.583  8.584    0.056 0.069 0.048 0.043 0.049  A 219448
   4185.80096  8.598  8.526  8.571  8.582  8.593    0.049 0.053 0.039 0.037 0.042  A 219746
   4189.63262  8.578  8.524  8.589  8.576  8.579    0.037 0.032 0.031 0.028 0.032  A 220094
   4191.65420  8.590  8.548  8.604  8.587  8.588    0.051 0.049 0.038 0.036 0.043  A 220415
   4193.68684  8.602  8.612  8.593  8.597  8.600    0.048 0.036 0.034 0.035 0.042  A 220750
   4196.72472  8.639  8.657  8.629  8.637  8.648    0.076 0.064 0.052 0.055 0.066  B 221075
   4198.75384  8.633  8.615  8.647  8.627  8.628    0.081 0.070 0.053 0.057 0.070  D 221342
   4202.52572  8.549  8.554  8.547  8.546  8.548    0.039 0.034 0.032 0.030 0.034  A 221610
   4204.64049  8.530  8.509  8.517  8.523  8.524    0.047 0.043 0.038 0.036 0.041  A 221949
   4207.67303 99.999 99.999 99.999 99.999 99.999    0.049 0.065 0.039 0.037 0.043  C 222237
   4213.54910  8.568  8.583  8.557  8.562  8.568    0.035 0.039 0.031 0.027 0.032  A 222553
   4216.59956  8.600  8.576  8.569  8.593  8.598    0.040 0.054 0.039 0.033 0.036  A 222853
   4226.56981  8.672  8.680  8.650  8.663  8.673    0.109 0.070 0.066 0.075 0.091  D 222986
   4228.57822  8.628  8.602  8.608  8.627  8.629    0.036 0.041 0.034 0.029 0.032  A 223323
   4230.58183  8.601  8.602  8.599  8.595  8.600    0.042 0.051 0.036 0.033 0.037  A 223667
   4232.58529  8.571  8.576  8.565  8.571  8.568    0.054 0.057 0.040 0.041 0.048  A 224013
   4234.58707  8.526  8.498  8.514  8.513  8.520    0.036 0.032 0.029 0.027 0.032  A 224383
   4238.61116  8.472  8.477  8.431  8.465  8.475    0.054 0.044 0.041 0.040 0.047  A 225004
   4247.53108  8.646  8.622  8.656  8.642  8.643    0.034 0.032 0.028 0.025 0.030  A 226367
   4250.53742  8.688  8.690  8.659  8.678  8.685    0.039 0.033 0.033 0.029 0.034  A 226642
   4254.53876  8.715  8.707  8.681  8.705  8.711    0.045 0.036 0.034 0.033 0.040  A 226976
   4256.59931  8.695  8.693  8.685  8.690  8.696    0.038 0.035 0.032 0.030 0.034  A 227239
   4259.50448  8.655  8.666  8.657  8.649  8.650    0.054 0.058 0.042 0.040 0.048  A 227631
   4267.48456  8.534  8.518  8.531  8.522  8.530    0.042 0.036 0.031 0.031 0.037  A 227796
   4269.51894  8.506  8.486  8.484  8.495  8.503    0.034 0.032 0.031 0.027 0.031  A 228113
   4274.54711  8.490  8.492  8.458  8.480  8.481    0.037 0.035 0.034 0.030 0.033  A 228661
   4278.49753  8.551  8.539  8.567  8.556  8.549    0.037 0.035 0.029 0.028 0.033  A 229104
   4282.49958  9.235  9.343  9.309  9.275  9.247    0.073 0.077 0.053 0.052 0.062  B 229424
   4284.52466  8.557  8.523  8.560  8.553  8.560    0.055 0.062 0.042 0.043 0.049  A 229767
   4286.51862  8.590  8.589  8.565  8.580  8.584    0.051 0.055 0.040 0.037 0.045  A 230130
   4291.46300 99.999 99.999 99.999 99.999 99.999    0.034 0.034 0.033 0.028 0.031  C 230624
   4293.47447  8.589  8.583  8.574  8.578  8.588    0.035 0.033 0.031 0.027 0.030  A 230994
   4295.47551  8.572  8.566  8.561  8.560  8.569    0.035 0.037 0.030 0.027 0.031  A 231336
   4297.47811  8.574  8.557  8.593  8.583  8.578    0.052 0.036 0.033 0.035 0.043  A 231688
   4299.47141  8.609  8.581  8.601  8.600  8.605    0.040 0.043 0.033 0.030 0.034  A 232060
   4301.47777  8.598  8.601  8.574  8.588  8.601    0.055 0.039 0.037 0.040 0.047  A 232415
   4306.46297  8.607  8.596  8.592  8.595  8.603    0.041 0.043 0.037 0.031 0.036  A 233264
   4364.90076  8.601  8.595  8.568  8.597  8.592    0.059 0.051 0.046 0.045 0.052  A 240592
   4379.88642  8.579  8.588  8.566  8.570  8.585    0.053 0.043 0.038 0.038 0.045  A 242658
   4384.88100  8.600  8.566  8.593  8.596  8.602    0.049 0.044 0.041 0.036 0.042  A 243415
   4408.85131  8.575  8.536  8.548  8.567  8.574    0.049 0.049 0.039 0.038 0.043  A 245796
   4413.86448  8.669  8.657  8.644  8.666  8.664    0.054 0.045 0.042 0.039 0.046  A 246326
   4422.84884  8.672  8.622  8.693  8.683  8.675    0.055 0.039 0.035 0.040 0.048  A 246716
   4427.83880  8.587  8.533  8.588  8.572  8.580    0.042 0.048 0.035 0.033 0.038  A 247122
   4430.83773  8.543  8.518  8.547  8.547  8.548    0.056 0.056 0.041 0.039 0.047  A 247477
   4437.83755  8.586  8.592  8.551  8.566  8.577    0.050 0.044 0.038 0.036 0.043  A 248347
   4440.83427  8.647  8.608  8.624  8.645  8.642    0.047 0.055 0.040 0.035 0.041  A 248727
   4448.78035  8.688  8.638  8.706  8.699  8.696    0.041 0.041 0.033 0.031 0.036  A 249556
   4454.81893  8.608  8.596  8.591  8.603  8.603    0.064 0.046 0.041 0.044 0.054  B 250296
   4457.80080  8.591  8.574  8.586  8.588  8.585    0.049 0.040 0.034 0.035 0.042  A 250613
   4460.79489  8.561  8.582  8.559  8.554  8.560    0.054 0.045 0.041 0.040 0.046  A 250953
   4463.78345  8.550  8.547  8.575  8.561  8.555    0.044 0.039 0.034 0.031 0.037  A 251355
   4466.78938  8.536  8.536  8.514  8.523  8.531    0.045 0.037 0.035 0.034 0.040  A 251692
   4469.77957  8.517  8.432  8.519  8.513  8.517    0.047 0.052 0.038 0.036 0.042  A 252025
   4472.83752  8.519  8.518  8.506  8.507  8.520    0.086 0.055 0.052 0.060 0.074  D 252291
   4476.77487  8.488  8.504  8.502  8.495  8.491    0.075 0.055 0.051 0.055 0.065  B 252688
   4479.75785  8.566  8.568  8.538  8.559  8.569    0.047 0.044 0.037 0.036 0.042  A 253056
   4482.78161  8.556  8.539  8.540  8.550  8.555    0.055 0.041 0.037 0.038 0.047  A 253364
   4485.81100  8.558  8.550  8.532  8.543  8.553    0.042 0.044 0.033 0.031 0.037  A 253648
   4488.72557  8.548  8.481  8.515  8.522  8.534    0.092 0.071 0.059 0.067 0.082  D 253971
   4492.83049  8.548  8.528  8.522  8.541  8.546    0.038 0.038 0.031 0.029 0.033  A 254465
   4498.78072  8.574  8.580  8.551  8.564  8.571    0.042 0.042 0.036 0.036 0.039  A 254950
   4501.68809  8.593  8.606  8.569  8.574  8.583    0.043 0.042 0.035 0.035 0.039  A 255300
   4503.78480  8.568  8.550  8.579  8.574  8.569    0.054 0.039 0.041 0.042 0.048  A 255612
   4506.67671  8.571  8.596  8.582  8.565  8.564    0.049 0.053 0.042 0.040 0.044  A 256005
   4508.75050  8.523  8.534  8.527  8.523  8.521    0.043 0.040 0.036 0.036 0.039  A 256314
   4511.64985  8.512  8.513  8.505  8.498  8.503    0.039 0.047 0.034 0.031 0.034  A 256687
   4515.66853  8.483  8.463  8.469  8.472  8.478    0.044 0.042 0.033 0.033 0.039  A 257025
   4517.72897  8.488  8.438  8.490  8.489  8.490    0.047 0.043 0.034 0.035 0.041  A 257294
   4519.75647  8.520  8.489  8.513  8.507  8.515    0.052 0.040 0.036 0.037 0.045  A 257611
   4521.79123  8.551  8.519  8.528  8.537  8.547    0.039 0.038 0.031 0.029 0.034  A 257897
   4524.62541  8.606  8.580  8.606  8.603  8.600    0.037 0.031 0.030 0.028 0.034  A 258287
   4526.66747  8.618  8.586  8.639  8.620  8.621    0.044 0.036 0.034 0.032 0.038  A 258589
   4528.71809  8.619  8.604  8.603  8.603  8.607    0.061 0.042 0.043 0.046 0.053  A 258909
   4530.81241  8.621  8.615  8.642  8.632  8.623    0.042 0.042 0.032 0.032 0.036  A 259241
   4536.69312  8.541  8.498  8.527  8.534  8.536    0.035 0.032 0.029 0.026 0.031  A 259949
   4538.73569  8.516  8.499  8.524  8.517  8.517    0.046 0.063 0.042 0.037 0.041  A 260260
   4540.79234  8.539  8.542  8.524  8.526  8.537    0.054 0.054 0.042 0.040 0.047  A 260559
   4542.68294  8.552  8.534  8.543  8.542  8.545    0.056 0.042 0.035 0.038 0.047  A 260844
   4546.71448  8.568  8.580  8.551  8.557  8.564    0.055 0.051 0.040 0.040 0.048  A 261463
   4548.72451  8.591  8.558  8.577  8.590  8.587    0.053 0.052 0.040 0.039 0.046  A 261806
   4553.69095  8.604  8.601  8.599  8.602  8.604    0.043 0.045 0.034 0.032 0.037  A 262412
   4555.70268  8.604  8.582  8.585  8.598  8.602    0.039 0.051 0.035 0.031 0.034  A 262722
   4557.75457  8.613  8.581  8.603  8.606  8.611    0.041 0.047 0.035 0.032 0.037  A 263064
   4560.57930  8.618  8.595  8.616  8.612  8.615    0.037 0.033 0.032 0.029 0.033  A 263503
   4562.62647  8.616  8.632  8.608  8.607  8.611    0.044 0.052 0.036 0.033 0.039  A 263858
   4564.71160  8.588  8.597  8.571  8.581  8.586    0.039 0.043 0.033 0.030 0.034  A 264218
   4566.71257  8.560  8.554  8.543  8.549  8.560    0.041 0.036 0.036 0.035 0.038  A 264552
   4568.72747  8.559  8.547  8.567  8.562  8.558    0.042 0.050 0.039 0.034 0.038  A 264866
   4571.52106  8.557  8.552  8.555  8.560  8.560    0.042 0.032 0.033 0.031 0.037  A 265296
   4573.56307  8.572  8.556  8.553  8.564  8.567    0.049 0.033 0.034 0.035 0.041  A 265658
   4575.58882 99.999  8.574  8.591  8.583  8.592    0.045 0.038 0.035 0.034 0.040  C 265980
#ndata= 97
#dataset= 4 ; 1 F1040-40_138
#desig= 101402-4316.0
#cra=   10.233882  10:14:02.0
#cdec= -43.266263 -43:15:58.5
#class= 0
#cmag_0=  8.585
#cmer_0=  0.046
#nskip_0= 6
#cmag_1=  8.542
#cmer_1=  0.056
#nskip_1= 2
#cmag_2=  8.555
#cmer_2=  0.050
#nskip_2= 5
#cmag_3=  8.564
#cmer_3=  0.051
#nskip_3= 6
#cmag_4=  8.562
#cmer_4=  0.050
#nskip_4= 5
#ra=   10.233882  10:14:02.0
#dec= -43.266263 -43:15:58.5
#     HJD      MAG_4  MAG_0  MAG_1  MAG_2  MAG_3    MER_4 MER_0 MER_1 MER_2 MER_3 GRADE FRAME
   2212.86549  8.612  8.612  8.589  8.601  8.610    0.045 0.049 0.042 0.036 0.041  A 38020
   2545.89430  8.616  8.601  8.593  8.620  8.614    0.046 0.049 0.042 0.035 0.042  A 20285
   2622.75579  8.558  8.576  8.561  8.574  8.575    0.030 0.027 0.026 0.023 0.027  A 30017
   2695.70766  8.616  8.649  8.602  8.622  8.613    0.030 0.028 0.032 0.026 0.029  A 41980
   2728.67771  8.504  8.570  8.470  8.484  8.503    0.029 0.029 0.026 0.024 0.027  A 47874
   3053.77906  8.591  8.606  8.566  8.576  8.582    0.035 0.029 0.027 0.027 0.031  A 91317
   3365.83417  8.533  8.566  8.515  8.530  8.543    0.050 0.052 0.038 0.037 0.044  A 125117
   3384.73470  8.563  8.614  8.533  8.557  8.568    0.050 0.040 0.035 0.038 0.044  A 125918
   3387.75468  8.559  8.589  8.532  8.544  8.556    0.046 0.037 0.036 0.034 0.041  A 126358
   4090.79021  8.602  8.673  8.606  8.610  8.628    0.064 0.076 0.047 0.046 0.055  B 209303
   4104.75935  8.567  8.565  8.557  8.570  8.573    0.056 0.049 0.038 0.040 0.048  A 210739
   4111.82282  8.585  8.649  8.566  8.583  8.590    0.049 0.052 0.038 0.036 0.043  A 211450
   4125.79671 99.999  8.412  8.405 99.999 99.999    0.058 0.061 0.045 0.044 0.051  C 211590
   4128.72878  8.437  8.434  8.415  8.434  8.444    0.035 0.048 0.032 0.028 0.032  A 211962
   4132.77939  8.520  8.581  8.502  8.513  8.518    0.038 0.036 0.028 0.029 0.034  A 212495
   4134.79478  8.573  8.613  8.558  8.565  8.578    0.045 0.035 0.030 0.033 0.039  A 212781
   4136.81208  8.632  8.627  8.600  8.623  8.633    0.053 0.047 0.036 0.038 0.046  A 213042
   4151.75245  8.534  8.488  8.502  8.521  8.529    0.037 0.063 0.034 0.029 0.033  A 215000
   4155.75215  8.447  8.523  8.450  8.450  8.453    0.036 0.043 0.027 0.029 0.033  A 215603
   4158.64990  8.462  8.467  8.452  8.464  8.464    0.040 0.056 0.035 0.033 0.036  A 215995
   4160.69916  8.511  8.522  8.496  8.510  8.509    0.038 0.050 0.033 0.028 0.033  A 216323
   4164.72701  8.578  8.576  8.548  8.566  8.584    0.046 0.034 0.029 0.033 0.040  A 216933
   4172.73001  8.708  8.779  8.694  8.706  8.710    0.040 0.061 0.037 0.031 0.035  A 217942
   4174.75365  8.692  8.683  8.667  8.684  8.692    0.042 0.062 0.040 0.035 0.038  A 218268
   4181.78254  8.578  8.633  8.580  8.582  8.583    0.072 0.057 0.047 0.051 0.061  B 219161
   4184.58808  8.609  8.717  8.581  8.609  8.607    0.043 0.060 0.041 0.036 0.040  A 219534
   4226.57299  8.633  8.603  8.657  8.679  8.660    0.105 0.069 0.064 0.070 0.088  D 222987
   4228.58142  8.634  8.649  8.602  8.623  8.632    0.038 0.053 0.038 0.032 0.035  A 223324
   4391.87586  8.614  8.639  8.604  8.610  8.622    0.079 0.058 0.051 0.056 0.068  D 244462
   4439.81054  8.627  8.672  8.587  8.601  8.621    0.051 0.060 0.045 0.038 0.045  A 248586
   4458.78587  8.570  8.584  8.565  8.574  8.574    0.048 0.042 0.035 0.035 0.042  A 250748
   4467.80200  8.484  8.483  8.450  8.463  8.485    0.047 0.047 0.038 0.035 0.041  A 251808
   4474.79890  8.553  8.575  8.563  8.559  8.558    0.042 0.040 0.032 0.031 0.036  A 252520
   4478.73991  8.535  8.587  8.522  8.523  8.539    0.046 0.048 0.039 0.038 0.042  A 252911
   4481.80567  8.535  8.559  8.514  8.519  8.529    0.057 0.043 0.036 0.039 0.048  A 253257
   4487.80593  8.524  8.583  8.494  8.505  8.527    0.044 0.043 0.035 0.031 0.037  A 253881
   4492.78979  8.545  8.541  8.526  8.528  8.544    0.036 0.030 0.030 0.027 0.031  A 254451
   4494.80255  8.567  8.587  8.546  8.564  8.568    0.036 0.032 0.029 0.027 0.032  A 254704
   4506.69910  8.564  8.587  8.555  8.562  8.571    0.042 0.040 0.035 0.032 0.037  A 256012
   4508.77275  8.523  8.521  8.498  8.513  8.525    0.042 0.047 0.037 0.034 0.038  A 256321
   4511.68749  8.491  8.477  8.503  8.505  8.493    0.035 0.034 0.029 0.027 0.031  A 256698
   4515.69282  8.473  8.524  8.432  8.456  8.463    0.051 0.038 0.034 0.036 0.043  A 257032
   4517.74906  8.493  8.557  8.472  8.483  8.477    0.048 0.037 0.032 0.034 0.042  A 257300
   4524.64685  8.575  8.598  8.563  8.574  8.574    0.037 0.032 0.029 0.027 0.032  A 258294
   4531.64731  8.580  8.616  8.577  8.582  8.582    0.042 0.033 0.034 0.033 0.038  A 259333
   4537.68864  8.508  8.545  8.482  8.508  8.512    0.034 0.033 0.030 0.027 0.031  A 260096
   4539.68674  8.488  8.515  8.455  8.471  8.490    0.066 0.044 0.042 0.046 0.057  A 260387
   4541.68218  8.534  8.526  8.503  8.537  8.540    0.036 0.037 0.029 0.027 0.032  A 260683
   4543.68404  8.535  8.564  8.513  8.534  8.535    0.043 0.042 0.033 0.033 0.038  A 260996
   4547.73828  8.601  8.626  8.584  8.595  8.587    0.061 0.071 0.046 0.046 0.054  B 261639
   4554.73694  8.610  8.590  8.531  8.546  8.585    0.057 0.043 0.040 0.042 0.048  A 262572
   4558.81143  8.571  8.641  8.582  8.587  8.574    0.041 0.057 0.039 0.033 0.038  A 263250
   4563.60698  8.594  8.594  8.584  8.598  8.593    0.049 0.040 0.037 0.038 0.044  A 264014
   4565.62139  8.597  8.539  8.553  8.575  8.597    0.040 0.052 0.035 0.031 0.035  A 264356
   4569.63467  8.562  8.581  8.541  8.557  8.548    0.041 0.034 0.031 0.030 0.035  A 264997
   4571.62555  8.548  8.592  8.545  8.556  8.548    0.045 0.031 0.033 0.032 0.038  A 265332
#dataset= 4 ; 2 F1040-40_138
#desig= 101401-4316.1
#cra=   10.233696  10:14:01.3
#cdec= -43.267986 -43:16:04.7
#class= 0
#cmag_0=  8.587
#cmer_0=  0.036
#nskip_0= 8
#cmag_1=  8.576
#cmer_1=  0.045
#nskip_1= 5
#cmag_2=  8.582
#cmer_2=  0.036
#nskip_2= 7
#cmag_3=  8.585
#cmer_3=  0.047
#nskip_3= 3
#cmag_4=  8.579
#cmer_4=  0.049
#nskip_4= 3
#ra=   10.233696  10:14:01.3
#dec= -43.267986 -43:16:04.7
#     HJD      MAG_4  MAG_0  MAG_1  MAG_2  MAG_3    MER_4 MER_0 MER_1 MER_2 MER_3 GRADE FRAME
   2685.70857  8.626  8.626  8.638  8.636  8.632    0.034 0.033 0.033 0.028 0.031  A 40207
   2728.67771  8.522  8.518  8.565  8.554  8.541    0.029 0.029 0.026 0.024 0.027  A 47874
   2744.76355  8.566  8.562  8.588  8.593  8.585    0.049 0.035 0.033 0.037 0.043  A 50774
   2956.83834  8.573  8.575  8.608  8.602  8.598    0.037 0.030 0.029 0.028 0.033  A 80319
   2976.79696  8.547  8.575  8.548  8.556  8.562    0.048 0.031 0.038 0.042 0.046  A 82918
   3356.84046  8.592  8.591  8.563  8.587  8.596    0.046 0.082 0.043 0.039 0.043  B 124535
   3382.82513  8.601  8.649  8.587  8.591  8.603    0.044 0.042 0.033 0.034 0.039  A 125692
   3390.75379  8.528  8.551  8.517  8.522  8.535    0.038 0.032 0.028 0.029 0.034  A 126761
   3393.79674  8.911  9.056  8.962  8.918  8.917    0.049 0.044 0.035 0.035 0.043  A 127054
   4107.78402  8.594  8.612  8.578  8.593  8.599    0.036 0.035 0.030 0.027 0.031  A 211153
   4128.72878  8.447  9.502  8.879  8.566  8.478    0.035 0.048 0.032 0.028 0.032  A 211962
   4145.84279  8.691  8.727  8.679  8.686  8.689    0.044 0.056 0.037 0.034 0.040  A 214332
   4149.69606  8.604  8.601  8.593  8.604  8.606    0.049 0.034 0.030 0.033 0.041  A 214676
   4162.70298  8.529  8.539  8.518  8.526  8.531    0.045 0.051 0.031 0.033 0.040  A 216648
   4167.67914  8.672  8.695  8.652  8.668  8.672    0.037 0.044 0.031 0.028 0.032  A 217328
   4176.81432  8.622  8.577  8.611  8.614  8.625    0.048 0.063 0.042 0.039 0.044  A 218570
   4179.75307  8.643  8.629  8.656  8.665  8.648    0.059 0.079 0.049 0.048 0.054  B 218875
   4191.68888  8.603  8.606  8.584  8.594  8.608    0.046 0.037 0.034 0.033 0.038  A 220425
   4193.70246  8.601  8.645  8.609  8.620  8.597    0.047 0.053 0.037 0.035 0.041  A 220755
   4204.65317  8.511  8.561  8.506  8.521  8.526    0.041 0.047 0.035 0.032 0.036  A 221953
   4213.55779  8.564  8.547  8.567  8.573  8.563    0.032 0.034 0.028 0.024 0.028  A 222556
   4385.87723  8.608  8.643  8.595  8.607  8.611    0.041 0.044 0.037 0.032 0.037  A 243577
   4408.86589  8.597  8.633  8.581  8.593  8.595    0.051 0.038 0.035 0.036 0.044  A 245801
   4423.84122  8.667  8.725  8.682  8.680  8.679    0.052 0.039 0.033 0.036 0.044  A 246800
   4428.83856  8.568  8.584  8.565  8.573  8.582    0.051 0.041 0.036 0.037 0.044  A 247236
   4432.82301  8.506  8.558  8.513  8.513  8.518    0.047 0.049 0.037 0.036 0.041  A 247730
   4435.84730  8.543  8.580  8.548  8.554  8.555    0.044 0.036 0.032 0.031 0.038  A 248099
   4443.81109  8.647  8.738  8.661  8.673  8.661    0.042 0.040 0.036 0.035 0.038  A 249035
   4454.83880  8.664  8.652  8.655  8.659  8.663    0.068 0.072 0.050 0.050 0.059  B 250302
   4461.83820  8.557  8.564  8.539  8.551  8.555    0.047 0.042 0.036 0.035 0.041  A 251103
   4464.81382  8.522  8.595  8.528  8.532  8.525    0.041 0.048 0.035 0.032 0.036  A 251471
   4470.79899  8.528  8.525  8.515  8.532  8.545    0.064 0.055 0.042 0.045 0.055  A 252150
   4485.76706  8.567  8.600  8.563  8.552  8.574    0.044 0.049 0.036 0.033 0.038  A 253633
   4498.74595 29.999 29.999 29.999 29.999 29.999    0.040 0.040 0.035 0.034 0.037  C 254940
   4503.82019  8.604  8.658  8.589  8.608  8.604    0.050 0.044 0.040 0.039 0.045  A 255624
   4519.77465  8.504  8.544  8.486  8.522  8.504    0.053 0.043 0.036 0.038 0.046  A 257617
   4526.70771  8.594  8.653  8.618  8.623  8.607    0.038 0.044 0.034 0.030 0.034  A 258602
   4528.76488  8.577  8.595  8.585  8.582  8.568    0.048 0.044 0.039 0.040 0.043  A 258924
   4535.64175  8.550  8.534  8.534  8.546  8.553    0.046 0.037 0.036 0.035 0.040  A 259771
   4561.58733  8.613  8.629  8.591  8.605  8.601    0.044 0.038 0.033 0.032 0.037  A 263678
   4567.63291  8.577  8.567  8.548  8.567  8.564    0.047 0.040 0.038 0.037 0.042  A 264692
