#ndata= 1
#dataset= 1 ; 1 F0815-48_101
#desig= 103117-2358.0
#cra=   10.521277  10:31:16.6
#cdec= -23.966821 -23:58:00.6
#class= 0
#cmag_0=  9.940
#cmer_0=  0.000
#nskip_0= 0
#cmag_1=  9.918
#cmer_1=  0.000
#nskip_1= 0
#cmag_2=  9.913
#cmer_2=  0.000
#nskip_2= 0
#cmag_3=  9.884
#cmer_3=  0.000
#nskip_3= 0
#cmag_4=  9.878
#cmer_4=  0.000
#nskip_4= 0
#ra=   10.521277  10:31:16.6
#dec= -23.966821 -23:58:00.6
#     HJD      MAG_3  MAG_0  MAG_1  MAG_2  MAG_4    MER_3 MER_0 MER_1 MER_2 MER_4 GRADE FRAME
   2258.79518  9.885  9.941  9.918  9.913  9.878    0.047 0.057 0.055 0.047 0.049  B 44178
#ndata= 1
#dataset= 2 ; 1 F1115-48_105
#desig= 103117-2358.0
#cra=   10.521354  10:31:16.9
#cdec= -23.965853 -23:57:57.1
#class= 0
#cmag_0=  9.977
#cmer_0=  0.000
#nskip_0= 0
#cmag_1=  9.984
#cmer_1=  0.000
#nskip_1= 0
#cmag_2=  9.984
#cmer_2=  0.000
#nskip_2= 0
#cmag_3=  9.933
#cmer_3=  0.000
#nskip_3= 0
#cmag_4=  9.916
#cmer_4=  0.000
#nskip_4= 0
#ra=   10.521354  10:31:16.9
#dec= -23.965853 -23:57:57.1
#     HJD      MAG_3  MAG_0  MAG_1  MAG_2  MAG_4    MER_3 MER_0 MER_1 MER_2 MER_4 GRADE FRAME
   2253.79492  9.934  9.978  9.985  9.984  9.916    0.045 0.062 0.055 0.046 0.046  B 43410
#ndata= 11
#dataset= 3 ; 1 F1008-24_217
#desig= 103116-2358.0
#cra=   10.521159  10:31:16.2
#cdec= -23.966721 -23:58:00.2
#class= 0
#cmag_0= 10.001
#cmer_0=  0.038
#nskip_0= 0
#cmag_1=  9.993
#cmer_1=  0.033
#nskip_1= 1
#cmag_2=  9.982
#cmer_2=  0.032
#nskip_2= 1
#cmag_3=  9.965
#cmer_3=  0.034
#nskip_3= 1
#cmag_4=  9.940
#cmer_4=  0.033
#nskip_4= 0
#ra=   10.521159  10:31:16.2
#dec= -23.966721 -23:58:00.2
#     HJD      MAG_3  MAG_0  MAG_1  MAG_2  MAG_4    MER_3 MER_0 MER_1 MER_2 MER_4 GRADE FRAME
   2225.81477  9.936  9.989  9.956  9.947  9.913    0.039 0.049 0.043 0.034 0.038  A 39588
   2227.82436  9.959  9.954  9.968  9.971  9.924    0.042 0.051 0.045 0.036 0.043  A 39898
   2229.82187  9.938  9.982  9.945  9.921  9.913    0.044 0.048 0.044 0.036 0.044  A 40225
   2232.82493 10.016  9.994  9.999  9.958  9.983    0.041 0.046 0.041 0.035 0.042  A 40558
   2236.81916 10.032 10.067 10.022 10.023 10.003    0.044 0.048 0.045 0.036 0.043  A 41183
   2239.81664  9.949  9.979 10.000  9.990  9.899    0.043 0.051 0.046 0.038 0.042  A 41502
   2241.80379  9.926  9.939  9.936  9.954  9.911    0.040 0.048 0.043 0.035 0.040  A 41813
   2243.79919  9.982 10.038 10.015 10.015  9.965    0.051 0.057 0.052 0.044 0.052  A 42128
   2660.76181  9.999 10.040 10.042 10.019  9.966    0.038 0.035 0.035 0.033 0.038  A 35990
   2947.85494  9.950 10.027 10.027  9.998  9.925    0.025 0.024 0.022 0.021 0.027  A 79098
   3116.57610  9.999 10.000 10.033 10.013  9.963    0.034 0.032 0.033 0.028 0.038  A 99796
#ndata= 505
#dataset= 4 ; 1 F1040-24_218
#desig= 103117-2357.9
#cra=   10.521251  10:31:16.5
#cdec= -23.965829 -23:57:57.0
#class= 0
#cmag_0= 10.003
#cmer_0=  0.045
#nskip_0= 13
#cmag_1= 10.001
#cmer_1=  0.035
#nskip_1= 7
#cmag_2=  9.992
#cmer_2=  0.029
#nskip_2= 8
#cmag_3=  9.975
#cmer_3=  0.029
#nskip_3= 7
#cmag_4=  9.957
#cmer_4=  0.030
#nskip_4= 6
#ra=   10.521251  10:31:16.5
#dec= -23.965829 -23:57:57.0
#     HJD      MAG_3  MAG_0  MAG_1  MAG_2  MAG_4    MER_3 MER_0 MER_1 MER_2 MER_4 GRADE FRAME
   1869.83851  9.998  9.965 10.014 10.017  9.984    0.024 0.058 0.026 0.021 0.027  A 332
   1873.83150  9.915  9.898  9.929  9.929  9.905    0.025 0.055 0.025 0.022 0.027  A 929
   1875.82154  9.997 10.022 10.013 10.007  9.976    0.028 0.066 0.028 0.025 0.030  A 1247
   1877.81359  9.963 10.011  9.985  9.978  9.946    0.022 0.044 0.021 0.019 0.025  A 1562
   1879.81197  9.965 10.003 10.004  9.986  9.944    0.025 0.041 0.024 0.022 0.027  A 1877
   1881.80524  9.989 10.008 10.006 10.004  9.974    0.025 0.044 0.024 0.022 0.028  A 2188
   1885.77417 10.017 10.043 10.044 10.035 10.002    0.025 0.043 0.026 0.023 0.028  A 2483
   1887.78946  9.932  9.894  9.953  9.955  9.912    0.025 0.047 0.024 0.022 0.029  A 2809
   1888.87044  9.982 10.016 10.027 10.006  9.952    0.043 0.042 0.033 0.034 0.050  A 3004
   1899.82561  9.997 10.032 10.045 10.020  9.976    0.023 0.028 0.026 0.020 0.026  A 3275
   1902.79311  9.986 10.033  9.997  9.995  9.969    0.023 0.032 0.024 0.020 0.025  A 3577
   1904.76430  9.987  9.988 10.014 10.009  9.974    0.028 0.061 0.028 0.025 0.030  A 3883
   1908.75413  9.963  9.996  9.995  9.986  9.950    0.025 0.040 0.024 0.022 0.027  A 4524
   1913.78746  9.964  9.969  9.978  9.978  9.947    0.021 0.032 0.020 0.019 0.024  A 4671
   1914.84845  9.957  9.952 10.017  9.988  9.933    0.021 0.027 0.025 0.019 0.024  A 4860
   1915.85304  9.983 10.017 10.010  9.999  9.968    0.024 0.035 0.028 0.022 0.025  A 5020
   1919.75291  9.953 10.023  9.968  9.965  9.929    0.029 0.039 0.030 0.027 0.033  A 5351
   1920.79355  9.939 10.022  9.982  9.968  9.926    0.025 0.035 0.025 0.022 0.029  A 5531
   1921.79340 10.001 10.058 10.004 10.008  9.977    0.028 0.033 0.028 0.025 0.032  A 5688
   1922.77349  9.986 10.024 10.021 10.004  9.964    0.025 0.033 0.024 0.022 0.028  A 5831
   1923.76742  9.938  9.973  9.972  9.966  9.924    0.079 0.064 0.062 0.066 0.093  D 5994
   1924.76735  9.979 10.011 10.016 10.005  9.959    0.025 0.033 0.023 0.021 0.029  A 6163
   1925.77041  9.979 10.036 10.027 10.002  9.957    0.040 0.040 0.033 0.034 0.046  A 6333
   1926.76249  9.914  9.962  9.943  9.929  9.898    0.025 0.034 0.025 0.022 0.028  A 6499
   1928.76213  9.995 10.013 10.027 10.012  9.982    0.024 0.035 0.023 0.021 0.026  A 6825
   1929.76272  9.953  9.998  9.958  9.966  9.937    0.021 0.027 0.024 0.018 0.023  A 6978
   1931.75312  9.981  9.965 10.036 10.018  9.957    0.023 0.030 0.026 0.021 0.025  A 7312
   1932.75300  9.945  9.997  9.969  9.961  9.928    0.023 0.030 0.026 0.020 0.026  A 7475
   1933.76273  9.949  9.997  9.973  9.964  9.938    0.022 0.031 0.027 0.021 0.025  A 7643
   1938.70011  9.971 10.035  9.996  9.989  9.951    0.021 0.028 0.025 0.019 0.024  A 8279
   1940.69852 10.004 10.026 10.027 10.021  9.988    0.022 0.031 0.028 0.021 0.025  A 8522
   1945.75827  9.976 10.042 10.004  9.989  9.959    0.023 0.031 0.030 0.021 0.026  A 8711
   1948.71114 10.001 10.020 10.004 10.010  9.984    0.029 0.029 0.027 0.024 0.033  A 9070
   1949.73940  9.961  9.986  9.965  9.967  9.943    0.029 0.039 0.032 0.026 0.032  A 9231
   1950.70515 10.015  9.989 10.048 10.036  9.999    0.029 0.038 0.031 0.026 0.033  A 9393
   1953.70513  9.978 10.029 10.006  9.995  9.967    0.027 0.033 0.033 0.024 0.027  A 9700
   1954.70943  9.993  9.997 10.031 10.002  9.967    0.032 0.045 0.040 0.030 0.034  A 9880
   1955.69786  9.990 10.002 10.015 10.002  9.958    0.027 0.035 0.032 0.024 0.027  A 10054
   1958.68655  9.991 10.046 10.023  9.999  9.970    0.025 0.031 0.031 0.023 0.025  A 10222
   1961.66402  9.975 10.017 10.042 10.005  9.953    0.027 0.034 0.033 0.025 0.026  A 10489
   1962.70985  9.938  9.996  9.986  9.954  9.921    0.035 0.039 0.036 0.030 0.032  A 10658
   1963.68456  9.965 10.029 10.004  9.992  9.952    0.031 0.035 0.031 0.025 0.027  A 10829
   1964.68342 10.005 10.065 10.027 10.039  9.993    0.029 0.035 0.033 0.025 0.027  A 11009
   1965.67876  9.960 10.009  9.983  9.976  9.937    0.028 0.031 0.031 0.024 0.026  A 11194
   1966.67657  9.962 10.000  9.970  9.976  9.950    0.031 0.037 0.034 0.027 0.027  A 11378
   1967.67113  9.973 10.032  9.997  9.978  9.961    0.034 0.037 0.033 0.027 0.029  A 11543
   1968.67081  9.953  9.983  9.973  9.952  9.947    0.036 0.040 0.036 0.030 0.030  A 11718
   1970.69371  9.999 10.042 10.022 10.013  9.993    0.037 0.040 0.035 0.030 0.032  A 11785
   1977.64254  9.940 10.029 10.007  9.983  9.956    0.051 0.054 0.046 0.042 0.048  A 11953
   1978.69588 10.052 10.078 10.064 10.044  9.996    0.059 0.067 0.058 0.051 0.055  B 12058
   1979.65567  9.910  9.985  9.985  9.958  9.917    0.051 0.058 0.049 0.042 0.047  A 12234
   1980.65462 10.023 10.037 10.025 10.030  9.994    0.049 0.056 0.048 0.041 0.044  A 12381
   1981.66503  9.924 10.015  9.996  9.974  9.931    0.047 0.052 0.045 0.039 0.041  A 12566
   1982.64170  9.950  9.998  9.990  9.971  9.945    0.040 0.042 0.037 0.033 0.035  A 12748
   1984.63787  9.975 10.031 10.002  9.979  9.955    0.043 0.046 0.038 0.033 0.037  A 12962
   1985.63252  9.900  9.970  9.950  9.920  9.897    0.037 0.043 0.039 0.033 0.035  A 13152
   1993.64155 10.022 10.037 10.041 10.015 10.006    0.049 0.057 0.045 0.039 0.047  A 13303
   1994.61882  9.947 10.059 10.033 10.000  9.951    0.044 0.052 0.042 0.035 0.042  A 13438
   1995.61442  9.954 10.013  9.987  9.945  9.936    0.049 0.060 0.046 0.039 0.049  A 13633
   1997.61139 10.012  9.987  9.985  9.994  9.992    0.049 0.059 0.048 0.040 0.048  A 14035
   1998.61081  9.981 10.018  9.976  9.967  9.963    0.056 0.071 0.054 0.044 0.059  A 14232
   2000.60097 10.031 10.075 10.025  9.996 10.017    0.051 0.065 0.050 0.041 0.052  A 14636
   2007.56700 10.005 10.023 10.002  9.973 10.013    0.063 0.081 0.062 0.052 0.064  B 14929
   2011.56364  9.973  9.984  9.960  9.963  9.951    0.053 0.064 0.050 0.042 0.053  A 15547
   2016.56348  9.973 10.008 10.008  9.993  9.961    0.053 0.070 0.054 0.043 0.056  A 15929
   2018.55723  9.938  9.963  9.954  9.945  9.947    0.055 0.075 0.056 0.045 0.059  A 16167
   2025.51321  9.978  9.993 10.025  9.996  9.965    0.025 0.040 0.040 0.028 0.026  A 17138
   2026.54751  9.988 10.024 10.034 10.012  9.972    0.025 0.048 0.025 0.023 0.028  A 17368
   2027.54615  9.928  9.935  9.947  9.940  9.918    0.026 0.055 0.027 0.025 0.029  A 17585
   2030.52168  9.973  9.969  9.993  9.986  9.958    0.025 0.047 0.026 0.023 0.027  A 17754
   2032.51621  9.982  9.978 10.006  9.998  9.963    0.027 0.055 0.029 0.025 0.030  A 18181
   2033.52619  9.981  9.966 10.007  9.997  9.970    0.025 0.043 0.023 0.022 0.028  A 18407
   2038.50786  9.952 10.010  9.974  9.967  9.940    0.028 0.064 0.033 0.027 0.030  A 19058
   2052.47220 10.007 10.062 10.031 10.024  9.986    0.025 0.054 0.025 0.022 0.026  A 19753
   2054.51554  9.942  9.944  9.967  9.964  9.937    0.049 0.068 0.042 0.041 0.058  A 20201
   2056.50608  9.955  9.989  9.980  9.969  9.934    0.024 0.054 0.024 0.021 0.027  A 20639
   2058.49371  9.963 10.009 10.003  9.993  9.955    0.026 0.055 0.026 0.023 0.028  A 21091
   2062.51108  9.987 10.111 10.008  9.999  9.966    0.033 0.060 0.031 0.029 0.037  A 21487
   2067.48334  9.964  9.988  9.989  9.984  9.955    0.024 0.048 0.030 0.025 0.027  A 21787
   2069.52960 10.130 10.516 10.315 10.208 10.043    0.024 0.047 0.023 0.022 0.026  A 22252
   2071.52204  9.962 10.155 10.088 10.017  9.941    0.024 0.032 0.021 0.021 0.028  A 22694
   2080.49620  9.999 10.346 10.191 10.081  9.943    0.030 0.050 0.031 0.027 0.031  A 22837
   2083.48621  9.939  9.954  9.975  9.958  9.927    0.063 0.069 0.056 0.058 0.067  B 23527
   2086.51127  9.973  9.987  9.993  9.991  9.956    0.027 0.052 0.026 0.024 0.030  A 23992
   2200.87757  9.994 10.066 10.030 10.015  9.978    0.044 0.055 0.046 0.039 0.050  A 36671
   2202.87989  9.955  9.938 10.005  9.982  9.925    0.055 0.061 0.052 0.047 0.064  A 37016
   2214.84834 10.005  9.999 10.039 10.017  9.998    0.044 0.055 0.046 0.038 0.046  A 38330
   2216.85892 10.038 10.047 10.026 10.048  9.997    0.044 0.058 0.047 0.039 0.043  A 38668
   2222.83229  9.946 10.008 10.019  9.956  9.940    0.047 0.056 0.047 0.040 0.047  A 39271
   2225.83325  9.920  9.964  9.960  9.944  9.905    0.040 0.058 0.045 0.035 0.039  A 39596
   2227.83733 10.003 10.004 10.071 10.016  9.987    0.045 0.054 0.046 0.037 0.044  A 39904
   2229.83519  9.957 10.041 10.024  9.958  9.958    0.046 0.054 0.047 0.039 0.043  A 40231
   2232.84039  9.961  9.989  9.967  9.978  9.938    0.040 0.049 0.043 0.034 0.039  A 40565
   2234.82546 10.006 10.007 10.037 10.025  9.982    0.041 0.050 0.043 0.035 0.039  A 40871
   2236.82981  9.995 10.087 10.044 10.016  9.981    0.045 0.053 0.044 0.037 0.044  A 41188
   2239.83220  9.994 10.007 10.039 10.025  9.959    0.045 0.053 0.045 0.038 0.045  A 41509
   2241.81675  9.926  9.953  9.938  9.939  9.919    0.043 0.049 0.045 0.036 0.042  A 41819
   2243.81527  9.999 10.036 10.014 10.021  9.977    0.051 0.060 0.050 0.043 0.049  A 42135
   2247.82907  9.933  9.949  9.974  9.957  9.916    0.050 0.067 0.053 0.042 0.050  A 42417
   2249.80385 10.045 10.060 10.033 10.007 10.024    0.045 0.061 0.049 0.039 0.046  A 42768
   2251.80488  9.968 10.034  9.985  9.975  9.965    0.048 0.063 0.049 0.041 0.049  A 43091
   2253.79250  9.974 10.010 10.017 10.014  9.953    0.053 0.075 0.057 0.046 0.053  B 43409
   2254.84773  9.998 10.005  9.989  9.965  9.991    0.051 0.071 0.053 0.044 0.052  A 43559
   2256.80158  9.990 10.022 10.039 10.024  9.965    0.051 0.072 0.055 0.044 0.051  A 43859
   2258.79267  9.939  9.996  9.958  9.949  9.921    0.052 0.075 0.058 0.045 0.053  B 44177
   2260.83281  9.940  9.965  9.964  9.939  9.939    0.055 0.077 0.060 0.047 0.057  B 44325
   2262.79527  9.971 10.012 10.007 10.002  9.956    0.053 0.082 0.064 0.049 0.054  B 44612
   2264.84502  9.989  9.946  9.927  9.931  9.999    0.056 0.086 0.066 0.051 0.057  B 44910
   2266.77690  9.930  9.969  9.963  9.948  9.923    0.055 0.082 0.064 0.051 0.056  B 45200
   2440.50836  9.997 10.041 10.009  9.999  9.979    0.019 0.029 0.026 0.019 0.021  A 8004
   2453.51722 10.026 10.026 10.049 10.024 10.014    0.052 0.053 0.052 0.047 0.056  A 9582
   2464.45829  9.988 10.028  9.982  9.995  9.973    0.023 0.033 0.034 0.024 0.023  A 10763
   2467.46833  9.975 10.019  9.990  9.984  9.962    0.018 0.028 0.027 0.019 0.020  A 11424
   2470.46693 10.057 10.051 10.093 10.062 10.016    0.025 0.034 0.034 0.024 0.024  A 11923
   2565.88323 10.005 10.033 10.006 10.010  9.999    0.054 0.045 0.047 0.047 0.062  A 23380
   2577.86033 99.999 10.001  9.985 99.999 99.999    0.031 0.033 0.033 0.028 0.033  C 24874
   2622.77040  9.952  9.919 10.028  9.976  9.922    0.023 0.035 0.044 0.023 0.025  A 30023
   2624.82636  9.995 10.059  9.984 10.012  9.986    0.028 0.033 0.035 0.026 0.032  A 30332
   2632.84386  9.964  9.995  9.988  9.983  9.953    0.023 0.026 0.022 0.021 0.026  A 32021
   2638.79560  9.973  9.983  9.994  9.981  9.953    0.024 0.029 0.030 0.024 0.026  A 32739
   2641.80616 10.000 10.044 10.016 10.017  9.983    0.021 0.025 0.021 0.020 0.023  A 33182
   2644.77882 10.016 10.033 10.068 10.036  9.986    0.028 0.029 0.030 0.028 0.028  A 33631
   2646.78391  9.955  9.963 10.001  9.976  9.925    0.022 0.028 0.027 0.022 0.024  A 33935
   2651.76553  9.962  9.993  9.998  9.984  9.944    0.021 0.032 0.024 0.021 0.022  A 34490
   2657.74112  9.992 10.001 10.012 10.002  9.977    0.026 0.023 0.024 0.022 0.029  A 35470
   2661.78558 10.004 10.081 10.010 10.016  9.990    0.023 0.036 0.021 0.020 0.026  A 36173
   2663.79277  9.983  9.974 10.018 10.000  9.958    0.025 0.026 0.022 0.021 0.028  A 36515
   2665.79091  9.992 10.039 10.023 10.007  9.973    0.018 0.038 0.019 0.017 0.019  A 36863
   2667.79261 10.016 10.070 10.053 10.039  9.996    0.019 0.030 0.021 0.017 0.022  A 37170
   2670.72518 10.002 10.015 10.024 10.020  9.983    0.019 0.027 0.017 0.017 0.021  A 37626
   2672.76697  9.970  9.980 10.007  9.992  9.942    0.020 0.024 0.021 0.019 0.022  A 37979
   2674.76392  9.999 10.006 10.033 10.024  9.979    0.023 0.036 0.022 0.021 0.026  A 38321
   2676.74803  9.960  9.996  9.960  9.973  9.944    0.019 0.024 0.020 0.018 0.021  A 38680
   2678.73692  9.974  9.952 10.003  9.989  9.949    0.022 0.037 0.022 0.019 0.023  A 39016
   2680.73217  9.998 10.029 10.035 10.019  9.984    0.020 0.030 0.018 0.018 0.022  A 39345
   2684.68608  9.966 10.004  9.972  9.982  9.946    0.030 0.027 0.029 0.026 0.031  A 40013
   2686.72176  9.987 10.036 10.035 10.019  9.964    0.030 0.031 0.025 0.026 0.034  A 40395
   2688.72832  9.925  9.984  9.962  9.946  9.910    0.030 0.028 0.024 0.026 0.034  A 40762
   2690.72336 10.004 10.025 10.030 10.018  9.983    0.030 0.029 0.032 0.028 0.031  A 41128
   2692.78010  9.963  9.983  9.943  9.979  9.948    0.027 0.039 0.045 0.026 0.027  A 41469
   2696.72867  9.986 10.014 10.018 10.011  9.970    0.024 0.025 0.021 0.021 0.027  A 42127
   2698.73960  9.952  9.995  9.977  9.971  9.937    0.021 0.032 0.021 0.019 0.023  A 42550
   2700.70640  9.986  9.998 10.011 10.007  9.962    0.024 0.030 0.028 0.023 0.024  A 42923
   2704.68787  9.958  9.957  9.994  9.978  9.938    0.022 0.026 0.034 0.021 0.023  A 43681
   2706.68103  9.985  9.990 10.018 10.004  9.961    0.023 0.026 0.024 0.020 0.024  A 44048
   2709.83583  9.963  9.960  9.984  9.976  9.944    0.020 0.026 0.021 0.019 0.022  A 44653
   2711.65271  9.937  9.938  9.966  9.957  9.917    0.021 0.022 0.026 0.020 0.022  A 44950
   2712.79054  9.930  9.948  9.944  9.942  9.915    0.028 0.026 0.026 0.027 0.029  A 45187
   2714.63456  9.958  9.944  9.995  9.981  9.938    0.030 0.030 0.027 0.025 0.032  A 45511
   2715.74591  9.958 10.003  9.981  9.982  9.944    0.032 0.031 0.034 0.028 0.036  A 45737
   2717.80340  9.996 10.008 10.054 10.021  9.972    0.031 0.027 0.026 0.027 0.037  A 45925
   2720.63288  9.972 10.039  9.998  9.992  9.955    0.031 0.031 0.030 0.029 0.035  A 46290
   2721.80239  9.958 10.006  9.979  9.969  9.945    0.042 0.038 0.031 0.034 0.049  A 46552
   2723.68344  9.989  9.968 10.024 10.006  9.960    0.021 0.024 0.023 0.019 0.023  A 46890
   2725.66718  9.991  9.991 10.048  9.998  9.962    0.026 0.027 0.031 0.022 0.027  A 47275
   2727.66079  9.979  9.987 10.024  9.998  9.959    0.021 0.027 0.027 0.019 0.022  A 47662
   2728.81240  9.963  9.996  9.990  9.978  9.947    0.031 0.035 0.030 0.029 0.034  A 47932
   2730.67917  9.953  9.995  9.994  9.982  9.929    0.022 0.027 0.022 0.019 0.026  A 48283
   2732.78691  9.931  9.948  9.949  9.944  9.910    0.023 0.033 0.022 0.021 0.025  A 48475
   2734.62146  9.939  9.991  9.943  9.950  9.915    0.021 0.025 0.021 0.020 0.022  A 48817
   2736.60439 10.002  9.994 10.031 10.020  9.979    0.021 0.040 0.021 0.019 0.024  A 49199
   2738.60201  9.974 10.026  9.987  9.989  9.959    0.021 0.023 0.025 0.018 0.024  A 49585
   2740.61884  9.982 10.018  9.997  9.998  9.968    0.024 0.027 0.021 0.021 0.027  A 49943
   2745.66815 10.001  9.990 10.025 10.011  9.996    0.045 0.039 0.035 0.036 0.053  A 50942
   2750.65995 10.000 10.020 10.059 10.024  9.971    0.024 0.042 0.033 0.023 0.026  A 51642
   2752.61679  9.993 10.001 10.002  9.998  9.975    0.020 0.024 0.025 0.019 0.022  A 52014
   2754.69954  9.936  9.945  9.947  9.949  9.927    0.021 0.020 0.020 0.019 0.023  A 52269
   2756.67893 10.001 10.014 10.028 10.020  9.978    0.022 0.025 0.022 0.020 0.025  A 52672
   2759.52438  9.991 10.000 10.004 10.001  9.974    0.024 0.026 0.021 0.022 0.027  A 53170
   2760.69901  9.964  9.959  9.988  9.980  9.950    0.030 0.030 0.027 0.027 0.033  A 53451
   2762.66656 10.038 10.047 10.040 10.047 10.019    0.053 0.044 0.043 0.046 0.058  A 53845
   2764.64260  9.947  9.961  9.976  9.968  9.929    0.019 0.034 0.019 0.017 0.021  A 54248
   2766.65359  9.982 10.001 10.005  9.997  9.963    0.021 0.029 0.021 0.019 0.024  A 54531
   2770.63367  9.955  9.968  9.971  9.975  9.933    0.023 0.026 0.022 0.020 0.026  A 54854
   2776.54774  9.945  9.945  9.978  9.956  9.930    0.026 0.036 0.031 0.023 0.028  A 55269
   2783.56386  9.919  9.947  9.941  9.942  9.905    0.021 0.027 0.027 0.020 0.023  A 55903
   2785.56555 99.999 10.040 10.000 99.999 99.999    0.022 0.037 0.037 0.022 0.023  C 56325
   2787.54339  9.945  9.984  9.965  9.953  9.919    0.022 0.028 0.032 0.021 0.023  A 56754
   2790.56622  9.954  9.936  9.999  9.980  9.933    0.033 0.036 0.037 0.030 0.036  A 57296
   2793.48878  9.929  9.965  9.929  9.941  9.921    0.021 0.021 0.027 0.019 0.022  A 57765
   2796.48522  9.949  9.978  9.985  9.963  9.940    0.034 0.034 0.045 0.031 0.029  A 58321
   2804.58233  9.968  9.996 10.030  9.983  9.937    0.036 0.035 0.037 0.030 0.041  A 59022
   2809.57751  9.990  9.991 10.014 10.005  9.973    0.022 0.027 0.022 0.021 0.025  A 59480
   2811.56871  9.982 10.020  9.982 10.001  9.973    0.022 0.022 0.022 0.019 0.026  A 59928
   2813.56266  9.938  9.969  9.945  9.949  9.926    0.021 0.030 0.024 0.019 0.023  A 60381
   2820.49071 10.006 10.003 10.043 10.014  9.978    0.025 0.028 0.029 0.021 0.025  A 61456
   2827.51170  9.986 10.017  9.983  9.987  9.987    0.069 0.064 0.062 0.061 0.074  B 62165
   2831.49406  9.991 10.029 10.024 10.004  9.982    0.027 0.028 0.028 0.023 0.030  A 62671
   2833.49605  9.950 10.014  9.981  9.971  9.950    0.067 0.053 0.056 0.058 0.077  B 63086
   2835.49585 10.013 10.050 10.056 10.034 10.001    0.026 0.030 0.029 0.023 0.030  A 63492
   2838.48973 10.048 10.064 10.100 10.066 10.016    0.024 0.025 0.029 0.021 0.027  A 63839
   2841.49734 10.000 10.032 10.030 10.015  9.986    0.024 0.024 0.026 0.021 0.026  A 64495
   2845.46379 10.013 10.041 10.052 10.032  9.991    0.025 0.027 0.027 0.021 0.025  A 65152
   2943.86231  9.956  9.992  9.983  9.972  9.942    0.027 0.025 0.026 0.024 0.030  A 78462
   2947.85494  9.972 10.008 10.012  9.999  9.946    0.032 0.030 0.027 0.027 0.034  A 79098
   2954.85273  9.952  9.964  9.963  9.959  9.949    0.046 0.036 0.035 0.038 0.054  A 80029
   2958.84433  9.964  9.975  9.994  9.984  9.949    0.061 0.053 0.052 0.056 0.064  B 80605
   2962.84028  9.969 10.015  9.997  9.991  9.955    0.036 0.030 0.030 0.031 0.040  A 81139
   2970.85197 10.075 10.181 10.119 10.100 10.047    0.024 0.022 0.022 0.022 0.028  A 82190
   2974.82004  9.919  9.922  9.953  9.936  9.898    0.029 0.030 0.028 0.027 0.032  A 82647
   2977.80628  9.962  9.982  9.975  9.970  9.937    0.040 0.028 0.028 0.033 0.047  A 83055
   2980.82882  9.931  9.996  9.949  9.951  9.918    0.028 0.028 0.024 0.024 0.032  A 83453
   2984.80380  9.955  9.970  9.968  9.969  9.940    0.032 0.026 0.027 0.027 0.038  A 83970
   2987.83795  9.960 10.006  9.972  9.975  9.941    0.024 0.030 0.022 0.020 0.028  A 84382
   2996.81721  9.969  9.992  9.987  9.980  9.949    0.026 0.027 0.023 0.022 0.030  A 85516
   3000.82802  9.962  9.987  9.991  9.979  9.946    0.028 0.028 0.028 0.024 0.031  A 85928
   3003.80229  9.943  9.978  9.956  9.955  9.922    0.027 0.028 0.023 0.023 0.032  A 86314
   3006.81029 10.002 10.040 10.015 10.019  9.978    0.049 0.037 0.037 0.040 0.057  A 86653
   3009.79428  9.979  9.970 10.020  9.994  9.959    0.030 0.027 0.026 0.026 0.034  A 87032
   3016.78501  9.935  9.981  9.946  9.940  9.915    0.026 0.027 0.023 0.022 0.030  A 87800
   3018.82493 10.012 10.018 10.035 10.026  9.998    0.039 0.030 0.035 0.033 0.045  A 88086
   3025.71745 10.002  9.988 10.036 10.016  9.984    0.027 0.027 0.024 0.023 0.029  A 88455
   3029.80681  9.991 10.007 10.030 10.012  9.979    0.027 0.029 0.024 0.023 0.031  A 88668
   3032.74391  9.991 10.018  9.997 10.003  9.981    0.028 0.027 0.027 0.025 0.034  A 88940
   3035.72712 10.013 10.084 10.051 10.036  9.982    0.044 0.043 0.037 0.039 0.049  A 89282
   3039.86972 10.102 10.108 10.123 10.122 10.087    0.074 0.072 0.070 0.075 0.075  D 89575
   3042.74441 10.001 10.016 10.019 10.010  9.986    0.035 0.027 0.034 0.029 0.041  A 89831
   3045.69761 10.005 10.038 10.031 10.023  9.990    0.054 0.043 0.042 0.049 0.057  A 90215
   3048.73791 10.009 10.027 10.046 10.029  9.976    0.034 0.027 0.027 0.028 0.038  A 90631
   3051.69340 10.016  9.988 10.011 10.019 10.005    0.024 0.032 0.023 0.021 0.027  A 91013
   3053.77533  9.951  9.937  9.967  9.958  9.931    0.024 0.031 0.024 0.021 0.028  A 91316
   3056.67627  9.945  9.983  9.959  9.960  9.924    0.026 0.025 0.022 0.022 0.029  A 91691
   3060.74377  9.958  9.984  9.981  9.973  9.944    0.041 0.032 0.038 0.038 0.046  A 92246
   3062.78752 10.005 10.025 10.014 10.014 10.001    0.040 0.032 0.035 0.035 0.045  A 92531
   3068.69578  9.973  9.993  9.990  9.990  9.962    0.029 0.026 0.028 0.024 0.032  A 93212
   3070.72168  9.959 10.003  9.996  9.984  9.931    0.035 0.031 0.032 0.030 0.042  A 93508
   3072.79962  9.991 10.014 10.014 10.007  9.979    0.035 0.026 0.028 0.030 0.040  A 93789
   3074.82903  9.983 10.015  9.990  9.993  9.976    0.036 0.029 0.030 0.030 0.042  A 94055
   3077.61644  9.993 10.022 10.004 10.009  9.982    0.052 0.055 0.055 0.050 0.047  B 94414
   3079.66781  9.963  9.983 10.009  9.986  9.943    0.031 0.027 0.028 0.026 0.036  A 94719
   3081.67108 10.005 10.017 10.039 10.016  9.985    0.024 0.026 0.026 0.021 0.028  A 95017
   3085.67791 10.007 10.046 10.034 10.025  9.987    0.024 0.024 0.028 0.021 0.027  A 95310
   3087.68048 10.010 10.049 10.037 10.034  9.999    0.027 0.025 0.024 0.023 0.031  A 95621
   3089.71071  9.921  9.942  9.969  9.946  9.905    0.029 0.026 0.024 0.024 0.033  A 95934
   3091.69196  9.972 10.006  9.986  9.985  9.950    0.026 0.029 0.027 0.023 0.028  A 96237
   3093.69248  9.985 10.051 10.012 10.006  9.971    0.057 0.049 0.049 0.053 0.060  B 96543
   3097.66943  9.983 10.008 10.019 10.004  9.973    0.028 0.027 0.024 0.024 0.033  A 96821
   3099.72649  9.939  9.921  9.966  9.959  9.918    0.037 0.034 0.030 0.031 0.045  A 97149
   3101.74992  9.996 10.013 10.010 10.013  9.985    0.033 0.028 0.028 0.028 0.040  A 97467
   3103.77091  9.962  9.985  9.968  9.972  9.945    0.040 0.029 0.031 0.033 0.046  A 97791
   3105.75824  9.973  9.967 10.012  9.988  9.953    0.036 0.031 0.031 0.031 0.044  A 98105
   3107.76264  9.988 10.004 10.011 10.002  9.978    0.028 0.026 0.027 0.024 0.032  A 98422
   3110.52708 10.006 10.048 10.021 10.022  9.983    0.023 0.026 0.022 0.020 0.026  A 98813
   3112.57596  9.954  9.962 10.002  9.981  9.933    0.024 0.028 0.025 0.021 0.028  A 99135
   3114.58307  9.986  9.997 10.025 10.002  9.965    0.022 0.021 0.023 0.019 0.025  A 99471
   3116.57610  9.999  9.999 10.037 10.018  9.976    0.026 0.026 0.028 0.023 0.030  A 99796
   3121.70171  9.978 10.022 10.009 10.001  9.966    0.028 0.024 0.023 0.023 0.032  A 100109
   3124.52712  9.989 10.034  9.982  9.999  9.973    0.025 0.025 0.023 0.021 0.029  A 100510
   3126.57163  9.969 10.000 10.008  9.990  9.953    0.027 0.027 0.024 0.022 0.032  A 100856
   3128.60580  9.966  9.992  9.972  9.979  9.952    0.031 0.026 0.026 0.026 0.036  A 101186
   3130.62602 10.027 10.040 10.032 10.034 10.012    0.035 0.026 0.029 0.030 0.040  A 101481
   3132.61897  9.961  9.989  9.989  9.978  9.947    0.026 0.028 0.021 0.022 0.030  A 101813
   3134.63243  9.975 10.027  9.995  9.988  9.955    0.026 0.028 0.023 0.022 0.029  A 102138
   3142.64565  9.931  9.931  9.956  9.942  9.914    0.031 0.028 0.029 0.028 0.035  A 103109
   3145.65225  9.949  9.977  9.988  9.970  9.930    0.025 0.022 0.024 0.021 0.029  A 103419
   3154.54626  9.983 10.008 10.010  9.998  9.961    0.027 0.023 0.025 0.022 0.030  A 103908
   3158.52480  9.947  9.988  9.977  9.966  9.933    0.033 0.031 0.028 0.028 0.038  A 104365
   3160.54072  9.999 10.004 10.028 10.012  9.978    0.031 0.026 0.026 0.026 0.036  A 104661
   3163.55469  9.979  9.980  9.987  9.986  9.961    0.024 0.030 0.024 0.021 0.027  A 104994
   3165.55378  9.948  9.936  9.980  9.967  9.934    0.026 0.032 0.024 0.022 0.029  A 105339
   3168.56489  9.949  9.963  9.974  9.962  9.934    0.024 0.023 0.021 0.020 0.028  A 105729
   3171.57065  9.917  9.959  9.954  9.942  9.906    0.033 0.028 0.028 0.028 0.037  A 106161
   3175.56525 10.029 10.041 10.038 10.043  9.997    0.052 0.045 0.040 0.048 0.053  A 106562
   3177.56839  9.994 10.013 10.029 10.012  9.977    0.028 0.025 0.025 0.024 0.031  A 106882
   3180.56763 10.002 10.045 10.036 10.014 10.000    0.075 0.066 0.067 0.069 0.080  D 107320
   3184.53268  9.988 10.016 10.011 10.000  9.968    0.041 0.031 0.030 0.034 0.045  A 107797
   3187.49195  9.939  9.962  9.976  9.956  9.916    0.033 0.029 0.028 0.027 0.037  A 108223
   3190.53305  9.972 10.016  9.986  9.993  9.952    0.036 0.029 0.029 0.031 0.042  A 108568
   3357.81529 10.005 10.079 10.048 10.031  9.986    0.027 0.045 0.024 0.025 0.030  A 124640
   3365.84046  9.949  9.975  9.971  9.968  9.931    0.036 0.046 0.032 0.030 0.041  A 125119
   3382.83683  9.981 10.120 10.005  9.989  9.962    0.043 0.085 0.048 0.040 0.047  B 125696
   3383.77581 10.035 10.177 10.081 10.054 10.004    0.037 0.065 0.039 0.034 0.042  A 125804
   3386.76697  9.962  9.970  9.986  9.987  9.943    0.050 0.078 0.051 0.046 0.055  A 126212
   3389.75849 10.013 10.033 10.046 10.032  9.998    0.035 0.077 0.040 0.033 0.038  A 126622
   3391.81492  9.936  9.900  9.980  9.960  9.917    0.032 0.053 0.036 0.029 0.037  A 126892
   3393.81063 10.009 10.091 10.061 10.034  9.994    0.046 0.079 0.045 0.042 0.050  A 127058
   3395.75543  9.933  9.969  9.962  9.952  9.921    0.036 0.038 0.030 0.029 0.040  A 127298
   3397.79501 10.335 10.418 10.425 10.377 10.304    0.036 0.062 0.035 0.032 0.041  A 127556
   3400.72617  9.976 10.031 10.029 10.005  9.960    0.031 0.050 0.035 0.027 0.036  A 127939
   3403.77644  9.994 10.076 10.017 10.006  9.980    0.029 0.038 0.028 0.026 0.033  A 128300
   3405.85900  9.891  9.896  9.909  9.906  9.870    0.076 0.110 0.064 0.065 0.088  D 128645
   3408.71946  9.932 10.000  9.964  9.956  9.908    0.051 0.059 0.036 0.040 0.059  A 129056
   3410.78418 99.999  9.966 10.022 99.999 99.999    0.056 0.100 0.054 0.051 0.061  C 129396
   3412.84425  9.967 10.017  9.992  9.983  9.962    0.039 0.082 0.043 0.037 0.042  A 129695
   3415.69770  9.991 10.028 10.025 10.012  9.975    0.030 0.068 0.032 0.028 0.032  A 130128
   3417.74659 10.021 10.121 10.058 10.046  9.983    0.033 0.069 0.034 0.030 0.036  A 130458
   3419.73429  9.988  9.965 10.015 10.007  9.969    0.028 0.042 0.029 0.026 0.031  A 130772
   3425.73569  9.971 10.027 10.010  9.991  9.951    0.046 0.081 0.042 0.040 0.051  A 131710
   3427.76764 99.999 99.999 99.999 99.999 99.999    0.050 0.092 0.049 0.046 0.055  C 132038
   3431.73330  9.933  9.937  9.969  9.956 99.999    0.045 0.089 0.046 0.041 0.049  C 132393
   3433.75859  9.976  9.986 10.018 10.003  9.974    0.051 0.086 0.059 0.050 0.053  B 132725
   3436.77251  9.987 10.002 10.031 10.008  9.973    0.037 0.034 0.034 0.031 0.043  A 133033
   3439.74281 10.001 10.087 10.036 10.023  9.983    0.052 0.056 0.040 0.045 0.056  A 133364
   3443.62909  9.914  9.944  9.941  9.928  9.897    0.036 0.078 0.044 0.036 0.039  A 133742
   3445.66376  9.999 10.004 10.017 10.012  9.984    0.032 0.046 0.031 0.029 0.034  A 134111
   3447.66383  9.982 10.057 10.020 10.001  9.958    0.034 0.053 0.037 0.032 0.036  A 134748
   3448.74536  9.964  9.986 10.009  9.985  9.947    0.040 0.057 0.040 0.038 0.045  A 134942
   3449.67497  9.953  9.915  9.967  9.961  9.942    0.053 0.065 0.047 0.045 0.057  A 135080
   3452.63536  9.993 10.001 10.010 10.009  9.975    0.038 0.049 0.037 0.034 0.042  A 135488
   3454.70749  9.929  9.918  9.968  9.959 99.999    0.052 0.055 0.043 0.046 0.056  C 135849
   3456.71776 10.013 10.017 10.025 10.027  9.982    0.038 0.047 0.032 0.032 0.043  A 136206
   3458.70691  9.977  9.967  9.997  9.987  9.962    0.030 0.052 0.034 0.028 0.034  A 136556
   3460.70736  9.978 10.043 10.006  9.991  9.960    0.035 0.052 0.034 0.031 0.038  A 136922
   3463.56683  9.968  9.989  9.994  9.986  9.952    0.036 0.059 0.037 0.031 0.040  A 137294
   3465.60854  9.974  9.982 10.003  9.992  9.953    0.026 0.049 0.034 0.035 0.029  A 137647
   3467.78422  9.960 10.036  9.982  9.978  9.953    0.030 0.047 0.032 0.027 0.034  A 137972
   3470.54617  9.947  9.948  9.972  9.962  9.935    0.027 0.050 0.028 0.024 0.031  A 138372
   3472.59041 10.003 10.032 10.033 10.028  9.984    0.035 0.040 0.031 0.030 0.039  A 138697
   3474.62033  9.970  9.988  9.986  9.979  9.957    0.022 0.031 0.024 0.020 0.026  A 139034
   3476.68379 10.005 10.072 10.043 10.026  9.981    0.038 0.064 0.036 0.033 0.045  A 139390
   3478.66844 10.000  9.996 10.035 10.021  9.982    0.036 0.078 0.040 0.034 0.039  A 139731
   3480.65887  9.850  9.968  9.891  9.868  9.837    0.044 0.088 0.049 0.042 0.048  B 140010
   3482.66533  9.990 10.035 10.016 10.012  9.975    0.046 0.086 0.046 0.040 0.052  B 140334
   3484.71190  9.959  9.982  9.998  9.985  9.944    0.057 0.046 0.039 0.044 0.067  B 140644
   3489.65242 10.037 10.089 10.075 10.062 10.019    0.030 0.051 0.031 0.028 0.033  A 140956
   3491.66249  9.961  9.996  9.992  9.989  9.946    0.041 0.059 0.039 0.036 0.047  A 141318
   3495.65525 10.014 10.043 10.029 10.022 10.001    0.039 0.039 0.034 0.034 0.044  A 141643
   3497.68847  9.951  9.979  9.992  9.970  9.927    0.031 0.049 0.034 0.028 0.035  A 141933
   3500.69142  9.914 10.041  9.961  9.923  9.898    0.066 0.092 0.063 0.063 0.068  D 142287
   3503.50775  9.939  9.857  9.949  9.957  9.923    0.051 0.132 0.058 0.048 0.054  D 142764
   3506.56591  9.967  9.973  9.999  9.990  9.952    0.024 0.032 0.027 0.022 0.026  A 143119
   3509.61283  9.986 10.026  9.997  9.998  9.975    0.026 0.033 0.028 0.023 0.029  A 143414
   3512.60494 10.019 10.024 10.039 10.035  9.998    0.029 0.029 0.024 0.024 0.034  A 143851
   3516.61794  9.955  9.963  9.964  9.955  9.946    0.069 0.047 0.054 0.060 0.074  B 144171
   3520.58466  9.977  9.974 10.002  9.998  9.955    0.039 0.084 0.042 0.036 0.042  A 144654
   3522.60145  9.965 10.082 10.001  9.987  9.946    0.045 0.068 0.039 0.038 0.050  A 145009
   3524.61638 10.178 10.184 10.220 10.206 10.145    0.071 0.052 0.051 0.058 0.083  D 145332
   3527.52678  9.958  9.945  9.970  9.971  9.942    0.050 0.083 0.045 0.044 0.056  A 145801
   3539.53618  9.937  9.887  9.958  9.958  9.919    0.037 0.061 0.031 0.032 0.040  A 147002
   3542.56537  9.990 10.000 10.034 10.022  9.971    0.043 0.042 0.036 0.037 0.051  A 147404
   3554.52476 10.034 10.082 10.056 10.047 10.012    0.026 0.039 0.027 0.024 0.029  A 148718
   3558.49846  9.966  9.934  9.986  9.981  9.943    0.026 0.045 0.025 0.023 0.028  A 149185
   3560.52231 10.016 10.051 10.040 10.034 10.002    0.033 0.062 0.034 0.030 0.035  A 149524
   3562.51264  9.927 10.013  9.962  9.948  9.910    0.028 0.042 0.023 0.025 0.031  A 149874
   3564.50322  9.997 10.012 10.028 10.018  9.979    0.027 0.041 0.027 0.024 0.030  A 150208
   3702.83730 10.004 10.034 10.038 10.027  9.988    0.027 0.029 0.023 0.024 0.031  A 168355
   3706.82168  9.957  9.981  9.975  9.973  9.939    0.035 0.047 0.031 0.030 0.041  A 168904
   3713.82416  9.971  9.949  9.974  9.983  9.955    0.029 0.034 0.026 0.025 0.034  A 169614
   3717.82011  9.976 10.017  9.998  9.989  9.958    0.031 0.036 0.026 0.026 0.036  A 170141
   3721.82733  9.986 10.076 10.025 10.005  9.963    0.037 0.040 0.029 0.030 0.043  A 170621
   3725.80055 10.140 10.198 10.176 10.168 10.118    0.032 0.034 0.026 0.027 0.038  A 171057
   3728.82918  9.992 10.022 10.028 10.013  9.976    0.039 0.071 0.038 0.035 0.044  A 171479
   3732.79968  9.974 10.011 10.002  9.990  9.954    0.040 0.036 0.030 0.033 0.049  A 171875
   3735.81296  9.960  9.982  9.979  9.971  9.944    0.031 0.068 0.037 0.030 0.034  A 172270
   3741.79136  9.962 10.000 10.002  9.985  9.946    0.029 0.045 0.028 0.026 0.032  A 173076
   3744.80050 10.026 10.029 10.034 10.033 10.001    0.037 0.044 0.031 0.031 0.042  A 173469
   3747.78289  9.966  9.936  9.977  9.982  9.947    0.041 0.042 0.033 0.034 0.048  A 173863
   3750.77514  9.971  9.985 10.008  9.994  9.952    0.043 0.074 0.043 0.038 0.049  A 174288
   3753.75684  9.996 10.052 10.020 10.016  9.977    0.040 0.068 0.039 0.034 0.046  A 174688
   3755.82318  9.953  9.962  9.990  9.977  9.927    0.038 0.053 0.036 0.033 0.043  A 174983
   3758.75698  9.964  9.910  9.942  9.963  9.956    0.040 0.056 0.042 0.036 0.045  A 175381
   3761.74589  9.998 10.031 10.020 10.021  9.989    0.042 0.057 0.035 0.035 0.050  A 175770
   3767.72102 10.027 10.066 10.061 10.049 10.000    0.043 0.038 0.033 0.036 0.051  A 176596
   3770.72640  9.981 10.113 10.028 10.007  9.960    0.042 0.050 0.036 0.036 0.048  A 177001
   3773.71092 10.012 10.046 10.045 10.034  9.991    0.044 0.061 0.041 0.039 0.049  A 177382
   3775.82252  9.982 10.072 10.022 10.011  9.968    0.042 0.061 0.040 0.037 0.048  A 177705
   3780.69028  9.965 10.069 10.010  9.986  9.919    0.044 0.043 0.034 0.036 0.052  A 178391
   3783.73789  9.971  9.972  9.975  9.977  9.965    0.054 0.081 0.049 0.046 0.058  A 178703
   3788.73214  9.918  9.948  9.976  9.953  9.902    0.044 0.063 0.040 0.037 0.052  A 179007
   3791.66030 10.011 10.095 10.061 10.037  9.978    0.040 0.070 0.040 0.037 0.043  A 179408
   3793.70820  9.946 10.010  9.999  9.973  9.921    0.039 0.057 0.036 0.036 0.044  A 179715
   3795.77552  9.962 10.020  9.999  9.988  9.941    0.030 0.046 0.030 0.027 0.032  A 180025
   3797.74446 10.001 10.033 10.041 10.025  9.980    0.039 0.072 0.041 0.036 0.040  A 180294
   3799.82211  9.974 10.048  9.985  9.976  9.961    0.036 0.051 0.035 0.033 0.040  A 180599
   3802.64942  9.933  9.979  9.961  9.952  9.922    0.042 0.036 0.032 0.035 0.048  A 180896
   3804.72581  9.998  9.965 10.008 10.005  9.993    0.043 0.067 0.040 0.037 0.051  A 181197
   3809.72839  9.942 10.056  9.994  9.975  9.933    0.048 0.071 0.041 0.040 0.056  A 181850
   3811.76207 10.009 10.047 10.031 10.022  9.984    0.042 0.064 0.038 0.035 0.048  A 182179
   3813.79853  9.962 10.001 10.004  9.984  9.940    0.042 0.073 0.042 0.038 0.047  A 182510
   3816.59623  9.995 10.061 10.027 10.007  9.973    0.038 0.069 0.036 0.034 0.042  A 182916
   3818.63837  9.941  9.963  9.981  9.976  9.918    0.035 0.074 0.038 0.033 0.039  A 183253
   3820.66677 10.011 10.027 10.025 10.023  9.993    0.041 0.053 0.038 0.037 0.045  A 183585
   3822.70813  9.928  9.970  9.961  9.954  9.913    0.041 0.047 0.033 0.035 0.048  A 183921
   3824.77370  9.991 10.005 10.016 10.005  9.966    0.034 0.051 0.033 0.030 0.039  A 184277
   3827.56628  9.976  9.984 10.011 10.001  9.959    0.030 0.054 0.030 0.028 0.032  A 184716
   3829.60877  9.952  9.978  9.978  9.969  9.932    0.046 0.098 0.050 0.045 0.048  B 185066
   3831.61252  9.929  9.913  9.958  9.948  9.914    0.038 0.067 0.036 0.033 0.043  A 185409
   3833.60973  9.995 10.013 10.020 10.013  9.965    0.046 0.074 0.042 0.040 0.052  A 185760
   3837.65890  9.957 10.012  9.975  9.975  9.940    0.045 0.042 0.038 0.037 0.054  A 186459
   3848.68528  9.919  9.949  9.943  9.934  9.909    0.063 0.052 0.046 0.052 0.075  B 186928
   3850.69962  9.968 10.006 10.008  9.990  9.956    0.028 0.044 0.028 0.025 0.032  A 187274
   3852.70947  9.979 10.049 10.002  9.995  9.954    0.030 0.055 0.031 0.027 0.035  A 187630
   3855.51404 10.036 10.158 10.064 10.050 10.037    0.105 0.080 0.072 0.085 0.124  D 188059
   3859.68839  9.980 10.003  9.995  9.984  9.963    0.035 0.068 0.037 0.032 0.038  A 188685
   3861.66841  9.914  9.939  9.962  9.935  9.902    0.032 0.051 0.033 0.028 0.034  A 189025
   3863.62707  9.998  9.975  9.997 10.004  9.974    0.035 0.072 0.037 0.032 0.038  A 189354
   3865.64458  9.985 10.019 10.013 10.008  9.973    0.036 0.033 0.027 0.029 0.040  A 189712
   3867.67666  9.975 10.015 10.005  9.995  9.960    0.040 0.052 0.033 0.034 0.044  A 190041
   3870.49276  9.942  9.931  9.964  9.958  9.929    0.029 0.041 0.027 0.026 0.033  A 190504
   3872.51979 10.041 10.085 10.049 10.051 10.027    0.032 0.073 0.037 0.030 0.034  A 190888
   3875.65213  9.967  9.946  9.979  9.986  9.938    0.029 0.058 0.030 0.027 0.033  A 191184
   3881.59635  9.927  9.949  9.948  9.948  9.915    0.027 0.049 0.029 0.025 0.030  A 191978
   3886.58096  9.987  9.996 10.008 10.007  9.967    0.027 0.050 0.029 0.024 0.029  A 192450
   3888.58570  9.996 10.005 10.038 10.018  9.985    0.052 0.043 0.042 0.045 0.059  A 192826
   3890.57774  9.926  9.940  9.966  9.945  9.920    0.027 0.038 0.027 0.024 0.030  A 193158
   3892.58614  9.987 10.036 10.013 10.003  9.969    0.051 0.042 0.039 0.043 0.057  A 193508
   3896.59970  9.990 10.025 10.025 10.007  9.977    0.039 0.039 0.035 0.032 0.046  A 194022
   3899.51142 10.013 10.070 10.032 10.021  9.989    0.044 0.059 0.036 0.036 0.049  A 194475
   3901.54026  9.941  9.892  9.948  9.949  9.918    0.030 0.055 0.029 0.026 0.033  A 194810
   3903.56972  9.984 10.005 10.015  9.999  9.962    0.028 0.055 0.030 0.025 0.031  A 195198
   3905.55483 10.050 10.170 10.106 10.077 10.034    0.039 0.084 0.044 0.037 0.042  A 195571
   3907.55712 99.999 99.999 99.999 99.999 99.999    0.029 0.062 0.031 0.027 0.032  C 195958
   4090.81402 10.001 10.033 10.011 10.010  9.985    0.032 0.036 0.028 0.028 0.037  A 209310
   4105.79771  9.965 10.003  9.996  9.984  9.958    0.037 0.038 0.030 0.031 0.042  A 210875
   4109.72842  9.985  9.992 10.007 10.003  9.964    0.047 0.070 0.039 0.040 0.053  A 211273
   4127.73841  9.926  9.947  9.958  9.947  9.905    0.025 0.034 0.027 0.024 0.029  A 211834
   4129.78970  9.984 10.007 10.014 10.006  9.964    0.028 0.037 0.028 0.025 0.031  A 212115
   4132.72352 99.999 99.999 99.999 99.999 99.999    0.036 0.055 0.031 0.030 0.040  C 212475
   4134.77802  9.928  9.906  9.962  9.951  9.909    0.038 0.058 0.035 0.032 0.043  A 212775
   4146.69218  9.934  9.940  9.958  9.954  9.912    0.037 0.086 0.043 0.033 0.041  B 214431
   4149.78531 10.019 10.036 10.035 10.028  9.989    0.046 0.050 0.039 0.039 0.053  A 214708
   4151.82296  9.974 10.023  9.995  9.983  9.952    0.043 0.045 0.036 0.038 0.048  A 215025
   4154.66725 10.018 10.050 10.042 10.035  9.996    0.040 0.081 0.041 0.037 0.043  A 215425
   4156.72232  9.967 10.067 10.010  9.983  9.951    0.032 0.047 0.032 0.029 0.035  A 215739
   4158.75928  9.919  9.974  9.951  9.939  9.907    0.049 0.090 0.048 0.046 0.053  B 216030
   4160.74486  9.944  9.984  9.973  9.959  9.925    0.028 0.032 0.027 0.024 0.032  A 216339
   4162.73552 10.202 10.295 10.245 10.233 10.162    0.052 0.080 0.047 0.047 0.057  A 216658
   4164.75349  9.915  9.930  9.939  9.930  9.888    0.059 0.095 0.054 0.051 0.067  B 216941
   4167.70424  9.953 10.053  9.995  9.973  9.943    0.029 0.040 0.026 0.025 0.034  A 217336
   4172.75921  9.968  9.923  9.999  9.999  9.931    0.046 0.069 0.044 0.042 0.049  A 217952
   4174.83639  9.941  9.974  9.970  9.958  9.925    0.032 0.049 0.036 0.028 0.037  A 218294
   4177.73330  9.947  9.954 10.033  9.980  9.922    0.038 0.081 0.058 0.036 0.040  B 218638
   4180.64942  9.950 10.003  9.977  9.968  9.941    0.045 0.064 0.041 0.038 0.053  A 218990
   4182.68025 10.001 10.011 10.028 10.019  9.986    0.042 0.059 0.042 0.037 0.046  A 219274
   4184.67605  9.916 10.138 10.000  9.957  9.895    0.082 0.082 0.074 0.075 0.089  D 219563
   4187.80522  9.974  9.967 10.018 10.003  9.951    0.048 0.048 0.044 0.042 0.055  A 219846
   4190.57664  9.977 10.018 10.002 10.000  9.957    0.034 0.041 0.034 0.030 0.040  A 220215
   4192.61556  9.951 10.003  9.973  9.973  9.942    0.033 0.043 0.033 0.029 0.037  A 220553
   4194.64882  9.980 10.010 10.023 10.003  9.959    0.047 0.054 0.044 0.042 0.051  A 220877
   4197.64114  9.984  9.989  9.986  9.994  9.972    0.037 0.048 0.036 0.032 0.041  A 221200
   4199.69456  9.938  9.986  9.972  9.955  9.921    0.052 0.041 0.038 0.042 0.064  A 221399
   4202.75980 10.047 10.033 10.067 10.070 10.031    0.055 0.058 0.046 0.048 0.060  A 221670
   4205.54841  9.972 10.014 10.008  9.987  9.956    0.040 0.060 0.040 0.036 0.045  A 222079
   4208.66493  9.974  9.939  9.979  9.991  9.951    0.065 0.080 0.053 0.055 0.077  B 222344
   4213.73276  9.919  9.995  9.947  9.943  9.892    0.043 0.046 0.038 0.037 0.050  A 222619
   4216.72296  9.962  9.997  9.987  9.974  9.949    0.032 0.041 0.033 0.028 0.034  A 222897
   4227.64231 10.035 10.075 10.035 10.037 10.023    0.039 0.050 0.040 0.034 0.044  A 223159
   4229.64794  9.981  9.974 10.007 10.003  9.966    0.039 0.045 0.037 0.036 0.042  A 223517
   4231.66016  9.994 10.078 10.042 10.028  9.983    0.057 0.052 0.048 0.050 0.067  B 223879
   4233.65507  9.980  9.985 10.027  9.997  9.960    0.024 0.032 0.029 0.023 0.028  A 224224
   4235.65705  9.997 10.000 10.022 10.014  9.985    0.035 0.062 0.038 0.032 0.039  A 224592
   4237.66856  9.994 10.043 10.014 10.006  9.976    0.105 0.083 0.081 0.089 0.121  D 224888
   4246.58925  9.982  9.995  9.996  9.996  9.968    0.050 0.044 0.046 0.045 0.055  A 226203
   4249.59886  9.908  9.938  9.920  9.923  9.892    0.031 0.039 0.033 0.028 0.037  A 226604
   4254.55748  9.985  9.961  9.999  9.995  9.971    0.058 0.054 0.047 0.051 0.067  B 226983
   4256.62068  9.981 10.012  9.978  9.994  9.959    0.033 0.042 0.034 0.029 0.037  A 227246
   4259.50976 10.005 10.000 10.015 10.018  9.997    0.044 0.042 0.040 0.039 0.052  A 227633
   4268.54187  9.979  9.987 10.009  9.993  9.959    0.045 0.044 0.039 0.038 0.052  A 227949
   4270.56488 10.011 10.089 10.061 10.037 10.000    0.105 0.074 0.074 0.085 0.128  D 228256
   4274.52600 10.015 10.025 10.008 10.028  9.986    0.056 0.044 0.050 0.051 0.059  B 228653
   4277.55004  9.968 10.003  9.968  9.978  9.946    0.031 0.041 0.035 0.028 0.035  A 228975
   4283.50288  9.987 10.054 10.018 10.009  9.977    0.042 0.038 0.033 0.034 0.050  A 229592
   4285.51694  9.964  9.969 10.005  9.989  9.944    0.035 0.046 0.034 0.031 0.041  A 229939
   4289.51389  9.986 10.059 10.003 10.002  9.973    0.041 0.051 0.040 0.037 0.046  A 230298
   4292.48996  9.973 10.021 10.001  9.993  9.953    0.026 0.039 0.031 0.024 0.029  A 230821
   4294.49860  9.927  9.978  9.976  9.952  9.911    0.029 0.040 0.029 0.025 0.032  A 231179
   4296.49443  9.975  9.991 10.006  9.992  9.952    0.032 0.038 0.033 0.029 0.036  A 231520
   4301.46071  9.933  9.971  9.975  9.955  9.916    0.040 0.041 0.036 0.034 0.045  A 232409
   4306.48615  9.985 10.037 10.000 10.004  9.965    0.030 0.043 0.034 0.027 0.033  A 233272
   4411.85371  9.983 10.120 10.041 10.013  9.960    0.035 0.044 0.031 0.029 0.039  A 246163
   4424.84597  9.996 10.031 10.024 10.018  9.979    0.026 0.031 0.025 0.023 0.030  A 246851
   4428.85484 10.012 10.046 10.032 10.027  9.997    0.040 0.046 0.037 0.034 0.046  A 247241
   4432.83859  9.934  9.948  9.952  9.948  9.923    0.038 0.056 0.037 0.033 0.044  A 247735
   4438.82076  9.953  9.965  9.996  9.976  9.938    0.046 0.047 0.039 0.039 0.054  A 248466
   4442.81113  9.914  9.964  9.944  9.928  9.898    0.034 0.051 0.037 0.032 0.036  A 248925
   4458.79290 10.015 10.095 10.057 10.036 10.004    0.039 0.056 0.037 0.033 0.046  A 250750
   4461.84157  9.994 10.004 10.033 10.014  9.970    0.037 0.036 0.034 0.032 0.044  A 251104
   4465.78193  9.954  9.977  9.983  9.972  9.923    0.056 0.051 0.041 0.046 0.066  A 251572
   4471.83297  9.976 10.074 10.025  9.996  9.953    0.074 0.083 0.065 0.067 0.081  D 252223
   4476.79420  9.969  9.987  9.988  9.982  9.946    0.071 0.072 0.055 0.058 0.083  D 252694
   4479.77474  9.959 10.009  9.983  9.972  9.939    0.037 0.055 0.036 0.031 0.043  A 253061
   4482.79440  9.974 10.029  9.997  9.986  9.966    0.043 0.041 0.035 0.034 0.051  A 253368
   4485.84097  9.929  9.998  9.928  9.942  9.923    0.035 0.063 0.041 0.033 0.038  A 253658
   4488.75630  9.972 10.035  9.982  9.985  9.955    0.054 0.062 0.044 0.045 0.064  A 253982
   4492.80736  9.940  9.993  9.983  9.960  9.926    0.032 0.049 0.034 0.029 0.036  A 254457
   4498.85439  9.921  9.939  9.927  9.944  9.905    0.040 0.061 0.043 0.038 0.044  A 254973
   4501.71945  9.952  9.957  9.974  9.961  9.940    0.038 0.045 0.039 0.033 0.041  A 255309
   4503.82383 10.005 10.191 10.105 10.063  9.979    0.047 0.059 0.045 0.042 0.053  A 255625
   4506.70660  9.985 10.029 10.042 10.017  9.966    0.041 0.065 0.044 0.038 0.045  A 256014
   4508.78272  9.909  9.907  9.927  9.919  9.894    0.035 0.048 0.036 0.032 0.037  A 256324
   4511.69860  9.991 10.057 10.013 10.008  9.969    0.035 0.058 0.037 0.032 0.040  A 256701
   4515.69715  9.958  9.993  9.977  9.971  9.941    0.044 0.040 0.034 0.036 0.051  A 257033
   4519.72934  9.971 10.035 10.018  9.996  9.955    0.042 0.046 0.038 0.036 0.048  A 257601
   4521.74481  9.933  9.981  9.957  9.946  9.915    0.027 0.035 0.029 0.026 0.031  A 257880
   4523.77578 10.025 10.112 10.042 10.041 10.007    0.031 0.048 0.035 0.028 0.035  A 258199
   4525.84085  9.952 10.049  9.986  9.973  9.948    0.043 0.063 0.046 0.040 0.046  A 258500
   4528.64619  9.974  9.994  9.992  9.986  9.961    0.044 0.047 0.038 0.039 0.051  A 258884
   4530.71290 10.002 10.009 10.008 10.017  9.985    0.031 0.055 0.035 0.029 0.034  A 259208
   4532.80444  9.934  9.992  9.942  9.951  9.918    0.038 0.051 0.047 0.043 0.047  A 259538
   4536.63709  9.998  9.988 10.019 10.007  9.981    0.040 0.058 0.041 0.036 0.047  A 259929
   4538.67664  9.942  9.967  9.983  9.963  9.924    0.040 0.053 0.037 0.034 0.045  A 260239
   4540.70222  9.964 10.074  9.994  9.987  9.960    0.057 0.076 0.051 0.049 0.065  A 260530
   4542.66095  9.978 10.007 10.011 10.004  9.952    0.050 0.065 0.044 0.042 0.057  A 260836
   4546.69299  9.976  9.995  9.999  9.991  9.954    0.043 0.057 0.038 0.036 0.049  A 261455
   4548.70187  9.994 10.090 10.031 10.012  9.973    0.044 0.067 0.043 0.038 0.053  A 261797
   4553.67244 10.000  9.963  9.990  9.997  9.969    0.079 0.078 0.067 0.069 0.091  D 262405
   4555.67932  9.999 10.030 10.040 10.022  9.995    0.028 0.045 0.032 0.026 0.030  A 262714
   4557.73532  9.981  9.986  9.973  9.985  9.967    0.033 0.053 0.036 0.029 0.037  A 263057
   4559.74435  9.980  9.976 10.032 10.006  9.962    0.032 0.055 0.035 0.028 0.036  A 263391
   4561.79230  9.941  9.917  9.939  9.952  9.915    0.034 0.058 0.038 0.031 0.038  A 263744
   4564.55219  9.968 10.002 10.001  9.980  9.950    0.040 0.053 0.040 0.036 0.045  A 264166
   4566.59927  9.967 10.015  9.986  9.979  9.956    0.042 0.045 0.039 0.038 0.046  A 264515
   4568.61807  9.953  9.991  9.964  9.966  9.938    0.053 0.050 0.044 0.049 0.059  A 264831
   4570.60317  9.949  9.933  9.990  9.963  9.940    0.031 0.060 0.038 0.029 0.034  A 265155
   4574.58833  9.924  9.930  9.914  9.926  9.908    0.037 0.043 0.033 0.032 0.044  A 265820
#ndata= 5
#dataset= 5 ; 1 F1040-16_263
#desig= 103117-2357.9
#cra=   10.521251  10:31:16.5
#cdec= -23.965699 -23:57:56.5
#class= 0
#cmag_0= 10.000
#cmer_0=  0.034
#nskip_0= 0
#cmag_1=  9.965
#cmer_1=  0.028
#nskip_1= 0
#cmag_2=  9.986
#cmer_2=  0.025
#nskip_2= 0
#cmag_3=  9.976
#cmer_3=  0.021
#nskip_3= 0
#cmag_4=  9.971
#cmer_4=  0.024
#nskip_4= 0
#ra=   10.521251  10:31:16.5
#dec= -23.965699 -23:57:56.5
#     HJD      MAG_3  MAG_0  MAG_1  MAG_2  MAG_4    MER_3 MER_0 MER_1 MER_2 MER_4 GRADE FRAME
   3373.86784  9.977 10.007  9.972  9.989  9.975    0.057 0.096 0.055 0.051 0.059  B 125393
   3387.82036 10.000  9.988  9.955  9.996  9.997    0.042 0.041 0.037 0.035 0.049  A 126380
   3393.81063  9.997 10.056 10.008 10.018 10.001    0.049 0.084 0.049 0.043 0.055  B 127058
   3448.74536  9.964  9.935  9.955  9.967  9.952    0.041 0.054 0.044 0.039 0.044  A 134942
   3450.67994  9.950  9.985  9.942  9.961  9.946    0.036 0.051 0.038 0.032 0.041  A 135260
