#ndata= 21
#dataset= 1 ; 1 F0900-64_045
#desig= 094237-6334.0
#cra=    9.710328  09:42:37.2
#cdec= -63.567171 -63:34:01.8
#class= 0
#cmag_0= 12.072
#cmer_0=  0.098
#nskip_0= 0
#cmag_1= 12.015
#cmer_1=  0.081
#nskip_1= 0
#cmag_2= 12.027
#cmer_2=  0.076
#nskip_2= 0
#cmag_3= 12.048
#cmer_3=  0.083
#nskip_3= 0
#cmag_4= 12.043
#cmer_4=  0.095
#nskip_4= 0
#ra=    9.710328  09:42:37.2
#dec= -63.567171 -63:34:01.8
#     HJD      MAG_0  MAG_1  MAG_2  MAG_3  MAG_4    MER_0 MER_1 MER_2 MER_3 MER_4 GRADE FRAME
   2224.78037 11.930 11.900 11.940 11.938 11.933    0.055 0.047 0.039 0.043 0.045  A 39412
   2226.76887 11.877 11.848 11.890 11.885 11.922    0.054 0.047 0.041 0.048 0.048  A 39721
   2228.75884 11.963 11.863 11.962 12.100 12.212    0.060 0.051 0.045 0.050 0.054  A 40035
   2230.75250 12.021 12.023 12.076 12.119 12.123    0.055 0.047 0.041 0.046 0.047  A 40360
   2232.83647 12.009 11.967 12.023 12.082 12.062    0.058 0.052 0.043 0.049 0.049  A 40563
   2234.76063 11.951 11.940 11.961 11.984 11.927    0.055 0.048 0.041 0.046 0.046  A 40844
   2236.75570 12.131 12.174 12.200 12.260 12.231    0.061 0.053 0.045 0.050 0.049  A 41157
   2239.76296 12.126 12.129 12.142 12.147 12.095    0.063 0.055 0.046 0.050 0.052  A 41479
   2241.74981 12.016 12.002 12.098 12.092 12.083    0.061 0.054 0.046 0.052 0.052  A 41790
   2243.73090 12.051 12.007 12.034 12.038 11.992    0.067 0.059 0.051 0.056 0.057  A 42099
   2635.74869 12.038 11.996 12.028 12.008 12.003    0.034 0.039 0.040 0.046 0.052  A 32276
   2660.70983 12.040 12.026 11.999 12.004 11.991    0.029 0.034 0.032 0.035 0.041  A 35970
   3073.80179 12.057 11.955 11.988 12.039 12.070    0.032 0.032 0.034 0.040 0.046  A 93927
   3104.69452 12.183 12.053 11.987 11.956 11.937    0.032 0.029 0.030 0.036 0.041  A 97927
   3118.65353 12.131 12.047 11.997 12.007 11.991    0.028 0.027 0.029 0.034 0.039  A 99924
   3159.57095 12.250 12.046 12.028 12.071 12.098    0.039 0.042 0.048 0.060 0.069  D 104552
   3171.55817 12.343 12.228 12.223 12.227 12.208    0.030 0.028 0.029 0.034 0.039  A 106157
   3179.49458 12.132 12.093 12.046 12.028 11.978    0.030 0.030 0.032 0.038 0.045  A 107160
   3184.49918 12.219 12.057 12.029 12.061 12.126    0.031 0.028 0.030 0.035 0.041  A 107785
   3187.47744 12.214 12.088 12.068 12.084 12.090    0.030 0.029 0.031 0.037 0.043  A 108218
   3382.79437 12.086 12.046 11.998 11.961 11.937    0.084 0.078 0.081 0.092 0.101  D 125682
#ndata= 527
#dataset= 2 ; 1 F1000-64_046
#desig= 094237-6334.0
#cra=    9.710356  09:42:37.3
#cdec= -63.566216 -63:33:58.4
#class= 0
#cmag_0= 12.096
#cmer_0=  0.074
#nskip_0= 3
#cmag_1= 12.015
#cmer_1=  0.067
#nskip_1= 4
#cmag_2= 11.973
#cmer_2=  0.071
#nskip_2= 1
#cmag_3= 11.966
#cmer_3=  0.078
#nskip_3= 2
#cmag_4= 11.979
#cmer_4=  0.085
#nskip_4= 3
#ra=    9.710356  09:42:37.3
#dec= -63.566216 -63:33:58.4
#     HJD      MAG_0  MAG_1  MAG_2  MAG_3  MAG_4    MER_0 MER_1 MER_2 MER_3 MER_4 GRADE FRAME
   1868.84051 12.033 11.939 11.884 11.879 11.895    0.063 0.035 0.033 0.039 0.044  B 170
   1870.78494 12.038 11.954 11.908 11.921 11.943    0.070 0.037 0.035 0.042 0.046  B 456
   1876.77232 12.081 12.062 12.022 12.046 12.066    0.059 0.034 0.033 0.038 0.043  A 1387
   1878.76924 12.088 11.957 11.897 11.881 11.901    0.051 0.030 0.029 0.035 0.040  A 1703
   1884.78325 12.102 11.985 11.952 11.952 11.969    0.038 0.029 0.028 0.034 0.038  A 2327
   1886.75258 12.105 11.958 11.948 11.980 12.026    0.043 0.029 0.029 0.035 0.040  A 2634
   1888.73989 12.151 12.021 11.974 11.972 11.944    0.061 0.035 0.035 0.042 0.047  B 2948
   1889.81876 12.061 11.971 11.934 11.951 11.999    0.044 0.033 0.033 0.038 0.043  A 3144
   1899.78364 12.087 12.053 11.990 11.974 11.991    0.033 0.029 0.025 0.030 0.034  A 3258
   1900.85703 12.169 12.037 12.012 12.011 12.021    0.035 0.029 0.028 0.032 0.036  A 3446
   1903.69251 12.149 12.034 11.996 12.005 12.018    0.061 0.037 0.035 0.040 0.044  B 3693
   1904.82931 12.130 11.987 11.949 11.948 11.945    0.045 0.030 0.029 0.035 0.040  A 3912
   1906.84370 12.116 11.986 11.954 11.946 11.947    0.035 0.029 0.026 0.031 0.035  A 4242
   1907.78468 12.105 11.999 11.941 11.917 11.922    0.033 0.029 0.025 0.030 0.035  A 4377
   1913.75359 12.062 11.942 11.916 11.902 11.894    0.028 0.026 0.025 0.031 0.035  A 4658
   1914.76238 12.091 11.991 11.927 11.911 11.925    0.031 0.027 0.026 0.031 0.036  A 4824
   1919.68783 12.035 11.879 11.861 11.884 11.921    0.047 0.032 0.033 0.039 0.043  A 5325
   1920.74776 12.039 11.904 11.865 11.871 11.892    0.036 0.030 0.029 0.034 0.038  A 5512
   1921.74904 12.011 11.887 11.858 11.842 11.829    0.037 0.032 0.029 0.035 0.040  A 5670
   1922.74568 12.004 11.910 11.840 11.819 11.825    0.037 0.034 0.028 0.033 0.037  A 5820
   1924.73994 11.991 11.848 11.821 11.849 11.896    0.039 0.030 0.030 0.035 0.040  A 6153
   1925.74077 12.031 11.918 11.858 11.830 11.836    0.051 0.045 0.047 0.056 0.063  A 6321
   1926.73504 11.994 11.857 11.829 11.821 11.851    0.036 0.031 0.029 0.035 0.039  A 6489
   1928.73911 11.988 11.917 11.849 11.834 11.861    0.037 0.028 0.027 0.032 0.036  A 6816
   1929.73290 11.940 11.856 11.827 11.817 11.823    0.036 0.031 0.026 0.031 0.035  A 6967
   1930.72828 11.973 11.864 11.835 11.809 11.836    0.031 0.028 0.024 0.027 0.032  A 7132
   1931.72527 11.999 11.942 11.859 11.831 11.858    0.038 0.035 0.032 0.038 0.043  A 7301
   1932.72067 11.996 11.896 11.868 11.853 11.871    0.036 0.032 0.026 0.030 0.035  A 7462
   1933.72086 11.973 11.936 11.876 11.854 11.890    0.034 0.031 0.025 0.029 0.034  A 7626
   1934.71747 11.998 11.912 11.876 11.872 11.911    0.032 0.029 0.025 0.029 0.034  A 7789
   1936.68849 11.996 11.959 11.904 11.880 11.874    0.037 0.033 0.027 0.030 0.034  A 8034
   1937.75622 11.993 11.958 11.947 11.941 11.980    0.038 0.035 0.027 0.031 0.034  A 8176
   1938.77089 11.988 11.931 11.903 11.907 11.953    0.036 0.032 0.026 0.030 0.034  A 8300
   1940.65202 12.038 11.904 11.904 11.906 11.939    0.035 0.032 0.026 0.030 0.034  A 8510
   1945.72281 12.060 12.026 11.998 12.003 12.020    0.037 0.034 0.028 0.033 0.037  A 8702
   1946.73143 12.117 12.068 12.029 12.022 12.020    0.038 0.035 0.030 0.035 0.039  A 8827
   1948.64823 12.162 12.042 12.010 11.986 11.968    0.036 0.033 0.031 0.036 0.042  A 9052
   1949.69522 12.084 12.072 12.032 12.036 12.098    0.038 0.034 0.030 0.035 0.039  A 9214
   1950.68406 12.131 12.084 12.014 12.001 12.004    0.036 0.032 0.029 0.033 0.038  A 9385
   1953.67945 11.999 12.041 12.019 12.047 12.046    0.049 0.041 0.033 0.036 0.039  A 9690
   1954.67832 12.073 12.056 12.081 12.113 12.184    0.049 0.044 0.035 0.039 0.043  A 9869
   1955.67217 11.992 12.054 12.066 12.099 12.091    0.047 0.041 0.032 0.036 0.038  A 10044
   1958.65635 12.114 12.086 12.083 12.074 12.078    0.053 0.045 0.036 0.039 0.040  A 10210
   1963.64878 12.139 12.084 12.111 12.094 12.098    0.058 0.049 0.039 0.042 0.043  A 10816
   1964.65774 12.124 12.084 12.077 12.091 12.101    0.052 0.047 0.037 0.040 0.042  A 11000
   1965.64637 12.032 12.036 12.012 12.023 12.047    0.057 0.049 0.038 0.041 0.043  A 11181
   1966.65094 12.031 12.022 12.011 12.010 12.015    0.057 0.048 0.038 0.041 0.043  A 11368
   1967.64554 12.065 12.047 12.048 12.048 12.026    0.062 0.052 0.041 0.044 0.045  B 11533
   1968.64749 12.087 12.084 12.102 12.107 12.085    0.064 0.055 0.043 0.046 0.045  B 11709
   1971.70893 12.074 12.050 12.116 12.165 12.238    0.066 0.059 0.053 0.059 0.061  B 11798
   1977.62082 11.968 12.056 12.108 12.137 12.146    0.076 0.064 0.053 0.055 0.057  D 11946
   1978.64432 12.010 12.001 12.050 12.074 12.056    0.072 0.062 0.051 0.056 0.059  D 12044
   1979.62787 12.056 12.001 12.026 12.067 12.119    0.075 0.063 0.052 0.056 0.057  D 12223
   1980.62466 11.993 11.950 11.992 11.997 12.065    0.075 0.064 0.053 0.057 0.059  D 12369
   1982.61639 12.052 11.985 11.983 11.972 11.975    0.062 0.053 0.041 0.046 0.045  B 12738
   1984.60582 12.090 12.014 12.004 12.013 12.021    0.079 0.066 0.052 0.054 0.053  D 12949
   1985.60945 11.972 11.961 12.016 12.037 12.057    0.078 0.067 0.053 0.053 0.053  D 13143
   2030.50712 12.157 12.034 11.970 11.968 11.993    0.063 0.036 0.036 0.041 0.045  B 17748
   2040.60729 12.097 11.969 11.911 11.898 11.920    0.072 0.040 0.037 0.043 0.048  B 19446
   2054.53159 12.138 12.133 12.083 12.075 12.077    0.071 0.042 0.042 0.049 0.055  B 20208
   2062.50726 12.169 12.051 11.999 12.008 12.033    0.072 0.042 0.040 0.046 0.050  B 21485
   2067.48198 12.134 12.009 12.011 12.035 12.062    0.061 0.036 0.036 0.042 0.047  B 21786
   2071.52091 12.425 12.301 12.111 11.988 11.970    0.078 0.069 0.078 0.094 0.110  D 22693
   2083.48336 12.174 12.055 11.990 11.978 11.985    0.055 0.033 0.032 0.038 0.044  A 23525
   2105.47419 12.057 11.891 11.852 11.855 11.891    0.048 0.032 0.031 0.037 0.041  A 26162
   2194.86296 12.077 11.987 11.971 11.962 12.015    0.050 0.038 0.033 0.037 0.042  A 35750
   2199.85779 12.125 12.058 12.027 12.056 12.072    0.048 0.037 0.035 0.039 0.044  A 36593
   2201.85116 12.060 11.988 11.999 12.028 12.121    0.050 0.038 0.032 0.035 0.039  A 36838
   2212.82745 12.004 11.960 11.984 12.020 12.083    0.054 0.042 0.037 0.042 0.046  A 38003
   2214.81941 11.978 11.988 12.002 12.017 12.037    0.059 0.050 0.044 0.050 0.054  B 38317
   2216.81617 11.985 11.953 11.971 11.966 11.956    0.056 0.047 0.041 0.046 0.050  A 38649
   2221.83733 11.873 11.848 11.813 11.785 11.826    0.066 0.059 0.053 0.061 0.068  B 39117
   2224.83225 11.964 11.994 11.970 12.028 12.067    0.051 0.045 0.038 0.043 0.045  A 39435
   2226.80260 11.926 11.945 11.968 12.005 12.015    0.061 0.052 0.041 0.045 0.049  B 39736
   2228.79489 11.899 11.940 11.945 11.993 12.007    0.062 0.053 0.043 0.048 0.050  B 40051
   2230.79601 12.081 12.041 12.006 11.961 11.978    0.060 0.051 0.041 0.045 0.047  B 40379
   2233.76617 12.062 12.071 12.022 12.029 11.995    0.055 0.047 0.038 0.043 0.045  A 40689
   2235.78023 12.072 12.050 12.040 12.056 12.115    0.054 0.046 0.038 0.042 0.043  A 41009
   2237.77476 12.015 11.982 11.957 11.943 11.960    0.061 0.051 0.042 0.046 0.047  B 41325
   2240.75246 12.006 12.009 11.989 11.974 11.978    0.060 0.052 0.043 0.046 0.049  B 41632
   2242.76083 12.088 12.079 12.153 12.182 12.172    0.070 0.061 0.052 0.056 0.059  D 41955
   2244.76584 11.989 12.018 12.127 12.249 12.222    0.076 0.066 0.056 0.060 0.063  D 42235
   2248.72116 12.141 12.088 12.053 12.057 12.026    0.069 0.060 0.050 0.051 0.054  B 42536
   2249.85571 12.022 12.005 12.045 12.117 12.089    0.087 0.072 0.060 0.065 0.066  D 42790
   2251.75311 12.297 12.189 12.190 12.186 12.245    0.071 0.058 0.047 0.051 0.052  B 43069
   2252.83503 11.899 11.942 12.042 12.090 12.085    0.086 0.070 0.059 0.062 0.064  D 43265
   2440.50508 12.004 11.932 11.896 11.881 11.900    0.031 0.028 0.024 0.026 0.030  A 8002
   2442.50261 11.981 11.937 11.936 11.900 11.932    0.048 0.046 0.042 0.047 0.053  A 8427
   2444.50137 11.985 11.895 11.879 11.857 11.854    0.030 0.026 0.024 0.028 0.032  A 8826
   2453.51463 11.853 11.891 11.884 11.870 11.886    0.056 0.053 0.050 0.058 0.067  B 9580
   2464.45837 11.964 11.933 11.920 11.914 11.920    0.040 0.036 0.027 0.029 0.032  A 10762
   2467.46852 12.068 12.106 12.065 12.025 12.019    0.035 0.030 0.024 0.027 0.031  A 11423
   2470.46722 11.950 11.920 11.933 11.919 11.931    0.040 0.037 0.029 0.030 0.033  A 11922
   2558.86537 12.073 12.032 12.006 11.990 12.009    0.031 0.028 0.023 0.026 0.029  A 22146
   2565.85989 12.151 12.030 11.985 11.967 11.934    0.032 0.028 0.028 0.033 0.038  A 23369
   2578.85592 11.897 11.957 11.954 11.924 11.896    0.055 0.052 0.049 0.055 0.060  B 25041
   2622.72708 12.054 11.977 11.917 11.908 11.936    0.033 0.028 0.030 0.034 0.037  A 30005
   2624.78102 12.027 11.979 11.928 11.918 11.904    0.032 0.033 0.033 0.039 0.044  A 30313
   2627.81536 12.048 11.951 11.897 11.915 11.940    0.028 0.027 0.028 0.034 0.038  A 30648
   2630.79418 11.988 11.986 11.931 11.915 11.900    0.055 0.051 0.056 0.068 0.076  B 31293
   2634.81018 12.007 11.904 11.905 11.900 11.875    0.038 0.043 0.048 0.057 0.065  A 32152
   2636.84966 12.087 12.008 11.948 11.927 11.941    0.042 0.051 0.052 0.065 0.073  B 32462
   2642.75668 12.070 12.034 11.976 11.965 11.950    0.033 0.038 0.040 0.046 0.050  A 33317
   2645.74237 12.143 12.077 12.013 11.978 11.988    0.034 0.039 0.040 0.048 0.053  A 33764
   2647.76639 12.181 12.098 12.070 12.050 12.076    0.042 0.047 0.052 0.062 0.072  B 34071
   2650.73802 12.143 12.083 12.083 12.079 12.052    0.034 0.039 0.041 0.049 0.056  A 34325
   2655.73740 12.167 12.075 12.037 12.007 11.955    0.037 0.043 0.046 0.054 0.062  A 35274
   2658.75069 12.101 11.995 12.011 12.015 11.963    0.031 0.034 0.035 0.041 0.046  A 35648
   2660.75188 11.886 11.884 11.854 11.815 11.823    0.062 0.063 0.065 0.079 0.088  D 35987
   2662.76374 12.092 12.018 11.958 11.955 11.982    0.027 0.025 0.024 0.029 0.032  A 36335
   2664.74822 12.011 12.006 11.961 11.956 11.938    0.032 0.037 0.039 0.045 0.052  A 36672
   2666.75276 12.061 11.934 11.900 11.876 11.878    0.029 0.026 0.026 0.030 0.034  A 37000
   2670.76149 12.031 11.954 11.940 11.924 11.916    0.029 0.028 0.029 0.034 0.037  A 37643
   2672.75035 12.002 11.987 11.958 11.949 11.951    0.031 0.035 0.035 0.041 0.046  A 37973
   2674.73817 11.992 11.986 11.935 11.898 11.877    0.038 0.044 0.045 0.053 0.059  A 38311
   2676.72458 12.088 11.927 11.909 11.900 11.917    0.027 0.025 0.024 0.028 0.031  A 38671
   2678.70649 12.081 11.975 11.935 11.883 11.863    0.035 0.041 0.044 0.052 0.058  A 39004
   2680.70859 12.153 12.039 11.996 11.990 12.007    0.027 0.027 0.025 0.029 0.033  A 39336
   2684.66008 12.060 12.003 11.937 11.902 11.880    0.030 0.029 0.031 0.037 0.042  A 40003
   2685.82621 12.143 12.018 11.958 11.979 12.018    0.038 0.033 0.032 0.038 0.042  A 40258
   2689.69525 12.038 11.993 11.931 11.887 11.862    0.041 0.047 0.046 0.056 0.063  A 40932
   2695.68452 12.110 12.036 12.002 12.004 12.023    0.035 0.037 0.040 0.046 0.051  A 41971
   2697.69080 12.100 12.046 12.017 12.017 12.020    0.038 0.039 0.044 0.049 0.053  A 42303
   2699.68609 12.057 12.024 12.009 11.998 11.985    0.035 0.035 0.038 0.044 0.050  A 42722
   2701.68416 11.980 11.905 11.861 11.836 11.860    0.035 0.037 0.041 0.045 0.051  A 43105
   2703.68005 12.066 11.993 11.954 11.940 11.952    0.035 0.039 0.042 0.048 0.053  A 43486
   2705.67243 11.987 11.943 11.894 11.862 11.862    0.041 0.040 0.044 0.051 0.059  A 43857
   2707.66880 11.978 11.946 11.871 11.855 11.836    0.048 0.048 0.052 0.062 0.070  B 44221
   2710.63094 12.024 11.923 11.888 11.896 11.936    0.030 0.028 0.028 0.032 0.035  A 44747
   2711.81949 11.994 11.917 11.874 11.851 11.850    0.037 0.035 0.038 0.046 0.052  A 45019
   2713.68750 11.921 11.899 11.889 11.878 11.880    0.031 0.033 0.031 0.036 0.041  A 45340
   2714.79026 12.006 11.946 11.931 11.928 11.920    0.035 0.034 0.030 0.035 0.039  A 45579
   2717.65953 11.945 11.899 11.883 11.893 11.924    0.043 0.048 0.052 0.063 0.071  B 45865
   2719.72938 12.121 12.039 12.028 12.025 12.028    0.039 0.038 0.036 0.043 0.048  A 46136
   2721.67873 12.149 11.980 11.922 11.904 11.907    0.038 0.041 0.040 0.046 0.050  A 46501
   2722.79651 12.151 12.081 12.025 12.010 11.994    0.034 0.031 0.032 0.039 0.044  A 46744
   2724.68166 12.099 12.049 12.031 12.035 12.023    0.034 0.035 0.033 0.036 0.040  A 47080
   2725.82293 12.115 12.024 11.983 11.982 11.975    0.037 0.034 0.036 0.042 0.046  A 47343
   2727.69958 12.153 12.031 12.014 12.040 12.072    0.029 0.028 0.027 0.031 0.034  A 47680
   2731.79536 12.189 12.037 11.998 11.998 12.007    0.031 0.028 0.030 0.036 0.041  A 48393
   2734.55813 12.049 11.983 11.926 11.875 11.850    0.034 0.040 0.040 0.045 0.050  A 48792
   2736.56347 12.106 12.034 11.974 11.963 11.979    0.032 0.031 0.026 0.030 0.034  A 49182
   2737.75064 12.109 11.993 11.933 11.908 11.919    0.031 0.027 0.027 0.032 0.035  A 49470
   2739.68291 12.107 12.063 11.971 11.947 11.952    0.039 0.030 0.029 0.033 0.036  A 49777
   2741.63868 12.114 12.067 11.998 11.979 12.019    0.041 0.027 0.025 0.030 0.033  A 50152
   2744.63139 11.993 11.974 11.907 11.888 11.876    0.034 0.030 0.031 0.034 0.038  A 50731
   2747.68201 12.082 11.927 11.848 11.822 11.842    0.047 0.034 0.034 0.041 0.045  A 51022
   2750.72406 12.033 11.956 11.918 11.911 11.913    0.034 0.029 0.029 0.033 0.037  A 51670
   2752.63823 12.061 11.991 11.933 11.915 11.943    0.035 0.027 0.024 0.029 0.032  A 52024
   2754.73168 12.029 11.959 11.927 11.929 11.945    0.033 0.029 0.031 0.035 0.038  A 52283
   2756.68923 12.069 11.954 11.935 11.943 11.972    0.029 0.025 0.025 0.030 0.033  A 52677
   2759.50284 12.059 12.083 12.120 12.187 12.296    0.076 0.080 0.089 0.104 0.121  D 53161
   2760.68211 12.128 12.017 11.979 11.978 12.008    0.031 0.028 0.028 0.031 0.035  A 53444
   2762.64421 12.115 11.979 11.969 12.036 12.041    0.064 0.065 0.068 0.082 0.097  D 53836
   2766.63698 12.120 12.016 11.988 11.979 12.006    0.036 0.030 0.028 0.031 0.035  A 54524
   2770.61953 12.084 12.028 11.987 11.984 11.979    0.038 0.031 0.030 0.033 0.036  A 54848
   2775.64158 12.030 11.982 11.952 11.940 11.951    0.031 0.030 0.030 0.035 0.039  A 55084
   2782.66890 12.042 11.980 11.954 11.943 11.952    0.046 0.045 0.051 0.057 0.061  A 55728
   2784.60257 12.062 11.988 11.947 11.937 11.947    0.031 0.028 0.028 0.032 0.035  A 56127
   2786.59330 12.117 12.003 11.954 11.965 11.993    0.033 0.029 0.028 0.033 0.036  A 56549
   2790.46498 12.091 12.039 11.999 11.964 11.954    0.051 0.051 0.052 0.061 0.067  B 57253
   2792.50100 12.031 11.959 11.930 11.920 11.939    0.031 0.029 0.029 0.033 0.035  A 57662
   2795.48177 12.052 12.093 12.109 12.146 12.222    0.080 0.092 0.090 0.091 0.095  D 58176
   2804.54167 12.148 12.145 12.125 12.194 12.282    0.043 0.043 0.043 0.052 0.061  A 59004
   2809.53939 12.131 12.056 12.030 12.027 12.041    0.038 0.027 0.027 0.030 0.034  A 59463
   2811.53784 12.182 12.092 12.050 12.028 12.039    0.024 0.024 0.022 0.026 0.029  A 59914
   2813.53634 12.150 12.082 12.026 12.025 12.046    0.029 0.025 0.025 0.030 0.033  A 60369
   2819.52172 12.134 12.055 12.055 12.073 12.095    0.036 0.035 0.034 0.040 0.046  A 61248
   2821.55749 12.112 12.066 12.037 12.045 12.060    0.030 0.028 0.027 0.031 0.035  A 61703
   2826.53626 12.002 12.001 11.979 11.974 11.975    0.034 0.033 0.028 0.032 0.034  A 61992
   2830.51741 12.011 11.939 11.941 11.945 11.944    0.036 0.034 0.032 0.038 0.044  A 62460
   2832.50474 12.006 11.981 11.924 11.915 11.955    0.031 0.029 0.029 0.034 0.038  A 62904
   2834.50599 11.980 11.953 11.880 11.825 11.812    0.034 0.032 0.032 0.037 0.043  A 63284
   2836.50601 12.019 11.950 11.916 11.923 11.960    0.029 0.028 0.027 0.032 0.036  A 63626
   2841.47128 12.030 11.966 11.912 11.888 11.906    0.029 0.030 0.027 0.032 0.035  A 64484
   2843.47975 12.095 12.126 12.078 12.130 12.185    0.044 0.044 0.043 0.050 0.057  A 64842
   2854.46945 12.115 12.119 12.076 12.074 12.079    0.031 0.030 0.026 0.029 0.033  A 65814
   2897.90094 12.158 12.040 12.028 12.019 12.064    0.032 0.031 0.030 0.037 0.042  A 71783
   2912.88123 11.981 11.934 11.909 11.933 11.967    0.033 0.030 0.027 0.032 0.036  A 74204
   2918.86675 12.002 11.936 11.888 11.823 11.794    0.050 0.056 0.062 0.075 0.087  D 74985
   2926.87803 12.065 12.041 12.017 12.017 12.043    0.035 0.033 0.032 0.038 0.043  A 75919
   2930.85308 12.100 12.101 12.065 12.057 12.073    0.035 0.029 0.025 0.030 0.033  A 76631
   2933.86475 12.101 12.085 12.059 12.037 12.065    0.036 0.033 0.033 0.039 0.044  A 77170
   2940.84011 12.064 12.015 12.035 12.075 12.074    0.035 0.032 0.031 0.036 0.041  A 78091
   2943.84496 12.107 12.025 11.998 11.988 11.994    0.037 0.025 0.025 0.029 0.034  A 78454
   2946.83231 12.084 11.970 11.944 11.941 11.945    0.033 0.025 0.025 0.030 0.033  A 78911
   2949.84501 12.085 11.984 11.934 11.904 11.886    0.032 0.025 0.025 0.030 0.034  A 79365
   2954.82325 11.979 11.958 11.930 11.919 11.926    0.038 0.035 0.036 0.042 0.048  A 80017
   2957.83235 11.952 11.890 11.851 11.840 11.782    0.048 0.043 0.048 0.058 0.067  B 80455
   2961.81174 11.999 11.969 11.952 11.974 11.985    0.035 0.033 0.033 0.039 0.043  A 80988
   2964.84484 12.005 11.952 11.878 11.835 11.815    0.034 0.034 0.035 0.042 0.048  A 81430
   2967.82704 12.111 12.005 12.013 12.006 12.039    0.029 0.031 0.029 0.034 0.039  A 81845
   2971.80348 12.118 12.071 12.041 12.030 12.030    0.027 0.028 0.027 0.032 0.035  A 82311
   2975.75251 12.128 12.070 12.022 12.011 12.030    0.034 0.025 0.026 0.030 0.034  A 82763
   2977.80079 12.102 12.024 11.982 11.954 11.949    0.035 0.038 0.043 0.052 0.060  A 83053
   2980.77928 12.089 12.039 11.985 11.977 12.000    0.030 0.028 0.029 0.035 0.040  A 83434
   2983.80280 12.105 11.991 11.926 11.896 11.884    0.030 0.030 0.032 0.039 0.043  A 83842
   2986.80636 12.068 11.975 11.941 11.921 99.999    0.029 0.027 0.028 0.034 0.038  C 84236
   2989.80668 12.034 11.933 11.883 11.827 11.819    0.031 0.033 0.037 0.045 0.051  A 84587
   2992.80208 12.020 11.924 11.889 11.877 11.884    0.039 0.041 0.045 0.054 0.060  A 84984
   2995.78703 11.936 11.908 11.866 11.866 11.911    0.040 0.037 0.038 0.045 0.052  A 85369
   2998.78556 11.983 11.922 11.861 11.835 11.828    0.031 0.031 0.031 0.037 0.042  A 85779
   3007.79390 12.130 12.046 11.970 11.951 11.974    0.027 0.026 0.025 0.030 0.034  A 86785
   3012.75788 12.116 12.108 12.044 12.042 12.041    0.035 0.037 0.039 0.047 0.054  A 87420
   3015.81025 12.038 12.011 11.956 11.920 11.934    0.029 0.032 0.032 0.038 0.044  A 87689
   3017.81983 12.032 11.997 11.953 11.946 11.973    0.027 0.028 0.027 0.032 0.036  A 87946
   3023.79049 11.994 11.983 11.931 11.908 11.922    0.037 0.039 0.041 0.048 0.053  A 88354
   3028.76213 12.033 11.952 11.904 11.906 11.921    0.030 0.026 0.026 0.030 0.033  A 88589
   3031.70634 12.016 11.939 11.926 11.911 11.936    0.030 0.031 0.033 0.040 0.045  A 88862
   3033.75220 11.959 11.842 11.832 11.821 11.830    0.034 0.034 0.035 0.040 0.045  A 89066
   3036.68185 12.001 11.950 11.914 11.907 11.910    0.030 0.031 0.031 0.036 0.041  A 89377
   3040.73698 12.002 11.967 11.961 11.943 11.915    0.036 0.036 0.037 0.044 0.051  A 89606
   3042.83164 12.020 11.929 11.892 11.872 11.864    0.036 0.033 0.037 0.045 0.050  A 89861
   3045.66277 12.142 12.067 11.993 11.967 11.986    0.029 0.028 0.029 0.034 0.039  A 90203
   3051.67245 12.107 12.071 11.994 11.974 11.963    0.028 0.028 0.027 0.031 0.035  A 91007
   3053.75119 12.093 12.032 11.983 11.979 11.971    0.037 0.033 0.034 0.039 0.042  A 91308
   3055.83997 12.047 11.951 11.917 11.899 11.918    0.030 0.028 0.030 0.036 0.040  A 91615
   3058.63358 12.132 12.120 12.089 12.102 12.158    0.030 0.032 0.033 0.040 0.045  A 91941
   3060.68341 12.097 12.047 12.023 12.028 12.038    0.025 0.025 0.024 0.029 0.032  A 92226
   3062.71934 12.116 12.063 12.035 12.069 12.090    0.083 0.086 0.097 0.118 0.143  D 92507
   3064.83075 12.106 12.046 11.994 11.997 12.047    0.035 0.036 0.039 0.045 0.051  A 92818
   3068.57921 12.086 12.014 11.968 11.946 11.962    0.029 0.030 0.030 0.036 0.040  A 93170
   3070.65523 12.033 11.995 11.952 11.934 11.941    0.034 0.033 0.033 0.041 0.047  A 93485
   3072.73410 12.050 12.035 12.000 11.988 12.014    0.030 0.032 0.034 0.041 0.046  A 93766
   3074.70369 12.062 12.009 11.971 11.966 11.997    0.030 0.031 0.032 0.038 0.043  A 94011
   3076.72899 11.992 11.956 11.872 11.834 11.854    0.028 0.028 0.028 0.034 0.037  A 94299
   3078.72242 12.076 11.966 11.908 11.885 11.884    0.031 0.032 0.035 0.043 0.048  A 94600
   3080.76189 11.956 11.917 11.863 11.820 11.830    0.042 0.040 0.043 0.052 0.059  A 94902
   3082.82111 12.026 11.980 11.918 11.915 11.940    0.028 0.028 0.028 0.034 0.039  A 95217
   3089.55360 12.120 12.037 11.988 11.978 11.995    0.035 0.038 0.040 0.049 0.058  A 95883
   3091.59910 12.187 12.074 12.075 12.066 12.062    0.033 0.036 0.039 0.043 0.047  A 96208
   3093.59447 12.130 12.089 12.049 12.022 12.035    0.032 0.033 0.031 0.036 0.040  A 96510
   3097.59602 12.066 12.014 11.956 11.932 11.941    0.032 0.030 0.031 0.037 0.040  A 96795
   3099.63587 12.133 12.035 11.995 11.949 11.932    0.032 0.030 0.031 0.038 0.043  A 97124
   3101.63773 12.081 12.064 12.056 12.074 12.078    0.029 0.031 0.032 0.038 0.043  A 97430
   3103.63668 12.079 12.034 11.986 11.950 11.931    0.029 0.031 0.031 0.036 0.040  A 97745
   3105.63048 12.215 12.123 12.110 12.120 12.134    0.030 0.031 0.034 0.040 0.046  A 98061
   3107.63796 12.146 12.073 12.044 12.016 12.017    0.028 0.027 0.027 0.032 0.035  A 98379
   3109.64311 12.198 12.138 12.073 12.050 12.081    0.027 0.028 0.027 0.032 0.036  A 98691
   3111.64204 12.119 12.031 11.996 11.991 12.025    0.027 0.028 0.028 0.033 0.037  A 99004
   3113.66658 12.092 11.984 11.932 11.925 11.941    0.030 0.027 0.027 0.033 0.037  A 99334
   3115.66049 12.118 12.043 12.025 12.041 12.083    0.028 0.028 0.027 0.032 0.036  A 99663
   3118.70329 12.114 12.032 11.988 11.980 12.043    0.029 0.027 0.028 0.034 0.038  A 99942
   3122.61468 12.192 12.069 12.052 12.068 12.119    0.032 0.031 0.034 0.040 0.044  A 100201
   3124.62570 12.157 12.049 12.032 12.030 12.062    0.030 0.028 0.028 0.034 0.038  A 100545
   3126.63761 12.230 12.110 12.054 12.060 12.078    0.029 0.030 0.030 0.036 0.041  A 100878
   3128.63586 12.199 12.147 12.049 12.014 12.005    0.034 0.031 0.032 0.039 0.044  A 101198
   3130.66992 12.254 12.178 12.152 12.155 12.142    0.037 0.034 0.037 0.046 0.052  A 101498
   3132.67578 12.167 12.146 12.073 12.023 11.979    0.033 0.033 0.034 0.041 0.046  A 101830
   3134.67827 12.193 12.206 12.169 12.160 12.203    0.034 0.031 0.033 0.039 0.044  A 102154
   3144.52719 12.218 12.192 12.136 12.128 12.155    0.027 0.026 0.027 0.032 0.036  A 103234
   3146.57746 12.210 12.182 12.150 12.158 12.188    0.028 0.026 0.027 0.032 0.036  A 103495
   3153.60137 12.116 12.092 12.033 11.996 11.987    0.032 0.032 0.033 0.040 0.045  A 103750
   3155.62498 12.166 12.087 12.023 12.013 12.028    0.037 0.033 0.035 0.043 0.048  A 104082
   3159.49887 12.177 12.070 12.027 11.998 11.992    0.033 0.034 0.036 0.043 0.049  A 104527
   3162.54286 12.129 11.997 11.995 11.998 12.005    0.028 0.028 0.029 0.034 0.038  A 104812
   3164.56214 12.154 12.029 11.990 11.976 11.990    0.027 0.027 0.028 0.033 0.038  A 105172
   3167.56918 12.135 12.064 12.026 12.025 12.060    0.028 0.027 0.028 0.034 0.038  A 105557
   3169.61081 12.129 12.046 11.996 11.988 12.037    0.031 0.029 0.031 0.037 0.041  A 105916
   3177.47112 12.150 12.108 12.056 12.045 12.064    0.030 0.030 0.030 0.036 0.041  A 106846
   3179.55841 12.167 12.090 12.062 12.062 12.072    0.031 0.029 0.028 0.034 0.038  A 107184
   3183.55863 12.198 12.061 12.008 12.022 12.050    0.042 0.031 0.032 0.038 0.044  A 107628
   3186.52020 12.121 12.076 12.002 11.972 11.971    0.030 0.030 0.032 0.039 0.044  A 108065
   3356.80595 12.054 11.909 11.885 11.885 11.884    0.040 0.031 0.031 0.036 0.041  A 124524
   3363.79178 12.030 11.949 11.880 11.874 11.878    0.046 0.034 0.034 0.039 0.044  A 124990
   3372.84567 12.199 12.042 12.042 12.046 12.000    0.061 0.048 0.047 0.054 0.058  B 125335
   3385.73554 12.119 12.068 12.004 11.967 11.949    0.058 0.038 0.034 0.038 0.043  A 126069
   3387.78546 12.144 12.080 12.040 12.042 12.048    0.050 0.039 0.040 0.047 0.054  A 126369
   3390.71279 12.059 12.028 11.989 11.987 12.052    0.038 0.030 0.031 0.036 0.040  A 126748
   3396.70490 11.954 11.898 11.848 11.829 11.822    0.044 0.036 0.037 0.044 0.050  A 127400
   3398.76795 12.041 11.987 11.932 11.919 11.944    0.045 0.035 0.035 0.041 0.046  A 127680
   3400.76981 12.070 11.958 11.910 11.886 11.880    0.040 0.033 0.030 0.034 0.039  A 127956
   3403.76244 12.223 12.053 11.978 11.933 11.894    0.060 0.046 0.047 0.053 0.060  A 128296
   3405.79766 12.042 11.988 11.931 11.919 11.940    0.033 0.030 0.030 0.034 0.038  A 128623
   3408.66712 12.110 12.040 11.989 11.991 12.025    0.043 0.032 0.034 0.041 0.045  A 129041
   3410.75011 12.169 12.051 12.038 12.067 12.102    0.048 0.035 0.035 0.040 0.044  A 129385
   3412.80547 12.126 12.001 11.935 11.928 11.976    0.036 0.031 0.032 0.035 0.039  A 129682
   3415.64559 12.105 11.991 11.958 11.969 11.988    0.042 0.030 0.030 0.035 0.038  A 130110
   3417.70611 12.121 12.048 11.980 11.970 11.976    0.039 0.032 0.030 0.033 0.037  A 130444
   3419.69616 12.100 12.049 12.025 12.042 12.076    0.033 0.031 0.031 0.034 0.038  A 130759
   3423.70739 12.200 12.122 12.102 12.166 12.288    0.055 0.057 0.066 0.081 0.093  D 131396
   3425.71963 12.148 12.013 11.962 11.990 12.013    0.043 0.035 0.036 0.042 0.048  A 131705
   3427.74904 12.141 11.983 11.930 11.928 11.951    0.046 0.034 0.033 0.038 0.043  A 132032
   3431.70006 12.050 11.917 11.860 11.846 11.859    0.039 0.032 0.034 0.040 0.046  A 132382
   3433.73224 12.100 12.052 12.015 12.003 12.008    0.033 0.028 0.029 0.034 0.039  A 132716
   3436.72051 12.067 11.944 11.895 11.858 11.880    0.032 0.033 0.033 0.041 0.048  A 133016
   3439.70259 12.096 12.021 11.967 11.953 11.961    0.034 0.027 0.026 0.031 0.034  A 133351
   3442.80823 12.045 11.933 11.857 11.815 11.821    0.035 0.029 0.028 0.033 0.038  A 133648
   3444.65878 12.314 12.038 11.982 11.990 12.040    0.073 0.050 0.052 0.060 0.067  B 133930
   3446.67009 12.024 11.969 11.896 11.869 11.885    0.034 0.028 0.027 0.032 0.036  A 134525
   3448.66391 12.049 11.895 11.814 11.805 11.833    0.101 0.051 0.047 0.053 0.058  D 134917
   3454.77800 12.049 11.943 11.890 11.841 11.829    0.041 0.035 0.038 0.046 0.053  A 135876
   3456.77476 11.981 11.880 11.820 11.815 11.837    0.042 0.032 0.036 0.044 0.050  A 136229
   3458.79062 12.004 11.865 11.786 11.762 11.804    0.066 0.034 0.036 0.044 0.050  B 136589
   3460.80472 12.096 11.919 11.881 11.896 11.946    0.034 0.032 0.034 0.042 0.047  A 136956
   3463.52729 12.086 11.974 11.930 11.913 11.927    0.037 0.033 0.034 0.039 0.044  A 137286
   3465.58283 12.041 11.949 11.881 11.857 11.864    0.031 0.027 0.026 0.031 0.035  A 137639
   3467.75211 12.044 12.018 11.932 11.890 11.886    0.033 0.030 0.029 0.034 0.040  A 137962
   3470.50887 12.156 12.014 11.988 11.987 12.020    0.053 0.033 0.029 0.034 0.039  A 138361
   3472.55667 12.151 11.996 11.951 11.956 11.990    0.034 0.032 0.030 0.033 0.037  A 138686
   3474.59797 12.092 12.047 11.981 11.960 11.968    0.032 0.029 0.028 0.032 0.035  A 139027
   3476.66310 12.098 12.044 11.967 11.944 11.997    0.038 0.032 0.035 0.043 0.049  A 139383
   3478.65105 12.134 12.018 11.953 11.949 11.971    0.032 0.028 0.030 0.035 0.039  A 139725
   3480.64631 12.102 11.922 11.876 11.868 11.857    0.055 0.037 0.036 0.042 0.046  A 140006
   3482.65372 12.045 11.970 11.947 11.967 11.975    0.037 0.031 0.033 0.039 0.044  A 140330
   3484.69168 12.116 12.007 11.994 12.052 12.103    0.049 0.046 0.053 0.065 0.075  B 140639
   3489.60293 12.044 11.977 11.910 11.907 11.923    0.030 0.026 0.027 0.032 0.037  A 140939
   3491.60979 12.070 11.985 11.919 11.905 11.925    0.043 0.036 0.036 0.043 0.048  A 141300
   3495.60640 12.058 11.907 11.889 11.913 11.930    0.044 0.030 0.028 0.033 0.037  A 141626
   3497.64559 12.114 11.932 11.890 11.888 11.914    0.051 0.034 0.032 0.036 0.041  A 141918
   3502.67124 12.118 12.030 11.894 11.900 11.911    0.073 0.043 0.039 0.043 0.047  B 142638
   3506.53021 12.123 11.989 11.946 11.962 12.044    0.046 0.044 0.042 0.046 0.051  A 143108
   3509.59618 12.106 12.032 11.973 11.936 11.931    0.039 0.032 0.028 0.033 0.037  A 143409
   3511.66126 12.043 11.997 11.936 11.907 11.923    0.033 0.030 0.030 0.036 0.041  A 143679
   3516.52408 12.132 12.128 12.073 12.062 12.158    0.067 0.074 0.090 0.111 0.132  D 144139
   3522.47851 12.056 12.007 11.954 11.962 12.004    0.042 0.041 0.046 0.055 0.062  A 144967
   3526.53750 12.078 12.000 11.908 11.886 11.929    0.065 0.039 0.036 0.041 0.045  B 145645
   3528.54356 12.078 11.999 11.916 11.900 11.897    0.074 0.041 0.037 0.041 0.044  B 145984
   3530.54043 12.095 12.019 11.957 11.932 11.938    0.051 0.033 0.032 0.036 0.040  A 146339
   3538.56130 12.097 12.027 11.975 11.975 11.994    0.031 0.027 0.028 0.033 0.036  A 146818
   3542.51738 12.104 12.033 12.007 12.010 12.042    0.039 0.035 0.038 0.046 0.053  A 147386
   3544.57367 12.165 11.995 11.974 11.976 11.973    0.033 0.031 0.033 0.040 0.045  A 147697
   3552.55489 12.118 12.015 11.984 11.993 12.035    0.056 0.057 0.066 0.082 0.096  D 148434
   3556.52292 12.135 12.012 11.980 11.980 11.992    0.035 0.028 0.028 0.032 0.037  A 149035
   3560.49255 12.157 12.024 11.989 11.983 11.992    0.039 0.034 0.033 0.037 0.041  A 149513
   3562.49398 12.160 12.042 11.956 11.923 11.949    0.060 0.034 0.034 0.041 0.045  A 149867
   3564.48793 12.092 11.984 11.955 11.966 12.002    0.034 0.027 0.027 0.031 0.035  A 150202
   3574.49171 12.104 11.924 11.860 11.818 11.814    0.034 0.028 0.028 0.033 0.038  A 151238
   3653.86867 12.155 12.033 11.994 11.958 11.959    0.075 0.050 0.048 0.055 0.062  B 161819
   3657.85926 12.506 12.300 12.224 12.202 12.212    0.035 0.031 0.032 0.038 0.043  A 162393
   3661.85906 12.135 12.010 11.973 11.975 11.982    0.042 0.038 0.039 0.048 0.055  A 163009
   3665.85288 12.195 12.072 12.020 12.009 12.026    0.052 0.039 0.039 0.046 0.052  A 163577
   3671.82935 12.034 11.967 11.888 11.860 11.856    0.047 0.036 0.033 0.038 0.043  A 164323
   3675.82093 12.295 12.200 12.125 12.112 12.115    0.038 0.030 0.029 0.034 0.038  A 164892
   3706.78161 12.141 12.033 11.960 11.917 11.898    0.049 0.038 0.037 0.043 0.049  A 168890
   3713.76622 12.194 12.126 12.061 12.047 12.045    0.047 0.035 0.034 0.041 0.046  A 169594
   3716.80536 12.181 12.078 12.054 12.070 12.109    0.041 0.033 0.033 0.040 0.045  A 170004
   3719.80594 12.167 12.057 12.030 12.052 12.085    0.048 0.038 0.040 0.049 0.057  A 170357
   3726.79291 12.174 12.111 12.053 12.047 12.053    0.038 0.033 0.035 0.044 0.050  A 171188
   3730.80372 12.185 12.103 12.084 12.089 12.103    0.041 0.041 0.044 0.051 0.058  A 171605
   3733.81525 12.153 12.087 12.064 12.068 12.090    0.039 0.031 0.028 0.033 0.037  A 171997
   3736.79043 12.175 12.056 12.050 12.064 12.060    0.037 0.031 0.030 0.035 0.039  A 172402
   3739.77266 12.183 12.051 11.999 11.993 12.006    0.045 0.033 0.032 0.037 0.041  A 172815
   3742.76734 12.124 12.005 12.002 12.025 12.074    0.043 0.033 0.033 0.039 0.043  A 173187
   3745.75068 12.170 12.050 12.021 12.026 12.047    0.041 0.033 0.033 0.039 0.044  A 173589
   3748.73886 12.114 12.014 11.983 11.951 11.966    0.055 0.040 0.041 0.048 0.054  A 173989
   3751.72661 12.101 12.054 12.010 12.016 12.066    0.040 0.036 0.041 0.052 0.060  A 174407
   3754.72528 12.125 12.031 11.998 12.032 12.056    0.042 0.036 0.038 0.046 0.053  A 174817
   3756.78992 12.184 12.050 11.982 11.946 11.957    0.040 0.035 0.039 0.047 0.055  A 175110
   3759.70438 12.176 12.092 12.029 11.999 12.006    0.049 0.038 0.038 0.044 0.051  A 175505
   3762.69296 12.336 12.247 12.169 12.150 12.172    0.055 0.043 0.043 0.048 0.052  A 175894
   3765.69470 12.060 11.974 11.917 11.901 11.888    0.050 0.037 0.036 0.042 0.048  A 176314
   3768.68180 12.150 12.026 11.975 11.929 11.950    0.048 0.038 0.038 0.044 0.049  A 176728
   3770.80205 12.116 12.051 11.983 11.988 12.001    0.047 0.042 0.044 0.053 0.059  A 177028
   3773.67574 12.077 12.026 11.945 11.941 11.985    0.042 0.036 0.038 0.047 0.054  A 177371
   3775.72542 12.075 11.950 11.911 11.895 11.899    0.044 0.035 0.036 0.045 0.051  A 177674
   3780.65749 11.957 11.936 11.877 11.832 11.822    0.048 0.038 0.039 0.047 0.053  A 178381
   3783.70763 12.112 11.989 11.930 11.906 11.953    0.040 0.037 0.041 0.051 0.059  A 178693
   3787.74029 12.061 11.952 11.884 11.861 11.863    0.038 0.033 0.035 0.043 0.048  A 178875
   3789.78922 12.108 11.954 11.892 11.866 11.873    0.035 0.030 0.033 0.041 0.047  A 179163
   3792.66039 12.054 11.964 11.915 11.911 11.905    0.045 0.037 0.037 0.043 0.048  A 179560
   3794.71235 12.204 12.114 12.106 12.115 12.125    0.048 0.038 0.038 0.043 0.048  A 179863
   3796.80320 12.196 12.037 11.987 11.988 12.025    0.036 0.027 0.029 0.034 0.038  A 180171
   3799.60947 12.185 12.105 12.061 12.056 12.048    0.057 0.050 0.053 0.062 0.071  B 180528
   3801.65443 12.114 12.012 11.965 11.958 11.953    0.038 0.033 0.033 0.039 0.045  A 180817
   3803.83147 12.201 12.146 12.107 12.115 12.094    0.041 0.040 0.047 0.059 0.067  B 181090
   3805.73094 12.154 12.050 11.991 11.994 12.035    0.040 0.035 0.034 0.041 0.047  A 181347
   3808.72222 12.098 11.985 11.914 11.870 11.808    0.038 0.036 0.039 0.048 0.055  A 181688
   3810.79088 12.153 12.024 11.993 11.989 12.041    0.067 0.046 0.043 0.051 0.056  B 182032
   3813.57504 12.145 12.005 11.968 11.942 11.939    0.062 0.042 0.040 0.046 0.052  B 182435
   3815.62323 12.215 12.056 11.968 11.948 11.939    0.042 0.037 0.040 0.049 0.057  A 182773
   3817.65141 12.108 12.012 11.979 11.977 11.976    0.053 0.036 0.034 0.040 0.045  A 183096
   3819.66765 12.163 11.988 11.922 11.924 11.963    0.054 0.040 0.038 0.044 0.049  A 183426
   3821.73523 12.048 11.989 11.927 11.917 11.963    0.069 0.043 0.041 0.046 0.051  B 183768
   3823.76973 12.206 12.176 12.092 12.047 12.004    0.073 0.046 0.047 0.056 0.064  B 184106
   3826.52882 12.152 12.067 11.962 11.868 11.751    0.035 0.030 0.032 0.038 0.044  A 184532
   3828.58073 12.173 12.050 12.043 12.038 12.043    0.050 0.036 0.034 0.039 0.043  A 184889
   3830.64269 12.198 12.019 11.970 11.974 11.968    0.050 0.040 0.042 0.050 0.057  A 185244
   3832.64522 12.132 12.041 12.031 12.069 12.095    0.044 0.037 0.039 0.047 0.054  A 185600
   3834.63874 12.203 12.074 12.036 12.038 12.062    0.054 0.039 0.036 0.042 0.047  A 185943
   3836.66323 12.128 12.005 11.986 11.986 12.031    0.045 0.038 0.042 0.051 0.058  A 186286
   3848.58824 12.124 12.010 11.988 12.033 12.119    0.047 0.046 0.052 0.063 0.073  B 186896
   3850.61960 12.106 12.044 11.971 11.949 11.959    0.030 0.027 0.028 0.033 0.037  A 187246
   3852.62157 12.079 11.971 11.923 11.925 11.954    0.041 0.036 0.035 0.039 0.043  A 187600
   3854.62587 12.068 12.013 11.941 11.914 11.904    0.044 0.033 0.033 0.039 0.043  A 187968
   3856.69191 12.116 11.982 11.915 11.898 11.906    0.042 0.032 0.031 0.036 0.041  A 188253
   3859.58108 11.994 11.901 11.827 11.819 11.878    0.082 0.074 0.077 0.088 0.101  D 188651
   3861.58161 12.184 12.154 12.070 12.028 12.017    0.037 0.030 0.029 0.034 0.038  A 188995
   3863.57941 12.160 12.017 11.956 11.939 11.995    0.034 0.033 0.037 0.045 0.051  A 189338
   3865.58670 12.122 12.002 11.940 11.921 11.912    0.037 0.030 0.033 0.038 0.043  A 189692
   3867.62916 12.041 11.961 11.922 11.931 11.998    0.039 0.033 0.037 0.046 0.051  A 190024
   3869.62683 12.105 12.000 11.957 11.961 12.028    0.044 0.038 0.042 0.051 0.059  A 190365
   3871.61908 12.160 12.071 12.034 12.047 12.087    0.036 0.028 0.030 0.037 0.041  A 190734
   3875.60740 12.217 12.084 12.030 12.029 12.056    0.045 0.030 0.030 0.035 0.039  A 191168
   3877.66231 12.185 12.069 12.034 12.039 12.048    0.038 0.028 0.028 0.033 0.038  A 191497
   3883.51811 12.170 12.070 12.058 12.068 12.039    0.042 0.031 0.030 0.035 0.039  A 192220
   3887.51768 12.159 12.060 11.996 11.983 11.984    0.033 0.031 0.034 0.040 0.046  A 192616
   3889.52726 12.168 12.033 12.028 12.064 12.092    0.038 0.036 0.035 0.040 0.045  A 192952
   3891.52807 12.135 11.991 11.937 11.929 11.969    0.034 0.028 0.028 0.033 0.037  A 193316
   3893.55641 12.072 11.953 11.905 11.904 11.937    0.033 0.030 0.032 0.038 0.044  A 193681
   3897.52685 12.086 11.980 11.906 11.908 11.926    0.041 0.034 0.038 0.045 0.052  A 194167
   3899.56025 12.079 11.936 11.877 11.869 11.909    0.038 0.039 0.044 0.053 0.061  A 194492
   3901.57938 12.143 11.954 11.913 11.922 11.939    0.037 0.030 0.032 0.037 0.042  A 194824
   3903.60224 12.150 11.990 11.953 11.950 11.953    0.035 0.027 0.028 0.033 0.038  A 195209
   3906.47874 12.114 12.058 12.024 12.004 12.016    0.040 0.030 0.031 0.036 0.040  A 195736
   3908.49925 12.154 12.067 12.038 12.043 12.065    0.043 0.032 0.029 0.035 0.039  A 196131
   4090.77444 12.151 12.104 12.034 12.057 12.140    0.077 0.051 0.052 0.059 0.067  B 209298
   4103.81518 12.004 11.854 11.811 11.796 11.812    0.040 0.033 0.034 0.041 0.047  A 210653
   4106.75929 11.973 11.954 11.920 11.923 11.974    0.051 0.040 0.043 0.052 0.060  A 211002
   4109.81569 12.101 11.933 11.910 11.898 11.919    0.036 0.032 0.033 0.039 0.045  A 211304
   4125.71424 12.123 12.044 11.968 11.947 11.954    0.043 0.034 0.031 0.035 0.039  A 211563
   4127.76719 12.136 12.051 11.975 11.967 11.993    0.039 0.032 0.029 0.033 0.037  A 211845
   4129.75975 12.203 12.072 12.016 12.012 12.040    0.037 0.032 0.032 0.035 0.038  A 212106
   4131.82738 12.045 11.950 11.913 11.931 11.932    0.040 0.032 0.033 0.038 0.042  A 212381
   4134.69305 12.097 11.948 11.895 11.871 11.856    0.042 0.033 0.034 0.042 0.047  A 212747
   4136.74450 12.201 12.000 11.959 11.997 12.046    0.045 0.036 0.040 0.048 0.055  A 213019
   4145.66731 12.012 11.922 11.856 11.837 11.852    0.043 0.033 0.034 0.039 0.044  A 214273
   4147.71801 12.044 11.944 11.931 11.945 11.964    0.033 0.031 0.030 0.035 0.039  A 214593
   4150.81592 12.063 11.899 11.851 11.824 11.786    0.059 0.038 0.039 0.044 0.049  A 214876
   4153.62838 12.022 11.942 11.882 11.876 11.874    0.038 0.029 0.029 0.034 0.038  A 215273
   4155.68347 12.089 11.991 11.928 11.897 11.914    0.051 0.035 0.035 0.040 0.044  A 215582
   4157.74579 12.124 12.020 11.913 11.897 11.905    0.043 0.032 0.034 0.041 0.046  A 215874
   4159.74641 12.158 11.998 11.979 12.000 12.054    0.041 0.031 0.031 0.037 0.041  A 216183
   4161.71579 12.179 12.038 11.964 11.959 11.968    0.037 0.030 0.032 0.038 0.042  A 216491
   4163.71957 12.023 11.997 11.942 11.933 11.953    0.064 0.038 0.039 0.046 0.052  B 216786
   4165.75683 12.153 12.017 11.957 11.952 11.955    0.042 0.032 0.035 0.041 0.046  A 217080
   4168.76317 12.073 11.919 11.849 11.795 11.793    0.038 0.032 0.031 0.038 0.043  A 217485
   4173.73385 12.080 11.959 11.926 11.923 11.928    0.043 0.034 0.034 0.038 0.043  A 218103
   4175.79394 12.115 12.008 11.999 12.025 12.107    0.045 0.041 0.043 0.051 0.059  A 218432
   4178.74814 12.185 12.050 11.961 11.845 11.765    0.085 0.066 0.072 0.086 0.099  D 218728
   4180.77424 12.160 12.044 11.989 11.970 11.954    0.050 0.046 0.047 0.056 0.064  A 219033
   4183.55648 12.159 11.993 11.953 11.934 11.957    0.064 0.041 0.037 0.040 0.046  B 219380
   4185.61005 12.373 12.181 12.097 12.081 12.074    0.042 0.033 0.032 0.039 0.044  A 219682
   4188.71935 12.162 12.109 12.061 12.038 12.057    0.038 0.032 0.030 0.035 0.040  A 219963
   4190.72683 12.145 12.051 12.012 12.004 12.003    0.036 0.032 0.032 0.039 0.045  A 220268
   4192.71545 12.166 12.046 12.020 12.014 11.993    0.040 0.035 0.034 0.042 0.047  A 220588
   4194.74951 12.135 12.007 11.984 12.000 12.043    0.045 0.038 0.037 0.044 0.050  A 220914
   4197.74419 12.194 12.032 11.991 11.969 11.946    0.040 0.036 0.039 0.047 0.055  A 221236
   4200.66298 12.126 12.096 12.036 12.016 12.018    0.036 0.031 0.030 0.035 0.040  A 221495
   4203.66729 99.999 99.999 99.999 99.999 99.999    0.033 0.030 0.029 0.033 0.037  C 221792
   4205.67468 12.169 12.048 11.985 11.984 12.010    0.039 0.035 0.036 0.042 0.048  A 222123
   4208.73934 12.072 11.924 11.858 11.848 11.830    0.045 0.039 0.043 0.052 0.060  A 222369
   4213.66685 12.094 11.945 11.901 11.894 11.933    0.039 0.037 0.040 0.049 0.055  A 222596
   4216.65821 12.064 11.958 11.922 11.928 11.942    0.043 0.033 0.030 0.035 0.040  A 222875
   4227.54130 12.123 12.013 11.975 11.954 11.999    0.037 0.034 0.031 0.036 0.040  A 223124
   4229.55921 12.197 12.082 12.069 12.094 12.083    0.034 0.029 0.028 0.033 0.039  A 223487
   4231.56825 12.108 12.035 11.990 11.989 12.061    0.040 0.034 0.034 0.041 0.047  A 223848
   4233.56815 29.999 29.999 29.999 29.999 29.999    0.037 0.030 0.026 0.031 0.034  C 224194
   4235.56957 12.133 12.021 11.989 11.993 12.025    0.034 0.029 0.028 0.033 0.037  A 224562
   4237.59450 12.167 12.179 12.112 12.087 12.082    0.046 0.043 0.044 0.053 0.061  A 224863
   4246.54480 12.189 12.112 12.081 12.064 12.085    0.033 0.031 0.028 0.033 0.037  A 226188
   4247.61875 12.133 12.097 12.117 12.174 12.265    0.060 0.048 0.041 0.047 0.053  A 226398
   4253.54794 12.117 12.078 12.013 11.985 12.000    0.042 0.037 0.033 0.038 0.043  A 226817
   4255.61373 12.157 12.077 12.010 11.977 11.976    0.032 0.032 0.031 0.036 0.042  A 227066
   4257.60474 12.061 11.969 11.914 11.903 11.927    0.044 0.043 0.046 0.056 0.065  A 227409
   4267.58885 12.059 12.026 12.007 12.019 12.064    0.054 0.042 0.036 0.043 0.048  A 227834
   4270.51940 12.254 12.163 12.115 12.087 12.090    0.053 0.060 0.073 0.093 0.112  D 228239
   4274.50622 12.063 12.045 12.009 12.008 12.012    0.039 0.034 0.031 0.035 0.039  A 228645
   4277.53275 12.078 11.962 11.926 11.921 11.932    0.040 0.036 0.032 0.037 0.042  A 228968
   4281.53580 12.050 11.964 11.942 11.947 11.966    0.055 0.042 0.041 0.048 0.054  A 229295
   4284.50986 12.158 11.990 11.918 11.918 11.901    0.035 0.030 0.030 0.035 0.039  A 229761
   4286.50366 99.999 99.999 99.999 99.999 99.999    0.042 0.035 0.034 0.040 0.046  C 230124
   4291.48271 12.064 12.018 12.000 11.985 11.976    0.042 0.037 0.031 0.034 0.038  A 230631
   4293.49499 12.175 12.057 12.008 11.997 12.020    0.036 0.032 0.028 0.033 0.037  A 231001
   4295.49533 12.165 12.030 12.015 12.013 12.062    0.038 0.031 0.028 0.033 0.038  A 231343
   4297.50001 12.162 12.070 12.034 12.047 12.083    0.041 0.034 0.038 0.047 0.055  A 231695
   4299.48986 12.182 12.111 12.068 12.060 12.075    0.037 0.031 0.031 0.037 0.041  A 232066
   4301.49321 12.570 12.489 12.379 12.373 12.419    0.047 0.036 0.040 0.048 0.055  A 232420
   4305.49800 12.133 12.092 12.041 12.042 12.086    0.039 0.035 0.032 0.037 0.043  A 233095
   4312.47522 12.193 12.185 99.999 99.999 99.999    0.052 0.051 0.060 0.075 0.088  D 234168
   4373.89493 12.101 12.016 11.978 11.996 12.039    0.062 0.043 0.044 0.051 0.058  B 241854
   4378.88163 11.984 11.918 11.867 11.866 11.919    0.054 0.049 0.054 0.066 0.077  B 242502
   4383.87445 12.043 11.926 11.907 11.923 11.953    0.048 0.042 0.036 0.041 0.047  A 243253
   4387.86443 11.852 11.798 11.754 11.787 11.811    0.069 0.068 0.072 0.085 0.100  D 243887
   4391.85470 12.113 11.994 11.988 12.028 12.183    0.055 0.052 0.057 0.068 0.080  B 244454
   4406.85972 12.093 12.054 12.038 12.049 12.075    0.054 0.053 0.057 0.068 0.078  B 245503
   4410.82504 12.108 12.070 12.009 11.991 11.989    0.039 0.034 0.034 0.040 0.046  A 246031
   4422.82583 12.191 12.184 12.142 12.112 12.070    0.057 0.044 0.046 0.056 0.063  A 246709
   4427.82366 12.149 12.056 12.035 12.069 12.094    0.049 0.037 0.037 0.045 0.052  A 247117
   4430.81996 12.112 12.027 12.041 12.094 12.163    0.043 0.038 0.039 0.047 0.054  A 247472
   4437.81032 12.046 12.015 11.959 11.947 11.960    0.042 0.037 0.038 0.045 0.051  A 248338
   4440.81654 12.058 11.939 11.936 11.957 11.992    0.036 0.033 0.033 0.039 0.044  A 248721
   4448.76741 12.169 12.068 12.037 12.066 12.121    0.041 0.033 0.031 0.035 0.040  A 249552
   4454.81430 12.115 12.053 12.028 12.043 12.143    0.047 0.042 0.044 0.053 0.061  A 250295
   4457.79599 12.091 12.013 11.947 11.933 11.944    0.044 0.037 0.036 0.044 0.050  A 250612
   4460.78652 12.130 12.046 12.021 12.042 12.057    0.045 0.041 0.042 0.049 0.056  A 250951
   4463.77280 12.107 12.030 11.978 11.965 11.992    0.038 0.033 0.031 0.037 0.043  A 251352
   4466.77480 29.999 29.999 29.999 29.999 29.999    0.044 0.035 0.036 0.043 0.049  C 251688
   4469.77104 12.154 11.988 11.952 11.955 12.003    0.043 0.037 0.037 0.043 0.049  A 252023
   4472.81877 12.126 12.024 11.979 11.974 11.996    0.058 0.056 0.063 0.079 0.092  D 252285
   4476.76965 12.282 12.196 12.160 12.183 12.120    0.059 0.055 0.061 0.073 0.085  D 252687
   4479.74571 12.171 12.027 11.990 12.004 12.010    0.047 0.035 0.036 0.044 0.050  A 253053
   4482.77638 12.239 12.151 12.063 12.015 12.034    0.048 0.043 0.046 0.056 0.064  A 253363
   4485.80051 12.193 12.098 12.076 12.083 12.119    0.037 0.032 0.032 0.038 0.044  A 253645
   4488.71432 12.055 11.987 11.900 11.868 11.893    0.046 0.041 0.043 0.052 0.060  A 253968
   4492.81280 12.147 12.069 12.045 12.059 12.120    0.038 0.032 0.031 0.036 0.040  A 254460
   4498.77528 12.213 12.113 12.093 12.104 12.154    0.036 0.033 0.031 0.035 0.039  A 254949
   4501.68252 12.106 12.002 11.943 11.900 11.898    0.041 0.034 0.033 0.038 0.043  A 255299
   4503.77933 12.131 12.078 12.028 12.039 12.098    0.047 0.041 0.042 0.048 0.054  A 255611
   4506.66792 29.999 29.999 29.999 29.999 29.999    0.040 0.035 0.036 0.043 0.048  C 256003
   4508.74503 12.149 12.023 11.986 11.971 11.984    0.035 0.035 0.035 0.040 0.045  A 256313
   4511.64446 29.999 29.999 29.999 29.999 29.999    0.048 0.036 0.035 0.040 0.045  C 256686
   4516.73095 12.102 12.020 11.966 11.983 12.049    0.046 0.050 0.058 0.071 0.082  B 257152
   4518.76539 12.104 11.975 11.942 11.953 11.953    0.040 0.039 0.042 0.051 0.060  A 257455
   4520.81135 12.072 11.983 11.942 11.943 11.949    0.039 0.037 0.039 0.046 0.054  A 257764
   4523.62163 12.126 12.054 12.002 12.013 12.053    0.041 0.038 0.039 0.047 0.055  A 258146
   4525.67936 12.120 12.092 12.049 12.037 12.046    0.037 0.038 0.039 0.046 0.051  A 258450
   4527.69848 12.218 12.093 12.036 11.992 12.007    0.037 0.031 0.029 0.034 0.038  A 258752
   4529.76825 12.222 12.107 12.043 12.030 12.052    0.036 0.031 0.028 0.033 0.037  A 259078
   4532.61889 12.205 12.081 12.025 11.994 12.018    0.037 0.033 0.033 0.039 0.045  A 259480
   4535.70355 12.212 12.144 12.113 12.120 12.150    0.037 0.034 0.033 0.039 0.044  A 259792
   4537.72822 12.162 12.098 12.066 12.061 12.067    0.034 0.030 0.027 0.032 0.037  A 260111
   4539.72781 12.147 11.996 11.951 11.949 11.974    0.045 0.044 0.050 0.061 0.071  B 260402
   4541.72855 12.205 12.089 12.043 12.053 12.085    0.039 0.029 0.028 0.033 0.037  A 260699
   4543.74126 12.242 12.144 12.134 12.144 12.157    0.054 0.039 0.038 0.046 0.052  A 261015
   4545.71915 12.186 12.093 12.045 12.010 12.035    0.050 0.046 0.052 0.065 0.074  B 261299
   4547.74459 12.260 12.217 12.110 12.097 12.130    0.074 0.051 0.050 0.058 0.066  B 261642
   4554.72652 12.105 12.057 12.020 12.020 12.014    0.047 0.043 0.044 0.051 0.058  A 262569
   4559.57269 12.105 11.978 11.930 11.932 11.977    0.038 0.034 0.034 0.041 0.046  A 263335
   4561.63439 12.057 11.952 11.880 11.881 11.920    0.035 0.031 0.029 0.034 0.039  A 263694
   4563.66327 12.095 12.062 12.011 12.001 12.014    0.034 0.030 0.029 0.034 0.039  A 264033
   4565.72001 12.102 11.938 11.924 11.941 11.972    0.064 0.042 0.038 0.042 0.046  B 264387
   4567.75119 12.166 12.024 11.984 11.956 11.952    0.043 0.038 0.037 0.042 0.046  A 264731
   4569.71083 12.136 12.028 11.981 11.969 11.982    0.053 0.041 0.038 0.043 0.049  A 265022
   4571.71155 12.141 12.106 12.062 12.081 12.137    0.042 0.035 0.032 0.037 0.042  A 265360
   4573.70719 12.084 12.026 11.958 11.953 11.985    0.049 0.041 0.045 0.054 0.063  A 265704
   4575.71589 12.028 11.923 11.857 11.847 11.847    0.041 0.037 0.038 0.045 0.050  A 266023
#ndata= 4
#dataset= 3 ; 1 F0936-56_072
#desig= 094238-6334.1
#cra=    9.710421  09:42:37.5
#cdec= -63.568161 -63:34:05.4
#class= 0
#cmag_0= 12.117
#cmer_0=  0.093
#nskip_0= 0
#cmag_1= 11.991
#cmer_1=  0.081
#nskip_1= 0
#cmag_2= 11.932
#cmer_2=  0.077
#nskip_2= 0
#cmag_3= 11.929
#cmer_3=  0.078
#nskip_3= 0
#cmag_4= 11.948
#cmer_4=  0.082
#nskip_4= 0
#ra=    9.710421  09:42:37.5
#dec= -63.568161 -63:34:05.4
#     HJD      MAG_1  MAG_0  MAG_2  MAG_3  MAG_4    MER_1 MER_0 MER_2 MER_3 MER_4 GRADE FRAME
   1880.75543 12.035 12.154 11.971 11.972 12.005    0.037 0.060 0.036 0.042 0.048  A 2007
   3367.72986 12.073 12.109 12.096 12.170 12.228    0.059 0.063 0.066 0.081 0.095  D 125285
   3449.77192 11.936 12.103 99.999 99.999 99.999    0.052 0.084 0.051 0.058 0.064  C 135115
   3452.61952 11.943 12.012 11.884 11.872 11.865    0.038 0.050 0.038 0.045 0.049  A 135483
#ndata= 1
#dataset= 4 ; 1 F1024-56_073
#desig= 094237-6334.0
#cra=    9.710224  09:42:36.8
#cdec= -63.565973 -63:33:57.5
#class= 0
#cmag_0= 12.111
#cmer_0=  0.000
#nskip_0= 0
#cmag_1= 11.970
#cmer_1=  0.000
#nskip_1= 0
#cmag_2= 11.990
#cmer_2=  0.000
#nskip_2= 0
#cmag_3= 11.997
#cmer_3=  0.000
#nskip_3= 0
#cmag_4= 11.976
#cmer_4=  0.000
#nskip_4= 0
#ra=    9.710224  09:42:36.8
#dec= -63.565973 -63:33:57.5
#     HJD      MAG_0  MAG_1  MAG_2  MAG_3  MAG_4    MER_0 MER_1 MER_2 MER_3 MER_4 GRADE FRAME
   3372.84567 12.111 11.971 11.991 11.997 11.977    0.062 0.047 0.047 0.056 0.061  A 125335
