#ndata= 37
#dataset= 1 ; 1 F0800-40_134
#desig= 080052-3509.0
#cra=    8.014580  08:00:52.5
#cdec= -35.149641 -35:08:58.7
#class= 0
#cmag_0= 11.479
#cmer_0=  0.058
#nskip_0= 0
#cmag_1= 11.498
#cmer_1=  0.049
#nskip_1= 0
#cmag_2= 11.485
#cmer_2=  0.052
#nskip_2= 0
#cmag_3= 11.489
#cmer_3=  0.057
#nskip_3= 0
#cmag_4= 11.499
#cmer_4=  0.062
#nskip_4= 0
#ra=    8.014580  08:00:52.5
#dec= -35.149641 -35:08:58.7
#     HJD      MAG_1  MAG_0  MAG_2  MAG_3  MAG_4    MER_1 MER_0 MER_2 MER_3 MER_4 GRADE FRAME
   1928.67635 11.524 11.511 11.508 11.508 11.513    0.025 0.029 0.021 0.025 0.028  A 6787
   1929.67374 11.485 11.505 11.466 11.448 11.441    0.027 0.032 0.023 0.026 0.030  A 6941
   1958.59901 11.563 11.559 11.563 11.576 11.589    0.039 0.045 0.031 0.034 0.034  A 10185
   1959.61784 11.467 11.487 11.488 11.468 11.487    0.041 0.046 0.033 0.038 0.037  A 10393
   1967.58569 11.438 11.399 11.428 11.439 11.445    0.043 0.050 0.035 0.036 0.036  A 11506
   2135.92938 11.474 11.368 11.456 11.447 11.420    0.043 0.065 0.039 0.044 0.049  A 29555
   2144.92592 11.477 11.482 11.483 11.515 11.538    0.038 0.063 0.040 0.045 0.047  A 31128
   3036.76855 11.481 11.446 11.444 11.427 11.447    0.025 0.024 0.023 0.027 0.031  A 89404
   3082.66176 11.451 11.375 11.448 11.476 11.485    0.027 0.028 0.026 0.030 0.034  A 95162
   3092.65561 11.392 11.421 11.391 11.385 11.392    0.026 0.026 0.025 0.029 0.034  A 96383
   3096.64204 11.380 11.371 11.356 11.349 11.363    0.026 0.028 0.026 0.032 0.036  A 96655
   3098.65697 11.402 11.337 11.372 11.350 11.355    0.031 0.029 0.032 0.040 0.047  A 96976
   3853.64253 11.482 11.466 11.484 11.501 11.531    0.039 0.053 0.036 0.040 0.045  A 187788
   3853.64493 11.511 11.483 11.497 11.501 11.505    0.033 0.038 0.033 0.038 0.043  A 187789
   3853.64741 11.496 11.465 11.493 11.511 11.543    0.034 0.039 0.034 0.039 0.043  A 187790
   3853.64994 11.523 11.507 11.510 11.496 11.501    0.032 0.044 0.033 0.039 0.042  A 187791
   3853.65492 11.501 11.504 11.478 11.484 11.504    0.035 0.042 0.035 0.040 0.044  A 187793
   3853.65745 11.539 11.511 11.543 11.539 11.557    0.036 0.043 0.037 0.041 0.045  A 187794
   3853.65995 11.529 11.539 11.522 11.527 11.562    0.057 0.061 0.059 0.063 0.066  D 187795
   3853.66245 11.477 11.462 11.464 11.477 11.527    0.067 0.072 0.068 0.073 0.076  D 187796
   3854.46790 11.485 11.499 11.480 11.489 11.513    0.049 0.081 0.047 0.052 0.057  B 187911
   3854.49660 11.492 11.445 11.500 11.522 11.517    0.037 0.047 0.039 0.044 0.048  A 187921
   3854.52277 11.488 11.500 11.487 11.490 11.495    0.039 0.051 0.038 0.042 0.046  A 187931
   3854.54913 11.460 11.412 11.467 11.465 11.474    0.040 0.053 0.040 0.044 0.048  A 187941
   3854.57730 11.494 11.467 11.493 11.491 11.517    0.043 0.059 0.042 0.046 0.049  A 187951
   3854.60579 11.479 11.499 11.470 11.458 11.471    0.037 0.041 0.037 0.042 0.046  A 187961
   3854.63311 11.513 11.490 11.534 11.562 11.594    0.051 0.056 0.055 0.063 0.070  B 187971
   3855.56100 11.507 11.525 11.490 11.480 11.466    0.045 0.063 0.044 0.048 0.052  A 188074
   3855.59027 11.557 11.499 11.559 11.573 11.574    0.041 0.048 0.041 0.048 0.053  A 188084
   3855.62118 11.492 11.512 11.479 11.494 11.503    0.064 0.069 0.073 0.088 0.100  D 188094
   3856.49773 11.550 11.548 11.535 11.534 11.543    0.044 0.068 0.043 0.048 0.052  A 188187
   3856.52592 11.560 11.532 11.561 11.559 11.567    0.052 0.065 0.052 0.058 0.062  B 188197
   3856.55372 11.517 11.426 11.496 11.487 11.492    0.050 0.071 0.047 0.052 0.055  A 188207
   3856.58098 11.517 11.483 11.519 11.515 11.527    0.041 0.055 0.040 0.044 0.048  A 188217
   3856.61028 11.521 11.486 11.520 11.525 11.516    0.038 0.050 0.039 0.044 0.048  A 188227
   3856.64070 11.577 11.585 11.580 11.580 11.597    0.042 0.065 0.041 0.047 0.051  A 188237
   3857.54592 11.572 11.595 11.567 11.583 11.616    0.053 0.059 0.057 0.068 0.077  D 188340
#ndata= 535
#dataset= 2 ; 1 F0748-32_171
#desig= 080052-3509.0
#cra=    8.014519  08:00:52.3
#cdec= -35.150670 -35:09:02.4
#class= 0
#cmag_0= 11.440
#cmer_0=  0.061
#nskip_0= 55
#cmag_1= 11.443
#cmer_1=  0.058
#nskip_1= 54
#cmag_2= 11.447
#cmer_2=  0.055
#nskip_2= 54
#cmag_3= 11.451
#cmer_3=  0.060
#nskip_3= 55
#cmag_4= 11.460
#cmer_4=  0.065
#nskip_4= 55
#ra=    8.014519  08:00:52.3
#dec= -35.150670 -35:09:02.4
#     HJD      MAG_1  MAG_0  MAG_2  MAG_3  MAG_4    MER_1 MER_0 MER_2 MER_3 MER_4 GRADE FRAME
   1868.78915 11.441 11.456 11.439 11.443 11.460    0.028 0.051 0.027 0.032 0.036  A 146
   1869.78652 11.387 11.316 11.398 11.399 11.409    0.029 0.055 0.028 0.032 0.037  A 308
   1871.74405 11.427 11.356 11.453 11.459 11.450    0.032 0.061 0.030 0.035 0.039  A 567
   1872.82830 11.406 11.435 11.414 11.422 11.415    0.028 0.046 0.026 0.030 0.034  A 764
   1874.73348 11.342 11.395 11.333 11.336 11.337    0.034 0.069 0.031 0.035 0.039  A 1047
   1875.85206 11.431 11.360 11.433 11.426 11.436    0.029 0.052 0.028 0.033 0.037  A 1259
   1877.72370 11.524 11.570 11.531 11.525 11.524    0.029 0.042 0.026 0.031 0.035  A 1523
   1878.81655 11.365 11.407 11.372 11.381 11.385    0.029 0.039 0.025 0.030 0.034  A 1722
   1880.70333 11.417 11.400 11.421 11.426 11.420    0.033 0.056 0.030 0.035 0.040  A 1984
   1881.76612 11.427 11.341 11.441 11.445 11.465    0.027 0.038 0.024 0.029 0.034  A 2170
   1884.75236 11.463 11.431 11.479 11.505 11.517    0.025 0.033 0.023 0.028 0.032  A 2312
   1886.78139 12.247 12.237 12.227 12.223 12.244    0.028 0.036 0.024 0.028 0.033  A 2645
   1887.75570 11.403 11.402 11.398 11.403 11.410    0.028 0.039 0.026 0.031 0.035  A 2793
   1888.75291 11.530 11.527 11.544 11.570 11.593    0.026 0.038 0.027 0.032 0.036  A 2952
   1889.77006 11.440 11.387 11.457 11.456 11.462    0.031 0.040 0.029 0.034 0.040  A 3121
   1899.71938 12.782 12.714 12.782 12.790 12.791    0.028 0.038 0.026 0.031 0.034  A 3229
   1900.72639 11.458 11.424 11.439 11.433 11.429    0.027 0.032 0.022 0.027 0.031  A 3389
   1902.70865 11.440 11.489 11.454 11.463 11.467    0.027 0.036 0.024 0.028 0.033  A 3539
   1903.73649 11.433 11.421 11.440 11.435 11.434    0.026 0.037 0.024 0.029 0.033  A 3709
   1904.71313 11.431 11.404 11.431 11.432 11.433    0.026 0.041 0.025 0.029 0.034  A 3860
   1905.71283 11.436 11.389 11.437 11.445 11.444    0.028 0.043 0.026 0.031 0.035  A 4022
   1906.70373 11.412 11.435 11.408 11.397 11.413    0.029 0.041 0.027 0.031 0.035  A 4180
   1907.70854 11.377 11.323 11.377 11.375 11.367    0.029 0.038 0.025 0.029 0.033  A 4342
   1908.70536 11.414 11.388 11.409 11.399 11.412    0.026 0.032 0.023 0.027 0.031  A 4502
   1913.68437 11.373 11.412 11.405 11.422 11.448    0.023 0.026 0.022 0.027 0.030  A 4627
   1914.69378 11.427 11.424 11.435 11.439 11.456    0.027 0.033 0.024 0.029 0.033  A 4793
   1915.69791 11.381 11.388 11.385 11.398 11.413    0.026 0.033 0.024 0.028 0.033  A 4953
   1918.67266 11.440 11.410 11.412 11.382 11.387    0.030 0.038 0.028 0.033 0.037  A 5157
   1919.70291 11.475 11.469 11.447 11.440 11.447    0.030 0.034 0.027 0.032 0.037  A 5330
   1920.68360 11.424 11.438 11.407 11.394 11.396    0.029 0.032 0.026 0.031 0.035  A 5482
   1921.67910 11.540 11.586 11.545 11.559 11.562    0.031 0.035 0.026 0.030 0.035  A 5639
   1922.67919 11.470 11.486 11.499 11.507 11.504    0.030 0.034 0.024 0.028 0.032  A 5789
   1923.67382 11.552 11.533 11.583 11.613 11.622    0.047 0.050 0.047 0.051 0.056  A 5953
   1924.66892 11.506 11.458 11.504 11.496 11.518    0.032 0.039 0.031 0.037 0.042  A 6120
   1925.67195 12.558 12.563 12.604 12.649 12.658    0.028 0.034 0.025 0.029 0.033  A 6290
   1926.67067 11.463 11.474 11.470 11.480 11.478    0.026 0.030 0.022 0.026 0.030  A 6459
   1928.67021 11.502 11.506 11.521 11.525 11.542    0.028 0.034 0.024 0.027 0.031  A 6784
   1929.66303 11.508 11.545 11.510 11.512 11.524    0.027 0.032 0.023 0.027 0.031  A 6936
   1930.66562 11.544 11.556 11.568 11.573 11.576    0.029 0.034 0.024 0.027 0.031  A 7104
   1931.65622 11.615 11.603 11.576 11.548 11.548    0.035 0.039 0.030 0.034 0.039  A 7269
   1932.65329 11.555 11.504 11.531 11.525 11.521    0.030 0.035 0.023 0.027 0.031  A 7432
   1933.65267 11.514 11.529 11.532 11.549 11.564    0.033 0.036 0.025 0.027 0.031  A 7597
   1934.65056 11.928 11.926 11.941 11.940 11.902    0.028 0.031 0.023 0.026 0.030  A 7758
   1935.59705 11.472 11.420 11.459 11.442 11.437    0.026 0.031 0.022 0.026 0.029  A 7890
   1937.63480 11.462 11.447 11.484 11.485 11.498    0.030 0.033 0.023 0.027 0.030  A 8140
   1938.65187 11.951 11.897 11.983 11.999 11.987    0.032 0.036 0.024 0.028 0.031  A 8264
   1939.69798 11.468 11.497 11.475 11.469 11.466    0.033 0.037 0.025 0.028 0.031  A 8402
   1941.60968 11.453 11.490 11.456 11.458 11.470    0.032 0.037 0.024 0.027 0.031  A 8604
   1945.63344 11.428 11.450 11.450 11.449 11.466    0.033 0.036 0.026 0.029 0.034  A 8678
   1946.63689 11.378 11.399 11.377 11.359 11.385    0.033 0.037 0.028 0.032 0.036  A 8798
   1947.64637 12.312 12.309 12.318 12.347 12.361    0.030 0.036 0.027 0.032 0.038  A 8924
   1949.60652 11.515 11.503 11.519 11.529 11.535    0.030 0.036 0.027 0.032 0.036  A 9176
   1950.60705 11.460 11.487 11.490 11.491 11.516    0.031 0.036 0.026 0.030 0.034  A 9351
   1952.60676 11.462 11.502 11.472 11.482 11.505    0.034 0.039 0.027 0.031 0.035  A 9572
   1953.61144 11.464 11.494 11.473 11.479 11.493    0.040 0.046 0.030 0.033 0.035  A 9659
   1954.61256 11.473 11.491 11.465 11.472 11.484    0.045 0.055 0.035 0.039 0.041  A 9840
   1955.60667 11.471 11.459 11.479 11.488 11.483    0.044 0.051 0.034 0.038 0.038  A 10014
   1958.59042 11.483 11.448 11.497 11.488 11.505    0.042 0.051 0.034 0.037 0.038  A 10181
   1959.60692 11.393 11.399 11.399 11.416 11.459    0.045 0.052 0.035 0.038 0.038  A 10388
   1961.59403 11.427 11.455 11.439 11.423 11.439    0.044 0.052 0.033 0.037 0.037  A 10459
   1963.57717 11.423 11.402 11.421 11.427 11.423    0.047 0.057 0.038 0.041 0.041  A 10785
   1964.58486 11.413 11.369 11.434 11.455 11.465    0.044 0.052 0.034 0.037 0.038  A 10967
   1965.58252 11.450 11.440 11.451 11.439 11.430    0.044 0.052 0.034 0.038 0.037  A 11152
   1966.58439 11.447 11.385 11.450 11.448 11.442    0.049 0.059 0.039 0.042 0.040  A 11339
   1967.57878 11.459 11.458 11.447 11.452 11.466    0.048 0.058 0.038 0.042 0.040  A 11503
   1968.57635 11.393 11.391 11.407 11.405 11.423    0.051 0.061 0.041 0.043 0.042  A 11678
   1977.71941 11.629 11.577 11.625 11.639 11.659    0.061 0.072 0.052 0.058 0.060  B 11988
   1979.56148 11.448 11.406 11.451 11.464 11.458    0.063 0.075 0.050 0.054 0.053  B 12195
   2026.49371 11.450 11.436 11.462 11.475 11.502    0.024 0.030 0.024 0.028 0.032  A 17346
   2031.48365 11.393 11.415 11.392 11.391 11.391    0.029 0.045 0.028 0.033 0.037  A 17957
   2033.50895 11.390 11.400 11.403 11.419 11.433    0.027 0.039 0.026 0.031 0.036  A 18401
   2054.46006 11.488 11.548 11.491 11.508 11.536    0.051 0.082 0.052 0.061 0.070  B 20178
   2070.45110 11.377 11.444 11.364 11.354 11.360    0.028 0.045 0.028 0.034 0.037  A 22448
   2131.92940 11.395 11.461 11.383 11.387 11.389    0.035 0.063 0.034 0.040 0.044  A 28700
   2134.93096 11.385 11.350 11.401 11.414 11.416    0.037 0.060 0.035 0.041 0.046  A 29343
   2136.93094 11.370 11.391 11.371 11.380 11.398    0.036 0.057 0.035 0.041 0.047  A 29770
   2167.86731 11.453 11.435 11.456 11.455 11.459    0.036 0.054 0.032 0.037 0.041  A 32199
   2171.87970 11.478 11.509 11.455 11.445 11.458    0.041 0.055 0.036 0.041 0.047  A 32708
   2173.86135 11.567 11.562 11.576 11.601 11.612    0.037 0.054 0.032 0.036 0.040  A 33079
   2183.86477 11.473 11.475 11.471 11.486 11.473    0.039 0.053 0.034 0.038 0.042  A 33989
   2185.83007 11.521 11.461 11.480 11.460 11.456    0.042 0.048 0.034 0.038 0.043  A 34352
   2189.86521 11.463 11.464 11.453 11.447 11.455    0.042 0.054 0.034 0.037 0.039  A 34858
   2191.82516 11.438 11.481 11.448 11.448 11.454    0.037 0.052 0.032 0.036 0.041  A 35197
   2193.82792 11.447 11.415 11.470 11.470 11.473    0.039 0.054 0.033 0.037 0.042  A 35554
   2196.81574 11.343 11.334 11.299 11.295 11.279    0.076 0.080 0.085 0.102 0.119  D 36038
   2198.80420 11.458 11.468 11.476 11.488 11.485    0.036 0.051 0.031 0.035 0.039  A 36389
   2200.81450 11.441 11.478 11.457 11.465 11.469    0.038 0.052 0.032 0.035 0.039  A 36642
   2208.80950 11.457 11.500 11.477 11.513 11.544    0.050 0.060 0.045 0.051 0.057  A 37754
   2213.82155 11.405 11.417 11.412 11.426 11.419    0.046 0.057 0.039 0.044 0.046  A 38167
   2215.78892 11.406 11.416 11.389 11.388 11.399    0.047 0.059 0.039 0.044 0.046  A 38471
   2217.77236 11.454 11.474 11.478 11.504 11.524    0.047 0.056 0.038 0.041 0.044  A 38798
   2221.79652 11.547 11.547 11.556 11.557 11.522    0.053 0.063 0.046 0.054 0.057  B 39098
   2222.86135 11.506 11.553 11.504 11.503 11.529    0.058 0.070 0.048 0.053 0.053  B 39282
   2225.74759 12.819 12.812 12.832 12.829 12.875    0.046 0.057 0.037 0.040 0.043  A 39558
   2227.76681 11.574 11.596 11.534 11.531 11.564    0.052 0.064 0.042 0.047 0.048  B 39872
   2229.75736 11.469 11.457 11.484 11.492 11.513    0.048 0.059 0.039 0.043 0.044  A 40196
   2230.85961 11.489 11.488 11.497 11.507 11.511    0.059 0.072 0.049 0.053 0.055  B 40405
   2232.80447 11.512 11.521 11.500 11.496 11.501    0.049 0.059 0.038 0.042 0.043  A 40548
   2234.73722 11.525 11.547 11.533 11.542 11.559    0.048 0.058 0.038 0.042 0.044  A 40833
   2235.81799 11.456 11.489 11.474 11.501 11.482    0.052 0.063 0.042 0.046 0.047  B 41024
   2237.73448 11.452 11.467 11.456 11.452 11.454    0.052 0.063 0.042 0.047 0.048  B 41306
   2239.79585 11.496 11.511 11.479 11.468 11.476    0.059 0.071 0.048 0.052 0.054  B 41492
   2241.71998 11.520 11.524 11.498 11.518 11.500    0.053 0.063 0.043 0.047 0.048  B 41776
   2242.78959 11.484 11.499 11.517 11.570 11.562    0.066 0.079 0.055 0.061 0.061  B 41966
   2244.71384 11.396 11.400 11.384 11.359 11.387    0.066 0.080 0.054 0.059 0.062  B 42211
   2250.76305 11.419 11.425 11.402 11.368 11.389    0.059 0.073 0.048 0.051 0.052  B 42910
   2253.74612 11.469 11.545 11.437 11.490 11.492    0.064 0.080 0.053 0.055 0.056  B 43388
   2255.74459 11.455 11.430 11.446 11.402 11.432    0.065 0.079 0.053 0.054 0.056  B 43674
   2498.93061 11.521 11.498 11.520 11.572 11.633    0.059 0.065 0.056 0.064 0.069  B 15567
   2520.89241 11.387 11.419 11.410 11.422 11.436    0.030 0.047 0.030 0.036 0.041  A 18311
   2545.83397 11.426 11.473 11.429 11.418 11.424    0.032 0.043 0.030 0.035 0.039  A 20258
   2557.80925 11.482 11.452 11.473 11.483 11.501    0.043 0.050 0.034 0.036 0.038  A 21943
   2559.82567 11.408 11.437 11.417 11.422 11.423    0.029 0.033 0.023 0.027 0.029  A 22310
   2561.83161 11.369 11.341 11.358 11.372 11.378    0.030 0.033 0.025 0.029 0.031  A 22639
   2565.82912 11.422 11.418 11.435 11.445 11.440    0.026 0.028 0.025 0.028 0.032  A 23355
   2577.78603 11.856 11.805 11.870 11.905 11.918    0.028 0.028 0.023 0.025 0.028  A 24841
   2621.79605 11.399 11.408 11.408 11.406 11.401    0.024 0.026 0.023 0.027 0.030  A 29868
   2623.75050 11.517 11.460 11.503 11.508 11.503    0.030 0.025 0.026 0.030 0.033  A 30180
   2625.73620 12.874 12.864 12.886 12.855 12.892    0.038 0.032 0.027 0.029 0.032  A 30456
   2628.71779 11.351 11.408 11.385 11.405 11.413    0.031 0.034 0.032 0.037 0.041  A 30754
   2631.84337 11.369 11.334 11.356 11.353 11.393    0.048 0.054 0.037 0.042 0.043  A 31667
   2635.69708 11.373 11.376 11.364 11.372 11.376    0.026 0.029 0.022 0.025 0.027  A 32252
   2637.70910 11.373 11.365 11.397 11.406 11.403    0.022 0.029 0.020 0.023 0.026  A 32548
   2639.71257 11.403 11.377 11.403 11.400 11.413    0.032 0.036 0.024 0.024 0.027  A 32858
   2641.72022 11.394 11.321 11.397 11.421 11.436    0.029 0.028 0.022 0.025 0.028  A 33144
   2643.73197 11.467 11.394 11.438 11.430 11.431    0.030 0.041 0.027 0.026 0.028  A 33460
   2645.71383 11.367 11.368 11.377 11.379 11.382    0.028 0.033 0.023 0.024 0.026  A 33750
   2647.69891 11.959 11.990 11.965 11.986 12.009    0.026 0.028 0.023 0.025 0.028  A 34040
   2650.67308 11.353 11.340 11.362 11.365 11.380    0.026 0.028 0.021 0.023 0.025  A 34295
   2652.69317 11.406 11.366 11.402 11.416 11.447    0.024 0.025 0.022 0.025 0.028  A 34609
   2657.72106 11.361 11.393 11.366 11.394 11.422    0.025 0.025 0.025 0.029 0.033  A 35461
   2659.74895 11.446 11.480 11.447 11.453 11.463    0.023 0.025 0.023 0.027 0.031  A 35815
   2661.74613 11.460 11.396 11.449 11.454 11.463    0.035 0.036 0.024 0.027 0.031  A 36156
   2663.74257 11.402 11.439 11.423 11.422 11.438    0.025 0.028 0.023 0.025 0.028  A 36493
   2665.73425 11.428 11.339 11.428 11.437 11.442    0.029 0.031 0.022 0.026 0.028  A 36840
   2669.72438 11.403 11.454 11.416 11.428 11.426    0.037 0.029 0.030 0.032 0.033  A 37467
   2671.72347 11.514 11.449 11.498 11.494 11.473    0.036 0.032 0.024 0.026 0.029  A 37796
   2673.71929 12.518 12.560 12.538 12.586 12.589    0.024 0.030 0.022 0.025 0.027  A 38130
   2675.70578 11.521 11.511 11.516 11.516 11.504    0.030 0.029 0.023 0.027 0.029  A 38485
   2677.68781 11.537 11.481 11.530 11.520 11.517    0.036 0.031 0.027 0.030 0.032  A 38824
   2679.65925 11.450 11.428 11.446 11.450 11.445    0.030 0.034 0.029 0.035 0.041  A 39143
   2680.83219 11.421 11.406 11.419 11.422 11.429    0.027 0.026 0.026 0.031 0.035  A 39387
   2683.80455 11.356 11.379 11.376 11.405 11.427    0.025 0.024 0.025 0.029 0.032  A 39886
   2689.65210 11.412 11.336 11.421 11.446 11.490    0.031 0.033 0.027 0.028 0.031  A 40914
   2690.79458 11.699 11.656 11.693 11.690 11.705    0.030 0.034 0.033 0.040 0.045  A 41159
   2693.55528 11.467 11.486 11.442 11.445 11.457    0.033 0.031 0.025 0.029 0.032  A 41546
   2694.78687 11.432 11.431 11.420 11.417 11.406    0.028 0.031 0.024 0.026 0.029  A 41830
   2696.75288 11.328 11.397 11.330 11.337 11.348    0.027 0.031 0.027 0.028 0.030  A 42138
   2699.52635 11.786 11.773 11.789 11.818 11.831    0.030 0.031 0.021 0.024 0.027  A 42653
   2703.57631 11.421 11.462 11.420 11.431 11.453    0.035 0.031 0.026 0.029 0.032  A 43441
   2705.56838 11.358 11.371 11.393 11.404 11.419    0.024 0.024 0.021 0.024 0.027  A 43812
   2707.56649 11.399 11.375 11.411 11.418 11.419    0.028 0.026 0.023 0.028 0.030  A 44177
   2709.56018 11.397 11.375 11.415 11.431 11.433    0.025 0.026 0.021 0.025 0.028  A 44538
   2711.56455 11.415 11.361 11.424 11.443 11.422    0.034 0.030 0.027 0.032 0.033  A 44913
   2713.57669 11.381 11.386 11.379 11.387 11.368    0.031 0.029 0.028 0.032 0.035  A 45292
   2715.57203 11.361 11.392 11.350 11.351 11.351    0.032 0.031 0.029 0.035 0.038  A 45665
   2717.72906 11.432 11.480 11.457 11.486 11.504    0.033 0.036 0.037 0.044 0.049  A 45895
   2720.58712 11.484 11.442 11.481 11.505 11.521    0.055 0.049 0.045 0.052 0.051  B 46274
   2722.58409 11.437 11.504 11.440 11.447 11.455    0.045 0.046 0.037 0.042 0.043  A 46658
   2724.58210 11.404 11.492 11.418 11.435 11.436    0.045 0.043 0.038 0.043 0.044  A 47039
   2726.58044 11.511 11.435 11.508 11.522 11.517    0.034 0.032 0.028 0.033 0.036  A 47438
   2728.57162 11.484 11.402 11.469 11.472 11.468    0.034 0.035 0.029 0.033 0.034  A 47829
   2730.56756 11.477 11.475 11.480 11.479 11.484    0.036 0.036 0.033 0.041 0.042  A 48236
   2733.61625 11.417 11.436 11.432 11.449 11.461    0.024 0.029 0.023 0.027 0.030  A 48611
   2735.60937 11.396 11.367 11.402 11.408 11.419    0.025 0.031 0.024 0.027 0.031  A 49014
   2737.59660 11.613 11.494 11.588 11.597 11.605    0.026 0.030 0.026 0.030 0.035  A 49405
   2739.59794 11.439 11.426 11.439 11.429 11.423    0.025 0.026 0.024 0.028 0.031  A 49741
   2741.57037 11.448 11.398 11.458 11.460 11.474    0.022 0.027 0.022 0.025 0.028  A 50123
   2742.65805 11.396 11.388 11.405 11.393 11.380    0.026 0.027 0.025 0.030 0.034  A 50368
   2744.59232 11.390 11.388 11.388 11.386 11.380    0.027 0.033 0.027 0.032 0.036  A 50715
   2746.60341 11.394 11.385 11.399 11.396 11.383    0.033 0.032 0.033 0.040 0.047  A 50992
   2750.60680 11.360 11.387 11.348 11.353 11.378    0.025 0.029 0.025 0.029 0.033  A 51621
   2752.57125 11.488 11.477 11.490 11.512 11.521    0.024 0.026 0.024 0.029 0.033  A 51996
   2755.56145 11.473 11.413 11.467 11.460 11.449    0.025 0.025 0.022 0.025 0.027  A 52427
   2757.55825 11.438 11.446 11.438 11.434 11.436    0.023 0.024 0.021 0.025 0.027  A 52842
   2759.58558 11.456 11.436 11.489 11.507 11.529    0.024 0.025 0.024 0.028 0.031  A 53197
   2761.56135 11.427 11.457 11.441 11.446 11.461    0.025 0.026 0.023 0.026 0.029  A 53598
   2763.55774 11.502 11.408 11.482 11.497 11.506    0.025 0.029 0.024 0.028 0.031  A 53992
   2766.54766 11.453 11.453 11.452 11.444 11.446    0.025 0.026 0.024 0.027 0.031  A 54487
   2770.54870 11.590 11.500 11.596 11.578 11.577    0.049 0.037 0.028 0.031 0.033  A 54819
   2783.48302 11.438 11.471 11.445 11.456 11.460    0.023 0.027 0.022 0.025 0.028  A 55870
   2785.48928 11.426 11.462 11.434 11.453 11.464    0.034 0.033 0.023 0.025 0.028  A 56294
   2787.48907 11.489 11.428 11.472 11.470 11.470    0.036 0.034 0.024 0.027 0.029  A 56732
   2790.52474 11.479 11.439 11.475 11.451 11.456    0.028 0.029 0.029 0.034 0.039  A 57280
   2793.45545 11.523 11.527 11.512 11.538 11.545    0.025 0.038 0.023 0.028 0.031  A 57754
   2796.46407 11.433 11.418 11.429 11.413 11.407    0.026 0.029 0.025 0.029 0.032  A 58313
   2810.45733 11.446 11.426 11.460 11.464 11.458    0.025 0.025 0.025 0.029 0.032  A 59658
   2812.46653 11.455 11.475 11.464 11.474 11.466    0.024 0.025 0.023 0.027 0.030  A 60112
   2885.90522 11.445 11.438 11.445 11.443 11.444    0.031 0.030 0.025 0.029 0.031  A 70143
   2893.90555 11.498 11.471 11.483 11.467 11.461    0.033 0.032 0.033 0.040 0.047  A 70991
   2896.89567 11.458 11.495 11.451 11.440 11.466    0.030 0.027 0.026 0.031 0.035  A 71583
   2905.89394 11.435 11.408 11.420 11.433 11.417    0.024 0.024 0.022 0.026 0.029  A 73092
   2905.89617 11.473 11.442 11.449 11.446 11.435    0.024 0.025 0.024 0.029 0.032  A 73093
   2905.89839 11.446 11.463 11.433 11.430 11.424    0.024 0.024 0.024 0.029 0.032  A 73094
   2910.85729 11.460 11.421 11.439 11.432 11.424    0.040 0.029 0.027 0.029 0.031  A 73819
   2912.87918 12.305 12.279 12.294 12.313 12.296    0.027 0.026 0.026 0.031 0.034  A 74203
   2916.82606 11.498 11.512 99.999 99.999 99.999    0.027 0.025 0.023 0.026 0.029  C 74658
   2924.86612 11.400 11.398 11.426 11.430 11.450    0.030 0.025 0.024 0.028 0.031  A 75726
   2927.83514 11.515 11.510 11.517 11.513 11.540    0.026 0.025 0.023 0.027 0.030  A 76089
   2930.84967 11.486 11.510 11.497 11.504 11.513    0.025 0.025 0.023 0.026 0.029  A 76629
   2933.84359 11.441 11.438 11.435 11.446 11.445    0.025 0.024 0.023 0.026 0.030  A 77160
   2940.77697 11.490 11.503 11.499 11.528 11.555    0.026 0.025 0.022 0.026 0.028  A 78063
   2942.82333 11.502 11.473 11.496 11.499 11.505    0.026 0.023 0.021 0.025 0.028  A 78280
   2944.81502 11.490 11.520 11.489 11.497 11.512    0.036 0.033 0.038 0.046 0.053  A 78603
   2951.79081 12.634 12.669 12.689 12.769 12.757    0.027 0.026 0.026 0.030 0.035  A 79625
   2957.81545 11.548 11.535 11.540 11.524 11.498    0.028 0.029 0.029 0.035 0.041  A 80447
   2961.76505 11.497 11.479 11.497 11.524 11.532    0.023 0.026 0.022 0.026 0.029  A 80969
   2964.79080 12.232 12.261 12.243 12.272 12.273    0.026 0.025 0.024 0.030 0.033  A 81407
   2974.78049 11.536 11.480 11.538 11.562 11.577    0.026 0.028 0.026 0.032 0.037  A 82630
   2978.77099 11.512 11.579 11.510 11.540 11.549    0.027 0.042 0.029 0.034 0.038  A 83180
   2980.77266 11.467 11.482 11.461 11.478 11.508    0.027 0.027 0.025 0.030 0.034  A 83430
   2983.74371 11.425 11.444 11.436 11.439 11.443    0.027 0.027 0.027 0.032 0.037  A 83818
   2986.73077 29.999 29.999 29.999 29.999 29.999    0.035 0.039 0.037 0.046 0.053  C 84206
   2988.81189 11.430 11.466 11.485 11.512 11.538    0.034 0.027 0.028 0.034 0.039  A 84455
   2991.72594 11.382 11.382 11.403 11.422 11.455    0.025 0.026 0.024 0.028 0.032  A 84814
   2996.77169 11.411 11.397 11.442 11.450 11.446    0.032 0.032 0.032 0.038 0.042  A 85497
   3001.75400 11.417 11.443 11.417 11.415 11.410    0.026 0.024 0.023 0.026 0.030  A 86032
   3006.68832 11.434 11.459 11.429 11.390 11.376    0.026 0.025 0.025 0.030 0.033  A 86606
   3008.72586 11.472 11.481 11.496 11.515 11.507    0.027 0.029 0.025 0.029 0.034  A 86876
   3012.79992 12.640 12.730 12.667 12.690 12.707    0.036 0.035 0.039 0.047 0.054  A 87434
   3016.67462 11.431 11.458 11.454 11.471 11.496    0.024 0.026 0.024 0.029 0.033  A 87756
   3018.70599 11.387 11.411 11.403 11.424 11.453    0.024 0.024 0.023 0.027 0.031  A 88040
   3023.69909 11.444 11.467 11.447 11.452 11.460    0.026 0.027 0.024 0.029 0.033  A 88319
   3028.68655 11.404 11.430 11.415 11.418 11.446    0.027 0.030 0.024 0.028 0.031  A 88570
   3030.72317 11.380 11.386 11.392 11.398 11.390    0.027 0.025 0.025 0.030 0.034  A 88759
   3033.61579 11.353 11.385 11.377 11.399 99.999    0.026 0.030 0.028 0.033 0.037  C 89018
   3035.65674 11.493 11.456 11.496 11.480 11.489    0.028 0.025 0.026 0.031 0.035  A 89258
   3039.65967 11.404 11.418 11.399 11.385 11.411    0.029 0.030 0.029 0.034 0.039  A 89541
   3042.65403 11.398 11.454 11.389 11.391 11.381    0.031 0.031 0.030 0.037 0.043  A 89800
   3044.67790 11.377 11.424 11.388 11.387 11.392    0.025 0.025 0.024 0.028 0.032  A 90070
   3047.63391 12.595 12.603 12.607 12.613 12.611    0.024 0.028 0.025 0.030 0.034  A 90462
   3050.61077 11.413 11.379 11.424 11.422 11.419    0.026 0.024 0.023 0.027 0.031  A 90852
   3052.72226 11.436 11.403 11.428 11.426 11.427    0.029 0.027 0.032 0.037 0.041  A 91162
   3054.73039 11.328 11.381 11.324 11.318 11.290    0.029 0.029 0.031 0.038 0.045  A 91434
   3057.58847 11.358 11.404 11.368 11.371 11.369    0.035 0.032 0.038 0.043 0.048  A 91801
   3059.65225 11.378 11.391 11.386 11.416 11.438    0.026 0.024 0.025 0.029 0.033  A 92086
   3063.73608 11.443 11.430 11.455 11.467 11.456    0.043 0.038 0.049 0.057 0.064  B 92640
   3067.58177 11.394 11.416 11.417 11.434 11.484    0.028 0.025 0.025 0.030 0.034  A 93026
   3069.61650 11.396 11.421 11.402 11.388 11.390    0.029 0.030 0.028 0.034 0.039  A 93333
   3071.62750 11.411 11.433 11.420 11.433 11.445    0.029 0.031 0.032 0.040 0.046  A 93625
   3073.66326 12.715 12.759 12.744 12.791 12.859    0.028 0.027 0.032 0.039 0.045  A 93880
   3075.68112 11.403 11.392 11.409 11.398 11.394    0.026 0.028 0.028 0.034 0.039  A 94153
   3077.69920 11.513 11.514 11.535 11.538 11.554    0.028 0.027 0.030 0.038 0.043  A 94443
   3079.70534 11.577 11.523 11.586 11.589 11.607    0.031 0.033 0.033 0.039 0.045  A 94734
   3081.73189 11.398 11.393 11.404 11.382 11.382    0.028 0.027 0.028 0.032 0.037  A 95038
   3086.52415 12.074 12.100 12.094 12.104 12.078    0.041 0.049 0.045 0.054 0.061  A 95413
   3088.55880 11.475 11.387 11.483 11.500 11.511    0.035 0.034 0.036 0.040 0.044  A 95736
   3090.55458 11.418 11.392 11.407 11.414 11.428    0.034 0.032 0.035 0.038 0.042  A 96039
   3092.56724 11.414 11.422 11.418 11.414 99.999    0.030 0.028 0.027 0.031 0.035  C 96353
   3096.57079 11.363 11.410 11.387 11.388 11.379    0.024 0.024 0.024 0.029 0.033  A 96632
   3098.60117 11.387 11.389 11.407 11.405 11.417    0.029 0.029 0.031 0.038 0.043  A 96957
   3100.60608 11.366 11.347 11.372 11.393 11.399    0.029 0.029 0.031 0.038 0.043  A 97262
   3102.61284 11.406 11.379 11.437 11.462 11.493    0.026 0.026 0.026 0.032 0.037  A 97581
   3104.62406 11.452 11.428 11.457 11.463 11.475    0.028 0.029 0.028 0.034 0.038  A 97902
   3106.61839 11.420 11.358 11.423 11.402 11.371    0.035 0.033 0.035 0.040 0.046  A 98213
   3108.61936 11.615 11.641 11.625 11.645 11.664    0.024 0.025 0.024 0.029 0.032  A 98530
   3110.61240 11.477 11.495 11.500 11.523 11.540    0.024 0.026 0.026 0.030 0.034  A 98844
   3112.62289 12.236 12.232 12.263 12.263 12.287    0.024 0.024 0.024 0.029 0.033  A 99154
   3114.62876 11.445 11.429 11.443 11.450 11.475    0.025 0.027 0.025 0.030 0.034  A 99488
   3116.64106 11.431 11.450 11.422 11.426 11.437    0.032 0.033 0.032 0.037 0.041  A 99819
   3121.57444 12.349 12.354 12.374 12.392 12.386    0.026 0.027 0.025 0.030 0.034  A 100065
   3123.58225 11.566 11.568 11.556 11.517 11.560    0.083 0.080 0.089 0.098 0.107  D 100358
   3125.60101 11.780 11.768 11.771 11.757 11.738    0.026 0.027 0.027 0.032 0.037  A 100702
   3128.52891 11.827 11.976 11.811 11.813 11.844    0.027 0.028 0.028 0.035 0.040  A 101159
   3130.54627 11.397 11.422 11.428 11.475 11.516    0.031 0.031 0.032 0.038 0.045  A 101455
   3132.55789 11.492 11.489 11.502 11.517 11.523    0.027 0.026 0.027 0.033 0.038  A 101791
   3134.57520 12.843 12.764 12.878 12.892 12.932    0.027 0.025 0.026 0.031 0.034  A 102119
   3144.54238 11.439 11.429 11.452 11.473 11.494    0.025 0.026 0.025 0.029 0.033  A 103241
   3153.52562 11.390 11.462 11.339 11.321 11.313    0.042 0.041 0.044 0.054 0.063  A 103725
   3158.45697 11.583 11.552 11.610 11.626 11.644    0.027 0.030 0.029 0.035 0.040  A 104342
   3160.50653 12.784 12.793 12.822 12.836 13.044    0.037 0.034 0.039 0.048 0.056  A 104649
   3164.47924 11.426 11.458 11.432 11.441 11.461    0.025 0.025 0.025 0.030 0.034  A 105143
   3167.49109 11.522 11.522 11.522 11.535 11.559    0.027 0.026 0.024 0.029 0.034  A 105530
   3171.47911 11.512 11.568 11.542 11.548 11.586    0.029 0.027 0.027 0.032 0.036  A 106131
   3176.45203 11.828 11.789 11.814 11.824 11.860    0.029 0.031 0.030 0.037 0.042  A 106703
   3180.45523 11.513 11.506 11.508 11.488 11.482    0.027 0.028 0.029 0.035 0.039  A 107313
   3273.87616 11.514 11.532 11.515 11.520 11.505    0.032 0.041 0.029 0.033 0.039  A 116277
   3277.86198 12.446 12.456 12.465 12.460 12.436    0.034 0.039 0.031 0.037 0.043  A 116773
   3296.83090 11.436 11.419 11.441 11.429 11.439    0.033 0.040 0.028 0.032 0.036  A 118730
   3356.73674 11.435 11.403 11.467 11.472 11.465    0.048 0.088 0.041 0.045 0.049  B 124504
   3384.74270 11.484 11.498 11.485 11.496 11.481    0.054 0.092 0.049 0.054 0.059  B 125920
   3389.69549 11.401 11.389 11.394 11.408 11.409    0.031 0.045 0.030 0.034 0.039  A 126600
   3391.73898 11.404 11.404 11.412 11.414 11.415    0.044 0.077 0.038 0.042 0.047  B 126867
   3394.77865 11.424 11.487 11.427 11.453 11.474    0.041 0.069 0.037 0.043 0.046  A 127185
   3397.62813 11.554 11.504 11.531 11.516 11.533    0.042 0.076 0.038 0.043 0.048  B 127498
   3399.69832 12.775 12.738 12.810 12.831 12.839    0.038 0.068 0.036 0.041 0.046  A 127781
   3404.71036 11.368 11.375 11.382 11.379 11.399    0.030 0.041 0.027 0.031 0.034  A 128433
   3406.75259 11.421 11.397 11.412 11.410 11.412    0.035 0.042 0.034 0.040 0.045  A 128760
   3408.81284 11.391 11.394 11.370 11.342 11.316    0.033 0.039 0.035 0.044 0.051  A 129090
   3411.62281 11.377 11.399 11.375 11.383 11.397    0.035 0.058 0.031 0.035 0.039  A 129475
   3413.66812 11.425 11.392 11.423 11.430 11.447    0.032 0.048 0.031 0.035 0.039  A 129790
   3415.68242 11.387 11.355 11.398 11.419 11.439    0.035 0.062 0.030 0.032 0.035  A 130123
   3417.67208 11.448 11.418 11.449 11.438 11.420    0.036 0.053 0.034 0.039 0.042  A 130431
   3419.66056 11.426 11.401 11.431 11.435 11.442    0.032 0.053 0.029 0.033 0.037  A 130745
   3421.68050 11.602 11.654 11.607 11.621 11.634    0.038 0.053 0.039 0.046 0.052  A 131060
   3423.66841 11.471 11.436 11.471 11.466 11.436    0.041 0.056 0.042 0.048 0.054  A 131386
   3425.69509 12.573 12.514 12.660 12.731 12.838    0.033 0.039 0.035 0.042 0.049  A 131695
   3427.72623 11.440 11.448 11.440 11.438 11.421    0.031 0.034 0.034 0.042 0.047  A 132023
   3431.67733 11.417 11.429 11.414 11.418 11.433    0.039 0.066 0.037 0.044 0.049  A 132373
   3433.69928 11.451 11.446 11.447 11.452 11.476    0.030 0.041 0.032 0.040 0.046  A 132704
   3436.68747 11.420 11.443 11.430 11.446 11.438    0.031 0.035 0.033 0.040 0.047  A 133004
   3439.67860 11.416 11.397 11.404 11.403 11.395    0.026 0.035 0.025 0.030 0.034  A 133342
   3443.53366 11.406 11.400 11.415 11.422 11.431    0.026 0.037 0.026 0.031 0.034  A 133708
   3445.56569 11.467 11.450 11.484 11.476 11.490    0.036 0.049 0.033 0.035 0.037  A 134075
   3447.57948 12.834 12.667 12.858 12.878 12.928    0.049 0.088 0.043 0.046 0.048  B 134717
   3449.60292 11.491 11.539 11.473 11.463 11.472    0.049 0.085 0.043 0.049 0.054  B 135054
   3452.52862 11.390 11.404 11.401 11.403 11.417    0.036 0.056 0.035 0.041 0.045  A 135449
   3454.59051 11.339 11.316 11.352 11.330 11.342    0.049 0.087 0.045 0.051 0.056  B 135807
   3456.58576 11.390 11.391 11.393 11.388 11.412    0.039 0.072 0.035 0.039 0.043  A 136158
   3458.57428 11.470 11.479 11.466 11.472 11.472    0.038 0.073 0.034 0.038 0.042  A 136509
   3460.57921 12.840 12.824 12.880 12.914 12.902    0.032 0.054 0.029 0.033 0.036  A 136877
   3462.58587 11.460 11.451 11.448 11.458 11.476    0.040 0.066 0.037 0.043 0.047  A 137151
   3464.62023 11.455 11.469 11.429 11.422 11.424    0.039 0.068 0.033 0.037 0.041  A 137486
   3469.62750 11.420 11.407 11.417 11.424 11.436    0.028 0.033 0.027 0.031 0.035  A 138246
   3471.64026 11.374 11.399 11.395 11.404 11.404    0.029 0.034 0.026 0.030 0.034  A 138574
   3473.63108 13.450 13.493 13.426 13.382 13.354    0.033 0.036 0.032 0.035 0.039  A 138876
   3476.54541 11.347 11.294 11.375 11.380 11.385    0.045 0.080 0.041 0.046 0.050  B 139345
   3478.56932 11.396 11.423 11.410 11.424 11.424    0.033 0.057 0.031 0.035 0.039  A 139698
   3480.59534 11.461 11.468 11.473 11.498 11.512    0.041 0.069 0.038 0.044 0.049  A 139988
   3490.55890 11.470 11.550 11.465 11.476 11.472    0.057 0.092 0.056 0.063 0.071  B 141110
   3492.56444 11.430 11.432 11.433 11.439 11.439    0.031 0.037 0.030 0.035 0.039  A 141452
   3496.57925 11.380 11.415 11.399 11.414 11.411    0.032 0.042 0.027 0.031 0.036  A 141735
   3499.56814 12.170 12.266 12.213 12.367 12.518    0.048 0.063 0.051 0.062 0.072  B 142096
   3502.47643 11.477 11.439 11.483 11.493 11.488    0.030 0.041 0.030 0.035 0.038  A 142575
   3504.52328 11.453 11.477 11.458 11.476 11.483    0.036 0.056 0.033 0.037 0.041  A 142946
   3509.51772 11.370 11.439 11.367 11.368 11.377    0.030 0.036 0.027 0.031 0.036  A 143386
   3512.53089 11.628 11.591 11.657 11.646 11.641    0.031 0.052 0.032 0.038 0.043  A 143825
   3516.53238 11.497 11.507 11.454 11.471 11.473    0.056 0.056 0.066 0.080 0.095  D 144143
   3520.52616 11.422 11.455 11.421 11.432 11.438    0.028 0.037 0.029 0.034 0.039  A 144634
   3523.47991 12.720 12.756 12.572 12.483 12.440    0.038 0.053 0.037 0.042 0.047  A 145141
   3526.48948 11.505 11.475 11.505 11.530 11.554    0.032 0.040 0.032 0.036 0.040  A 145629
   3528.50299 11.453 11.435 11.451 11.456 11.474    0.032 0.038 0.031 0.036 0.040  A 145971
   3539.46399 11.399 11.411 11.380 11.375 11.390    0.030 0.052 0.032 0.039 0.044  A 146977
   3544.45586 11.412 11.399 11.403 11.385 11.401    0.040 0.049 0.044 0.054 0.063  A 147665
   3622.89147 11.509 11.517 11.514 11.523 11.527    0.029 0.037 0.027 0.031 0.036  A 157991
   3630.89115 11.543 11.561 11.555 11.567 11.633    0.037 0.048 0.034 0.040 0.047  A 158876
   3640.85930 11.476 11.489 11.466 11.448 11.448    0.028 0.034 0.026 0.031 0.034  A 160091
   3644.86321 11.450 11.438 11.457 11.467 11.471    0.032 0.041 0.033 0.039 0.045  A 160685
   3648.87022 11.460 11.447 11.496 11.540 11.602    0.050 0.054 0.050 0.058 0.067  B 161105
   3652.85879 11.565 11.502 11.601 11.646 11.671    0.038 0.053 0.035 0.041 0.045  A 161680
   3659.86729 11.505 11.504 11.500 11.490 11.476    0.031 0.039 0.030 0.036 0.041  A 162707
   3663.82783 11.471 11.483 11.491 11.476 11.464    0.040 0.064 0.038 0.045 0.049  A 163277
   3666.86779 11.494 11.525 11.480 11.471 11.446    0.035 0.038 0.036 0.044 0.049  A 163732
   3670.81266 11.478 11.447 11.486 11.479 11.471    0.033 0.044 0.029 0.034 0.038  A 164172
   3673.84434 11.713 11.758 11.741 11.769 11.806    0.034 0.047 0.030 0.033 0.037  A 164615
   3677.81453 11.991 12.049 11.984 11.986 12.006    0.038 0.062 0.035 0.040 0.044  A 165175
   3701.82775 11.540 11.475 11.584 11.615 11.619    0.041 0.051 0.044 0.052 0.059  A 168241
   3704.78581 11.482 11.494 11.476 11.474 11.471    0.028 0.037 0.027 0.031 0.035  A 168621
   3707.77604 11.525 11.491 11.527 11.536 11.532    0.031 0.040 0.028 0.032 0.035  A 169028
   3711.81398 11.403 11.440 11.434 11.448 11.456    0.037 0.064 0.032 0.036 0.039  A 169324
   3714.74695 11.475 11.467 11.477 11.479 11.477    0.034 0.051 0.031 0.035 0.038  A 169731
   3717.74605 11.471 11.537 11.492 11.514 11.564    0.043 0.071 0.041 0.046 0.050  A 170117
   3720.72828 11.444 11.446 11.451 11.454 11.439    0.037 0.052 0.036 0.041 0.047  A 170468
   3722.78862 11.469 11.481 11.508 11.530 11.539    0.033 0.041 0.034 0.040 0.046  A 170747
   3725.77552 12.734 12.741 12.731 12.758 12.718    0.034 0.052 0.031 0.037 0.042  A 171049
   3732.70289 11.470 11.474 11.480 11.495 11.507    0.041 0.063 0.038 0.046 0.052  A 171843
   3735.71979 11.376 11.412 11.380 11.395 11.421    0.044 0.075 0.042 0.047 0.052  B 172240
   3740.74921 11.383 11.362 11.410 11.441 11.464    0.045 0.066 0.039 0.044 0.048  A 172945
   3743.67712 11.412 11.492 11.421 11.430 11.464    0.040 0.057 0.035 0.040 0.045  A 173292
   3745.74175 11.403 11.391 11.416 11.432 11.447    0.034 0.057 0.033 0.040 0.044  A 173585
   3748.66120 11.318 11.267 11.336 11.350 11.369    0.047 0.080 0.043 0.051 0.056  B 173963
   3750.70552 11.367 11.419 11.399 11.417 11.442    0.044 0.076 0.041 0.048 0.054  B 174263
   3753.69683 11.354 11.410 11.374 11.386 11.389    0.038 0.064 0.037 0.043 0.049  A 174668
   3755.75412 11.453 11.482 11.461 11.474 11.493    0.040 0.060 0.037 0.043 0.048  A 174958
   3757.77912 11.346 11.408 11.359 11.373 11.392    0.035 0.047 0.033 0.040 0.044  A 175247
   3760.64847 12.876 12.872 12.862 12.829 12.825    0.046 0.081 0.041 0.044 0.048  B 175624
   3762.74346 11.483 11.493 11.481 11.479 11.475    0.030 0.035 0.033 0.040 0.045  A 175908
   3765.63138 11.429 11.498 11.435 11.432 11.432    0.048 0.089 0.043 0.047 0.050  B 176292
   3767.76198 11.420 11.436 11.441 11.455 11.458    0.035 0.047 0.036 0.043 0.050  A 176609
   3770.59731 11.463 11.400 11.458 11.460 11.466    0.046 0.069 0.043 0.047 0.052  A 176957
   3772.67099 11.451 11.415 11.458 11.468 11.475    0.037 0.056 0.035 0.039 0.043  A 177223
   3774.77437 11.471 11.435 11.510 11.544 11.571    0.036 0.046 0.038 0.045 0.052  A 177543
   3777.58642 11.466 11.514 11.456 11.457 11.471    0.047 0.081 0.044 0.049 0.055  B 177929
   3779.62554 11.457 11.435 11.501 11.532 11.538    0.041 0.058 0.043 0.051 0.057  A 178247
   3787.63239 11.410 11.444 11.413 11.404 11.401    0.052 0.091 0.047 0.051 0.055  B 178837
   3789.69302 11.480 11.469 11.465 11.463 11.468    0.039 0.061 0.037 0.041 0.045  A 179130
   3791.78047 11.480 11.481 11.485 11.505 11.512    0.042 0.072 0.040 0.045 0.049  A 179445
   3793.74059 11.481 11.425 11.458 11.453 11.471    0.035 0.047 0.036 0.043 0.050  A 179726
   3796.59316 11.477 11.462 11.477 11.478 11.501    0.025 0.038 0.026 0.030 0.034  A 180104
   3798.64385 11.435 11.442 11.431 11.438 11.448    0.037 0.044 0.037 0.042 0.045  A 180400
   3800.64103 11.417 11.476 11.426 11.470 11.510    0.048 0.083 0.046 0.052 0.056  B 180672
   3802.72722 11.448 11.495 11.462 11.483 11.541    0.045 0.070 0.044 0.053 0.061  A 180922
   3805.55749 11.445 11.414 11.438 11.444 11.447    0.047 0.080 0.043 0.048 0.054  B 181287
   3808.58930 11.921 11.915 11.906 11.908 11.933    0.041 0.069 0.039 0.045 0.052  A 181642
   3810.57888 11.480 11.443 11.502 11.521 11.547    0.038 0.063 0.037 0.044 0.050  A 181961
   3812.59018 11.956 11.878 11.955 11.943 11.921    0.034 0.046 0.035 0.042 0.047  A 182285
   3814.59983 11.378 11.331 11.378 11.381 11.382    0.038 0.061 0.036 0.043 0.047  A 182604
   3816.63629 11.427 11.422 11.450 11.488 11.522    0.033 0.042 0.033 0.040 0.045  A 182931
   3818.64843 11.372 11.304 11.365 11.353 11.344    0.033 0.048 0.030 0.036 0.040  A 183257
   3820.67623 11.384 11.337 11.397 11.393 11.390    0.051 0.077 0.046 0.051 0.055  B 183589
   3823.56371 11.409 11.390 11.424 11.437 11.448    0.036 0.045 0.038 0.043 0.049  A 184039
   3825.59715 11.713 11.694 11.719 11.718 11.706    0.033 0.037 0.037 0.046 0.054  A 184386
   3827.61105 11.359 11.366 11.394 11.402 11.404    0.033 0.048 0.029 0.033 0.038  A 184733
   3829.65069 11.464 11.420 11.460 11.457 11.481    0.037 0.043 0.038 0.044 0.049  A 185078
   3831.64201 11.381 11.369 11.407 11.398 11.407    0.044 0.067 0.040 0.046 0.051  A 185420
   3833.61866 11.422 11.436 11.406 11.417 11.432    0.043 0.057 0.045 0.054 0.063  A 185764
   3835.64632 11.317 11.279 11.282 11.237 11.204    0.046 0.063 0.047 0.058 0.067  B 186118
   3848.52892 11.443 11.466 11.455 11.464 11.440    0.046 0.056 0.050 0.059 0.067  B 186876
   3850.56591 11.605 11.687 11.598 11.610 11.633    0.035 0.058 0.033 0.037 0.042  A 187228
   3852.55721 11.400 11.299 11.410 11.415 11.429    0.036 0.061 0.033 0.037 0.041  A 187578
   3854.56612 11.417 11.496 11.428 11.449 11.444    0.046 0.079 0.040 0.044 0.047  B 187947
   3860.51883 12.778 12.789 12.789 12.820 12.850    0.035 0.058 0.031 0.036 0.040  A 188795
   3862.51788 11.508 11.461 11.505 11.534 11.566    0.033 0.052 0.030 0.034 0.039  A 189159
   3864.54282 11.447 11.424 11.461 11.474 11.483    0.028 0.031 0.030 0.035 0.039  A 189503
   3866.54416 11.457 11.447 11.467 11.469 11.489    0.032 0.039 0.034 0.041 0.047  A 189857
   3868.56660 11.401 11.410 11.406 11.417 11.449    0.036 0.043 0.038 0.046 0.052  A 190171
   3871.49038 11.552 11.518 11.541 11.535 11.527    0.027 0.033 0.027 0.031 0.035  A 190688
   3875.49228 11.491 11.438 11.505 11.513 11.527    0.030 0.040 0.027 0.031 0.035  A 191127
   3877.49327 11.463 11.502 11.477 11.497 11.517    0.031 0.047 0.028 0.032 0.037  A 191450
   3881.48497 11.494 11.467 11.498 11.504 11.513    0.028 0.039 0.028 0.033 0.037  A 191941
   3883.53221 11.479 11.470 11.495 11.508 11.501    0.027 0.039 0.028 0.033 0.037  A 192226
   3890.49727 11.492 11.477 11.479 11.467 11.457    0.029 0.035 0.028 0.033 0.037  A 193131
   3894.45644 11.430 11.456 11.466 11.467 11.472    0.032 0.038 0.033 0.041 0.047  A 193820
   3898.45639 11.482 11.432 11.500 11.503 11.512    0.033 0.041 0.034 0.042 0.048  A 194298
   3901.45250 11.427 11.451 11.436 11.431 11.439    0.028 0.033 0.030 0.036 0.040  A 194778
   3904.45298 11.430 11.461 11.446 11.460 11.458    0.031 0.039 0.030 0.036 0.040  A 195351
   3907.45720 11.454 11.437 11.465 11.471 11.491    0.028 0.040 0.030 0.034 0.039  A 195924
   4090.72195 11.534 11.501 11.526 11.518 11.514    0.037 0.055 0.034 0.038 0.042  A 209280
   4104.79060 11.538 11.523 11.547 11.532 11.538    0.044 0.068 0.045 0.054 0.062  A 210748
   4106.80021 11.482 11.465 11.492 11.505 11.485    0.039 0.048 0.040 0.048 0.054  A 211015
   4111.71558 11.433 11.403 11.444 11.460 11.462    0.042 0.067 0.036 0.039 0.042  A 211411
   4126.75059 11.416 11.384 11.411 11.402 11.403    0.032 0.037 0.028 0.032 0.035  A 211704
   4128.77342 11.391 11.407 11.403 11.409 11.428    0.030 0.037 0.028 0.031 0.035  A 211979
   4131.60709 11.422 11.404 11.420 11.421 11.408    0.047 0.085 0.042 0.046 0.050  B 212305
   4133.64902 11.415 11.402 11.405 11.379 11.379    0.040 0.060 0.039 0.046 0.051  A 212588
   4135.67172 11.451 11.432 11.434 11.425 11.441    0.041 0.061 0.037 0.042 0.045  A 212865
   4137.67425 11.435 11.403 11.434 11.427 11.425    0.036 0.064 0.035 0.039 0.043  A 213142
   4149.67260 11.479 11.487 11.489 11.478 11.474    0.039 0.061 0.040 0.048 0.055  A 214668
   4151.70785 11.771 11.776 11.782 11.789 99.999    0.035 0.063 0.031 0.035 0.039  C 214986
   4153.68967 11.395 11.417 11.427 11.436 11.455    0.035 0.055 0.030 0.034 0.039  A 215294
   4155.70683 11.373 11.299 11.385 11.377 11.387    0.051 0.092 0.046 0.050 0.053  B 215589
   4158.58960 11.466 11.469 11.478 11.503 11.535    0.045 0.075 0.041 0.046 0.052  B 215975
   4160.63182 12.766 12.729 12.854 12.881 12.815    0.033 0.049 0.031 0.036 0.040  A 216301
   4162.62437 11.446 11.431 11.453 11.465 11.451    0.031 0.036 0.030 0.037 0.042  A 216620
   4164.63897 11.503 11.435 11.510 11.525 11.587    0.034 0.053 0.035 0.043 0.048  A 216903
   4167.58974 11.398 11.464 11.421 11.449 11.462    0.047 0.082 0.042 0.045 0.048  B 217298
   4172.64310 11.378 11.391 11.385 11.382 11.356    0.032 0.043 0.031 0.038 0.043  A 217913
   4174.65509 11.327 11.348 11.329 11.335 11.349    0.031 0.038 0.028 0.033 0.038  A 218235
   4176.68257 11.439 11.454 11.440 11.429 11.413    0.032 0.038 0.032 0.038 0.044  A 218529
   4179.67347 11.418 11.349 11.440 11.447 11.439    0.036 0.052 0.034 0.041 0.046  A 218849
   4181.68932 11.400 11.399 11.393 11.361 11.363    0.045 0.051 0.046 0.056 0.067  B 219130
   4184.52436 11.533 11.512 11.520 11.524 11.517    0.041 0.065 0.037 0.043 0.047  A 219513
   4188.57949 11.433 11.422 11.421 11.410 11.429    0.030 0.034 0.028 0.032 0.037  A 219920
   4190.59139 11.342 11.339 11.377 11.395 11.417    0.034 0.044 0.032 0.038 0.043  A 220221
   4192.59347 11.528 11.652 11.512 11.511 11.526    0.035 0.042 0.032 0.038 0.044  A 220546
   4194.63459 11.372 11.413 11.381 11.352 11.353    0.035 0.046 0.032 0.038 0.045  A 220873
   4197.62760 11.535 11.527 11.544 11.533 11.530    0.042 0.063 0.039 0.045 0.052  A 221196
   4200.59556 11.420 11.424 11.422 11.422 11.408    0.040 0.061 0.035 0.040 0.045  A 221472
   4203.59458 11.424 11.444 11.429 11.434 11.410    0.035 0.047 0.031 0.036 0.041  A 221768
   4205.60538 11.451 11.504 11.469 11.462 11.466    0.036 0.043 0.036 0.043 0.051  A 222099
   4213.61012 11.349 11.429 11.329 11.315 11.323    0.049 0.058 0.043 0.052 0.060  A 222576
   4227.50835 11.433 11.447 11.421 11.416 11.421    0.035 0.046 0.028 0.031 0.036  A 223113
   4229.52790 11.434 11.484 11.432 11.435 11.445    0.036 0.058 0.031 0.035 0.040  A 223477
   4231.53329 11.383 11.373 11.389 11.382 11.405    0.038 0.039 0.039 0.048 0.055  A 223837
   4233.53240 11.354 11.342 11.363 11.356 11.367    0.033 0.042 0.028 0.032 0.035  A 224182
   4235.53958 11.347 11.359 11.347 11.346 11.367    0.030 0.035 0.028 0.032 0.036  A 224552
   4237.56659 11.413 11.409 11.409 11.447 11.488    0.049 0.056 0.050 0.061 0.073  B 224855
   4247.51433 12.757 12.740 12.726 12.707 12.697    0.035 0.045 0.030 0.035 0.040  A 226362
   4254.51785 11.414 11.384 11.440 11.462 11.470    0.058 0.058 0.065 0.080 0.092  D 226970
   4257.50578 11.441 11.432 11.439 11.451 11.488    0.040 0.043 0.042 0.051 0.060  A 227373
   4269.46451 11.913 11.880 11.910 11.916 11.951    0.058 0.064 0.065 0.080 0.094  D 228094
   4277.45284 11.417 11.413 11.438 11.452 11.471    0.036 0.040 0.031 0.036 0.042  A 228941
   4333.92381 11.339 11.389 11.371 11.387 11.410    0.040 0.045 0.040 0.047 0.055  A 235956
   4341.90800 11.381 11.361 11.384 11.422 11.435    0.041 0.051 0.036 0.042 0.048  A 237018
   4346.90642 11.373 11.452 11.392 11.423 11.459    0.039 0.057 0.034 0.040 0.045  A 237875
   4350.90522 11.379 11.352 11.379 11.364 11.362    0.039 0.053 0.037 0.042 0.047  A 238534
   4355.88602 11.433 11.370 11.417 11.420 11.435    0.034 0.044 0.030 0.035 0.040  A 239261
   4362.89772 11.544 11.527 11.537 11.547 11.541    0.037 0.047 0.030 0.034 0.039  A 240261
   4366.87139 11.513 11.456 11.490 11.491 11.488    0.042 0.052 0.035 0.038 0.043  A 240768
   4376.85960 11.493 11.487 11.510 11.520 11.517    0.040 0.054 0.036 0.042 0.049  A 242200
   4380.84200 11.451 11.424 11.471 11.469 11.476    0.039 0.047 0.039 0.045 0.053  A 242790
   4384.83542 11.574 11.579 11.570 11.571 11.610    0.042 0.049 0.038 0.042 0.048  A 243398
   4387.85976 11.508 11.543 11.502 11.516 11.564    0.047 0.055 0.045 0.052 0.059  A 243885
   4404.84993 11.486 11.439 11.453 11.466 11.476    0.037 0.040 0.033 0.037 0.042  A 245402
   4408.80373 11.520 11.492 11.524 11.530 11.536    0.033 0.037 0.032 0.039 0.044  A 245778
   4411.84871 11.428 11.443 11.452 11.469 11.476    0.037 0.039 0.038 0.044 0.049  A 246161
   4421.81135 11.485 11.464 11.476 11.455 11.452    0.039 0.041 0.037 0.044 0.050  A 246599
   4425.80764 12.790 12.823 12.737 12.701 12.640    0.038 0.054 0.033 0.038 0.042  A 246885
   4428.79710 11.491 11.487 11.514 11.539 11.547    0.044 0.064 0.041 0.048 0.054  A 247221
   4431.78412 11.456 11.471 11.464 11.477 11.476    0.038 0.046 0.034 0.038 0.044  A 247582
   4437.76456 11.399 11.401 11.401 11.421 11.430    0.032 0.038 0.027 0.033 0.037  A 248322
   4440.75430 11.452 11.351 11.426 11.435 11.450    0.039 0.056 0.032 0.036 0.040  A 248701
   4443.75598 11.442 11.390 11.437 11.436 11.444    0.036 0.045 0.033 0.037 0.039  A 249016
   4452.72412 11.358 11.397 11.387 11.383 11.369    0.039 0.039 0.042 0.050 0.060  A 250046
   4455.71392 11.371 11.386 11.401 11.415 11.423    0.038 0.057 0.036 0.043 0.050  A 250365
   4457.79367 11.370 11.381 11.358 11.355 11.375    0.033 0.040 0.034 0.040 0.046  A 250610
   4460.71529 12.344 12.344 12.376 12.384 12.364    0.038 0.041 0.038 0.045 0.053  A 250931
   4463.70276 11.439 11.381 11.449 11.470 11.496    0.030 0.035 0.030 0.036 0.042  A 251328
   4465.78969 11.501 11.480 11.499 11.486 11.459    0.039 0.043 0.043 0.053 0.063  A 251574
   4468.71687 11.476 11.461 11.484 11.509 11.548    0.033 0.039 0.034 0.042 0.049  A 251888
   4474.72579 11.412 11.418 11.457 11.474 11.499    0.043 0.062 0.038 0.043 0.049  A 252495
   4477.74005 11.476 11.475 11.494 11.509 11.524    0.036 0.051 0.031 0.036 0.040  A 252801
   4480.65313 11.321 11.318 11.311 11.292 11.318    0.047 0.070 0.047 0.052 0.059  A 253139
   4484.66873 11.411 11.327 11.401 11.382 11.367    0.036 0.055 0.034 0.039 0.046  A 253487
   4486.72397 12.872 12.821 12.802 12.682 12.650    0.052 0.077 0.050 0.058 0.065  B 253737
   4488.78263 11.452 11.449 11.471 11.459 11.440    0.043 0.048 0.046 0.055 0.065  B 253991
   4491.61777 11.351 11.371 11.377 11.407 11.422    0.034 0.044 0.029 0.034 0.039  A 254269
   4493.67450 11.461 11.419 11.459 11.463 11.467    0.030 0.036 0.027 0.031 0.036  A 254536
   4499.66390 13.065 12.861 13.152 13.150 13.113    0.038 0.057 0.033 0.037 0.041  A 255035
   4501.84452 11.528 11.488 11.521 11.537 11.554    0.042 0.067 0.037 0.041 0.045  A 255348
   4504.65799 11.348 11.370 11.383 11.388 11.383    0.040 0.046 0.041 0.051 0.060  A 255709
   4506.76996 11.419 11.419 11.413 11.429 11.433    0.033 0.036 0.032 0.037 0.043  A 256035
   4509.62678 11.418 11.400 11.416 11.410 11.396    0.039 0.043 0.039 0.045 0.052  A 256418
   4511.67104 11.403 11.401 11.423 11.423 11.429    0.036 0.051 0.031 0.036 0.041  A 256693
   4515.61405 11.405 11.416 11.390 11.374 11.389    0.039 0.044 0.043 0.054 0.063  A 257008
   4517.67675 11.458 11.407 11.434 11.415 11.405    0.046 0.049 0.048 0.056 0.066  B 257277
   4519.68091 11.457 11.421 11.466 11.494 11.514    0.038 0.043 0.038 0.046 0.054  A 257585
   4521.69939 11.520 11.560 11.541 11.551 11.558    0.031 0.036 0.028 0.033 0.037  A 257864
   4523.72504 11.473 11.457 11.438 11.421 11.403    0.032 0.037 0.028 0.033 0.038  A 258182
   4525.78016 12.736 12.732 12.767 12.857 12.968    0.040 0.058 0.036 0.040 0.045  A 258481
   4528.58409 11.439 11.466 11.454 11.481 11.522    0.040 0.053 0.040 0.048 0.056  A 258864
   4530.64885 11.428 11.376 11.441 11.459 11.483    0.046 0.070 0.040 0.046 0.051  A 259188
   4532.71711 11.372 11.398 11.375 11.372 11.369    0.035 0.046 0.031 0.036 0.042  A 259511
   4536.56232 11.497 11.445 11.511 11.526 11.529    0.040 0.054 0.038 0.045 0.053  A 259904
   4538.62999 11.573 11.597 11.545 11.534 11.541    0.039 0.052 0.037 0.042 0.048  A 260224
   4540.62851 11.363 11.378 11.372 11.373 11.402    0.044 0.059 0.044 0.052 0.059  A 260507
   4542.63801 11.458 11.431 11.467 11.460 11.423    0.042 0.049 0.045 0.054 0.064  B 260829
   4546.67281 11.416 11.342 11.400 11.410 11.444    0.040 0.051 0.040 0.048 0.056  A 261449
   4548.66990 11.372 11.393 11.366 11.350 11.343    0.039 0.050 0.039 0.047 0.054  A 261786
   4553.65747 11.431 11.435 11.402 11.411 11.412    0.060 0.061 0.067 0.081 0.094  D 262401
   4555.65066 11.406 11.450 11.397 11.391 11.382    0.032 0.038 0.031 0.036 0.042  A 262705
   4557.67033 11.348 11.392 11.343 11.326 11.340    0.034 0.039 0.034 0.040 0.045  A 263038
   4560.56189 12.819 12.863 12.831 12.860 12.901    0.040 0.061 0.034 0.038 0.042  A 263498
   4562.58826 11.424 11.475 11.432 11.438 11.448    0.041 0.061 0.038 0.044 0.051  A 263847
   4564.64561 11.425 11.427 11.451 11.476 11.510    0.038 0.051 0.033 0.038 0.043  A 264198
   4566.65048 11.462 11.419 11.433 11.412 11.394    0.038 0.041 0.037 0.041 0.046  A 264534
   4569.52590 11.539 11.476 11.573 11.598 11.644    0.038 0.048 0.035 0.041 0.047  A 264963
   4571.54900 11.471 11.480 11.445 11.450 11.458    0.038 0.048 0.035 0.042 0.049  A 265307
   4573.58591 12.923 12.874 12.962 12.950 12.950    0.038 0.046 0.038 0.046 0.053  A 265666
   4575.62239 11.380 11.358 11.385 11.386 11.406    0.033 0.036 0.034 0.041 0.048  A 265993
#dataset= 2 ; 2 F0748-32_171
#desig= 080053-3508.9
#cra=    8.014833  08:00:53.4
#cdec= -35.147692 -35:08:51.7
#class= 0
#cmag_0= 11.455
#cmer_0=  0.032
#nskip_0= 0
#cmag_1= 11.468
#cmer_1=  0.058
#nskip_1= 0
#cmag_2= 11.468
#cmer_2=  0.083
#nskip_2= 0
#cmag_3= 11.501
#cmer_3=  0.108
#nskip_3= 0
#cmag_4= 11.499
#cmer_4=  0.085
#nskip_4= 0
#ra=    8.014833  08:00:53.4
#dec= -35.147692 -35:08:51.7
#     HJD      MAG_1  MAG_0  MAG_2  MAG_3  MAG_4    MER_1 MER_0 MER_2 MER_3 MER_4 GRADE FRAME
   1959.60692 11.437 11.406 11.424 11.429 11.446    0.045 0.052 0.035 0.038 0.038  A 10388
   1981.54879 11.443 11.458 11.431 11.461 11.466    0.056 0.068 0.045 0.049 0.047  B 12523
   1993.51723 11.525 11.504 11.549 11.615 11.587    0.070 0.085 0.055 0.057 0.056  D 13280
   3061.69372 29.999 29.999 29.999 29.999 29.999    0.027 0.030 0.029 0.034 0.038  C 92375
   4145.78977 29.999 29.999 29.999 29.999 29.999    0.046 0.077 0.046 0.055 0.060  C 214314
#ndata= 108
#dataset= 3 ; 1 F0824-32_172
#desig= 080052-3509.0
#cra=    8.014527  08:00:52.3
#cdec= -35.149474 -35:08:58.1
#class= 0
#cmag_0= 11.470
#cmer_0=  0.073
#nskip_0= 12
#cmag_1= 11.467
#cmer_1=  0.059
#nskip_1= 12
#cmag_2= 11.465
#cmer_2=  0.058
#nskip_2= 12
#cmag_3= 11.461
#cmer_3=  0.060
#nskip_3= 12
#cmag_4= 11.461
#cmer_4=  0.064
#nskip_4= 12
#ra=    8.014527  08:00:52.3
#dec= -35.149474 -35:08:58.1
#     HJD      MAG_1  MAG_0  MAG_2  MAG_3  MAG_4    MER_1 MER_0 MER_2 MER_3 MER_4 GRADE FRAME
   2212.79678 12.775 12.781 12.731 12.653 12.571    0.044 0.056 0.037 0.042 0.047  A 37989
   2545.83397 11.453 11.508 11.443 11.427 11.426    0.031 0.042 0.028 0.033 0.038  A 20258
   2628.71779 11.375 11.439 11.397 11.411 11.413    0.033 0.037 0.032 0.038 0.044  A 30754
   2657.80676 11.401 11.430 11.397 11.377 99.999    0.036 0.042 0.033 0.038 0.043  C 35498
   2685.64710 11.461 11.425 11.430 11.405 11.397    0.031 0.036 0.030 0.035 0.040  A 40180
   2886.90626 11.669 11.667 11.677 11.684 11.685    0.033 0.031 0.030 0.035 0.040  A 70355
   2976.80754 11.515 11.487 11.508 11.493 11.495    0.031 0.037 0.029 0.034 0.038  A 82921
   3296.86555 11.446 11.466 11.454 11.461 11.480    0.036 0.039 0.029 0.034 0.037  A 118743
   3357.75097 11.489 11.487 11.487 11.470 11.458    0.045 0.087 0.039 0.044 0.048  B 124620
   3363.74077 11.547 11.665 11.533 11.524 11.534    0.048 0.086 0.044 0.049 0.054  B 124975
   3367.69693 11.552 11.561 11.554 11.551 11.545    0.050 0.069 0.045 0.051 0.057  A 125274
   3372.76604 29.999 29.999 29.999 29.999 29.999    0.056 0.099 0.054 0.061 0.069  C 125324
   3387.67019 99.999 99.999 99.999 99.999 99.999    0.043 0.082 0.039 0.044 0.049  C 126328
   3391.77128 11.409 11.432 11.399 11.399 11.402    0.036 0.048 0.033 0.039 0.044  A 126878
   4090.74586 11.560 11.645 11.544 11.551 11.547    0.046 0.074 0.038 0.043 0.047  B 209288
   4105.69752 11.532 11.576 11.539 11.532 11.522    0.040 0.065 0.039 0.046 0.050  A 210840
   4107.74598 11.460 11.448 11.479 11.475 11.464    0.031 0.036 0.032 0.039 0.045  A 211139
   4111.74844 11.381 11.379 11.387 11.397 11.380    0.037 0.069 0.035 0.039 0.044  A 211423
   4127.64237 11.480 11.508 11.483 11.497 11.508    0.044 0.075 0.038 0.042 0.045  B 211799
   4129.68738 11.540 11.569 11.537 11.532 11.538    0.046 0.068 0.044 0.052 0.057  A 212080
   4131.72102 11.430 11.438 11.443 11.457 11.459    0.059 0.098 0.053 0.056 0.058  B 212345
   4133.73250 11.457 11.427 11.490 11.504 11.483    0.053 0.089 0.050 0.056 0.063  B 212617
   4135.75284 11.424 11.387 11.439 11.468 11.484    0.039 0.055 0.036 0.041 0.046  A 212892
   4137.75309 11.447 11.415 11.442 11.417 11.429    0.040 0.052 0.037 0.043 0.050  A 213169
   4146.65946 11.494 11.496 11.492 11.493 11.502    0.048 0.083 0.047 0.052 0.056  B 214420
   4149.74113 11.482 11.488 11.467 11.468 11.433    0.037 0.051 0.038 0.046 0.052  A 214693
   4151.78169 12.426 12.408 12.450 12.475 12.438    0.033 0.039 0.034 0.041 0.046  A 215011
   4154.57482 11.423 11.445 11.426 11.426 11.452    0.040 0.065 0.035 0.040 0.043  A 215394
   4156.62117 11.401 11.379 11.419 11.438 11.433    0.053 0.073 0.048 0.050 0.052  A 215708
   4158.63868 11.517 11.471 11.466 11.445 11.452    0.045 0.066 0.042 0.046 0.049  A 215991
   4160.66842 12.851 12.841 12.950 13.123 13.132    0.032 0.040 0.033 0.039 0.045  A 216313
   4162.67033 11.464 11.437 11.464 11.474 11.469    0.053 0.092 0.049 0.055 0.059  B 216637
   4164.69753 11.537 11.612 11.510 11.488 11.477    0.042 0.053 0.042 0.049 0.054  A 216923
   4167.63178 11.436 11.415 11.433 11.414 11.427    0.041 0.086 0.038 0.044 0.046  B 217312
   4172.67212 11.407 11.372 11.403 11.399 11.390    0.035 0.046 0.032 0.038 0.043  A 217923
   4174.68844 11.398 11.376 11.428 11.428 11.451    0.042 0.065 0.037 0.041 0.046  A 218246
   4179.71900 11.444 11.429 11.453 11.430 11.431    0.034 0.041 0.034 0.041 0.046  A 218864
   4181.72761 11.431 11.370 11.446 11.475 11.533    0.051 0.049 0.054 0.065 0.075  D 219143
   4184.53476 11.562 11.668 11.524 11.529 11.538    0.035 0.052 0.034 0.041 0.045  A 219516
   4188.58269 11.452 11.434 11.468 11.466 11.444    0.034 0.037 0.030 0.036 0.041  A 219921
   4190.59718 11.526 11.544 11.496 11.503 11.521    0.034 0.042 0.032 0.038 0.043  A 220223
   4192.59928 11.420 11.448 11.448 11.459 11.458    0.033 0.036 0.032 0.038 0.043  A 220548
   4197.63342 11.625 11.610 11.614 11.600 11.594    0.035 0.044 0.034 0.041 0.046  A 221198
   4199.68934 12.792 12.789 12.679 12.489 12.336    0.046 0.051 0.054 0.067 0.077  D 221398
   4213.61333 11.848 11.921 11.822 11.783 11.769    0.040 0.049 0.041 0.049 0.057  A 222577
   4216.62467 11.541 11.538 11.511 11.475 11.465    0.040 0.049 0.034 0.039 0.043  A 222863
   4227.51155 11.402 11.397 11.438 11.426 11.440    0.037 0.047 0.030 0.035 0.039  A 223114
   4229.53112 11.452 11.521 11.461 11.468 11.470    0.034 0.040 0.032 0.038 0.043  A 223478
   4231.53650 11.391 11.445 11.374 11.361 11.397    0.037 0.039 0.037 0.044 0.052  A 223838
   4346.91613 11.469 11.533 11.423 11.405 11.414    0.050 0.066 0.057 0.073 0.081  D 237879
   4363.89859 11.416 11.388 11.424 11.439 11.441    0.043 0.051 0.038 0.045 0.050  A 240430
   4368.87729 11.485 11.466 11.494 11.503 11.516    0.043 0.051 0.039 0.045 0.051  A 241065
   4372.86828 11.514 11.506 11.500 11.487 11.476    0.040 0.042 0.042 0.051 0.058  A 241710
   4376.87429 11.548 11.545 11.552 11.546 11.510    0.038 0.041 0.038 0.045 0.052  A 242206
   4380.86170 11.495 11.488 11.491 11.473 11.460    0.040 0.048 0.039 0.046 0.052  A 242797
   4384.85257 11.535 11.523 11.545 11.542 11.518    0.046 0.049 0.044 0.049 0.054  A 243405
   4388.87374 11.551 11.564 11.521 11.501 11.493    0.039 0.041 0.035 0.040 0.046  A 244031
   4392.85350 11.520 11.481 11.515 11.521 11.520    0.042 0.065 0.039 0.045 0.050  A 244579
   4403.84099 11.588 11.598 11.579 11.578 11.550    0.035 0.039 0.032 0.038 0.043  A 245330
   4407.85498 11.524 11.518 11.508 11.488 11.467    0.039 0.049 0.036 0.042 0.048  A 245655
   4410.84449 11.534 11.506 99.999 99.999 99.999    0.038 0.051 0.036 0.042 0.048  C 246037
   4421.84368 11.511 11.527 11.499 11.516 11.493    0.039 0.046 0.036 0.043 0.048  A 246610
   4425.84726 12.913 12.838 12.932 12.916 12.893    0.035 0.048 0.033 0.038 0.042  A 246898
   4429.78049 11.578 11.548 11.592 11.614 11.643    0.038 0.042 0.036 0.043 0.050  A 247349
   4432.80465 11.462 11.446 11.481 11.474 11.473    0.040 0.050 0.037 0.044 0.049  A 247723
   4435.79764 11.376 11.366 11.389 11.397 11.416    0.034 0.044 0.032 0.037 0.042  A 248082
   4438.78741 12.874 12.878 12.904 12.903 12.885    0.047 0.062 0.042 0.046 0.052  A 248454
   4441.77312 11.524 11.575 11.528 11.527 11.521    0.041 0.051 0.037 0.042 0.047  A 248824
   4453.74608 11.442 11.405 11.439 11.436 11.445    0.043 0.056 0.041 0.044 0.048  A 250159
   4456.73391 11.428 11.368 11.428 11.406 11.414    0.044 0.045 0.046 0.056 0.066  A 250481
   4459.73439 11.480 11.515 11.444 11.413 11.401    0.044 0.064 0.042 0.051 0.059  A 250841
   4461.81042 11.467 11.508 11.453 11.459 11.483    0.038 0.041 0.037 0.044 0.052  A 251093
   4464.72487 11.857 11.806 11.834 11.812 11.796    0.039 0.050 0.036 0.041 0.046  A 251442
   4467.71782 11.468 11.553 11.442 11.436 11.412    0.041 0.052 0.042 0.049 0.054  A 251780
   4470.72711 11.448 11.422 11.447 11.434 11.463    0.034 0.050 0.032 0.038 0.043  A 252126
   4473.77222 12.268 12.235 12.293 12.333 12.387    0.042 0.056 0.039 0.047 0.052  A 252410
   4476.82826 11.459 11.402 11.537 11.548 11.539    0.059 0.073 0.061 0.075 0.087  D 252705
   4479.68603 11.454 11.441 11.417 11.412 11.413    0.038 0.053 0.034 0.040 0.044  A 253032
   4482.72257 11.451 11.456 11.473 11.470 11.472    0.040 0.043 0.040 0.044 0.047  A 253344
   4485.72145 11.458 11.449 11.424 11.407 11.397    0.036 0.048 0.037 0.044 0.050  A 253618
   4487.74162 11.338 11.369 11.343 11.318 11.314    0.035 0.040 0.035 0.041 0.047  A 253859
   4489.80040 99.999 99.999 99.999 99.999 99.999    0.044 0.058 0.041 0.046 0.052  C 254117
   4492.64791 11.410 11.448 11.396 11.366 11.321    0.037 0.049 0.034 0.040 0.046  A 254402
   4497.81074 11.457 11.447 11.432 11.408 11.378    0.036 0.038 0.035 0.042 0.049  A 254814
   4500.63105 11.367 11.366 11.359 11.356 11.348    0.048 0.057 0.050 0.059 0.066  B 255143
   4505.61813 11.426 11.426 11.406 11.404 11.391    0.038 0.043 0.037 0.045 0.052  A 255844
   4509.75388 11.390 11.397 11.380 11.368 11.352    0.039 0.043 0.039 0.045 0.051  A 256460
   4511.81365 11.420 11.444 11.433 11.448 11.458    0.037 0.050 0.034 0.040 0.045  A 256737
   4515.65358 11.533 11.506 11.519 11.501 11.542    0.046 0.052 0.051 0.063 0.072  B 257020
   4517.71485 11.526 11.579 11.520 11.548 11.576    0.041 0.053 0.038 0.044 0.049  A 257289
   4519.74014 11.358 11.395 11.400 11.408 11.430    0.040 0.043 0.040 0.048 0.055  A 257605
   4521.75434 11.510 11.474 11.499 11.494 11.478    0.035 0.041 0.033 0.038 0.043  A 257884
   4523.78915 11.472 11.475 11.491 11.502 11.529    0.035 0.039 0.033 0.039 0.043  A 258204
   4526.59374 11.475 11.532 11.430 11.435 11.407    0.043 0.048 0.043 0.051 0.058  A 258563
   4528.65257 11.472 11.456 11.473 11.469 11.477    0.043 0.056 0.040 0.046 0.052  A 258887
   4536.66228 11.414 11.446 11.399 11.400 11.395    0.043 0.055 0.039 0.046 0.051  A 259939
   4538.70062 12.044 12.124 12.028 12.019 12.015    0.041 0.064 0.039 0.045 0.050  A 260248
   4540.75277 11.411 11.430 11.420 11.436 11.411    0.046 0.056 0.047 0.057 0.066  A 260547
   4542.66792 11.452 11.521 11.466 11.489 11.479    0.048 0.067 0.051 0.064 0.073  D 260839
   4546.70128 11.425 11.379 11.428 11.402 11.379    0.039 0.043 0.042 0.049 0.055  A 261459
   4553.67912 11.390 11.441 11.375 11.382 11.398    0.073 0.076 0.079 0.093 0.106  D 262408
   4558.53649 11.561 11.550 11.586 11.572 11.572    0.039 0.047 0.034 0.041 0.046  A 263159
   4560.60002 12.896 12.945 12.906 13.032 13.078    0.042 0.062 0.037 0.041 0.046  A 263511
   4562.64170 11.496 11.482 11.475 11.433 11.451    0.038 0.051 0.035 0.042 0.048  A 263863
   4565.51108 11.442 11.342 11.456 11.456 11.453    0.039 0.051 0.037 0.043 0.048  A 264321
   4567.54814 11.541 11.465 11.565 11.556 11.571    0.043 0.048 0.038 0.043 0.049  A 264665
   4569.56960 11.410 11.419 11.443 11.438 11.421    0.042 0.042 0.037 0.042 0.048  A 264977
   4571.58481 11.453 11.438 11.475 11.501 11.497    0.041 0.055 0.039 0.045 0.051  A 265319
