#ndata= 3
#dataset= 1 ; 1 F0800+08_393
#desig= 082703+1036.1
#cra=    8.450873  08:27:03.1
#cdec=  10.602018 10:36:07.3
#class= 0
#cmag_0= 12.654
#cmer_0=  0.053
#nskip_0= 0
#cmag_1= 12.661
#cmer_1=  0.022
#nskip_1= 0
#cmag_2= 12.650
#cmer_2=  0.006
#nskip_2= 0
#cmag_3= 12.596
#cmer_3=  0.030
#nskip_3= 0
#cmag_4= 12.558
#cmer_4=  0.042
#nskip_4= 0
#ra=    8.450873  08:27:03.1
#dec=  10.602018 10:36:07.3
#     HJD      MAG_0  MAG_1  MAG_2  MAG_3  MAG_4    MER_0 MER_1 MER_2 MER_3 MER_4 GRADE FRAME
   2628.74253 12.607 12.612 12.621 12.570 12.540    0.032 0.031 0.030 0.035 0.040  A 30764
   2635.72877 12.715 12.700 12.660 12.588 12.538    0.027 0.027 0.026 0.029 0.033  A 32265
   2679.65196 12.641 12.672 12.670 12.631 12.599    0.032 0.028 0.025 0.028 0.033  A 39139
#ndata= 317
#dataset= 2 ; 1 F0832+08_394
#desig= 082703+1036.1
#cra=    8.450788  08:27:02.8
#cdec=  10.600873 10:36:03.1
#class= 0
#cmag_0= 12.613
#cmer_0=  0.108
#nskip_0= 1
#cmag_1= 12.617
#cmer_1=  0.107
#nskip_1= 1
#cmag_2= 12.617
#cmer_2=  0.111
#nskip_2= 1
#cmag_3= 12.622
#cmer_3=  0.124
#nskip_3= 3
#cmag_4= 12.625
#cmer_4=  0.147
#nskip_4= 3
#ra=    8.450788  08:27:02.8
#dec=  10.600873 10:36:03.1
#     HJD      MAG_0  MAG_1  MAG_2  MAG_3  MAG_4    MER_0 MER_1 MER_2 MER_3 MER_4 GRADE FRAME
   2031.51561 12.604 12.626 12.591 12.598 12.639    0.045 0.028 0.027 0.031 0.035  A 17971
   2554.88696 12.498 12.522 12.645 12.749 12.797    0.072 0.062 0.051 0.056 0.060  A 21617
   2558.87032 12.509 12.546 12.579 12.569 12.587    0.027 0.028 0.022 0.023 0.026  A 22148
   2562.85999 12.555 12.550 12.539 12.541 12.554    0.031 0.026 0.025 0.030 0.033  A 22831
   2564.87366 12.520 12.486 12.495 12.521 12.567    0.028 0.033 0.030 0.035 0.038  A 23195
   2578.83287 12.485 12.526 12.503 12.479 12.412    0.039 0.039 0.035 0.041 0.043  A 25030
   2621.83876 12.654 12.616 12.591 12.575 12.580    0.027 0.027 0.024 0.027 0.030  A 29886
   2623.79525 12.630 12.685 12.713 12.710 12.691    0.033 0.023 0.021 0.023 0.026  A 30199
   2625.78330 12.587 12.623 12.652 12.632 12.583    0.026 0.029 0.025 0.028 0.031  A 30476
   2628.74253 12.629 12.599 12.612 12.572 12.534    0.031 0.032 0.031 0.037 0.042  A 30764
   2632.81026 12.667 12.703 12.670 12.638 12.632    0.026 0.025 0.024 0.029 0.032  A 32006
   2635.72877 12.737 12.707 12.666 12.600 12.549    0.039 0.039 0.039 0.044 0.053  A 32265
   2639.77442 12.767 12.775 12.749 12.740 12.734    0.022 0.021 0.019 0.021 0.024  A 32884
   2641.77464 12.756 12.781 12.779 12.806 12.845    0.020 0.021 0.021 0.022 0.025  A 33167
   2643.81205 99.999 99.999 99.999 99.999 99.999    0.029 0.035 0.036 0.033 0.033  C 33494
   2645.77100 12.772 12.726 12.713 12.710 12.711    0.024 0.025 0.021 0.023 0.025  A 33774
   2647.74418 29.999 29.999 29.999 29.999 29.999    0.043 0.045 0.049 0.057 0.067  C 34059
   2650.72284 12.746 12.756 12.763 12.777 12.779    0.021 0.022 0.021 0.024 0.027  A 34316
   2652.74286 12.797 12.806 12.797 12.801 12.820    0.028 0.024 0.021 0.022 0.024  A 34630
   2655.69736 12.678 12.762 12.767 12.732 12.675    0.029 0.029 0.027 0.030 0.034  A 35255
   2659.73053 12.658 12.683 12.684 12.665 12.595    0.027 0.026 0.026 0.030 0.035  A 35806
   2661.72773 12.676 12.649 12.607 12.560 12.534    0.027 0.022 0.022 0.026 0.029  A 36147
   2663.72416 12.674 12.722 12.661 12.645 12.609    0.032 0.050 0.030 0.029 0.030  A 36484
   2665.71582 12.681 12.687 12.674 12.673 12.703    0.022 0.021 0.019 0.021 0.024  A 36831
   2667.71654 12.680 12.665 12.649 12.615 12.618    0.021 0.021 0.020 0.022 0.024  A 37136
   2669.70598 12.761 12.712 12.701 12.715 12.670    0.025 0.025 0.022 0.025 0.028  A 37458
   2671.70508 12.650 12.658 12.658 12.681 12.690    0.024 0.021 0.020 0.022 0.026  A 37787
   2673.70088 12.648 12.624 12.628 12.616 12.681    0.023 0.022 0.022 0.025 0.028  A 38121
   2675.68737 12.654 12.620 12.626 12.623 12.605    0.022 0.022 0.020 0.022 0.025  A 38476
   2677.67846 12.770 12.694 12.647 12.647 12.610    0.028 0.033 0.026 0.028 0.030  A 38819
   2681.66792 12.690 12.683 12.653 12.612 12.604    0.027 0.030 0.025 0.025 0.028  A 39469
   2683.66107 12.623 12.703 12.814 12.908 12.982    0.031 0.030 0.029 0.032 0.037  A 39823
   2688.77998 12.622 12.673 12.741 12.714 12.702    0.038 0.037 0.040 0.047 0.056  A 40781
   2690.71441 12.677 12.608 12.581 12.526 12.459    0.035 0.029 0.026 0.028 0.032  A 41124
   2692.68800 12.596 12.566 12.554 12.577 12.657    0.026 0.022 0.022 0.026 0.030  A 41463
   2694.69231 12.605 12.598 12.601 12.606 12.605    0.026 0.025 0.022 0.024 0.027  A 41788
   2696.70736 12.541 12.545 12.546 12.564 12.558    0.028 0.022 0.019 0.021 0.024  A 42119
   2698.69061 12.627 12.627 12.638 12.654 12.680    0.033 0.024 0.024 0.027 0.032  A 42529
   2700.68558 12.605 12.580 12.578 12.583 12.545    0.023 0.023 0.021 0.024 0.026  A 42914
   2702.67286 12.553 12.559 12.558 12.554 12.537    0.025 0.024 0.022 0.024 0.027  A 43289
   2706.63408 12.534 12.564 12.516 12.480 12.498    0.025 0.026 0.021 0.023 0.026  A 44028
   2711.53729 12.488 12.498 12.480 12.446 12.427    0.028 0.027 0.024 0.026 0.030  A 44901
   2714.58497 12.464 12.418 12.392 12.403 12.389    0.030 0.027 0.027 0.032 0.037  A 45490
   2717.57654 12.423 12.489 12.576 12.624 12.627    0.031 0.027 0.025 0.030 0.034  A 45829
   2719.65650 12.444 12.471 12.456 12.394 12.348    0.046 0.036 0.033 0.039 0.045  A 46105
   2721.62671 12.424 12.448 12.441 12.451 12.442    0.046 0.028 0.025 0.028 0.030  A 46478
   2723.62841 12.499 12.501 12.452 12.418 12.416    0.022 0.023 0.021 0.023 0.026  A 46867
   2725.62356 12.481 12.478 12.466 12.459 12.440    0.036 0.024 0.021 0.023 0.025  A 47257
   2727.61706 12.537 12.511 12.528 12.515 12.501    0.030 0.024 0.021 0.023 0.026  A 47644
   2729.61480 12.589 12.549 12.556 12.566 12.575    0.044 0.027 0.023 0.025 0.027  A 48051
   2733.60278 12.681 12.620 12.585 12.538 12.494    0.044 0.029 0.027 0.029 0.032  A 48605
   2735.59818 12.596 12.645 12.663 12.679 12.659    0.034 0.024 0.020 0.022 0.025  A 49009
   2737.58534 12.627 12.615 12.595 12.555 12.554    0.046 0.041 0.028 0.030 0.031  A 49400
   2742.49746 12.579 12.578 12.574 12.582 12.602    0.031 0.030 0.025 0.029 0.032  A 50300
   2744.49820 12.665 12.633 12.619 12.609 12.590    0.031 0.030 0.027 0.030 0.035  A 50681
   2746.55077 12.696 12.648 12.641 12.606 12.713    0.037 0.035 0.035 0.043 0.051  A 50969
   2751.50649 12.582 12.583 12.582 12.615 12.643    0.034 0.028 0.025 0.027 0.031  A 51773
   2754.50931 12.546 12.558 12.530 12.502 12.475    0.036 0.033 0.027 0.031 0.034  A 52189
   2758.50397 12.490 12.488 12.556 12.625 12.657    0.048 0.047 0.050 0.058 0.067  A 53022
   2760.52611 12.442 12.517 12.523 12.513 12.484    0.028 0.027 0.021 0.023 0.025  A 53378
   2762.52484 12.405 12.474 12.488 12.490 12.508    0.038 0.034 0.029 0.032 0.035  A 53786
   2764.50925 12.512 12.500 12.490 12.493 12.487    0.027 0.024 0.020 0.020 0.023  A 54192
   2776.49639 12.601 12.593 12.569 12.564 12.570    0.043 0.027 0.025 0.028 0.033  A 55249
   2783.50795 12.648 12.676 12.691 12.706 12.748    0.028 0.025 0.021 0.023 0.026  A 55881
   2786.45596 12.684 12.676 12.657 12.644 12.648    0.031 0.025 0.021 0.024 0.026  A 56492
   2789.45949 12.610 12.590 12.582 12.617 12.632    0.027 0.031 0.023 0.027 0.030  A 57033
   2796.45346 12.808 12.849 12.798 12.779 12.741    0.042 0.035 0.027 0.030 0.032  A 58309
   2924.86998 12.545 12.561 12.558 12.547 12.540    0.032 0.034 0.031 0.032 0.037  A 75728
   2934.86250 12.535 12.502 12.502 12.528 12.532    0.025 0.024 0.022 0.024 0.028  A 77346
   2944.84533 12.687 12.717 12.692 12.654 12.698    0.034 0.035 0.036 0.044 0.054  A 78616
   2951.84305 12.718 12.654 12.671 12.675 12.575    0.028 0.026 0.025 0.031 0.036  A 79646
   2955.83462 12.721 12.734 12.730 12.724 12.741    0.033 0.025 0.025 0.029 0.035  A 80165
   2961.82770 12.802 12.767 12.757 12.669 12.586    0.028 0.028 0.028 0.033 0.037  A 80993
   2965.81347 12.672 12.704 12.685 12.704 12.732    0.025 0.028 0.026 0.030 0.035  A 81555
   2968.83237 12.854 12.892 12.884 12.919 12.964    0.041 0.031 0.028 0.033 0.037  A 81983
   2973.81841 12.723 12.741 12.739 12.720 12.718    0.031 0.026 0.023 0.025 0.028  A 82513
   2976.78415 12.677 12.702 12.721 12.760 12.821    0.034 0.031 0.029 0.033 0.037  A 82911
   2979.78313 12.670 12.658 12.619 12.593 12.595    0.027 0.025 0.024 0.027 0.030  A 83311
   2982.80274 12.750 12.731 12.721 12.701 12.733    0.042 0.039 0.039 0.047 0.055  A 83706
   2987.82872 12.570 12.687 12.699 12.692 12.682    0.038 0.030 0.027 0.032 0.036  A 84377
   2990.77478 12.518 12.543 12.565 12.572 12.545    0.024 0.027 0.022 0.025 0.028  A 84695
   2996.76358 12.602 12.591 12.580 12.562 12.574    0.030 0.028 0.025 0.029 0.033  A 85493
   2998.80336 12.639 12.710 12.693 12.687 12.758    0.048 0.037 0.041 0.046 0.052  A 85784
   3001.77645 12.545 12.579 12.546 12.507 12.495    0.031 0.023 0.020 0.023 0.025  A 86040
   3006.73954 12.725 12.724 12.752 12.823 12.871    0.031 0.024 0.022 0.027 0.030  A 86625
   3008.74793 12.762 12.726 12.747 12.709 12.716    0.045 0.026 0.025 0.029 0.033  A 86884
   3010.75531 12.701 12.698 12.699 12.745 12.774    0.036 0.032 0.029 0.034 0.038  A 87154
   3015.75309 29.999 29.999 29.999 29.999 29.999    0.035 0.034 0.035 0.040 0.049  C 87664
   3019.78293 12.722 12.689 12.640 12.631 12.634    0.032 0.022 0.022 0.025 0.028  A 88193
   3028.77248 12.594 12.629 12.598 12.589 12.584    0.035 0.028 0.024 0.027 0.030  A 88591
   3033.70378 12.708 12.671 12.630 12.605 12.572    0.026 0.024 0.021 0.025 0.029  A 89047
   3035.72552 12.627 12.674 12.666 12.659 12.674    0.029 0.024 0.024 0.028 0.033  A 89281
   3042.68209 29.999 29.999 29.999 29.999 29.999    0.041 0.037 0.038 0.045 0.052  C 89809
   3044.70720 12.968 12.900 12.951 13.014 13.090    0.037 0.028 0.028 0.033 0.038  A 90079
   3047.66659 12.855 12.906 12.905 12.892 12.875    0.028 0.027 0.025 0.030 0.033  A 90473
   3050.64464 12.695 12.669 12.651 12.611 12.544    0.023 0.026 0.022 0.025 0.028  A 90863
   3053.62963 12.918 12.866 12.841 12.820 12.775    0.045 0.041 0.038 0.042 0.045  A 91263
   3055.69436 12.963 12.968 12.902 12.875 12.939    0.039 0.037 0.037 0.044 0.051  A 91564
   3057.73615 13.071 13.119 13.213 13.372 13.571    0.056 0.042 0.041 0.046 0.052  A 91852
   3060.62885 12.904 12.916 12.960 12.964 12.941    0.027 0.026 0.024 0.028 0.031  A 92204
   3064.67504 12.795 12.859 12.904 12.870 12.817    0.036 0.030 0.032 0.036 0.042  A 92760
   3069.60775 12.721 12.702 12.700 12.743 12.751    0.038 0.034 0.036 0.043 0.049  A 93329
   3071.61627 12.680 12.697 12.681 12.640 12.577    0.036 0.032 0.033 0.038 0.045  A 93622
   3073.65442 12.627 12.685 12.680 12.670 12.608    0.044 0.031 0.031 0.036 0.043  A 93876
   3075.67482 12.690 12.770 12.785 12.799 12.788    0.028 0.025 0.026 0.032 0.036  A 94150
   3077.69009 12.695 12.674 12.594 12.547 12.541    0.045 0.036 0.041 0.047 0.052  A 94440
   3079.70123 12.687 12.673 12.653 12.626 12.555    0.034 0.029 0.026 0.030 0.034  A 94732
   3082.57172 12.626 12.609 12.599 12.608 12.574    0.037 0.035 0.034 0.036 0.039  A 95134
   3086.57285 12.569 12.530 12.504 12.471 12.421    0.038 0.033 0.038 0.043 0.047  A 95430
   3088.58864 12.535 12.498 12.499 12.462 12.392    0.036 0.036 0.036 0.039 0.046  A 95746
   3090.59908 12.487 12.443 12.453 12.485 12.576    0.028 0.026 0.024 0.029 0.033  A 96054
   3092.59994 12.546 12.534 12.504 12.505 12.503    0.025 0.026 0.023 0.025 0.029  A 96363
   3097.52831 12.568 12.600 12.668 12.731 12.778    0.030 0.026 0.026 0.031 0.035  A 96771
   3099.54525 12.627 12.591 12.620 12.605 12.688    0.045 0.041 0.045 0.053 0.060  A 97093
   3101.56606 12.514 12.529 12.544 12.532 12.520    0.029 0.029 0.028 0.032 0.038  A 97403
   3103.57263 12.664 12.630 12.638 12.636 12.572    0.031 0.025 0.024 0.029 0.034  A 97721
   3105.56723 12.745 12.726 12.708 12.749 12.783    0.035 0.030 0.030 0.033 0.038  A 98038
   3107.56998 12.696 12.681 12.634 12.612 12.620    0.026 0.024 0.022 0.026 0.028  A 98356
   3109.57530 12.719 12.665 12.617 12.585 12.603    0.030 0.026 0.023 0.026 0.030  A 98668
   3111.57569 12.667 12.641 12.637 12.625 12.614    0.027 0.028 0.024 0.029 0.033  A 98981
   3113.58692 12.721 12.769 12.782 12.817 12.869    0.046 0.031 0.029 0.033 0.038  A 99306
   3115.59652 12.652 12.607 12.579 12.518 12.488    0.031 0.028 0.023 0.027 0.031  A 99641
   3124.47322 12.580 12.585 12.595 12.599 12.605    0.024 0.026 0.023 0.026 0.031  A 100492
   3126.54173 12.545 12.477 12.455 12.469 12.464    0.044 0.032 0.035 0.040 0.044  A 100847
   3128.56896 12.497 12.516 12.497 12.484 12.459    0.036 0.033 0.032 0.037 0.042  A 101173
   3131.49853 12.601 12.598 12.660 12.711 12.819    0.038 0.030 0.026 0.030 0.034  A 101603
   3133.51704 12.529 12.496 12.510 12.497 12.438    0.050 0.036 0.036 0.042 0.046  A 101943
   3142.51290 12.556 12.605 12.636 12.679 12.709    0.024 0.023 0.021 0.024 0.027  A 103067
   3146.50002 12.546 12.549 12.527 12.533 12.536    0.028 0.028 0.024 0.026 0.030  A 103470
   3159.46034 29.999 29.999 29.999 29.999 29.999    0.051 0.053 0.057 0.064 0.075  C 104515
   3163.46252 12.618 12.614 12.571 12.557 12.575    0.026 0.025 0.022 0.026 0.030  A 104963
   3167.45817 12.517 12.523 12.493 12.484 12.492    0.037 0.032 0.030 0.035 0.039  A 105518
   3171.44713 12.443 12.440 12.494 12.528 12.550    0.033 0.032 0.031 0.037 0.044  A 106123
   3356.78312 12.701 12.716 12.698 12.656 12.602    0.049 0.033 0.035 0.040 0.046  A 124516
   3404.75074 12.824 12.820 12.835 12.834 12.827    0.045 0.033 0.034 0.036 0.041  A 128447
   3406.81188 12.933 12.868 12.977 13.145 13.293    0.084 0.054 0.056 0.064 0.072  A 128781
   3409.63661 12.835 12.843 12.848 12.856 12.891    0.048 0.032 0.030 0.034 0.038  A 129186
   3411.67033 12.719 12.741 12.719 12.688 12.701    0.072 0.037 0.034 0.038 0.042  A 129492
   3413.71686 12.702 12.679 99.999 99.999 99.999    0.036 0.031 0.031 0.035 0.039  C 129808
   3415.72908 12.729 12.720 12.746 12.777 12.763    0.084 0.043 0.035 0.036 0.039  A 130139
   3417.73436 12.766 12.790 12.833 12.869 12.910    0.056 0.035 0.034 0.038 0.043  A 130453
   3419.71280 12.708 12.685 12.660 12.622 12.589    0.062 0.038 0.034 0.036 0.040  A 130764
   3424.63719 12.522 12.471 12.484 12.538 12.683    0.087 0.052 0.049 0.057 0.065  A 131506
   3426.63488 12.656 12.595 12.568 12.580 12.545    0.087 0.051 0.045 0.049 0.055  A 131839
   3428.64378 12.486 12.502 12.506 12.524 12.459    0.071 0.041 0.037 0.040 0.045  A 132152
   3430.64092 12.471 12.500 12.507 12.519 12.511    0.072 0.040 0.035 0.038 0.044  A 132192
   3432.63906 12.569 12.602 12.630 12.671 12.680    0.065 0.038 0.038 0.043 0.047  A 132518
   3434.63758 12.487 12.517 12.498 12.465 12.491    0.102 0.058 0.056 0.063 0.070  B 132835
   3437.62940 12.490 12.477 12.459 12.455 12.453    0.037 0.029 0.028 0.032 0.036  A 133135
   3440.62068 12.521 12.594 12.646 12.701 12.779    0.051 0.033 0.030 0.034 0.039  A 133478
   3443.67150 12.486 12.522 12.514 12.489 12.509    0.083 0.045 0.041 0.045 0.049  A 133757
   3445.65234 12.663 12.579 12.549 12.574 12.635    0.075 0.042 0.036 0.038 0.042  A 134107
   3447.64889 12.574 12.614 12.595 12.566 12.556    0.066 0.043 0.040 0.042 0.045  A 134743
   3452.59377 12.439 12.499 12.537 12.576 12.634    0.052 0.033 0.033 0.038 0.044  A 135473
   3454.61324 12.612 12.642 12.617 12.615 12.700    0.073 0.043 0.041 0.045 0.051  A 135814
   3456.60085 12.523 12.528 12.586 12.697 12.777    0.084 0.043 0.040 0.043 0.047  A 136163
   3458.59270 12.542 12.569 12.577 12.604 12.593    0.064 0.036 0.034 0.037 0.043  A 136515
   3460.59368 12.446 12.511 12.529 12.547 12.560    0.077 0.039 0.035 0.037 0.041  A 136882
   3462.60010 12.602 12.586 12.569 12.543 12.543    0.071 0.042 0.040 0.044 0.049  A 137156
   3464.63145 12.543 12.522 12.503 12.507 12.592    0.081 0.043 0.041 0.043 0.047  A 137490
   3466.64630 12.415 12.422 12.425 12.407 12.446    0.061 0.037 0.034 0.037 0.043  A 137832
   3469.63854 12.434 12.489 12.519 12.535 12.528    0.065 0.039 0.035 0.038 0.042  A 138250
   3472.51732 99.999 99.999 99.999 99.999 99.999    0.040 0.030 0.030 0.034 0.038  C 138673
   3474.54662 12.570 12.588 12.576 12.578 12.556    0.031 0.028 0.027 0.031 0.036  A 139018
   3479.53567 12.583 12.620 12.705 12.818 12.932    0.080 0.049 0.047 0.054 0.060  A 139822
   3481.54887 12.599 12.603 12.602 12.576 12.539    0.075 0.038 0.036 0.039 0.044  A 140147
   3483.55992 12.518 12.419 12.381 12.386 12.386    0.081 0.050 0.050 0.058 0.066  A 140469
   3490.52811 12.687 12.658 12.734 12.706 12.586    0.103 0.059 0.057 0.063 0.069  B 141099
   3497.52358 12.663 12.719 12.732 12.725 12.714    0.048 0.033 0.029 0.033 0.036  A 141883
   3500.52688 12.563 12.603 12.594 12.568 12.623    0.083 0.047 0.046 0.053 0.059  A 142235
   3511.51014 12.577 12.613 12.588 12.546 12.520    0.050 0.035 0.033 0.038 0.043  A 143627
   3521.48007 12.500 12.514 12.480 12.432 12.406    0.062 0.037 0.036 0.041 0.045  A 144789
   3528.46503 12.579 12.576 12.525 12.503 12.543    0.116 0.059 0.057 0.061 0.065  B 145958
   3658.87104 12.683 12.703 12.676 12.662 12.620    0.035 0.033 0.035 0.041 0.047  A 162556
   3664.86882 12.627 12.613 12.577 12.575 12.497    0.039 0.033 0.035 0.041 0.047  A 163436
   3672.85901 12.533 12.516 12.509 12.493 12.508    0.035 0.033 0.032 0.038 0.044  A 164473
   3702.82022 12.588 12.584 12.607 12.615 12.610    0.038 0.030 0.030 0.036 0.040  A 168348
   3706.79773 12.716 12.721 12.766 12.833 12.889    0.053 0.036 0.037 0.043 0.051  A 168894
   3711.84438 12.587 12.571 12.599 12.670 12.694    0.039 0.030 0.031 0.037 0.042  A 169334
   3714.79727 12.662 12.629 12.628 12.618 12.592    0.046 0.032 0.035 0.040 0.047  A 169748
   3717.78822 12.527 12.514 12.504 12.524 12.500    0.044 0.036 0.036 0.042 0.049  A 170130
   3720.77602 12.577 12.587 12.512 12.453 12.418    0.058 0.041 0.042 0.048 0.055  A 170483
   3725.80955 12.547 12.537 12.491 12.440 12.400    0.033 0.031 0.034 0.042 0.050  A 171059
   3728.75705 12.529 12.579 12.622 12.679 12.841    0.071 0.044 0.045 0.051 0.059  A 171453
   3732.73614 12.550 12.620 12.626 12.617 12.592    0.048 0.034 0.035 0.042 0.048  A 171853
   3735.74190 12.680 12.591 12.574 12.562 12.560    0.085 0.047 0.041 0.045 0.048  A 172246
   3740.79201 12.594 12.579 12.609 12.646 12.659    0.052 0.036 0.036 0.042 0.048  A 172959
   3743.71647 12.640 12.626 12.631 12.660 12.642    0.042 0.033 0.035 0.039 0.044  A 173305
   3745.80159 12.440 12.498 12.471 12.437 12.365    0.071 0.041 0.038 0.043 0.049  A 173604
   3748.71568 12.532 12.459 12.419 12.369 12.194    0.046 0.038 0.041 0.049 0.057  A 173980
   3752.74244 12.642 12.682 12.697 12.738 12.672    0.071 0.043 0.042 0.048 0.055  A 174551
   3755.69069 12.613 12.608 12.539 12.481 12.477    0.044 0.030 0.035 0.041 0.049  A 174936
   3757.74472 12.700 12.563 12.502 12.484 12.500    0.080 0.047 0.044 0.049 0.055  A 175235
   3760.67709 12.605 12.656 12.617 12.565 12.569    0.044 0.031 0.033 0.036 0.041  A 175633
   3762.75242 12.658 12.630 12.648 12.686 12.687    0.080 0.046 0.050 0.060 0.065  A 175910
   3765.65747 12.516 12.482 12.498 12.524 12.541    0.040 0.030 0.033 0.037 0.042  A 176300
   3768.65342 12.484 12.524 12.526 12.527 12.529    0.038 0.029 0.031 0.035 0.041  A 176717
   3773.64435 12.539 12.526 12.520 12.516 12.566    0.056 0.037 0.040 0.048 0.056  A 177359
   3775.67066 12.473 12.456 12.511 12.546 12.490    0.037 0.036 0.040 0.046 0.055  A 177654
   3779.66395 12.433 12.503 12.510 12.474 12.405    0.075 0.048 0.047 0.057 0.067  A 178260
   3788.63646 12.562 12.584 12.564 12.528 12.661    0.099 0.055 0.052 0.056 0.061  B 178975
   3790.69962 12.542 12.498 12.492 12.489 12.463    0.074 0.043 0.040 0.046 0.051  A 179267
   3793.62383 99.999 99.999 99.999 99.999 99.999    0.068 0.046 0.046 0.051 0.057  C 179686
   3795.67271 12.520 12.590 12.628 12.665 12.702    0.048 0.034 0.033 0.038 0.044  A 179989
   3797.67350 12.609 12.616 12.602 12.629 12.644    0.086 0.047 0.044 0.047 0.052  A 180269
   3799.72117 12.592 12.545 12.547 12.598 12.603    0.083 0.048 0.044 0.048 0.055  A 180564
   3802.59497 12.485 12.523 12.538 12.526 12.429    0.063 0.043 0.044 0.050 0.058  A 180879
   3808.54679 12.489 12.478 12.483 12.509 12.543    0.059 0.043 0.046 0.053 0.059  A 181627
   3810.56963 12.514 12.554 12.573 12.615 12.626    0.053 0.037 0.039 0.046 0.053  A 181957
   3812.58022 12.586 12.657 12.658 12.599 12.574    0.083 0.058 0.053 0.058 0.064  A 182281
   3814.58278 12.579 12.570 12.591 12.636 12.571    0.074 0.048 0.047 0.053 0.059  A 182598
   3816.62718 12.682 12.641 12.636 12.676 12.755    0.071 0.040 0.041 0.048 0.057  A 182927
   3818.63063 12.558 12.634 12.666 12.699 12.722    0.088 0.046 0.042 0.046 0.049  A 183251
   3820.66233 12.682 12.605 12.588 12.593 12.664    0.093 0.054 0.052 0.058 0.066  A 183584
   3825.59558 12.638 12.552 12.552 12.617 12.738    0.077 0.048 0.047 0.055 0.064  A 184385
   3827.60941 12.542 12.495 12.499 12.567 12.678    0.081 0.050 0.045 0.050 0.052  A 184732
   3829.64900 12.737 12.807 12.859 12.915 13.023    0.091 0.049 0.044 0.047 0.051  A 185077
   3834.51078 12.574 12.583 12.605 12.628 12.632    0.084 0.047 0.046 0.052 0.062  A 185898
   3836.52065 12.468 12.384 12.415 12.528 12.741    0.074 0.047 0.047 0.055 0.064  A 186243
   3849.50886 12.750 12.666 12.626 12.561 12.501    0.094 0.051 0.046 0.049 0.055  A 187048
   3851.53037 12.572 12.565 12.569 12.561 12.480    0.081 0.044 0.041 0.044 0.047  A 187400
   3853.54063 12.598 12.610 12.609 12.599 12.638    0.030 0.029 0.028 0.034 0.038  A 187752
   3855.56714 12.481 12.580 12.571 12.591 99.999    0.075 0.043 0.039 0.043 0.047  C 188076
   3861.47276 12.541 12.551 12.550 12.547 12.478    0.070 0.041 0.038 0.042 0.047  A 188957
   3863.49649 12.546 12.546 12.574 12.643 12.724    0.057 0.041 0.041 0.047 0.054  A 189310
   3865.51093 12.455 12.465 12.459 12.462 12.448    0.066 0.041 0.038 0.043 0.048  A 189666
   3868.49516 12.677 12.752 12.734 12.669 12.583    0.060 0.039 0.038 0.044 0.051  A 190146
   3870.50549 12.601 12.638 12.636 12.636 12.645    0.038 0.030 0.032 0.038 0.043  A 190510
   3872.52106 12.540 12.572 12.584 12.619 12.703    0.077 0.043 0.039 0.043 0.047  A 190890
   3880.49793 12.703 12.660 12.630 12.635 12.655    0.049 0.046 0.050 0.059 0.068  A 191762
   3883.48308 12.536 12.562 12.600 12.648 12.646    0.083 0.044 0.041 0.042 0.045  A 192210
   3892.47193 12.512 12.570 12.551 12.534 12.506    0.049 0.035 0.034 0.039 0.046  A 193470
   3898.45747 12.453 12.375 12.357 12.367 12.354    0.082 0.046 0.043 0.049 0.054  A 194299
   3901.45370 12.440 12.527 12.523 12.522 12.553    0.080 0.044 0.039 0.042 0.047  A 194779
   4107.76631 12.638 12.614 12.692 12.823 12.915    0.046 0.035 0.035 0.041 0.046  A 211146
   4111.77373 12.787 12.833 12.768 12.685 12.642    0.055 0.041 0.041 0.046 0.054  A 211431
   4125.67708 12.580 12.590 12.579 12.601 12.659    0.056 0.036 0.035 0.039 0.045  A 211548
   4127.69910 12.567 12.583 12.561 12.549 12.551    0.042 0.033 0.033 0.036 0.041  A 211819
   4129.70499 12.550 12.596 12.571 12.534 12.506    0.059 0.039 0.035 0.039 0.045  A 212086
   4134.69192 12.731 12.723 12.797 12.832 12.901    0.082 0.045 0.040 0.047 0.054  A 212745
   4136.69892 12.552 12.583 12.609 12.661 12.751    0.071 0.042 0.043 0.049 0.057  A 213002
   4145.61728 12.596 12.627 12.623 12.609 12.622    0.049 0.035 0.037 0.044 0.052  A 214255
   4147.67348 12.722 12.703 12.749 12.754 12.754    0.057 0.052 0.056 0.063 0.070  A 214576
   4150.71378 12.658 12.678 12.636 12.599 12.591    0.046 0.034 0.034 0.039 0.043  A 214839
   4152.73392 12.544 12.587 12.552 12.528 12.543    0.045 0.041 0.040 0.041 0.046  A 215152
   4155.58694 12.548 12.570 12.579 12.615 12.682    0.075 0.038 0.041 0.047 0.051  A 215550
   4157.64568 12.605 12.605 12.640 12.641 12.608    0.085 0.050 0.047 0.049 0.054  A 215841
   4162.61329 12.650 12.539 12.553 12.605 12.629    0.095 0.056 0.047 0.052 0.057  A 216615
   4164.62783 12.520 12.491 12.469 12.435 12.374    0.089 0.050 0.047 0.053 0.058  A 216898
   4166.66008 12.335 12.366 12.334 12.267 12.192    0.080 0.049 0.044 0.050 0.058  A 217197
   4172.63025 12.481 12.534 12.530 12.537 12.607    0.075 0.052 0.052 0.058 0.066  A 217908
   4174.64477 12.486 12.487 12.516 12.513 12.522    0.066 0.043 0.039 0.044 0.050  A 218231
   4176.67816 12.471 12.471 12.412 12.402 12.427    0.051 0.045 0.049 0.056 0.062  A 218527
   4179.66899 12.504 12.587 12.585 12.595 12.578    0.050 0.042 0.044 0.051 0.056  A 218847
   4181.68032 12.433 12.414 12.372 12.339 12.289    0.048 0.049 0.053 0.065 0.076  A 219127
   4184.54175 12.505 12.452 12.459 12.468 12.435    0.073 0.056 0.043 0.047 0.054  A 219518
   4191.55931 12.561 12.624 12.613 12.642 12.701    0.054 0.040 0.037 0.042 0.048  A 220381
   4193.56585 12.643 12.620 12.580 12.538 12.540    0.063 0.043 0.040 0.046 0.051  A 220708
   4196.59940 29.999 29.999 29.999 29.999 29.999    0.067 0.058 0.060 0.072 0.086  D 221033
   4201.59245 29.999 29.999 29.999 29.999 29.999    0.054 0.042 0.039 0.044 0.050  C 221588
   4204.59088 12.639 12.638 12.697 12.754 12.851    0.042 0.039 0.038 0.046 0.053  A 221933
   4216.53804 12.465 12.493 12.500 12.508 12.547    0.040 0.037 0.034 0.039 0.044  A 222831
   4227.55162 12.593 12.542 12.488 12.436 12.423    0.040 0.041 0.040 0.045 0.049  A 223128
   4230.47526 12.568 12.589 12.630 12.685 12.708    0.063 0.043 0.040 0.042 0.048  A 223630
   4232.49858 12.645 12.620 12.596 12.568 12.608    0.070 0.042 0.041 0.046 0.051  A 223983
   4234.50691 12.622 12.667 12.678 12.674 12.596    0.058 0.044 0.042 0.043 0.049  A 224356
   4236.51125 12.587 12.561 12.559 12.529 12.467    0.071 0.059 0.053 0.063 0.076  A 224714
   4249.47936 99.999 99.999 99.999 99.999 99.999    0.050 0.044 0.044 0.053 0.062  C 226567
   4256.46752 12.555 12.591 12.618 12.653 12.677    0.053 0.037 0.037 0.041 0.046  A 227193
   4258.47210 12.697 12.720 12.698 12.668 12.639    0.042 0.035 0.032 0.036 0.041  A 227463
   4391.87565 12.414 12.335 12.352 12.341 12.319    0.058 0.057 0.061 0.074 0.087  D 244461
   4408.85925 12.674 12.677 12.646 12.605 12.537    0.039 0.036 0.038 0.044 0.052  A 245798
   4422.84632 12.525 12.611 12.706 12.865 13.034    0.044 0.041 0.044 0.052 0.062  A 246714
   4427.85510 12.541 12.515 12.473 12.423 12.328    0.037 0.033 0.033 0.039 0.044  A 247126
   4431.79438 12.556 12.592 12.626 12.641 12.648    0.042 0.039 0.039 0.047 0.055  A 247585
   4435.80545 12.471 12.473 12.482 12.442 12.421    0.038 0.032 0.033 0.037 0.042  A 248084
   4438.82831 12.610 12.732 12.799 12.887 12.953    0.052 0.045 0.047 0.054 0.062  A 248467
   4441.81940 12.627 12.597 12.587 12.613 12.605    0.051 0.040 0.038 0.043 0.051  A 248840
   4453.77786 12.832 12.789 12.783 12.794 12.793    0.049 0.041 0.040 0.043 0.048  A 250169
   4456.76951 12.653 12.670 12.736 12.827 12.933    0.054 0.042 0.044 0.051 0.058  A 250492
   4462.79052 12.701 12.697 12.718 12.752 12.866    0.039 0.040 0.039 0.046 0.052  A 251225
   4465.74854 12.884 12.864 12.856 12.904 12.859    0.076 0.051 0.051 0.059 0.067  A 251561
   4471.76641 12.761 12.735 12.747 12.659 12.597    0.079 0.057 0.057 0.066 0.072  A 252201
   4474.76005 99.999 99.999 99.999 99.999 99.999    0.070 0.044 0.046 0.055 0.062  C 252506
   4477.79388 12.733 12.756 12.734 12.706 12.629    0.066 0.047 0.039 0.045 0.051  A 252816
   4480.70115 12.827 12.851 12.936 13.156 13.360    0.084 0.067 0.072 0.083 0.094  D 253154
   4484.70078 12.864 12.851 12.811 12.868 12.915    0.074 0.048 0.044 0.051 0.059  A 253497
   4489.72137 12.620 12.630 12.680 12.737 12.698    0.050 0.041 0.040 0.049 0.057  A 254090
   4491.75033 12.834 12.852 12.846 12.808 12.777    0.040 0.035 0.035 0.041 0.048  A 254315
   4493.76917 12.684 12.735 12.788 12.811 12.757    0.063 0.041 0.037 0.043 0.047  A 254568
   4497.69010 12.769 12.776 12.765 12.767 12.796    0.052 0.043 0.042 0.046 0.052  A 254778
   4499.79351 29.999 29.999 29.999 29.999 29.999    0.070 0.046 0.042 0.046 0.049  C 255076
   4505.63894 12.672 12.684 12.799 12.904 12.950    0.041 0.039 0.040 0.046 0.054  A 255850
   4507.69332 12.703 12.686 12.671 12.688 12.768    0.064 0.045 0.045 0.053 0.063  A 256158
   4509.76899 12.568 12.558 12.601 12.608 12.647    0.060 0.046 0.044 0.051 0.058  A 256465
   4512.61761 12.664 12.771 12.849 12.887 12.870    0.045 0.041 0.044 0.054 0.064  A 256819
   4517.64406 12.561 12.588 12.576 12.621 12.686    0.073 0.048 0.045 0.050 0.054  A 257265
   4519.65044 12.694 12.670 12.681 12.732 12.770    0.075 0.050 0.048 0.054 0.062  A 257573
   4521.66583 12.447 12.501 12.507 12.590 12.650    0.064 0.042 0.038 0.041 0.046  A 257852
   4523.67995 12.536 12.548 12.505 12.498 12.475    0.061 0.041 0.037 0.042 0.047  A 258166
   4525.70750 12.681 12.675 12.698 12.749 12.778    0.065 0.047 0.045 0.053 0.058  A 258457
   4527.72437 12.594 12.607 12.642 12.673 12.661    0.066 0.046 0.043 0.046 0.052  A 258759
   4530.62465 12.741 12.676 12.688 12.737 12.776    0.053 0.042 0.041 0.046 0.052  A 259179
   4532.70198 12.596 12.615 12.623 12.604 12.546    0.041 0.037 0.035 0.042 0.049  A 259505
   4536.58578 12.553 12.573 12.625 12.651 12.651    0.040 0.035 0.036 0.043 0.051  A 259911
   4538.65355 12.602 12.654 12.665 12.695 12.760    0.066 0.044 0.042 0.047 0.053  A 260231
   4546.58202 12.521 12.413 12.328 12.250 12.177    0.054 0.047 0.050 0.060 0.069  A 261418
   4548.58239 12.680 12.733 12.715 12.708 12.654    0.039 0.037 0.038 0.046 0.055  A 261754
   4553.55057 12.520 12.643 12.642 12.639 12.652    0.069 0.044 0.039 0.043 0.047  A 262365
   4555.57725 12.538 12.602 12.673 12.724 12.719    0.067 0.043 0.040 0.046 0.052  A 262680
   4557.57144 12.663 12.647 12.621 12.618 12.641    0.052 0.039 0.036 0.041 0.047  A 263004
   4559.61208 12.595 12.642 12.668 12.730 12.826    0.046 0.039 0.039 0.044 0.051  A 263348
   4562.53417 12.618 12.580 12.555 12.536 12.488    0.050 0.040 0.036 0.042 0.047  A 263828
   4564.58110 12.624 12.578 12.601 12.623 12.655    0.059 0.046 0.043 0.048 0.054  A 264177
   4566.59937 12.507 12.558 12.523 12.459 12.375    0.068 0.052 0.052 0.057 0.064  A 264516
   4572.48738 12.561 12.574 12.559 12.537 12.435    0.063 0.047 0.046 0.053 0.062  A 265459
   4574.52815 12.745 12.739 12.798 12.763 12.816    0.071 0.050 0.048 0.054 0.061  A 265801
#ndata= 31
#dataset= 3 ; 1 F0832+16_439
#desig= 082703+1036.1
#cra=    8.450836  08:27:03.0
#cdec=  10.601596 10:36:05.7
#class= 0
#cmag_0= 12.613
#cmer_0=  0.138
#nskip_0= 0
#cmag_1= 12.618
#cmer_1=  0.128
#nskip_1= 0
#cmag_2= 12.616
#cmer_2=  0.141
#nskip_2= 0
#cmag_3= 12.627
#cmer_3=  0.166
#nskip_3= 0
#cmag_4= 12.593
#cmer_4=  0.135
#nskip_4= 1
#ra=    8.450836  08:27:03.0
#dec=  10.601596 10:36:05.7
#     HJD      MAG_0  MAG_1  MAG_2  MAG_3  MAG_4    MER_0 MER_1 MER_2 MER_3 MER_4 GRADE FRAME
   3357.75623 12.587 12.638 12.662 12.655 12.587    0.039 0.026 0.030 0.034 0.036  A 124621
   3363.73996 12.579 12.597 12.601 12.601 12.602    0.074 0.043 0.040 0.044 0.049  A 124974
   3383.69991 12.536 12.563 12.583 12.625 12.640    0.076 0.045 0.041 0.046 0.052  A 125777
   3385.79242 12.434 12.481 12.471 12.455 12.498    0.049 0.034 0.033 0.038 0.043  A 126086
   3388.67822 12.525 12.527 12.533 12.536 12.542    0.041 0.030 0.029 0.033 0.037  A 126446
   3390.69334 12.515 12.503 12.484 12.445 12.391    0.044 0.032 0.034 0.040 0.045  A 126739
   3397.74847 12.581 12.582 12.476 12.400 12.353    0.069 0.042 0.039 0.045 0.051  A 127539
   3399.80476 12.769 12.795 12.935 13.095 13.187    0.061 0.046 0.046 0.055 0.063  A 127818
   3452.59377 12.427 12.486 12.521 12.566 12.624    0.051 0.035 0.037 0.046 0.053  A 135473
   3674.85900 29.999 29.999 29.999 29.999 29.999    0.040 0.027 0.029 0.035 0.039  C 164761
   3701.83452 29.999 29.999 29.999 29.999 29.999    0.047 0.045 0.050 0.059 0.070  C 168243
   3707.79775 12.671 12.645 12.628 12.646 12.647    0.041 0.029 0.028 0.032 0.037  A 169035
   3712.80534 12.605 12.596 12.567 12.563 12.541    0.038 0.029 0.028 0.033 0.037  A 169461
   4091.74637 29.999 29.999 29.999 29.999 29.999    0.089 0.047 0.044 0.051 0.058  C 209418
   4107.79742 12.644 12.564 12.543 12.580 12.659    0.041 0.030 0.032 0.038 0.043  A 211156
   4111.80045 12.769 12.706 12.814 12.886 12.862    0.082 0.049 0.045 0.051 0.056  A 211441
   4126.65909 29.999 29.999 29.999 29.999 29.999    0.057 0.033 0.030 0.034 0.038  C 211671
   4128.75312 12.527 12.520 12.552 12.594 12.615    0.041 0.031 0.028 0.031 0.035  A 211970
   4149.71352 29.999 29.999 29.999 29.999 29.999    0.069 0.040 0.040 0.048 0.055  C 214682
   4172.67543 12.438 12.459 12.452 12.475 12.494    0.052 0.037 0.034 0.038 0.042  A 217924
   4409.86829 12.792 12.777 12.771 12.769 12.768    0.042 0.035 0.035 0.042 0.049  A 245937
   4429.82914 12.757 12.768 12.738 12.731 12.684    0.041 0.037 0.036 0.041 0.048  A 247364
   4435.79683 12.465 12.496 12.524 12.532 12.515    0.041 0.034 0.031 0.034 0.039  A 248081
   4438.79495 12.592 12.583 12.536 12.511 12.480    0.049 0.041 0.040 0.044 0.044  A 248456
   4441.78897 12.542 12.537 12.551 12.539 12.517    0.056 0.043 0.041 0.044 0.049  A 248829
   4456.77212 12.789 12.783 12.733 12.701 12.605    0.044 0.035 0.037 0.044 0.051  A 250493
   4462.79398 12.771 12.786 12.786 12.784 12.702    0.049 0.039 0.036 0.042 0.050  A 251226
   4484.70740 29.999 29.999 29.999 29.999 29.999    0.044 0.037 0.036 0.043 0.050  C 253499
   4489.72475 29.999 29.999 29.999 29.999 29.999    0.063 0.044 0.044 0.053 0.062  C 254091
   4491.75441 12.777 12.756 12.714 12.709 12.772    0.045 0.037 0.034 0.040 0.046  A 254316
   4493.77171 29.999 29.999 29.999 29.999 29.999    0.064 0.040 0.034 0.038 0.041  C 254569
