#ndata= 1
#dataset= 1 ; 1 F0832+08_394
#desig= 083416+1358.9
#cra=    8.571244  08:34:16.5
#cdec=  13.982122 13:58:55.6
#class= 0
#cmag_0= 12.064
#cmer_0=  0.000
#nskip_0= 0
#cmag_1= 11.967
#cmer_1=  0.000
#nskip_1= 0
#cmag_2= 11.914
#cmer_2=  0.000
#nskip_2= 0
#cmag_3= 11.881
#cmer_3=  0.000
#nskip_3= 0
#cmag_4= 11.857
#cmer_4=  0.000
#nskip_4= 0
#ra=    8.571244  08:34:16.5
#dec=  13.982122 13:58:55.6
#     HJD      MAG_1  MAG_0  MAG_2  MAG_3  MAG_4    MER_1 MER_0 MER_2 MER_3 MER_4 GRADE FRAME
   3452.59377 11.968 12.065 11.915 11.882 11.857    0.033 0.052 0.033 0.038 0.044  A 135473
#ndata= 2
#dataset= 2 ; 1 F0800+16_438
#desig= 083417+1359.0
#cra=    8.571350  08:34:16.9
#cdec=  13.982557 13:58:57.2
#class= 0
#cmag_0= 11.721
#cmer_0=  0.229
#nskip_0= 0
#cmag_1= 11.700
#cmer_1=  0.226
#nskip_1= 0
#cmag_2= 11.687
#cmer_2=  0.222
#nskip_2= 0
#cmag_3= 11.686
#cmer_3=  0.247
#nskip_3= 0
#cmag_4= 11.696
#cmer_4=  0.300
#nskip_4= 0
#ra=    8.571350  08:34:16.9
#dec=  13.982557 13:58:57.2
#     HJD      MAG_1  MAG_0  MAG_2  MAG_3  MAG_4    MER_1 MER_0 MER_2 MER_3 MER_4 GRADE FRAME
   2635.72669 11.542 11.561 11.533 11.512 11.485    0.029 0.028 0.025 0.029 0.033  A 32264
   3116.53784 11.860 11.883 11.844 11.860 11.907    0.032 0.030 0.030 0.035 0.041  A 99784
#ndata= 290
#dataset= 3 ; 1 F0832+16_439
#desig= 083417+1358.9
#cra=    8.571328  08:34:16.8
#cdec=  13.982200 13:58:55.9
#class= 0
#cmag_0= 11.607
#cmer_0=  0.157
#nskip_0= 2
#cmag_1= 11.602
#cmer_1=  0.152
#nskip_1= 2
#cmag_2= 11.601
#cmer_2=  0.157
#nskip_2= 0
#cmag_3= 11.596
#cmer_3=  0.156
#nskip_3= 0
#cmag_4= 11.600
#cmer_4=  0.159
#nskip_4= 0
#ra=    8.571328  08:34:16.8
#dec=  13.982200 13:58:55.9
#     HJD      MAG_1  MAG_0  MAG_2  MAG_3  MAG_4    MER_1 MER_0 MER_2 MER_3 MER_4 GRADE FRAME
   2622.74903 11.585 11.596 11.575 11.577 11.592    0.025 0.032 0.024 0.026 0.029  A 30012
   2624.77712 11.538 11.574 11.540 11.537 11.538    0.023 0.024 0.023 0.025 0.028  A 30309
   2635.72669 11.494 11.508 11.501 11.492 11.471    0.028 0.028 0.026 0.029 0.033  A 32264
   2635.76297 11.472 11.416 11.490 11.512 11.516    0.035 0.030 0.031 0.034 0.037  A 32280
   2637.76797 11.771 11.802 11.759 11.738 11.741    0.020 0.021 0.020 0.022 0.024  A 32573
   2641.76801 11.514 11.474 11.494 11.519 11.515    0.022 0.023 0.019 0.021 0.023  A 33164
   2643.77054 11.909 11.944 11.915 11.905 11.916    0.024 0.023 0.020 0.021 0.023  A 33476
   2645.76186 11.520 11.508 11.498 11.498 11.515    0.024 0.022 0.018 0.020 0.022  A 33770
   2647.74208 11.379 11.399 11.385 11.369 11.356    0.031 0.030 0.033 0.039 0.045  A 34058
   2650.72751 11.926 11.938 11.910 11.893 11.876    0.021 0.020 0.019 0.021 0.023  A 34318
   2652.73849 11.425 11.471 11.429 11.420 11.417    0.026 0.024 0.021 0.023 0.025  A 34628
   2655.69973 11.543 11.567 11.576 11.576 11.586    0.026 0.027 0.025 0.028 0.032  A 35256
   2659.73289 11.430 11.397 11.437 11.454 11.456    0.024 0.024 0.026 0.030 0.034  A 35807
   2661.73010 11.712 11.730 11.699 11.711 11.716    0.023 0.026 0.022 0.024 0.027  A 36148
   2663.72652 11.604 11.612 11.611 11.617 11.646    0.027 0.028 0.024 0.026 0.028  A 36485
   2665.71819 11.480 11.500 11.483 11.472 11.475    0.018 0.021 0.018 0.019 0.022  A 36832
   2667.71889 11.771 11.764 11.758 11.724 11.711    0.020 0.020 0.019 0.021 0.024  A 37137
   2669.70830 11.697 11.721 11.693 11.678 11.680    0.023 0.025 0.021 0.024 0.027  A 37459
   2671.70741 11.428 11.433 11.457 11.460 11.462    0.022 0.024 0.019 0.021 0.023  A 37788
   2673.70320 11.638 11.606 11.638 11.634 11.634    0.021 0.022 0.020 0.021 0.023  A 38122
   2675.68967 11.737 11.694 11.693 11.713 11.719    0.022 0.022 0.019 0.021 0.023  A 38477
   2677.66931 11.501 11.501 11.486 11.470 11.476    0.023 0.021 0.019 0.020 0.022  A 38815
   2679.67043 11.551 11.553 11.538 11.524 11.536    0.035 0.033 0.032 0.030 0.031  A 39147
   2683.65885 11.443 11.488 11.475 11.474 11.481    0.032 0.024 0.026 0.029 0.033  A 39822
   2689.64489 11.537 11.571 11.526 11.539 11.568    0.032 0.037 0.035 0.042 0.050  A 40910
   2691.63891 11.509 11.532 11.502 11.505 11.510    0.025 0.050 0.023 0.026 0.028  A 41281
   2693.65128 11.877 11.892 11.870 11.869 11.870    0.023 0.025 0.021 0.022 0.025  A 41586
   2695.63922 11.486 11.515 11.489 11.484 11.502    0.025 0.027 0.023 0.026 0.028  A 41950
   2697.64531 11.509 11.480 11.505 11.485 11.489    0.021 0.030 0.019 0.021 0.024  A 42282
   2699.63562 11.863 11.861 11.860 11.871 11.878    0.021 0.026 0.019 0.021 0.024  A 42699
   2701.63357 11.528 11.529 11.509 11.488 11.490    0.022 0.029 0.020 0.023 0.026  A 43082
   2703.62928 12.279 12.512 12.053 11.969 11.923    0.021 0.025 0.021 0.023 0.025  A 43463
   2705.62140 11.891 11.910 11.898 11.877 11.863    0.026 0.031 0.025 0.029 0.032  A 43834
   2707.61949 11.526 11.492 11.522 11.518 11.515    0.023 0.024 0.021 0.022 0.026  A 44199
   2709.60370 11.476 11.427 11.467 11.467 11.467    0.024 0.027 0.022 0.025 0.028  A 44556
   2714.58035 11.499 11.516 11.532 11.527 11.541    0.030 0.030 0.029 0.034 0.040  A 45488
   2717.57193 11.614 11.645 11.630 11.661 11.727    0.031 0.030 0.028 0.033 0.038  A 45827
   2719.65414 11.429 11.466 11.416 11.417 11.403    0.033 0.046 0.029 0.033 0.039  A 46104
   2721.62435 11.521 11.524 99.999 99.999 99.999    0.030 0.044 0.025 0.029 0.034  C 46477
   2723.62466 11.796 11.755 11.766 11.754 11.745    0.027 0.033 0.025 0.029 0.033  A 46866
   2725.62120 11.474 11.460 11.474 11.473 11.477    0.024 0.031 0.023 0.025 0.029  A 47256
   2727.61467 11.584 11.635 11.577 11.556 11.546    0.036 0.047 0.027 0.030 0.035  A 47643
   2729.61242 11.803 11.795 11.797 11.784 11.788    0.027 0.039 0.023 0.025 0.028  A 48050
   2733.60039 11.473 11.483 11.449 11.429 11.425    0.028 0.040 0.026 0.030 0.036  A 48604
   2735.59577 11.829 11.888 11.827 11.823 11.839    0.027 0.039 0.025 0.028 0.028  A 49008
   2742.49953 11.550 11.550 11.553 11.544 11.536    0.024 0.026 0.024 0.029 0.035  A 50301
   2746.55283 11.605 11.591 11.598 11.583 11.598    0.031 0.033 0.031 0.036 0.041  A 50970
   2751.53172 11.472 11.476 11.449 11.433 11.430    0.026 0.036 0.025 0.030 0.034  A 51784
   2754.53220 11.875 11.832 11.835 11.808 11.805    0.030 0.039 0.021 0.024 0.027  A 52199
   2756.53151 11.444 11.460 11.460 11.433 11.404    0.046 0.051 0.045 0.053 0.062  A 52611
   2760.54209 11.843 11.776 11.819 11.809 11.812    0.022 0.025 0.021 0.023 0.026  A 53385
   2762.54081 11.522 11.421 11.503 11.534 11.621    0.060 0.059 0.064 0.075 0.085  B 53793
   2764.52522 11.518 11.509 11.510 11.502 11.505    0.027 0.034 0.025 0.029 0.034  A 54199
   2784.47924 11.845 11.863 11.859 11.883 11.920    0.032 0.035 0.026 0.029 0.032  A 56076
   2787.45519 11.503 11.535 11.496 11.490 11.487    0.025 0.031 0.021 0.023 0.028  A 56718
   2791.45224 11.875 11.810 11.857 11.884 11.922    0.037 0.042 0.034 0.038 0.043  A 57474
   2924.88445 11.474 11.448 11.467 11.481 11.466    0.034 0.031 0.031 0.036 0.041  A 75734
   2934.87435 11.873 11.862 11.881 11.882 11.893    0.033 0.027 0.025 0.028 0.031  A 77351
   2941.86542 11.586 11.618 11.583 11.577 11.588    0.029 0.029 0.028 0.033 0.039  A 78126
   2946.86771 11.790 11.779 11.791 11.772 11.773    0.028 0.030 0.024 0.028 0.032  A 78925
   2947.86283 11.570 11.564 11.564 11.564 11.569    0.029 0.030 0.023 0.026 0.028  A 79100
   2951.86546 11.858 11.861 11.921 11.993 12.038    0.027 0.035 0.027 0.031 0.036  A 79655
   2955.85711 11.448 11.452 11.456 11.441 11.468    0.026 0.029 0.026 0.031 0.037  A 80174
   2961.83533 11.477 11.447 11.456 11.468 11.456    0.028 0.030 0.028 0.033 0.037  A 80996
   2965.82616 11.661 11.680 11.646 11.655 11.655    0.026 0.031 0.025 0.030 0.036  A 81560
   2970.84613 11.696 11.724 11.702 11.694 11.710    0.026 0.034 0.023 0.027 0.030  A 82186
   2974.81687 11.472 11.452 11.457 11.441 11.418    0.025 0.031 0.025 0.029 0.033  A 82644
   2976.84142 11.668 11.613 11.673 11.691 11.712    0.026 0.035 0.025 0.029 0.034  A 82934
   2979.79570 11.378 11.416 11.389 11.400 11.406    0.023 0.025 0.021 0.024 0.028  A 83316
   2982.80546 11.932 11.936 11.914 11.906 11.947    0.033 0.040 0.035 0.041 0.047  A 83707
   2987.83142 11.909 11.924 11.893 11.869 11.876    0.026 0.025 0.024 0.028 0.032  A 84378
   2990.78486 11.482 11.491 11.480 11.471 11.481    0.027 0.031 0.027 0.033 0.040  A 84699
   2996.76618 11.563 11.580 11.571 11.553 11.570    0.023 0.023 0.020 0.023 0.027  A 85494
   2998.82126 11.799 11.791 11.794 11.784 11.776    0.028 0.029 0.028 0.032 0.037  A 85791
   3001.78948 11.571 11.627 11.576 11.563 11.577    0.024 0.023 0.020 0.022 0.026  A 86045
   3006.74483 11.731 11.733 11.723 11.695 11.701    0.025 0.026 0.024 0.028 0.032  A 86627
   3008.75791 11.565 11.570 11.574 11.567 11.587    0.027 0.033 0.026 0.030 0.034  A 86888
   3010.75792 99.999 99.999 99.999 99.999 99.999    0.028 0.032 0.028 0.033 0.039  C 87155
   3015.75564 11.492 11.431 11.473 11.491 11.505    0.033 0.040 0.036 0.045 0.052  A 87665
   3017.75941 11.657 11.673 11.627 11.623 11.608    0.052 0.046 0.058 0.060 0.063  A 87920
   3019.78547 11.579 11.564 11.569 11.570 11.581    0.023 0.027 0.021 0.025 0.029  A 88194
   3025.67577 11.649 11.642 11.636 11.657 11.661    0.029 0.029 0.027 0.032 0.037  A 88439
   3031.78201 11.464 11.504 11.468 11.465 11.485    0.026 0.026 0.025 0.030 0.035  A 88887
   3033.74954 11.514 11.484 11.494 11.499 11.504    0.026 0.032 0.023 0.027 0.031  A 89064
   3036.65858 11.437 11.446 11.468 11.478 11.490    0.032 0.038 0.031 0.035 0.040  A 89367
   3042.68470 11.706 11.716 11.722 11.723 11.697    0.037 0.034 0.037 0.045 0.055  A 89810
   3044.70967 11.560 11.533 11.571 11.587 11.587    0.029 0.030 0.028 0.033 0.037  A 90080
   3047.65889 11.481 11.476 11.488 11.498 11.501    0.027 0.032 0.028 0.031 0.036  A 90470
   3050.64214 11.823 11.833 11.829 11.822 11.833    0.025 0.028 0.025 0.029 0.035  A 90862
   3053.63217 11.414 11.398 11.399 11.401 11.414    0.023 0.030 0.021 0.025 0.028  A 91264
   3055.69690 11.679 11.710 11.702 11.698 11.760    0.036 0.038 0.038 0.042 0.046  A 91565
   3057.73872 11.567 11.504 11.536 11.533 11.533    0.032 0.041 0.029 0.034 0.039  A 91853
   3060.62129 11.439 11.377 11.402 11.387 11.358    0.043 0.041 0.047 0.057 0.069  A 92202
   3064.66411 11.428 11.427 11.430 11.426 11.442    0.025 0.033 0.025 0.030 0.034  A 92756
   3069.61024 11.662 11.645 11.656 11.647 11.629    0.037 0.042 0.037 0.043 0.050  A 93330
   3073.65689 11.879 11.890 11.860 11.851 11.835    0.027 0.033 0.026 0.031 0.035  A 93877
   3075.67728 11.420 11.446 11.446 11.450 11.494    0.030 0.035 0.028 0.033 0.039  A 94151
   3078.56199 11.468 11.454 11.469 11.466 11.472    0.026 0.026 0.023 0.026 0.028  A 94543
   3082.65552 11.473 11.437 11.471 11.464 11.477    0.053 0.049 0.060 0.065 0.070  B 95160
   3086.64643 11.586 11.593 11.582 11.575 11.590    0.024 0.026 0.022 0.026 0.030  A 95456
   3088.65431 11.511 11.474 11.481 11.460 11.458    0.039 0.040 0.040 0.046 0.050  A 95770
   3091.52984 11.337 11.407 11.343 11.353 11.373    0.061 0.061 0.067 0.071 0.075  B 96188
   3097.58003 11.688 11.674 11.668 11.648 11.644    0.028 0.029 0.029 0.034 0.040  A 96789
   3099.60241 11.577 11.539 11.556 11.561 11.556    0.033 0.038 0.032 0.038 0.043  A 97113
   3101.60782 11.464 11.465 11.448 11.440 11.431    0.031 0.030 0.030 0.036 0.042  A 97419
   3104.50444 11.477 11.543 11.489 11.501 11.530    0.052 0.053 0.054 0.057 0.061  A 97863
   3106.52715 11.768 11.816 11.792 11.812 11.832    0.033 0.034 0.030 0.034 0.037  A 98180
   3108.54232 11.389 11.409 11.376 11.378 11.364    0.025 0.025 0.022 0.025 0.029  A 98505
   3110.54842 11.706 11.703 11.700 11.684 11.675    0.026 0.032 0.023 0.026 0.030  A 98821
   3112.56144 11.573 11.536 11.530 11.510 11.497    0.027 0.030 0.023 0.027 0.031  A 99131
   3114.57166 11.539 11.569 11.527 11.534 11.540    0.028 0.034 0.023 0.027 0.031  A 99468
   3124.48372 11.759 11.776 11.790 11.801 11.834    0.030 0.040 0.027 0.031 0.036  A 100496
   3126.54408 11.500 11.542 11.509 11.517 11.578    0.032 0.039 0.028 0.035 0.038  A 100848
   3129.49999 11.919 11.862 11.913 11.925 11.913    0.035 0.036 0.033 0.038 0.046  A 101319
   3131.52426 11.415 11.401 11.413 11.407 11.389    0.034 0.042 0.030 0.035 0.041  A 101612
   3134.49344 11.506 11.568 11.483 11.455 11.434    0.040 0.055 0.043 0.048 0.052  A 102092
   3142.47427 11.786 11.831 11.818 11.846 11.840    0.025 0.023 0.023 0.026 0.030  A 103054
   3146.47113 11.559 11.559 11.557 11.558 11.554    0.028 0.025 0.025 0.029 0.033  A 103459
   3357.75623 11.714 11.710 11.702 11.672 11.648    0.026 0.039 0.030 0.034 0.036  A 124621
   3363.73996 11.646 11.600 11.666 11.671 11.670    0.043 0.074 0.040 0.044 0.049  A 124974
   3383.69991 11.764 11.790 11.706 11.627 11.607    0.045 0.076 0.041 0.046 0.052  A 125777
   3385.79242 11.746 11.755 11.719 11.688 11.677    0.034 0.049 0.033 0.038 0.043  A 126086
   3388.67822 11.986 11.991 11.975 11.976 11.991    0.030 0.041 0.029 0.033 0.037  A 126446
   3390.69334 11.554 11.552 11.551 11.543 11.542    0.032 0.044 0.034 0.040 0.045  A 126739
   3397.74847 11.538 11.570 11.545 11.557 11.538    0.042 0.069 0.039 0.045 0.051  A 127539
   3399.80476 11.383 11.384 11.406 11.434 11.463    0.046 0.061 0.046 0.055 0.063  A 127818
   3402.78929 11.607 11.627 11.575 11.552 11.532    0.045 0.063 0.043 0.050 0.058  A 128145
   3405.62731 11.434 11.413 11.440 11.430 11.436    0.028 0.037 0.029 0.033 0.037  A 128557
   3409.71767 11.429 11.420 11.425 11.420 11.423    0.047 0.090 0.042 0.046 0.049  B 129215
   3411.77368 11.472 11.497 11.476 11.477 11.486    0.041 0.082 0.036 0.039 0.044  A 129530
   3414.60699 11.909 11.850 11.917 11.906 11.903    0.031 0.043 0.030 0.033 0.036  A 129931
   3416.61853 11.443 11.461 11.438 11.437 11.439    0.028 0.035 0.031 0.036 0.040  A 130259
   3418.69508 11.689 11.638 11.676 11.664 11.671    0.041 0.061 0.040 0.044 0.050  A 130596
   3424.70601 11.517 11.518 11.502 11.473 11.428    0.037 0.045 0.043 0.051 0.059  A 131531
   3431.57798 11.604 11.600 11.624 11.627 11.603    0.060 0.074 0.044 0.050 0.057  B 132336
   3433.64707 11.402 11.445 11.387 11.383 11.378    0.032 0.056 0.031 0.034 0.038  A 132693
   3436.65578 11.801 11.826 11.811 11.818 11.854    0.031 0.038 0.033 0.040 0.045  A 132992
   3439.64745 11.408 11.436 11.384 11.369 11.376    0.033 0.048 0.036 0.040 0.044  A 133330
   3442.65350 11.741 11.762 11.738 11.734 11.735    0.027 0.042 0.025 0.028 0.032  A 133596
   3444.64246 11.445 11.400 11.428 11.411 11.414    0.041 0.062 0.042 0.048 0.055  A 133923
   3446.65152 11.519 11.508 11.529 11.526 11.540    0.048 0.090 0.041 0.044 0.046  B 134501
   3452.59377 11.937 12.017 11.890 11.850 11.828    0.035 0.051 0.037 0.046 0.053  A 135473
   3455.58545 11.868 11.882 11.841 11.805 11.851    0.040 0.072 0.038 0.044 0.048  A 135985
   3457.60023 11.389 11.325 11.389 11.377 11.374    0.034 0.061 0.031 0.036 0.041  A 136343
   3459.59757 11.538 11.505 11.544 11.550 11.542    0.034 0.059 0.030 0.034 0.038  A 136700
   3461.61414 11.568 11.595 11.599 11.625 11.649    0.047 0.074 0.050 0.061 0.070  A 137028
   3466.58205 11.758 11.854 11.727 11.726 11.722    0.045 0.083 0.044 0.048 0.050  A 137809
   3471.59715 11.657 11.700 11.653 11.659 11.654    0.029 0.040 0.026 0.029 0.032  A 138559
   3474.54125 11.815 11.833 11.809 11.794 11.780    0.029 0.031 0.030 0.037 0.043  A 139016
   3479.54052 11.847 11.845 11.827 11.798 11.816    0.046 0.079 0.044 0.049 0.055  A 139824
   3481.55642 11.457 11.483 11.466 11.451 11.437    0.038 0.071 0.034 0.037 0.042  A 140150
   3483.56557 11.550 11.465 11.589 11.619 11.635    0.048 0.086 0.046 0.053 0.058  A 140471
   3490.54737 11.621 11.590 11.648 11.658 11.647    0.050 0.094 0.046 0.051 0.056  B 141106
   3495.51450 11.456 11.520 11.441 11.435 11.424    0.030 0.043 0.026 0.030 0.035  A 141595
   3499.50349 11.555 11.589 11.530 11.508 11.505    0.032 0.060 0.029 0.032 0.036  A 142074
   3501.50419 11.459 11.508 11.439 11.435 11.449    0.033 0.064 0.029 0.033 0.036  A 142408
   3512.47713 11.444 11.380 11.422 11.404 11.411    0.035 0.054 0.032 0.036 0.042  A 143806
   3674.85900 11.412 11.406 11.414 11.400 11.383    0.027 0.040 0.029 0.035 0.039  A 164761
   3684.85926 11.574 11.613 11.541 11.498 11.498    0.036 0.043 0.040 0.049 0.056  A 165964
   3701.83452 11.978 11.961 11.978 11.959 11.967    0.045 0.047 0.050 0.059 0.070  A 168243
   3704.82660 11.423 11.413 11.412 11.399 11.393    0.030 0.044 0.027 0.031 0.036  A 168633
   3707.79775 11.672 11.667 11.669 11.663 11.648    0.029 0.041 0.028 0.032 0.037  A 169035
   3712.80534 11.536 11.507 11.542 11.528 11.519    0.029 0.038 0.028 0.033 0.037  A 169461
   3715.77848 11.729 11.762 11.725 11.716 11.711    0.038 0.047 0.042 0.040 0.046  A 169871
   3718.77030 11.542 11.598 11.526 11.518 11.534    0.036 0.054 0.040 0.046 0.051  A 170244
   3725.84628 11.554 11.553 11.531 11.500 11.512    0.030 0.035 0.032 0.040 0.048  A 171070
   3728.74588 11.729 11.768 11.711 11.697 11.697    0.041 0.050 0.046 0.052 0.058  A 171449
   3732.73007 11.727 11.730 11.704 11.677 11.683    0.028 0.040 0.031 0.037 0.043  A 171851
   3735.73881 11.391 11.383 11.379 11.371 11.380    0.028 0.039 0.027 0.032 0.036  A 172245
   3740.81519 11.477 11.480 11.493 11.499 11.491    0.032 0.048 0.032 0.037 0.041  A 172967
   3743.70289 11.412 11.424 11.393 11.382 11.376    0.028 0.038 0.030 0.035 0.041  A 173300
   3745.79904 11.428 11.399 11.392 11.377 11.377    0.037 0.053 0.035 0.041 0.047  A 173603
   3752.77742 11.493 11.526 11.483 11.484 11.506    0.037 0.053 0.038 0.046 0.053  A 174563
   3755.66728 11.431 11.489 11.420 11.422 11.418    0.029 0.036 0.031 0.037 0.042  A 174928
   3757.69662 11.800 11.839 11.769 11.762 11.749    0.032 0.046 0.033 0.038 0.044  A 175219
   3759.76305 11.502 11.494 11.505 11.504 11.506    0.052 0.095 0.047 0.052 0.057  B 175522
   3762.66860 11.611 11.590 11.614 11.610 11.609    0.037 0.052 0.040 0.045 0.050  A 175884
   3763.56288 11.488 11.476 11.491 11.498 11.505    0.038 0.056 0.042 0.049 0.055  A 175988
   3764.78238 11.533 11.546 11.493 11.466 11.451    0.051 0.090 0.047 0.051 0.056  B 176197
   3767.65812 11.430 11.478 11.404 11.386 11.373    0.032 0.039 0.034 0.041 0.047  A 176576
   3769.76567 11.440 11.497 11.427 11.416 11.406    0.043 0.057 0.042 0.049 0.056  A 176869
   3772.64122 11.433 11.409 11.431 11.430 11.443    0.033 0.046 0.033 0.036 0.039  A 177212
   3774.72197 11.724 11.756 11.740 11.759 11.742    0.048 0.088 0.048 0.056 0.062  A 177532
   3779.69838 11.786 11.883 11.818 11.835 11.880    0.061 0.099 0.063 0.073 0.083  B 178272
   3788.69474 11.373 11.353 11.363 11.354 11.369    0.051 0.087 0.049 0.055 0.054  A 178995
   3791.57932 11.466 11.436 11.450 11.431 11.435    0.029 0.045 0.031 0.037 0.042  A 179380
   3793.66517 11.662 11.593 11.663 11.644 11.643    0.048 0.088 0.045 0.050 0.053  A 179700
   3796.57691 11.593 11.576 11.588 11.578 11.576    0.028 0.040 0.028 0.033 0.037  A 180098
   3798.65336 11.763 11.747 11.780 11.786 11.795    0.050 0.077 0.049 0.053 0.057  A 180402
   3800.64607 11.578 11.531 11.593 11.603 11.600    0.051 0.096 0.047 0.051 0.056  B 180673
   3808.54414 11.674 11.613 11.665 11.678 11.706    0.038 0.056 0.039 0.047 0.055  A 181626
   3810.61915 11.678 11.750 11.665 11.666 11.654    0.049 0.090 0.045 0.051 0.057  B 181974
   3812.62690 11.567 11.564 11.575 11.591 11.602    0.053 0.097 0.051 0.055 0.060  B 182297
   3814.62538 11.492 11.574 11.470 11.468 11.466    0.047 0.090 0.045 0.050 0.054  B 182612
   3816.66135 11.772 11.753 11.793 11.798 11.831    0.048 0.087 0.043 0.047 0.053  A 182939
   3819.58583 11.570 11.643 11.549 11.521 11.517    0.051 0.093 0.047 0.051 0.056  B 183397
   3821.62234 11.494 11.486 11.465 11.419 11.423    0.037 0.057 0.038 0.045 0.050  A 183732
   3824.57355 11.740 11.716 11.739 11.744 11.745    0.042 0.077 0.038 0.042 0.048  A 184209
   3826.57048 11.493 11.467 11.496 11.490 11.509    0.038 0.069 0.038 0.043 0.049  A 184546
   3828.60402 11.645 11.627 11.644 11.645 11.658    0.042 0.067 0.038 0.041 0.045  A 184902
   3834.54331 99.999 99.999 99.999 99.999 99.999    0.046 0.081 0.044 0.050 0.057  C 185910
   3836.54736 11.780 11.713 11.781 11.756 11.764    0.042 0.065 0.045 0.055 0.065  A 186253
   3849.53945 11.495 11.434 11.485 11.473 11.478    0.057 0.102 0.051 0.054 0.057  B 187059
   3851.55487 11.640 11.586 11.646 11.634 11.645    0.036 0.065 0.034 0.037 0.041  A 187409
   3854.49241 11.621 11.636 11.613 11.604 11.599    0.034 0.050 0.032 0.035 0.039  A 187920
   3861.52985 11.507 11.518 11.504 11.473 11.459    0.039 0.064 0.037 0.041 0.046  A 188978
   3864.49860 11.459 11.417 11.436 11.435 11.433    0.044 0.071 0.042 0.046 0.051  A 189487
   3866.50617 11.920 11.962 11.914 11.918 11.913    0.041 0.067 0.038 0.044 0.050  A 189844
   3869.49499 11.503 11.528 11.518 11.519 11.509    0.048 0.084 0.044 0.050 0.056  A 190320
   3871.50286 11.620 11.631 11.642 11.642 11.653    0.031 0.055 0.029 0.034 0.038  A 190693
   3877.46840 11.462 11.481 11.453 11.458 11.456    0.037 0.063 0.033 0.035 0.039  A 191442
   3881.47255 11.427 11.341 11.435 11.431 11.445    0.041 0.073 0.039 0.045 0.048  A 191937
   4091.74637 11.575 11.626 11.575 11.594 11.632    0.047 0.089 0.044 0.051 0.058  B 209418
   4107.79742 11.470 11.490 11.445 11.423 11.416    0.030 0.041 0.032 0.038 0.043  A 211156
   4111.80045 11.795 11.794 11.818 11.831 11.839    0.049 0.082 0.045 0.051 0.056  A 211441
   4126.65909 11.801 11.798 11.797 11.774 11.750    0.033 0.057 0.030 0.034 0.038  A 211671
   4128.75312 11.542 11.556 11.523 11.513 11.504    0.031 0.041 0.028 0.031 0.035  A 211970
   4134.72814 11.489 11.462 11.485 11.480 11.461    0.062 0.101 0.063 0.072 0.079  B 212758
   4146.61339 11.560 11.613 11.481 11.428 11.394    0.046 0.048 0.055 0.071 0.088  D 214404
   4149.71352 11.607 11.607 11.608 11.607 11.585    0.040 0.069 0.040 0.048 0.055  A 214682
   4152.57780 11.951 11.964 11.936 11.940 11.944    0.031 0.044 0.030 0.033 0.037  A 215095
   4154.60084 11.464 11.437 11.469 11.463 11.458    0.049 0.088 0.052 0.067 0.072  B 215403
   4156.66605 11.689 11.753 11.664 11.652 11.669    0.054 0.089 0.054 0.058 0.061  B 215722
   4162.64578 11.790 11.761 11.821 11.825 11.853    0.031 0.064 0.033 0.042 0.049  A 216627
   4164.66112 11.462 11.572 11.449 11.464 11.505    0.054 0.091 0.054 0.061 0.067  B 216910
   4167.63607 11.811 11.835 11.787 11.768 11.742    0.037 0.059 0.034 0.037 0.041  A 217313
   4172.67543 11.855 11.870 11.836 11.821 11.840    0.037 0.052 0.034 0.038 0.042  A 217924
   4175.52657 11.461 11.523 11.463 11.486 11.502    0.048 0.053 0.052 0.059 0.062  A 218342
   4178.67110 11.716 11.766 11.684 11.658 11.570    0.067 0.078 0.076 0.092 0.110  D 218704
   4183.61055 11.434 11.422 11.426 11.399 11.404    0.036 0.055 0.038 0.045 0.050  A 219397
   4189.57713 11.493 11.514 11.474 11.470 11.472    0.044 0.045 0.044 0.050 0.054  A 220074
   4191.58355 11.622 11.644 11.655 11.697 11.713    0.041 0.049 0.036 0.042 0.049  A 220390
   4193.58789 11.636 11.560 11.633 11.655 11.673    0.042 0.065 0.038 0.043 0.049  A 220716
   4196.60984 11.666 11.708 11.631 11.595 11.551    0.055 0.072 0.056 0.068 0.080  B 221037
   4199.57283 11.731 11.758 11.658 11.602 11.611    0.063 0.081 0.072 0.089 0.102  D 221366
   4202.54610 11.386 11.388 11.407 11.422 11.442    0.035 0.047 0.034 0.040 0.046  A 221617
   4205.53340 11.863 11.882 11.878 11.911 11.913    0.055 0.053 0.059 0.065 0.070  B 222075
   4216.56056 11.824 11.754 11.804 11.782 11.776    0.036 0.043 0.033 0.038 0.043  A 222840
   4228.50957 11.619 11.623 11.638 11.628 11.633    0.038 0.055 0.032 0.035 0.039  A 223299
   4230.51764 11.599 11.561 11.609 11.612 11.621    0.041 0.048 0.038 0.041 0.043  A 223646
   4233.48892 11.404 11.448 11.424 11.430 11.445    0.049 0.056 0.047 0.051 0.056  A 224166
   4235.49350 11.864 11.823 11.854 11.850 11.863    0.039 0.065 0.033 0.036 0.039  A 224536
   4238.49844 11.380 11.457 11.369 11.367 11.379    0.045 0.059 0.044 0.052 0.059  A 224966
   4247.47113 11.867 11.884 11.847 11.842 11.828    0.040 0.056 0.035 0.038 0.042  A 226346
   4409.86829 11.693 11.721 11.710 11.690 11.681    0.035 0.042 0.035 0.042 0.049  A 245937
   4422.84326 11.555 11.562 11.556 11.555 11.560    0.039 0.044 0.041 0.049 0.058  A 246713
   4429.82914 11.446 11.479 11.458 11.453 11.449    0.037 0.041 0.036 0.041 0.048  A 247364
   4435.79683 11.714 11.799 11.702 11.690 11.706    0.034 0.041 0.031 0.034 0.039  A 248081
   4438.79495 11.591 11.610 11.588 11.577 11.574    0.041 0.049 0.040 0.044 0.044  A 248456
   4441.78897 11.496 11.518 11.531 11.541 11.570    0.043 0.056 0.041 0.044 0.049  A 248829
   4453.78787 11.498 11.491 11.486 11.471 11.446    0.036 0.044 0.036 0.040 0.044  A 250172
   4456.77212 11.662 11.676 11.663 11.634 11.620    0.035 0.044 0.037 0.044 0.051  A 250493
   4462.79398 11.798 11.845 11.774 11.773 11.785    0.039 0.049 0.036 0.042 0.050  A 251226
   4465.75208 11.575 11.611 11.590 11.610 11.645    0.046 0.065 0.045 0.054 0.061  A 251562
   4468.74001 11.551 11.551 11.544 11.549 11.577    0.036 0.052 0.034 0.038 0.044  A 251893
   4471.75999 11.518 11.527 11.494 11.475 11.468    0.052 0.067 0.055 0.063 0.071  A 252199
   4474.75257 11.687 11.633 11.683 11.691 11.710    0.057 0.086 0.047 0.048 0.053  A 252503
   4477.76954 11.477 11.526 11.440 11.415 11.408    0.041 0.067 0.035 0.039 0.042  A 252809
   4480.71505 11.496 11.552 11.483 11.478 11.468    0.061 0.061 0.070 0.083 0.093  D 253158
   4484.70740 11.508 11.458 11.519 11.519 11.504    0.037 0.044 0.036 0.043 0.050  A 253499
   4489.72475 11.575 11.607 11.512 11.504 11.524    0.044 0.063 0.044 0.053 0.062  A 254091
   4491.75441 11.551 11.584 11.566 11.567 11.560    0.037 0.045 0.034 0.040 0.046  A 254316
   4493.77171 11.614 11.601 11.603 11.608 11.616    0.040 0.064 0.034 0.038 0.041  A 254569
   4497.68771 11.452 11.484 11.475 11.475 11.468    0.039 0.046 0.038 0.042 0.047  A 254777
   4499.78402 11.527 11.483 11.513 11.509 11.523    0.054 0.080 0.039 0.041 0.043  A 255073
   4505.64504 11.494 11.451 11.477 11.477 11.481    0.040 0.051 0.039 0.045 0.052  A 255852
   4507.69931 11.559 11.601 11.550 11.549 11.608    0.045 0.069 0.042 0.049 0.056  A 256160
   4510.61646 11.580 11.510 11.535 11.518 11.554    0.047 0.062 0.045 0.052 0.059  A 256541
   4512.66699 11.712 11.754 11.675 11.631 11.634    0.051 0.065 0.054 0.065 0.075  B 256835
   4517.64648 11.569 11.601 11.547 11.519 11.516    0.044 0.064 0.041 0.045 0.051  A 257266
   4519.65290 11.720 11.768 11.749 11.761 11.804    0.034 0.042 0.035 0.042 0.049  A 257574
   4521.66855 11.445 11.468 11.463 11.466 11.477    0.040 0.066 0.034 0.037 0.040  A 257853
   4523.68330 11.926 11.922 11.902 11.906 11.923    0.039 0.059 0.035 0.039 0.043  A 258167
   4525.70998 11.439 11.420 11.406 11.363 11.334    0.047 0.067 0.044 0.050 0.056  A 258458
   4528.60516 11.417 11.402 99.999 99.999 99.999    0.040 0.052 0.042 0.050 0.059  C 258870
   4530.67202 11.732 11.768 11.743 11.725 11.774    0.042 0.061 0.039 0.044 0.051  A 259195
   4533.58500 11.642 11.648 11.640 11.630 11.632    0.034 0.039 0.033 0.038 0.044  A 259607
   4536.64459 11.850 11.895 11.842 11.840 11.868    0.045 0.062 0.044 0.050 0.054  A 259932
   4538.68183 11.474 11.491 11.473 11.473 11.480    0.047 0.072 0.043 0.049 0.055  A 260241
   4546.58513 11.430 11.507 11.445 11.448 11.478    0.052 0.069 0.055 0.066 0.077  B 261419
   4548.58472 11.589 11.602 11.599 11.602 11.633    0.040 0.052 0.039 0.046 0.055  A 261755
   4553.55297 11.454 11.417 11.449 11.454 11.455    0.045 0.075 0.039 0.043 0.047  A 262366
   4555.57962 11.877 11.936 11.839 11.817 11.800    0.043 0.068 0.038 0.042 0.046  A 262681
   4557.57379 11.584 11.618 11.570 11.556 11.532    0.044 0.062 0.037 0.041 0.046  A 263005
   4559.61545 11.812 11.825 11.823 11.834 11.851    0.041 0.061 0.038 0.044 0.050  A 263349
   4562.53749 11.837 11.796 11.826 11.821 11.833    0.044 0.067 0.040 0.044 0.049  A 263829
   4564.58686 11.529 11.505 11.515 11.510 11.531    0.043 0.060 0.041 0.047 0.052  A 264179
   4566.60178 11.928 11.879 11.932 11.929 11.921    0.041 0.065 0.036 0.039 0.043  A 264517
   4571.56421 11.454 11.468 11.447 11.474 11.515    0.042 0.055 0.039 0.046 0.053  A 265312
   4574.51987 11.901 11.893 11.896 11.882 11.875    0.040 0.046 0.043 0.052 0.062  A 265798
#ndata= 8
#dataset= 4 ; 1 F0904+16_440
#desig= 083417+1358.9
#cra=    8.571297  08:34:16.7
#cdec=  13.981391 13:58:53.0
#class= 0
#cmag_0= 11.471
#cmer_0=  0.073
#nskip_0= 0
#cmag_1= 11.456
#cmer_1=  0.064
#nskip_1= 0
#cmag_2= 11.496
#cmer_2=  0.060
#nskip_2= 0
#cmag_3= 11.503
#cmer_3=  0.057
#nskip_3= 0
#cmag_4= 11.515
#cmer_4=  0.056
#nskip_4= 0
#ra=    8.571297  08:34:16.7
#dec=  13.981391 13:58:53.0
#     HJD      MAG_1  MAG_0  MAG_2  MAG_3  MAG_4    MER_1 MER_0 MER_2 MER_3 MER_4 GRADE FRAME
   2635.76297 11.432 11.398 11.490 11.515 11.519    0.031 0.027 0.027 0.031 0.034  A 32280
   2947.86283 11.528 11.548 11.556 11.561 11.570    0.036 0.038 0.034 0.038 0.043  A 79100
   3660.87778 11.704 11.708 11.756 11.771 11.779    0.038 0.047 0.041 0.048 0.054  A 162862
   3661.86896 11.534 11.556 11.565 11.570 11.584    0.041 0.048 0.043 0.049 0.056  A 163012
   3662.86950 11.383 11.420 11.407 11.408 11.403    0.042 0.051 0.045 0.055 0.065  A 163146
   3663.87303 11.400 11.406 11.436 11.433 11.462    0.042 0.051 0.042 0.050 0.058  A 163289
   3664.84538 11.425 11.489 11.460 11.473 11.491    0.038 0.048 0.041 0.048 0.055  A 163428
   3664.87491 11.501 11.526 11.537 11.524 11.508    0.036 0.046 0.038 0.045 0.051  A 163438
