#ndata= 1
#dataset= 1 ; 1 F0800+00_348
#desig= 083757-0152.0
#cra=    8.632539  08:37:57.1
#cdec=  -1.866973 -1:52:01.1
#class= 0
#cmag_0= 10.228
#cmer_0=  0.000
#nskip_0= 0
#cmag_1= 10.288
#cmer_1=  0.000
#nskip_1= 0
#cmag_2= 10.291
#cmer_2=  0.000
#nskip_2= 0
#cmag_3= 10.266
#cmer_3=  0.000
#nskip_3= 0
#cmag_4= 10.266
#cmer_4=  0.000
#nskip_4= 0
#ra=    8.632539  08:37:57.1
#dec=  -1.866973 -1:52:01.1
#     HJD      MAG_2  MAG_0  MAG_1  MAG_3  MAG_4    MER_2 MER_0 MER_1 MER_3 MER_4 GRADE FRAME
   2545.87000 10.292 10.229 10.288 10.267 10.267    0.033 0.040 0.035 0.038 0.042  A 20274
#ndata= 393
#dataset= 2 ; 1 F0832+00_349
#desig= 083757-0152.0
#cra=    8.632549  08:37:57.2
#cdec=  -1.866374 -1:51:58.9
#class= 0
#cmag_0= 10.333
#cmer_0=  0.052
#nskip_0= 4
#cmag_1= 10.335
#cmer_1=  0.044
#nskip_1= 2
#cmag_2= 10.336
#cmer_2=  0.040
#nskip_2= 2
#cmag_3= 10.338
#cmer_3=  0.041
#nskip_3= 2
#cmag_4= 10.341
#cmer_4=  0.042
#nskip_4= 2
#ra=    8.632549  08:37:57.2
#dec=  -1.866374 -1:51:58.9
#     HJD      MAG_2  MAG_0  MAG_1  MAG_3  MAG_4    MER_2 MER_0 MER_1 MER_3 MER_4 GRADE FRAME
   1878.78022 10.323 10.344 10.323 10.324 10.327    0.061 0.078 0.063 0.065 0.068  D 1706
   1880.77522 10.330 10.343 10.335 10.337 10.342    0.029 0.048 0.033 0.033 0.037  A 2014
   1889.74568 10.369 10.344 10.369 10.370 10.378    0.039 0.054 0.039 0.045 0.050  A 3110
   1900.76219 10.322 10.303 10.324 10.320 10.322    0.032 0.045 0.035 0.035 0.038  A 3403
   2031.50194 10.408 10.438 10.421 10.408 10.411    0.023 0.034 0.025 0.026 0.029  A 17965
   2033.52038 10.414 10.426 10.414 10.415 10.404    0.026 0.030 0.026 0.029 0.032  A 18406
   2054.46857 10.445 10.433 10.432 10.442 10.456    0.090 0.084 0.078 0.113 0.135  D 20182
   2058.44907 10.413 10.405 10.418 10.399 10.402    0.031 0.030 0.028 0.035 0.039  A 21074
   2184.86939 10.404 10.376 10.387 10.405 10.402    0.035 0.051 0.041 0.040 0.045  A 34180
   2190.87036 10.328 10.292 10.322 10.321 10.319    0.033 0.038 0.039 0.034 0.036  A 35042
   2196.84937 10.371 10.368 10.371 10.388 10.397    0.057 0.068 0.057 0.065 0.075  B 36053
   2198.86092 10.389 10.380 10.385 10.385 10.393    0.031 0.049 0.037 0.035 0.038  A 36414
   2200.86645 10.378 10.381 10.366 10.375 10.380    0.030 0.049 0.036 0.033 0.037  A 36665
   2202.85418 10.379 10.358 10.367 10.391 10.398    0.031 0.048 0.038 0.034 0.037  A 37004
   2206.83490 10.340 10.324 10.338 10.347 10.335    0.030 0.045 0.037 0.033 0.035  A 37574
   2212.83868 10.328 10.283 10.300 10.331 10.324    0.033 0.047 0.038 0.036 0.038  A 38007
   2214.83081 10.334 10.290 10.313 10.344 10.328    0.037 0.053 0.044 0.043 0.044  A 38321
   2216.82772 10.304 10.302 10.288 10.324 10.318    0.037 0.054 0.044 0.042 0.044  A 38653
   2224.80320 10.346 10.333 10.344 10.353 10.336    0.034 0.046 0.039 0.038 0.039  A 39421
   2226.81254 10.332 10.326 10.297 10.331 10.334    0.036 0.054 0.043 0.044 0.042  A 39739
   2228.80498 10.345 10.294 10.344 10.355 10.353    0.037 0.052 0.044 0.045 0.044  A 40054
   2233.77648 10.329 10.315 10.314 10.347 10.345    0.035 0.051 0.043 0.040 0.039  A 40692
   2235.79067 10.305 10.286 10.264 10.309 10.326    0.033 0.049 0.041 0.037 0.037  A 41012
   2237.78791 10.330 10.315 10.303 10.343 10.337    0.036 0.051 0.043 0.040 0.041  A 41329
   2240.76323 10.328 10.330 10.318 10.309 10.341    0.036 0.052 0.043 0.042 0.042  A 41635
   2242.77171 10.357 10.323 10.339 10.374 10.372    0.041 0.056 0.048 0.045 0.047  A 41958
   2244.77682 10.318 10.282 10.312 10.325 10.337    0.044 0.063 0.052 0.050 0.051  A 42238
   2256.74896 10.240 10.263 10.247 10.302 10.313    0.041 0.065 0.052 0.046 0.047  A 43835
   2258.73807 10.346 10.350 10.343 10.340 10.335    0.043 0.064 0.052 0.046 0.049  A 44152
   2260.77612 10.330 10.346 10.336 10.367 10.371    0.043 0.066 0.050 0.049 0.049  A 44299
   2261.76931 10.354 10.386 10.349 10.352 10.357    0.049 0.076 0.059 0.054 0.055  B 44457
   2545.87000 10.348 10.312 10.349 10.340 10.337    0.025 0.031 0.027 0.028 0.031  A 20274
   2545.89234 10.363 10.390 10.367 10.364 10.378    0.036 0.038 0.041 0.039 0.043  A 20284
   2557.86194 10.358 10.327 10.330 10.344 10.364    0.027 0.035 0.034 0.029 0.028  A 21966
   2559.88741 10.358 10.372 10.361 10.355 10.354    0.030 0.033 0.034 0.034 0.039  A 22337
   2562.85762 10.391 10.402 10.408 10.397 10.409    0.026 0.041 0.032 0.029 0.033  A 22830
   2564.86364 10.382 10.375 10.368 10.378 10.386    0.025 0.029 0.029 0.029 0.033  A 23191
   2578.81220 10.357 10.365 10.350 10.340 10.334    0.038 0.046 0.044 0.043 0.046  A 25021
   2621.83388 10.383 10.385 10.376 10.383 10.384    0.023 0.024 0.024 0.025 0.029  A 29884
   2623.79036 10.380 10.409 10.377 10.381 10.377    0.019 0.033 0.019 0.021 0.023  A 30197
   2625.78527 10.353 10.362 10.366 10.334 10.326    0.023 0.025 0.023 0.026 0.030  A 30477
   2628.76722 10.304 10.290 10.296 10.301 10.306    0.029 0.034 0.030 0.033 0.037  A 30774
   2632.80773 10.266 10.289 10.271 10.268 10.265    0.025 0.025 0.025 0.028 0.031  A 32005
   2635.75103 10.273 10.277 10.269 10.283 10.285    0.029 0.032 0.037 0.033 0.035  A 32275
   2637.75627 10.290 10.306 10.286 10.288 10.290    0.021 0.026 0.025 0.022 0.025  A 32568
   2639.78348 10.320 10.281 10.315 10.308 10.299    0.021 0.022 0.026 0.023 0.023  A 32888
   2643.76786 10.337 10.360 10.328 10.347 10.354    0.021 0.028 0.023 0.022 0.024  A 33475
   2645.75919 10.361 10.357 10.375 10.353 10.355    0.019 0.024 0.023 0.021 0.023  A 33769
   2647.74852 10.374 10.361 10.370 10.374 10.378    0.026 0.026 0.026 0.030 0.034  A 34061
   2650.72485 10.356 10.360 10.345 10.359 10.363    0.021 0.023 0.022 0.024 0.027  A 34317
   2652.73132 10.319 10.332 10.308 10.326 10.334    0.024 0.028 0.028 0.024 0.026  A 34625
   2655.68976 99.999 99.999 99.999 99.999 99.999    0.024 0.025 0.025 0.027 0.030  C 35252
   2661.72527 10.313 10.315 10.335 10.304 10.301    0.024 0.034 0.028 0.027 0.029  A 36146
   2663.72170 10.313 10.325 10.281 10.318 10.328    0.026 0.031 0.036 0.028 0.029  A 36483
   2667.71410 10.349 10.396 10.320 10.342 10.357    0.027 0.029 0.039 0.029 0.028  A 37135
   2669.70353 10.374 10.366 10.384 10.370 10.362    0.033 0.027 0.044 0.037 0.032  A 37457
   2671.70264 10.344 10.344 10.331 10.349 10.345    0.025 0.032 0.031 0.032 0.029  A 37786
   2673.69846 10.275 10.342 10.282 10.285 10.287    0.037 0.036 0.040 0.039 0.042  A 38120
   2675.68496 10.339 10.296 10.350 10.340 10.330    0.022 0.027 0.027 0.026 0.026  A 38475
   2677.66685 10.321 10.318 10.337 10.316 10.318    0.023 0.027 0.028 0.024 0.026  A 38814
   2679.66798 10.287 10.285 10.278 10.293 10.289    0.040 0.038 0.055 0.039 0.037  A 39146
   2681.65866 10.395 10.307 10.418 10.375 10.350    0.037 0.031 0.041 0.034 0.032  A 39465
   2683.65642 10.309 10.292 10.313 10.307 10.307    0.024 0.029 0.026 0.028 0.031  A 39821
   2686.65515 10.316 10.308 10.323 10.318 10.311    0.051 0.047 0.060 0.057 0.059  B 40366
   2689.70593 10.303 10.323 10.316 10.312 10.313    0.025 0.045 0.030 0.029 0.034  A 40935
   2691.65044 10.296 10.240 10.280 10.301 10.305    0.022 0.039 0.022 0.025 0.028  A 41286
   2693.66283 10.312 10.321 10.312 10.305 10.306    0.022 0.030 0.024 0.023 0.025  A 41591
   2697.65930 10.275 10.273 10.272 10.283 10.294    0.021 0.030 0.023 0.023 0.025  A 42288
   2699.65201 10.080 10.209 10.116 10.030  9.952    0.023 0.029 0.024 0.027 0.032  A 42706
   2701.64760 10.301 10.317 10.308 10.312 10.313    0.021 0.032 0.024 0.023 0.026  A 43088
   2703.64333 10.299 10.303 10.303 10.308 10.313    0.019 0.023 0.020 0.021 0.024  A 43469
   2705.63551 10.303 10.301 10.318 10.317 10.311    0.025 0.030 0.025 0.030 0.034  A 43840
   2707.63361 10.324 10.343 10.317 10.325 10.327    0.020 0.026 0.021 0.022 0.024  A 44205
   2709.61780 10.347 10.379 10.344 10.353 10.351    0.022 0.026 0.024 0.025 0.029  A 44562
   2714.57819 10.307 10.304 10.298 10.302 10.303    0.036 0.036 0.036 0.045 0.045  A 45487
   2715.70845 10.267 10.282 10.284 10.263 10.258    0.034 0.037 0.031 0.040 0.047  A 45723
   2719.59432 10.235 10.240 10.254 10.242 10.247    0.021 0.027 0.023 0.023 0.026  A 46079
   2721.61294 10.261 10.254 10.283 10.253 10.251    0.023 0.032 0.026 0.024 0.028  A 46472
   2723.61325 10.286 10.252 10.298 10.273 10.266    0.026 0.036 0.038 0.028 0.029  A 46861
   2725.60981 10.310 10.290 10.329 10.300 10.293    0.022 0.029 0.028 0.022 0.024  A 47251
   2727.60332 10.368 10.363 10.401 10.339 10.333    0.023 0.029 0.030 0.024 0.026  A 47638
   2729.60106 10.308 10.300 10.313 10.308 10.320    0.023 0.027 0.027 0.027 0.030  A 48045
   2733.58907 10.296 10.321 10.301 10.290 10.291    0.024 0.028 0.026 0.026 0.030  A 48599
   2735.58445 10.297 10.296 10.288 10.289 10.296    0.023 0.024 0.029 0.024 0.025  A 49003
   2737.57613 10.247 10.249 10.232 10.259 10.261    0.026 0.034 0.032 0.027 0.030  A 49396
   2741.50647 10.285 10.305 10.272 10.288 10.285    0.025 0.029 0.028 0.027 0.029  A 50095
   2742.60174 10.289 10.316 10.306 10.288 10.282    0.024 0.032 0.025 0.027 0.031  A 50344
   2744.57443 10.301 10.302 10.316 10.312 10.317    0.031 0.035 0.032 0.034 0.036  A 50707
   2746.58546 10.338 10.320 10.360 10.326 10.311    0.031 0.029 0.039 0.038 0.043  A 50984
   2750.58583 10.367 10.368 10.369 10.366 10.367    0.021 0.026 0.023 0.024 0.027  A 51612
   2752.55720 10.361 10.358 10.355 10.359 10.354    0.019 0.021 0.020 0.022 0.025  A 51990
   2755.55263 10.318 10.344 10.323 10.318 10.323    0.019 0.023 0.020 0.021 0.024  A 52423
   2757.54937 10.310 10.298 10.324 10.310 10.306    0.018 0.025 0.020 0.020 0.022  A 52838
   2759.57663 10.282 10.288 10.296 10.276 10.284    0.028 0.038 0.027 0.033 0.038  A 53193
   2761.55235 10.309 10.300 10.322 10.306 10.299    0.018 0.025 0.020 0.021 0.024  A 53594
   2763.54866 10.300 10.323 10.305 10.309 10.320    0.020 0.028 0.021 0.022 0.025  A 53988
   2776.48494 10.332 10.364 10.330 10.341 10.344    0.027 0.042 0.041 0.031 0.031  A 55244
   2783.48927 10.267 10.273 10.260 10.260 10.267    0.023 0.030 0.039 0.025 0.025  A 55873
   2785.49320 10.309 10.316 10.296 10.309 10.311    0.020 0.032 0.028 0.023 0.025  A 56296
   2787.49291 10.355 10.325 10.370 10.365 10.359    0.021 0.030 0.029 0.024 0.026  A 56734
   2791.48062 10.365 10.383 10.386 10.358 10.366    0.022 0.029 0.025 0.025 0.027  A 57486
   2796.44917 10.350 10.335 10.361 10.340 10.344    0.029 0.034 0.028 0.032 0.035  A 58307
   2811.44896 10.371 10.374 10.380 10.364 10.370    0.027 0.030 0.027 0.032 0.038  A 59878
   2912.89470 10.342 10.344 10.328 10.328 10.342    0.078 0.064 0.071 0.096 0.112  D 74210
   2918.87143 10.337 10.341 10.335 10.340 10.318    0.054 0.040 0.045 0.067 0.079  B 74987
   2923.85949 10.329 10.355 10.340 10.328 10.322    0.035 0.033 0.044 0.037 0.039  A 75555
   2927.85343 10.378 10.375 10.364 10.371 10.368    0.030 0.030 0.034 0.033 0.038  A 76097
   2933.85446 10.369 10.351 10.374 10.363 10.368    0.029 0.029 0.041 0.028 0.030  A 77165
   2940.84642 10.378 10.377 10.377 10.378 10.374    0.025 0.027 0.030 0.028 0.032  A 78093
   2943.84929 10.361 10.359 10.346 10.366 10.375    0.023 0.026 0.031 0.027 0.029  A 78455
   2947.84525 10.384 10.378 10.390 10.382 10.377    0.023 0.032 0.027 0.027 0.030  A 79093
   2951.82531 10.360 10.373 10.375 10.357 10.366    0.026 0.027 0.026 0.031 0.035  A 79639
   2955.81222 10.317 10.335 10.321 10.316 10.322    0.026 0.027 0.025 0.031 0.036  A 80156
   2961.82258 10.305 10.283 10.325 10.308 10.302    0.026 0.028 0.027 0.031 0.035  A 80991
   2964.86054 10.342 10.315 10.358 10.337 10.328    0.030 0.034 0.034 0.034 0.039  A 81435
   2968.80219 10.377 10.318 10.372 10.370 10.369    0.037 0.034 0.035 0.042 0.047  A 81971
   2972.84862 10.327 10.355 10.332 10.343 10.339    0.029 0.028 0.041 0.033 0.036  A 82409
   2975.78163 10.369 10.431 10.365 10.368 10.371    0.021 0.034 0.022 0.024 0.028  A 82773
   2977.79292 10.398 10.393 10.396 10.397 10.396    0.040 0.045 0.038 0.046 0.054  A 83048
   2979.81501 10.350 10.325 10.356 10.342 10.348    0.023 0.027 0.026 0.026 0.030  A 83324
   2981.81875 10.355 10.337 10.366 10.360 10.357    0.032 0.035 0.038 0.036 0.040  A 83583
   2984.78903 10.320 10.332 10.314 10.318 10.323    0.030 0.029 0.031 0.035 0.040  A 83963
   2987.83601 10.329 10.311 10.345 10.323 10.326    0.023 0.028 0.026 0.027 0.030  A 84380
   2990.78191 10.298 10.297 10.311 10.296 10.299    0.027 0.040 0.027 0.032 0.038  A 84698
   2993.77274 10.336 10.356 10.327 10.332 10.328    0.020 0.023 0.024 0.024 0.027  A 85107
   2996.75587 10.357 10.332 10.370 10.338 10.330    0.025 0.029 0.028 0.029 0.032  A 85490
   3001.78393 10.370 10.389 10.370 10.371 10.376    0.021 0.023 0.026 0.024 0.027  A 86043
   3006.73159 10.455 10.404 10.433 10.474 10.454    0.064 0.050 0.056 0.066 0.069  D 86622
   3008.75260 10.310 10.353 10.310 10.306 10.289    0.029 0.031 0.032 0.034 0.039  A 86886
   3010.75018 10.321 10.323 10.335 10.318 10.325    0.028 0.031 0.031 0.033 0.037  A 87152
   3015.71975 10.314 10.300 10.326 10.312 10.304    0.090 0.078 0.082 0.112 0.135  D 87651
   3017.73628 10.336 10.325 10.334 10.337 10.329    0.023 0.027 0.027 0.028 0.031  A 87911
   3019.74472 10.346 10.356 10.350 10.340 10.335    0.023 0.025 0.026 0.026 0.029  A 88179
   3023.76184 10.354 10.365 10.375 10.352 10.351    0.021 0.024 0.024 0.026 0.030  A 88341
   3030.75171 10.334 10.326 10.332 10.340 10.343    0.024 0.025 0.027 0.028 0.033  A 88769
   3033.66080 10.351 10.324 10.355 10.356 10.353    0.021 0.033 0.023 0.024 0.027  A 89033
   3035.68912 10.348 10.341 10.349 10.339 10.335    0.025 0.027 0.026 0.030 0.036  A 89268
   3042.67941 10.268 10.209 10.256 10.270 10.266    0.078 0.057 0.070 0.086 0.093  D 89808
   3044.70465 10.307 10.311 10.323 10.315 10.324    0.025 0.027 0.026 0.030 0.034  A 90078
   3047.65618 10.305 10.312 10.300 10.307 10.302    0.022 0.026 0.023 0.027 0.032  A 90469
   3050.63462 10.314 10.287 10.319 10.313 10.313    0.020 0.032 0.023 0.024 0.027  A 90860
   3052.78339 10.314 10.299 10.326 10.305 10.298    0.022 0.026 0.025 0.026 0.031  A 91182
   3055.60573 10.336 10.292 10.328 10.327 10.322    0.032 0.047 0.033 0.036 0.042  A 91532
   3057.62819 10.373 10.390 10.384 10.375 10.382    0.034 0.034 0.035 0.037 0.041  A 91815
   3059.68356 10.351 10.374 10.352 10.369 10.368    0.038 0.040 0.035 0.044 0.048  A 92096
   3061.70853 10.383 10.416 10.369 10.397 10.407    0.023 0.023 0.026 0.027 0.030  A 92380
   3069.60515 10.282 10.307 10.276 10.282 10.289    0.041 0.037 0.038 0.049 0.055  A 93328
   3071.61369 10.308 10.290 10.294 10.312 10.328    0.029 0.031 0.029 0.035 0.042  A 93621
   3073.64953 10.286 10.287 10.292 10.279 10.278    0.025 0.027 0.028 0.031 0.036  A 93875
   3075.67231 10.308 10.325 10.307 10.301 10.303    0.029 0.036 0.031 0.036 0.042  A 94149
   3077.68465 10.298 10.332 10.308 10.304 10.311    0.025 0.032 0.027 0.030 0.036  A 94438
   3079.69577 10.314 10.337 10.315 10.301 10.285    0.029 0.034 0.028 0.033 0.039  A 94730
   3082.56765 10.345 10.355 10.331 10.342 10.344    0.025 0.031 0.028 0.028 0.032  A 95133
   3086.56753 10.320 10.333 10.329 10.332 10.341    0.056 0.051 0.053 0.061 0.069  B 95428
   3088.58619 10.313 10.357 10.316 10.322 10.336    0.055 0.050 0.053 0.063 0.075  B 95745
   3090.59664 10.321 10.285 10.317 10.337 10.340    0.053 0.052 0.049 0.062 0.069  B 96053
   3092.58995 10.347 10.352 10.349 10.349 10.349    0.021 0.021 0.025 0.025 0.028  A 96360
   3096.59057 10.327 10.326 10.331 10.342 10.349    0.026 0.032 0.026 0.030 0.034  A 96638
   3098.61301 10.305 10.329 10.320 10.317 10.322    0.029 0.034 0.027 0.037 0.043  A 96961
   3100.61484 10.328 10.330 10.334 10.322 10.319    0.028 0.028 0.028 0.033 0.039  A 97265
   3102.62146 10.354 10.372 10.353 10.342 10.349    0.027 0.029 0.027 0.032 0.037  A 97584
   3104.63267 10.347 10.334 10.332 10.362 10.354    0.028 0.031 0.029 0.033 0.039  A 97905
   3106.62694 10.322 10.354 10.330 10.323 10.321    0.026 0.027 0.027 0.031 0.036  A 98216
   3108.63019 10.355 10.315 10.358 10.353 10.343    0.046 0.040 0.042 0.051 0.055  A 98533
   3110.62314 10.323 10.356 10.317 10.339 10.344    0.023 0.029 0.026 0.028 0.032  A 98847
   3112.63122 10.335 10.316 10.336 10.333 10.334    0.024 0.028 0.027 0.028 0.033  A 99157
   3115.50726 10.330 10.369 10.341 10.324 10.325    0.022 0.035 0.025 0.027 0.030  A 99611
   3124.46252 10.295 10.307 10.285 10.308 10.318    0.027 0.029 0.032 0.030 0.035  A 100488
   3126.53674 10.289 10.301 10.279 10.296 10.294    0.027 0.041 0.029 0.032 0.036  A 100845
   3128.56672 10.287 10.327 10.301 10.276 10.285    0.028 0.033 0.029 0.034 0.039  A 101172
   3130.57756 10.270 10.281 10.249 10.288 10.290    0.033 0.031 0.035 0.039 0.046  A 101467
   3133.50182 10.289 10.307 10.292 10.279 10.275    0.021 0.027 0.021 0.025 0.029  A 101938
   3142.50835 10.355 10.367 10.325 10.364 10.356    0.023 0.025 0.025 0.026 0.030  A 103066
   3146.49769 10.415 10.419 10.434 10.409 10.404    0.040 0.067 0.046 0.044 0.053  A 103469
   3154.47876 10.380 10.403 10.386 10.386 10.394    0.023 0.026 0.025 0.027 0.033  A 103885
   3158.47398 10.290 10.342 10.300 10.287 10.281    0.028 0.029 0.029 0.035 0.040  A 104348
   3162.47281 10.357 10.326 10.369 10.351 10.365    0.023 0.025 0.027 0.027 0.031  A 104789
   3165.46737 10.346 10.360 10.340 10.361 10.365    0.031 0.040 0.035 0.033 0.038  A 105311
   3169.45306 10.403 10.384 10.408 10.395 10.385    0.025 0.027 0.028 0.030 0.034  A 105866
   3356.77743 10.423 10.448 10.430 10.426 10.426    0.064 0.094 0.064 0.069 0.073  D 124514
   3362.76379 10.323 10.304 10.334 10.323 10.323    0.032 0.043 0.032 0.037 0.044  A 124875
   3387.68838 10.365 10.391 10.369 10.369 10.373    0.035 0.082 0.040 0.039 0.043  B 126334
   3389.72219 10.358 10.388 10.356 10.360 10.355    0.032 0.074 0.037 0.035 0.038  A 126609
   3391.77034 10.320 10.268 10.328 10.318 10.319    0.036 0.066 0.039 0.040 0.044  A 126877
   3397.70860 10.355 10.426 10.361 10.344 10.335    0.041 0.088 0.046 0.046 0.051  B 127525
   3399.73682 10.299 10.331 10.300 10.298 10.294    0.045 0.070 0.042 0.052 0.058  A 127794
   3404.74809 10.300 10.305 10.303 10.306 10.300    0.029 0.046 0.032 0.031 0.034  A 128446
   3406.80493 10.324 10.285 10.316 10.322 10.327    0.035 0.062 0.038 0.038 0.044  A 128779
   3409.63398 10.337 10.306 10.325 10.350 10.361    0.027 0.044 0.027 0.030 0.033  A 129185
   3411.66242 10.357 10.416 10.366 10.355 10.358    0.028 0.048 0.031 0.031 0.036  A 129489
   3413.70914 10.298 10.281 10.276 10.304 10.311    0.031 0.064 0.035 0.034 0.038  A 129805
   3415.72403 10.291 10.316 10.294 10.302 10.310    0.026 0.059 0.030 0.029 0.031  A 130137
   3417.72924 10.287 10.316 10.282 10.285 10.292    0.035 0.052 0.038 0.039 0.042  A 130451
   3419.69444 10.282 10.262 10.278 10.285 10.289    0.024 0.036 0.023 0.028 0.031  A 130757
   3424.63467 10.281 10.168 10.247 10.276 10.299    0.044 0.084 0.044 0.053 0.061  B 131505
   3426.63238 10.307 10.254 10.291 10.307 10.311    0.045 0.090 0.050 0.050 0.054  B 131838
   3428.64129 10.354 10.291 10.344 10.366 10.390    0.041 0.087 0.048 0.044 0.048  B 132151
   3430.63842 10.357 10.377 10.360 10.356 10.363    0.032 0.068 0.036 0.036 0.042  A 132191
   3432.63658 10.334 10.345 10.327 10.338 10.350    0.055 0.103 0.059 0.061 0.064  B 132517
   3434.63506 10.335 10.313 10.310 10.339 10.342    0.043 0.080 0.047 0.046 0.050  A 132834
   3437.62612 10.311 10.265 10.326 10.309 10.315    0.025 0.038 0.028 0.029 0.033  A 133134
   3440.61819 10.321 10.339 10.303 10.328 99.999    0.028 0.056 0.031 0.032 0.035  C 133477
   3443.66911 10.316 10.260 10.323 10.323 10.323    0.032 0.084 0.049 0.033 0.037  B 133756
   3445.63402 10.323 10.383 10.325 10.325 10.331    0.037 0.083 0.044 0.040 0.043  B 134100
   3447.63079 10.340 10.395 10.340 10.352 10.353    0.047 0.096 0.050 0.052 0.057  B 134736
   3453.61528 10.315 10.222 10.314 10.310 10.310    0.050 0.085 0.047 0.060 0.068  B 135637
   3455.63783 10.357 10.355 10.344 10.358 10.355    0.037 0.074 0.040 0.042 0.048  A 136004
   3457.64727 10.304 10.259 10.273 10.310 10.313    0.029 0.053 0.032 0.033 0.038  A 136360
   3459.64241 10.293 10.241 10.302 10.290 10.300    0.030 0.063 0.035 0.034 0.038  A 136716
   3461.65357 10.286 10.285 10.273 10.282 10.292    0.034 0.054 0.035 0.041 0.047  A 137042
   3464.53750 10.327 10.353 10.333 10.328 10.333    0.027 0.049 0.029 0.030 0.033  A 137456
   3466.56521 10.403 10.416 10.401 10.395 10.404    0.036 0.079 0.039 0.041 0.044  A 137803
   3469.57278 10.426 10.470 10.415 10.430 10.441    0.026 0.062 0.030 0.029 0.032  A 138227
   3471.58108 10.419 10.409 10.429 10.422 10.428    0.026 0.052 0.030 0.030 0.032  A 138553
   3473.57690 10.382 10.374 10.379 10.388 10.384    0.026 0.040 0.028 0.030 0.034  A 138857
   3479.53256 10.370 10.296 10.351 10.380 10.379    0.065 0.069 0.054 0.085 0.103  D 139821
   3481.53703 10.382 10.328 10.377 10.395 10.399    0.031 0.048 0.031 0.034 0.038  A 140143
   3483.54510 10.419 10.472 10.421 10.432 10.431    0.058 0.081 0.057 0.067 0.077  B 140464
   3489.57625 10.372 10.313 10.365 10.379 10.390    0.027 0.044 0.029 0.030 0.033  A 140931
   3491.58382 10.273 10.250 10.274 10.267 10.271    0.044 0.080 0.049 0.050 0.055  A 141292
   3497.51234 99.999 99.999 99.999 99.999 99.999    0.024 0.040 0.026 0.028 0.032  C 141879
   3500.51759 10.323 10.332 10.326 10.342 10.347    0.030 0.056 0.033 0.034 0.038  A 142232
   3502.54749 10.382 10.404 10.370 10.393 10.397    0.038 0.075 0.041 0.043 0.047  A 142599
   3511.49343 10.445 10.431 10.445 10.449 10.446    0.026 0.031 0.026 0.030 0.035  A 143621
   3513.50420 10.408 10.401 10.408 10.417 10.421    0.039 0.039 0.037 0.047 0.055  A 143982
   3517.50453 10.338 10.262 10.342 10.339 10.349    0.035 0.067 0.038 0.039 0.045  A 144296
   3521.50679 10.420 10.471 10.436 10.433 10.448    0.050 0.081 0.051 0.056 0.060  B 144798
   3525.49083 10.367 10.337 10.352 10.374 10.370    0.026 0.049 0.027 0.030 0.033  A 145448
   3528.46874 10.407 10.402 10.406 10.403 10.405    0.029 0.038 0.029 0.033 0.036  A 145959
   3654.87957 10.349 10.355 10.354 10.349 10.354    0.028 0.033 0.026 0.034 0.039  A 161963
   3658.86764 10.319 10.291 10.319 10.319 10.324    0.032 0.043 0.031 0.038 0.043  A 162555
   3662.87219 10.334 10.332 10.324 10.341 10.337    0.037 0.034 0.033 0.046 0.055  A 163147
   3666.85617 10.363 10.347 10.357 10.368 10.379    0.037 0.048 0.036 0.045 0.052  A 163728
   3671.84618 10.408 10.379 10.413 10.417 10.418    0.028 0.033 0.030 0.032 0.037  A 164328
   3675.83715 10.336 10.372 10.327 10.342 10.350    0.025 0.037 0.027 0.028 0.032  A 164897
   3702.82836 10.325 10.301 10.312 10.325 10.327    0.033 0.073 0.039 0.036 0.038  A 168351
   3706.80513 10.319 10.332 10.307 10.322 10.326    0.029 0.033 0.029 0.034 0.042  A 168897
   3711.83810 10.335 10.363 10.327 10.342 10.338    0.024 0.030 0.023 0.028 0.033  A 169332
   3714.78576 10.383 10.348 10.381 10.386 10.392    0.027 0.042 0.028 0.030 0.034  A 169744
   3717.79049 10.412 10.423 10.428 10.395 10.397    0.037 0.070 0.040 0.041 0.047  A 170131
   3720.77838 10.350 10.298 10.340 10.360 10.375    0.039 0.074 0.041 0.044 0.050  A 170484
   3724.81182 10.334 10.294 10.312 10.339 10.334    0.031 0.050 0.032 0.036 0.041  A 170924
   3727.76136 10.364 10.373 10.361 10.377 10.379    0.033 0.038 0.029 0.039 0.045  A 171317
   3731.75996 10.366 10.352 10.356 10.366 10.374    0.036 0.040 0.035 0.040 0.047  A 171726
   3734.75744 10.349 10.321 10.346 10.338 10.344    0.040 0.040 0.034 0.049 0.060  A 172112
   3737.73617 10.328 10.291 10.313 10.337 10.342    0.027 0.047 0.031 0.029 0.033  A 172521
   3739.83451 10.365 10.373 10.356 10.369 10.364    0.028 0.034 0.029 0.031 0.036  A 172833
   3742.71978 10.339 10.319 10.330 10.348 10.354    0.028 0.049 0.031 0.031 0.035  A 173170
   3745.70951 10.329 10.295 10.318 10.335 10.332    0.045 0.088 0.051 0.048 0.052  B 173573
   3747.79098 99.999 99.999 99.999 99.999 99.999    0.045 0.085 0.048 0.052 0.058  C 173865
   3752.73577 10.418 10.345 10.409 10.425 10.443    0.035 0.049 0.033 0.042 0.049  A 174549
   3755.68098 10.354 10.355 10.372 10.357 10.352    0.033 0.045 0.033 0.036 0.041  A 174933
   3757.72969 10.297 10.191 10.292 10.300 10.312    0.041 0.085 0.045 0.045 0.049  B 175230
   3759.78491 10.314 10.411 10.323 10.313 10.321    0.041 0.088 0.046 0.044 0.049  B 175530
   3762.68628 10.277 10.312 10.284 10.285 10.285    0.036 0.042 0.035 0.041 0.046  A 175890
   3764.80421 10.277 10.253 10.270 10.284 10.299    0.037 0.071 0.040 0.041 0.046  A 176205
   3767.67553 10.341 10.347 10.341 10.337 10.350    0.041 0.068 0.042 0.047 0.054  A 176581
   3770.63632 10.411 10.379 10.412 10.407 10.413    0.051 0.086 0.053 0.060 0.069  B 176969
   3772.69509 10.385 10.370 10.392 10.384 10.389    0.031 0.048 0.032 0.034 0.038  A 177231
   3774.81546 99.999 99.999 99.999 99.999 99.999    0.039 0.073 0.041 0.045 0.051  C 177556
   3779.66044 10.333 10.355 10.327 10.343 10.351    0.041 0.053 0.039 0.050 0.058  A 178259
   3787.67785 10.353 10.431 10.362 10.350 10.351    0.041 0.086 0.047 0.045 0.048  B 178852
   3789.72913 10.324 10.358 10.335 10.320 10.340    0.041 0.089 0.047 0.044 0.047  B 179142
   3792.61736 10.273 10.322 10.279 10.286 10.295    0.032 0.041 0.032 0.036 0.042  A 179545
   3794.67012 10.261 10.244 10.237 10.265 10.262    0.031 0.044 0.031 0.036 0.042  A 179849
   3796.69225 10.285 10.294 10.285 10.287 10.284    0.026 0.040 0.027 0.028 0.033  A 180139
   3798.75166 10.254 10.192 10.244 10.264 10.271    0.031 0.054 0.034 0.035 0.038  A 180433
   3801.58550 10.304 10.296 10.302 10.310 10.313    0.031 0.043 0.031 0.037 0.043  A 180793
   3806.58645 99.999 99.999 99.999 99.999 99.999    0.048 0.083 0.048 0.059 0.067  C 181450
   3809.61339 10.310 10.344 10.333 10.310 10.297    0.037 0.044 0.035 0.046 0.054  A 181813
   3811.61725 10.353 10.376 10.355 10.351 10.352    0.036 0.055 0.036 0.042 0.049  A 182128
   3813.62620 10.276 10.217 10.260 10.287 10.297    0.045 0.072 0.044 0.057 0.067  B 182452
   3815.65252 10.268 10.226 10.259 10.272 10.276    0.033 0.057 0.034 0.038 0.043  A 182782
   3817.67629 10.219 10.209 10.223 10.217 10.215    0.033 0.035 0.031 0.039 0.044  A 183104
   3819.68976 10.206 10.173 10.198 10.199 10.199    0.038 0.059 0.040 0.043 0.047  A 183433
   3822.56980 10.223 10.132 10.223 10.225 10.233    0.039 0.081 0.043 0.045 0.049  B 183877
   3824.60784 10.318 10.283 10.277 10.335 10.348    0.037 0.080 0.043 0.041 0.045  A 184221
   3826.60813 10.365 10.399 10.365 10.379 10.384    0.036 0.056 0.036 0.043 0.050  A 184559
   3828.61840 10.375 10.423 10.387 10.371 10.367    0.040 0.081 0.045 0.044 0.048  B 184907
   3834.50844 10.310 10.332 10.300 10.320 10.322    0.046 0.081 0.049 0.052 0.059  B 185897
   3836.51836 10.223 10.228 10.232 10.206 10.213    0.042 0.054 0.040 0.051 0.060  A 186242
   3848.55122 10.389 10.515 10.410 10.386 10.395    0.048 0.063 0.046 0.056 0.064  B 186884
   3850.58273 10.366 10.411 10.359 10.368 10.374    0.036 0.071 0.042 0.038 0.041  A 187234
   3852.57656 10.298 10.308 10.301 10.297 10.301    0.030 0.048 0.033 0.034 0.038  A 187585
   3854.58871 10.296 10.334 10.299 10.298 10.301    0.037 0.069 0.042 0.039 0.043  A 187955
   3861.47818 10.363 10.362 10.347 10.371 10.376    0.027 0.035 0.027 0.031 0.034  A 188959
   3863.50254 10.392 10.384 10.395 10.391 10.380    0.030 0.044 0.032 0.036 0.040  A 189312
   3865.51362 10.410 10.414 10.407 10.419 10.423    0.032 0.050 0.034 0.037 0.042  A 189667
   3868.49792 10.358 10.377 10.351 10.365 10.362    0.031 0.039 0.030 0.038 0.043  A 190147
   3870.50820 10.351 10.324 10.361 10.353 10.355    0.031 0.036 0.032 0.036 0.040  A 190511
   3872.52382 10.297 10.290 10.284 10.304 10.312    0.026 0.035 0.027 0.030 0.035  A 190891
   3877.45827 10.281 10.249 10.245 10.294 10.290    0.029 0.063 0.035 0.032 0.035  A 191438
   3881.45983 10.326 10.314 10.314 10.324 10.327    0.027 0.054 0.032 0.030 0.034  A 191934
   3891.47682 10.369 10.390 10.382 10.360 10.367    0.031 0.060 0.034 0.036 0.039  A 193300
   3894.46601 10.330 10.337 10.330 10.329 10.330    0.032 0.049 0.033 0.039 0.045  A 193824
   3898.46677 10.320 10.339 10.334 10.315 10.316    0.037 0.067 0.039 0.043 0.050  A 194302
   3901.45932 10.271 10.223 10.270 10.267 10.268    0.030 0.062 0.033 0.034 0.039  A 194781
   3904.45437 10.388 10.448 10.409 10.379 10.393    0.033 0.076 0.038 0.037 0.041  A 195352
   4090.76602 10.377 10.340 10.361 10.386 10.375    0.053 0.086 0.052 0.063 0.073  B 209294
   4103.73747 10.344 10.318 10.354 10.343 10.346    0.048 0.083 0.046 0.057 0.063  B 210625
   4107.76362 10.373 10.350 10.372 10.386 10.390    0.027 0.033 0.027 0.032 0.036  A 211145
   4111.77100 10.328 10.261 10.319 10.317 10.327    0.050 0.094 0.051 0.057 0.063  B 211430
   4122.77596 99.999 10.353 10.324 99.999 99.999    0.041 0.072 0.040 0.048 0.054  C 212154
   4125.66790 10.294 10.314 10.284 10.316 10.324    0.029 0.044 0.031 0.033 0.037  A 211545
   4127.69648 10.311 10.319 10.322 10.312 10.321    0.029 0.054 0.031 0.032 0.036  A 211818
   4129.70160 10.546 10.539 10.544 10.556 10.555    0.027 0.036 0.029 0.029 0.033  A 212085
   4134.68932 10.345 10.391 10.339 10.354 10.359    0.041 0.077 0.045 0.045 0.051  A 212744
   4136.69633 10.308 10.315 10.285 10.322 10.324    0.038 0.054 0.037 0.044 0.051  A 213001
   4147.61522 10.350 10.250 10.324 10.347 10.351    0.039 0.055 0.038 0.043 0.047  A 214555
   4150.68754 10.361 10.364 10.360 10.359 10.367    0.028 0.047 0.031 0.032 0.035  A 214829
   4152.70000 10.352 10.391 10.341 10.360 10.369    0.028 0.053 0.033 0.031 0.034  A 215140
   4154.73195 10.363 10.344 10.368 10.369 10.378    0.036 0.066 0.035 0.041 0.046  A 215447
   4156.74447 10.318 10.320 10.310 10.312 10.307    0.047 0.083 0.053 0.050 0.053  B 215746
   4161.70568 10.318 10.349 10.310 10.328 10.330    0.040 0.078 0.042 0.045 0.049  A 216487
   4163.71630 10.304 10.264 10.299 10.292 10.295    0.044 0.089 0.048 0.050 0.055  B 216784
   4165.75073 10.289 10.237 10.287 10.299 10.299    0.044 0.090 0.048 0.050 0.055  B 217077
   4172.57801 10.311 10.336 10.297 10.302 10.309    0.061 0.081 0.057 0.071 0.079  D 217890
   4174.58987 10.284 10.262 10.282 10.286 10.286    0.027 0.038 0.030 0.031 0.036  A 218212
   4176.61526 10.309 10.272 10.300 10.316 10.323    0.038 0.073 0.042 0.044 0.048  A 218506
   4179.64161 10.351 10.315 10.340 10.345 10.342    0.039 0.068 0.040 0.045 0.050  A 218838
   4181.65884 10.363 10.325 10.374 10.362 10.377    0.045 0.050 0.043 0.055 0.064  B 219119
   4183.67033 10.359 10.381 10.352 10.366 10.368    0.038 0.068 0.044 0.041 0.044  A 219417
   4189.53676 10.370 10.361 10.338 10.389 10.392    0.038 0.048 0.040 0.043 0.046  A 220059
   4191.55698 10.339 10.349 10.334 10.338 10.341    0.029 0.038 0.031 0.034 0.039  A 220380
   4193.56272 10.325 10.291 10.326 10.337 10.343    0.032 0.048 0.034 0.037 0.042  A 220707
   4196.59708 10.313 10.308 10.305 10.329 10.354    0.054 0.063 0.052 0.065 0.077  B 221032
   4198.60126 10.247 10.287 10.239 10.246 10.261    0.084 0.076 0.075 0.103 0.121  D 221306
   4201.59015 10.298 10.300 10.280 10.316 10.324    0.030 0.046 0.034 0.034 0.036  A 221587
   4204.58859 10.328 10.367 10.322 10.337 10.335    0.028 0.048 0.033 0.032 0.037  A 221932
   4208.60945 10.429 10.410 10.439 10.422 10.440    0.073 0.080 0.065 0.090 0.109  D 222328
   4216.51694 10.419 10.416 10.434 10.427 10.432    0.037 0.052 0.038 0.042 0.046  A 222823
   4227.51901 10.360 10.342 10.348 10.344 10.343    0.025 0.041 0.032 0.028 0.031  A 223117
   4229.53520 10.382 10.405 10.372 10.385 10.394    0.027 0.034 0.030 0.030 0.035  A 223480
   4231.54054 10.405 10.338 10.400 10.409 10.397    0.046 0.053 0.044 0.052 0.057  A 223840
   4233.54280 10.376 10.324 10.398 10.381 10.375    0.030 0.051 0.037 0.032 0.035  A 224186
   4235.54740 10.383 10.401 10.370 10.386 10.392    0.031 0.055 0.035 0.035 0.039  A 224555
   4238.52426 10.417 10.416 10.402 10.420 10.429    0.042 0.056 0.045 0.050 0.058  A 224975
   4253.49802 10.327 10.295 10.313 10.333 10.339    0.032 0.047 0.037 0.037 0.041  A 226799
   4257.47235 10.316 10.312 10.297 10.317 10.342    0.040 0.046 0.040 0.048 0.057  A 227361
   4372.89525 10.288 10.303 10.297 10.285 10.298    0.042 0.038 0.038 0.052 0.060  A 241719
   4382.88364 10.368 10.370 10.352 10.376 10.369    0.030 0.036 0.032 0.034 0.040  A 243104
   4386.87272 10.427 10.387 10.439 10.427 10.420    0.029 0.038 0.034 0.031 0.034  A 243733
   4408.84368 10.380 10.394 10.351 10.382 10.391    0.030 0.034 0.031 0.036 0.043  A 245792
   4413.85877 10.372 10.357 10.352 10.369 10.356    0.035 0.040 0.037 0.041 0.048  A 246323
   4422.83682 10.354 10.353 10.340 10.365 10.389    0.038 0.036 0.036 0.045 0.053  A 246711
   4427.83617 10.312 10.280 10.328 10.310 10.320    0.030 0.037 0.031 0.034 0.040  A 247120
   4430.83130 10.317 10.298 10.295 10.327 10.336    0.035 0.040 0.035 0.043 0.051  A 247474
   4435.79131 10.335 10.344 10.328 10.345 10.349    0.026 0.036 0.029 0.029 0.034  A 248079
   4438.81680 10.358 10.385 10.338 10.381 10.395    0.041 0.041 0.039 0.048 0.056  A 248463
   4441.81405 10.427 10.400 10.421 10.425 10.419    0.030 0.034 0.032 0.034 0.038  A 248838
   4453.77512 10.301 10.286 10.290 10.309 10.310    0.031 0.039 0.034 0.035 0.038  A 250168
   4456.76591 10.336 10.358 10.325 10.348 10.350    0.036 0.054 0.037 0.043 0.050  A 250491
   4459.75421 10.325 10.334 10.322 10.326 10.326    0.042 0.042 0.039 0.052 0.061  A 250847
   4462.79860 10.347 10.301 10.341 10.354 10.355    0.032 0.047 0.037 0.037 0.043  A 251228
   4465.73796 10.328 10.359 10.317 10.342 10.352    0.048 0.042 0.044 0.059 0.070  B 251558
   4468.72755 10.337 10.378 10.333 10.342 10.347    0.037 0.067 0.043 0.042 0.047  A 251891
   4471.75615 10.298 10.245 10.303 10.295 10.312    0.044 0.055 0.044 0.055 0.065  B 252198
   4474.74796 10.269 10.241 10.283 10.271 10.273    0.030 0.049 0.034 0.037 0.042  A 252502
   4477.76666 10.276 10.218 10.293 10.287 10.295    0.036 0.071 0.042 0.038 0.040  A 252808
   4480.70358 10.327 10.297 10.320 10.321 10.333    0.052 0.075 0.053 0.060 0.067  B 253155
   4484.70383 10.407 10.443 10.408 10.402 10.412    0.039 0.068 0.044 0.044 0.048  A 253498
   4489.71870 10.372 10.360 10.361 10.382 10.374    0.034 0.045 0.037 0.040 0.047  A 254089
   4491.74469 10.346 10.388 10.314 10.353 10.364    0.029 0.036 0.031 0.034 0.039  A 254313
   4493.76656 10.355 10.382 10.332 10.353 10.354    0.029 0.049 0.033 0.033 0.037  A 254567
   4497.68501 10.322 10.304 10.340 10.335 10.342    0.036 0.050 0.039 0.040 0.043  A 254776
   4499.78117 10.337 10.333 10.317 10.348 10.357    0.029 0.046 0.033 0.031 0.035  A 255072
   4504.78487 10.366 10.307 10.388 10.367 10.362    0.027 0.038 0.031 0.031 0.036  A 255751
   4507.63037 10.322 10.338 10.320 10.315 10.313    0.040 0.056 0.040 0.049 0.057  A 256137
   4509.71379 10.321 10.335 10.306 10.337 10.346    0.040 0.063 0.043 0.047 0.054  A 256446
   4511.78095 10.327 10.353 10.330 10.330 10.334    0.036 0.071 0.042 0.039 0.043  A 256726
   4517.64066 10.319 10.323 10.305 10.318 10.323    0.033 0.053 0.037 0.037 0.042  A 257264
   4519.64791 10.307 10.328 10.298 10.304 10.305    0.037 0.052 0.038 0.043 0.049  A 257572
   4521.66314 10.358 10.341 10.343 10.360 10.365    0.030 0.040 0.032 0.035 0.041  A 257851
   4523.67735 10.382 10.394 10.369 10.384 10.383    0.026 0.040 0.030 0.030 0.034  A 258165
   4525.70415 10.410 10.384 10.383 10.402 10.372    0.042 0.050 0.043 0.047 0.052  A 258456
   4527.72188 10.437 10.427 10.435 10.435 10.432    0.047 0.092 0.060 0.050 0.051  B 258758
   4530.62206 10.415 10.361 10.416 10.417 10.419    0.035 0.061 0.041 0.039 0.043  A 259178
   4532.69207 10.367 10.305 10.392 10.375 10.369    0.032 0.042 0.036 0.035 0.038  A 259502
   4536.57814 10.319 10.334 10.320 10.331 10.341    0.032 0.035 0.032 0.039 0.046  A 259909
   4538.64674 10.329 10.284 10.330 10.337 10.334    0.042 0.065 0.044 0.047 0.053  A 260229
   4540.65980 10.403 10.393 10.408 10.389 10.402    0.052 0.071 0.052 0.060 0.070  B 260517
   4546.59177 10.386 10.394 10.396 10.391 10.394    0.051 0.071 0.048 0.062 0.074  B 261421
   4548.58975 10.343 10.338 10.325 10.343 10.342    0.034 0.039 0.034 0.041 0.046  A 261757
   4553.55578 10.344 10.374 10.336 10.353 10.358    0.033 0.057 0.037 0.036 0.038  A 262367
   4555.58233 10.372 10.362 10.348 10.387 10.398    0.031 0.052 0.035 0.036 0.041  A 262682
   4557.57756 10.344 10.250 10.342 10.353 10.364    0.033 0.048 0.036 0.039 0.045  A 263006
   4559.61824 10.300 10.319 10.292 10.304 10.293    0.032 0.036 0.032 0.038 0.043  A 263350
   4562.54120 10.318 10.303 10.293 10.327 10.329    0.044 0.072 0.048 0.047 0.051  A 263830
   4564.58982 10.410 10.351 10.435 10.416 10.415    0.034 0.043 0.038 0.038 0.044  A 264180
   4566.60815 10.364 10.352 10.349 10.369 10.389    0.037 0.060 0.042 0.040 0.043  A 264519
   4571.48894 10.339 10.364 10.357 10.335 10.332    0.036 0.051 0.038 0.042 0.048  A 265285
   4573.54049 10.370 10.381 10.371 10.379 10.384    0.033 0.037 0.033 0.040 0.046  A 265650
   4575.56931 10.365 10.313 10.361 10.364 10.384    0.039 0.070 0.044 0.044 0.050  A 265973
#ndata= 8
#dataset= 3 ; 1 F0904+00_350
#desig= 083757-0152.0
#cra=    8.632537  08:37:57.1
#cdec=  -1.866268 -1:51:58.6
#class= 0
#cmag_0= 10.258
#cmer_0=  0.045
#nskip_0= 1
#cmag_1= 10.273
#cmer_1=  0.022
#nskip_1= 2
#cmag_2= 10.304
#cmer_2=  0.035
#nskip_2= 1
#cmag_3= 10.304
#cmer_3=  0.033
#nskip_3= 1
#cmag_4= 10.304
#cmer_4=  0.032
#nskip_4= 1
#ra=    8.632537  08:37:57.1
#dec=  -1.866268 -1:51:58.6
#     HJD      MAG_2  MAG_0  MAG_1  MAG_3  MAG_4    MER_2 MER_0 MER_1 MER_3 MER_4 GRADE FRAME
   2212.86088 10.304 10.271 10.279 10.307 10.305    0.031 0.045 0.039 0.033 0.036  A 38017
   2545.89234 10.354 10.344 10.350 10.352 10.360    0.030 0.032 0.032 0.032 0.037  A 20284
   2628.76722 10.294 10.249 10.282 10.292 10.291    0.026 0.031 0.026 0.029 0.035  A 30774
   2635.75103 10.263 10.222 10.249 10.268 10.268    0.025 0.027 0.027 0.028 0.031  A 32275
   2695.64657 10.268 10.262 10.256 10.270 10.273    0.023 0.032 0.026 0.026 0.027  A 41953
   2947.84525 10.370 10.324 10.365 10.363 10.360    0.031 0.038 0.033 0.035 0.039  A 79093
   2976.78568 10.386 10.357 10.380 10.382 10.381    0.023 0.028 0.027 0.026 0.030  A 82912
   3363.78260 10.323 10.172 10.290 10.323 10.325    0.028 0.052 0.027 0.034 0.038  A 124987
