#ndata= 2
#dataset= 1 ; 1 F0800-56_070
#desig= 085143-5520.0
#cra=    8.862035  08:51:43.3
#cdec= -55.333191 -55:19:59.5
#class= 0
#cmag_0=  9.470
#cmer_0=  0.040
#nskip_0= 0
#cmag_1=  9.469
#cmer_1=  0.008
#nskip_1= 0
#cmag_2=  9.480
#cmer_2=  0.004
#nskip_2= 0
#cmag_3=  9.491
#cmer_3=  0.004
#nskip_3= 0
#cmag_4=  9.515
#cmer_4=  0.002
#nskip_4= 0
#ra=    8.862035  08:51:43.3
#dec= -55.333191 -55:19:59.5
#     HJD      MAG_3  MAG_0  MAG_1  MAG_2  MAG_4    MER_3 MER_0 MER_1 MER_2 MER_4 GRADE FRAME
   2545.82985  9.490  9.444  9.463  9.479  9.514    0.033 0.039 0.030 0.029 0.035  A 20256
   3116.61802  9.494  9.498  9.475  9.483  9.516    0.034 0.029 0.029 0.029 0.039  A 99810
#ndata= 569
#dataset= 2 ; 1 F0848-56_071
#desig= 085144-5520.0
#cra=    8.862085  08:51:43.5
#cdec= -55.333297 -55:19:59.9
#class= 0
#cmag_0=  9.567
#cmer_0=  0.046
#nskip_0= 2
#cmag_1=  9.577
#cmer_1=  0.045
#nskip_1= 5
#cmag_2=  9.584
#cmer_2=  0.043
#nskip_2= 5
#cmag_3=  9.593
#cmer_3=  0.045
#nskip_3= 3
#cmag_4=  9.602
#cmer_4=  0.045
#nskip_4= 3
#ra=    8.862085  08:51:43.5
#dec= -55.333297 -55:19:59.9
#     HJD      MAG_3  MAG_0  MAG_1  MAG_2  MAG_4    MER_3 MER_0 MER_1 MER_2 MER_4 GRADE FRAME
   1868.80525  9.607  9.537  9.575  9.586  9.624    0.037 0.058 0.033 0.032 0.041  A 154
   1869.79828  9.626  9.605  9.607  9.612  9.644    0.039 0.057 0.034 0.033 0.042  A 314
   1871.76311  9.610  9.526  9.576  9.593  9.624    0.035 0.057 0.032 0.030 0.039  A 576
   1873.74876  9.615  9.593  9.589  9.600  9.629    0.036 0.062 0.033 0.031 0.041  A 893
   1875.74220  9.583  9.588  9.559  9.569  9.602    0.035 0.056 0.032 0.031 0.040  A 1212
   1877.74037  9.564  9.499  9.528  9.549  9.578    0.033 0.050 0.031 0.030 0.037  A 1530
   1879.72794  9.568  9.524  9.545  9.551  9.585    0.035 0.051 0.031 0.030 0.039  A 1840
   1884.75460  9.565  9.531  9.529  9.552  9.579    0.031 0.036 0.028 0.026 0.034  A 2314
   1885.82084  9.563  9.540  9.514  9.546  9.575    0.030 0.032 0.028 0.025 0.033  A 2503
   1887.71184  9.564  9.520  9.541  9.550  9.579    0.033 0.044 0.030 0.029 0.038  A 2775
   1888.84961  9.570  9.507  9.531  9.557  9.573    0.033 0.036 0.031 0.030 0.037  A 2995
   1889.81535  9.550  9.504  9.528  9.533  9.557    0.038 0.042 0.033 0.032 0.042  A 3142
   1899.74608  9.609  9.564  9.620  9.601  9.613    0.031 0.035 0.031 0.027 0.035  A 3242
   1902.73088  9.603  9.570  9.580  9.585  9.616    0.028 0.034 0.028 0.024 0.033  A 3550
   1903.76773  9.597  9.572  9.550  9.582  9.617    0.030 0.038 0.030 0.026 0.035  A 3724
   1904.75905  9.619  9.594  9.576  9.600  9.634    0.030 0.035 0.028 0.025 0.034  A 3881
   1905.74884  9.628  9.590  9.621  9.620  9.639    0.031 0.043 0.030 0.027 0.035  A 4039
   1906.73781  9.612  9.580  9.600  9.604  9.628    0.030 0.041 0.030 0.026 0.034  A 4196
   1907.74968  9.606  9.582  9.584  9.595  9.617    0.029 0.033 0.029 0.025 0.033  A 4361
   1913.71115  9.593  9.537  9.578  9.581  9.603    0.028 0.027 0.024 0.023 0.030  A 4640
   1914.72060  9.578  9.560  9.527  9.565  9.587    0.030 0.032 0.027 0.026 0.034  A 4806
   1915.72037  9.579  9.549  9.563  9.566  9.591    0.031 0.038 0.028 0.027 0.036  A 4964
   1918.71888  9.575  9.545  9.583  9.574  9.580    0.035 0.039 0.032 0.029 0.040  A 5178
   1919.75845  9.603  9.578  9.574  9.586  9.606    0.033 0.035 0.032 0.028 0.037  A 5354
   1920.71271  9.603  9.569  9.576  9.584  9.616    0.032 0.033 0.030 0.028 0.037  A 5496
   1921.70914  9.593  9.560  9.557  9.586  9.606    0.034 0.038 0.032 0.029 0.039  A 5652
   1922.71068  9.615  9.583  9.616  9.611  9.626    0.030 0.036 0.031 0.026 0.034  A 5804
   1924.70040  9.588  9.561  9.564  9.578  9.598    0.034 0.037 0.031 0.029 0.039  A 6135
   1925.70355  9.581  9.547  9.543  9.568  9.591    0.036 0.039 0.034 0.031 0.040  A 6305
   1926.69775  9.593  9.560  9.577  9.583  9.603    0.028 0.031 0.029 0.024 0.031  A 6472
   1928.69954  9.593  9.569  9.570  9.580  9.602    0.030 0.036 0.028 0.025 0.034  A 6798
   1929.69482  9.581  9.553  9.541  9.563  9.596    0.030 0.036 0.029 0.025 0.034  A 6951
   1930.69311  9.590  9.552  9.575  9.574  9.600    0.028 0.032 0.029 0.024 0.032  A 7116
   1931.68783  9.609  9.570  9.605  9.601  9.615    0.029 0.035 0.031 0.025 0.034  A 7284
   1932.68568  9.593  9.578  9.559  9.577  9.606    0.028 0.034 0.029 0.024 0.032  A 7446
   1934.68223  9.598  9.558  9.599  9.593  9.603    0.028 0.033 0.029 0.024 0.032  A 7773
   1936.65128  9.597  9.562  9.578  9.584  9.604    0.028 0.033 0.030 0.024 0.032  A 8024
   1937.69606  9.593  9.545  9.564  9.582  9.602    0.028 0.037 0.032 0.025 0.031  A 8158
   1939.63183  9.586  9.548  9.548  9.573  9.589    0.029 0.036 0.032 0.026 0.033  A 8382
   1940.70259  9.586  9.531  9.578  9.576  9.589    0.028 0.035 0.032 0.025 0.031  A 8524
   1941.69771  9.597  9.561  9.584  9.585  9.607    0.029 0.036 0.033 0.026 0.033  A 8631
   1946.67823  9.571  9.551  9.528  9.556  9.582    0.032 0.034 0.032 0.028 0.037  A 8811
   1948.61128  9.585  9.558  9.571  9.574  9.596    0.034 0.035 0.032 0.029 0.039  A 9040
   1949.65520  9.591  9.564  9.546  9.579  9.598    0.032 0.037 0.033 0.028 0.036  A 9198
   1950.64390  9.614  9.584  9.602  9.613  9.625    0.032 0.038 0.034 0.028 0.036  A 9368
   1952.63901  9.640  9.590  9.628  9.623  9.646    0.034 0.038 0.035 0.029 0.038  A 9586
   1953.64837  9.645  9.586  9.603  9.622  9.646    0.033 0.045 0.040 0.030 0.034  A 9676
   1954.64260  9.654  9.569  9.625  9.634  9.651    0.039 0.049 0.042 0.035 0.041  A 9854
   1955.63672  9.672  9.610  9.637  9.661  9.673    0.036 0.047 0.042 0.033 0.037  A 10028
   1958.62052  9.669  9.649  9.656  9.678  9.682    0.036 0.048 0.042 0.033 0.035  A 10195
   1959.63275  9.677  9.657  9.657  9.655  9.673    0.036 0.047 0.041 0.032 0.037  A 10400
   1963.60979  9.629  9.591  9.641  9.618  9.631    0.039 0.051 0.043 0.035 0.037  A 10800
   1964.62204  9.627  9.556  9.586  9.603  9.618    0.034 0.048 0.041 0.032 0.035  A 10984
   1965.61298  9.573  9.565  9.575  9.602  9.601    0.039 0.052 0.044 0.036 0.037  A 11166
   1966.61503  9.584  9.563  9.581  9.596  9.590    0.039 0.054 0.044 0.036 0.038  A 11353
   1967.60983  9.563  9.557  9.564  9.581  9.567    0.041 0.054 0.046 0.037 0.039  A 11517
   1968.60727  9.560  9.559  9.587  9.556  9.566    0.042 0.057 0.048 0.038 0.040  A 11691
   1977.58956  9.581  9.564  9.588  9.584  9.557    0.051 0.067 0.057 0.047 0.050  B 11932
   1979.57679  9.583  9.578  9.570  9.564  9.563    0.050 0.069 0.057 0.047 0.050  B 12202
   1980.59547  9.583  9.583  9.605  9.606  9.578    0.048 0.064 0.053 0.044 0.047  B 12356
   1982.54575  9.599  9.598  9.616  9.638  9.625    0.040 0.056 0.048 0.037 0.038  A 12707
   1984.57210  9.593  9.625  9.613  9.614  9.575    0.045 0.064 0.055 0.043 0.043  B 12934
   1985.57614  9.671  9.613  9.623  9.642  9.640    0.049 0.071 0.059 0.048 0.048  D 13131
   1993.55604  9.514  9.491  9.538  9.544  9.479    0.055 0.080 0.065 0.052 0.054  D 13290
   1994.60248  9.509  9.528  9.554  9.552  9.475    0.054 0.079 0.065 0.051 0.054  D 13432
   2025.46593  9.564  9.570  9.540  9.547  9.574    0.033 0.043 0.028 0.028 0.037  A 17118
   2027.52372  9.548  9.552  9.524  9.531  9.565    0.036 0.050 0.031 0.031 0.041  A 17576
   2033.49473  9.586  9.604  9.578  9.578  9.605    0.035 0.049 0.031 0.030 0.039  A 18394
   2038.59168  9.566  9.634  9.566  9.568  9.585    0.079 0.076 0.067 0.071 0.084  D 19080
   2053.47975  9.563  9.499  9.526  9.537  9.574    0.034 0.045 0.028 0.028 0.038  A 19965
   2055.50532  9.545  9.464  9.510  9.531  9.570    0.043 0.070 0.038 0.037 0.049  B 20413
   2057.50588  9.524  9.536  9.504  9.506  9.540    0.037 0.059 0.032 0.031 0.041  A 20869
   2060.46456  9.575  9.478  9.542  9.557  9.580    0.086 0.076 0.062 0.071 0.102  D 21336
   2064.52085  9.668  9.633  9.646  9.653  9.680    0.039 0.037 0.031 0.033 0.044  A 21591
   2068.49916  9.684  9.690  9.669  9.676  9.675    0.033 0.033 0.029 0.030 0.038  A 22016
   2071.46296  9.638  9.679  9.657  9.648  9.652    0.085 0.068 0.061 0.070 0.100  D 22668
   2081.48860  9.569  9.548  9.572  9.571  9.570    0.044 0.048 0.048 0.041 0.046  A 23061
   2171.89365  9.637  9.589  9.592  9.617  9.635    0.042 0.053 0.040 0.037 0.048  A 32714
   2173.87776  9.653  9.619  9.641  9.634  9.654    0.039 0.055 0.038 0.036 0.044  A 33085
   2183.87812  9.583  9.536  9.545  9.569  9.597    0.040 0.049 0.039 0.036 0.046  A 33995
   2185.85063  9.580  9.541  9.544  9.566  9.579    0.042 0.051 0.043 0.038 0.047  A 34361
   2189.88514  9.569  9.534  9.573  9.566  9.573    0.042 0.050 0.043 0.037 0.046  A 34867
   2191.84512  9.581  9.545  9.560  9.563  9.578    0.037 0.045 0.036 0.032 0.042  A 35206
   2193.84351  9.555  9.513  9.523  9.544  9.568    0.037 0.047 0.036 0.032 0.043  A 35561
   2196.83088  9.559  9.522  9.515  9.553  9.570    0.039 0.052 0.038 0.034 0.043  A 36045
   2198.82396  9.574  9.526  9.559  9.567  9.588    0.037 0.051 0.037 0.033 0.043  A 36398
   2200.82934  9.561  9.514  9.530  9.545  9.563    0.038 0.051 0.038 0.035 0.042  A 36649
   2202.81442  9.590  9.571  9.564  9.576  9.585    0.039 0.053 0.043 0.035 0.045  A 36987
   2212.78908  9.606  9.566  9.562  9.591  9.613    0.041 0.050 0.040 0.036 0.046  A 37986
   2214.78113  9.569  9.575  9.566  9.582  9.597    0.047 0.055 0.046 0.041 0.051  A 38300
   2215.85646  9.583  9.546  9.580  9.575  9.566    0.046 0.055 0.049 0.041 0.049  A 38501
   2217.79380  9.563  9.520  9.546  9.568  9.584    0.044 0.055 0.046 0.039 0.047  A 38808
   2221.80850  9.576  9.585  9.593  9.595  9.588    0.052 0.056 0.050 0.044 0.056  A 39104
   2224.78290  9.642  9.591  9.586  9.625  9.637    0.041 0.054 0.045 0.037 0.044  A 39413
   2226.76449  9.596  9.593  9.603  9.593  9.609    0.043 0.053 0.047 0.038 0.045  A 39719
   2227.86898  9.595  9.617  9.615  9.623  9.575    0.073 0.086 0.075 0.066 0.079  D 39917
   2232.77742  9.602  9.550  9.546  9.581  9.602    0.041 0.055 0.046 0.037 0.043  A 40537
   2234.75398  9.609  9.541  9.558  9.586  9.601    0.042 0.054 0.045 0.037 0.044  A 40841
   2236.75390  9.558  9.544  9.558  9.569  9.556    0.045 0.056 0.048 0.041 0.046  A 41156
   2239.76120  9.523  9.519  9.544  9.548  9.512    0.049 0.063 0.054 0.045 0.051  B 41478
   2241.74102  9.539  9.511  9.522  9.551  9.568    0.047 0.059 0.051 0.042 0.049  A 41786
   2244.75086  9.530  9.587  9.581  9.568  9.511    0.058 0.073 0.062 0.052 0.061  D 42228
   2249.72779  9.587  9.538  9.551  9.542  9.550    0.050 0.066 0.056 0.046 0.053  B 42735
   2440.46480  9.585  9.557  9.549  9.569  9.599    0.028 0.035 0.028 0.024 0.032  A 7985
   2443.47179  9.630  9.574  9.633  9.625  9.643    0.028 0.038 0.031 0.025 0.032  A 8602
   2456.45755  9.534  9.505  9.520  9.523  9.538    0.029 0.037 0.034 0.026 0.030  A 10000
   2466.45802  9.498  9.473  9.449  9.494  9.510    0.029 0.038 0.034 0.026 0.031  A 11201
   2545.84989  9.555  9.517  9.555  9.545  9.558    0.039 0.037 0.034 0.034 0.043  A 20265
   2552.83151  9.614  9.580  9.628  9.616  9.622    0.027 0.031 0.026 0.024 0.031  A 21228
   2557.83001  9.639  9.596  9.619  9.625  9.636    0.033 0.045 0.039 0.031 0.035  A 21952
   2559.84599  9.652  9.602  9.639  9.640  9.661    0.024 0.029 0.026 0.022 0.027  A 22319
   2561.86799  9.638  9.632  9.616  9.627  9.652    0.028 0.028 0.025 0.024 0.031  A 22655
   2565.84404  9.700  9.585  9.649  9.696  9.697    0.038 0.033 0.032 0.034 0.042  A 23362
   2578.82008  9.538  9.560  9.544  9.542  9.530    0.048 0.048 0.047 0.043 0.052  A 25025
   2621.83263  9.541  9.505  9.523  9.518  9.550    0.041 0.030 0.036 0.038 0.044  A 29885
   2623.78906 99.999 99.999 99.999 99.999 99.999    0.036 0.029 0.032 0.032 0.039  C 30198
   2625.77703  9.495  9.500  9.480  9.480  9.510    0.038 0.030 0.032 0.033 0.042  A 30475
   2628.74944  9.516  9.513  9.494  9.506  9.529    0.043 0.035 0.038 0.039 0.046  A 30769
   2632.80157  9.565  9.547  9.547  9.554  9.576    0.034 0.031 0.032 0.032 0.037  A 32004
   2635.74256  9.586  9.584  9.587  9.578  9.592    0.044 0.036 0.040 0.041 0.049  A 32273
   2637.75912  9.613  9.601  9.600  9.607  9.623    0.035 0.027 0.030 0.031 0.039  A 32571
   2642.71234  9.611  9.598  9.592  9.599  9.622    0.037 0.030 0.036 0.034 0.039  A 33298
   2644.75480  9.631  9.578  9.618  9.630  9.631    0.039 0.029 0.034 0.037 0.042  A 33621
   2646.73430  9.588  9.569  9.559  9.578  9.593    0.044 0.034 0.041 0.041 0.045  A 33914
   2649.72392  9.583  9.536  9.577  9.580  9.586    0.038 0.029 0.035 0.035 0.041  A 34163
   2651.69155  9.520  9.500  9.516  9.513  9.531    0.035 0.030 0.033 0.033 0.036  A 34459
   2655.74804  9.557  9.503  9.565  9.551  9.562    0.046 0.034 0.040 0.042 0.050  A 35278
   2658.71296  9.616  9.590  9.617  9.593  9.622    0.044 0.033 0.039 0.038 0.046  A 35631
   2660.70836  9.647  9.608  9.638  9.649  9.649    0.055 0.039 0.048 0.049 0.060  A 35969
   2662.70537  9.645  9.631  9.599  9.632  9.653    0.039 0.029 0.035 0.035 0.042  A 36309
   2664.69680  9.637  9.604  9.634  9.639  9.642    0.045 0.034 0.040 0.040 0.051  A 36649
   2666.69440  9.608  9.621  9.601  9.600  9.617    0.040 0.029 0.036 0.035 0.043  A 36975
   2670.69344  9.621  9.612  9.596  9.612  9.633    0.035 0.028 0.032 0.032 0.038  A 37613
   2672.69424  9.608  9.585  9.576  9.599  9.616    0.040 0.030 0.036 0.037 0.042  A 37948
   2674.68207  9.583  9.558  9.577  9.560  9.593    0.037 0.030 0.034 0.034 0.038  A 38286
   2676.66841  9.557  9.543  9.530  9.554  9.567    0.045 0.035 0.041 0.041 0.047  A 38646
   2678.65390  9.535  9.499  9.528  9.531  9.540    0.037 0.028 0.034 0.034 0.039  A 38982
   2679.78177  9.492  9.484  9.493  9.488  9.494    0.038 0.042 0.036 0.033 0.041  A 39196
   2681.69672  9.480  9.512  9.462  9.461  9.501    0.038 0.030 0.033 0.036 0.041  A 39483
   2683.68289  9.489  9.500  9.469  9.481  9.496    0.037 0.030 0.035 0.034 0.041  A 39834
   2685.66369  9.496  9.499  9.492  9.483  9.507    0.043 0.038 0.043 0.042 0.046  A 40188
   2688.78127  9.557  9.477  9.576  9.552  9.554    0.040 0.042 0.044 0.037 0.044  A 40783
   2690.71836  9.583  9.588  9.566  9.571  9.588    0.030 0.034 0.028 0.028 0.033  A 41127
   2692.77506  9.604  9.582  9.574  9.601  9.607    0.032 0.032 0.028 0.027 0.035  A 41468
   2694.69863  9.628  9.610  9.613  9.623  9.636    0.027 0.027 0.025 0.025 0.030  A 41792
   2696.71377  9.631  9.604  9.619  9.612  9.636    0.028 0.027 0.024 0.024 0.031  A 42123
   2698.70900  9.632  9.623  9.620  9.626  9.646    0.028 0.026 0.025 0.024 0.032  A 42538
   2700.69223  9.642  9.638  9.625  9.633  9.653    0.030 0.033 0.027 0.026 0.033  A 42918
   2704.65976  9.623  9.600  9.601  9.619  9.629    0.032 0.031 0.030 0.032 0.033  A 43670
   2706.63874  9.592  9.602  9.584  9.593  9.610    0.036 0.029 0.032 0.032 0.038  A 44031
   2707.80873  9.592  9.571  9.585  9.590  9.599    0.040 0.033 0.030 0.034 0.044  A 44280
   2709.68013  9.599  9.590  9.587  9.590  9.609    0.028 0.026 0.025 0.024 0.032  A 44590
   2711.62444  9.602  9.560  9.609  9.595  9.602    0.033 0.031 0.040 0.031 0.034  A 44939
   2712.77324  9.601  9.587  9.602  9.598  9.611    0.029 0.028 0.026 0.026 0.032  A 45181
   2714.61805  9.602  9.568  9.623  9.601  9.606    0.032 0.027 0.033 0.030 0.033  A 45505
   2715.71597  9.573  9.621  9.549  9.562  9.584    0.038 0.040 0.037 0.033 0.041  A 45727
   2719.60686  9.671  9.623  9.679  9.674  9.669    0.032 0.029 0.030 0.030 0.035  A 46085
   2720.73170  9.621  9.615  9.592  9.611  9.625    0.028 0.034 0.032 0.025 0.032  A 46332
   2722.64211  9.624  9.641  9.627  9.618  9.633    0.027 0.033 0.026 0.026 0.030  A 46683
   2724.64003  9.618  9.618  9.612  9.619  9.625    0.025 0.031 0.026 0.023 0.027  A 47064
   2726.63844  9.598  9.596  9.605  9.597  9.601    0.026 0.030 0.027 0.024 0.029  A 47463
   2728.62975  9.565  9.529  9.563  9.566  9.569    0.028 0.037 0.027 0.025 0.032  A 47854
   2730.62575  9.536  9.543  9.523  9.533  9.543    0.027 0.033 0.027 0.024 0.029  A 48261
   2733.67221  9.510  9.519  9.495  9.504  9.521    0.030 0.034 0.026 0.026 0.033  A 48635
   2735.66807  9.517  9.527  9.506  9.505  9.525    0.029 0.029 0.025 0.025 0.032  A 49039
   2737.65522  9.523  9.548  9.506  9.508  9.535    0.028 0.039 0.029 0.026 0.030  A 49430
   2739.64547  9.544  9.556  9.516  9.532  9.550    0.034 0.039 0.035 0.030 0.038  A 49761
   2741.61289  9.624  9.556  9.647  9.629  9.603    0.041 0.037 0.048 0.040 0.041  A 50141
   2742.70271  9.605  9.580  9.589  9.598  9.612    0.047 0.038 0.036 0.041 0.056  A 50386
   2747.64959  9.662  9.632  9.647  9.654  9.677    0.036 0.040 0.030 0.031 0.041  A 51009
   2751.55135  9.644  9.638  9.636  9.638  9.651    0.026 0.030 0.023 0.023 0.029  A 51792
   2756.55150  9.601  9.565  9.589  9.592  9.608    0.029 0.026 0.027 0.026 0.032  A 52619
   2758.54236  9.569  9.530  9.543  9.550  9.589    0.107 0.072 0.078 0.090 0.123  D 53038
   2760.55771  9.585  9.551  9.575  9.578  9.589    0.032 0.030 0.029 0.031 0.034  A 53391
   2764.54113  9.579  9.532  9.572  9.575  9.583    0.033 0.033 0.031 0.033 0.034  A 54205
   2766.59874  9.581  9.560  9.568  9.573  9.591    0.030 0.031 0.027 0.027 0.033  A 54508
   2770.59576  9.610  9.596  9.608  9.609  9.616    0.032 0.028 0.028 0.028 0.036  A 54838
   2775.51080  9.622  9.631  9.616  9.620  9.624    0.032 0.028 0.028 0.027 0.036  A 55029
   2776.61213  9.629  9.599  9.608  9.617  9.641    0.035 0.032 0.028 0.030 0.039  A 55297
   2782.53835  9.607  9.546  9.600  9.597  9.619    0.028 0.036 0.029 0.025 0.032  A 55673
   2784.53871  9.603  9.535  9.614  9.597  9.614    0.027 0.035 0.031 0.025 0.031  A 56100
   2786.53432  9.585  9.560  9.587  9.581  9.594    0.026 0.027 0.026 0.023 0.030  A 56524
   2789.53039  9.555  9.575  9.534  9.540  9.564    0.029 0.031 0.027 0.026 0.032  A 57062
   2791.55860  9.538  9.520  9.546  9.525  9.544    0.050 0.042 0.042 0.042 0.056  A 57517
   2794.51527  9.535  9.494  9.556  9.543  9.544    0.029 0.038 0.035 0.028 0.032  A 58015
   2797.50781  9.509  9.507  9.503  9.501  9.521    0.050 0.036 0.038 0.041 0.059  A 58570
   2804.48468  9.564  9.576  9.533  9.561  9.574    0.040 0.033 0.036 0.034 0.046  A 58980
   2809.48849  9.628  9.622  9.613  9.623  9.636    0.028 0.036 0.027 0.025 0.032  A 59442
   2811.49955  9.634  9.641  9.615  9.627  9.642    0.027 0.027 0.025 0.023 0.030  A 59898
   2813.49767  9.628  9.567  9.610  9.610  9.637    0.030 0.033 0.026 0.026 0.035  A 60353
   2821.48704  9.533  9.511  9.503  9.521  9.544    0.032 0.032 0.028 0.027 0.038  A 61674
   2826.47874  9.562  9.519  9.557  9.548  9.568    0.026 0.031 0.030 0.023 0.029  A 61970
   2830.48022  9.596  9.543  9.598  9.587  9.594    0.032 0.033 0.030 0.027 0.036  A 62445
   2833.46907  9.573  9.573  9.539  9.561  9.597    0.094 0.064 0.067 0.075 0.116  D 63075
   2838.45911  9.620  9.528  9.607  9.605  9.627    0.090 0.063 0.065 0.074 0.104  D 63825
   2885.91795  9.560  9.538  9.560  9.555  9.565    0.036 0.033 0.031 0.030 0.040  A 70148
   2894.89446  9.617  9.608  9.613  9.613  9.624    0.036 0.037 0.031 0.030 0.041  A 71181
   2897.90805  9.616  9.623  9.598  9.610  9.622    0.035 0.034 0.031 0.030 0.040  A 71786
   2906.88575  9.585  9.571  9.561  9.572  9.595    0.027 0.027 0.027 0.025 0.030  A 73269
   2910.88304  9.643  9.619  9.615  9.630  9.652    0.029 0.029 0.031 0.027 0.032  A 73830
   2916.84677  9.663  9.626  9.654  9.656  9.669    0.029 0.028 0.025 0.025 0.032  A 74667
   2922.82629  9.605  9.591  9.592  9.595  9.615    0.038 0.031 0.031 0.031 0.044  A 75351
   2925.86818  9.560  9.558  9.528  9.549  9.568    0.037 0.031 0.034 0.032 0.039  A 75742
   2928.83842  9.547  9.524  9.563  9.547  9.548    0.042 0.035 0.037 0.036 0.047  A 76278
   2931.84126  9.550  9.527  9.539  9.540  9.555    0.028 0.029 0.025 0.024 0.032  A 76805
   2934.83606  9.565  9.562  9.556  9.561  9.575    0.027 0.030 0.025 0.025 0.031  A 77335
   2940.80181 99.999  9.627  9.655 99.999 99.999    0.031 0.033 0.025 0.026 0.033  C 78074
   2942.83782  9.711  9.659  9.702  9.698  9.723    0.035 0.028 0.030 0.030 0.037  A 78287
   2946.77276  9.652  9.636  9.623  9.648  9.657    0.029 0.030 0.030 0.025 0.032  A 78885
   2948.84284  9.640  9.619  9.631  9.628  9.650    0.037 0.033 0.033 0.035 0.038  A 79198
   2952.79154  9.561  9.569  9.549  9.546  9.565    0.040 0.033 0.032 0.034 0.045  A 79745
   2955.81513 99.999 99.999 99.999 99.999 99.999    0.031 0.024 0.026 0.026 0.036  C 80158
   2958.81219  9.532  9.533  9.516  9.525  9.536    0.034 0.028 0.028 0.028 0.039  A 80593
   2961.83738  9.505  9.513  9.489  9.505  9.509    0.033 0.028 0.029 0.028 0.038  A 80998
   2964.81137  9.555  9.563  9.575  9.546  9.555    0.031 0.029 0.028 0.027 0.036  A 81416
   2967.80825  9.613  9.613  9.593  9.605  9.621    0.029 0.026 0.024 0.024 0.033  A 81837
   2971.77481  9.640  9.648  9.638  9.637  9.645    0.028 0.024 0.025 0.025 0.032  A 82301
   2976.81793  9.639  9.615  9.642  9.628  9.650    0.032 0.036 0.027 0.028 0.037  A 82926
   2978.80983  9.617  9.607  9.590  9.608  9.625    0.030 0.027 0.025 0.025 0.034  A 83196
   2981.76676  9.566  9.564  9.566  9.564  9.571    0.037 0.028 0.029 0.031 0.043  A 83563
   2984.77785  9.520  9.519  9.513  9.514  9.524    0.036 0.027 0.028 0.029 0.042  A 83960
   2987.76595  9.515  9.516  9.492  9.505  9.520    0.028 0.026 0.024 0.024 0.032  A 84355
   2990.76055  9.548  9.545  9.550  9.544  9.550    0.029 0.025 0.027 0.025 0.032  A 84691
   2993.75870  9.577  9.553  9.568  9.559  9.586    0.033 0.030 0.030 0.029 0.036  A 85103
   2996.74209  9.597  9.594  9.587  9.589  9.607    0.028 0.026 0.024 0.024 0.033  A 85486
   2998.80678  9.609  9.608  9.591  9.605  9.618    0.036 0.030 0.034 0.031 0.042  A 85787
   3001.79020  9.613  9.624  9.577  9.606  9.622    0.027 0.025 0.025 0.023 0.031  A 86047
   3006.71447  9.615  9.571  9.610  9.606  9.624    0.030 0.026 0.025 0.025 0.035  A 86617
   3008.74611  9.601  9.559  9.612  9.594  9.599    0.038 0.033 0.034 0.033 0.041  A 86885
   3010.76585  9.583  9.561  9.575  9.570  9.586    0.031 0.026 0.028 0.027 0.036  A 87160
   3013.69457  9.572  9.564  9.568  9.569  9.577    0.031 0.025 0.027 0.027 0.036  A 87535
   3016.74799  9.601  9.593  9.598  9.598  9.608    0.031 0.028 0.028 0.026 0.034  A 87786
   3023.74484  9.629  9.613  9.629  9.629  9.645    0.043 0.040 0.037 0.036 0.051  A 88336
   3030.75605  9.609  9.597  9.588  9.602  9.617    0.031 0.025 0.026 0.026 0.035  A 88772
   3033.64430  9.589  9.572  9.572  9.582  9.599    0.030 0.026 0.025 0.026 0.034  A 89028
   3035.70450  9.548  9.546  9.532  9.541  9.557    0.032 0.028 0.027 0.027 0.037  A 89275
   3039.71027  9.500  9.504  9.487  9.493  9.509    0.039 0.034 0.030 0.032 0.045  A 89552
   3042.70155  9.530  9.480  9.535  9.522  9.524    0.036 0.032 0.030 0.030 0.042  A 89818
   3044.72548  9.537  9.537  9.535  9.535  9.541    0.031 0.027 0.027 0.026 0.036  A 90087
   3047.67075  9.590  9.580  9.556  9.583  9.603    0.033 0.027 0.026 0.027 0.037  A 90476
   3050.64640  9.618  9.624  9.588  9.612  9.621    0.026 0.024 0.026 0.023 0.029  A 90865
   3052.78528  9.652  9.625  9.641  9.642  9.663    0.030 0.026 0.026 0.026 0.035  A 91184
   3057.64398  9.657  9.681  9.625  9.655  9.664    0.030 0.026 0.025 0.025 0.034  A 91821
   3059.68870  9.648  9.648  9.649  9.645  9.655    0.031 0.026 0.025 0.026 0.034  A 92099
   3061.71660  9.614  9.621  9.597  9.605  9.620    0.032 0.029 0.027 0.028 0.037  A 92384
   3066.80435  9.539  9.535  9.534  9.533  9.550    0.032 0.029 0.028 0.027 0.037  A 92957
   3066.84984  9.538  9.546  9.527  9.530  9.549    0.034 0.028 0.029 0.030 0.040  A 92974
   3068.70880  9.517  9.496  9.504  9.514  9.522    0.035 0.029 0.029 0.030 0.041  A 93218
   3070.73447  9.524  9.514  9.523  9.517  9.540    0.037 0.032 0.029 0.031 0.043  A 93513
   3072.81985  9.530  9.520  9.517  9.513  9.544    0.052 0.037 0.040 0.043 0.060  A 93796
   3075.59453  9.580  9.586  9.559  9.574  9.589    0.029 0.025 0.025 0.025 0.032  A 94123
   3077.63454  9.591  9.561  9.594  9.590  9.592    0.038 0.031 0.032 0.034 0.042  A 94420
   3079.63336  9.627  9.624  9.630  9.625  9.625    0.048 0.036 0.037 0.040 0.056  A 94709
   3081.63432  9.671  9.664  9.674  9.669  9.678    0.030 0.026 0.026 0.025 0.035  A 95005
   3085.63809  9.666  9.653  9.662  9.660  9.675    0.040 0.030 0.029 0.032 0.046  A 95296
   3087.63401  9.612  9.604  9.612  9.607  9.614    0.061 0.047 0.048 0.052 0.071  B 95607
   3089.67202  9.617  9.607  9.620  9.608  9.609    0.039 0.033 0.032 0.033 0.044  A 95922
   3091.65330  9.579  9.544  9.581  9.571  9.580    0.034 0.033 0.028 0.028 0.039  A 96225
   3093.63521  9.542  9.532  9.533  9.530  9.542    0.041 0.032 0.036 0.036 0.046  A 96525
   3097.63572  9.523  9.506  9.509  9.519  9.531    0.036 0.031 0.029 0.030 0.041  A 96810
   3099.68698  9.485  9.533  9.502  9.493  9.476    0.142 0.082 0.095 0.113 0.173  D 97136
   3101.70929  9.528  9.525  9.526  9.522  9.534    0.041 0.031 0.030 0.033 0.047  A 97453
   3103.70777  9.522  9.553  9.525  9.524  9.531    0.039 0.030 0.030 0.033 0.045  A 97768
   3105.69308  9.563  9.578  9.555  9.557  9.567    0.039 0.030 0.030 0.032 0.044  A 98083
   3107.69690  9.575  9.598  9.559  9.570  9.585    0.033 0.028 0.028 0.028 0.038  A 98399
   3109.69301  9.599  9.576  9.596  9.590  9.602    0.032 0.027 0.028 0.027 0.036  A 98710
   3112.50346  9.583  9.570  9.585  9.575  9.591    0.029 0.026 0.025 0.025 0.033  A 99111
   3114.53257  9.565  9.551  9.563  9.558  9.574    0.029 0.026 0.024 0.025 0.034  A 99454
   3116.56630  9.549  9.559  9.532  9.541  9.558    0.044 0.035 0.036 0.037 0.050  A 99793
   3116.61802  9.548  9.531  9.530  9.537  9.553    0.038 0.033 0.031 0.033 0.043  A 99810
   3121.52764  9.570  9.547  9.557  9.562  9.581    0.032 0.028 0.025 0.026 0.036  A 100051
   3123.55252  9.579  9.566  9.581  9.576  9.582    0.031 0.028 0.025 0.026 0.034  A 100348
   3125.58381  9.619  9.612  9.592  9.608  9.631    0.035 0.028 0.027 0.029 0.039  A 100695
   3127.61250  9.634  9.623  9.620  9.628  9.648    0.050 0.033 0.036 0.041 0.059  A 101020
   3129.65431  9.683  9.663  9.666  9.669  9.696    0.046 0.033 0.034 0.038 0.054  A 101370
   3131.64400  9.680  9.691  9.669  9.669  9.688    0.042 0.033 0.032 0.035 0.049  A 101653
   3133.64734  9.679  9.666  9.668  9.670  9.695    0.036 0.029 0.029 0.030 0.041  A 101988
   3142.55193 99.999 99.999 99.999 99.999 99.999    0.030 0.026 0.025 0.025 0.034  C 103079
   3145.58213  9.514  9.500  9.502  9.502  9.518    0.031 0.027 0.028 0.026 0.035  A 103396
   3153.49342  9.502  9.494  9.506  9.497  9.507    0.047 0.036 0.036 0.039 0.055  A 103713
   3155.57967  9.523  9.529  9.551  9.536  9.521    0.087 0.062 0.066 0.073 0.099  D 104068
   3159.48511  9.617  9.596  9.613  9.611  9.624    0.041 0.033 0.033 0.034 0.048  A 104523
   3162.52832  9.644  9.656  9.638  9.637  9.651    0.034 0.031 0.029 0.029 0.038  A 104807
   3164.54760  9.675  9.633  9.667  9.668  9.691    0.032 0.027 0.027 0.027 0.037  A 105167
   3167.55111  9.697  9.696  9.688  9.690  9.710    0.031 0.029 0.026 0.026 0.035  A 105551
   3171.50032  9.660  9.666  9.654  9.657  9.666    0.033 0.028 0.028 0.028 0.036  A 106138
   3175.50108  9.577  9.550  9.574  9.571  9.582    0.033 0.030 0.028 0.028 0.038  A 106541
   3177.51423  9.558  9.547  9.533  9.547  9.574    0.034 0.028 0.028 0.030 0.039  A 106863
   3182.49651  9.572  9.564  9.547  9.560  9.578    0.037 0.029 0.028 0.031 0.043  A 107453
   3186.47971  9.603  9.597  9.587  9.597  9.604    0.036 0.030 0.030 0.031 0.042  A 108051
   3357.76974  9.662  9.673  9.659  9.648  9.673    0.036 0.058 0.042 0.034 0.041  A 124626
   3363.75950  9.583  9.510  9.565  9.571  9.588    0.040 0.042 0.036 0.035 0.045  A 124981
   3374.78651  9.532  9.491  9.520  9.530  9.536    0.050 0.043 0.041 0.045 0.058  A 125429
   3380.82696  9.586  9.549  9.570  9.573  9.596    0.042 0.035 0.033 0.036 0.049  A 125564
   3383.76021  9.643  9.667  9.636  9.627  9.652    0.039 0.045 0.034 0.033 0.045  A 125799
   3386.67570  9.674  9.645  9.643  9.652  9.685    0.041 0.047 0.035 0.036 0.044  A 126182
   3388.73240  9.680  9.647  9.680  9.684  9.686    0.044 0.049 0.038 0.038 0.044  A 126466
   3390.79553 99.999 99.999 99.999 99.999 99.999    0.037 0.048 0.036 0.034 0.042  C 126776
   3396.66108  9.592  9.552  9.587  9.584  9.599    0.040 0.036 0.033 0.034 0.045  A 127385
   3398.73093  9.589  9.514  9.575  9.586  9.590    0.041 0.038 0.039 0.037 0.044  A 127667
   3400.73762  9.558  9.529  9.550  9.554  9.564    0.034 0.042 0.032 0.029 0.037  A 127944
   3403.73297  9.540  9.510  9.517  9.506  9.522    0.038 0.039 0.032 0.033 0.041  A 128285
   3405.73697  9.532  9.487  9.506  9.520  9.546    0.033 0.031 0.031 0.030 0.037  A 128600
   3407.83205  9.581  9.553  9.566  9.567  9.587    0.041 0.046 0.037 0.038 0.045  A 128948
   3410.61837  9.560  9.536  9.532  9.528  9.576    0.062 0.107 0.059 0.057 0.070  D 129341
   3412.67287  9.592  9.601  9.574  9.571  9.607    0.036 0.040 0.031 0.032 0.039  A 129640
   3414.68209  9.590  9.572  9.567  9.591  9.595    0.037 0.034 0.031 0.032 0.040  A 129960
   3416.67889  9.588  9.535  9.572  9.581  9.607    0.044 0.045 0.035 0.037 0.049  A 130283
   3418.69979  9.548  9.529  9.524  9.534  9.561    0.057 0.085 0.051 0.051 0.064  B 130599
   3420.65704  9.539  9.539  9.523  9.522  9.559    0.057 0.046 0.039 0.045 0.068  B 130907
   3422.67624  9.543  9.529  9.525  9.526  9.554    0.050 0.044 0.036 0.040 0.058  A 131223
   3424.68452  9.542  9.506  9.521  9.525  9.552    0.040 0.035 0.032 0.034 0.046  A 131524
   3426.68580  9.547  9.529  9.527  9.535  9.555    0.037 0.037 0.030 0.031 0.042  A 131859
   3430.69825  9.576  9.441  9.554  9.566  9.591    0.038 0.065 0.034 0.032 0.042  A 132214
   3432.69418 99.999 99.999 99.999 99.999 99.999    0.039 0.045 0.034 0.033 0.045  C 132539
   3434.68790  9.586  9.521  9.563  9.568  9.599    0.039 0.049 0.036 0.036 0.042  A 132854
   3438.56324 99.999 99.999 99.999 99.999 99.999    0.035 0.034 0.032 0.031 0.040  C 133163
   3440.67065  9.598  9.562  9.583  9.586  9.606    0.033 0.030 0.030 0.028 0.037  A 133497
   3443.72738  9.634  9.623  9.598  9.615  9.644    0.038 0.060 0.037 0.034 0.043  A 133778
   3445.71485 99.999  9.651  9.603 99.999 99.999    0.052 0.085 0.048 0.047 0.056  C 134131
   3447.71706  9.608  9.553  9.573  9.595  9.629    0.035 0.042 0.032 0.031 0.039  A 134769
   3454.67075  9.590  9.579  9.568  9.581  9.603    0.040 0.035 0.031 0.034 0.046  A 135836
   3456.66584  9.584  9.529  9.589  9.577  9.594    0.042 0.035 0.036 0.038 0.046  A 136187
   3458.65147  9.610  9.629  9.594  9.601  9.622    0.036 0.047 0.038 0.034 0.042  A 136537
   3460.65478  9.643  9.618  9.634  9.631  9.654    0.036 0.032 0.031 0.031 0.042  A 136904
   3462.66190  9.648  9.644  9.652  9.642  9.654    0.044 0.046 0.042 0.041 0.049  A 137178
   3464.69452  9.701  9.711  9.682  9.689  9.724    0.034 0.040 0.029 0.029 0.039  A 137512
   3466.70260  9.704  9.664  9.696  9.698  9.728    0.038 0.043 0.033 0.033 0.042  A 137852
   3469.67683  9.681  9.639  9.656  9.669  9.696    0.033 0.034 0.027 0.028 0.037  A 138264
   3471.68779  9.642  9.608  9.618  9.627  9.653    0.031 0.030 0.028 0.027 0.035  A 138590
   3473.70043  9.607  9.564  9.588  9.597  9.618    0.031 0.031 0.029 0.026 0.036  A 138899
   3476.59649  9.614  9.603  9.585  9.599  9.632    0.039 0.036 0.031 0.033 0.044  A 139361
   3478.58692  9.592  9.555  9.561  9.573  9.600    0.035 0.052 0.034 0.031 0.039  A 139704
   3480.60921  9.570  9.523  9.545  9.558  9.581    0.038 0.038 0.031 0.032 0.043  A 139993
   3482.61910  9.604  9.587  9.581  9.583  9.615    0.046 0.074 0.043 0.040 0.052  B 140318
   3484.65989  9.592  9.583  9.580  9.577  9.594    0.056 0.046 0.041 0.046 0.066  B 140629
   3489.54813  9.636  9.609  9.611  9.619  9.647    0.035 0.049 0.033 0.030 0.039  A 140920
   3491.56406  9.602  9.553  9.579  9.588  9.618    0.042 0.046 0.036 0.037 0.048  A 141284
   3495.56229  9.600  9.568  9.574  9.593  9.615    0.033 0.039 0.033 0.030 0.037  A 141611
   3497.61966  9.626  9.577  9.617  9.615  9.643    0.033 0.036 0.030 0.028 0.037  A 141909
   3502.62942  9.564  9.473  9.538  9.553  9.581    0.061 0.087 0.052 0.053 0.069  B 142625
   3504.60707  9.593  9.555  9.582  9.580  9.604    0.036 0.043 0.033 0.031 0.039  A 142975
   3509.50064  9.568  9.560  9.549  9.560  9.580    0.044 0.040 0.042 0.040 0.047  A 143379
   3511.61961  9.598  9.581  9.561  9.581  9.616    0.036 0.034 0.030 0.032 0.042  A 143666
   3516.48335  9.611  9.584  9.592  9.598  9.621    0.039 0.036 0.031 0.033 0.044  A 144126
   3520.48647  9.666  9.747  9.649  9.653  9.679    0.052 0.086 0.060 0.050 0.056  D 144619
   3522.51740  9.641  9.622  9.620  9.626  9.656    0.045 0.052 0.036 0.038 0.052  A 144981
   3524.55559  9.602  9.528  9.577  9.590  9.611    0.078 0.098 0.064 0.067 0.085  D 145311
   3527.50469  9.614  9.526  9.587  9.595  9.625    0.055 0.053 0.045 0.047 0.062  A 145793
   3529.50793  9.594  9.547  9.562  9.577  9.606    0.039 0.045 0.034 0.035 0.042  A 146149
   3538.51316  9.592  9.573  9.576  9.580  9.597    0.042 0.032 0.033 0.034 0.050  A 146800
   3542.47911  9.643  9.628  9.610  9.628  9.654    0.045 0.033 0.033 0.037 0.052  A 147373
   3544.52992  9.651  9.666  9.647  9.647  9.673    0.046 0.041 0.035 0.038 0.052  A 147689
   3554.47962  9.623  9.612  9.599  9.611  9.635    0.033 0.029 0.028 0.028 0.038  A 148703
   3558.46973  9.613  9.599  9.584  9.596  9.624    0.036 0.037 0.030 0.031 0.040  A 149174
   3561.45977  9.581  9.539  9.559  9.566  9.594    0.036 0.035 0.030 0.032 0.041  A 149686
   3565.46465  9.558  9.522  9.536  9.543  9.575    0.110 0.085 0.086 0.096 0.127  D 150375
   3621.91198  9.624  9.642  9.632  9.619  9.636    0.055 0.070 0.047 0.046 0.063  B 157834
   3630.85283  9.699  9.621  9.668  9.683  9.709    0.052 0.043 0.040 0.043 0.060  A 158862
   3630.87936  9.680  9.644  9.665  9.667  9.690    0.054 0.058 0.045 0.046 0.061  A 158872
   3630.89749  9.674  9.647  9.658  9.662  9.677    0.042 0.050 0.037 0.036 0.048  A 158878
   3636.88022  9.610  9.560  9.598  9.598  9.622    0.044 0.039 0.036 0.036 0.050  A 159666
   3640.89084  9.548  9.522  9.537  9.538  9.562    0.035 0.042 0.033 0.031 0.040  A 160102
   3644.89236  9.519  9.446  9.488  9.511  9.540    0.047 0.068 0.046 0.041 0.056  B 160696
   3654.84080  9.649  9.608  9.609  9.628  9.665    0.044 0.073 0.044 0.039 0.048  B 161950
   3657.85043  9.676  9.657  9.651  9.660  9.689    0.037 0.035 0.031 0.032 0.043  A 162390
   3660.85940  9.640  9.590  9.633  9.631  9.653    0.046 0.064 0.042 0.040 0.054  A 162856
   3664.83117  9.605  9.584  9.567  9.583  9.622    0.044 0.067 0.045 0.039 0.049  B 163423
   3670.81396  9.570  9.524  9.551  9.559  9.578    0.035 0.035 0.032 0.030 0.040  A 164173
   3673.84659  9.530  9.516  9.490  9.515  9.539    0.034 0.038 0.037 0.031 0.037  A 164616
   3677.81882  9.559  9.561  9.528  9.547  9.567    0.039 0.046 0.031 0.033 0.043  A 165177
   3699.77976  9.596  9.559  9.572  9.581  9.610    0.042 0.049 0.039 0.037 0.047  A 167952
   3703.76469  9.570  9.494  9.542  9.555  9.580    0.037 0.046 0.033 0.032 0.040  A 168472
   3706.82831  9.587  9.584  9.554  9.571  9.598    0.040 0.041 0.034 0.034 0.046  A 168906
   3711.85272  9.596  9.580  9.563  9.583  9.611    0.033 0.033 0.030 0.028 0.037  A 169338
   3714.77389  9.633  9.607  9.604  9.616  9.653    0.038 0.063 0.036 0.034 0.042  A 169741
   3717.77446  9.602  9.597  9.586  9.588  9.615    0.044 0.065 0.040 0.038 0.049  A 170127
   3720.76284  9.551  9.501  9.568  9.568  9.545    0.042 0.063 0.047 0.041 0.047  A 170480
   3726.74430  9.533  9.512  9.514  9.523  9.539    0.040 0.038 0.034 0.035 0.047  A 171172
   3730.75257  9.572  9.549  9.533  9.560  9.589    0.040 0.043 0.035 0.036 0.046  A 171589
   3733.79066  9.597  9.544  9.575  9.582  9.607    0.033 0.044 0.034 0.029 0.037  A 171988
   3736.75110  9.624  9.616  9.595  9.608  9.637    0.033 0.041 0.031 0.029 0.038  A 172389
   3739.70775  9.634  9.561  9.619  9.619  9.644    0.035 0.040 0.031 0.030 0.041  A 172792
   3742.70037  9.618  9.555  9.584  9.603  9.626    0.034 0.047 0.031 0.030 0.038  A 173165
   3745.69400  9.602  9.587  9.581  9.590  9.612    0.042 0.067 0.039 0.037 0.047  B 173569
   3747.75864  9.590  9.557  9.583  9.577  9.610    0.044 0.047 0.035 0.036 0.051  A 173855
   3750.68124  9.557  9.555  9.533  9.544  9.568    0.043 0.038 0.033 0.035 0.049  A 174255
   3752.80141  9.581  9.542  9.561  9.568  9.597    0.041 0.038 0.034 0.035 0.048  A 174572
   3755.68395  9.572  9.550  9.558  9.560  9.580    0.040 0.039 0.034 0.035 0.045  A 174935
   3757.73189  9.595  9.573  9.565  9.574  9.610    0.038 0.044 0.033 0.032 0.045  A 175232
   3759.78921  9.588  9.554  9.558  9.574  9.601    0.040 0.037 0.035 0.035 0.046  A 175533
   3762.69126  9.599  9.598  9.571  9.580  9.613    0.046 0.058 0.039 0.040 0.051  A 175893
   3765.65097  9.651  9.666  9.635  9.635  9.670    0.041 0.072 0.041 0.037 0.045  B 176299
   3768.64036  9.618  9.588  9.593  9.608  9.631    0.038 0.049 0.034 0.033 0.042  A 176714
   3770.70953  9.624  9.577  9.597  9.608  9.637    0.040 0.035 0.033 0.035 0.044  A 176997
   3773.62562 99.999  9.571  9.611 99.999 99.999    0.050 0.055 0.039 0.041 0.058  C 177354
   3775.67532  9.641  9.599  9.620  9.627 99.999    0.048 0.040 0.036 0.040 0.056  C 177657
   3779.73261  9.583  9.579  9.567  9.573  9.595    0.058 0.053 0.043 0.046 0.067  B 178284
   3787.64599  9.527  9.496  9.492  9.510  9.541    0.038 0.038 0.033 0.034 0.043  A 178842
   3789.70319  9.541  9.496  9.514  9.526  9.549    0.041 0.043 0.033 0.035 0.046  A 179134
   3791.84048 10.083 10.132 10.090 10.076 10.087    0.047 0.052 0.041 0.041 0.052  A 179465
   3794.61903  9.570  9.562  9.535  9.558  9.581    0.041 0.034 0.034 0.034 0.047  A 179832
   3796.64773  9.601  9.588  9.580  9.589  9.607    0.033 0.036 0.030 0.028 0.037  A 180124
   3798.70770 99.999 99.999 99.999 99.999 99.999    0.043 0.058 0.040 0.038 0.048  C 180420
   3800.68881  9.611  9.682  9.601  9.600  9.618    0.047 0.046 0.039 0.041 0.052  A 180686
   3803.61901  9.608  9.599  9.580  9.593  9.617    0.048 0.041 0.038 0.041 0.056  A 181020
   3805.64258  9.619  9.592  9.591  9.605  9.633    0.042 0.035 0.033 0.035 0.049  A 181317
   3808.65404  9.600  9.587  9.580  9.595  9.610    0.048 0.034 0.034 0.039 0.056  A 181665
   3810.65760  9.585  9.556  9.577  9.579  9.595    0.042 0.037 0.034 0.035 0.048  A 181988
   3812.66114  9.587  9.559  9.563  9.568  9.604    0.044 0.039 0.033 0.037 0.050  A 182310
   3814.66066 99.999  9.559  9.585 99.999 99.999    0.051 0.055 0.039 0.042 0.059  C 182625
   3816.69265  9.601  9.530  9.587  9.608  9.612    0.043 0.076 0.049 0.039 0.048  B 182950
   3818.71890  9.612  9.566  9.581  9.597  9.624    0.041 0.040 0.033 0.035 0.045  A 183282
   3820.77105  9.628  9.581  9.599  9.614 99.999    0.045 0.048 0.035 0.037 0.052  C 183620
   3823.57897  9.607  9.594  9.598  9.600  9.614    0.046 0.040 0.038 0.040 0.052  A 184044
   3825.60933  9.621  9.580  9.604  9.607  9.626    0.059 0.038 0.038 0.046 0.070  B 184390
   3827.65052  9.625  9.588  9.608  9.618  9.633    0.039 0.042 0.034 0.034 0.046  A 184746
   3829.72686  9.612  9.566  9.596  9.601  9.625    0.036 0.036 0.030 0.032 0.041  A 185104
   3831.69614  9.618  9.558  9.589  9.605  9.635    0.046 0.046 0.038 0.040 0.052  A 185438
   3833.69128  9.591  9.582  9.559  9.571  9.606    0.054 0.042 0.040 0.044 0.063  B 185787
   3835.68074  9.585  9.591  9.583  9.573  9.599    0.056 0.060 0.047 0.047 0.066  B 186129
   3837.71818  9.564  9.532  9.556  9.557  9.574    0.051 0.054 0.041 0.043 0.059  A 186473
   3847.56799  9.570  9.562  9.570  9.565  9.577    0.053 0.040 0.043 0.045 0.061  A 186743
   3849.61822  9.587  9.557  9.572  9.580  9.594    0.034 0.032 0.030 0.030 0.038  A 187086
   3851.62092  9.609  9.586  9.568  9.586  9.622    0.035 0.033 0.030 0.031 0.039  A 187432
   3853.63137  9.687  9.583  9.677  9.681  9.695    0.034 0.034 0.029 0.029 0.038  A 187784
   3856.53818  9.575  9.483  9.545  9.557  9.587    0.038 0.048 0.032 0.033 0.042  A 188201
   3860.64990  9.568  9.542  9.530  9.549  9.585    0.038 0.040 0.033 0.033 0.043  A 188834
   3862.58855  9.594  9.617  9.573  9.581  9.611    0.039 0.060 0.038 0.034 0.043  A 189184
   3864.61406  9.589  9.591  9.583  9.578  9.604    0.042 0.064 0.038 0.036 0.047  A 189528
   3866.62617  9.572  9.542  9.544  9.560  9.579    0.043 0.038 0.035 0.036 0.048  A 189886
   3869.53419  9.562  9.540  9.544  9.551  9.568    0.048 0.038 0.035 0.039 0.054  A 190333
   3871.53646  9.561  9.521  9.545  9.553  9.576    0.037 0.037 0.031 0.032 0.041  A 190704
   3875.53820  9.571  9.515  9.552  9.557  9.582    0.035 0.032 0.028 0.030 0.039  A 191143
   3877.57023  9.551  9.497  9.527  9.536  9.566    0.035 0.037 0.032 0.031 0.039  A 191474
   3881.53072  9.620  9.642  9.606  9.606  9.632    0.037 0.054 0.032 0.032 0.042  A 191956
   3886.46825  9.659  9.643  9.645  9.646  9.672    0.032 0.030 0.028 0.027 0.036  A 192412
   3890.51009  9.677  9.623  9.666  9.671  9.683    0.035 0.036 0.030 0.029 0.040  A 193135
   3892.52635  9.666  9.635  9.669  9.661  9.673    0.038 0.049 0.035 0.032 0.043  A 193488
   3896.52657  9.606  9.590  9.602  9.603  9.621    0.045 0.038 0.039 0.037 0.053  A 193996
   3898.55648  9.729  9.752  9.736  9.724  9.734    0.045 0.041 0.035 0.038 0.053  A 194326
   3901.50418  9.540  9.482  9.510  9.525  9.554    0.039 0.048 0.032 0.033 0.043  A 194796
   3903.52731  9.550  9.492  9.529  9.542  9.567    0.035 0.038 0.030 0.030 0.039  A 195184
   3905.52792  9.561  9.492  9.525  9.544  9.576    0.039 0.047 0.031 0.033 0.043  A 195561
   3908.47577  9.550  9.483  9.532  9.536  9.564    0.036 0.039 0.030 0.030 0.040  A 196123
   4090.75650  9.541  9.509  9.502  9.526  9.550    0.039 0.041 0.035 0.034 0.043  A 209292
   4105.71257  9.571  9.525  9.563  9.564  9.582    0.042 0.040 0.037 0.036 0.048  A 210846
   4107.77127  9.587  9.570  9.577  9.578  9.595    0.034 0.034 0.031 0.029 0.038  A 211149
   4111.77283  9.602  9.573  9.571  9.589  9.609    0.043 0.039 0.035 0.037 0.048  A 211432
   4127.65520  9.588  9.580  9.574  9.577  9.598    0.035 0.041 0.034 0.032 0.039  A 211804
   4129.70424  9.593  9.521  9.591  9.589  9.597    0.046 0.070 0.044 0.041 0.052  B 212087
   4131.74544  9.582  9.529  9.553  9.561  9.591    0.037 0.041 0.033 0.033 0.042  A 212354
   4133.76287  9.575  9.568  9.547  9.557  9.585    0.045 0.054 0.037 0.038 0.051  A 212628
   4135.82286  9.554  9.516  9.541  9.546  9.570    0.057 0.055 0.041 0.046 0.067  B 212915
   4137.78186 99.999 99.999 99.999 99.999 99.999    0.035 0.034 0.031 0.031 0.039  C 213181
   4146.70933  9.568  9.537  9.549  9.553  9.578    0.040 0.054 0.035 0.035 0.045  A 214437
   4149.80024  9.553  9.505  9.533  9.544  9.561    0.048 0.040 0.035 0.039 0.056  A 214714
   4152.58386  9.582  9.554  9.538  9.562  9.592    0.032 0.034 0.031 0.029 0.036  A 215098
   4154.64341  9.617  9.594  9.598  9.602  9.632    0.035 0.044 0.030 0.030 0.040  A 215418
   4156.65377  9.643  9.664  9.623  9.627  9.663    0.040 0.066 0.037 0.035 0.043  A 215719
   4158.66611  9.682  9.672  9.664  9.667  9.697    0.038 0.052 0.033 0.032 0.043  A 216001
   4160.68518  9.662  9.644  9.645  9.651  9.682    0.035 0.032 0.029 0.029 0.040  A 216319
   4162.68897  9.610  9.528  9.576  9.596  9.627    0.043 0.053 0.035 0.035 0.048  A 216644
   4164.71467  9.587  9.520  9.560  9.567  9.600    0.063 0.092 0.058 0.056 0.069  D 216930
   4167.65415  9.546  9.504  9.513  9.529  9.563    0.036 0.033 0.031 0.031 0.040  A 217320
   4172.69666  9.478  9.466  9.460  9.465  9.488    0.046 0.059 0.041 0.041 0.053  A 217932
   4174.70975  9.479  9.444  9.455  9.467  9.482    0.035 0.042 0.034 0.031 0.040  A 218254
   4176.79218  9.516  9.478  9.505  9.505  9.518    0.044 0.056 0.041 0.038 0.051  A 218563
   4179.73594  9.542  9.517  9.504  9.534  9.556    0.042 0.054 0.036 0.035 0.048  A 218870
   4181.74978  9.566  9.558  9.562  9.570  9.570    0.062 0.056 0.050 0.052 0.072  B 219151
   4183.77044  9.570  9.541  9.560  9.560  9.576    0.049 0.047 0.039 0.042 0.056  A 219450
   4188.55807  9.653  9.628  9.624  9.645  9.663    0.033 0.032 0.031 0.028 0.038  A 219912
   4190.54682  9.634  9.600  9.644  9.627  9.645    0.038 0.038 0.034 0.032 0.045  A 220206
   4192.55628  9.637  9.606  9.627  9.628  9.641    0.037 0.038 0.033 0.031 0.042  A 220533
   4194.60820  9.619  9.610  9.604  9.608  9.629    0.037 0.040 0.032 0.032 0.042  A 220863
   4197.59241  9.597  9.554  9.589  9.597  9.608    0.038 0.035 0.032 0.032 0.043  A 221184
   4199.64370  9.560  9.521  9.553  9.556  9.577    0.083 0.072 0.060 0.067 0.096  D 221384
   4202.70580  9.578  9.552  9.567  9.572  9.585    0.049 0.067 0.044 0.043 0.054  B 221652
   4205.54341  9.575  9.570  9.550  9.561  9.585    0.040 0.037 0.035 0.035 0.046  A 222078
   4208.66000  9.573  9.587  9.544  9.553  9.588    0.070 0.060 0.051 0.057 0.082  D 222343
   4213.56116  9.548  9.523  9.503  9.532  9.569    0.046 0.044 0.037 0.039 0.054  A 222558
   4216.60923  9.523  9.482  9.503  9.513  9.539    0.039 0.053 0.042 0.035 0.044  A 222857
   4226.58827  9.611  9.577  9.611  9.610  9.618    0.091 0.064 0.066 0.074 0.107  D 222993
   4228.60700  9.578  9.554  9.564  9.570  9.595    0.040 0.046 0.050 0.037 0.043  A 223333
   4230.60899  9.564  9.542  9.533  9.560  9.576    0.040 0.051 0.040 0.037 0.043  A 223677
   4232.60571  9.640  9.594  9.601  9.623  9.650    0.057 0.056 0.049 0.051 0.064  B 224021
   4234.60794  9.643  9.594  9.628  9.629  9.656    0.039 0.058 0.038 0.033 0.044  A 224390
   4245.57740  9.551  9.513  9.547  9.545  9.559    0.077 0.058 0.056 0.063 0.091  D 226017
   4247.58136  9.559  9.501  9.541  9.551  9.562    0.039 0.045 0.037 0.035 0.044  A 226386
   4253.48213  9.571  9.508  9.571  9.556  9.566    0.037 0.039 0.038 0.032 0.041  A 226792
   4255.58050  9.577  9.542  9.562  9.575  9.583    0.043 0.042 0.035 0.036 0.050  A 227054
   4257.56632  9.609  9.543  9.618  9.599  9.611    0.056 0.045 0.043 0.046 0.066  B 227395
   4267.49838  9.695  9.653  9.652  9.680  9.692    0.064 0.048 0.049 0.051 0.077  D 227801
   4269.52940  9.662  9.623  9.650  9.653  9.669    0.035 0.036 0.033 0.031 0.040  A 228117
   4274.46910  9.602  9.573  9.586  9.586  9.608    0.033 0.040 0.036 0.030 0.038  A 228631
   4277.50580  9.553  9.514  9.557  9.548  9.555    0.040 0.048 0.047 0.035 0.045  A 228959
   4281.50864  9.571  9.537  9.552  9.555  9.584    0.051 0.057 0.040 0.043 0.060  A 229286
   4284.49593  9.627  9.584  9.605  9.615  9.638    0.039 0.047 0.035 0.034 0.044  A 229757
   4289.47804  9.639  9.608  9.626  9.627  9.645    0.038 0.039 0.035 0.032 0.043  A 230284
   4292.47524  9.614  9.583  9.607  9.603  9.621    0.037 0.044 0.040 0.033 0.040  A 230815
   4295.46365  9.580  9.546  9.575  9.575  9.592    0.034 0.035 0.032 0.029 0.037  A 231331
   4300.45831  9.618  9.557  9.562  9.593  9.635    0.044 0.044 0.036 0.038 0.049  A 232225
   4343.91689  9.624  9.600  9.587  9.610  9.641    0.046 0.048 0.039 0.039 0.053  A 237375
   4348.91133  9.630  9.602  9.619  9.618  9.637    0.050 0.060 0.044 0.043 0.056  A 238229
   4358.90135  9.556  9.509  9.541  9.546  9.566    0.036 0.042 0.035 0.031 0.040  A 239722
   4363.88372  9.554  9.522  9.557  9.548  9.547    0.043 0.042 0.040 0.038 0.049  A 240424
   4367.88837  9.584  9.525  9.560  9.568  9.600    0.045 0.045 0.039 0.038 0.052  A 240931
   4371.87662  9.586  9.556  9.587  9.580  9.587    0.044 0.047 0.039 0.038 0.051  A 241555
   4376.87216  9.651  9.618  9.622  9.632  9.667    0.044 0.041 0.037 0.037 0.050  A 242205
   4380.85780  9.597  9.565  9.552  9.582  9.621    0.048 0.052 0.042 0.042 0.055  A 242796
   4384.85013  9.570  9.542  9.543  9.557  9.583    0.046 0.045 0.043 0.041 0.051  A 243404
   4388.87021  9.596  9.562  9.569  9.591  9.599    0.042 0.044 0.041 0.037 0.047  A 244030
   4392.83820  9.317  9.477  9.532  9.432  9.281    0.049 0.076 0.049 0.045 0.053  B 244574
   4403.82538  9.542  9.522  9.521  9.532  9.546    0.036 0.040 0.035 0.032 0.041  A 245325
   4407.84837  9.560  9.541  9.570  9.557  9.562    0.040 0.039 0.034 0.034 0.046  A 245653
   4410.83775  9.578  9.550  9.545  9.567  9.588    0.040 0.047 0.037 0.035 0.046  A 246035
   4421.83413  9.605  9.581  9.585  9.593  9.611    0.043 0.042 0.037 0.036 0.049  A 246607
   4425.83998  9.577  9.533  9.553  9.564  9.582    0.035 0.042 0.033 0.031 0.039  A 246896
   4429.77290  9.589  9.537  9.550  9.573  9.603    0.046 0.044 0.040 0.039 0.053  A 247347
   4432.79776  9.586  9.559  9.541  9.573  9.597    0.043 0.041 0.038 0.036 0.050  A 247721
   4435.81481  9.585  9.569  9.581  9.576  9.592    0.035 0.041 0.032 0.030 0.039  A 248088
   4438.79774  9.563  9.525  9.553  9.558  9.567    0.040 0.044 0.035 0.036 0.044  A 248458
   4441.79732  9.553  9.528  9.539  9.538  9.556    0.040 0.040 0.036 0.034 0.045  A 248833
   4448.73219  9.560  9.510  9.530  9.540  9.566    0.034 0.046 0.034 0.029 0.038  A 249540
   4457.74374  9.607  9.584  9.592  9.596  9.615    0.043 0.039 0.035 0.037 0.049  A 250595
   4460.74184  9.593  9.596  9.559  9.589  9.601    0.071 0.055 0.053 0.057 0.083  D 250938
   4463.72406  9.600  9.580  9.568  9.589  9.611    0.036 0.039 0.033 0.031 0.042  A 251336
   4466.72346  9.544  9.514  9.534  9.535  9.553    0.038 0.043 0.035 0.034 0.044  A 251672
   4469.71098 99.999  9.475  9.458 99.999 99.999    0.047 0.050 0.057 0.049 0.052  C 252004
   4472.78568  9.506  9.458  9.485  9.495  9.516    0.063 0.045 0.045 0.051 0.073  D 252275
   4476.70441  9.564  9.522  9.565  9.556  9.572    0.040 0.056 0.039 0.035 0.044  A 252666
   4478.76389  9.574  9.531  9.556  9.564  9.566    0.050 0.041 0.040 0.042 0.060  A 252919
   4481.74514  9.527  9.544  9.569  9.550  9.534    0.094 0.055 0.061 0.074 0.111  D 253248
   4484.82206  9.608  9.600  9.591  9.602  9.622    0.041 0.059 0.039 0.035 0.047  A 253538
   4487.66518  9.644  9.620  9.611  9.632  9.647    0.041 0.046 0.036 0.035 0.046  A 253833
   4489.73287  9.625  9.614  9.587  9.614  9.631    0.040 0.037 0.035 0.034 0.046  A 254095
   4491.77173  9.624  9.561  9.624  9.611  9.633    0.038 0.038 0.033 0.032 0.043  A 254324
   4493.80738  9.596  9.566  9.592  9.592  9.599    0.035 0.038 0.032 0.030 0.039  A 254582
   4497.69191  9.532  9.526  9.530  9.532  9.537    0.045 0.042 0.038 0.039 0.050  A 254780
   4499.79907  9.555  9.504  9.557  9.546  9.561    0.033 0.036 0.032 0.029 0.038  A 255079
   4504.82788  9.533  9.515  9.513  9.525  9.541    0.035 0.041 0.034 0.030 0.040  A 255765
   4507.63278  9.555  9.518  9.528  9.543  9.562    0.049 0.046 0.040 0.042 0.057  A 256139
   4509.72516  9.593  9.530  9.584  9.583  9.599    0.045 0.051 0.038 0.038 0.052  A 256450
   4511.80050  9.617  9.625  9.589  9.602  9.624    0.055 0.050 0.045 0.046 0.064  B 256733
   4517.71662  9.588  9.549  9.577  9.574  9.595    0.040 0.044 0.036 0.035 0.046  A 257290
   4519.74107  9.563  9.526  9.541  9.549  9.573    0.046 0.037 0.036 0.038 0.051  A 257606
   4521.75550  9.526  9.497  9.506  9.515  9.532    0.038 0.044 0.036 0.033 0.043  A 257885
   4523.79021  9.514  9.502  9.497  9.511  9.524    0.037 0.038 0.033 0.032 0.041  A 258205
   4526.59824  9.533  9.513  9.505  9.521  9.546    0.048 0.047 0.044 0.043 0.053  A 258565
   4528.66136  9.509  9.494  9.482  9.501  9.519    0.044 0.041 0.038 0.039 0.048  A 258890
   4530.74188  9.569  9.532  9.543  9.557  9.579    0.036 0.039 0.033 0.031 0.040  A 259219
   4533.60688  9.591  9.554  9.584  9.583  9.601    0.045 0.038 0.040 0.039 0.051  A 259615
   4536.66731  9.657  9.626  9.645  9.652  9.664    0.033 0.033 0.030 0.028 0.036  A 259941
   4538.70500  9.687  9.648  9.685  9.683 99.999    0.036 0.036 0.031 0.031 0.042  C 260250
   4540.76256  9.648  9.614  9.610  9.633  9.655    0.057 0.060 0.049 0.050 0.066  B 260550
   4542.66973  9.649  9.614  9.640  9.638  9.664    0.051 0.040 0.039 0.042 0.060  A 260840
   4546.70384  9.579  9.548  9.546  9.566  9.586    0.049 0.055 0.041 0.041 0.056  A 261460
   4548.71538  9.561  9.544  9.520  9.544  9.565    0.048 0.040 0.038 0.040 0.055  A 261803
   4553.68129  9.536  9.525  9.515  9.526  9.551    0.083 0.068 0.065 0.072 0.095  D 262409
   4555.69326  9.554  9.501  9.538  9.546  9.567    0.034 0.039 0.031 0.029 0.039  A 262719
   4557.73918  9.592  9.572  9.567  9.576  9.596    0.038 0.044 0.036 0.033 0.043  A 263059
   4560.56855  9.618  9.578  9.631  9.616  9.620    0.035 0.040 0.036 0.031 0.039  A 263500
   4562.61602  9.630  9.604  9.596  9.614  9.636    0.042 0.040 0.034 0.035 0.048  A 263855
   4564.69356  9.649  9.583  9.628  9.638  9.666    0.041 0.062 0.042 0.037 0.045  A 264213
   4566.68018  9.652  9.601  9.641  9.641  9.663    0.041 0.061 0.041 0.037 0.045  A 264542
   4568.69097  9.622  9.607  9.572  9.603  9.634    0.036 0.038 0.032 0.032 0.040  A 264854
   4570.68065  9.651  9.599  9.630  9.633  9.669    0.037 0.037 0.034 0.031 0.041  A 265180
   4572.61851  9.618  9.578  9.583  9.605  9.622    0.045 0.040 0.038 0.037 0.052  A 265506
   4574.63044  9.573  9.539  9.578  9.566  9.583    0.047 0.046 0.038 0.039 0.055  A 265835
#ndata= 2
#dataset= 3 ; 1 F0936-56_072
#desig= 085144-5520.0
#cra=    8.862107  08:51:43.6
#cdec= -55.334051 -55:20:02.6
#class= 0
#cmag_0=  9.608
#cmer_0=  0.036
#nskip_0= 0
#cmag_1=  9.610
#cmer_1=  0.012
#nskip_1= 0
#cmag_2=  9.594
#cmer_2=  0.025
#nskip_2= 0
#cmag_3=  9.601
#cmer_3=  0.036
#nskip_3= 0
#cmag_4=  9.616
#cmer_4=  0.040
#nskip_4= 0
#ra=    8.862107  08:51:43.6
#dec= -55.334051 -55:20:02.6
#     HJD      MAG_3  MAG_0  MAG_1  MAG_2  MAG_4    MER_3 MER_0 MER_1 MER_2 MER_4 GRADE FRAME
   2724.66588  9.626  9.634  9.618  9.612  9.644    0.036 0.035 0.032 0.032 0.040  A 47073
   2994.78425  9.577  9.584  9.604  9.576  9.590    0.046 0.039 0.039 0.040 0.052  A 85240
#ndata= 7
#dataset= 4 ; 1 F0900-48_102
#desig= 085144-5520.0
#cra=    8.862111  08:51:43.6
#cdec= -55.333336 -55:20:00.0
#class= 0
#cmag_0=  9.653
#cmer_0=  0.016
#nskip_0= 2
#cmag_1=  9.646
#cmer_1=  0.061
#nskip_1= 0
#cmag_2=  9.637
#cmer_2=  0.047
#nskip_2= 0
#cmag_3=  9.636
#cmer_3=  0.049
#nskip_3= 0
#cmag_4=  9.646
#cmer_4=  0.049
#nskip_4= 0
#ra=    8.862111  08:51:43.6
#dec= -55.333336 -55:20:00.0
#     HJD      MAG_3  MAG_0  MAG_1  MAG_2  MAG_4    MER_3 MER_0 MER_1 MER_2 MER_4 GRADE FRAME
   1954.64781  9.706  9.652  9.754  9.706  9.713    0.040 0.047 0.043 0.036 0.041  A 9856
   3365.76297  9.601  9.544  9.602  9.611  9.616    0.043 0.052 0.037 0.037 0.050  A 125094
   3374.78651  9.551  9.513  9.552  9.559  9.555    0.052 0.048 0.045 0.047 0.059  A 125429
   3387.74083 99.999 99.999 99.999 99.999 99.999    0.041 0.036 0.034 0.035 0.047  C 126353
   3392.75391  9.677  9.680  9.682  9.675  9.685    0.043 0.046 0.038 0.036 0.048  A 126978
   3449.74634  9.615  9.637  9.625  9.617  9.629    0.056 0.058 0.048 0.049 0.063  B 135106
   3452.60340  9.612  9.523  9.604  9.607  9.628    0.048 0.081 0.048 0.043 0.054  B 135477
