#ndata= 446
#dataset= 1 ; 1 F0848-56_071
#desig= 085850-5241.0
#cra=    8.980626  08:58:50.3
#cdec= -52.683140 -52:40:59.3
#class= 0
#cmag_0= 11.531
#cmer_0=  0.182
#nskip_0= 3
#cmag_1= 11.507
#cmer_1=  0.182
#nskip_1= 2
#cmag_2= 11.476
#cmer_2=  0.182
#nskip_2= 0
#cmag_3= 11.445
#cmer_3=  0.176
#nskip_3= 0
#cmag_4= 11.390
#cmer_4=  0.170
#nskip_4= 0
#ra=    8.980626  08:58:50.3
#dec= -52.683140 -52:40:59.3
#     HJD      MAG_1  MAG_0  MAG_2  MAG_3  MAG_4    MER_1 MER_0 MER_2 MER_3 MER_4 GRADE FRAME
   1868.80525 11.327 11.368 11.285 11.264 11.221    0.033 0.058 0.032 0.037 0.041  A 154
   1869.79828 11.421 11.475 11.396 11.393 11.323    0.034 0.057 0.033 0.039 0.042  A 314
   1871.76311 11.339 11.395 11.329 11.313 11.250    0.032 0.057 0.030 0.035 0.039  A 576
   1873.74876 11.904 11.956 11.839 11.771 11.684    0.033 0.062 0.031 0.036 0.041  A 893
   1875.74220 11.355 11.381 11.324 11.291 11.218    0.032 0.056 0.031 0.035 0.040  A 1212
   1877.74037 11.346 11.356 11.307 11.302 11.271    0.031 0.050 0.030 0.033 0.037  A 1530
   1879.72794 11.552 11.551 11.507 11.462 11.419    0.031 0.051 0.030 0.035 0.039  A 1840
   1884.75460 11.395 11.460 11.381 11.349 11.288    0.028 0.036 0.026 0.031 0.034  A 2314
   1885.82084 11.669 11.696 11.601 11.558 11.508    0.028 0.032 0.025 0.030 0.033  A 2503
   1887.71184 11.463 11.495 11.464 11.436 11.359    0.030 0.044 0.029 0.033 0.038  A 2775
   1888.84961 11.269 11.304 11.253 11.215 11.150    0.031 0.036 0.030 0.033 0.037  A 2995
   1899.74608 11.854 11.872 11.812 11.744 11.688    0.031 0.035 0.027 0.031 0.035  A 3242
   1902.73088 11.719 11.731 11.689 11.654 11.601    0.028 0.034 0.024 0.028 0.033  A 3550
   1903.76773 11.415 11.436 11.374 11.337 11.291    0.030 0.038 0.026 0.030 0.035  A 3724
   1904.75905 11.743 11.832 11.723 11.705 11.603    0.028 0.035 0.025 0.030 0.034  A 3881
   1905.74884 11.307 11.299 11.265 11.244 11.208    0.030 0.043 0.027 0.031 0.035  A 4039
   1906.73781 11.383 11.426 11.369 11.343 11.279    0.030 0.041 0.026 0.030 0.034  A 4196
   1907.74968 11.544 11.547 11.486 11.442 11.378    0.029 0.033 0.025 0.029 0.033  A 4361
   1913.71115 11.487 11.460 11.453 11.420 11.350    0.024 0.027 0.023 0.028 0.030  A 4640
   1914.72060 11.321 11.363 11.310 11.296 11.231    0.027 0.032 0.026 0.030 0.034  A 4806
   1915.72037 11.743 11.746 11.691 11.655 11.595    0.028 0.038 0.027 0.031 0.036  A 4964
   1918.71888 11.397 11.452 11.367 11.321 11.275    0.032 0.039 0.029 0.035 0.040  A 5178
   1919.75845 11.591 11.605 11.565 11.561 11.489    0.032 0.035 0.028 0.033 0.037  A 5354
   1920.71271 11.921 11.927 11.839 11.782 11.708    0.030 0.033 0.028 0.032 0.037  A 5496
   1921.70914 11.386 11.390 11.400 11.391 11.348    0.032 0.038 0.029 0.034 0.039  A 5652
   1922.71068 11.419 11.449 11.369 11.334 11.280    0.031 0.036 0.026 0.030 0.034  A 5804
   1924.70040 11.358 11.374 11.327 11.294 11.250    0.031 0.037 0.029 0.034 0.039  A 6135
   1925.70355 11.575 11.590 11.543 11.501 11.451    0.034 0.039 0.031 0.036 0.040  A 6305
   1926.69775 11.479 11.496 11.423 11.384 11.329    0.029 0.031 0.024 0.028 0.031  A 6472
   1928.69954 11.745 11.781 11.718 11.691 11.615    0.028 0.036 0.025 0.030 0.034  A 6798
   1929.69482 11.336 11.388 11.321 11.287 11.237    0.029 0.036 0.025 0.030 0.034  A 6951
   1930.69311 11.356 11.407 11.345 11.290 11.233    0.029 0.032 0.024 0.028 0.032  A 7116
   1931.68783 11.752 11.759 11.697 11.643 11.555    0.031 0.035 0.025 0.029 0.034  A 7284
   1932.68568 11.312 11.323 11.268 11.228 11.164    0.029 0.034 0.024 0.028 0.032  A 7446
   1934.68223 11.539 11.540 11.508 11.490 11.430    0.029 0.033 0.024 0.028 0.032  A 7773
   1936.65128 11.471 11.484 11.409 11.375 11.321    0.030 0.033 0.024 0.028 0.032  A 8024
   1937.69606 11.343 11.353 11.276 11.240 11.200    0.032 0.037 0.025 0.028 0.031  A 8158
   1939.63183 11.464 11.503 11.435 11.387 11.317    0.032 0.036 0.026 0.029 0.033  A 8382
   1940.70259 11.354 11.367 11.317 11.278 11.242    0.032 0.035 0.025 0.028 0.031  A 8524
   1941.69771 11.720 11.767 11.711 11.673 11.604    0.033 0.036 0.026 0.029 0.033  A 8631
   1946.67823 11.557 11.593 11.519 11.485 11.428    0.032 0.034 0.028 0.032 0.037  A 8811
   1948.61128 11.540 11.566 11.506 11.484 11.421    0.032 0.035 0.029 0.034 0.039  A 9040
   1949.65520 11.503 11.552 11.508 11.470 11.394    0.033 0.037 0.028 0.032 0.036  A 9198
   1950.64390 11.560 11.613 11.525 11.467 11.413    0.034 0.038 0.028 0.032 0.036  A 9368
   1952.63901 11.664 11.689 11.633 11.619 11.568    0.035 0.038 0.029 0.034 0.038  A 9586
   1953.64837 11.372 11.413 11.334 11.319 11.268    0.040 0.045 0.030 0.033 0.034  A 9676
   1955.63672 11.758 11.754 11.744 11.706 11.653    0.042 0.047 0.033 0.036 0.037  A 10028
   1958.62052 11.650 11.674 11.643 11.616 11.586    0.042 0.048 0.033 0.036 0.035  A 10195
   1959.63275 11.342 11.344 11.348 11.350 11.285    0.041 0.047 0.032 0.036 0.037  A 10400
   1963.60979 29.999 29.999 29.999 29.999 29.999    0.043 0.051 0.035 0.039 0.037  C 10800
   1964.62204 11.240 11.285 11.224 11.192 11.169    0.041 0.048 0.032 0.034 0.035  A 10984
   1965.61298 11.483 11.523 11.445 11.428 11.378    0.044 0.052 0.036 0.039 0.037  A 11166
   1966.61503 11.489 11.511 11.490 11.454 11.431    0.044 0.054 0.036 0.039 0.038  A 11353
   1967.60983 11.223 11.253 11.201 11.181 11.137    0.046 0.054 0.037 0.041 0.039  A 11517
   1968.60727 11.588 11.609 11.567 11.537 11.508    0.048 0.057 0.038 0.042 0.040  A 11691
   1977.58956 29.999 29.999 29.999 29.999 29.999    0.057 0.067 0.047 0.051 0.050  C 11932
   1979.57679 11.755 11.748 11.728 11.727 11.670    0.057 0.069 0.047 0.050 0.050  B 12202
   1980.59547 29.999 29.999 29.999 29.999 29.999    0.053 0.064 0.044 0.048 0.047  C 12356
   1982.54575 11.751 11.745 11.719 11.703 11.664    0.048 0.056 0.037 0.040 0.038  A 12707
   1984.57210 11.470 11.504 11.432 11.410 11.392    0.055 0.064 0.043 0.045 0.043  B 12934
   1985.57614 29.999 29.999 29.999 29.999 29.999    0.059 0.071 0.048 0.049 0.048  D 13131
   1993.55604 11.371 11.363 11.362 11.332 11.322    0.065 0.080 0.052 0.055 0.054  D 13290
   1994.60248 11.597 11.582 11.580 11.576 11.541    0.065 0.079 0.051 0.054 0.054  D 13432
   2025.46593 11.731 11.783 11.676 11.652 11.556    0.028 0.043 0.028 0.033 0.037  A 17118
   2027.52372 11.485 11.544 11.441 11.394 11.313    0.031 0.050 0.031 0.036 0.041  A 17576
   2033.49473 11.339 11.341 11.330 11.315 11.267    0.031 0.049 0.030 0.035 0.039  A 18394
   2038.59168 11.662 11.774 11.606 11.564 11.483    0.067 0.076 0.071 0.079 0.084  D 19080
   2053.47975 11.809 11.869 11.763 11.718 11.664    0.028 0.045 0.028 0.034 0.038  A 19965
   2055.50532 11.803 11.820 11.766 11.715 11.632    0.038 0.070 0.037 0.043 0.049  B 20413
   2057.50588 11.354 11.406 11.318 11.292 11.229    0.032 0.059 0.031 0.037 0.041  A 20869
   2060.46456 11.297 11.377 11.254 11.184 11.122    0.062 0.076 0.071 0.086 0.102  D 21336
   2064.52085 11.278 11.263 11.235 11.192 11.159    0.031 0.037 0.033 0.039 0.044  A 21591
   2068.49916 11.721 11.771 11.690 11.665 11.557    0.029 0.033 0.030 0.033 0.038  A 22016
   2071.46296 11.621 11.675 11.572 11.528 11.432    0.061 0.068 0.070 0.085 0.100  D 22668
   2081.48860 11.735 11.776 11.696 11.628 11.561    0.048 0.048 0.041 0.044 0.046  A 23061
   2440.46480 11.381 11.426 11.370 11.350 11.281    0.028 0.035 0.024 0.028 0.032  A 7985
   2443.47179 11.767 11.769 11.724 11.697 11.620    0.031 0.038 0.025 0.028 0.032  A 8602
   2456.45755 11.679 11.679 11.640 11.594 11.530    0.034 0.037 0.026 0.029 0.030  A 10000
   2466.45802 11.480 11.486 11.439 11.406 11.347    0.034 0.038 0.026 0.029 0.031  A 11201
   2545.84989 11.617 11.670 11.567 11.533 11.501    0.034 0.037 0.034 0.039 0.043  A 20265
   2552.83151 11.276 11.337 11.240 11.214 11.170    0.026 0.031 0.024 0.027 0.031  A 21228
   2557.83001 11.296 11.365 11.245 11.209 11.180    0.039 0.045 0.031 0.033 0.035  A 21952
   2559.84599 11.451 11.480 11.406 11.367 11.302    0.026 0.029 0.022 0.024 0.027  A 22319
   2561.86799 11.489 11.527 11.461 11.424 11.399    0.025 0.028 0.024 0.028 0.031  A 22655
   2565.84404 11.286 11.305 11.239 11.212 11.169    0.032 0.033 0.034 0.038 0.042  A 23362
   2578.82008 11.266 11.265 11.219 11.185 11.140    0.047 0.048 0.043 0.048 0.052  A 25025
   2621.83263 11.468 11.539 11.438 11.408 11.331    0.036 0.030 0.038 0.041 0.044  A 29885
   2623.78906 99.999 99.999 99.999 99.999 99.999    0.032 0.029 0.032 0.036 0.039  C 30198
   2625.77703 11.286 11.356 11.273 11.263 11.223    0.032 0.030 0.033 0.038 0.042  A 30475
   2628.74944 11.310 11.331 11.256 11.217 11.161    0.038 0.035 0.039 0.043 0.046  A 30769
   2632.80157 11.472 11.442 11.424 11.392 11.355    0.032 0.031 0.032 0.034 0.037  A 32004
   2635.74256 11.758 11.801 11.722 11.687 11.639    0.040 0.036 0.041 0.044 0.049  A 32273
   2637.75912 11.781 11.821 11.750 11.722 11.641    0.030 0.027 0.031 0.035 0.039  A 32571
   2642.71234 11.356 11.307 11.322 11.313 11.271    0.036 0.030 0.034 0.037 0.039  A 33298
   2644.75480 11.300 11.366 11.264 11.231 11.190    0.034 0.029 0.037 0.039 0.042  A 33621
   2646.73430 11.380 11.431 11.336 11.305 11.307    0.041 0.034 0.041 0.044 0.045  A 33914
   2649.72392 11.340 11.390 11.326 11.289 11.251    0.035 0.029 0.035 0.038 0.041  A 34163
   2651.69155 11.735 11.729 11.673 11.608 11.528    0.033 0.030 0.033 0.035 0.036  A 34459
   2655.74804 11.503 11.495 11.475 11.436 11.378    0.040 0.034 0.042 0.046 0.050  A 35278
   2658.71296 11.490 11.464 11.460 11.476 11.437    0.039 0.033 0.038 0.044 0.046  A 35631
   2660.70836 11.283 11.322 11.242 11.218 11.179    0.048 0.039 0.049 0.055 0.060  A 35969
   2662.70537 11.444 11.509 11.430 11.404 11.349    0.035 0.029 0.035 0.039 0.042  A 36309
   2664.69680 11.822 11.860 11.760 11.719 11.680    0.040 0.034 0.040 0.045 0.051  A 36649
   2666.69440 11.492 11.482 11.460 11.447 11.412    0.036 0.029 0.035 0.040 0.043  A 36975
   2670.69344 11.411 11.419 11.361 11.323 11.269    0.032 0.028 0.032 0.035 0.038  A 37613
   2672.69424 11.789 11.823 11.750 11.699 11.622    0.036 0.030 0.037 0.040 0.042  A 37948
   2674.68207 11.403 11.466 11.405 11.376 11.300    0.034 0.030 0.034 0.037 0.038  A 38286
   2676.66841 11.299 11.363 11.256 11.216 11.166    0.041 0.035 0.041 0.045 0.047  A 38646
   2678.65390 11.646 11.717 11.645 11.637 11.544    0.034 0.028 0.034 0.037 0.039  A 38982
   2679.78177 11.402 11.383 11.367 11.324 11.307    0.036 0.042 0.033 0.038 0.041  A 39196
   2681.69672 11.317 11.386 11.303 11.276 11.211    0.033 0.030 0.036 0.038 0.041  A 39483
   2683.68289 11.449 11.461 11.418 11.398 11.339    0.035 0.030 0.034 0.037 0.041  A 39834
   2685.66369 11.671 11.745 11.629 11.597 11.540    0.043 0.038 0.042 0.043 0.046  A 40188
   2688.78127 11.474 11.537 11.431 11.390 11.345    0.044 0.042 0.037 0.040 0.044  A 40783
   2690.71836 11.495 11.586 11.465 11.434 11.364    0.028 0.034 0.028 0.030 0.033  A 41127
   2692.77506 11.349 11.362 11.324 11.311 11.275    0.028 0.032 0.027 0.032 0.035  A 41468
   2694.69863 11.319 11.308 11.269 11.226 11.170    0.025 0.027 0.025 0.027 0.030  A 41792
   2696.71377 11.322 11.348 11.309 11.312 11.274    0.024 0.027 0.024 0.028 0.031  A 42123
   2698.70900 11.428 11.455 11.388 11.356 11.340    0.025 0.026 0.024 0.028 0.032  A 42538
   2700.69223 11.694 11.723 11.654 11.611 11.542    0.027 0.033 0.026 0.030 0.033  A 42918
   2704.65976 11.448 11.521 11.423 11.400 11.324    0.030 0.031 0.032 0.032 0.033  A 43670
   2706.63874 11.662 11.642 11.639 11.608 11.543    0.032 0.029 0.032 0.036 0.038  A 44031
   2707.80873 11.372 11.418 11.331 11.311 11.266    0.030 0.033 0.034 0.040 0.044  A 44280
   2709.68013 11.402 11.412 11.368 11.354 11.319    0.025 0.026 0.024 0.028 0.032  A 44590
   2711.62444 11.407 11.420 11.392 11.342 11.295    0.040 0.031 0.031 0.033 0.034  A 44939
   2712.77324 12.007 11.998 11.928 11.881 11.736    0.026 0.028 0.026 0.029 0.032  A 45181
   2714.61805 11.598 11.658 11.554 11.524 11.452    0.033 0.027 0.030 0.032 0.033  A 45505
   2715.71597 11.594 11.655 11.570 11.533 11.452    0.037 0.040 0.033 0.038 0.041  A 45727
   2719.60686 11.426 11.446 11.402 11.402 11.351    0.030 0.029 0.030 0.032 0.035  A 46085
   2720.73170 11.643 11.722 11.621 11.600 11.535    0.032 0.034 0.025 0.028 0.032  A 46332
   2722.64211 11.705 11.759 11.648 11.617 11.562    0.026 0.033 0.026 0.027 0.030  A 46683
   2724.64003 11.636 11.638 11.578 11.528 11.454    0.026 0.031 0.023 0.025 0.027  A 47064
   2726.63844 11.276 11.350 11.258 11.223 11.176    0.027 0.030 0.024 0.026 0.029  A 47463
   2728.62975 11.398 11.351 11.360 11.322 11.275    0.027 0.037 0.025 0.028 0.032  A 47854
   2730.62575 11.821 11.844 11.780 11.725 11.681    0.027 0.033 0.024 0.027 0.029  A 48261
   2733.67221 11.312 11.347 11.266 11.227 11.194    0.026 0.034 0.026 0.030 0.033  A 48635
   2735.66807 11.412 11.453 11.384 11.369 11.344    0.025 0.029 0.025 0.029 0.032  A 49039
   2737.65522 11.756 11.839 11.697 11.635 11.575    0.029 0.039 0.026 0.028 0.030  A 49430
   2739.64547 11.473 11.432 11.407 11.349 11.287    0.035 0.039 0.030 0.034 0.038  A 49761
   2741.61289 11.372 11.443 11.349 11.318 11.267    0.048 0.037 0.040 0.041 0.041  A 50141
   2742.70271 11.403 11.450 11.356 11.311 11.237    0.036 0.038 0.041 0.047 0.056  A 50386
   2747.64959 11.456 11.507 11.434 11.432 11.332    0.030 0.040 0.031 0.036 0.041  A 51009
   2751.55135 11.446 11.441 11.399 11.351 11.292    0.023 0.030 0.023 0.026 0.029  A 51792
   2756.55150 11.402 11.381 11.354 11.312 11.263    0.027 0.026 0.026 0.029 0.032  A 52619
   2758.54236 11.433 11.421 11.448 11.473 11.484    0.078 0.072 0.090 0.107 0.123  D 53038
   2760.55771 11.470 11.441 11.435 11.385 11.315    0.029 0.030 0.031 0.032 0.034  A 53391
   2764.54113 11.341 11.419 11.298 11.273 11.233    0.031 0.033 0.033 0.033 0.034  A 54205
   2766.59874 11.645 11.702 11.629 11.618 11.564    0.027 0.031 0.027 0.030 0.033  A 54508
   2770.59576 11.394 11.388 11.382 11.347 11.300    0.028 0.028 0.028 0.032 0.036  A 54838
   2775.51080 11.432 11.457 11.400 11.377 11.341    0.028 0.028 0.027 0.032 0.036  A 55029
   2776.61213 11.524 11.590 11.462 11.431 11.402    0.028 0.032 0.030 0.035 0.039  A 55297
   2782.53835 11.354 11.431 11.328 11.303 11.256    0.029 0.036 0.025 0.028 0.032  A 55673
   2784.53871 11.287 11.341 11.277 11.252 11.196    0.031 0.035 0.025 0.027 0.031  A 56100
   2786.53432 11.496 11.528 11.454 11.444 11.435    0.026 0.027 0.023 0.026 0.030  A 56524
   2789.53039 11.366 11.406 11.324 11.301 11.263    0.027 0.031 0.026 0.029 0.032  A 57062
   2791.55860 11.498 11.535 11.458 11.413 11.389    0.042 0.042 0.042 0.050 0.056  A 57517
   2794.51527 11.654 11.648 11.587 11.532 11.495    0.035 0.038 0.028 0.029 0.032  A 58015
   2797.50781 11.372 11.395 11.353 11.330 11.244    0.038 0.036 0.041 0.050 0.059  A 58570
   2804.48468 11.654 11.678 11.602 11.546 11.482    0.036 0.033 0.034 0.040 0.046  A 58980
   2809.48849 11.529 11.523 11.493 11.440 11.370    0.027 0.036 0.025 0.028 0.032  A 59442
   2811.49955 11.301 11.365 11.294 11.279 11.216    0.025 0.027 0.023 0.027 0.030  A 59898
   2813.49767 11.299 11.360 11.290 11.282 11.235    0.026 0.033 0.026 0.030 0.035  A 60353
   2821.48704 11.305 11.313 11.277 11.264 11.216    0.028 0.032 0.027 0.032 0.038  A 61674
   2826.47874 11.455 11.444 11.414 11.381 11.329    0.030 0.031 0.023 0.026 0.029  A 61970
   2830.48022 11.740 11.737 11.687 11.629 11.554    0.030 0.033 0.027 0.032 0.036  A 62445
   2833.46907 11.586 11.576 11.528 11.409 11.386    0.067 0.064 0.075 0.094 0.116  D 63075
   2838.45911 11.418 11.492 11.397 11.355 11.269    0.065 0.063 0.074 0.090 0.104  D 63825
   2885.91795 11.838 11.827 11.791 11.748 11.688    0.031 0.033 0.030 0.036 0.040  A 70148
   2894.89446 11.407 11.426 11.371 11.338 11.288    0.031 0.037 0.030 0.036 0.041  A 71181
   2897.90805 11.288 11.308 11.279 11.271 11.210    0.031 0.034 0.030 0.035 0.040  A 71786
   2906.88575 11.745 11.796 11.707 11.685 11.628    0.027 0.027 0.025 0.027 0.030  A 73269
   2910.88304 11.340 11.363 11.321 11.303 11.254    0.031 0.029 0.027 0.029 0.032  A 73830
   2916.84677 11.300 11.360 11.297 11.287 11.228    0.025 0.028 0.025 0.029 0.032  A 74667
   2922.82629 11.363 11.378 11.318 11.291 11.229    0.031 0.031 0.031 0.038 0.044  A 75351
   2925.86818 11.589 11.622 11.551 11.519 11.451    0.034 0.031 0.032 0.037 0.039  A 75742
   2928.83842 11.696 11.748 11.653 11.604 11.503    0.037 0.035 0.036 0.042 0.047  A 76278
   2931.84126 11.431 11.403 11.405 11.372 11.317    0.025 0.029 0.024 0.028 0.032  A 76805
   2934.83606 11.323 11.349 11.310 11.290 11.247    0.025 0.030 0.025 0.027 0.031  A 77335
   2940.80181 11.280 11.323 99.999 99.999 99.999    0.025 0.033 0.026 0.031 0.033  C 78074
   2942.83782 11.350 11.405 11.319 11.286 11.267    0.030 0.028 0.030 0.035 0.037  A 78287
   2946.77276 11.352 11.351 11.307 11.275 11.223    0.030 0.030 0.025 0.029 0.032  A 78885
   2948.84284 11.647 11.738 11.607 11.579 11.520    0.033 0.033 0.035 0.037 0.038  A 79198
   2952.79154 11.678 11.701 11.636 11.612 11.589    0.032 0.033 0.034 0.040 0.045  A 79745
   2955.81513 99.999 99.999 99.999 99.999 99.999    0.026 0.024 0.026 0.031 0.036  C 80158
   2958.81219 11.316 11.324 11.264 11.244 11.211    0.028 0.028 0.028 0.034 0.039  A 80593
   2961.83738 11.762 11.753 11.756 11.725 11.691    0.029 0.028 0.028 0.033 0.038  A 80998
   2964.81137 11.757 11.815 11.724 11.688 11.619    0.028 0.029 0.027 0.031 0.036  A 81416
   2967.80825 11.772 11.776 11.731 11.673 11.618    0.024 0.026 0.024 0.029 0.033  A 81837
   2971.77481 11.338 11.394 11.329 11.317 11.264    0.025 0.024 0.025 0.028 0.032  A 82301
   2976.81793 11.321 11.333 11.281 11.228 11.187    0.027 0.036 0.028 0.032 0.037  A 82926
   2978.80983 11.369 11.362 11.350 11.330 11.298    0.025 0.027 0.025 0.030 0.034  A 83196
   2981.76676 11.538 11.550 11.519 11.484 11.437    0.029 0.028 0.031 0.037 0.043  A 83563
   2984.77785 11.303 11.330 11.284 11.255 11.217    0.028 0.027 0.029 0.036 0.042  A 83960
   2987.76595 11.300 11.318 11.270 11.238 11.197    0.024 0.026 0.024 0.028 0.032  A 84355
   2990.76055 11.361 11.358 11.318 11.286 11.253    0.027 0.025 0.025 0.029 0.032  A 84691
   2993.75870 11.467 11.481 11.430 11.407 11.384    0.030 0.030 0.029 0.033 0.036  A 85103
   2996.74209 11.623 11.615 11.599 11.587 11.548    0.024 0.026 0.024 0.028 0.033  A 85486
   2998.80678 11.769 11.775 11.710 11.657 11.611    0.034 0.030 0.031 0.036 0.042  A 85787
   3001.79020 11.830 11.839 11.796 11.782 11.715    0.025 0.025 0.023 0.027 0.031  A 86047
   3006.71447 11.350 11.362 11.313 11.272 11.245    0.025 0.026 0.025 0.030 0.035  A 86617
   3008.74611 11.326 11.338 11.301 11.281 11.255    0.034 0.033 0.033 0.038 0.041  A 86885
   3010.76585 11.313 11.328 11.276 11.241 11.186    0.028 0.026 0.027 0.031 0.036  A 87160
   3013.69457 11.728 11.741 11.715 11.686 11.643    0.027 0.025 0.027 0.031 0.036  A 87535
   3016.74799 11.347 11.396 11.327 11.299 11.236    0.028 0.028 0.026 0.031 0.034  A 87786
   3023.74484 11.419 11.445 11.380 11.344 11.275    0.037 0.040 0.036 0.043 0.051  A 88336
   3030.75605 11.738 11.798 11.747 11.738 11.695    0.026 0.025 0.026 0.031 0.035  A 88772
   3033.64430 11.361 11.352 11.343 11.326 11.284    0.025 0.026 0.026 0.030 0.034  A 89028
   3035.70450 11.410 11.436 11.387 11.356 11.305    0.027 0.028 0.027 0.032 0.037  A 89275
   3039.71027 11.464 11.476 11.430 11.378 11.328    0.030 0.034 0.032 0.039 0.045  A 89552
   3042.70155 11.340 11.349 11.289 11.254 11.224    0.030 0.032 0.030 0.036 0.042  A 89818
   3044.72548 11.382 11.414 11.368 11.352 11.312    0.027 0.027 0.026 0.031 0.036  A 90087
   3047.67075 11.616 11.641 11.560 11.516 11.473    0.026 0.027 0.027 0.033 0.037  A 90476
   3050.64640 11.592 11.598 11.574 11.551 11.523    0.026 0.024 0.023 0.026 0.029  A 90865
   3052.78528 11.607 11.620 11.582 11.578 11.541    0.026 0.026 0.026 0.030 0.035  A 91184
   3057.64398 11.530 11.526 11.481 11.439 11.391    0.025 0.026 0.025 0.030 0.034  A 91821
   3059.68870 11.726 11.764 11.689 11.644 11.588    0.025 0.026 0.026 0.031 0.034  A 92099
   3061.71660 11.557 11.536 11.536 11.504 11.457    0.027 0.029 0.028 0.032 0.037  A 92384
   3066.80435 11.354 11.385 11.345 11.324 11.268    0.028 0.029 0.027 0.032 0.037  A 92957
   3066.84984 11.404 11.397 11.381 11.351 11.306    0.029 0.028 0.030 0.034 0.040  A 92974
   3068.70880 11.332 11.351 11.299 11.279 11.237    0.029 0.029 0.030 0.035 0.041  A 93218
   3070.73447 11.306 11.304 11.285 11.255 11.188    0.029 0.032 0.031 0.037 0.043  A 93513
   3072.81985 11.488 11.515 11.460 11.410 11.380    0.040 0.037 0.043 0.052 0.060  A 93796
   3075.59453 11.350 11.370 11.337 11.310 11.258    0.025 0.025 0.025 0.029 0.032  A 94123
   3077.63454 11.339 11.348 11.303 11.290 11.264    0.032 0.031 0.034 0.038 0.042  A 94420
   3079.63336 11.381 11.443 11.364 11.342 11.308    0.037 0.036 0.040 0.048 0.056  A 94709
   3081.63432 11.858 11.867 11.830 11.797 11.732    0.026 0.026 0.025 0.030 0.035  A 95005
   3085.63809 11.673 11.642 11.662 11.619 11.503    0.029 0.030 0.032 0.040 0.046  A 95296
   3087.63401 11.351 11.378 11.304 11.272 11.252    0.048 0.047 0.052 0.061 0.071  B 95607
   3089.67202 11.361 11.346 11.327 11.305 11.281    0.032 0.033 0.033 0.039 0.044  A 95922
   3091.65330 11.700 11.776 11.678 11.648 11.558    0.028 0.033 0.028 0.034 0.039  A 96225
   3093.63521 11.362 11.385 11.349 11.314 11.250    0.036 0.032 0.036 0.041 0.046  A 96525
   3097.63572 11.365 11.400 11.351 11.332 11.284    0.029 0.031 0.030 0.036 0.041  A 96810
   3099.68698 11.296 11.259 11.319 11.313 11.271    0.095 0.082 0.113 0.142 0.173  D 97136
   3101.70929 11.371 11.407 11.353 11.332 11.294    0.030 0.031 0.033 0.041 0.047  A 97453
   3103.70777 11.799 11.857 11.774 11.739 11.666    0.030 0.030 0.033 0.039 0.045  A 97768
   3105.69308 11.438 11.471 11.402 11.363 11.312    0.030 0.030 0.032 0.039 0.044  A 98083
   3107.69690 11.328 11.326 11.294 11.261 11.213    0.028 0.028 0.028 0.033 0.038  A 98399
   3109.69301 11.483 11.530 11.473 11.438 11.388    0.028 0.027 0.027 0.032 0.036  A 98710
   3112.50346 11.463 11.478 11.429 11.402 11.352    0.025 0.026 0.025 0.029 0.033  A 99111
   3114.53257 11.442 11.507 11.405 11.385 11.337    0.024 0.026 0.025 0.029 0.034  A 99454
   3116.56630 11.577 11.577 11.551 11.522 11.479    0.036 0.035 0.037 0.044 0.050  A 99793
   3121.52764 11.641 11.665 11.597 11.552 11.480    0.025 0.028 0.026 0.032 0.036  A 100051
   3123.55252 11.522 11.549 11.493 11.462 11.404    0.025 0.028 0.026 0.031 0.034  A 100348
   3125.58381 11.461 11.493 11.422 11.399 11.344    0.027 0.028 0.029 0.035 0.039  A 100695
   3127.61250 11.416 11.445 11.405 11.384 11.380    0.036 0.033 0.041 0.050 0.059  A 101020
   3129.65431 11.398 11.437 11.360 11.323 11.275    0.034 0.033 0.038 0.046 0.054  A 101370
   3131.64400 11.322 11.356 11.282 11.260 11.226    0.032 0.033 0.035 0.042 0.049  A 101653
   3133.64734 11.366 11.402 11.342 11.300 11.250    0.029 0.029 0.030 0.036 0.041  A 101988
   3142.55193 99.999 99.999 99.999 99.999 99.999    0.025 0.026 0.025 0.030 0.034  C 103079
   3145.58213 11.259 11.314 11.249 11.230 11.175    0.028 0.027 0.026 0.031 0.035  A 103396
   3153.49342 11.745 11.725 11.727 11.687 11.627    0.036 0.036 0.039 0.047 0.055  A 103713
   3155.57967 11.308 11.357 11.284 11.231 11.173    0.066 0.062 0.073 0.087 0.099  D 104068
   3159.48511 11.415 11.459 11.403 11.365 11.283    0.033 0.033 0.034 0.041 0.048  A 104523
   3162.52832 11.408 11.411 11.390 11.368 11.317    0.029 0.031 0.029 0.034 0.038  A 104807
   3164.54760 11.405 11.409 11.380 11.353 11.299    0.027 0.027 0.027 0.032 0.037  A 105167
   3167.55111 11.542 11.543 11.495 11.448 11.391    0.026 0.029 0.026 0.031 0.035  A 105551
   3171.50032 11.731 11.739 11.701 11.669 11.622    0.028 0.028 0.028 0.033 0.036  A 106138
   3175.50108 11.372 11.364 11.326 11.284 11.242    0.028 0.030 0.028 0.033 0.038  A 106541
   3177.51423 11.287 11.320 11.280 11.283 11.246    0.028 0.028 0.030 0.034 0.039  A 106863
   3182.49651 11.379 11.403 11.335 11.297 11.240    0.028 0.029 0.031 0.037 0.043  A 107453
   3186.47971 11.413 11.431 11.385 11.358 11.316    0.030 0.030 0.031 0.036 0.042  A 108051
   3374.78651 11.344 11.376 11.327 11.309 11.236    0.041 0.043 0.045 0.050 0.058  A 125429
   3380.82696 11.763 11.812 11.697 11.655 11.614    0.033 0.035 0.036 0.042 0.049  A 125564
   3398.73093 11.338 11.365 11.293 11.263 11.204    0.039 0.038 0.037 0.041 0.044  A 127667
   3403.73297 11.325 11.325 11.290 11.265 11.214    0.032 0.039 0.033 0.038 0.041  A 128285
   3405.73697 11.625 11.624 11.614 11.609 11.572    0.031 0.031 0.030 0.033 0.037  A 128600
   3407.83205 11.341 11.326 11.302 11.267 11.211    0.037 0.046 0.038 0.041 0.045  A 128948
   3410.61837 11.440 11.604 11.386 11.348 11.334    0.059 0.107 0.057 0.062 0.070  D 129341
   3412.67287 11.335 11.341 11.287 11.263 11.240    0.031 0.040 0.032 0.036 0.039  A 129640
   3414.68209 11.357 11.379 11.334 11.318 11.294    0.031 0.034 0.032 0.037 0.040  A 129960
   3416.67889 11.759 11.800 11.708 11.687 11.622    0.035 0.045 0.037 0.044 0.049  A 130283
   3418.69979 11.727 11.778 11.693 11.708 11.649    0.051 0.085 0.051 0.057 0.064  B 130599
   3420.65704 11.366 11.368 11.345 11.306 11.231    0.039 0.046 0.045 0.057 0.068  B 130907
   3422.67624 11.457 11.405 11.452 11.434 11.364    0.036 0.044 0.040 0.050 0.058  A 131223
   3424.68452 11.523 11.535 11.500 11.479 11.416    0.032 0.035 0.034 0.040 0.046  A 131524
   3426.68580 11.814 11.822 11.801 11.791 11.700    0.030 0.037 0.031 0.037 0.042  A 131859
   3430.69825 11.412 11.428 11.384 11.364 11.306    0.034 0.065 0.032 0.038 0.042  A 132214
   3432.69418 99.999 99.999 99.999 99.999 99.999    0.034 0.045 0.033 0.039 0.045  C 132539
   3434.68790 11.755 11.796 11.752 11.731 11.665    0.036 0.049 0.036 0.039 0.042  A 132854
   3438.56324 99.999 99.999 99.999 99.999 99.999    0.032 0.034 0.031 0.035 0.040  C 133163
   3440.67065 11.454 11.447 11.433 11.408 11.381    0.030 0.030 0.028 0.033 0.037  A 133497
   3443.72738 11.563 11.609 11.516 11.482 11.398    0.037 0.060 0.034 0.038 0.043  A 133778
   3445.71485 11.384 11.443 99.999 99.999 99.999    0.048 0.085 0.047 0.052 0.056  C 134131
   3447.71706 11.377 11.421 11.329 11.298 11.239    0.032 0.042 0.031 0.035 0.039  A 134769
   3454.67075 11.345 11.396 11.319 11.289 11.190    0.031 0.035 0.034 0.040 0.046  A 135836
   3456.66584 11.338 11.329 11.297 11.258 11.230    0.036 0.035 0.038 0.042 0.046  A 136187
   3458.65147 11.687 11.654 11.681 11.641 11.575    0.038 0.047 0.034 0.036 0.042  A 136537
   3460.65478 11.735 11.782 11.694 11.653 11.600    0.031 0.032 0.031 0.036 0.042  A 136904
   3462.66190 11.537 11.531 11.506 11.476 11.422    0.042 0.046 0.041 0.044 0.049  A 137178
   3464.69452 11.456 11.452 11.425 11.394 11.348    0.029 0.040 0.029 0.034 0.039  A 137512
   3466.70260 11.285 11.332 11.254 11.226 11.154    0.033 0.043 0.033 0.038 0.042  A 137852
   3469.67683 11.284 11.299 11.257 11.246 11.210    0.027 0.034 0.028 0.033 0.037  A 138264
   3476.59649 11.450 11.510 11.423 11.407 11.332    0.031 0.036 0.033 0.039 0.044  A 139361
   3478.58692 11.331 11.335 11.306 11.275 11.207    0.034 0.052 0.031 0.035 0.039  A 139704
   3480.60921 11.303 11.308 11.291 11.284 11.234    0.031 0.038 0.032 0.038 0.043  A 139993
   3482.61910 11.434 11.501 11.395 11.362 11.330    0.043 0.074 0.040 0.046 0.052  B 140318
   3484.65989 11.417 11.376 11.384 11.358 11.291    0.041 0.046 0.046 0.056 0.066  B 140629
   3489.54813 11.346 11.329 11.310 11.276 11.232    0.033 0.049 0.030 0.035 0.039  A 140920
   3491.56406 11.335 11.366 11.309 11.292 11.262    0.036 0.046 0.037 0.042 0.048  A 141284
   3495.56229 11.789 11.784 11.711 11.654 11.601    0.033 0.039 0.030 0.033 0.037  A 141611
   3497.61966 11.743 11.776 11.713 11.689 11.622    0.030 0.036 0.028 0.033 0.037  A 141909
   3502.62942 11.983 11.942 11.974 11.928 11.861    0.052 0.087 0.053 0.061 0.069  B 142625
   3504.60707 11.459 11.493 11.425 11.403 11.354    0.033 0.043 0.031 0.036 0.039  A 142975
   3509.50064 11.909 11.949 11.869 11.806 11.739    0.042 0.040 0.040 0.044 0.047  A 143379
   3511.61961 11.289 11.308 11.261 11.240 11.208    0.030 0.034 0.032 0.036 0.042  A 143666
   3516.48335 11.349 11.392 11.317 11.296 11.248    0.031 0.036 0.033 0.039 0.044  A 144126
   3520.48647 11.723 11.793 11.715 11.709 11.604    0.060 0.086 0.050 0.052 0.056  D 144619
   3522.51740 11.791 11.852 11.749 11.710 11.640    0.036 0.052 0.038 0.045 0.052  A 144981
   3524.55559 11.764 11.839 11.752 11.732 11.766    0.064 0.098 0.067 0.078 0.085  D 145311
   3527.50469 11.790 11.863 11.763 11.747 11.682    0.045 0.053 0.047 0.055 0.062  A 145793
   3529.50793 11.418 11.441 11.391 11.363 11.302    0.034 0.045 0.035 0.039 0.042  A 146149
   3538.51316 11.434 11.464 11.396 11.346 11.284    0.033 0.032 0.034 0.042 0.050  A 146800
   3542.47911 11.391 11.373 11.396 11.394 11.358    0.033 0.033 0.037 0.045 0.052  A 147373
   3544.52992 11.413 11.450 11.395 11.369 11.305    0.035 0.041 0.038 0.046 0.052  A 147689
   3554.47962 11.458 11.466 11.422 11.385 11.338    0.028 0.029 0.028 0.033 0.038  A 148703
   3558.46973 11.426 11.464 11.393 11.352 11.314    0.030 0.037 0.031 0.036 0.040  A 149174
   3561.45977 11.533 11.550 11.517 11.480 11.434    0.030 0.035 0.032 0.036 0.041  A 149686
   3565.46465 11.347 11.375 11.314 11.260 11.180    0.086 0.085 0.096 0.110 0.127  D 150375
   3630.85283 11.785 11.819 11.740 11.694 11.636    0.040 0.043 0.043 0.052 0.060  A 158862
   3630.87936 11.582 11.622 11.544 11.511 11.449    0.045 0.058 0.046 0.054 0.061  A 158872
   3714.77389 11.792 11.797 11.748 11.705 11.577    0.036 0.063 0.034 0.038 0.042  A 169741
   3717.77446 11.454 11.519 11.422 11.430 11.393    0.040 0.065 0.038 0.044 0.049  A 170127
   3720.76284 11.455 11.518 11.423 11.417 11.393    0.047 0.063 0.041 0.042 0.047  A 170480
   3730.75257 11.864 11.854 11.869 11.860 11.816    0.035 0.043 0.036 0.040 0.046  A 171589
   3733.79066 11.330 11.327 11.287 11.261 11.224    0.034 0.044 0.029 0.033 0.037  A 171988
   3739.70775 11.436 11.408 11.417 11.383 11.336    0.031 0.040 0.030 0.035 0.041  A 172792
   3742.70037 11.329 11.311 11.320 11.297 11.247    0.031 0.047 0.030 0.034 0.038  A 173165
   3745.69400 11.331 11.421 11.286 11.274 11.218    0.039 0.067 0.037 0.042 0.047  B 173569
   3747.75864 11.419 11.369 11.352 11.327 11.286    0.035 0.047 0.036 0.044 0.051  A 173855
   3750.68124 11.369 11.314 11.367 11.352 11.307    0.033 0.038 0.035 0.043 0.049  A 174255
   3752.80141 11.828 11.863 11.774 11.753 11.700    0.034 0.038 0.035 0.041 0.048  A 174572
   3755.68395 11.353 11.388 11.330 11.302 11.255    0.034 0.039 0.035 0.040 0.045  A 174935
   3759.78921 11.344 11.332 11.310 11.292 11.255    0.035 0.037 0.035 0.040 0.046  A 175533
   3762.69126 11.735 11.723 11.739 11.741 11.644    0.039 0.058 0.040 0.046 0.051  A 175893
   3765.65097 11.770 11.802 11.719 11.667 11.589    0.041 0.072 0.037 0.041 0.045  B 176299
   3768.64036 11.695 11.681 11.678 11.636 11.560    0.034 0.049 0.033 0.038 0.042  A 176714
   3770.70953 11.385 11.441 11.375 11.356 11.281    0.033 0.035 0.035 0.040 0.044  A 176997
   3773.62562 11.745 11.757 99.999 99.999 99.999    0.039 0.055 0.041 0.050 0.058  C 177354
   3775.67532 11.761 11.823 11.682 11.616 99.999    0.036 0.040 0.040 0.048 0.056  C 177657
   3779.73261 11.757 11.762 11.668 11.587 11.509    0.043 0.053 0.046 0.058 0.067  B 178284
   3787.64599 11.373 11.398 11.356 11.354 11.302    0.033 0.038 0.034 0.038 0.043  A 178842
   3789.70319 11.366 11.421 11.322 11.293 11.227    0.033 0.043 0.035 0.041 0.046  A 179134
   3794.61903 11.784 11.836 11.709 11.654 11.611    0.034 0.034 0.034 0.041 0.047  A 179832
   3796.64773 11.852 11.907 11.805 11.793 11.735    0.030 0.036 0.028 0.033 0.037  A 180124
   3798.70770 99.999 99.999 99.999 99.999 99.999    0.040 0.058 0.038 0.043 0.048  C 180420
   3800.68881 11.627 11.656 11.594 11.579 11.576    0.039 0.046 0.041 0.047 0.052  A 180686
   3803.61901 11.350 11.334 11.319 11.282 11.231    0.038 0.041 0.041 0.048 0.056  A 181020
   3805.64258 11.374 11.418 11.352 11.345 11.299    0.033 0.035 0.035 0.042 0.049  A 181317
   3808.65404 11.442 11.475 11.416 11.390 11.331    0.034 0.034 0.039 0.048 0.056  A 181665
   3810.65760 11.328 11.346 11.299 11.269 11.233    0.034 0.037 0.035 0.042 0.048  A 181988
   3812.66114 11.394 11.436 11.350 11.319 11.291    0.033 0.039 0.037 0.044 0.050  A 182310
   3814.66066 11.908 11.958 99.999 99.999 99.999    0.039 0.055 0.042 0.051 0.059  C 182625
   3816.69265 11.746 11.786 11.674 11.624 11.568    0.049 0.076 0.039 0.043 0.048  B 182950
   3818.71890 11.855 11.885 11.832 11.815 11.739    0.033 0.040 0.035 0.041 0.045  A 183282
   3823.57897 11.854 11.886 11.823 11.799 11.757    0.038 0.040 0.040 0.046 0.052  A 184044
   3825.60933 11.809 11.827 11.713 11.596 11.469    0.038 0.038 0.046 0.059 0.070  B 184390
   3827.65052 11.906 11.894 11.871 11.835 11.760    0.034 0.042 0.034 0.039 0.046  A 184746
   3829.72686 11.405 11.460 11.375 11.353 11.289    0.030 0.036 0.032 0.036 0.041  A 185104
   3831.69614 11.624 11.665 11.569 11.510 11.459    0.038 0.046 0.040 0.046 0.052  A 185438
   3833.69128 11.398 11.443 11.373 11.335 11.245    0.040 0.042 0.044 0.054 0.063  B 185787
   3835.68074 11.396 11.415 11.398 11.405 11.354    0.047 0.060 0.047 0.056 0.066  B 186129
   3837.71818 11.431 11.383 11.395 11.374 11.318    0.041 0.054 0.043 0.051 0.059  A 186473
   3847.56799 11.518 11.562 11.472 11.429 11.379    0.043 0.040 0.045 0.053 0.061  A 186743
   3849.61822 11.425 11.455 11.397 11.362 11.293    0.030 0.032 0.030 0.034 0.038  A 187086
   3851.62092 11.611 11.646 11.584 11.569 11.497    0.030 0.033 0.031 0.035 0.039  A 187432
   3853.63137 11.915 11.962 11.891 11.838 11.716    0.029 0.034 0.029 0.034 0.038  A 187784
   3856.53818 11.295 11.314 11.273 11.247 11.170    0.032 0.048 0.033 0.038 0.042  A 188201
   3860.64990 12.338 12.589 12.122 12.025 11.959    0.033 0.040 0.033 0.038 0.043  A 188834
   3862.58855 11.535 11.497 11.498 11.456 11.380    0.038 0.060 0.034 0.039 0.043  A 189184
   3864.61406 12.146 12.212 12.058 12.020 11.960    0.038 0.064 0.036 0.042 0.047  A 189528
   3866.62617 11.705 11.762 11.652 11.578 11.532    0.035 0.038 0.036 0.043 0.048  A 189886
   3869.53419 11.361 11.379 11.337 11.298 11.255    0.035 0.038 0.039 0.048 0.054  A 190333
   3871.53646 11.419 11.444 11.384 11.370 11.336    0.031 0.037 0.032 0.037 0.041  A 190704
   3875.53820 11.778 11.789 11.749 11.709 11.654    0.028 0.032 0.030 0.035 0.039  A 191143
   3877.57023 11.752 11.744 11.740 11.716 11.650    0.032 0.037 0.031 0.035 0.039  A 191474
   3881.53072 11.568 11.628 11.519 11.469 11.389    0.032 0.054 0.032 0.037 0.042  A 191956
   3886.46825 11.385 11.406 11.356 11.329 11.278    0.028 0.030 0.027 0.032 0.036  A 192412
   3890.51009 11.412 11.382 11.386 11.356 11.313    0.030 0.036 0.029 0.035 0.040  A 193135
   3892.52635 11.335 11.419 11.292 11.263 11.203    0.035 0.049 0.032 0.038 0.043  A 193488
   3896.52657 11.726 11.784 11.675 11.596 11.468    0.039 0.038 0.037 0.045 0.053  A 193996
   3898.55648 11.851 11.884 11.823 11.840 11.773    0.035 0.041 0.038 0.045 0.053  A 194326
   3901.50418 11.486 11.501 11.470 11.437 11.377    0.032 0.048 0.033 0.039 0.043  A 194796
   3903.52731 11.398 11.423 11.348 11.315 11.273    0.030 0.038 0.030 0.035 0.039  A 195184
   3905.52792 11.356 11.373 11.346 11.343 11.277    0.031 0.047 0.033 0.039 0.043  A 195561
   3908.47577 11.440 11.486 11.419 11.392 11.307    0.030 0.039 0.030 0.036 0.040  A 196123
   4127.65520 11.465 11.496 11.410 11.350 11.300    0.034 0.041 0.032 0.035 0.039  A 211804
   4129.70424 11.340 11.334 11.331 11.320 11.279    0.044 0.070 0.041 0.046 0.052  B 212087
   4131.74544 11.333 11.407 11.311 11.290 11.216    0.033 0.041 0.033 0.037 0.042  A 212354
   4133.76287 11.433 11.477 11.414 11.383 11.288    0.037 0.054 0.038 0.045 0.051  A 212628
   4146.70933 11.847 11.847 11.841 11.830 11.764    0.035 0.054 0.035 0.040 0.045  A 214437
   4152.58386 11.319 11.370 11.293 11.264 11.203    0.031 0.034 0.029 0.032 0.036  A 215098
   4154.64341 11.326 11.354 11.288 11.262 11.204    0.030 0.044 0.030 0.035 0.040  A 215418
   4156.65377 11.416 11.461 11.395 11.392 11.355    0.037 0.066 0.035 0.040 0.043  A 215719
   4158.66611 11.407 11.421 11.375 11.351 11.307    0.033 0.052 0.032 0.038 0.043  A 216001
   4160.68518 11.502 11.518 11.482 11.454 11.384    0.029 0.032 0.029 0.035 0.040  A 216319
   4162.68897 11.773 11.826 11.732 11.716 11.668    0.035 0.053 0.035 0.043 0.048  A 216644
   4164.71467 11.742 11.849 11.732 11.727 11.630    0.058 0.092 0.056 0.063 0.069  D 216930
   4188.55807 11.397 11.376 11.379 11.366 11.304    0.031 0.032 0.028 0.033 0.038  A 219912
   4190.54682 11.834 11.895 11.733 11.612 11.513    0.034 0.038 0.032 0.038 0.045  A 220206
   4192.55628 11.430 11.436 11.398 11.379 11.340    0.033 0.038 0.031 0.037 0.042  A 220533
   4194.60820 11.625 11.648 11.597 11.585 11.553    0.032 0.040 0.032 0.037 0.042  A 220863
   4197.59241 11.739 11.808 11.699 11.656 11.570    0.032 0.035 0.032 0.038 0.043  A 221184
   4199.64370 11.670 11.703 11.620 11.576 11.534    0.060 0.072 0.067 0.083 0.096  D 221384
   4202.70580 11.323 11.374 11.291 11.288 11.232    0.044 0.067 0.043 0.049 0.054  B 221652
   4205.54341 11.391 11.417 11.372 11.337 11.256    0.035 0.037 0.035 0.040 0.046  A 222078
   4208.66000 11.438 11.461 11.395 11.356 11.299    0.051 0.060 0.057 0.070 0.082  D 222343
   4213.56116 11.668 11.708 11.601 11.506 11.416    0.037 0.044 0.039 0.046 0.054  A 222558
   4216.60923 11.290 11.294 11.270 11.250 11.209    0.042 0.053 0.035 0.039 0.044  A 222857
   4226.58827 11.619 11.580 11.566 11.469 11.348    0.066 0.064 0.074 0.091 0.107  D 222993
   4253.48213 11.761 11.753 11.727 11.688 11.622    0.038 0.039 0.032 0.037 0.041  A 226792
   4255.58050 11.408 11.409 11.384 11.362 11.328    0.035 0.042 0.036 0.043 0.050  A 227054
   4267.49838 11.156 11.206 11.176 11.155 11.150    0.049 0.048 0.051 0.064 0.077  D 227801
   4269.52940 11.330 11.388 11.304 11.286 11.242    0.033 0.036 0.031 0.035 0.040  A 228117
   4274.46910 11.695 11.750 11.637 11.567 11.492    0.036 0.040 0.030 0.033 0.038  A 228631
   4277.50580 11.372 11.381 11.331 11.312 11.290    0.047 0.048 0.035 0.040 0.045  A 228959
   4281.50864 11.912 11.831 11.837 11.769 11.670    0.040 0.057 0.043 0.051 0.060  A 229286
   4284.49593 11.821 11.851 11.775 11.731 11.677    0.035 0.047 0.034 0.039 0.044  A 229757
   4289.47804 11.572 11.589 11.517 11.456 11.412    0.035 0.039 0.032 0.038 0.043  A 230284
   4292.47524 11.846 11.832 11.794 11.749 11.708    0.040 0.044 0.033 0.037 0.040  A 230815
   4295.46365 11.843 11.883 11.804 11.748 11.689    0.032 0.035 0.029 0.034 0.037  A 231331
   4300.45831 11.699 11.756 11.672 11.654 11.584    0.036 0.044 0.038 0.044 0.049  A 232225
   4392.83820 29.999 29.999 29.999 29.999 29.999    0.049 0.076 0.045 0.049 0.053  C 244574
   4425.83998 11.463 11.513 11.427 11.382 11.354    0.033 0.042 0.031 0.035 0.039  A 246896
   4457.74374 29.999 29.999 29.999 29.999 29.999    0.035 0.039 0.037 0.043 0.049  C 250595
   4460.74184 11.397 11.397 11.327 11.245 11.138    0.053 0.055 0.057 0.071 0.083  D 250938
   4466.72346 11.754 11.826 11.700 11.630 11.565    0.035 0.043 0.034 0.038 0.044  A 251672
   4472.78568 11.339 11.381 11.300 11.258 11.188    0.045 0.045 0.051 0.063 0.073  D 252275
   4481.74514 11.655 11.687 11.624 11.650 11.733    0.061 0.055 0.074 0.094 0.111  D 253248
   4497.69191 11.445 11.484 11.447 11.440 11.393    0.038 0.042 0.039 0.045 0.050  A 254780
   4507.63278 11.466 11.468 11.463 11.442 11.389    0.040 0.046 0.042 0.049 0.057  A 256139
   4509.72516 11.333 11.363 11.339 11.319 11.239    0.038 0.051 0.038 0.045 0.052  A 256450
   4517.71662 11.358 11.373 11.328 11.301 11.256    0.036 0.044 0.035 0.040 0.046  A 257290
   4519.74107 11.344 11.385 11.326 11.313 11.234    0.036 0.037 0.038 0.046 0.051  A 257606
   4521.75550 11.363 11.413 11.312 11.264 11.208    0.036 0.044 0.033 0.038 0.043  A 257885
   4526.59824 11.409 11.455 11.389 11.341 11.296    0.044 0.047 0.043 0.048 0.053  A 258565
   4528.66136 11.300 11.333 11.302 11.283 11.233    0.038 0.041 0.039 0.044 0.048  A 258890
   4533.60688 11.609 11.649 11.564 11.566 11.533    0.040 0.038 0.039 0.045 0.051  A 259615
   4536.66731 11.437 11.466 11.421 11.379 11.328    0.030 0.033 0.028 0.033 0.036  A 259941
   4542.66973 11.873 11.893 11.868 11.841 11.727    0.039 0.040 0.042 0.051 0.060  A 260840
   4546.70384 11.501 11.544 11.442 11.397 11.326    0.041 0.055 0.041 0.049 0.056  A 261460
   4553.68129 11.394 11.397 11.348 11.290 11.204    0.065 0.068 0.072 0.083 0.095  D 262409
   4560.56855 11.421 11.424 11.349 11.326 11.291    0.036 0.040 0.031 0.035 0.039  A 263500
   4562.61602 11.299 11.313 11.239 11.200 11.155    0.034 0.040 0.035 0.042 0.048  A 263855
   4570.68065 11.773 11.811 11.749 11.741 11.686    0.034 0.037 0.031 0.037 0.041  A 265180
   4572.61851 11.466 11.507 11.445 11.413 11.348    0.038 0.040 0.037 0.045 0.052  A 265506
   4574.63044 11.566 11.604 11.539 11.511 11.445    0.038 0.046 0.039 0.047 0.055  A 265835
#ndata= 5
#dataset= 2 ; 1 F0936-56_072
#desig= 085850-5241.0
#cra=    8.980614  08:58:50.2
#cdec= -52.682989 -52:40:58.8
#class= 0
#cmag_0= 11.581
#cmer_0=  0.185
#nskip_0= 0
#cmag_1= 11.502
#cmer_1=  0.189
#nskip_1= 0
#cmag_2= 11.497
#cmer_2=  0.170
#nskip_2= 0
#cmag_3= 11.475
#cmer_3=  0.165
#nskip_3= 0
#cmag_4= 11.432
#cmer_4=  0.160
#nskip_4= 0
#ra=    8.980614  08:58:50.2
#dec= -52.682989 -52:40:58.8
#     HJD      MAG_1  MAG_0  MAG_2  MAG_3  MAG_4    MER_1 MER_0 MER_2 MER_3 MER_4 GRADE FRAME
   2685.69592 11.704 11.754 11.658 11.608 11.542    0.036 0.036 0.038 0.045 0.051  A 40202
   2719.70853 11.284 11.348 11.270 11.242 11.162    0.034 0.037 0.034 0.039 0.044  A 46127
   2724.66588 11.818 11.872 11.766 11.740 11.677    0.032 0.035 0.032 0.036 0.040  A 47073
   2956.81940 11.539 11.636 11.546 11.520 11.486    0.033 0.033 0.032 0.038 0.044  A 80311
   2994.78425 11.307 11.381 11.313 11.299 11.255    0.039 0.039 0.040 0.046 0.052  A 85240
#ndata= 276
#dataset= 3 ; 1 F0900-48_102
#desig= 085850-5241.0
#cra=    8.980604  08:58:50.2
#cdec= -52.683007 -52:40:58.8
#class= 0
#cmag_0= 11.557
#cmer_0=  0.192
#nskip_0= 2
#cmag_1= 11.533
#cmer_1=  0.187
#nskip_1= 2
#cmag_2= 11.486
#cmer_2=  0.183
#nskip_2= 4
#cmag_3= 11.445
#cmer_3=  0.179
#nskip_3= 4
#cmag_4= 11.388
#cmer_4=  0.172
#nskip_4= 3
#ra=    8.980604  08:58:50.2
#dec= -52.683007 -52:40:58.8
#     HJD      MAG_1  MAG_0  MAG_2  MAG_3  MAG_4    MER_1 MER_0 MER_2 MER_3 MER_4 GRADE FRAME
   1889.72433 11.777 11.853 11.735 11.714 11.670    0.032 0.045 0.031 0.038 0.042  A 3102
   1899.75788 11.630 11.651 11.631 11.614 11.512    0.030 0.033 0.025 0.029 0.032  A 3247
   1900.76339 11.366 11.413 11.322 11.285 11.237    0.029 0.034 0.025 0.029 0.033  A 3405
   1952.64652 11.833 11.799 11.775 11.714 11.646    0.035 0.037 0.028 0.032 0.036  A 9589
   1954.64781 11.380 11.405 11.349 11.301 11.247    0.043 0.047 0.036 0.040 0.041  A 9856
   1955.64194 11.809 11.815 11.735 11.674 11.607    0.039 0.043 0.031 0.037 0.036  A 10030
   2172.87720 11.348 11.348 11.320 11.297 11.257    0.035 0.050 0.033 0.038 0.043  A 32893
   2186.86291 11.763 11.788 11.722 11.668 11.568    0.039 0.044 0.034 0.038 0.043  A 34473
   2188.87012 11.374 11.440 11.350 11.319 11.251    0.041 0.048 0.035 0.039 0.043  A 34738
   2190.84461 11.372 11.477 11.353 11.330 11.280    0.040 0.049 0.033 0.037 0.041  A 35031
   2192.83901 11.672 11.714 11.629 11.599 11.529    0.037 0.049 0.032 0.036 0.041  A 35380
   2194.84225 11.788 11.872 11.732 11.699 11.641    0.037 0.046 0.031 0.036 0.040  A 35741
   2196.86491 11.601 11.628 11.542 11.486 11.462    0.036 0.045 0.031 0.034 0.038  A 36060
   2198.84430 11.285 11.282 11.242 11.217 11.153    0.037 0.045 0.031 0.036 0.040  A 36407
   2200.84973 11.445 11.476 11.378 11.314 11.262    0.038 0.045 0.033 0.037 0.041  A 36658
   2206.79018 11.508 11.496 11.469 11.411 11.358    0.040 0.046 0.033 0.037 0.042  A 37555
   2212.80739 11.334 11.359 11.277 11.233 11.208    0.042 0.049 0.036 0.040 0.045  A 37994
   2214.79945 11.315 11.306 11.300 11.253 11.190    0.046 0.053 0.040 0.046 0.048  A 38308
   2216.79098 11.748 11.741 11.667 11.594 11.540    0.046 0.054 0.039 0.044 0.046  A 38639
   2224.79670 11.398 11.444 11.348 11.314 11.251    0.042 0.047 0.035 0.040 0.042  A 39419
   2226.78086 11.768 11.812 11.728 11.696 11.630    0.046 0.052 0.040 0.045 0.046  A 39726
   2228.76830 11.345 11.387 11.298 11.259 11.199    0.048 0.055 0.040 0.046 0.047  B 40039
   2230.76699 11.330 11.350 11.267 11.229 11.177    0.046 0.052 0.039 0.044 0.044  A 40366
   2233.74210 11.286 11.283 11.255 11.214 11.177    0.043 0.049 0.037 0.043 0.045  A 40678
   2234.84988 11.340 11.364 11.295 11.266 11.230    0.051 0.059 0.043 0.049 0.050  B 40881
   2236.76784 11.463 11.423 11.406 11.342 11.294    0.048 0.055 0.039 0.046 0.046  B 41162
   2239.77058 11.753 11.800 11.735 11.717 11.638    0.051 0.058 0.043 0.048 0.049  B 41482
   2241.75730 11.352 11.309 11.293 11.248 11.203    0.045 0.051 0.039 0.045 0.046  A 41793
   2243.73871 11.356 11.432 11.343 11.307 11.273    0.054 0.063 0.046 0.053 0.054  B 42102
   2247.77935 11.792 11.802 11.731 11.676 11.604    0.064 0.077 0.052 0.057 0.059  D 42395
   2249.73993 11.333 11.349 11.314 11.294 11.246    0.051 0.058 0.042 0.048 0.049  B 42740
   2250.79311 11.381 11.365 11.367 11.336 11.273    0.063 0.079 0.049 0.054 0.056  D 42924
   2251.83841 11.671 11.694 11.624 11.552 11.487    0.064 0.076 0.052 0.059 0.062  D 43105
   2252.84108 11.370 11.393 11.343 11.274 11.245    0.064 0.077 0.052 0.059 0.061  D 43267
   2256.72943 11.511 11.550 11.462 11.395 11.370    0.060 0.070 0.049 0.055 0.056  D 43828
   2258.71387 11.590 11.632 11.565 11.532 11.479    0.066 0.080 0.053 0.059 0.061  D 44143
   2260.77514 11.714 11.738 11.666 11.619 11.567    0.069 0.084 0.054 0.057 0.058  D 44300
   3358.76660 11.621 11.651 11.589 11.565 11.485    0.031 0.048 0.029 0.035 0.039  A 124734
   3365.76297 11.646 11.676 11.593 11.547 11.462    0.037 0.052 0.037 0.043 0.050  A 125094
   3374.78651 11.361 11.386 11.332 11.301 11.234    0.045 0.048 0.047 0.052 0.059  A 125429
   3385.69965 11.575 11.607 11.534 11.487 11.417    0.029 0.037 0.028 0.033 0.037  A 126056
   3387.74083 99.999 99.999 99.999 99.999 99.999    0.034 0.036 0.035 0.041 0.047  C 126353
   3390.67473 11.849 11.856 11.793 11.739 11.699    0.034 0.044 0.032 0.037 0.041  A 126734
   3392.75391 11.423 11.420 11.398 11.378 11.336    0.038 0.046 0.036 0.043 0.048  A 126978
   3395.74298 11.385 11.357 11.369 11.342 11.319    0.031 0.042 0.030 0.036 0.042  A 127294
   3397.77703 11.329 11.398 11.295 11.277 11.235    0.030 0.039 0.030 0.036 0.040  A 127550
   3400.66121 11.502 11.454 11.449 11.396 11.342    0.031 0.037 0.031 0.034 0.038  A 127918
   3449.74634 11.465 11.506 11.426 11.377 11.299    0.048 0.058 0.049 0.056 0.063  B 135106
   3452.60340 11.410 11.465 11.350 11.307 11.237    0.048 0.081 0.043 0.048 0.054  B 135477
   3454.67656 11.429 11.434 11.383 11.335 11.285    0.033 0.044 0.034 0.040 0.045  A 135838
   3456.66889 11.372 11.375 11.334 11.319 11.282    0.029 0.031 0.031 0.037 0.041  A 136188
   3458.65790 11.524 11.555 11.483 11.434 11.401    0.030 0.059 0.029 0.033 0.038  A 136539
   3460.65779 11.814 11.877 11.749 11.714 11.641    0.036 0.065 0.034 0.040 0.044  B 136905
   3462.66493 11.507 11.544 11.489 11.475 11.417    0.036 0.056 0.035 0.039 0.043  A 137179
   3464.69741 11.483 11.536 11.445 11.406 11.354    0.027 0.036 0.027 0.032 0.034  A 137513
   3467.71378 11.770 11.762 11.718 11.650 11.585    0.030 0.037 0.029 0.034 0.038  A 137950
   3470.50217 29.999 29.999 29.999 29.999 29.999    0.028 0.037 0.026 0.030 0.035  C 138359
   3472.53880 11.668 11.730 11.608 11.567 11.508    0.029 0.034 0.028 0.032 0.036  A 138680
   3476.65529 11.649 11.682 11.632 11.600 11.542    0.034 0.046 0.035 0.042 0.047  A 139380
   3478.64272 11.614 11.648 11.589 11.564 11.465    0.044 0.069 0.039 0.043 0.047  B 139722
   3480.63809 11.399 11.381 11.337 11.290 11.270    0.040 0.055 0.038 0.043 0.047  A 140003
   3482.64561 11.257 11.280 11.199 11.175 11.140    0.040 0.058 0.037 0.042 0.047  A 140327
   3484.68522 11.378 11.378 11.311 11.240 11.182    0.050 0.059 0.055 0.069 0.081  D 140637
   3489.63637 11.810 11.775 11.722 11.643 11.565    0.031 0.041 0.029 0.032 0.036  A 140951
   3491.64721 11.825 11.817 11.770 11.735 11.661    0.034 0.048 0.036 0.042 0.047  A 141313
   3495.63996 11.355 11.409 11.344 11.315 11.238    0.027 0.030 0.025 0.029 0.032  A 141638
   3499.54903 29.999 29.999 29.999 29.999 29.999    0.035 0.056 0.033 0.038 0.043  C 142089
   3501.55942 11.432 11.460 11.422 11.390 11.330    0.041 0.075 0.035 0.038 0.042  B 142425
   3503.62162 11.368 11.387 11.324 11.273 11.240    0.039 0.065 0.033 0.038 0.043  B 142802
   3509.58369 11.328 11.366 11.294 11.276 11.212    0.030 0.032 0.027 0.031 0.034  A 143405
   3512.59864 11.412 11.432 11.394 11.361 11.297    0.031 0.038 0.030 0.035 0.041  A 143849
   3516.59898 11.510 11.556 11.459 11.408 11.371    0.034 0.045 0.032 0.038 0.043  A 144165
   3520.57068 11.329 11.339 11.291 11.263 11.236    0.031 0.042 0.032 0.037 0.041  A 144649
   3522.58664 11.313 11.346 11.290 11.269 11.181    0.058 0.098 0.059 0.069 0.076  D 145004
   3525.52299 11.588 11.545 11.561 11.533 11.499    0.030 0.049 0.028 0.033 0.036  A 145458
   3529.54677 11.978 11.980 11.941 11.910 11.841    0.030 0.035 0.029 0.032 0.036  A 146163
   3539.52321 11.427 11.442 11.386 11.350 11.289    0.028 0.032 0.032 0.038 0.045  A 146997
   3543.50417 11.669 11.727 11.611 11.539 11.452    0.033 0.034 0.034 0.039 0.045  A 147511
   3547.50128 11.475 11.478 11.428 11.373 11.298    0.029 0.034 0.027 0.031 0.034  A 147987
   3556.47374 11.881 12.001 11.820 11.795 11.711    0.033 0.046 0.028 0.032 0.035  A 149019
   3563.46025 11.340 11.352 11.314 11.277 11.211    0.026 0.036 0.026 0.031 0.036  A 150025
   3641.89240 11.430 11.441 11.386 11.366 11.321    0.031 0.037 0.029 0.033 0.037  A 160261
   3651.85839 11.491 11.551 11.427 11.351 11.260    0.037 0.041 0.039 0.047 0.054  A 161525
   3655.85010 11.539 11.544 11.491 11.450 11.397    0.026 0.035 0.028 0.032 0.036  A 162096
   3658.87637 11.812 11.786 11.699 11.584 11.500    0.036 0.049 0.034 0.041 0.047  A 162558
   3662.85514 11.356 11.352 11.326 11.293 11.258    0.035 0.045 0.039 0.047 0.055  A 163141
   3666.83995 11.968 12.006 11.922 11.866 11.801    0.035 0.046 0.037 0.044 0.050  A 163723
   3670.83681 11.363 11.458 11.346 11.312 11.244    0.031 0.036 0.028 0.033 0.037  A 164181
   3674.81495 99.999 99.999 99.999 99.999 99.999    0.027 0.039 0.028 0.033 0.037  C 164747
   3678.84642 11.372 11.308 11.309 11.264 11.217    0.038 0.072 0.033 0.037 0.041  B 165243
   3701.78533 11.813 11.776 11.744 11.711 11.646    0.042 0.046 0.044 0.052 0.059  A 168227
   3705.77738 11.362 11.322 11.322 11.300 11.272    0.037 0.054 0.037 0.043 0.049  A 168754
   3712.83217 11.414 11.434 11.344 11.309 11.262    0.030 0.039 0.027 0.032 0.036  A 169471
   3715.80437 11.404 11.487 11.347 11.330 11.306    0.047 0.080 0.043 0.046 0.049  B 169881
   3718.79090 11.405 11.435 11.327 11.271 11.238    0.036 0.039 0.039 0.045 0.053  A 170252
   3721.77934 11.542 11.573 11.512 11.485 11.412    0.030 0.037 0.030 0.036 0.041  A 170612
   3724.79825 11.786 11.763 11.777 11.762 11.696    0.039 0.061 0.035 0.040 0.045  A 170921
   3727.76473 11.893 11.851 11.791 11.683 11.591    0.029 0.035 0.031 0.038 0.043  A 171319
   3731.76897 11.436 11.450 11.381 11.329 11.281    0.033 0.036 0.033 0.038 0.043  A 171730
   3734.76969 11.513 11.549 11.458 11.420 11.351    0.040 0.042 0.044 0.055 0.065  B 172117
   3737.74458 11.525 11.563 11.473 11.430 11.363    0.027 0.031 0.027 0.030 0.035  A 172525
   3740.71651 11.623 11.655 11.569 11.515 11.475    0.043 0.072 0.036 0.039 0.042  B 172935
   3743.72238 11.849 11.926 11.806 11.773 11.689    0.030 0.037 0.029 0.034 0.039  A 173308
   3745.80749 11.387 11.424 11.355 11.315 11.231    0.028 0.033 0.029 0.033 0.038  A 173607
   3748.70958 11.645 11.618 11.562 11.469 11.390    0.033 0.038 0.035 0.041 0.047  A 173979
   3751.69356 11.763 11.781 11.727 11.678 11.579    0.033 0.038 0.035 0.043 0.050  A 174396
   3753.78984 11.400 11.411 11.348 11.293 11.214    0.037 0.049 0.035 0.042 0.049  A 174699
   3756.67479 11.400 11.466 11.325 11.296 11.253    0.039 0.053 0.039 0.047 0.055  A 175071
   3758.73939 11.633 11.720 11.600 11.569 11.504    0.028 0.033 0.027 0.032 0.036  A 175376
   3760.88098 11.419 11.475 11.388 11.365 11.285    0.041 0.058 0.039 0.045 0.049  A 175699
   3763.66699 11.404 11.408 11.356 11.302 11.248    0.032 0.040 0.034 0.040 0.046  A 176025
   3765.79411 11.919 11.990 11.870 11.839 11.742    0.040 0.075 0.035 0.039 0.043  B 176345
   3768.65702 11.936 12.025 11.904 11.890 11.858    0.029 0.036 0.030 0.035 0.039  A 176719
   3770.76906 11.493 11.478 11.458 11.437 11.385    0.050 0.062 0.051 0.060 0.068  B 177016
   3773.63881 11.864 11.921 11.793 11.747 11.680    0.032 0.035 0.035 0.044 0.051  A 177358
   3775.68834 11.644 11.646 11.563 11.496 11.435    0.030 0.034 0.033 0.041 0.047  A 177661
   3779.76299 11.635 11.683 11.591 11.537 11.419    0.043 0.062 0.044 0.053 0.059  A 178294
   3783.63491 11.756 11.802 11.720 11.684 11.633    0.038 0.046 0.042 0.052 0.062  B 178669
   3788.64683 11.751 11.737 11.713 11.639 11.574    0.039 0.062 0.036 0.041 0.045  A 178979
   3790.70316 11.824 11.838 11.770 11.718 11.668    0.036 0.063 0.034 0.041 0.047  B 179269
   3792.76571 11.477 11.475 11.419 11.358 11.297    0.035 0.043 0.036 0.043 0.049  A 179596
   3795.58764 11.476 11.552 11.417 11.352 11.294    0.034 0.054 0.031 0.036 0.041  A 179960
   3797.63756 11.465 11.466 11.425 11.398 11.358    0.036 0.053 0.034 0.038 0.044  A 180257
   3799.70463 11.416 11.393 11.357 11.319 11.295    0.033 0.056 0.032 0.037 0.042  A 180559
   3802.60706 11.882 11.856 11.790 11.724 11.662    0.039 0.059 0.040 0.048 0.054  A 180884
   3806.67425 11.892 11.872 11.822 11.727 11.655    0.038 0.058 0.037 0.043 0.049  A 181480
   3808.79241 11.425 11.508 11.381 11.351 11.276    0.043 0.063 0.041 0.049 0.056  B 181711
   3811.53604 11.763 11.849 11.654 11.594 11.528    0.036 0.048 0.036 0.044 0.050  A 182100
   3813.58611 29.999 29.999 29.999 29.999 29.999    0.037 0.052 0.037 0.044 0.050  C 182438
   3815.61025 11.692 11.764 11.691 11.666 11.574    0.034 0.053 0.034 0.041 0.045  A 182768
   3817.63724 11.722 11.730 11.676 11.632 11.591    0.034 0.049 0.033 0.037 0.041  A 183091
   3819.65637 11.855 11.896 11.777 11.698 11.668    0.030 0.048 0.033 0.039 0.043  A 183422
   3821.70969 11.793 11.798 11.752 11.713 11.660    0.040 0.059 0.039 0.045 0.051  A 183760
   3823.74034 11.945 11.993 11.952 11.965 11.853    0.045 0.070 0.043 0.052 0.059  B 184096
   3825.76284 11.762 11.820 11.669 11.559 11.418    0.042 0.045 0.044 0.054 0.064  B 184441
   3828.53745 11.381 11.426 11.351 11.313 11.216    0.033 0.043 0.032 0.037 0.042  A 184875
   3830.60018 11.678 11.703 11.652 11.619 11.551    0.032 0.048 0.031 0.036 0.040  A 185230
   3832.61495 11.420 11.428 11.380 11.347 11.323    0.035 0.061 0.033 0.039 0.044  A 185590
   3834.60650 29.999 29.999 29.999 29.999 29.999    0.039 0.060 0.036 0.041 0.046  C 185932
   3836.63948 11.362 11.375 11.344 11.304 11.292    0.036 0.038 0.040 0.050 0.057  A 186278
   3848.63565 11.876 11.920 11.841 11.789 11.733    0.046 0.047 0.052 0.063 0.075  D 186912
   3850.65503 11.883 11.849 11.830 11.778 11.715    0.028 0.033 0.028 0.032 0.036  A 187259
   3852.65926 11.519 11.532 11.454 11.386 11.355    0.031 0.047 0.030 0.035 0.039  A 187613
   3854.67715 11.413 11.410 11.396 11.379 11.320    0.029 0.032 0.029 0.034 0.037  A 187985
   3859.66492 11.322 11.358 11.278 11.250 11.186    0.034 0.042 0.035 0.041 0.047  A 188677
   3861.62848 11.729 11.790 11.698 11.662 11.571    0.033 0.046 0.031 0.035 0.040  A 189012
   3863.61452 11.562 11.567 11.500 11.440 11.401    0.033 0.047 0.034 0.038 0.042  A 189350
   3865.63209 11.394 11.424 11.375 11.348 11.297    0.038 0.069 0.035 0.041 0.047  B 189708
   3870.53177 11.737 11.771 11.704 11.664 11.571    0.034 0.061 0.032 0.038 0.042  A 190519
   3872.54894 11.587 11.617 11.529 11.494 11.429    0.035 0.051 0.032 0.035 0.039  A 190899
   3876.55349 11.389 11.322 11.353 11.319 11.278    0.035 0.065 0.031 0.036 0.038  B 191311
   3882.50952 11.414 11.443 11.367 11.334 11.297    0.039 0.060 0.036 0.040 0.042  A 192050
   3886.53682 11.603 11.688 11.543 11.502 11.414    0.033 0.045 0.031 0.035 0.040  A 192436
   3888.55589 12.048 11.978 11.984 11.778 12.006    0.088 0.084 0.102 0.126 0.147  D 192817
   3890.55409 11.588 11.629 11.531 11.485 11.448    0.036 0.051 0.031 0.035 0.038  A 193150
   3892.55722 11.344 11.426 11.329 11.307 11.227    0.035 0.048 0.032 0.039 0.045  A 193499
   3896.56270 11.471 11.520 11.440 11.358 11.239    0.040 0.043 0.037 0.044 0.052  A 194009
   3901.53218 11.825 11.850 11.771 11.721 11.657    0.029 0.035 0.029 0.034 0.037  A 194807
   3906.49968 11.415 11.406 11.354 11.295 11.250    0.027 0.034 0.027 0.032 0.035  A 195744
   3908.51068 11.381 11.415 11.343 11.310 11.246    0.027 0.041 0.028 0.033 0.038  A 196136
   4089.73176 11.809 11.939 11.789 11.780 11.672    0.043 0.056 0.049 0.059 0.067  B 209162
   4103.81025 11.703 11.699 11.667 11.612 11.529    0.035 0.043 0.035 0.042 0.048  A 210651
   4106.71906 11.303 11.346 11.291 11.294 11.277    0.032 0.039 0.034 0.041 0.047  A 210987
   4109.77547 11.804 11.830 11.754 11.687 11.629    0.033 0.040 0.033 0.038 0.042  A 211289
   4125.79923 11.386 11.410 11.323 11.272 11.214    0.033 0.040 0.030 0.033 0.037  A 211591
   4128.65442 11.379 11.477 11.331 11.302 11.287    0.052 0.088 0.046 0.050 0.055  B 211937
   4130.72091 11.594 11.687 11.514 11.419 11.361    0.046 0.079 0.046 0.053 0.059  B 212219
   4132.70661 11.342 11.337 11.309 11.290 11.255    0.030 0.042 0.029 0.035 0.039  A 212470
   4134.74745 11.314 11.339 11.237 11.182 11.143    0.033 0.039 0.033 0.040 0.046  A 212766
   4136.77744 11.308 11.298 11.285 11.248 11.211    0.035 0.040 0.039 0.047 0.054  A 213030
   4145.78075 11.890 11.915 11.879 11.860 11.761    0.031 0.042 0.031 0.036 0.041  A 214311
   4149.66625 11.596 11.583 11.574 11.564 11.530    0.034 0.038 0.037 0.045 0.053  A 214666
   4151.70234 11.547 11.521 11.493 11.446 11.395    0.027 0.032 0.026 0.031 0.035  A 214984
   4153.67804 11.336 11.411 11.300 11.275 11.200    0.029 0.053 0.027 0.032 0.036  A 215290
   4155.69989 11.368 11.442 11.282 11.244 11.201    0.031 0.057 0.030 0.036 0.041  A 215587
   4157.76321 11.284 11.307 11.244 11.199 11.127    0.035 0.043 0.036 0.042 0.048  A 215879
   4159.78975 11.374 11.352 11.327 11.299 11.262    0.030 0.038 0.029 0.035 0.039  A 216197
   4161.72338 11.605 11.599 11.558 11.497 11.431    0.033 0.052 0.035 0.042 0.048  A 216493
   4163.72786 11.338 11.345 11.296 11.258 11.223    0.046 0.076 0.044 0.049 0.053  B 216788
   4165.76352 11.279 11.348 11.244 11.214 11.165    0.039 0.057 0.039 0.045 0.050  A 217082
   4168.77461 11.690 11.687 11.644 11.603 11.536    0.032 0.037 0.031 0.035 0.041  A 217488
   4173.74032 11.302 11.358 11.279 11.270 11.200    0.036 0.046 0.033 0.038 0.044  A 218105
   4178.75944 11.484 11.507 11.465 11.468 11.407    0.051 0.050 0.060 0.076 0.088  D 218731
   4180.77976 11.283 11.293 11.277 11.270 11.243    0.046 0.063 0.048 0.058 0.067  B 219035
   4183.54551 11.473 11.455 11.434 11.395 11.350    0.036 0.049 0.034 0.037 0.041  A 219377
   4185.56662 11.640 11.702 11.581 11.558 11.517    0.033 0.034 0.033 0.038 0.043  A 219668
   4190.69900 12.002 12.025 11.976 11.952 11.883    0.032 0.034 0.031 0.035 0.041  A 220259
   4192.69799 11.360 11.401 11.319 11.268 11.195    0.036 0.042 0.033 0.038 0.043  A 220582
   4194.73934 11.397 11.442 11.353 11.333 11.296    0.038 0.046 0.036 0.042 0.048  A 220910
   4197.73166 11.520 11.567 11.481 11.467 11.410    0.039 0.046 0.042 0.052 0.060  A 221232
   4200.63586 11.363 11.349 11.320 11.280 11.251    0.029 0.037 0.026 0.031 0.035  A 221486
   4203.64521 11.309 11.293 11.275 11.229 11.175    0.036 0.056 0.033 0.037 0.041  A 221784
   4205.65179 11.366 11.368 11.325 11.284 11.234    0.036 0.042 0.037 0.042 0.048  A 222115
   4215.65812 11.492 11.446 11.492 11.470 11.434    0.033 0.037 0.032 0.038 0.044  A 222691
   4227.58996 11.283 11.327 99.999 99.999 99.999    0.034 0.040 0.029 0.032 0.036  C 223141
   4229.59987 11.334 11.381 11.321 11.298 11.250    0.030 0.036 0.026 0.031 0.035  A 223501
   4231.60492 11.517 11.529 11.478 11.450 11.406    0.033 0.038 0.031 0.037 0.041  A 223861
   4233.60675 11.807 11.825 11.747 11.698 11.625    0.030 0.032 0.026 0.030 0.035  A 224208
   4235.60495 11.429 11.455 11.390 11.361 11.309    0.029 0.033 0.027 0.032 0.036  A 224575
   4237.62170 11.384 11.374 11.348 11.284 11.231    0.049 0.055 0.051 0.061 0.071  B 224872
   4246.57488 11.512 11.532 11.470 11.423 11.349    0.041 0.051 0.038 0.043 0.048  A 226198
   4249.58075 11.847 11.856 11.772 11.706 11.659    0.034 0.040 0.031 0.036 0.041  A 226598
   4253.58534 11.373 11.399 11.355 11.323 11.276    0.037 0.039 0.033 0.037 0.041  A 226831
   4256.54377 11.333 11.355 11.308 11.291 11.230    0.031 0.031 0.029 0.033 0.038  A 227219
   4258.55947 11.356 11.438 11.306 11.246 11.200    0.037 0.049 0.030 0.036 0.040  A 227490
   4268.52157 11.662 11.732 11.533 11.445 11.346    0.060 0.059 0.068 0.083 0.100  D 227941
   4276.51446 11.780 11.803 11.719 11.655 11.587    0.034 0.037 0.031 0.037 0.042  A 228815
   4281.48677 11.515 11.512 11.519 11.501 11.446    0.035 0.041 0.037 0.045 0.052  A 229279
   4284.48775 11.810 11.827 11.803 11.803 11.725    0.031 0.047 0.031 0.036 0.041  A 229754
   4286.48509 11.435 11.483 11.388 11.354 11.298    0.034 0.038 0.034 0.041 0.047  A 230118
   4292.45782 11.705 11.785 11.661 11.623 11.521    0.035 0.050 0.029 0.033 0.037  A 230809
   4294.47341 11.362 11.411 11.352 11.328 11.257    0.033 0.035 0.029 0.032 0.037  A 231170
   4297.46017 11.623 11.644 11.599 11.579 11.510    0.038 0.044 0.040 0.050 0.060  A 231682
   4350.91287 11.511 11.569 11.469 11.441 11.362    0.034 0.038 0.036 0.043 0.050  A 238537
   4364.88832 11.401 11.388 11.355 11.318 11.262    0.035 0.037 0.031 0.036 0.041  A 240587
   4368.89457 11.834 11.823 11.758 11.677 11.603    0.041 0.043 0.036 0.042 0.048  A 241071
   4372.88979 11.415 11.393 11.382 11.350 11.293    0.038 0.039 0.041 0.051 0.058  A 241717
   4377.86980 11.377 11.395 11.337 11.292 11.239    0.038 0.047 0.038 0.046 0.053  A 242340
   4381.86848 11.775 11.789 11.714 11.645 11.586    0.040 0.038 0.041 0.047 0.053  A 242952
   4385.86133 11.354 11.417 11.311 11.278 11.233    0.035 0.036 0.030 0.034 0.038  A 243571
   4403.84621 99.999 99.999 99.999 99.999 99.999    0.035 0.039 0.033 0.040 0.046  C 245332
   4408.81391 11.797 11.860 11.748 11.708 11.613    0.042 0.056 0.037 0.042 0.048  A 245782
   4412.83844 11.520 11.570 11.467 11.425 11.367    0.036 0.043 0.033 0.039 0.044  A 246194
   4421.85588 11.439 11.471 11.383 11.330 11.275    0.036 0.041 0.036 0.041 0.047  A 246614
   4425.85929 11.690 11.718 11.638 11.624 11.569    0.036 0.053 0.033 0.036 0.040  A 246902
   4429.79316 11.761 11.746 11.730 11.681 11.618    0.038 0.045 0.036 0.043 0.050  A 247353
   4432.85646 11.405 11.477 11.359 11.318 11.254    0.041 0.057 0.037 0.042 0.048  A 247741
   4435.82911 11.332 11.335 11.282 11.241 11.213    0.035 0.045 0.030 0.035 0.039  A 248092
   4438.85795 11.854 11.902 11.819 11.773 11.691    0.036 0.038 0.037 0.043 0.051  A 248478
   4441.84585 11.892 11.882 11.827 11.757 11.708    0.034 0.035 0.032 0.037 0.043  A 248849
   4452.77798 11.680 11.706 11.580 11.464 11.367    0.046 0.059 0.050 0.061 0.071  B 250055
   4455.76801 11.765 11.831 11.739 11.686 11.588    0.032 0.038 0.030 0.035 0.040  A 250383
   4458.75721 11.821 11.865 11.822 11.829 11.759    0.039 0.045 0.039 0.046 0.054  A 250738
   4461.74235 11.676 11.697 11.610 11.550 11.483    0.032 0.035 0.030 0.034 0.039  A 251070
   4464.74138 99.999 99.999 99.999 99.999 99.999    0.039 0.060 0.036 0.040 0.044  C 251448
   4467.73912 11.327 11.304 11.292 11.264 11.233    0.036 0.045 0.034 0.039 0.045  A 251788
   4470.74340 11.338 11.357 11.300 11.272 11.200    0.032 0.042 0.034 0.043 0.049  A 252132
   4473.82187 11.395 11.426 11.375 11.344 11.295    0.040 0.042 0.041 0.047 0.053  A 252426
   4477.72578 11.488 11.528 11.437 11.398 99.999    0.032 0.043 0.030 0.035 0.040  C 252797
   4480.70357 11.397 11.443 11.375 11.355 11.298    0.039 0.045 0.040 0.048 0.054  A 253156
   4484.71104 11.555 11.595 11.510 11.485 11.441    0.034 0.045 0.032 0.037 0.044  A 253501
   4486.74024 11.489 11.537 11.436 11.404 11.340    0.035 0.038 0.036 0.043 0.050  A 253743
   4489.66514 11.370 11.335 11.300 11.240 11.196    0.033 0.035 0.031 0.037 0.043  A 254072
   4491.72369 11.411 11.367 11.358 11.295 11.223    0.039 0.054 0.033 0.038 0.042  A 254307
   4493.74773 11.337 11.386 11.291 11.262 11.239    0.029 0.034 0.028 0.033 0.037  A 254562
   4497.69508 11.483 11.527 11.428 11.372 11.312    0.038 0.039 0.036 0.039 0.044  A 254781
   4499.80240 11.565 11.618 11.539 11.536 11.486    0.037 0.056 0.031 0.035 0.040  A 255080
   4504.83116 11.446 11.441 11.403 11.377 11.332    0.034 0.040 0.029 0.033 0.037  A 255766
   4507.63597 11.438 11.524 11.384 11.372 11.326    0.039 0.046 0.041 0.049 0.057  A 256140
   4509.72910 11.350 11.395 11.290 11.231 11.191    0.045 0.065 0.042 0.048 0.053  B 256451
   4511.80384 11.716 11.704 11.681 11.645 11.586    0.035 0.051 0.031 0.036 0.040  A 256734
   4515.65835 11.349 11.337 11.315 11.309 11.319    0.033 0.041 0.032 0.039 0.044  A 257022
   4517.71992 11.373 11.437 11.329 11.265 11.224    0.046 0.066 0.041 0.045 0.050  B 257291
   4519.74972 11.332 11.356 11.298 11.258 11.214    0.036 0.039 0.038 0.045 0.051  A 257609
   4521.77826 11.342 11.366 11.326 11.301 11.232    0.032 0.041 0.030 0.034 0.040  A 257893
   4523.85195 11.622 11.599 11.560 11.480 11.399    0.034 0.036 0.031 0.035 0.040  A 258225
   4526.60149 11.325 11.347 11.275 11.248 11.204    0.038 0.040 0.039 0.046 0.053  A 258566
   4528.66462 11.364 11.359 11.355 11.335 11.259    0.040 0.048 0.039 0.043 0.048  A 258891
   4530.74509 11.633 11.672 11.562 11.519 11.480    0.032 0.040 0.029 0.034 0.037  A 259220
   4533.61006 11.628 11.679 11.581 11.534 11.441    0.039 0.042 0.038 0.043 0.049  A 259616
   4536.67039 11.432 11.445 11.391 11.345 11.286    0.032 0.040 0.028 0.032 0.036  A 259942
   4538.70819 11.489 11.503 11.442 11.404 11.369    0.037 0.055 0.034 0.039 0.043  A 260251
   4540.76572 11.742 11.727 11.699 11.621 11.559    0.042 0.049 0.045 0.055 0.065  B 260551
   4542.67284 11.677 11.726 11.623 11.559 11.488    0.046 0.064 0.045 0.053 0.061  B 260841
   4546.70762 11.584 11.642 11.536 11.483 11.393    0.037 0.046 0.039 0.048 0.055  A 261461
   4548.71838 11.375 11.393 11.376 11.359 11.324    0.038 0.049 0.038 0.045 0.052  A 261804
   4553.68439 99.999 99.999 99.999 99.999 99.999    0.065 0.069 0.072 0.085 0.102  D 262410
   4555.69632 11.444 11.489 11.418 11.379 11.318    0.034 0.047 0.030 0.034 0.039  A 262720
   4557.74208 11.497 11.505 11.449 11.409 11.351    0.035 0.044 0.031 0.035 0.041  A 263060
   4560.57145 11.396 11.450 11.364 11.326 11.247    0.040 0.055 0.034 0.038 0.043  A 263501
   4562.61905 11.287 11.373 11.232 11.185 11.092    0.035 0.046 0.033 0.039 0.046  A 263856
   4566.68827 11.322 11.343 11.289 11.269 11.229    0.034 0.042 0.035 0.039 0.043  A 264544
   4568.70011 11.464 11.427 11.424 11.383 11.328    0.035 0.037 0.033 0.038 0.043  A 264857
   4570.71019 11.611 11.695 11.556 11.516 11.449    0.034 0.044 0.031 0.036 0.041  A 265189
   4572.62131 11.374 11.419 11.337 11.303 11.261    0.037 0.048 0.035 0.041 0.047  A 265507
   4574.63319 11.525 11.563 11.498 11.480 11.391    0.038 0.047 0.038 0.044 0.052  A 265836
