#ndata= 218
#dataset= 1 ; 1 F0552+08_389
#desig= 060722+0834.0
#cra=    6.122852  06:07:22.3
#cdec=   8.566409 08:33:59.1
#class= 0
#cmag_0= 11.932
#cmer_0=  0.107
#nskip_0= 0
#cmag_1= 11.947
#cmer_1=  0.111
#nskip_1= 0
#cmag_2= 11.963
#cmer_2=  0.112
#nskip_2= 0
#cmag_3= 11.981
#cmer_3=  0.117
#nskip_3= 1
#cmag_4= 12.003
#cmer_4=  0.129
#nskip_4= 1
#ra=    6.122852  06:07:22.3
#dec=   8.566409 08:33:59.1
#     HJD      MAG_1  MAG_0  MAG_2  MAG_3  MAG_4    MER_1 MER_0 MER_2 MER_3 MER_4 GRADE FRAME
   2497.93167 11.918 11.870 11.989 12.033 12.077    0.049 0.055 0.045 0.052 0.050  A 15355
   2499.93438 12.092 12.071 12.173 12.199 12.293    0.053 0.055 0.050 0.058 0.058  A 15778
   2526.88628 12.070 12.030 12.098 12.159 12.222    0.042 0.046 0.035 0.039 0.038  A 18951
   2539.85206 12.150 12.165 12.273 12.389 12.490    0.061 0.077 0.054 0.060 0.062  B 19613
   2562.80852 11.900 11.870 11.918 11.943 11.962    0.029 0.033 0.024 0.026 0.029  A 22807
   2621.71014 11.833 11.769 11.846 11.861 11.880    0.024 0.030 0.022 0.024 0.026  A 29829
   2623.68284 11.988 11.963 11.994 12.033 12.041    0.022 0.023 0.021 0.024 0.026  A 30149
   2625.67064 11.983 11.947 11.975 11.991 12.000    0.026 0.029 0.024 0.028 0.032  A 30426
   2629.70029 12.033 12.020 12.020 12.032 12.046    0.049 0.039 0.040 0.035 0.035  A 30897
   2634.70305 11.822 11.816 11.846 11.876 11.908    0.030 0.033 0.022 0.023 0.025  A 32103
   2636.73171 11.921 11.893 11.890 11.889 11.905    0.025 0.036 0.021 0.023 0.025  A 32409
   2638.72080 12.003 12.040 12.073 12.100 12.129    0.039 0.047 0.024 0.026 0.028  A 32705
   2640.71879 11.812 11.840 11.824 11.843 11.854    0.025 0.043 0.020 0.023 0.026  A 33014
   2642.72186 11.908 11.894 11.917 11.937 11.936    0.024 0.037 0.020 0.023 0.025  A 33300
   2644.71249 12.097 12.091 12.089 12.091 12.080    0.030 0.046 0.030 0.036 0.042  A 33601
   2646.69188 11.778 11.780 11.789 11.813 11.828    0.024 0.032 0.020 0.023 0.026  A 33894
   2649.68130 11.808 11.766 11.810 11.819 11.848    0.022 0.030 0.019 0.022 0.024  A 34143
   2651.64904 11.932 11.962 11.943 11.980 12.022    0.027 0.029 0.022 0.025 0.027  A 34439
   2657.59002 12.070 12.013 12.122 12.182 12.203    0.028 0.033 0.028 0.033 0.038  A 35404
   2659.61765 12.095 12.074 12.131 12.158 12.210    0.033 0.035 0.027 0.030 0.033  A 35758
   2661.61459 11.809 11.796 11.827 11.855 11.874    0.027 0.029 0.023 0.027 0.029  A 36099
   2663.61333 12.029 12.000 12.053 12.085 12.117    0.023 0.027 0.021 0.023 0.026  A 36437
   2667.60763 11.848 11.877 11.869 11.875 11.887    0.029 0.029 0.021 0.024 0.027  A 37090
   2669.60177 12.148 12.122 12.180 12.261 12.368    0.031 0.034 0.027 0.032 0.034  A 37414
   2671.60073 11.856 11.836 11.886 11.891 11.921    0.051 0.042 0.037 0.039 0.033  A 37743
   2673.59515 11.916 11.936 11.919 11.960 12.029    0.053 0.033 0.041 0.043 0.034  A 38078
   2675.58280 12.073 12.048 12.052 12.074 12.112    0.036 0.033 0.024 0.026 0.028  A 38432
   2677.56909 11.873 11.788 11.891 11.914 11.928    0.032 0.033 0.026 0.028 0.028  A 38773
   2679.55915 11.929 11.944 11.954 11.974 11.994    0.029 0.026 0.025 0.027 0.030  A 39100
   2684.54639 12.172 12.155 12.141 12.186 12.240    0.041 0.036 0.035 0.040 0.042  A 39955
   2686.56067 11.761 11.767 11.821 11.885 11.979    0.042 0.039 0.032 0.036 0.038  A 40327
   2688.56071 11.963 11.930 11.984 12.007 12.033    0.035 0.040 0.029 0.032 0.036  A 40691
   2690.55942 12.005 11.966 12.032 12.064 12.096    0.035 0.041 0.024 0.027 0.028  A 41059
   2692.55662 11.818 11.827 11.828 11.847 11.859    0.033 0.040 0.023 0.026 0.028  A 41409
   2694.56305 12.008 12.017 12.018 12.017 12.042    0.025 0.030 0.021 0.023 0.026  A 41736
   2696.56060 11.973 11.960 11.991 11.991 11.988    0.034 0.039 0.024 0.026 0.027  A 42067
   2698.55470 11.855 11.777 11.864 11.870 11.871    0.032 0.040 0.025 0.027 0.030  A 42473
   2700.55933 12.138 12.085 12.128 12.126 12.142    0.032 0.035 0.025 0.025 0.027  A 42862
   2702.55101 11.920 11.906 11.952 11.973 12.006    0.039 0.041 0.025 0.027 0.029  A 43240
   2704.53959 11.876 11.904 11.903 11.907 11.909    0.027 0.042 0.022 0.025 0.026  A 43619
   2706.52827 12.093 12.087 12.126 12.147 12.182    0.037 0.033 0.032 0.035 0.038  A 43984
   2711.50534 11.851 11.841 11.887 11.945 11.998    0.031 0.033 0.027 0.030 0.034  A 44889
   2713.52723 12.001 11.876 12.047 12.066 12.129    0.038 0.040 0.040 0.047 0.054  A 45272
   2715.52482 12.061 12.022 12.059 12.058 11.984    0.040 0.040 0.029 0.032 0.036  A 45646
   2718.51987 12.037 12.013 12.054 12.044 12.052    0.030 0.042 0.031 0.036 0.040  A 46003
   2721.51493 12.026 12.017 12.016 12.007 12.069    0.028 0.037 0.025 0.028 0.030  A 46432
   2723.52148 11.802 11.755 11.809 11.795 11.780    0.030 0.037 0.027 0.031 0.034  A 46823
   2725.52056 12.130 12.111 12.102 12.108 12.119    0.034 0.035 0.024 0.026 0.027  A 47214
   2727.51627 12.032 11.992 12.020 12.031 12.046    0.031 0.036 0.024 0.027 0.029  A 47602
   2729.51645 11.816 11.839 11.825 11.819 11.816    0.031 0.039 0.023 0.027 0.030  A 48011
   2733.50391 11.922 11.875 11.920 11.927 99.999    0.032 0.042 0.027 0.030 0.033  C 48564
   2740.47921 12.103 12.035 12.087 12.096 12.129    0.037 0.041 0.029 0.032 0.033  A 49899
   2742.48422 11.863 11.830 11.857 11.855 11.879    0.031 0.039 0.027 0.032 0.035  A 50296
   2744.48729 11.906 11.866 11.980 11.997 11.967    0.034 0.033 0.028 0.032 0.037  A 50678
   2751.48884 11.749 11.791 11.762 11.775 11.814    0.025 0.028 0.022 0.024 0.026  A 51767
   2755.46967 12.069 12.075 12.133 12.176 12.239    0.034 0.035 0.026 0.031 0.036  A 52389
   2760.46676 11.767 11.800 11.803 11.833 11.848    0.025 0.029 0.023 0.026 0.029  A 53354
   2861.92429 11.982 11.970 12.000 12.010 12.045    0.036 0.030 0.030 0.035 0.038  A 67085
   2885.88236 11.792 11.761 11.806 11.777 11.767    0.026 0.026 0.023 0.027 0.030  A 70133
   2893.89777 12.054 12.024 12.037 12.060 12.118    0.033 0.031 0.032 0.038 0.044  A 70987
   2896.88571 12.212 12.126 12.251 12.296 12.405    0.026 0.029 0.026 0.030 0.035  A 71578
   2905.88021 12.136 12.093 12.135 12.145 12.162    0.026 0.024 0.021 0.023 0.025  A 73085
   2905.88243 12.084 12.006 12.094 12.110 12.109    0.024 0.026 0.019 0.021 0.024  A 73086
   2908.88637 12.036 12.026 12.039 12.039 12.048    0.033 0.034 0.029 0.032 0.037  A 73518
   2911.86863 12.084 12.064 12.102 12.114 12.131    0.028 0.029 0.024 0.027 0.030  A 74013
   2915.89093 12.054 11.990 12.101 12.130 12.149    0.027 0.045 0.024 0.028 0.032  A 74495
   2918.83537 12.189 12.118 12.207 12.252 12.311    0.051 0.057 0.058 0.071 0.082  D 74971
   2922.81154 11.829 11.873 11.916 12.020 12.059    0.028 0.035 0.027 0.033 0.038  A 75343
   2924.84197 12.043 12.046 12.048 12.079 12.139    0.033 0.039 0.032 0.038 0.043  A 75714
   2929.87563 11.883 11.822 11.949 12.010 12.112    0.036 0.042 0.037 0.043 0.050  A 76461
   2932.82486 11.899 11.896 11.909 11.917 11.932    0.025 0.047 0.022 0.026 0.029  A 76974
   2934.85703 11.905 11.894 11.942 11.976 11.995    0.025 0.043 0.021 0.024 0.026  A 77342
   2939.82842 12.044 12.096 12.061 12.084 12.117    0.028 0.029 0.020 0.021 0.023  A 77897
   2943.78886 11.945 11.939 11.921 11.933 11.962    0.028 0.028 0.022 0.025 0.027  A 78427
   2946.74874 11.931 11.949 11.956 11.975 12.003    0.027 0.028 0.025 0.027 0.030  A 78874
   2948.79028 12.007 12.011 12.024 12.032 12.052    0.024 0.031 0.025 0.029 0.032  A 79174
   2950.76517 11.848 11.847 11.868 11.925 12.007    0.039 0.045 0.043 0.050 0.056  A 79495
   2957.79945 11.884 11.897 11.907 11.929 11.947    0.030 0.042 0.029 0.034 0.040  A 80439
   2960.74717 11.961 11.897 12.075 12.203 12.248    0.052 0.050 0.057 0.068 0.082  D 80821
   2962.81439 11.882 11.917 11.922 11.951 11.966    0.034 0.036 0.034 0.040 0.046  A 81126
   2965.73612 11.932 11.847 11.945 11.970 12.008    0.030 0.027 0.025 0.028 0.031  A 81523
   2968.72237 11.937 11.889 11.939 11.958 11.998    0.028 0.029 0.023 0.026 0.029  A 81938
   2971.71573 11.902 11.873 11.934 11.973 12.012    0.027 0.028 0.023 0.026 0.030  A 82275
   2974.71632 11.852 11.886 11.874 11.881 11.901    0.034 0.031 0.031 0.037 0.042  A 82603
   2978.74107 11.807 11.730 11.809 11.835 11.898    0.026 0.041 0.025 0.030 0.034  A 83167
   2984.72797 11.823 11.863 11.844 11.858 11.854    0.031 0.032 0.027 0.032 0.037  A 83939
   2986.76308 12.052 12.034 12.056 12.060 12.106    0.027 0.027 0.024 0.028 0.032  A 84217
   2989.67667 11.990 11.944 11.991 11.996 12.012    0.025 0.026 0.022 0.026 0.029  A 84536
   2991.70661 11.958 11.950 11.968 11.993 12.001    0.027 0.026 0.024 0.027 0.031  A 84805
   2996.65638 11.788 11.818 11.784 11.781 11.790    0.026 0.035 0.024 0.029 0.032  A 85450
   3001.68114 12.020 12.064 12.015 12.011 12.046    0.023 0.035 0.021 0.025 0.028  A 86003
   3005.66400 11.873 11.878 11.884 11.897 11.907    0.024 0.028 0.023 0.028 0.031  A 86469
   3011.65239 99.999 99.999 99.999 99.999 99.999    0.031 0.034 0.031 0.037 0.044  C 87252
   3013.65756 12.062 11.975 12.164 12.239 12.300    0.045 0.045 0.047 0.056 0.068  A 87519
   3016.67375 12.041 11.972 12.067 12.072 12.090    0.031 0.032 0.031 0.037 0.043  A 87755
   3028.74505 11.859 11.904 11.848 11.842 11.874    0.031 0.039 0.026 0.030 0.034  A 88581
   3031.58818 11.961 11.912 11.985 12.030 12.073    0.026 0.033 0.025 0.030 0.034  A 88830
   3033.59777 11.836 11.806 11.823 11.820 11.832    0.026 0.030 0.025 0.029 0.033  A 89011
   3042.59778 11.906 11.854 11.950 12.007 12.040    0.033 0.037 0.031 0.037 0.043  A 89779
   3044.63744 99.999 99.999 99.999 99.999 99.999    0.028 0.030 0.027 0.031 0.035  C 90055
   3046.69266 11.763 11.703 11.768 11.741 11.725    0.031 0.035 0.029 0.035 0.041  A 90351
   3049.66225 11.843 11.818 11.858 11.887 11.904    0.029 0.037 0.026 0.031 0.034  A 90733
   3052.62930 11.787 11.767 11.783 11.776 11.787    0.026 0.035 0.024 0.028 0.032  A 91130
   3054.65684 11.980 12.009 12.028 12.052 12.070    0.029 0.031 0.027 0.031 0.035  A 91413
   3057.57213 12.147 12.068 12.205 12.238 12.268    0.055 0.061 0.064 0.077 0.091  D 91796
   3059.63815 11.956 11.940 11.984 12.025 12.072    0.030 0.037 0.026 0.031 0.034  A 92081
   3066.51628 12.019 12.019 12.031 12.045 12.047    0.033 0.032 0.029 0.033 0.039  A 92861
   3068.55870 11.920 11.916 11.899 11.912 11.955    0.028 0.033 0.027 0.033 0.038  A 93165
   3070.59138 11.847 11.915 11.836 11.834 11.821    0.043 0.045 0.046 0.053 0.058  A 93464
   3073.56954 11.845 11.837 11.879 11.927 11.962    0.031 0.036 0.029 0.034 0.039  A 93848
   3075.60382 12.001 11.950 12.034 12.077 12.097    0.032 0.036 0.029 0.035 0.039  A 94127
   3078.54008 12.079 12.048 12.105 12.144 12.175    0.026 0.028 0.023 0.027 0.030  A 94536
   3080.56413 11.820 11.774 11.855 11.910 11.903    0.047 0.048 0.056 0.065 0.073  A 94833
   3085.56289 12.079 12.058 12.078 12.087 12.136    0.028 0.029 0.026 0.030 0.034  A 95273
   3087.56631 12.036 11.997 12.033 12.053 12.065    0.039 0.039 0.037 0.043 0.051  A 95585
   3093.49343 11.947 11.970 11.985 12.018 12.056    0.029 0.027 0.026 0.030 0.035  A 96479
   3097.50317 12.033 12.067 12.033 12.050 12.067    0.030 0.040 0.027 0.032 0.037  A 96763
   3099.53328 12.333 12.169 12.354 12.385 12.432    0.087 0.083 0.094 0.110 0.127  D 97090
   3102.50164 11.965 11.941 11.984 12.015 12.042    0.030 0.031 0.028 0.033 0.037  A 97542
   3104.51657 11.950 11.914 11.979 12.027 12.095    0.041 0.041 0.042 0.047 0.053  A 97868
   3107.50336 11.889 11.854 11.903 11.924 11.937    0.029 0.033 0.024 0.029 0.033  A 98335
   3109.51743 12.070 12.070 12.092 12.087 12.094    0.031 0.032 0.027 0.031 0.035  A 98650
   3112.48584 12.054 11.985 12.079 12.106 12.107    0.029 0.031 0.026 0.030 0.034  A 99106
   3115.48508 12.021 12.027 12.021 12.011 11.983    0.031 0.040 0.027 0.032 0.037  A 99605
   3124.46435 12.002 12.001 12.055 12.117 12.187    0.028 0.029 0.027 0.031 0.036  A 100490
   3270.86891 11.863 11.805 11.886 11.917 11.952    0.030 0.034 0.024 0.026 0.031  A 115875
   3298.85951 11.840 11.853 11.844 11.855 11.871    0.028 0.035 0.023 0.025 0.028  A 118880
   3394.60482 11.955 11.928 11.976 12.010 12.059    0.040 0.060 0.038 0.044 0.050  A 127127
   3396.61793 11.786 11.776 11.819 11.828 11.818    0.040 0.068 0.039 0.045 0.052  A 127369
   3398.64996 12.017 11.996 12.025 12.044 12.051    0.037 0.051 0.038 0.045 0.052  A 127637
   3400.70564 11.776 11.801 11.854 11.949 11.994    0.036 0.046 0.033 0.038 0.045  A 127932
   3403.69282 11.835 11.798 11.852 11.872 11.889    0.033 0.052 0.031 0.035 0.039  A 128269
   3405.69687 11.914 11.886 11.924 11.934 11.938    0.039 0.070 0.033 0.036 0.039  A 128584
   3408.56089 11.920 11.873 11.948 11.954 11.916    0.048 0.085 0.044 0.046 0.049  B 129002
   3410.60083 12.053 12.038 12.078 12.081 12.125    0.046 0.075 0.041 0.043 0.046  A 129334
   3412.65710 11.816 11.834 11.806 11.796 11.781    0.038 0.072 0.033 0.037 0.040  A 129634
   3414.65389 11.912 11.903 11.922 11.926 11.957    0.026 0.033 0.025 0.029 0.034  A 129949
   3416.65164 12.025 12.071 12.004 11.983 11.973    0.044 0.076 0.041 0.047 0.053  A 130272
   3425.60222 11.925 11.936 11.952 11.974 11.962    0.042 0.080 0.040 0.046 0.050  A 131661
   3427.59816 11.768 11.729 11.799 11.828 11.870    0.053 0.089 0.048 0.051 0.055  B 131995
   3431.60610 11.899 11.912 11.909 11.927 11.958    0.050 0.093 0.045 0.048 0.052  B 132348
   3433.60529 11.853 11.843 11.873 11.887 11.904    0.042 0.059 0.038 0.041 0.044  A 132679
   3436.60492 11.860 11.858 11.880 11.920 11.937    0.033 0.037 0.033 0.040 0.048  A 132975
   3439.59526 11.910 11.882 11.900 11.880 11.890    0.030 0.050 0.027 0.030 0.033  A 133313
   3442.58676 11.964 11.957 11.973 11.983 12.003    0.037 0.067 0.029 0.033 0.037  A 133573
   3455.55412 11.776 11.763 11.803 11.831 11.881    0.041 0.061 0.040 0.044 0.050  A 135975
   3458.49805 11.828 11.784 11.813 11.805 11.813    0.039 0.082 0.032 0.035 0.039  B 136481
   3460.51156 12.012 12.025 12.025 12.026 12.058    0.041 0.083 0.036 0.038 0.041  B 136853
   3462.53962 11.939 11.934 11.932 11.920 11.949    0.041 0.071 0.038 0.043 0.046  A 137136
   3465.50095 11.998 12.012 12.006 12.000 12.017    0.051 0.085 0.050 0.054 0.057  B 137620
   3469.49076 12.044 11.987 12.080 12.116 12.178    0.039 0.076 0.033 0.035 0.039  A 138200
   3476.47137 11.942 11.886 11.968 11.972 11.951    0.053 0.082 0.050 0.057 0.064  B 139321
   3481.47347 12.294 12.298 12.390 12.509 12.560    0.045 0.072 0.039 0.043 0.048  A 140122
   3492.45905 11.858 11.852 11.947 12.032 12.086    0.045 0.079 0.046 0.056 0.063  A 141416
   3620.90449 11.801 11.786 11.795 11.780 11.807    0.037 0.047 0.036 0.040 0.045  A 157674
   3629.88391 11.920 11.890 11.950 11.986 12.045    0.033 0.039 0.031 0.036 0.043  A 158701
   3633.88355 11.878 11.870 11.880 11.862 11.871    0.032 0.038 0.034 0.040 0.046  A 159299
   3640.84902 12.063 12.079 12.066 12.065 12.094    0.028 0.038 0.026 0.031 0.036  A 160087
   3644.85622 12.080 12.065 12.120 12.159 12.172    0.037 0.054 0.037 0.043 0.049  A 160682
   3648.85929 29.999 29.999 29.999 29.999 29.999    0.082 0.078 0.090 0.109 0.124  D 161100
   3652.84261 12.045 12.022 12.063 12.111 12.184    0.031 0.043 0.031 0.036 0.042  A 161673
   3655.82756 11.948 11.902 11.945 11.934 11.935    0.036 0.068 0.032 0.036 0.040  A 162086
   3658.80189 11.930 11.936 11.941 11.942 11.947    0.031 0.043 0.029 0.034 0.039  A 162531
   3661.83423 11.952 11.950 11.983 12.014 12.046    0.036 0.045 0.036 0.042 0.048  A 163000
   3666.85730 11.976 11.945 12.011 11.970 11.865    0.039 0.049 0.039 0.046 0.053  A 163727
   3670.77889 11.843 11.804 11.860 11.866 11.875    0.031 0.038 0.029 0.033 0.038  A 164160
   3673.78768 11.792 11.809 11.801 11.810 11.852    0.030 0.037 0.026 0.030 0.035  A 164596
   3680.79840 12.136 12.088 12.119 12.101 12.133    0.029 0.041 0.026 0.030 0.034  A 165402
   3700.72912 11.913 11.880 11.949 11.959 11.972    0.033 0.043 0.034 0.040 0.045  A 168070
   3703.73941 11.820 11.855 11.830 11.849 11.861    0.040 0.076 0.036 0.039 0.043  A 168462
   3706.71521 11.941 11.893 11.928 11.917 11.909    0.033 0.046 0.033 0.039 0.045  A 168866
   3711.75486 12.022 12.009 12.021 12.040 12.084    0.034 0.061 0.030 0.033 0.037  A 169302
   3713.71998 11.800 11.784 11.823 11.831 11.817    0.036 0.043 0.032 0.036 0.039  A 169571
   3716.67870 11.797 11.809 11.806 11.811 11.821    0.029 0.034 0.031 0.037 0.043  A 169958
   3718.71347 12.058 12.069 12.105 12.151 12.166    0.052 0.092 0.048 0.054 0.058  B 170225
   3721.71559 11.968 12.000 11.999 12.062 12.027    0.049 0.070 0.052 0.064 0.072  A 170589
   3724.68910 12.036 12.045 12.017 11.993 12.008    0.031 0.046 0.031 0.036 0.041  A 170890
   3730.65696 12.079 11.980 12.111 12.144 12.163    0.054 0.097 0.049 0.052 0.055  B 171556
   3733.68151 12.069 12.016 12.087 12.100 12.117    0.040 0.073 0.034 0.038 0.041  A 171949
   3740.68565 11.909 11.916 11.923 11.931 11.902    0.036 0.059 0.032 0.035 0.039  A 172923
   3743.64754 11.943 11.935 11.961 11.964 11.980    0.046 0.082 0.040 0.045 0.049  B 173281
   3748.63686 12.101 12.091 12.154 12.203 12.230    0.042 0.069 0.043 0.051 0.060  A 173954
   3750.66510 11.798 11.816 11.812 11.850 11.882    0.048 0.079 0.042 0.048 0.055  A 174248
   3753.67591 11.815 11.830 11.832 11.854 11.855    0.038 0.070 0.035 0.040 0.045  A 174660
   3755.72061 12.075 12.017 12.120 12.142 12.140    0.044 0.075 0.042 0.048 0.054  A 174946
   3758.61409 12.003 12.012 12.034 12.062 99.999    0.036 0.069 0.032 0.036 0.040  C 175333
   3760.67873 11.957 12.007 11.966 11.976 11.954    0.051 0.092 0.045 0.048 0.051  B 175634
   3763.62563 11.941 11.914 11.956 11.967 11.962    0.041 0.071 0.040 0.045 0.051  A 176011
   3765.70104 11.827 11.849 11.841 11.854 11.879    0.047 0.081 0.044 0.049 0.055  B 176315
   3768.60473 11.923 11.876 11.927 11.934 11.930    0.043 0.081 0.038 0.041 0.045  B 176701
   3770.66992 12.025 12.004 12.041 12.046 12.156    0.051 0.068 0.053 0.062 0.071  A 176982
   3776.55865 12.036 12.025 12.060 12.107 12.136    0.048 0.072 0.046 0.053 0.058  A 177768
   3778.58500 11.784 11.767 11.797 11.822 11.816    0.053 0.093 0.049 0.055 0.061  B 178084
   3780.64298 11.922 11.869 11.950 11.988 11.933    0.046 0.067 0.047 0.055 0.062  A 178376
   3783.66244 11.855 11.876 11.871 11.883 11.894    0.052 0.076 0.052 0.061 0.072  A 178678
   3788.58615 11.990 11.993 12.070 12.157 12.224    0.031 0.045 0.031 0.037 0.043  A 178959
   3790.63978 11.827 11.856 11.833 11.845 11.888    0.050 0.089 0.045 0.050 0.055  B 179248
   3793.59621 11.820 11.801 11.840 11.855 11.867    0.045 0.078 0.044 0.050 0.057  A 179677
   3795.63839 12.096 12.011 12.135 12.168 12.208    0.036 0.061 0.031 0.036 0.041  A 179978
   3798.57354 12.019 11.975 12.040 12.032 12.052    0.047 0.079 0.043 0.049 0.054  A 180378
   3803.50697 11.771 11.862 11.765 11.751 11.760    0.057 0.083 0.055 0.063 0.072  B 180982
   3805.55854 11.856 11.849 11.861 11.864 11.894    0.037 0.059 0.035 0.041 0.047  A 181288
   3808.59289 11.953 11.953 11.970 11.989 11.966    0.041 0.061 0.043 0.052 0.060  A 181644
   3810.57951 12.033 12.005 12.025 11.974 11.928    0.039 0.059 0.040 0.048 0.055  A 181962
   3812.59142 11.882 11.891 11.946 11.991 12.043    0.045 0.074 0.044 0.050 0.057  A 182286
   3815.53846 11.823 11.745 11.838 11.848 99.999    0.045 0.086 0.041 0.046 0.050  C 182745
   3817.57193 11.929 11.894 11.923 11.915 11.959    0.040 0.068 0.038 0.043 0.048  A 183070
   3820.52274 11.990 11.946 12.024 12.034 12.040    0.040 0.068 0.037 0.041 0.046  A 183540
   3823.51422 12.000 12.008 11.988 11.954 11.925    0.042 0.073 0.041 0.045 0.049  A 184024
   3826.49445 12.158 12.065 12.200 12.219 12.294    0.035 0.049 0.036 0.045 0.054  A 184521
   3830.48446 11.809 11.770 11.831 11.840 11.810    0.034 0.047 0.033 0.039 0.045  A 185192
   3832.52825 12.091 12.084 12.124 12.140 12.136    0.043 0.076 0.041 0.046 0.053  A 185561
   3835.49927 12.047 12.028 12.040 12.026 12.074    0.044 0.073 0.043 0.051 0.059  A 186073
   3837.51057 11.919 11.924 11.934 11.913 11.879    0.044 0.070 0.045 0.054 0.063  A 186412
   3849.48660 11.715 11.711 11.695 11.670 11.650    0.055 0.095 0.049 0.052 0.056  B 187042
   3853.46748 11.979 11.982 11.979 11.981 11.999    0.028 0.038 0.029 0.034 0.039  A 187729
   3983.89958 11.725 11.740 11.705 11.712 11.804    0.051 0.088 0.047 0.053 0.061  B 203700
   4501.62164 11.785 11.825 11.834 11.872 11.919    0.043 0.070 0.038 0.042 0.047  A 255279
#ndata= 277
#dataset= 2 ; 1 F0624+08_390
#desig= 060722+0834.0
#cra=    6.122732  06:07:21.8
#cdec=   8.566494 08:33:59.4
#class= 0
#cmag_0= 11.902
#cmer_0=  0.113
#nskip_0= 2
#cmag_1= 11.927
#cmer_1=  0.109
#nskip_1= 2
#cmag_2= 11.945
#cmer_2=  0.110
#nskip_2= 2
#cmag_3= 11.960
#cmer_3=  0.115
#nskip_3= 2
#cmag_4= 11.966
#cmer_4=  0.120
#nskip_4= 2
#ra=    6.122732  06:07:21.8
#dec=   8.566494 08:33:59.4
#     HJD      MAG_1  MAG_0  MAG_2  MAG_3  MAG_4    MER_1 MER_0 MER_2 MER_3 MER_4 GRADE FRAME
   2526.89022 12.074 12.134 12.121 12.153 12.205    0.046 0.054 0.040 0.044 0.043  A 18953
   2559.83269 11.849 11.819 11.836 11.857 11.857    0.024 0.028 0.021 0.023 0.027  A 22312
   2621.75103 11.899 11.825 99.999 99.999 99.999    0.030 0.031 0.024 0.026 0.028  C 29847
   2623.70786 12.007 11.961 12.014 12.024 12.018    0.020 0.023 0.019 0.023 0.026  A 30160
   2625.69336 12.051 12.024 12.088 12.152 12.203    0.026 0.028 0.025 0.029 0.032  A 30436
   2634.70772 11.841 11.839 11.860 11.895 11.904    0.023 0.025 0.020 0.023 0.026  A 32105
   2638.72552 12.009 12.015 12.032 12.037 12.042    0.026 0.029 0.022 0.025 0.027  A 32707
   2640.72354 11.826 11.769 11.838 11.876 11.891    0.024 0.026 0.021 0.025 0.028  A 33016
   2642.73157 11.925 11.929 11.960 11.988 12.043    0.032 0.032 0.027 0.030 0.031  A 33304
   2644.71728 12.071 12.101 12.087 12.099 12.120    0.025 0.028 0.024 0.027 0.030  A 33603
   2646.69672 11.781 11.781 11.806 11.835 11.843    0.026 0.025 0.023 0.026 0.028  A 33896
   2649.68617 11.782 11.840 11.807 11.808 11.838    0.028 0.030 0.026 0.026 0.027  A 34145
   2651.66106 11.956 11.929 11.995 12.008 11.992    0.022 0.023 0.022 0.025 0.027  A 34444
   2659.65609 12.015 12.035 12.067 12.128 12.162    0.026 0.028 0.025 0.028 0.032  A 35774
   2686.58460 11.825 11.782 11.817 11.826 11.784    0.027 0.026 0.028 0.034 0.038  A 40337
   2885.89858 11.844 11.832 11.851 11.870 11.886    0.026 0.023 0.023 0.027 0.030  A 70140
   2910.86394 11.773 11.757 11.795 11.810 11.840    0.032 0.024 0.024 0.027 0.030  A 73821
   2923.86732 11.981 11.960 11.991 12.015 12.040    0.026 0.035 0.025 0.030 0.034  A 75557
   2939.85026 12.083 12.030 12.085 12.074 12.069    0.028 0.034 0.019 0.021 0.024  A 77907
   2957.82109 11.963 11.900 11.974 12.028 12.060    0.030 0.040 0.031 0.037 0.043  A 80448
   2976.73971 12.102 12.068 12.088 12.081 12.097    0.033 0.035 0.029 0.034 0.039  A 82892
   2984.83699 11.738 11.728 11.761 11.783 11.779    0.033 0.032 0.034 0.042 0.049  A 83980
   2990.58134 11.855 11.806 11.854 11.875 11.906    0.029 0.028 0.028 0.034 0.038  A 84622
   2990.58754 11.799 11.791 11.824 11.847 11.875    0.029 0.028 0.029 0.035 0.040  A 84624
   2990.59375 11.758 11.741 11.767 11.776 11.807    0.029 0.029 0.029 0.035 0.040  A 84626
   2990.61374 11.782 11.784 11.802 11.816 11.826    0.029 0.028 0.028 0.033 0.037  A 84633
   2990.65348 11.804 11.789 11.818 11.841 11.878    0.028 0.029 0.028 0.033 0.038  A 84648
   2998.71924 12.066 12.033 12.079 12.119 12.157    0.030 0.031 0.028 0.033 0.037  A 85750
   3272.86667 11.942 11.911 11.962 11.975 11.982    0.031 0.034 0.031 0.037 0.044  A 116137
   3276.86752 11.683 11.656 11.721 11.765 11.725    0.034 0.037 0.036 0.044 0.052  A 116639
   3280.87184 11.990 11.948 11.976 11.974 11.926    0.051 0.049 0.058 0.074 0.087  D 117170
   3296.83633 12.056 11.972 12.089 12.137 12.167    0.035 0.039 0.029 0.031 0.035  A 118731
   3355.70207 11.929 11.898 11.950 11.970 11.961    0.027 0.037 0.028 0.033 0.037  A 124381
   3358.69692 12.017 11.969 12.043 12.070 12.020    0.034 0.047 0.033 0.037 0.042  A 124714
   3389.65739 12.023 11.938 12.036 12.021 12.007    0.052 0.087 0.046 0.049 0.053  B 126586
   3394.63072 11.996 11.977 12.086 12.194 12.238    0.039 0.062 0.038 0.044 0.050  A 127135
   3396.64165 12.004 12.020 12.040 12.123 12.169    0.047 0.079 0.045 0.052 0.057  A 127377
   3398.66483 11.997 11.994 11.970 11.944 11.918    0.040 0.062 0.038 0.043 0.050  A 127642
   3400.70861 11.902 11.881 11.927 11.948 11.936    0.041 0.051 0.036 0.041 0.047  A 127933
   3403.69889 11.790 11.733 11.808 11.846 11.869    0.045 0.083 0.045 0.051 0.056  B 128271
   3405.69990 11.882 11.849 11.869 11.848 11.834    0.041 0.064 0.034 0.037 0.041  A 128585
   3408.56396 11.835 11.869 11.840 11.837 11.816    0.046 0.077 0.042 0.045 0.048  A 129003
   3410.60397 12.027 11.948 12.069 12.102 12.137    0.055 0.089 0.049 0.051 0.052  B 129335
   3412.66024 11.768 11.785 11.735 11.729 11.709    0.034 0.059 0.032 0.036 0.039  A 129635
   3414.65708 11.978 11.913 12.013 12.068 12.067    0.032 0.056 0.033 0.038 0.042  A 129950
   3416.65477 12.036 12.002 12.057 12.072 12.072    0.040 0.061 0.039 0.045 0.049  A 130273
   3425.60892 12.009 12.000 12.007 11.977 11.922    0.042 0.064 0.041 0.047 0.052  A 131663
   3427.60135 11.786 11.720 11.800 11.798 11.811    0.043 0.075 0.039 0.043 0.046  A 131996
   3431.60932 11.847 11.827 11.841 11.854 11.809    0.051 0.095 0.048 0.053 0.058  B 132349
   3433.60858 11.861 11.837 11.896 11.922 11.941    0.041 0.074 0.037 0.041 0.044  A 132680
   3436.60822 11.873 11.827 11.869 11.861 11.899    0.034 0.040 0.036 0.042 0.049  A 132976
   3439.59858 11.930 11.910 11.968 11.992 12.007    0.031 0.043 0.030 0.034 0.037  A 133314
   3442.59009 11.962 11.983 11.951 11.941 11.934    0.038 0.071 0.033 0.038 0.040  A 133574
   3444.60604 12.123 11.991 12.168 12.216 12.242    0.044 0.071 0.042 0.048 0.055  A 133910
   3456.53697 11.990 11.971 11.977 11.946 11.952    0.045 0.082 0.039 0.043 0.045  B 136141
   3460.53907 12.001 11.963 12.031 12.039 12.031    0.039 0.058 0.032 0.034 0.038  A 136863
   3462.56417 11.912 11.867 11.939 11.958 11.967    0.039 0.054 0.038 0.042 0.046  A 137144
   3465.51540 11.889 11.823 11.914 11.932 11.927    0.045 0.074 0.039 0.041 0.044  A 137625
   3469.49777 12.045 12.008 12.061 12.051 12.005    0.032 0.048 0.029 0.033 0.037  A 138202
   3471.52587 11.875 11.847 11.895 11.907 11.968    0.035 0.056 0.030 0.035 0.037  A 138535
   3476.47468 11.985 11.998 11.986 12.002 12.019    0.051 0.089 0.047 0.052 0.058  B 139322
   3478.52488 12.005 12.014 11.988 11.996 11.986    0.039 0.056 0.037 0.042 0.047  A 139683
   3491.47806 12.075 12.009 12.090 12.098 12.145    0.049 0.093 0.044 0.046 0.048  B 141256
   3499.46080 11.913 11.896 11.931 11.963 11.992    0.047 0.088 0.041 0.045 0.048  B 142060
   3622.89749 11.972 11.955 11.984 12.025 12.056    0.030 0.037 0.028 0.032 0.036  A 157993
   3630.88990 11.806 11.799 11.798 11.790 11.781    0.033 0.040 0.033 0.038 0.044  A 158875
   3640.87169 12.090 12.117 12.140 12.184 12.172    0.031 0.059 0.031 0.035 0.040  A 160095
   3644.87329 12.033 12.028 12.043 12.028 12.017    0.035 0.046 0.036 0.042 0.047  A 160688
   3648.87505 11.811 11.768 11.838 11.858 11.821    0.052 0.057 0.054 0.063 0.070  B 161106
   3652.86384 11.966 11.958 11.982 11.989 11.962    0.033 0.046 0.033 0.039 0.044  A 161681
   3659.88128 12.085 12.056 12.112 12.119 12.120    0.031 0.038 0.031 0.037 0.043  A 162711
   3663.82544 11.851 11.815 11.842 11.842 11.896    0.036 0.047 0.037 0.045 0.051  A 163275
   3668.84758 12.039 11.985 12.021 12.016 12.002    0.031 0.035 0.030 0.035 0.040  A 163895
   3671.82476 12.066 12.033 12.072 12.067 12.072    0.032 0.041 0.030 0.035 0.039  A 164320
   3674.82233 12.038 11.978 12.061 12.064 12.033    0.031 0.042 0.029 0.032 0.037  A 164748
   3677.82042 12.740 12.766 12.643 12.591 12.561    0.036 0.046 0.033 0.037 0.042  A 165176
   3700.74872 11.790 11.761 11.824 11.862 11.846    0.047 0.081 0.041 0.044 0.046  A 168077
   3703.63570 11.852 11.791 11.869 11.891 11.922    0.029 0.034 0.029 0.033 0.037  A 168426
   3703.66294 11.827 11.803 11.849 11.854 11.849    0.027 0.041 0.028 0.032 0.036  A 168436
   3703.69355 11.817 11.773 11.846 11.869 11.880    0.030 0.041 0.029 0.033 0.036  A 168446
   3703.72231 11.839 11.827 11.858 11.850 11.841    0.026 0.034 0.027 0.032 0.036  A 168456
   3703.74495 11.886 11.854 11.904 11.914 11.930    0.026 0.034 0.026 0.031 0.034  A 168464
   3703.75139 11.845 11.787 11.861 11.863 11.831    0.034 0.058 0.031 0.035 0.038  A 168466
   3703.78271 11.901 11.933 11.889 11.877 11.902    0.031 0.041 0.030 0.034 0.038  A 168476
   3703.80928 11.922 11.913 11.922 11.928 11.924    0.030 0.037 0.029 0.033 0.037  A 168486
   3703.83755 11.945 11.938 11.955 11.959 11.952    0.033 0.048 0.030 0.034 0.038  A 168496
   3704.63934 11.893 11.863 11.920 11.938 11.948    0.034 0.037 0.035 0.039 0.043  A 168569
   3704.66757 11.803 11.796 11.814 11.810 11.806    0.030 0.036 0.030 0.035 0.040  A 168579
   3704.69694 11.877 11.836 11.894 11.884 11.869    0.036 0.038 0.040 0.046 0.052  A 168589
   3704.72599 11.793 11.791 11.787 11.787 11.798    0.027 0.037 0.028 0.032 0.036  A 168599
   3704.75526 11.823 11.773 11.830 11.844 11.828    0.030 0.043 0.030 0.033 0.037  A 168609
   3704.78223 11.734 11.704 11.752 11.765 11.772    0.038 0.063 0.032 0.035 0.039  A 168619
   3704.81428 11.745 11.757 11.761 11.782 11.789    0.031 0.040 0.030 0.034 0.038  A 168629
   3704.84732 11.710 11.690 11.738 11.774 11.761    0.037 0.057 0.033 0.037 0.041  A 168639
   3705.62286 12.036 12.005 12.056 12.056 12.037    0.031 0.037 0.032 0.038 0.044  A 168701
   3705.65375 12.029 11.981 12.032 12.023 12.055    0.030 0.032 0.032 0.038 0.044  A 168711
   3705.68530 12.001 11.969 12.011 12.012 12.016    0.029 0.036 0.031 0.038 0.044  A 168721
   3705.71625 12.060 12.025 12.089 12.062 12.000    0.034 0.041 0.036 0.042 0.049  A 168731
   3705.74540 12.009 11.960 12.031 12.031 12.046    0.047 0.077 0.044 0.050 0.055  A 168741
   3705.77395 12.049 12.051 12.042 12.041 12.028    0.034 0.043 0.035 0.042 0.048  A 168751
   3705.80433 12.016 12.021 12.021 12.014 12.015    0.036 0.047 0.036 0.044 0.050  A 168761
   3705.83872 12.076 12.046 12.079 12.068 12.042    0.037 0.046 0.037 0.044 0.050  A 168771
   3706.61764 11.866 11.850 11.880 11.906 11.945    0.032 0.034 0.034 0.041 0.049  A 168833
   3706.64652 11.835 11.824 11.875 11.903 11.911    0.033 0.041 0.036 0.043 0.050  A 168843
   3706.67759 11.858 11.849 11.869 11.879 11.881    0.031 0.032 0.034 0.041 0.047  A 168853
   3706.70721 11.886 11.825 11.906 11.899 11.902    0.033 0.040 0.032 0.039 0.045  A 168863
   3706.73038 99.999 99.999 99.999 99.999 99.999    0.053 0.080 0.046 0.050 0.055  C 168871
   3706.73668 11.891 11.937 11.897 11.916 11.897    0.034 0.045 0.035 0.042 0.047  A 168873
   3706.76624 11.924 11.904 11.922 11.906 11.875    0.040 0.047 0.038 0.043 0.049  A 168883
   3706.79683 11.971 12.078 11.897 11.870 11.879    0.046 0.073 0.041 0.046 0.051  A 168893
   3706.82477 11.883 11.843 11.921 11.933 11.936    0.043 0.074 0.040 0.045 0.050  A 168903
   3706.85283 11.986 11.888 11.972 11.971 11.994    0.044 0.066 0.039 0.044 0.051  A 168913
   3707.62480 11.868 11.890 11.875 11.923 11.966    0.030 0.042 0.032 0.037 0.042  A 168976
   3707.65373 11.819 11.821 11.833 11.854 11.851    0.027 0.032 0.026 0.032 0.036  A 168986
   3707.68066 11.867 11.917 11.864 11.883 11.886    0.034 0.057 0.030 0.034 0.037  A 168996
   3707.70994 11.816 11.793 11.832 11.848 11.850    0.034 0.054 0.030 0.034 0.038  A 169006
   3707.74128 11.792 11.802 11.790 11.791 11.781    0.028 0.034 0.026 0.030 0.034  A 169016
   3707.77404 11.749 11.715 11.752 11.786 11.807    0.034 0.044 0.029 0.033 0.036  A 169026
   3707.80344 11.765 11.698 11.766 11.746 11.733    0.034 0.059 0.031 0.035 0.038  A 169036
   3707.83492 11.838 11.801 11.863 11.874 11.883    0.028 0.032 0.027 0.031 0.034  A 169046
   3707.86414 11.807 11.769 11.800 11.797 11.818    0.033 0.036 0.031 0.038 0.042  A 169056
   3708.63761 12.018 11.964 12.048 12.054 12.043    0.029 0.036 0.029 0.034 0.038  A 169120
   3708.66596 12.033 11.987 12.057 12.075 12.116    0.029 0.036 0.029 0.033 0.038  A 169130
   3708.69449 12.064 12.069 12.073 12.086 12.122    0.028 0.034 0.027 0.032 0.036  A 169140
   3708.72151 12.025 12.035 12.025 12.031 12.041    0.027 0.039 0.028 0.032 0.037  A 169150
   3708.75051 12.046 12.035 12.054 12.070 12.072    0.028 0.041 0.027 0.031 0.035  A 169160
   3708.78044 12.125 12.085 12.128 12.103 12.098    0.035 0.042 0.035 0.042 0.047  A 169170
   3708.80989 11.987 11.921 12.024 12.058 12.079    0.033 0.050 0.031 0.035 0.040  A 169180
   3708.83962 12.047 12.000 12.090 12.130 12.162    0.030 0.034 0.028 0.033 0.037  A 169190
   3711.62340 12.065 12.070 12.052 12.057 12.032    0.027 0.031 0.026 0.031 0.035  A 169256
   3711.65119 12.040 12.054 12.049 12.070 12.088    0.025 0.031 0.027 0.031 0.035  A 169266
   3711.67859 12.100 12.059 12.135 12.150 12.162    0.032 0.046 0.028 0.032 0.036  A 169276
   3711.70747 12.020 12.010 12.029 12.030 12.012    0.026 0.034 0.027 0.032 0.036  A 169286
   3711.73824 12.067 12.097 12.035 12.000 12.030    0.032 0.055 0.030 0.034 0.038  A 169296
   3711.76681 11.985 11.961 11.989 11.992 11.999    0.033 0.047 0.030 0.035 0.040  A 169306
   3711.78978 12.043 12.030 12.050 12.040 12.025    0.032 0.047 0.029 0.033 0.037  A 169314
   3711.79518 11.946 11.904 11.956 11.966 11.958    0.039 0.066 0.034 0.038 0.041  A 169316
   3711.82257 11.989 11.980 11.976 11.964 11.953    0.037 0.059 0.031 0.036 0.040  A 169326
   3711.85171 12.018 11.968 12.045 12.065 12.048    0.035 0.046 0.032 0.036 0.039  A 169336
   3713.74623 11.770 11.755 11.779 11.779 11.768    0.031 0.042 0.033 0.038 0.043  A 169585
   3716.70949 11.811 11.759 11.839 11.877 11.925    0.032 0.038 0.034 0.041 0.047  A 169968
   3722.73011 11.805 11.780 11.897 11.962 12.027    0.047 0.083 0.045 0.054 0.060  B 170725
   3725.71139 99.999 99.999 99.999 99.999 99.999    0.033 0.050 0.033 0.039 0.043  C 171025
   3727.75474 12.014 11.960 12.053 12.097 12.108    0.040 0.057 0.038 0.044 0.048  A 171314
   3731.70931 11.895 11.830 11.917 11.939 11.953    0.047 0.050 0.045 0.049 0.053  A 171708
   3734.68761 11.888 11.906 11.906 11.928 11.931    0.039 0.048 0.044 0.053 0.061  A 172088
   3737.67329 11.910 11.955 11.910 11.927 11.953    0.043 0.079 0.037 0.040 0.042  A 172498
   3739.72051 12.067 12.062 12.048 12.024 11.974    0.031 0.040 0.030 0.034 0.039  A 172795
   3741.73476 11.813 11.772 11.838 11.865 11.887    0.035 0.056 0.031 0.036 0.040  A 173055
   3744.67919 11.764 11.686 11.789 11.795 11.828    0.035 0.045 0.035 0.040 0.045  A 173426
   3749.65404 12.031 12.007 12.040 12.060 12.094    0.040 0.052 0.043 0.051 0.059  A 174101
   3751.75117 11.990 11.881 11.980 11.925 11.870    0.051 0.083 0.050 0.057 0.064  B 174414
   3754.63651 12.627 12.649 12.611 12.622 12.654    0.049 0.081 0.045 0.049 0.053  A 174787
   3756.70419 11.783 11.706 11.825 11.860 11.921    0.050 0.082 0.048 0.056 0.063  B 175080
   3758.72650 12.032 12.048 12.041 12.035 11.989    0.036 0.058 0.033 0.038 0.041  A 175371
   3761.64757 11.977 11.957 11.972 11.960 11.901    0.044 0.077 0.045 0.053 0.059  A 175740
   3763.73902 11.777 11.710 11.785 11.783 11.836    0.063 0.091 0.059 0.064 0.069  B 176047
   3766.61253 11.931 11.826 11.987 12.020 12.005    0.055 0.090 0.051 0.056 0.061  B 176429
   3768.71522 11.886 11.871 11.900 11.887 11.885    0.047 0.058 0.042 0.046 0.051  A 176737
   3771.57899 11.803 11.855 11.810 11.826 11.820    0.040 0.057 0.039 0.045 0.052  A 177098
   3776.58124 12.036 11.955 12.069 12.105 12.106    0.054 0.088 0.050 0.056 0.061  B 177775
   3778.60615 11.726 11.738 11.752 11.789 11.811    0.043 0.064 0.042 0.048 0.055  A 178091
   3780.66273 11.984 11.929 11.991 11.973 11.981    0.042 0.059 0.044 0.053 0.060  A 178382
   3783.68988 11.884 11.889 11.891 11.914 11.982    0.054 0.075 0.053 0.064 0.072  B 178687
   3788.58962 12.011 11.953 12.014 12.045 12.040    0.039 0.072 0.037 0.042 0.046  A 178960
   3790.64303 11.919 11.914 11.944 11.952 11.951    0.048 0.082 0.044 0.048 0.052  B 179249
   3793.59950 11.828 11.887 11.817 11.849 11.856    0.052 0.088 0.049 0.057 0.062  B 179678
   3795.64163 12.010 11.984 12.065 12.130 12.148    0.033 0.045 0.031 0.036 0.040  A 179979
   3798.57772 11.984 12.023 11.949 11.906 11.932    0.050 0.084 0.041 0.044 0.048  B 180379
   3806.54297 11.858 11.814 11.893 11.925 11.892    0.033 0.045 0.034 0.040 0.045  A 181436
   3809.56675 11.911 11.904 11.951 11.989 11.924    0.041 0.059 0.041 0.049 0.054  A 181798
   3811.58094 11.992 11.983 12.053 12.095 12.149    0.042 0.069 0.041 0.049 0.056  A 182116
   3813.60085 11.969 11.987 11.974 12.017 12.001    0.044 0.078 0.042 0.049 0.057  A 182444
   3816.54738 12.006 11.965 12.029 12.062 12.031    0.047 0.088 0.040 0.044 0.047  B 182901
   3818.57972 11.816 11.761 11.842 11.854 11.853    0.040 0.062 0.036 0.040 0.042  A 183234
   3820.58793 12.118 12.152 12.148 12.137 12.116    0.045 0.074 0.045 0.052 0.058  A 183561
   3823.53385 12.112 12.146 12.129 12.178 12.266    0.047 0.080 0.044 0.051 0.058  A 184030
   3825.56482 12.178 12.178 12.228 12.250 12.210    0.042 0.061 0.043 0.054 0.062  A 184375
   3833.51437 11.784 11.794 11.771 11.769 11.807    0.046 0.071 0.046 0.056 0.063  A 185727
   3835.53131 12.109 12.035 12.159 12.231 12.205    0.047 0.075 0.047 0.057 0.066  A 186085
   3849.48979 11.775 11.717 11.798 11.818 11.833    0.035 0.046 0.037 0.041 0.045  A 187043
   3852.48071 11.820 11.703 11.842 11.837 11.827    0.046 0.081 0.041 0.046 0.050  A 187553
   3858.46104 12.065 11.994 12.121 12.188 12.245    0.039 0.045 0.040 0.047 0.052  A 188468
   3862.46522 11.924 11.910 11.920 11.905 11.855    0.044 0.073 0.040 0.044 0.048  A 189141
   4091.68126 11.814 11.893 11.859 11.891 11.936    0.062 0.095 0.051 0.054 0.060  B 209397
   4104.68241 11.804 11.777 11.840 11.884 11.936    0.050 0.071 0.051 0.060 0.070  A 210713
   4106.72571 11.957 11.934 11.980 12.040 12.068    0.036 0.042 0.039 0.047 0.054  A 210988
   4109.78193 11.949 11.877 11.973 12.010 12.042    0.039 0.054 0.039 0.044 0.049  A 211290
   4125.66183 11.791 11.729 11.817 11.833 11.868    0.037 0.056 0.033 0.036 0.041  A 211543
   4127.67725 12.039 11.971 12.050 12.050 11.993    0.039 0.063 0.035 0.039 0.042  A 211811
   4131.64654 11.927 11.941 11.939 11.989 12.007    0.051 0.089 0.045 0.051 0.054  B 212318
   4133.65924 12.089 12.023 12.156 12.249 12.265    0.040 0.061 0.039 0.047 0.054  A 212591
   4135.68180 11.810 11.770 11.825 11.870 11.927    0.036 0.059 0.036 0.042 0.047  A 212868
   4137.68421 11.920 11.870 11.952 11.976 11.969    0.033 0.044 0.032 0.037 0.042  A 213145
   4146.67122 11.957 11.949 11.950 11.928 11.928    0.037 0.057 0.035 0.039 0.044  A 214424
   4150.61274 11.845 11.921 11.826 11.810 11.791    0.049 0.093 0.043 0.046 0.048  B 214804
   4152.62677 11.963 11.896 11.976 11.975 11.959    0.035 0.054 0.033 0.038 0.042  A 215114
   4154.65341 11.899 11.845 11.932 11.948 11.963    0.045 0.078 0.039 0.043 0.046  A 215421
   4159.53124 11.885 11.879 11.910 11.943 11.956    0.038 0.062 0.036 0.042 0.047  A 216108
   4161.54278 12.062 11.996 12.102 12.141 12.158    0.032 0.044 0.033 0.039 0.043  A 216429
   4163.56715 12.009 12.017 12.006 12.025 12.029    0.049 0.088 0.047 0.053 0.059  B 216733
   4165.59574 11.840 11.815 11.865 11.895 11.970    0.050 0.085 0.048 0.053 0.058  B 217027
   4168.62440 11.865 11.809 11.904 11.967 11.992    0.044 0.070 0.038 0.042 0.046  A 217452
   4173.60074 12.018 11.951 12.010 11.993 11.966    0.048 0.071 0.047 0.052 0.057  A 218060
   4175.60380 11.792 11.781 11.790 11.839 11.905    0.048 0.062 0.047 0.053 0.061  A 218370
   4179.58465 12.044 12.045 12.025 12.022 11.991    0.041 0.063 0.039 0.046 0.051  A 218819
   4182.55045 12.086 12.084 12.118 12.154 12.150    0.045 0.066 0.034 0.039 0.044  A 219231
   4186.49582 11.931 11.922 11.942 11.963 12.018    0.034 0.041 0.031 0.036 0.040  A 219811
   4190.50040 11.744 11.764 11.770 11.794 11.796    0.034 0.039 0.031 0.036 0.041  A 220190
   4192.52430 11.929 11.855 11.935 11.971 12.000    0.042 0.062 0.040 0.046 0.051  A 220522
   4196.52254 11.815 11.844 11.884 11.957 12.046    0.057 0.068 0.055 0.067 0.079  B 221006
   4198.53065 11.953 11.980 11.970 11.980 11.944    0.049 0.063 0.053 0.066 0.077  B 221286
   4201.53166 12.040 12.003 12.077 12.083 12.081    0.033 0.041 0.031 0.036 0.040  A 221567
   4204.53032 12.029 11.974 12.051 12.058 12.060    0.042 0.059 0.036 0.040 0.044  A 221912
   4229.46302 11.973 11.938 11.975 11.989 11.950    0.040 0.063 0.035 0.039 0.044  A 223454
   4234.45401 11.874 11.857 11.916 11.946 11.909    0.040 0.049 0.038 0.044 0.049  A 224339
   4342.91293 11.977 11.900 11.976 12.004 12.055    0.043 0.055 0.041 0.049 0.056  A 237196
   4346.91217 11.715 11.739 11.713 11.718 11.753    0.036 0.045 0.036 0.042 0.048  A 237877
   4355.89992 11.813 11.774 11.826 11.854 11.877    0.034 0.042 0.032 0.035 0.040  A 239266
   4363.87726 12.125 12.057 12.138 12.148 12.162    0.041 0.046 0.036 0.041 0.048  A 240421
   4367.88159 11.910 11.880 11.904 11.916 11.927    0.038 0.045 0.036 0.043 0.049  A 240928
   4378.85142 12.203 12.152 12.287 12.349 99.999    0.050 0.052 0.055 0.066 0.077  C 242491
   4382.84258 11.915 11.927 11.932 11.941 11.922    0.036 0.042 0.032 0.037 0.043  A 243094
   4386.83842 11.823 11.802 11.820 11.821 11.834    0.037 0.044 0.032 0.036 0.040  A 243721
   4400.81677 11.982 11.995 11.977 11.991 11.929    0.056 0.059 0.067 0.085 0.103  D 245028
   4404.85881 11.938 11.875 99.999 99.999 99.999    0.039 0.042 0.036 0.041 0.046  C 245404
   4408.78719 11.841 11.831 11.869 11.906 11.912    0.034 0.039 0.033 0.040 0.047  A 245771
   4411.80777 11.698 11.652 11.754 11.840 11.933    0.053 0.065 0.057 0.072 0.083  D 246146
   4420.81718 11.902 11.834 11.962 11.982 11.982    0.045 0.050 0.048 0.057 0.066  A 246511
   4423.78351 11.789 11.775 11.813 11.844 11.869    0.036 0.041 0.036 0.042 0.049  A 246780
   4427.76578 11.917 11.840 11.929 11.931 11.949    0.037 0.044 0.036 0.043 0.048  A 247096
   4432.78374 11.844 11.785 11.877 11.908 11.902    0.036 0.044 0.036 0.043 0.049  A 247715
   4435.73798 11.884 11.893 11.879 11.856 11.851    0.034 0.046 0.031 0.035 0.039  A 248061
   4438.72615 11.908 11.862 11.922 11.927 11.927    0.038 0.043 0.037 0.041 0.046  A 248433
   4441.71676 11.913 11.976 11.913 11.937 11.928    0.040 0.056 0.034 0.038 0.042  A 248805
   4444.73695 11.962 11.925 11.998 12.039 12.043    0.033 0.039 0.029 0.033 0.038  A 249118
   4453.68213 12.005 11.955 12.025 12.056 12.076    0.033 0.039 0.032 0.038 0.043  A 250137
   4455.77638 11.932 11.928 11.970 12.026 12.031    0.044 0.067 0.040 0.046 0.052  A 250384
   4459.71170 11.962 11.957 11.946 11.957 11.959    0.043 0.051 0.045 0.053 0.060  A 250832
   4461.79997 11.853 11.833 11.900 11.963 12.023    0.042 0.048 0.040 0.047 0.054  A 251089
   4464.65943 11.954 11.880 11.984 12.005 12.029    0.035 0.047 0.033 0.038 0.042  A 251420
   4466.76031 11.883 11.856 11.901 11.912 11.895    0.044 0.067 0.041 0.046 0.051  A 251682
   4469.67636 11.849 11.802 11.861 11.887 11.919    0.038 0.051 0.036 0.042 0.047  A 251992
   4472.75361 12.015 12.151 11.956 11.938 11.854    0.059 0.088 0.058 0.070 0.078  B 252264
   4475.64808 11.904 11.841 11.906 11.932 11.931    0.033 0.043 0.032 0.035 0.039  A 252595
   4478.65253 11.864 11.834 11.869 11.875 11.847    0.044 0.067 0.039 0.043 0.048  A 252881
   4480.77402 12.029 12.058 12.082 12.154 12.209    0.060 0.072 0.064 0.074 0.087  D 253177
   4487.63580 12.038 12.057 12.051 12.120 12.211    0.047 0.069 0.044 0.051 0.058  A 253822
   4489.65360 11.960 11.848 11.974 12.004 12.019    0.038 0.049 0.036 0.042 0.048  A 254067
   4491.69127 11.750 11.711 11.754 11.761 11.770    0.039 0.054 0.034 0.039 0.045  A 254294
   4493.71950 11.990 11.951 11.996 11.983 11.982    0.039 0.057 0.034 0.037 0.041  A 254551
   4497.60889 11.881 11.891 11.894 11.920 11.942    0.034 0.048 0.030 0.034 0.038  A 254758
   4499.69143 12.052 12.003 12.039 12.015 12.042    0.044 0.066 0.040 0.044 0.050  A 255044
   4504.69529 11.798 11.784 11.804 11.832 11.854    0.048 0.063 0.048 0.055 0.067  A 255722
   4507.59459 11.840 11.847 11.824 11.811 11.842    0.041 0.054 0.039 0.046 0.053  A 256126
   4509.67822 12.035 12.029 12.042 12.067 12.080    0.047 0.066 0.045 0.053 0.059  A 256435
   4516.67423 11.730 11.690 11.776 11.824 11.873    0.051 0.069 0.052 0.061 0.072  A 257132
   4519.56906 11.757 11.683 11.799 11.830 11.836    0.045 0.071 0.042 0.049 0.055  A 257544
   4521.60482 11.958 11.836 11.967 11.959 11.937    0.042 0.064 0.036 0.040 0.044  A 257831
   4523.62796 12.073 11.890 12.128 12.151 12.241    0.045 0.063 0.043 0.053 0.060  A 258148
   4525.64384 11.816 11.760 11.834 11.846 11.854    0.051 0.070 0.049 0.056 0.065  A 258438
   4528.56978 11.836 11.862 11.797 11.783 11.758    0.048 0.071 0.045 0.051 0.058  A 258859
   4530.63510 12.009 11.949 12.055 12.119 12.139    0.043 0.058 0.041 0.047 0.053  A 259183
   4533.56862 12.099 12.105 12.083 12.088 12.067    0.038 0.044 0.036 0.041 0.048  A 259602
   4536.60838 11.988 11.929 11.994 11.967 11.925    0.043 0.059 0.039 0.045 0.052  A 259920
   4541.58282 12.123 12.139 12.130 12.167 12.228    0.041 0.059 0.038 0.045 0.050  A 260652
   4543.59981 11.831 11.818 11.830 11.840 11.811    0.047 0.068 0.047 0.056 0.063  A 260970
   4546.55206 11.860 11.897 11.862 11.868 11.873    0.048 0.068 0.050 0.059 0.066  A 261408
   4548.55636 12.092 12.083 12.129 12.123 12.138    0.042 0.058 0.041 0.049 0.056  A 261745
   4554.53423 11.981 11.931 11.971 11.945 11.903    0.040 0.047 0.039 0.045 0.051  A 262504
   4556.55256 11.842 11.845 11.881 11.944 11.958    0.046 0.061 0.045 0.054 0.062  A 262825
   4558.56082 11.966 11.937 11.978 11.995 12.011    0.034 0.040 0.031 0.035 0.040  A 263169
   4561.54416 11.960 11.976 11.989 12.025 12.046    0.038 0.046 0.037 0.043 0.049  A 263665
   4564.51373 11.999 11.935 12.009 12.015 12.023    0.042 0.061 0.039 0.045 0.051  A 264155
   4569.48003 11.733 11.653 11.771 11.830 11.772    0.058 0.074 0.058 0.069 0.079  B 264947
   4571.52492 11.853 11.810 11.850 11.828 11.827    0.042 0.054 0.039 0.046 0.052  A 265299
   4574.50161 11.877 11.791 11.884 11.866 11.865    0.047 0.064 0.046 0.053 0.061  A 265793
#ndata= 2
#dataset= 3 ; 1 F0552+16_434
#desig= 060722+0834.1
#cra=    6.122769  06:07:22.0
#cdec=   8.567711 08:34:03.8
#class= 0
#cmag_0= 11.661
#cmer_0=  0.165
#nskip_0= 0
#cmag_1= 11.622
#cmer_1=  0.216
#nskip_1= 0
#cmag_2= 11.627
#cmer_2=  0.218
#nskip_2= 0
#cmag_3= 11.661
#cmer_3=  0.197
#nskip_3= 0
#cmag_4= 11.758
#cmer_4=  0.215
#nskip_4= 0
#ra=    6.122769  06:07:22.0
#dec=   8.567711 08:34:03.8
#     HJD      MAG_1  MAG_0  MAG_2  MAG_3  MAG_4    MER_1 MER_0 MER_2 MER_3 MER_4 GRADE FRAME
   3449.50138 11.470 11.545 11.473 11.522 11.606    0.051 0.088 0.049 0.058 0.065  A 135018
   3451.52705 11.775 11.777 11.781 11.800 11.911    0.063 0.083 0.064 0.073 0.082  D 135386
#ndata= 3
#dataset= 4 ; 1 F0624+16_435
#desig= 060722+0834.0
#cra=    6.122787  06:07:22.0
#cdec=   8.567342 08:34:02.4
#class= 0
#cmag_0= 11.887
#cmer_0=  0.185
#nskip_0= 0
#cmag_1= 11.864
#cmer_1=  0.193
#nskip_1= 0
#cmag_2= 11.891
#cmer_2=  0.239
#nskip_2= 0
#cmag_3= 11.953
#cmer_3=  0.288
#nskip_3= 0
#cmag_4= 11.978
#cmer_4=  0.319
#nskip_4= 0
#ra=    6.122787  06:07:22.0
#dec=   8.567342 08:34:02.4
#     HJD      MAG_1  MAG_0  MAG_2  MAG_3  MAG_4    MER_1 MER_0 MER_2 MER_3 MER_4 GRADE FRAME
   3387.71431 11.814 11.832 11.811 11.829 11.840    0.038 0.053 0.035 0.040 0.045  A 126343
   3390.59451 11.692 11.739 11.718 11.796 11.804    0.040 0.055 0.040 0.046 0.053  A 126705
   3451.53043 12.086 12.092 12.146 12.235 12.290    0.058 0.088 0.060 0.071 0.080  B 135387
