#ndata= 3
#dataset= 1 ; 1 F0600-32_168
#desig= 061222-2616.0
#cra=    6.206135  06:12:22.1
#cdec= -26.266031 -26:15:57.7
#class= 0
#cmag_0= 13.039
#cmer_0=  0.160
#nskip_0= 0
#cmag_1= 13.145
#cmer_1=  0.264
#nskip_1= 0
#cmag_2= 13.247
#cmer_2=  0.375
#nskip_2= 0
#cmag_3= 13.288
#cmer_3=  0.440
#nskip_3= 0
#cmag_4= 13.240
#cmer_4=  0.422
#nskip_4= 0
#ra=    6.206135  06:12:22.1
#dec= -26.266031 -26:15:57.7
#     HJD      MAG_0  MAG_1  MAG_2  MAG_3  MAG_4    MER_0 MER_1 MER_2 MER_3 MER_4 GRADE FRAME
   2140.89995 12.842 12.892 12.939 12.983 12.997    0.070 0.049 0.050 0.059 0.069  B 30299
   2151.88684 13.068 13.265 13.470 13.604 13.592    0.066 0.053 0.058 0.070 0.088  D 31496
   3382.63840 13.208 13.276 13.334 13.276 13.131    0.089 0.057 0.055 0.061 0.070  B 125627
#ndata= 90
#dataset= 2 ; 1 F0552-24_209
#desig= 061223-2615.8
#cra=    6.206285  06:12:22.6
#cdec= -26.262964 -26:15:46.7
#class= 0
#cmag_0= 13.211
#cmer_0=  0.000
#nskip_0= 0
#cmag_1= 13.134
#cmer_1=  0.000
#nskip_1= 0
#cmag_2= 13.093
#cmer_2=  0.000
#nskip_2= 0
#cmag_3= 13.167
#cmer_3=  0.000
#nskip_3= 0
#cmag_4= 13.097
#cmer_4=  0.000
#nskip_4= 0
#ra=    6.206285  06:12:22.6
#dec= -26.262964 -26:15:46.7
#     HJD      MAG_0  MAG_1  MAG_2  MAG_3  MAG_4    MER_0 MER_1 MER_2 MER_3 MER_4 GRADE FRAME
   2216.75646 29.999 29.999 29.999 29.999 29.999    0.050 0.043 0.037 0.043 0.044  C 38622
   2230.73428 13.212 13.135 13.094 13.168 13.097    0.051 0.043 0.035 0.041 0.041  A 40350
#dataset= 2 ; 2 F0552-24_209
#desig= 061222-2616.0
#cra=    6.206090  06:12:21.9
#cdec= -26.266427 -26:15:59.1
#class= 0
#cmag_0= 12.964
#cmer_0=  0.138
#nskip_0= 0
#cmag_1= 13.005
#cmer_1=  0.138
#nskip_1= 0
#cmag_2= 13.033
#cmer_2=  0.147
#nskip_2= 0
#cmag_3= 13.043
#cmer_3=  0.158
#nskip_3= 1
#cmag_4= 13.014
#cmer_4=  0.183
#nskip_4= 0
#ra=    6.206090  06:12:21.9
#dec= -26.266427 -26:15:59.1
#     HJD      MAG_0  MAG_1  MAG_2  MAG_3  MAG_4    MER_0 MER_1 MER_2 MER_3 MER_4 GRADE FRAME
   1997.49823 13.046 13.129 13.119 13.202 13.170    0.070 0.056 0.046 0.054 0.054  A 13989
   2189.82662 12.929 12.964 13.011 13.019 13.021    0.046 0.038 0.031 0.035 0.035  A 34840
   2197.77342 12.824 12.885 12.933 12.972 12.948    0.050 0.035 0.029 0.031 0.034  A 36195
   2198.82061 12.755 12.734 12.812 12.893 12.923    0.051 0.036 0.030 0.032 0.034  A 36395
   2201.76348 13.077 13.081 13.072 13.045 12.942    0.050 0.037 0.030 0.033 0.036  A 36798
   2202.85984 13.066 13.049 13.031 13.096 13.061    0.052 0.040 0.033 0.037 0.039  A 37005
   2206.75528 12.945 12.920 12.947 12.978 12.994    0.048 0.039 0.031 0.033 0.036  A 37538
   2213.75440 13.051 13.093 13.103 13.099 13.202    0.048 0.040 0.033 0.037 0.039  A 38138
   2214.76164 13.016 13.016 13.033 13.041 12.991    0.052 0.043 0.037 0.043 0.045  A 38290
   2217.79316 12.858 12.931 12.973 12.956 12.930    0.052 0.043 0.036 0.041 0.042  A 38806
   2222.76178 12.848 12.961 13.099 13.190 13.154    0.054 0.045 0.038 0.045 0.045  A 39238
   2224.74657 12.974 13.025 12.989 12.978 12.969    0.051 0.042 0.034 0.039 0.039  A 39395
   2225.78672 13.011 12.932 12.964 12.982 13.013    0.054 0.042 0.034 0.041 0.041  A 39574
   2226.75049 12.714 12.734 12.737 12.724 12.732    0.050 0.042 0.036 0.043 0.043  A 39711
   2228.74071 12.944 13.158 13.324 13.325 13.321    0.054 0.044 0.037 0.043 0.042  A 40025
   2232.72942 13.042 13.084 13.082 13.057 12.943    0.051 0.041 0.034 0.040 0.040  A 40514
   2233.72764 12.953 12.982 13.027 12.977 12.970    0.052 0.041 0.035 0.041 0.042  A 40670
   2234.73254 12.952 13.105 13.175 13.204 13.219    0.052 0.042 0.035 0.041 0.042  A 40830
   2235.72421 12.622 12.753 12.765 12.742 12.756    0.049 0.041 0.034 0.039 0.038  A 40982
   2240.70945 12.640 12.709 12.819 12.887 12.874    0.057 0.047 0.042 0.047 0.048  A 41611
   2241.71061 13.108 13.110 13.065 13.003 13.177    0.056 0.047 0.038 0.046 0.047  A 41771
   2628.64771 12.840 12.986 13.045 13.101 13.069    0.042 0.042 0.038 0.041 0.045  A 30724
   2660.68945 13.010 12.993 12.966 12.944 12.845    0.038 0.030 0.028 0.032 0.037  A 35960
   2696.65422 12.962 13.031 13.041 13.079 13.062    0.032 0.032 0.022 0.023 0.025  A 42098
   2738.54550 13.084 13.069 13.018 12.933 12.885    0.039 0.031 0.026 0.029 0.032  A 49563
   2744.54062 13.227 13.187 13.162 13.145 13.009    0.027 0.026 0.027 0.032 0.037  A 50694
   2751.51299 12.927 12.979 12.938 12.897 12.829    0.040 0.034 0.022 0.024 0.027  A 51777
   2754.51360 12.897 12.973 12.950 12.886 12.781    0.027 0.022 0.021 0.023 0.027  A 52192
   2761.48412 13.019 13.098 13.163 13.241 13.231    0.023 0.021 0.019 0.021 0.023  A 53566
   2763.48000 13.060 13.106 13.158 13.172 13.148    0.023 0.022 0.020 0.023 0.025  A 53960
   2766.48957 12.826 12.885 12.883 12.912 12.943    0.035 0.041 0.026 0.028 0.029  A 54463
   2859.90638 13.074 13.082 13.063 13.044 13.087    0.029 0.034 0.026 0.031 0.031  A 66654
   2924.82552 13.208 13.177 13.128 13.085 13.108    0.028 0.033 0.028 0.032 0.034  A 75707
   2934.79398 12.943 13.024 13.076 13.102 13.050    0.025 0.023 0.021 0.024 0.026  A 77315
   2961.73094 13.049 13.081 13.090 13.122 13.021    0.028 0.024 0.022 0.027 0.029  A 80955
   2963.78352 13.090 13.098 13.197 13.334 13.516    0.029 0.033 0.029 0.033 0.038  A 81255
   2971.69927 12.903 12.843 12.827 12.806 12.718    0.024 0.025 0.023 0.027 0.031  A 82269
   2978.72449 12.810 12.879 12.938 13.011 12.969    0.040 0.027 0.027 0.031 0.035  A 83161
   3016.73062 13.027 12.926 12.926 12.914 12.860    0.025 0.024 0.024 0.028 0.032  A 87778
   3018.72866 12.896 12.901 12.978 13.088 13.064    0.028 0.028 0.029 0.034 0.039  A 88049
   3031.64001 12.998 12.997 13.086 13.109 13.108    0.029 0.024 0.025 0.031 0.036  A 88849
   3035.64283 13.023 13.124 13.165 13.131 13.048    0.030 0.026 0.026 0.030 0.034  A 89253
   3039.66901 13.001 12.955 13.033 13.125 13.077    0.029 0.028 0.028 0.033 0.039  A 89545
   3042.66368 12.749 12.820 12.817 12.776 12.701    0.030 0.028 0.029 0.035 0.039  A 89804
   3044.69160 13.172 13.311 13.460 13.553 13.389    0.027 0.026 0.027 0.032 0.035  A 90074
   3047.62519 12.934 12.995 13.041 13.059 12.991    0.042 0.035 0.039 0.044 0.049  A 90460
   3050.59539 12.931 12.953 12.917 12.945 12.901    0.027 0.024 0.022 0.026 0.029  A 90847
   3052.69106 13.143 13.220 13.444 13.725 13.624    0.034 0.035 0.038 0.042 0.045  A 91151
   3054.70756 12.915 13.009 12.990 12.960 12.896    0.035 0.035 0.037 0.043 0.047  A 91428
   3057.57395 12.968 13.121 13.160 13.102 12.962    0.035 0.036 0.035 0.040 0.047  A 91797
   3061.67922 12.938 13.000 13.028 13.025 13.051    0.027 0.027 0.025 0.029 0.034  A 92371
   3064.57215 12.934 12.964 12.914 12.854 12.715    0.028 0.026 0.024 0.028 0.032  A 92726
   3067.61407 12.832 12.895 12.971 12.943 12.833    0.029 0.024 0.023 0.027 0.032  A 93039
   3069.64050 12.942 13.043 13.046 13.023 12.962    0.032 0.030 0.033 0.041 0.048  A 93341
   3071.65124 12.831 12.970 12.973 12.957 12.951    0.031 0.031 0.032 0.040 0.047  A 93633
   3074.59443 12.954 13.064 13.020 12.993 12.940    0.031 0.033 0.037 0.047 0.058  A 93975
   3076.61884 13.077 13.056 12.984 12.934 12.916    0.027 0.028 0.028 0.033 0.039  A 94261
   3078.62183 13.006 13.038 13.078 13.236 13.312    0.033 0.033 0.035 0.040 0.045  A 94565
   3080.63469 12.952 12.893 12.793 12.709 12.674    0.045 0.046 0.048 0.056 0.064  A 94857
   3085.59696 12.941 13.013 13.035 13.042 13.049    0.027 0.025 0.025 0.029 0.033  A 95284
   3087.59522 29.999 29.999 29.999 29.999 29.999    0.035 0.034 0.032 0.035 0.041  C 95595
   3089.61940 29.999 29.999 29.999 29.999 29.999    0.036 0.038 0.041 0.049 0.058  C 95906
   3092.51547 13.059 13.110 13.183 13.276 13.160    0.025 0.026 0.024 0.026 0.029  A 96336
   3096.57622 12.967 12.994 13.019 13.014 12.933    0.027 0.026 0.026 0.031 0.035  A 96635
   3099.51501 13.033 13.063 13.171 13.353 13.431    0.030 0.029 0.030 0.036 0.042  A 97084
   3101.55208 12.911 12.895 12.942 13.000 12.814    0.030 0.030 0.031 0.035 0.041  A 97399
   3103.55870 13.145 13.159 13.172 13.140 13.038    0.028 0.029 0.029 0.033 0.038  A 97717
   3105.55868 12.635 12.647 12.789 12.986 12.976    0.047 0.045 0.046 0.051 0.058  A 98036
   3107.56146 13.165 13.225 13.112 12.980 12.900    0.030 0.027 0.026 0.030 0.034  A 98354
   3110.49310 12.940 13.008 12.960 12.976 12.971    0.033 0.025 0.024 0.028 0.032  A 98805
   3112.52395 13.220 13.214 13.241 13.305 13.068    0.031 0.027 0.028 0.033 0.038  A 99120
   3114.53688 12.936 12.900 12.966 13.072 13.100    0.027 0.024 0.024 0.029 0.033  A 99457
   3122.52518 12.925 12.922 13.006 13.078 13.103    0.028 0.029 0.027 0.031 0.036  A 100170
   3129.47146 13.164 13.192 13.110 12.994 12.898    0.031 0.035 0.039 0.047 0.053  A 101310
   3132.46929 29.999 29.999 29.999 29.999 29.999    0.026 0.026 0.025 0.030 0.034  C 101761
   3142.46508 12.808 12.838 12.882 12.910 12.842    0.027 0.027 0.025 0.029 0.033  A 103051
   3382.63840 13.191 13.229 13.277 13.232 13.073    0.086 0.049 0.041 0.044 0.048  B 125627
#dataset= 2 ; 3 F0552-24_209
#desig= 061223-2616.1
#cra=    6.206396  06:12:23.0
#cdec= -26.268456 -26:16:06.4
#class= 0
#cmag_0= 12.949
#cmer_0=  0.095
#nskip_0= 0
#cmag_1= 13.025
#cmer_1=  0.046
#nskip_1= 0
#cmag_2= 13.058
#cmer_2=  0.008
#nskip_2= 0
#cmag_3= 13.099
#cmer_3=  0.005
#nskip_3= 0
#cmag_4= 13.020
#cmer_4=  0.058
#nskip_4= 0
#ra=    6.206396  06:12:23.0
#dec= -26.268456 -26:16:06.4
#     HJD      MAG_0  MAG_1  MAG_2  MAG_3  MAG_4    MER_0 MER_1 MER_2 MER_3 MER_4 GRADE FRAME
   2204.75623 29.999 29.999 29.999 29.999 29.999    0.074 0.064 0.064 0.076 0.088  D 37263
   2215.80513 29.999 29.999 29.999 29.999 29.999    0.052 0.044 0.038 0.045 0.046  C 38477
   2227.77835 12.838 12.966 13.048 13.102 13.031    0.058 0.049 0.040 0.047 0.047  A 39876
   2229.74354 12.974 13.031 13.060 13.096 12.950    0.054 0.044 0.037 0.044 0.044  A 40189
   2237.72750 13.038 13.077 13.067 13.098 13.080    0.059 0.048 0.041 0.048 0.049  A 41302
   2239.71115 29.999 29.999 29.999 29.999 29.999    0.060 0.050 0.042 0.049 0.049  C 41454
   2242.70355 29.999 29.999 29.999 29.999 29.999    0.063 0.051 0.043 0.051 0.051  C 41929
   2243.70598 29.999 29.999 29.999 29.999 29.999    0.068 0.054 0.045 0.054 0.055  C 42086
   2462.94395 29.999 29.999 29.999 29.999 29.999    0.040 0.040 0.037 0.043 0.049  C 10532
   3059.64003 29.999 29.999 29.999 29.999 29.999    0.030 0.024 0.024 0.027 0.031  C 92082
   3126.48016 29.999 29.999 29.999 29.999 29.999    0.030 0.030 0.029 0.034 0.041  C 100827
#ndata= 522
#dataset= 3 ; 1 F0624-24_210
#desig= 061222-2616.0
#cra=    6.206085  06:12:21.9
#cdec= -26.266236 -26:15:58.5
#class= 0
#cmag_0= 13.000
#cmer_0=  0.133
#nskip_0= 1
#cmag_1= 13.009
#cmer_1=  0.135
#nskip_1= 1
#cmag_2= 13.023
#cmer_2=  0.145
#nskip_2= 3
#cmag_3= 13.035
#cmer_3=  0.169
#nskip_3= 4
#cmag_4= 12.998
#cmer_4=  0.194
#nskip_4= 5
#ra=    6.206085  06:12:21.9
#dec= -26.266236 -26:15:58.5
#     HJD      MAG_0  MAG_1  MAG_2  MAG_3  MAG_4    MER_0 MER_1 MER_2 MER_3 MER_4 GRADE FRAME
   1868.74123 12.982 13.044 13.107 13.178 13.177    0.048 0.025 0.022 0.026 0.028  A 124
   1869.73822 12.753 12.808 12.856 12.894 12.780    0.054 0.025 0.024 0.029 0.031  A 286
   1870.74155 12.861 12.961 13.014 13.049 12.952    0.061 0.027 0.025 0.029 0.032  A 435
   1871.77388 13.022 13.024 13.003 12.971 12.978    0.049 0.025 0.024 0.028 0.031  A 579
   1872.74863 12.836 12.834 12.830 12.804 12.751    0.053 0.026 0.024 0.027 0.030  A 729
   1873.74345 12.872 12.842 12.853 12.861 12.732    0.066 0.030 0.026 0.029 0.032  A 889
   1874.74891 12.995 13.006 13.040 13.083 13.083    0.057 0.028 0.025 0.028 0.031  A 1053
   1875.73250 12.699 12.726 12.769 12.810 12.734    0.049 0.025 0.023 0.025 0.028  A 1206
   1876.72914 12.976 12.971 12.971 12.964 12.926    0.047 0.024 0.022 0.025 0.027  A 1366
   1877.73222 12.964 12.985 12.979 12.958 12.946    0.037 0.023 0.021 0.024 0.027  A 1526
   1878.73347 12.727 12.771 12.772 12.749 12.720    0.042 0.025 0.022 0.026 0.029  A 1685
   1879.71795 13.031 13.022 13.030 13.041 13.009    0.038 0.025 0.021 0.025 0.027  A 1834
   1880.71886 13.019 12.966 12.915 12.901 12.860    0.058 0.031 0.028 0.032 0.036  A 1990
   1881.71564 12.793 12.843 12.842 12.802 12.734    0.040 0.023 0.021 0.025 0.027  A 2147
   1884.69946 12.865 12.874 12.916 12.971 12.974    0.038 0.023 0.022 0.025 0.029  A 2289
   1885.70972 12.949 12.984 13.055 13.104 13.036    0.031 0.024 0.021 0.024 0.027  A 2453
   1886.71109 12.914 12.945 12.949 12.922 12.829    0.035 0.025 0.021 0.025 0.028  A 2615
   1887.69979 12.721 12.793 12.752 12.689 12.605    0.036 0.027 0.023 0.028 0.031  A 2768
   1888.70144 13.154 13.020 13.008 12.998 12.863    0.044 0.026 0.026 0.031 0.033  A 2929
   1889.70043 12.757 12.773 12.794 12.823 12.942    0.044 0.029 0.029 0.035 0.038  A 3090
   1899.67546 13.118 13.075 13.104 13.098 13.030    0.035 0.024 0.022 0.025 0.028  A 3209
   1902.66462 13.024 13.050 13.068 13.073 13.075    0.028 0.022 0.019 0.022 0.026  A 3519
   1903.67886 12.964 12.907 12.891 12.865 12.843    0.037 0.023 0.021 0.025 0.028  A 3685
   1904.66406 12.832 12.834 12.848 12.892 12.844    0.041 0.023 0.023 0.026 0.029  A 3838
   1905.67080 13.088 13.075 13.069 13.063 12.897    0.030 0.021 0.019 0.022 0.026  A 4003
   1906.66150 12.811 12.843 12.840 12.838 12.811    0.031 0.023 0.020 0.023 0.026  A 4162
   1907.66883 12.781 12.812 12.823 12.824 12.736    0.031 0.024 0.019 0.022 0.024  A 4324
   1908.66110 13.164 13.139 13.154 13.159 13.032    0.032 0.024 0.021 0.023 0.026  A 4482
   1913.63779 13.048 13.040 13.022 13.025 12.912    0.027 0.022 0.021 0.025 0.028  A 4609
   1914.65384 12.894 12.975 12.956 12.927 12.887    0.029 0.028 0.021 0.024 0.028  A 4775
   1915.65554 12.863 12.895 12.939 12.983 12.940    0.033 0.023 0.020 0.023 0.026  A 4934
   1919.64368 12.894 12.977 13.021 13.040 13.001    0.032 0.030 0.026 0.031 0.034  A 5304
   1920.64791 13.165 13.201 13.289 13.411 13.272    0.032 0.026 0.023 0.027 0.031  A 5466
   1921.64076 12.849 12.904 12.910 12.900 12.860    0.030 0.027 0.023 0.026 0.031  A 5623
   1922.64046 13.090 13.081 13.144 13.212 13.163    0.030 0.027 0.021 0.024 0.027  A 5773
   1923.63808 12.949 12.960 12.985 13.008 12.995    0.027 0.023 0.020 0.023 0.027  A 5937
   1924.63309 12.883 12.883 12.922 12.999 13.057    0.038 0.031 0.032 0.037 0.040  A 6104
   1926.62801 12.889 12.871 12.859 12.860 12.767    0.028 0.024 0.021 0.024 0.027  A 6441
   1929.62719 12.875 12.869 12.878 12.878 12.867    0.029 0.024 0.019 0.022 0.026  A 6920
   1930.62520 12.877 12.857 12.853 12.831 12.738    0.030 0.025 0.019 0.022 0.025  A 7086
   1931.61794 13.143 13.109 13.204 13.327 13.241    0.031 0.028 0.023 0.026 0.031  A 7252
   1932.61716 12.776 12.817 12.808 12.799 12.796    0.030 0.026 0.020 0.022 0.025  A 7417
   1933.61666 12.927 12.876 12.879 12.892 12.795    0.032 0.028 0.021 0.022 0.025  A 7581
   1934.61148 13.121 13.123 13.117 13.074 13.042    0.031 0.026 0.021 0.024 0.027  A 7742
   1936.60212 12.917 12.927 12.962 12.992 13.002    0.030 0.028 0.021 0.022 0.025  A 8010
   1938.59525 12.851 12.838 12.803 12.758 12.673    0.029 0.027 0.020 0.023 0.026  A 8248
   1940.59625 12.909 12.971 12.973 12.987 13.043    0.033 0.030 0.022 0.023 0.025  A 8493
   1947.58164 12.882 12.824 12.786 12.741 12.589    0.033 0.030 0.026 0.030 0.034  A 8906
   1949.57718 12.954 13.043 13.161 13.295 13.302    0.031 0.027 0.024 0.027 0.031  A 9165
   1950.61102 12.888 12.856 12.835 12.812 12.803    0.036 0.029 0.024 0.026 0.030  A 9353
   1958.54670 12.828 12.876 12.879 12.869 12.858    0.039 0.035 0.026 0.030 0.030  A 10162
   1961.54112 12.806 12.803 12.807 12.811 12.734    0.041 0.037 0.030 0.033 0.032  A 10436
   1963.63784 12.838 12.864 12.874 12.881 12.798    0.043 0.037 0.030 0.032 0.032  A 10811
   1965.54230 12.951 13.026 13.017 12.993 13.016    0.040 0.035 0.027 0.030 0.030  A 11135
   1967.56408 12.846 12.820 12.859 12.897 12.854    0.042 0.037 0.030 0.034 0.031  A 11497
   1978.56740 12.975 12.952 13.013 13.062 13.025    0.053 0.045 0.039 0.045 0.043  A 12026
   1980.59200 13.057 12.958 12.926 12.912 12.867    0.052 0.044 0.037 0.042 0.041  A 12355
   1982.56047 12.882 12.908 12.900 12.883 12.827    0.047 0.039 0.033 0.039 0.034  A 12714
   1985.52999 13.012 12.997 13.031 13.072 13.036    0.059 0.048 0.040 0.047 0.045  A 13113
   1994.52437 13.095 13.146 13.166 13.198 13.164    0.062 0.051 0.041 0.047 0.044  A 13400
   1996.55108 12.937 13.025 12.995 13.004 12.955    0.068 0.055 0.046 0.051 0.049  B 13807
   1998.54807 13.102 12.925 13.009 13.054 12.995    0.071 0.057 0.047 0.053 0.053  B 14208
   2000.54619 13.016 13.037 13.046 13.048 13.119    0.081 0.065 0.052 0.059 0.060  B 14614
   2008.51546 12.704 12.766 12.823 12.852 12.857    0.087 0.069 0.055 0.061 0.062  D 15117
   2016.51278 12.970 13.000 13.072 13.131 13.100    0.071 0.058 0.047 0.054 0.054  B 15909
   2027.46641 12.960 13.005 13.016 13.043 13.031    0.046 0.027 0.025 0.029 0.032  A 17554
   2032.46745 12.979 13.033 13.025 13.038 13.004    0.032 0.022 0.023 0.024 0.027  A 18162
   2115.94297 13.162 13.271 13.289 13.223 13.344    0.054 0.037 0.038 0.045 0.052  A 26997
   2129.90320 13.049 13.117 13.130 13.079 13.004    0.060 0.035 0.030 0.033 0.036  A 28272
   2131.90940 12.764 12.778 12.788 12.806 12.809    0.064 0.032 0.027 0.030 0.033  A 28691
   2133.91022 13.041 13.066 13.127 13.205 13.217    0.043 0.029 0.027 0.031 0.035  A 29120
   2135.90672 13.089 13.033 12.899 12.882 12.872    0.063 0.036 0.036 0.041 0.046  A 29545
   2143.89768 12.778 12.857 12.904 12.947 12.906    0.058 0.038 0.033 0.038 0.041  A 30914
   2156.88732 13.048 13.071 13.043 13.000 12.961    0.048 0.032 0.029 0.033 0.038  A 31758
   2166.89462 12.877 12.894 12.881 12.877 12.842    0.041 0.030 0.025 0.028 0.032  A 32023
   2168.84798 12.930 12.904 12.881 12.884 12.911    0.045 0.031 0.026 0.030 0.033  A 32357
   2171.84138 12.950 12.906 12.883 12.847 12.782    0.053 0.038 0.032 0.036 0.039  A 32692
   2173.82154 12.971 13.072 13.054 13.001 12.986    0.050 0.033 0.027 0.031 0.035  A 33061
   2183.82771 12.871 12.858 12.860 12.882 12.839    0.048 0.037 0.031 0.035 0.038  A 33972
   2184.82940 12.908 12.871 12.846 12.861 12.848    0.046 0.034 0.029 0.034 0.038  A 34163
   2185.88553 12.965 12.897 12.911 12.923 12.850    0.044 0.039 0.032 0.036 0.038  A 34375
   2189.84182 12.902 12.937 12.904 12.882 12.826    0.046 0.037 0.029 0.033 0.035  A 34847
   2191.79211 12.871 12.808 12.753 12.723 12.750    0.048 0.034 0.027 0.031 0.035  A 35182
   2192.86072 12.983 13.031 13.022 13.051 13.063    0.044 0.035 0.028 0.031 0.034  A 35388
   2194.78802 12.866 12.865 12.889 12.888 12.821    0.042 0.031 0.025 0.029 0.033  A 35716
   2196.81088 13.171 13.101 13.204 13.301 13.216    0.059 0.043 0.042 0.049 0.057  A 36035
   2198.77162 12.889 12.889 12.863 12.844 12.820    0.046 0.032 0.027 0.030 0.034  A 36374
   2199.88026 12.857 12.843 12.880 12.975 13.049    0.048 0.044 0.039 0.044 0.048  A 36600
   2201.79042 13.001 12.967 12.954 12.903 12.837    0.047 0.037 0.029 0.032 0.035  A 36810
   2203.77052 12.873 12.761 12.726 12.716 12.670    0.046 0.037 0.032 0.035 0.037  A 37143
   2208.75631 12.878 12.908 12.980 12.916 12.916    0.057 0.050 0.047 0.054 0.061  A 37730
   2212.72646 12.954 12.895 12.929 12.950 12.990    0.050 0.042 0.034 0.039 0.041  A 37957
   2213.76969 12.941 12.886 12.972 12.986 12.986    0.048 0.041 0.034 0.038 0.042  A 38145
   2215.71742 12.967 13.079 13.149 13.232 13.172    0.049 0.042 0.037 0.041 0.045  A 38439
   2216.76935 13.078 13.157 13.147 13.095 13.039    0.053 0.044 0.038 0.044 0.046  A 38628
   2217.82056 12.936 12.909 12.878 12.815 12.740    0.051 0.044 0.036 0.042 0.042  A 38818
   2222.78199 13.212 13.123 13.159 13.242 13.215    0.056 0.047 0.039 0.045 0.045  A 39247
   2224.76630 12.992 13.036 13.065 13.062 13.140    0.049 0.042 0.034 0.038 0.038  A 39404
   2225.80019 12.984 13.030 13.009 12.933 12.857    0.051 0.042 0.034 0.039 0.040  A 39580
   2226.78216 12.852 12.913 12.978 12.945 12.895    0.053 0.045 0.037 0.042 0.042  A 39725
   2227.79843 13.037 12.973 12.945 13.034 12.952    0.058 0.047 0.040 0.046 0.047  A 39885
   2228.78126 13.310 13.418 13.456 13.572 13.569    0.059 0.049 0.040 0.047 0.046  A 40043
   2229.78693 13.036 13.130 13.110 13.128 13.204    0.058 0.049 0.040 0.046 0.047  A 40208
   2230.75202 12.873 12.910 12.972 12.937 12.913    0.052 0.044 0.037 0.042 0.041  A 40358
   2232.75396 12.899 12.888 12.932 12.941 12.954    0.050 0.043 0.034 0.039 0.039  A 40525
   2233.78260 12.983 12.990 12.958 13.015 12.982    0.056 0.047 0.040 0.045 0.045  A 40694
   2234.76025 13.117 13.125 13.113 13.077 13.029    0.050 0.044 0.036 0.041 0.042  A 40842
   2236.74856 13.073 13.129 13.149 13.265 13.233    0.056 0.047 0.039 0.043 0.043  A 41152
   2237.74768 13.182 13.307 13.450 13.433 13.358    0.059 0.049 0.040 0.047 0.047  A 41311
   2240.73220 13.055 13.028 13.082 13.153 13.266    0.057 0.047 0.040 0.046 0.047  A 41621
   2244.75004 12.663 12.725 12.788 12.871 12.851    0.075 0.060 0.050 0.058 0.060  B 42226
   2247.71917 12.916 12.997 12.929 12.874 12.888    0.072 0.057 0.048 0.054 0.054  B 42367
   2248.71916 13.003 13.028 13.192 13.262 13.217    0.067 0.055 0.045 0.052 0.053  B 42533
   2249.71574 13.002 12.962 13.040 13.060 13.029    0.067 0.053 0.043 0.049 0.050  A 42728
   2251.71305 29.999 29.999 29.999 29.999 29.999    0.069 0.056 0.047 0.050 0.051  C 43049
   2252.70531 12.749 12.819 12.952 13.079 13.081    0.067 0.054 0.045 0.048 0.048  B 43208
   2254.70311 13.072 13.126 13.145 13.112 13.034    0.069 0.054 0.044 0.050 0.050  B 43497
   2255.69947 13.035 13.006 12.989 12.989 12.928    0.067 0.054 0.043 0.048 0.048  B 43655
   2256.69830 29.999 29.999 29.999 29.999 29.999    0.084 0.065 0.052 0.054 0.054  C 43813
   2257.69939 13.299 13.319 13.357 13.511 13.509    0.079 0.063 0.050 0.056 0.057  B 43975
   2258.69612 12.927 12.998 13.069 13.157 13.095    0.086 0.068 0.056 0.060 0.060  D 44134
   2260.68828 29.999 29.999 29.999 29.999 29.999    0.076 0.060 0.050 0.057 0.058  C 44260
   2265.68504 13.167 13.159 13.209 13.352 13.409    0.085 0.066 0.054 0.058 0.058  B 44997
   2498.91058 13.422 13.513 13.612 13.664 13.804    0.045 0.044 0.038 0.043 0.045  A 15558
   2502.90615 13.136 13.213 13.201 13.199 13.162    0.042 0.038 0.032 0.036 0.032  A 16341
   2526.86014 13.032 13.071 13.098 13.084 13.077    0.033 0.034 0.027 0.029 0.028  A 18940
   2539.81945 29.999 29.999 29.999 29.999 29.999    0.080 0.062 0.053 0.061 0.060  C 19599
   2553.82413 13.303 13.370 13.302 13.225 13.297    0.075 0.062 0.050 0.052 0.055  B 21404
   2556.84402 13.148 13.278 13.274 13.222 13.254    0.061 0.050 0.041 0.047 0.048  A 21780
   2560.80766 12.924 13.018 13.019 13.021 12.940    0.023 0.025 0.021 0.024 0.027  A 22479
   2562.79999 13.034 13.045 13.061 13.071 13.062    0.024 0.019 0.017 0.020 0.022  A 22804
   2564.79673 13.073 13.133 13.101 13.025 12.984    0.026 0.029 0.026 0.030 0.034  A 23161
   2566.79616 13.045 13.160 13.157 13.197 13.180    0.038 0.040 0.036 0.040 0.042  A 23518
   2578.76626 13.081 12.979 13.066 13.141 13.122    0.027 0.029 0.022 0.025 0.023  A 25001
   2621.76093 13.028 13.065 13.058 13.079 13.086    0.027 0.022 0.021 0.023 0.025  A 29852
   2623.69495 13.006 12.988 12.979 12.981 12.883    0.024 0.021 0.020 0.023 0.025  A 30155
   2625.68042 13.195 13.156 13.153 13.158 13.050    0.027 0.028 0.025 0.029 0.032  A 30431
   2628.64771 12.871 13.001 13.056 13.105 13.084    0.038 0.037 0.034 0.038 0.040  A 30724
   2630.84090 13.155 13.067 13.071 13.182 13.260    0.025 0.025 0.027 0.030 0.033  A 31311
   2634.78030 12.864 12.828 12.793 12.766 12.726    0.025 0.023 0.023 0.025 0.027  A 32137
   2636.79513 13.202 13.315 13.243 13.261 13.364    0.027 0.026 0.023 0.026 0.030  A 32437
   2638.78422 13.247 13.203 13.227 13.252 13.260    0.027 0.025 0.024 0.025 0.027  A 32733
   2640.78316 12.944 12.962 12.931 12.875 12.808    0.023 0.024 0.023 0.024 0.026  A 33041
   2643.62548 12.911 12.875 12.917 12.963 12.939    0.028 0.025 0.020 0.020 0.022  A 33414
   2645.66195 13.089 13.102 13.169 13.156 13.084    0.024 0.022 0.019 0.022 0.024  A 33727
   2647.64933 12.875 12.943 13.009 13.065 13.024    0.021 0.022 0.020 0.021 0.024  A 34018
   2650.62340 13.088 13.108 13.214 13.293 13.231    0.027 0.032 0.024 0.025 0.025  A 34273
   2652.64116 13.048 13.099 13.123 13.064 12.973    0.030 0.027 0.025 0.027 0.030  A 34586
   2654.63520 13.035 13.014 13.066 13.097 13.052    0.034 0.030 0.027 0.026 0.027  A 34893
   2657.66853 12.995 13.114 13.163 13.225 13.192    0.027 0.024 0.023 0.028 0.032  A 35438
   2659.68025 12.945 12.910 12.899 12.867 12.725    0.029 0.021 0.021 0.024 0.027  A 35785
   2661.67740 13.127 13.192 13.212 13.283 13.283    0.027 0.025 0.019 0.022 0.024  A 36126
   2663.67378 13.127 13.066 13.110 13.175 13.144    0.022 0.020 0.019 0.021 0.024  A 36463
   2665.66655 12.952 12.929 12.958 13.007 12.938    0.024 0.020 0.018 0.020 0.023  A 36811
   2667.66598 12.953 12.957 13.019 13.076 13.018    0.025 0.024 0.019 0.020 0.022  A 37115
   2669.65536 13.154 13.121 13.120 13.099 12.985    0.025 0.021 0.019 0.022 0.024  A 37437
   2671.65442 13.077 13.037 13.051 13.035 13.002    0.025 0.021 0.021 0.023 0.025  A 37766
   2673.64886 12.852 12.825 12.851 12.879 12.822    0.025 0.019 0.019 0.021 0.022  A 38101
   2675.63659 12.989 12.992 13.045 13.101 13.049    0.026 0.021 0.019 0.022 0.024  A 38455
   2677.61829 13.039 13.109 13.161 13.197 13.153    0.024 0.021 0.018 0.020 0.022  A 38794
   2681.60014 12.967 12.988 12.971 13.002 13.012    0.029 0.022 0.020 0.023 0.026  A 39441
   2683.60581 13.096 13.121 13.183 13.165 13.081    0.025 0.027 0.023 0.026 0.029  A 39800
   2684.73850 13.003 12.990 13.011 13.013 12.974    0.035 0.029 0.029 0.034 0.037  A 40036
   2686.67608 12.947 13.073 13.040 13.040 13.035    0.033 0.026 0.027 0.032 0.038  A 40376
   2688.66143 12.913 12.953 12.982 13.043 13.039    0.034 0.037 0.028 0.030 0.034  A 40734
   2690.66023 13.067 13.119 13.122 13.124 13.090    0.031 0.029 0.023 0.025 0.027  A 41102
   2694.66149 12.860 12.920 12.916 12.907 12.890    0.024 0.023 0.021 0.022 0.024  A 41776
   2696.67382 13.020 13.148 13.154 13.121 13.116    0.032 0.025 0.020 0.021 0.024  A 42106
   2698.65223 13.133 13.123 13.171 13.224 13.154    0.029 0.027 0.025 0.026 0.028  A 42514
   2700.64472 12.842 12.872 12.942 12.943 12.906    0.039 0.043 0.027 0.028 0.027  A 42898
   2702.63680 12.939 12.993 12.990 12.990 13.017    0.025 0.022 0.020 0.021 0.023  A 43275
   2704.62401 13.244 13.199 13.295 13.306 13.299    0.039 0.034 0.021 0.023 0.025  A 43655
   2706.60586 13.107 13.127 13.215 13.322 13.337    0.025 0.022 0.020 0.022 0.025  A 44017
   2710.57960 12.859 12.883 12.916 12.954 12.934    0.031 0.022 0.019 0.022 0.024  A 44725
   2712.58359 29.999 29.999 29.999 29.999 29.999    0.028 0.023 0.023 0.026 0.029  C 45100
   2714.60518 12.841 12.883 12.891 12.915 12.812    0.030 0.023 0.023 0.028 0.032  A 45500
   2717.60706 12.811 12.927 12.971 12.984 13.008    0.030 0.024 0.026 0.030 0.035  A 45843
   2720.58084 12.892 12.912 99.999 99.999 99.999    0.036 0.024 0.023 0.026 0.029  C 46272
   2722.57773 12.954 12.986 12.979 13.000 12.950    0.032 0.022 0.020 0.022 0.024  A 46656
   2724.57574 12.969 12.962 13.017 13.030 12.939    0.033 0.022 0.021 0.023 0.025  A 47037
   2726.57405 13.089 13.072 13.126 13.133 13.061    0.024 0.023 0.021 0.024 0.027  A 47436
   2728.56520 12.915 12.908 12.910 12.903 12.876    0.025 0.024 0.024 0.029 0.034  A 47827
   2730.56111 99.999 99.999 99.999 99.999 99.999    0.027 0.023 0.021 0.023 0.025  C 48234
   2734.54609 12.923 12.919 12.943 12.975 12.988    0.037 0.023 0.022 0.024 0.028  A 48788
   2736.53081 12.894 12.849 12.886 12.941 12.937    0.029 0.022 0.021 0.024 0.027  A 49169
   2738.55770 13.141 13.173 13.253 13.343 13.334    0.024 0.022 0.023 0.026 0.030  A 49568
   2740.55293 12.999 13.007 13.062 13.046 12.988    0.031 0.025 0.026 0.031 0.035  A 49930
   2742.55426 13.007 13.021 13.005 13.012 12.978    0.024 0.022 0.021 0.025 0.029  A 50325
   2744.55048 99.999 99.999 99.999 99.999 99.999    0.028 0.025 0.025 0.030 0.035  C 50698
   2746.56900 13.015 12.978 13.003 13.018 13.071    0.030 0.029 0.031 0.038 0.044  A 50978
   2751.51593 12.996 12.961 12.939 12.930 12.902    0.039 0.041 0.021 0.022 0.025  A 51778
   2756.51819 13.205 13.168 13.126 13.177 13.555    0.038 0.037 0.036 0.043 0.049  A 52606
   2758.51132 29.999 29.999 29.999 29.999 29.999    0.066 0.068 0.072 0.086 0.097  D 53026
   2760.53122 12.931 12.916 12.940 12.990 12.941    0.025 0.022 0.021 0.024 0.026  A 53381
   2762.53003 29.999 29.999 29.999 29.999 29.999    0.044 0.044 0.048 0.058 0.068  C 53789
   2764.51451 13.126 13.165 13.246 13.301 13.213    0.027 0.023 0.021 0.024 0.025  A 54195
   2784.46945 13.011 13.205 13.336 13.292 13.230    0.030 0.027 0.027 0.032 0.036  A 56072
   2787.45228 13.220 13.264 13.389 13.554 13.504    0.027 0.025 0.023 0.026 0.030  A 56717
   2862.92635 13.012 13.004 12.957 12.904 12.872    0.031 0.036 0.030 0.035 0.040  A 67289
   2877.88844 12.832 12.853 12.871 12.923 12.893    0.025 0.029 0.022 0.024 0.026  A 69055
   2884.88169 13.176 13.210 13.287 13.441 13.541    0.025 0.026 0.025 0.030 0.033  A 69922
   2893.85327 29.999 29.999 29.999 29.999 29.999    0.031 0.032 0.031 0.037 0.042  C 70968
   2896.84342 13.088 13.115 13.219 13.324 13.276    0.024 0.029 0.025 0.028 0.032  A 71560
   2899.86671 13.169 13.223 13.272 13.354 13.380    0.025 0.036 0.024 0.026 0.028  A 72123
   2903.88497 12.856 12.911 12.929 12.905 12.864    0.028 0.023 0.022 0.026 0.029  A 72770
   2910.84981 13.030 13.027 13.071 13.086 13.051    0.028 0.023 0.020 0.022 0.024  A 73815
   2912.86004 12.947 12.943 12.905 12.889 12.842    0.030 0.021 0.018 0.021 0.023  A 74194
   2916.80388 12.993 13.060 13.010 12.955 12.969    0.024 0.028 0.022 0.024 0.026  A 74648
   2921.85996 29.999 29.999 29.999 29.999 29.999    0.047 0.033 0.037 0.045 0.052  C 75174
   2923.83245 12.869 12.979 13.089 13.240 13.448    0.027 0.025 0.024 0.028 0.032  A 75542
   2926.84640 12.943 13.049 13.051 13.026 12.992    0.032 0.022 0.020 0.023 0.026  A 75904
   2931.80333 13.311 13.249 13.301 13.307 13.327    0.026 0.029 0.025 0.026 0.030  A 76788
   2934.80702 29.999 29.999 29.999 29.999 29.999    0.028 0.026 0.021 0.024 0.025  C 77321
   2939.84269 13.041 13.028 13.086 13.141 13.096    0.025 0.030 0.020 0.023 0.024  A 77904
   2943.79181 13.034 13.132 13.157 13.160 13.157    0.037 0.028 0.024 0.030 0.031  A 78429
   2948.79822 13.212 13.210 13.216 13.200 13.092    0.028 0.032 0.027 0.031 0.032  A 79178
   2953.78797 12.957 12.940 13.204 13.990 16.627    0.061 0.060 0.068 0.078 0.090  D 79891
   2956.76414 13.024 13.079 99.999 99.999 99.999    0.028 0.029 0.027 0.032 0.036  C 80287
   2958.82850 13.001 13.036 13.036 13.004 12.930    0.032 0.036 0.032 0.038 0.043  A 80598
   2961.75425 12.944 13.032 13.034 13.071 13.116    0.023 0.025 0.022 0.025 0.028  A 80964
   2964.73373 12.725 12.787 12.885 13.014 13.043    0.032 0.032 0.035 0.040 0.042  A 81383
   2970.71385 13.069 13.079 13.054 13.025 12.989    0.024 0.025 0.023 0.026 0.030  A 82147
   2977.71655 13.227 13.310 13.317 13.360 13.431    0.037 0.037 0.040 0.048 0.056  A 83017
   2979.72945 13.158 13.162 13.136 13.093 13.007    0.052 0.034 0.034 0.037 0.042  A 83289
   2981.74411 12.808 12.941 13.060 13.248 13.244    0.039 0.039 0.033 0.037 0.041  A 83552
   2983.79723 13.186 13.265 13.349 13.437 13.430    0.029 0.028 0.029 0.035 0.040  A 83838
   2986.68190 12.960 13.017 13.009 12.995 12.994    0.025 0.023 0.021 0.026 0.030  A 84187
   2991.66424 13.013 13.051 13.001 12.922 12.807    0.028 0.025 0.023 0.027 0.030  A 84789
   2993.71469 12.981 12.892 12.871 12.850 12.913    0.028 0.027 0.026 0.031 0.036  A 85084
   2995.76661 12.964 12.964 13.018 13.057 12.994    0.027 0.024 0.023 0.027 0.030  A 85359
   2997.82037 12.763 12.716 12.717 12.693 12.662    0.023 0.024 0.024 0.028 0.032  A 85655
   3001.65659 12.901 12.923 12.934 12.925 12.912    0.032 0.026 0.024 0.025 0.029  A 85994
   3005.68573 12.844 12.927 12.934 12.917 12.961    0.036 0.023 0.021 0.024 0.027  A 86478
   3007.69199 12.846 12.831 12.839 12.882 13.025    0.036 0.027 0.026 0.030 0.035  A 86742
   3009.72234 13.135 13.172 13.282 13.417 13.420    0.027 0.029 0.026 0.031 0.037  A 87004
   3011.72121 12.847 12.894 12.962 13.025 13.066    0.037 0.028 0.029 0.035 0.040  A 87279
   3016.74321 12.961 12.955 12.935 12.911 12.877    0.027 0.023 0.023 0.028 0.031  A 87783
   3029.62554 13.049 13.020 12.968 12.871 12.796    0.031 0.025 0.025 0.028 0.032  A 88638
   3035.65384 13.121 13.256 13.283 13.362 13.399    0.027 0.028 0.025 0.030 0.033  A 89257
   3039.67198 12.974 12.963 12.982 13.022 12.987    0.028 0.027 0.029 0.035 0.040  A 89546
   3042.66678 13.013 13.037 13.035 12.965 12.820    0.028 0.028 0.028 0.034 0.040  A 89805
   3044.69461 13.329 13.252 13.275 13.357 13.373    0.029 0.025 0.025 0.030 0.034  A 90075
   3047.62832 13.024 13.049 13.027 12.977 12.943    0.035 0.027 0.026 0.031 0.035  A 90461
   3049.74321 12.917 12.883 12.883 12.940 12.881    0.031 0.030 0.028 0.034 0.038  A 90763
   3052.65493 13.128 13.129 13.130 13.165 13.161    0.026 0.024 0.024 0.028 0.032  A 91139
   3054.68507 13.009 12.958 12.922 12.902 12.888    0.029 0.033 0.039 0.045 0.049  A 91421
   3056.72192 13.070 13.164 13.168 13.203 13.238    0.028 0.026 0.025 0.029 0.033  A 91709
   3059.61488 12.949 12.873 12.874 12.908 12.883    0.029 0.026 0.027 0.033 0.038  A 92073
   3061.65901 13.301 13.173 13.156 13.133 13.047    0.024 0.025 0.023 0.027 0.031  A 92364
   3063.70488 29.999 29.999 29.999 29.999 29.999    0.043 0.044 0.049 0.058 0.069  C 92629
   3067.57531 12.897 12.925 12.924 12.990 13.074    0.029 0.025 0.024 0.028 0.031  A 93024
   3069.59946 13.049 13.118 13.118 13.060 13.024    0.030 0.030 0.034 0.042 0.049  A 93327
   3071.60794 12.783 12.750 12.810 12.901 12.970    0.028 0.028 0.030 0.037 0.042  A 93620
   3073.64380 13.102 13.242 13.243 13.161 13.002    0.033 0.027 0.029 0.035 0.040  A 93874
   3075.66658 13.001 12.966 12.936 12.932 12.936    0.031 0.031 0.033 0.039 0.043  A 94148
   3078.54858 13.136 13.128 13.102 13.043 13.081    0.024 0.024 0.021 0.026 0.029  A 94539
   3080.57800 29.999 29.999 29.999 29.999 29.999    0.058 0.063 0.068 0.081 0.096  D 94838
   3082.62886 13.087 13.083 13.184 13.370 13.472    0.029 0.032 0.032 0.039 0.045  A 95152
   3086.63011 12.804 12.850 12.816 12.781 12.783    0.027 0.028 0.026 0.031 0.035  A 95451
   3088.63570 12.912 12.868 12.968 13.090 13.120    0.052 0.055 0.059 0.065 0.075  D 95765
   3091.50937 13.199 13.270 13.213 13.070 12.900    0.033 0.035 0.037 0.042 0.046  A 96182
   3093.55046 12.953 13.033 13.082 13.098 13.045    0.026 0.026 0.026 0.030 0.035  A 96495
   3097.55172 12.915 12.852 12.826 12.804 12.758    0.035 0.027 0.027 0.032 0.037  A 96780
   3099.56374 29.999 29.999 29.999 29.999 29.999    0.034 0.033 0.036 0.043 0.051  C 97101
   3101.57386 29.999 29.999 29.999 29.999 29.999    0.030 0.031 0.030 0.036 0.042  C 97407
   3103.58052 12.831 12.894 13.002 13.106 13.096    0.029 0.029 0.028 0.034 0.039  A 97725
   3105.57242 13.068 12.980 12.917 12.862 12.814    0.036 0.039 0.041 0.045 0.051  A 98041
   3107.57529 13.140 13.110 13.103 13.118 13.042    0.026 0.025 0.025 0.029 0.032  A 98359
   3109.58061 13.021 12.987 12.986 12.965 12.945    0.025 0.026 0.024 0.028 0.032  A 98671
   3112.49248 13.012 13.060 13.085 13.107 13.189    0.028 0.024 0.025 0.029 0.033  A 99108
   3114.52158 12.932 12.953 13.010 13.063 13.093    0.026 0.024 0.024 0.028 0.032  A 99451
   3122.52835 12.970 13.031 13.185 13.223 13.185    0.031 0.029 0.029 0.034 0.039  A 100171
   3125.51863 99.999 99.999 99.999 99.999 99.999    0.029 0.026 0.027 0.033 0.038  C 100673
   3128.49927 12.956 12.938 12.997 13.134 13.194    0.028 0.026 0.028 0.033 0.038  A 101149
   3130.52093 13.333 13.354 13.357 13.373 13.492    0.030 0.030 0.032 0.039 0.046  A 101446
   3133.48173 13.159 13.207 13.244 13.197 13.094    0.032 0.025 0.025 0.029 0.033  A 101932
   3142.46808 13.024 12.980 12.942 12.896 12.788    0.025 0.026 0.023 0.027 0.031  A 103052
   3146.46767 13.026 12.977 12.930 12.901 12.813    0.031 0.033 0.033 0.039 0.045  A 103458
   3265.84936 13.215 13.308 13.474 13.617 13.618    0.032 0.029 0.028 0.032 0.038  A 115098
   3269.84525 12.913 12.985 13.032 13.088 13.087    0.033 0.033 0.024 0.024 0.026  A 115715
   3272.87772 12.973 12.977 12.998 13.042 12.978    0.034 0.030 0.028 0.033 0.038  A 116141
   3276.84710 13.151 13.187 13.268 13.365 13.477    0.035 0.033 0.033 0.040 0.046  A 116632
   3280.84616 12.954 12.929 12.919 12.868 12.781    0.041 0.036 0.032 0.037 0.041  A 117163
   3355.67629 12.982 12.918 12.934 12.976 12.897    0.053 0.032 0.029 0.032 0.035  A 124374
   3358.67806 12.998 12.937 12.911 12.880 12.889    0.044 0.026 0.025 0.028 0.032  A 124709
   3365.71239 12.959 12.936 12.960 12.986 12.891    0.055 0.037 0.035 0.040 0.045  A 125077
   3385.59565 13.052 13.120 13.089 13.057 13.054    0.079 0.044 0.039 0.041 0.045  B 126019
   3387.64425 12.867 12.877 12.882 12.869 12.806    0.086 0.045 0.039 0.044 0.048  B 126319
   3389.68725 13.104 13.151 13.174 13.200 13.200    0.078 0.044 0.037 0.040 0.042  B 126597
   3391.70965 12.976 12.957 12.966 12.955 12.861    0.045 0.032 0.030 0.035 0.039  A 126857
   3394.75292 12.801 12.834 12.861 12.867 12.842    0.041 0.031 0.030 0.036 0.041  A 127176
   3397.61182 12.907 13.019 13.000 13.001 12.979    0.075 0.041 0.035 0.038 0.042  B 127492
   3399.67336 12.877 12.833 12.851 12.893 12.875    0.040 0.030 0.031 0.037 0.041  A 127772
   3404.69237 13.158 13.170 13.149 13.106 13.046    0.040 0.030 0.025 0.028 0.030  A 128426
   3406.71263 12.864 12.840 12.846 12.872 12.838    0.073 0.042 0.035 0.039 0.042  A 128746
   3408.72389 13.095 13.124 13.105 13.058 12.991    0.039 0.033 0.034 0.037 0.041  A 129058
   3411.61133 13.126 13.078 13.072 13.057 13.035    0.070 0.036 0.032 0.035 0.038  A 129471
   3413.65744 12.891 12.921 12.932 12.934 12.897    0.035 0.026 0.025 0.028 0.031  A 129786
   3415.66263 13.228 13.234 13.219 13.218 13.229    0.037 0.027 0.026 0.028 0.029  A 130116
   3417.65738 13.069 13.059 12.903 12.813 12.799    0.080 0.045 0.043 0.049 0.055  B 130426
   3419.64928 12.845 12.921 12.959 12.996 12.989    0.038 0.027 0.025 0.028 0.031  A 130741
   3421.67046 13.082 13.125 13.074 13.037 12.878    0.044 0.040 0.041 0.049 0.054  A 131057
   3425.68643 13.187 13.220 13.299 13.383 13.438    0.038 0.031 0.034 0.041 0.048  A 131692
   3427.70680 12.933 13.005 13.089 13.234 13.412    0.040 0.032 0.034 0.042 0.048  A 132016
   3431.66480 12.896 12.910 12.934 12.954 12.887    0.044 0.030 0.031 0.037 0.042  A 132369
   3433.68722 99.999 99.999 99.999 99.999 99.999    0.097 0.051 0.048 0.054 0.059  C 132700
   3436.67530 13.046 13.127 13.161 13.169 13.080    0.038 0.031 0.032 0.042 0.047  A 133000
   3439.66627 13.125 13.178 13.183 13.128 13.013    0.026 0.025 0.023 0.027 0.030  A 133338
   3443.51688 13.038 13.045 13.020 12.977 12.873    0.063 0.034 0.029 0.032 0.033  A 133702
   3445.54870 13.001 13.034 13.079 13.148 12.997    0.082 0.043 0.037 0.038 0.040  B 134069
   3447.56183 13.060 13.098 13.008 12.840 99.999    0.092 0.051 0.048 0.054 0.058  C 134711
   3449.58603 13.093 13.105 13.045 12.925 12.751    0.071 0.039 0.037 0.045 0.051  A 135048
   3454.57715 12.899 12.954 13.096 13.335 13.351    0.046 0.029 0.031 0.037 0.042  A 135803
   3456.57311 12.989 12.998 13.030 13.090 13.023    0.038 0.027 0.026 0.031 0.034  A 136154
   3458.55911 13.146 13.129 13.117 13.147 13.116    0.048 0.030 0.028 0.033 0.036  A 136504
   3460.56717 12.985 13.004 13.026 13.046 99.999    0.030 0.025 0.023 0.027 0.029  C 136873
   3462.57309 12.900 12.859 12.802 12.755 12.663    0.044 0.036 0.036 0.040 0.044  A 137147
   3464.60817 13.008 13.008 13.060 13.115 13.050    0.039 0.029 0.028 0.030 0.034  A 137482
   3468.52836 12.943 12.861 12.826 12.808 12.757    0.066 0.035 0.029 0.031 0.032  A 138060
   3470.55208 13.029 13.059 13.062 13.016 12.990    0.031 0.025 0.023 0.026 0.030  A 138376
   3472.57428 12.880 12.955 12.977 12.982 12.886    0.058 0.041 0.038 0.044 0.050  A 138693
   3475.51466 13.189 13.129 13.113 13.144 13.001    0.037 0.028 0.028 0.032 0.036  A 139170
   3477.55946 12.868 12.871 12.852 12.815 12.719    0.072 0.038 0.034 0.039 0.041  A 139520
   3480.51062 13.091 13.093 13.126 13.147 13.106    0.041 0.029 0.031 0.036 0.042  A 139959
   3482.52168 12.905 12.965 13.095 13.076 13.019    0.066 0.059 0.070 0.086 0.099  D 140289
   3491.49101 12.938 12.960 12.999 13.034 13.002    0.041 0.027 0.027 0.031 0.035  A 141260
   3495.49623 13.208 13.235 13.239 13.243 13.130    0.031 0.025 0.024 0.027 0.029  A 141589
   3499.49688 13.093 13.107 13.090 13.064 13.060    0.033 0.026 0.026 0.029 0.032  A 142072
   3501.50026 13.043 13.090 13.111 13.147 13.109    0.054 0.034 0.030 0.033 0.036  A 142407
   3504.47349 13.384 13.320 13.342 13.475 13.408    0.083 0.049 0.048 0.055 0.061  B 142930
   3512.46864 13.082 13.096 13.164 13.224 13.119    0.034 0.028 0.027 0.034 0.038  A 143803
   3592.92261 13.002 12.987 12.990 13.012 12.893    0.044 0.030 0.030 0.035 0.039  A 154458
   3603.90806 12.989 12.966 12.953 12.923 12.856    0.036 0.032 0.033 0.039 0.044  A 155974
   3619.89529 13.149 13.111 13.074 13.069 13.039    0.060 0.035 0.031 0.033 0.036  A 157517
   3625.90657 13.072 13.112 13.056 13.006 13.015    0.051 0.052 0.052 0.063 0.075  D 158259
   3629.85636 13.048 13.074 13.133 13.194 13.304    0.039 0.031 0.030 0.034 0.040  A 158691
   3633.85726 13.004 12.956 12.981 13.009 12.937    0.050 0.033 0.032 0.037 0.043  A 159290
   3639.85071 13.205 13.184 13.197 13.200 13.224    0.035 0.027 0.025 0.028 0.031  A 160009
   3643.83818 12.891 12.866 12.888 12.926 12.870    0.043 0.029 0.025 0.028 0.032  A 160522
   3647.87190 13.009 12.934 12.908 12.917 12.863    0.032 0.030 0.023 0.025 0.028  A 160953
   3651.81191 13.019 13.039 13.107 13.216 13.408    0.050 0.039 0.040 0.045 0.051  A 161508
   3654.85085 13.008 13.059 13.077 13.051 12.886    0.035 0.025 0.025 0.029 0.032  A 161952
   3657.83905 13.043 13.084 13.150 13.241 13.305    0.032 0.025 0.026 0.031 0.035  A 162385
   3660.84766 13.326 13.247 99.999 99.999 99.999    0.036 0.029 0.031 0.037 0.043  C 162851
   3663.83258 12.880 12.814 12.741 12.690 12.628    0.033 0.029 0.032 0.038 0.044  A 163278
   3666.82576 13.037 13.012 13.004 12.985 12.890    0.040 0.030 0.032 0.039 0.045  A 163717
   3670.77409 13.118 13.147 13.161 13.277 13.301    0.032 0.029 0.026 0.030 0.034  A 164159
   3673.80737 13.067 13.045 13.075 13.103 13.033    0.033 0.027 0.023 0.027 0.030  A 164603
   3680.80958 13.050 13.007 12.989 13.001 12.871    0.032 0.026 0.025 0.027 0.030  A 165406
   3701.73164 13.040 13.020 13.077 13.167 13.214    0.043 0.040 0.045 0.055 0.064  A 168208
   3704.72193 13.008 12.940 12.931 12.981 12.897    0.044 0.028 0.026 0.028 0.031  A 168598
   3707.71517 12.988 12.968 12.985 12.990 12.925    0.041 0.027 0.024 0.027 0.030  A 169008
   3713.74725 13.074 13.051 12.981 12.895 12.786    0.050 0.033 0.030 0.034 0.038  A 169586
   3716.69624 13.102 13.071 13.048 13.068 13.021    0.031 0.029 0.031 0.037 0.043  A 169964
   3718.76195 12.916 13.026 13.039 13.052 13.014    0.069 0.042 0.039 0.046 0.050  A 170241
   3721.67104 13.010 13.014 13.078 13.143 13.321    0.032 0.028 0.030 0.035 0.041  A 170580
   3724.70233 12.800 12.843 12.854 12.818 12.688    0.053 0.033 0.030 0.034 0.038  A 170895
   3726.79379 13.038 13.072 13.033 12.950 12.830    0.052 0.035 0.035 0.040 0.046  A 171187
   3730.66557 13.212 13.184 13.162 13.163 13.093    0.039 0.034 0.035 0.040 0.044  A 171559
   3733.70053 13.034 12.969 12.985 12.978 12.875    0.040 0.029 0.026 0.029 0.032  A 171956
   3736.68925 12.989 13.043 13.028 12.979 12.880    0.063 0.040 0.036 0.038 0.041  A 172367
   3741.65538 12.773 12.846 12.899 12.939 12.970    0.045 0.028 0.025 0.029 0.032  A 173029
   3743.78730 13.085 13.106 13.106 13.082 13.015    0.046 0.034 0.032 0.036 0.039  A 173329
   3746.67430 13.088 13.040 12.987 12.909 12.808    0.067 0.042 0.039 0.045 0.051  A 173686
   3748.77153 12.916 13.042 13.071 13.028 12.889    0.073 0.047 0.046 0.052 0.061  A 173998
   3751.65610 12.995 12.969 13.060 13.188 13.136    0.079 0.046 0.043 0.049 0.054  B 174383
   3753.73809 12.965 12.906 12.998 13.169 13.316    0.057 0.038 0.036 0.043 0.049  A 174682
   3755.78860 12.779 12.847 12.817 12.737 12.655    0.061 0.037 0.034 0.039 0.043  A 174970
   3758.62521 12.915 12.872 12.832 12.804 12.797    0.066 0.036 0.033 0.036 0.040  A 175337
   3760.70373 12.927 12.992 13.020 13.009 12.917    0.080 0.042 0.036 0.038 0.041  B 175642
   3763.62732 13.071 13.091 13.093 13.130 13.026    0.055 0.040 0.041 0.046 0.052  A 176012
   3765.70276 12.929 12.911 12.938 12.969 12.931    0.039 0.028 0.027 0.030 0.034  A 176316
   3768.60936 13.128 13.172 13.208 13.246 13.186    0.076 0.041 0.036 0.039 0.041  B 176703
   3770.67182 12.968 12.939 12.908 12.855 12.755    0.065 0.048 0.049 0.056 0.064  A 176983
   3772.71678 13.106 13.023 13.007 13.061 13.059    0.074 0.043 0.037 0.040 0.043  B 177239
   3775.57359 13.084 13.080 13.061 13.031 13.006    0.042 0.032 0.033 0.040 0.047  A 177620
   3779.66699 12.779 12.841 12.830 12.831 12.796    0.077 0.044 0.043 0.051 0.058  B 178262
   3788.64904 12.848 12.848 12.769 12.686 12.605    0.065 0.044 0.041 0.044 0.048  A 178980
   3790.70852 13.228 13.265 13.256 13.242 13.207    0.053 0.033 0.032 0.039 0.044  A 179271
   3793.61803 12.964 12.968 12.969 12.940 12.881    0.054 0.038 0.038 0.042 0.047  A 179685
   3795.66056 13.016 12.996 12.988 12.961 12.864    0.042 0.030 0.026 0.030 0.035  A 179986
   3797.66772 12.942 12.931 12.975 13.052 13.065    0.035 0.026 0.026 0.031 0.033  A 180268
   3800.57321 13.102 13.114 13.068 12.980 12.861    0.089 0.049 0.044 0.047 0.050  B 180650
   3802.68186 13.093 13.096 13.092 13.047 12.950    0.053 0.041 0.044 0.051 0.058  A 180908
   3805.55335 12.798 12.809 12.816 12.811 12.784    0.088 0.051 0.046 0.050 0.054  B 181286
   3808.58492 12.801 12.755 12.711 12.628 12.525    0.054 0.036 0.036 0.043 0.051  A 181641
   3810.57470 12.853 12.867 12.826 12.742 12.642    0.071 0.041 0.040 0.046 0.051  A 181960
   3812.58509 13.188 13.216 13.245 13.228 13.280    0.043 0.032 0.033 0.039 0.044  A 182284
   3814.59552 12.948 12.972 13.042 13.069 12.986    0.070 0.040 0.037 0.042 0.046  A 182603
   3816.63188 13.185 13.153 13.077 13.111 13.139    0.037 0.031 0.032 0.039 0.046  A 182930
   3819.53274 13.002 12.926 12.867 12.813 12.779    0.053 0.034 0.033 0.038 0.043  A 183381
   3821.58867 13.310 13.234 13.261 13.330 13.286    0.089 0.047 0.042 0.045 0.049  B 183722
   3823.61585 12.727 12.538 12.364 12.249 12.220    0.049 0.039 0.041 0.046 0.051  A 184056
   3825.62919 12.912 12.831 12.776 12.710 12.548    0.041 0.038 0.044 0.055 0.067  B 184398
   3828.50982 13.016 12.960 12.937 12.921 12.843    0.035 0.029 0.030 0.034 0.038  A 184867
   3830.57393 13.126 13.105 13.166 13.261 13.178    0.038 0.029 0.028 0.032 0.036  A 185222
   3832.58587 13.083 13.112 13.138 13.155 13.197    0.033 0.029 0.031 0.037 0.042  A 185581
   3834.58302 12.960 12.897 12.880 12.857 12.694    0.067 0.039 0.037 0.041 0.046  A 185925
   3837.49252 13.206 13.173 13.118 13.024 12.908    0.043 0.036 0.040 0.049 0.057  A 186405
   3849.52049 13.299 13.227 13.201 13.135 12.974    0.040 0.033 0.035 0.038 0.042  A 187053
   3851.54018 12.998 13.008 99.999 99.999 99.999    0.057 0.032 0.030 0.034 0.037  C 187404
   3853.54639 13.135 13.134 13.120 13.149 13.158    0.031 0.027 0.025 0.029 0.033  A 187755
   3856.50366 12.944 12.917 12.888 12.863 12.793    0.073 0.042 0.039 0.042 0.047  A 188190
   3861.52315 99.999 99.999 99.999 99.999 99.999    0.045 0.032 0.030 0.036 0.039  C 188976
   3864.48666 13.145 13.190 13.167 13.107 13.052    0.083 0.043 0.039 0.042 0.045  B 189483
   3866.49432 12.886 12.852 12.863 12.925 12.893    0.053 0.035 0.036 0.043 0.048  A 189840
   3869.49114 13.141 13.069 12.983 12.870 12.742    0.068 0.040 0.041 0.048 0.055  A 190319
   3872.47790 12.976 13.090 13.090 13.010 12.892    0.059 0.034 0.030 0.034 0.036  A 190875
   3877.46246 12.990 12.965 12.987 13.004 12.996    0.068 0.036 0.031 0.034 0.037  A 191440
   3883.45031 13.081 13.018 12.908 12.758 12.688    0.069 0.043 0.041 0.048 0.055  A 192199
   3983.87245 12.807 12.839 12.827 12.793 12.707    0.034 0.026 0.026 0.030 0.034  A 203690
   4091.67385 12.995 12.999 13.015 13.020 13.001    0.044 0.031 0.030 0.034 0.039  A 209395
   4104.69737 12.736 12.725 12.708 12.664 12.534    0.056 0.039 0.041 0.049 0.058  A 210719
   4106.73246 13.178 13.207 13.181 13.116 13.033    0.034 0.032 0.033 0.040 0.046  A 210991
   4109.78626 12.921 12.874 12.843 12.786 12.700    0.037 0.031 0.030 0.037 0.042  A 211292
   4125.68269 12.866 12.851 12.860 12.891 12.831    0.040 0.032 0.029 0.031 0.034  A 211551
   4127.68358 12.987 12.973 12.981 12.997 12.949    0.046 0.032 0.028 0.031 0.033  A 211814
   4129.65869 13.046 13.104 13.199 13.281 13.245    0.045 0.030 0.028 0.032 0.037  A 212070
   4131.68813 12.831 12.836 12.833 12.800 12.749    0.083 0.046 0.041 0.044 0.047  B 212333
   4133.70255 13.096 13.063 13.107 13.082 12.926    0.037 0.031 0.032 0.039 0.045  A 212606
   4135.72794 99.999 99.999 99.999 99.999 99.999    0.056 0.035 0.034 0.041 0.046  C 212883
   4137.72655 12.765 12.834 12.874 12.900 12.883    0.072 0.041 0.035 0.039 0.042  A 213160
   4146.67272 13.150 13.147 13.136 13.118 13.029    0.036 0.027 0.029 0.033 0.036  A 214425
   4150.61686 12.949 12.983 13.009 13.037 13.048    0.048 0.035 0.033 0.036 0.038  A 214806
   4152.63093 13.197 13.115 13.117 13.133 13.045    0.040 0.028 0.027 0.030 0.034  A 215116
   4154.66173 99.999 99.999 99.999 99.999 99.999    0.051 0.037 0.035 0.043 0.045  C 215424
   4156.66853 13.157 13.122 13.065 13.051 12.936    0.081 0.044 0.042 0.047 0.050  B 215724
   4158.67204 13.000 13.032 13.106 13.121 13.007    0.074 0.044 0.038 0.042 0.046  B 216003
   4160.69021 12.899 12.898 12.858 12.808 12.755    0.037 0.032 0.031 0.036 0.041  A 216321
   4162.69386 13.052 13.062 13.094 13.084 12.958    0.083 0.049 0.044 0.049 0.054  B 216646
   4165.57823 12.902 12.993 13.061 13.119 13.129    0.054 0.031 0.032 0.037 0.043  A 217021
   4173.58897 12.889 12.886 12.903 12.956 12.878    0.038 0.029 0.026 0.029 0.033  A 218056
   4175.59290 13.135 13.221 13.187 13.081 13.000    0.057 0.043 0.041 0.047 0.054  A 218366
   4179.57882 12.900 12.881 12.882 12.910 12.817    0.049 0.033 0.029 0.034 0.039  A 218817
   4181.60530 13.345 13.439 13.633 13.912 14.303    0.043 0.046 0.051 0.061 0.070  B 219101
   4183.62884 13.019 12.960 12.978 13.009 12.996    0.064 0.038 0.034 0.038 0.042  A 219404
   4185.62252 12.854 12.860 12.834 12.810 12.671    0.052 0.037 0.035 0.040 0.046  A 219687
   4189.59067 13.014 13.058 13.037 13.027 12.907    0.043 0.034 0.028 0.032 0.036  A 220080
   4191.60907 12.979 12.893 12.867 12.844 12.763    0.058 0.043 0.045 0.054 0.060  A 220400
   4193.61871 13.135 13.160 13.218 13.299 13.214    0.054 0.039 0.038 0.045 0.052  A 220728
   4197.55299 12.884 12.835 12.827 12.857 12.917    0.034 0.028 0.028 0.033 0.038  A 221171
   4200.56190 12.875 12.950 13.032 13.059 12.949    0.036 0.028 0.025 0.029 0.032  A 221460
   4203.56368 12.982 12.928 12.900 12.917 12.938    0.040 0.032 0.031 0.035 0.039  A 221757
   4205.56992 12.944 12.939 12.932 12.943 12.889    0.042 0.038 0.039 0.044 0.050  A 222088
   4216.54626 13.009 12.987 12.942 12.908 12.848    0.054 0.037 0.032 0.037 0.043  A 222835
   4228.49326 12.910 12.967 13.003 13.036 13.086    0.037 0.033 0.029 0.032 0.036  A 223293
   4230.50315 13.060 13.143 13.208 13.262 13.303    0.056 0.039 0.034 0.037 0.041  A 223641
   4233.48505 13.028 13.037 13.031 13.015 12.961    0.033 0.029 0.024 0.027 0.030  A 224165
   4235.48976 29.999 29.999 29.999 29.999 29.999    0.042 0.034 0.028 0.030 0.035  C 224535
   4248.45205 12.720 12.843 12.926 12.902 12.786    0.083 0.078 0.086 0.107 0.128  D 226527
   4332.89346 13.214 13.160 13.165 13.217 13.131    0.051 0.037 0.037 0.043 0.050  A 235764
   4339.90092 12.977 13.070 13.116 13.104 13.046    0.038 0.034 0.030 0.034 0.039  A 236680
   4343.87422 12.952 12.917 12.920 12.938 12.843    0.047 0.038 0.038 0.045 0.051  A 237360
   4347.88588 13.181 13.229 13.300 13.436 13.519    0.053 0.040 0.039 0.045 0.052  A 238045
   4351.87582 12.884 12.860 12.950 13.080 13.171    0.050 0.050 0.054 0.065 0.076  D 238680
   4355.86480 13.148 13.148 13.165 13.172 13.113    0.035 0.030 0.027 0.031 0.035  A 239253
   4363.83903 12.989 13.049 13.085 13.100 13.070    0.039 0.036 0.033 0.039 0.046  A 240408
   4366.88323 99.999 99.999 99.999 99.999 99.999    0.038 0.036 0.031 0.034 0.038  C 240772
   4373.83794 13.321 13.187 13.170 13.144 13.105    0.057 0.036 0.033 0.038 0.042  A 241834
   4377.83249 12.958 12.996 13.007 13.003 12.968    0.038 0.037 0.039 0.046 0.052  A 242326
   4380.85746 12.995 12.970 12.991 13.045 13.059    0.048 0.038 0.036 0.042 0.048  A 242795
   4383.86107 12.835 12.885 12.896 12.901 12.874    0.036 0.034 0.031 0.037 0.042  A 243247
   4386.85859 12.865 12.920 12.966 13.015 13.013    0.036 0.032 0.027 0.030 0.034  A 243727
   4400.77655 12.837 12.818 12.831 12.967 13.010    0.041 0.039 0.046 0.056 0.066  B 245016
   4403.82264 13.058 13.069 13.129 13.120 13.028    0.050 0.035 0.030 0.033 0.038  A 245323
   4407.81577 12.919 12.917 12.892 12.863 12.801    0.036 0.031 0.029 0.033 0.040  A 245641
   4410.78339 13.201 13.097 13.080 13.067 13.015    0.067 0.044 0.038 0.041 0.044  A 246016
   4413.84339 12.808 12.852 12.871 12.895 12.931    0.038 0.035 0.033 0.039 0.045  A 246317
   4420.84292 13.134 13.169 13.219 13.278 13.195    0.062 0.048 0.048 0.056 0.063  A 246520
   4423.77961 13.033 12.973 12.892 12.842 12.811    0.068 0.044 0.040 0.044 0.048  A 246779
   4427.74773 13.099 13.104 13.196 13.283 13.183    0.039 0.031 0.032 0.039 0.046  A 247091
   4430.73989 13.108 13.131 13.156 13.227 13.350    0.038 0.033 0.033 0.040 0.047  A 247444
   4432.79180 12.844 12.843 12.851 12.840 12.765    0.059 0.039 0.036 0.041 0.046  A 247718
   4435.72851 12.907 12.930 12.920 12.900 12.913    0.035 0.028 0.024 0.028 0.032  A 248059
   4438.71445 12.904 12.912 12.900 12.893 12.823    0.040 0.035 0.034 0.038 0.042  A 248430
   4441.70269 12.962 13.041 13.090 13.124 13.041    0.040 0.033 0.031 0.034 0.037  A 248801
   4444.74715 12.974 13.016 13.024 13.049 13.007    0.042 0.037 0.036 0.040 0.043  A 249122
   4452.80473 13.054 13.073 13.086 13.092 13.001    0.046 0.038 0.038 0.046 0.054  A 250062
   4455.66982 12.920 12.841 12.809 12.790 12.688    0.046 0.036 0.037 0.045 0.051  A 250349
   4457.76105 12.967 12.935 12.885 12.808 12.821    0.051 0.038 0.037 0.043 0.050  A 250599
   4460.67345 12.924 12.865 12.853 12.924 12.939    0.038 0.035 0.033 0.040 0.046  A 250917
   4462.74234 13.095 13.061 13.057 13.034 12.935    0.051 0.037 0.033 0.037 0.042  A 251211
   4464.83214 13.246 13.175 13.167 13.154 13.166    0.051 0.037 0.036 0.040 0.044  A 251476
   4467.67907 12.897 12.907 12.918 12.916 12.890    0.070 0.042 0.039 0.043 0.048  A 251767
   4470.66440 12.934 12.856 12.850 12.854 12.722    0.070 0.042 0.039 0.043 0.047  A 252107
   4473.71826 13.015 12.988 12.988 12.999 12.972    0.054 0.035 0.030 0.033 0.037  A 252391
   4476.71391 13.768 13.858 14.254 14.896 15.164    0.081 0.058 0.059 0.069 0.079  D 252668
   4478.76937 13.187 13.130 13.160 13.275 13.234    0.066 0.049 0.046 0.056 0.065  A 252920
   4481.62205 12.893 12.996 13.090 13.221 13.244    0.056 0.047 0.051 0.060 0.067  B 253233
   4484.76395 13.230 13.118 13.165 13.117 12.953    0.065 0.043 0.043 0.048 0.052  A 253518
   4486.78152 12.969 13.055 13.116 13.139 12.996    0.053 0.038 0.036 0.041 0.048  A 253756
   4489.59236 12.694 12.812 12.882 12.963 13.005    0.057 0.038 0.032 0.037 0.041  A 254046
   4491.64252 13.166 13.115 13.138 13.120 13.025    0.053 0.035 0.030 0.032 0.036  A 254277
   4493.66770 12.962 12.909 12.943 13.009 12.951    0.064 0.038 0.031 0.035 0.038  A 254534
   4499.66008 12.917 12.898 12.905 12.891 12.821    0.051 0.038 0.035 0.038 0.041  A 255034
   4504.67171 12.958 12.962 12.976 12.978 12.943    0.052 0.042 0.042 0.050 0.060  A 255714
   4507.57639 13.082 13.116 13.174 13.186 13.099    0.064 0.045 0.040 0.046 0.052  A 256120
   4509.65842 13.100 13.129 13.185 13.305 13.473    0.044 0.036 0.038 0.042 0.048  A 256429
   4511.74293 13.096 12.992 12.943 12.917 12.829    0.065 0.039 0.034 0.037 0.041  A 256714
   4515.61899 13.097 13.051 13.131 13.240 13.339    0.058 0.047 0.052 0.063 0.073  B 257010
   4517.68188 13.021 13.078 13.022 12.934 12.819    0.074 0.052 0.053 0.061 0.068  B 257279
   4519.68651 12.889 12.900 12.889 12.891 12.793    0.059 0.044 0.042 0.047 0.053  A 257587
   4521.70350 13.175 13.120 13.147 13.175 13.136    0.063 0.040 0.034 0.037 0.042  A 257866
   4524.55543 12.881 12.777 12.692 12.618 12.576    0.039 0.033 0.032 0.038 0.044  A 258263
   4526.63038 13.364 13.432 13.446 13.446 13.617    0.051 0.040 0.041 0.047 0.054  A 258576
   4528.67467 12.777 12.834 12.765 12.707 12.688    0.054 0.044 0.043 0.048 0.055  A 258895
   4531.58611 13.038 13.017 13.049 13.063 12.971    0.044 0.035 0.033 0.038 0.043  A 259313
   4537.53503 12.961 13.040 13.030 12.933 12.800    0.045 0.034 0.032 0.037 0.042  A 260046
   4539.56498 12.874 12.737 12.670 12.637 12.586    0.072 0.054 0.056 0.067 0.077  D 260347
   4541.59050 13.030 13.085 13.155 13.277 13.206    0.055 0.036 0.032 0.037 0.041  A 260655
   4543.61040 13.121 13.000 12.997 13.037 13.037    0.072 0.047 0.043 0.049 0.055  A 260974
   4548.52084 13.042 13.027 13.123 13.244 13.252    0.039 0.034 0.035 0.041 0.047  A 261732
   4553.58622 12.892 12.922 12.926 12.945 12.905    0.038 0.029 0.029 0.034 0.035  A 262378
   4555.61356 13.000 13.018 13.055 13.080 13.016    0.035 0.031 0.030 0.034 0.039  A 262693
   4557.61964 12.844 12.807 12.774 12.767 12.760    0.048 0.037 0.035 0.039 0.044  A 263021
   4560.53982 13.165 13.127 13.075 13.039 12.993    0.041 0.035 0.033 0.038 0.044  A 263491
   4562.56436 12.856 12.870 12.887 12.891 12.815    0.039 0.033 0.031 0.037 0.044  A 263839
   4565.49684 13.158 13.159 13.124 13.122 13.221    0.045 0.035 0.032 0.037 0.042  A 264317
   4567.53482 12.839 12.934 12.953 12.952 12.793    0.058 0.043 0.039 0.044 0.049  A 264661
   4569.55487 99.999 99.999 99.999 99.999 99.999    0.040 0.038 0.037 0.044 0.051  C 264973
   4571.56736 12.937 12.926 12.986 13.084 13.101    0.037 0.034 0.033 0.039 0.046  A 265314
   4574.52056 13.013 13.044 13.076 13.103 13.063    0.052 0.038 0.037 0.044 0.052  A 265799
