#ndata= 1
#dataset= 1 ; 1 F0712-56_069
#desig= 062137-3735.1
#cra=    6.360340  06:21:37.2
#cdec= -37.584950 -37:35:05.8
#class= 0
#cmag_0= 12.678
#cmer_0=  0.000
#nskip_0= 0
#cmag_1= 12.677
#cmer_1=  0.000
#nskip_1= 0
#cmag_2= 12.618
#cmer_2=  0.000
#nskip_2= 0
#cmag_3= 12.505
#cmer_3=  0.000
#nskip_3= 0
#cmag_4= 12.418
#cmer_4=  0.000
#nskip_4= 0
#ra=    6.360340  06:21:37.2
#dec= -37.584950 -37:35:05.8
#     HJD      MAG_0  MAG_1  MAG_2  MAG_3  MAG_4    MER_0 MER_1 MER_2 MER_3 MER_4 GRADE FRAME
   2184.83628 12.679 12.678 12.618 12.505 12.419    0.061 0.060 0.051 0.041 0.040  B 34166
#ndata= 180
#dataset= 2 ; 1 F0600-40_131
#desig= 062138-3735.2
#cra=    6.360689  06:21:38.5
#cdec= -37.586802 -37:35:12.5
#class= 0
#cmag_0= 12.848
#cmer_0=  0.000
#nskip_0= 0
#cmag_1= 12.775
#cmer_1=  0.000
#nskip_1= 0
#cmag_2= 12.648
#cmer_2=  0.000
#nskip_2= 0
#cmag_3= 12.572
#cmer_3=  0.000
#nskip_3= 0
#cmag_4= 12.386
#cmer_4=  0.000
#nskip_4= 0
#ra=    6.360689  06:21:38.5
#dec= -37.586802 -37:35:12.5
#     HJD      MAG_0  MAG_1  MAG_2  MAG_3  MAG_4    MER_0 MER_1 MER_2 MER_3 MER_4 GRADE FRAME
   2745.55581 29.999 29.999 29.999 29.999 29.999    0.036 0.037 0.040 0.046 0.054  C 50896
   2924.81811 12.849 12.776 12.649 12.572 12.387    0.030 0.038 0.030 0.032 0.034  A 75704
#dataset= 2 ; 2 F0600-40_131
#desig= 062136-3734.9
#cra=    6.359971  06:21:35.9
#cdec= -37.581275 -37:34:52.6
#class= 0
#cmag_0= 12.854
#cmer_0=  0.150
#nskip_0= 0
#cmag_1= 12.843
#cmer_1=  0.261
#nskip_1= 0
#cmag_2= 12.777
#cmer_2=  0.185
#nskip_2= 0
#cmag_3= 12.765
#cmer_3=  0.008
#nskip_3= 0
#cmag_4= 12.689
#cmer_4=  0.135
#nskip_4= 0
#ra=    6.359971  06:21:35.9
#dec= -37.581275 -37:34:52.6
#     HJD      MAG_0  MAG_1  MAG_2  MAG_3  MAG_4    MER_0 MER_1 MER_2 MER_3 MER_4 GRADE FRAME
   1996.54844 12.748 12.661 12.647 12.761 12.786    0.076 0.059 0.045 0.050 0.048  B 13806
   2898.81872 29.999 29.999 29.999 29.999 29.999    0.044 0.044 0.047 0.055 0.063  C 71946
   2934.81588 29.999 29.999 29.999 29.999 29.999    0.031 0.035 0.027 0.034 0.033  C 77325
   4246.46352 12.960 13.026 12.908 12.771 12.594    0.043 0.032 0.027 0.031 0.036  A 226159
#dataset= 2 ; 3 F0600-40_131
#desig= 062137-3735.0
#cra=    6.360382  06:21:37.4
#cdec= -37.583472 -37:35:00.5
#class= 0
#cmag_0= 12.878
#cmer_0=  0.168
#nskip_0= 0
#cmag_1= 12.859
#cmer_1=  0.176
#nskip_1= 0
#cmag_2= 12.840
#cmer_2=  0.181
#nskip_2= 0
#cmag_3= 12.791
#cmer_3=  0.190
#nskip_3= 0
#cmag_4= 12.733
#cmer_4=  0.198
#nskip_4= 0
#ra=    6.360382  06:21:37.4
#dec= -37.583472 -37:35:00.5
#     HJD      MAG_0  MAG_1  MAG_2  MAG_3  MAG_4    MER_0 MER_1 MER_2 MER_3 MER_4 GRADE FRAME
   1913.62965 12.699 12.728 12.716 12.634 12.532    0.025 0.021 0.019 0.023 0.025  A 4606
   1935.55597 12.776 12.736 12.708 12.655 12.606    0.027 0.024 0.019 0.020 0.023  A 7878
   1945.57016 12.616 12.590 12.563 12.505 12.457    0.030 0.032 0.023 0.024 0.028  A 8660
   1952.54587 12.570 12.560 12.543 12.519 12.441    0.032 0.031 0.023 0.024 0.027  A 9546
   1961.53328 12.525 12.595 12.597 12.546 12.472    0.037 0.035 0.028 0.031 0.029  A 10433
   1963.63905 12.768 12.770 12.743 12.731 12.700    0.040 0.035 0.028 0.032 0.029  A 10812
   2027.47366 13.004 13.012 12.963 12.865 12.829    0.039 0.024 0.023 0.026 0.028  A 17557
   2497.89415 12.905 12.896 12.874 12.854 12.808    0.041 0.039 0.035 0.039 0.037  A 15338
   2499.88917 12.900 12.899 12.853 12.783 12.726    0.035 0.033 0.027 0.031 0.027  A 15758
   2502.88215 13.006 12.967 12.930 12.939 12.917    0.038 0.035 0.029 0.032 0.029  A 16330
   2550.89808 29.999 29.999 29.999 29.999 29.999    0.079 0.061 0.053 0.060 0.063  C 20887
   2628.64866 12.926 12.866 12.851 12.791 12.700    0.029 0.027 0.028 0.033 0.039  A 30725
   2630.80928 12.833 12.795 12.758 12.688 12.656    0.058 0.039 0.026 0.027 0.031  A 31298
   2660.69067 12.719 12.776 12.793 12.752 12.664    0.036 0.038 0.030 0.035 0.036  A 35961
   2679.76170 12.934 12.969 13.012 12.972 12.870    0.029 0.026 0.027 0.029 0.031  A 39188
   2681.68722 13.041 12.965 12.907 12.850 12.786    0.032 0.022 0.021 0.024 0.027  A 39479
   2689.63627 13.040 12.968 12.881 12.783 12.728    0.026 0.021 0.021 0.025 0.028  A 40908
   2701.62503 12.903 12.863 12.915 12.944 12.827    0.034 0.022 0.020 0.021 0.025  A 43080
   2707.61106 12.939 12.990 12.918 12.847 12.743    0.034 0.024 0.021 0.023 0.025  A 44197
   2709.59531 12.861 12.849 12.837 12.763 12.671    0.031 0.023 0.021 0.022 0.025  A 44554
   2713.60930 12.810 12.785 12.759 12.665 12.588    0.021 0.021 0.021 0.024 0.027  A 45307
   2715.62587 12.756 12.716 12.678 12.632 12.547    0.030 0.027 0.028 0.032 0.035  A 45689
   2719.53719 12.830 12.817 12.801 12.740 12.715    0.027 0.023 0.022 0.023 0.026  A 46056
   2721.57768 12.731 12.650 12.621 12.566 12.505    0.040 0.024 0.022 0.025 0.029  A 46459
   2723.57964 12.867 12.870 12.855 12.831 12.784    0.027 0.023 0.021 0.023 0.026  A 46848
   2725.57634 12.852 12.853 12.883 12.877 12.828    0.036 0.024 0.021 0.023 0.025  A 47238
   2727.56990 12.821 12.794 12.736 12.699 12.624    0.032 0.022 0.021 0.023 0.025  A 47625
   2729.56790 12.980 13.003 13.023 13.006 12.956    0.030 0.026 0.025 0.028 0.031  A 48033
   2733.55573 12.976 12.943 12.879 12.781 12.689    0.044 0.024 0.023 0.026 0.028  A 48586
   2735.55125 12.974 12.958 12.912 12.847 12.755    0.030 0.024 0.023 0.024 0.027  A 48990
   2737.54307 12.984 12.949 12.904 12.845 12.747    0.031 0.024 0.023 0.025 0.028  A 49383
   2739.56565 13.070 13.105 13.070 12.951 12.818    0.037 0.025 0.023 0.026 0.029  A 49728
   2741.54079 13.019 13.053 13.046 13.018 12.919    0.033 0.024 0.023 0.025 0.027  A 50111
   2752.50159 13.051 13.024 12.980 12.904 12.868    0.023 0.021 0.019 0.021 0.023  A 51967
   2755.50171 13.080 13.067 13.036 12.959 12.853    0.032 0.036 0.021 0.022 0.023  A 52402
   2757.49857 12.909 12.944 12.950 12.896 12.774    0.026 0.023 0.022 0.021 0.024  A 52817
   2760.48974 13.052 13.107 13.071 12.986 12.903    0.027 0.031 0.021 0.022 0.024  A 53363
   2762.49086 12.857 12.851 12.851 12.817 12.749    0.030 0.026 0.025 0.029 0.033  A 53772
   2764.47990 13.090 13.111 13.087 13.009 12.915    0.027 0.019 0.019 0.021 0.024  A 54180
   2770.46382 13.071 13.115 13.054 12.962 12.877    0.023 0.025 0.024 0.026 0.028  A 54783
   2775.47658 13.241 13.288 13.306 13.256 13.126    0.027 0.026 0.027 0.032 0.036  A 55016
   2783.45420 12.901 12.885 12.891 12.889 12.940    0.023 0.023 0.022 0.024 0.026  A 55858
   2785.46056 12.878 12.811 12.748 12.689 12.629    0.020 0.019 0.019 0.021 0.023  A 56282
   2789.45063 12.825 12.778 12.826 12.863 12.813    0.034 0.032 0.034 0.039 0.044  A 57029
   2867.90128 13.106 13.089 12.971 12.842 12.745    0.031 0.031 0.026 0.029 0.031  A 67875
   2884.84116 12.892 12.863 12.835 12.804 12.863    0.026 0.035 0.030 0.037 0.038  A 69904
   2902.83661 12.481 12.503 12.316 12.183 12.090    0.059 0.063 0.069 0.082 0.093  D 72597
   2912.83051 12.661 12.655 12.614 12.613 12.553    0.028 0.033 0.027 0.030 0.033  A 74181
   2924.81811 12.752 12.635 12.544 12.453 12.411    0.030 0.038 0.030 0.032 0.034  A 75704
   2932.80254 12.782 12.740 12.751 12.717 12.633    0.024 0.033 0.022 0.025 0.027  A 76965
   2955.75147 12.583 12.517 12.576 12.574 12.551    0.024 0.024 0.022 0.025 0.029  A 80131
   2961.73216 12.591 12.531 12.547 12.527 12.510    0.024 0.021 0.020 0.022 0.025  A 80956
   2963.78742 12.573 12.505 12.548 12.542 12.578    0.026 0.025 0.021 0.024 0.028  A 81257
   2965.80139 12.614 12.634 12.641 12.572 12.539    0.028 0.027 0.027 0.031 0.037  A 81550
   2971.70043 12.790 12.785 12.828 12.832 12.752    0.024 0.021 0.020 0.023 0.026  A 82270
   2974.69137 12.720 12.660 12.614 12.554 12.490    0.033 0.037 0.043 0.047 0.051  A 82594
   2978.72824 12.873 12.884 12.870 12.828 12.769    0.025 0.023 0.021 0.024 0.027  A 83163
   2980.74073 12.698 12.743 12.738 12.743 12.706    0.023 0.026 0.022 0.025 0.028  A 83417
   2985.65464 12.822 12.768 12.785 12.814 12.811    0.024 0.022 0.022 0.025 0.028  A 84047
   2989.77346 12.751 12.662 12.573 12.473 12.370    0.025 0.024 0.022 0.025 0.029  A 84574
   2992.63367 12.881 12.868 12.873 12.805 12.722    0.024 0.023 0.021 0.024 0.027  A 84917
   2996.69377 12.796 12.708 12.679 12.650 12.641    0.044 0.038 0.042 0.045 0.047  A 85466
   3001.68844 12.581 12.588 12.581 12.559 12.572    0.036 0.026 0.021 0.023 0.026  A 86007
   3005.66373 12.609 12.529 12.512 12.451 12.354    0.023 0.020 0.020 0.023 0.026  A 86470
   3007.66569 12.608 12.514 12.480 12.429 12.369    0.025 0.025 0.023 0.026 0.031  A 86732
   3011.70444 12.558 12.451 12.373 12.267 12.217    0.028 0.026 0.028 0.033 0.038  A 87273
   3013.74983 12.691 12.702 12.682 12.648 12.594    0.034 0.029 0.029 0.032 0.037  A 87556
   3016.72705 12.528 12.489 12.504 12.478 12.412    0.024 0.024 0.023 0.027 0.031  A 87777
   3018.72515 12.538 12.540 12.552 12.526 12.470    0.023 0.024 0.025 0.029 0.034  A 88048
   3023.61508 12.813 12.716 12.690 12.668 12.653    0.028 0.023 0.021 0.024 0.027  A 88287
   3025.72978 12.685 12.721 12.730 12.737 12.727    0.023 0.022 0.021 0.025 0.029  A 88460
   3029.73027 12.759 12.681 12.708 12.763 12.708    0.035 0.033 0.036 0.043 0.052  A 88656
   3031.79231 12.809 12.803 12.881 12.981 13.002    0.024 0.026 0.026 0.031 0.036  A 88892
   3033.78092 12.820 12.772 12.721 12.637 12.544    0.026 0.025 0.023 0.027 0.031  A 89077
   3036.60894 12.914 12.866 12.850 12.836 12.798    0.029 0.025 0.023 0.026 0.030  A 89351
   3040.61450 13.034 13.009 13.048 13.071 13.108    0.027 0.025 0.026 0.031 0.037  A 89591
   3045.58616 13.058 13.080 13.081 13.020 12.925    0.026 0.023 0.022 0.026 0.029  A 90175
   3047.71126 13.065 13.059 13.019 12.901 12.946    0.025 0.023 0.024 0.028 0.032  A 90490
   3050.60003 13.084 13.079 13.067 12.974 12.953    0.023 0.024 0.020 0.023 0.027  A 90849
   3052.70145 13.004 12.994 12.989 12.984 12.918    0.030 0.025 0.025 0.029 0.032  A 91155
   3054.71840 13.065 13.069 12.998 12.951 12.972    0.030 0.030 0.029 0.035 0.040  A 91431
   3057.58109 13.161 13.065 12.909 12.732 12.681    0.046 0.047 0.051 0.059 0.070  B 91799
   3059.64488 13.134 13.160 13.159 13.041 12.983    0.030 0.024 0.024 0.027 0.032  A 92084
   3061.68635 13.108 13.064 13.040 12.985 12.934    0.023 0.023 0.023 0.027 0.030  A 92373
   3064.57439 13.093 13.039 12.902 12.734 12.685    0.047 0.045 0.048 0.054 0.061  B 92727
   3067.61641 13.149 13.189 13.208 13.155 13.126    0.024 0.024 0.023 0.027 0.031  A 93040
   3069.64289 12.978 12.998 13.008 12.976 12.937    0.027 0.028 0.029 0.034 0.040  A 93342
   3071.65363 12.986 12.932 12.968 13.018 12.964    0.031 0.031 0.033 0.040 0.048  A 93634
   3074.59691 13.116 13.091 13.016 12.942 12.886    0.026 0.024 0.024 0.027 0.032  A 93976
   3076.62225 13.121 13.126 13.121 13.086 13.057    0.023 0.025 0.025 0.029 0.033  A 94262
   3078.62446 13.046 12.982 12.980 12.940 12.802    0.026 0.026 0.028 0.034 0.040  A 94566
   3080.63729 13.285 13.232 13.196 13.202 13.194    0.035 0.035 0.036 0.041 0.047  A 94858
   3085.49470 12.813 12.769 12.708 12.599 12.514    0.049 0.045 0.050 0.062 0.073  B 95254
   3087.53618 12.938 12.815 12.660 12.524 12.386    0.030 0.029 0.029 0.033 0.037  A 95575
   3089.56211 12.720 12.656 12.574 12.472 12.327    0.049 0.052 0.057 0.064 0.075  D 95887
   3091.57446 12.855 12.850 12.891 12.892 12.846    0.033 0.033 0.035 0.039 0.043  A 96200
   3093.57843 12.961 12.931 13.004 13.060 13.018    0.024 0.025 0.024 0.026 0.031  A 96505
   3097.57993 12.996 12.949 12.906 12.771 12.646    0.029 0.030 0.031 0.037 0.044  A 96790
   3099.60236 13.018 12.925 12.964 13.021 13.031    0.032 0.031 0.031 0.037 0.043  A 97114
   3102.51815 13.184 13.137 13.035 12.871 12.746    0.025 0.025 0.025 0.030 0.035  A 97548
   3104.53332 13.034 13.092 13.133 13.013 12.839    0.027 0.024 0.023 0.028 0.032  A 97874
   3106.54616 12.975 12.928 12.866 12.802 12.696    0.025 0.024 0.023 0.027 0.031  A 98188
   3108.55062 13.007 12.942 12.890 12.837 12.796    0.026 0.025 0.024 0.026 0.030  A 98508
   3110.55602 13.152 13.158 13.156 13.117 13.112    0.028 0.024 0.022 0.026 0.030  A 98824
   3113.50783 12.831 12.806 12.820 12.854 12.843    0.039 0.052 0.058 0.060 0.063  B 99278
   3115.52706 13.194 13.132 13.088 13.010 12.876    0.024 0.022 0.021 0.025 0.029  A 99618
   3121.48704 13.039 12.988 12.944 12.895 12.897    0.027 0.021 0.020 0.024 0.028  A 100038
   3123.51700 13.038 13.033 13.043 13.038 13.030    0.034 0.040 0.043 0.045 0.048  A 100336
   3126.50264 13.117 13.102 13.077 12.966 12.820    0.025 0.025 0.025 0.029 0.034  A 100835
   3129.49089 12.935 12.873 12.780 12.704 12.639    0.028 0.029 0.032 0.038 0.044  A 101316
   3131.51545 13.002 13.084 13.117 12.886 12.830    0.032 0.037 0.043 0.050 0.055  A 101609
   3134.48738 12.943 12.891 12.829 12.763 12.757    0.037 0.041 0.046 0.052 0.057  B 102090
   3142.45617 12.691 12.660 12.644 12.610 12.534    0.027 0.028 0.025 0.029 0.033  A 103048
   3146.46057 12.908 12.864 12.821 12.714 12.630    0.025 0.026 0.025 0.028 0.032  A 103455
   3154.44941 12.783 12.774 12.679 12.609 12.616    0.029 0.028 0.027 0.032 0.037  A 103874
   3380.80959 13.011 12.926 12.866 12.839 12.817    0.042 0.043 0.048 0.058 0.067  B 125558
   3404.76835 12.867 12.792 12.741 12.685 12.655    0.034 0.031 0.031 0.033 0.037  A 128455
   3411.63725 12.902 12.942 12.882 12.732 12.700    0.062 0.038 0.038 0.042 0.045  A 129481
   3417.68640 12.795 12.766 12.712 12.603 12.485    0.053 0.033 0.031 0.034 0.037  A 130437
   3421.69793 12.711 12.812 12.862 12.849 12.849    0.058 0.036 0.036 0.042 0.051  A 131066
   3432.58620 12.868 12.755 12.620 12.502 12.441    0.058 0.037 0.034 0.036 0.042  A 132500
   3434.58797 12.852 12.807 12.836 12.873 12.830    0.057 0.039 0.038 0.043 0.049  A 132818
   3437.57896 99.999 99.999 99.999 99.999 99.999    0.037 0.025 0.023 0.026 0.029  C 133118
   3440.56820 12.822 12.883 12.925 12.903 12.772    0.035 0.027 0.028 0.033 0.038  A 133460
   3443.58931 12.681 12.773 12.826 12.774 12.897    0.090 0.045 0.041 0.047 0.055  B 133729
   3445.59708 12.604 12.607 12.561 12.486 12.442    0.088 0.046 0.043 0.044 0.049  B 134088
   3447.61153 12.966 12.919 12.890 12.806 12.718    0.087 0.045 0.042 0.047 0.053  B 134730
   3454.62298 12.716 12.769 12.866 12.861 12.806    0.034 0.028 0.030 0.035 0.041  A 135819
   3456.61728 12.972 13.006 12.861 12.770 12.735    0.059 0.035 0.031 0.036 0.040  A 136170
   3458.59813 12.689 12.699 12.687 12.648 12.638    0.051 0.029 0.026 0.031 0.035  A 136518
   3460.59938 12.866 12.850 12.829 12.767 12.686    0.032 0.025 0.024 0.028 0.031  A 136885
   3462.60661 12.844 12.867 12.871 12.790 12.616    0.049 0.037 0.037 0.040 0.045  A 137159
   3465.53312 12.973 13.026 13.071 13.049 13.001    0.035 0.023 0.023 0.026 0.029  A 137631
   3468.56437 12.870 12.919 12.923 12.917 12.867    0.027 0.022 0.022 0.025 0.027  A 138073
   3470.57833 12.905 12.831 12.777 12.712 12.749    0.033 0.023 0.022 0.026 0.029  A 138385
   3472.57963 12.889 12.986 12.999 12.857 12.667    0.039 0.030 0.031 0.036 0.042  A 138695
   3475.51719 12.876 12.778 12.717 12.647 12.582    0.042 0.030 0.029 0.032 0.035  A 139171
   3477.56211 13.289 13.169 13.170 13.221 13.105    0.047 0.034 0.036 0.041 0.046  A 139521
   3480.51343 12.841 12.844 12.861 12.799 12.787    0.043 0.030 0.030 0.036 0.042  A 139960
   3482.52520 12.741 12.696 12.758 12.803 12.725    0.069 0.061 0.073 0.092 0.109  D 140290
   3489.51922 12.845 12.868 12.871 12.857 12.809    0.040 0.026 0.023 0.027 0.030  A 140911
   3492.47360 12.846 12.675 12.647 12.627 12.557    0.040 0.030 0.031 0.033 0.038  A 141420
   3497.46721 12.712 12.757 12.755 12.716 12.643    0.037 0.025 0.022 0.025 0.027  A 141863
   3500.47847 12.809 12.806 12.832 12.821 12.618    0.059 0.052 0.053 0.056 0.060  B 142219
   3503.46791 12.807 12.771 12.722 12.628 12.617    0.044 0.028 0.026 0.028 0.031  A 142751
   3509.47842 12.824 12.806 12.827 12.817 12.768    0.041 0.030 0.024 0.028 0.032  A 143372
   3513.46628 12.990 12.979 13.035 13.120 13.315    0.032 0.029 0.030 0.036 0.042  A 143968
   3517.46715 12.987 12.944 12.963 12.953 12.852    0.032 0.023 0.025 0.029 0.033  A 144282
   3759.73774 12.911 12.963 12.915 12.849 12.716    0.062 0.040 0.038 0.042 0.047  A 175515
   3764.76738 12.966 12.837 12.801 12.735 12.689    0.076 0.039 0.034 0.037 0.042  A 176193
   3793.67589 13.147 13.101 13.089 13.016 13.021    0.039 0.030 0.030 0.036 0.043  A 179705
   3796.56445 13.078 13.029 12.962 12.850 12.728    0.058 0.030 0.026 0.027 0.031  A 180095
   3800.61324 12.974 12.997 12.971 12.858 12.772    0.035 0.028 0.030 0.035 0.040  A 180664
   3803.59083 12.969 12.921 12.954 12.974 12.967    0.038 0.030 0.032 0.040 0.047  A 181011
   3812.64310 12.871 12.863 12.888 12.885 12.827    0.050 0.032 0.034 0.040 0.047  A 182304
   3817.55320 12.754 12.720 12.681 12.592 12.514    0.035 0.028 0.029 0.036 0.042  A 183064
   3819.58873 12.645 12.573 12.472 12.367 12.302    0.039 0.032 0.033 0.037 0.045  A 183399
   3828.58432 12.715 12.700 12.666 12.588 12.476    0.061 0.035 0.030 0.032 0.035  A 184896
   3831.50808 12.733 12.748 12.790 12.797 12.709    0.038 0.027 0.027 0.031 0.037  A 185373
   3835.55084 12.843 12.809 12.754 12.656 12.669    0.058 0.040 0.041 0.051 0.062  B 186092
   3837.56160 12.797 12.809 12.805 12.768 12.636    0.043 0.037 0.045 0.057 0.069  B 186430
   3850.49577 12.852 12.823 12.771 12.708 12.649    0.050 0.039 0.039 0.041 0.040  A 187211
   3852.50986 12.818 12.873 12.868 12.809 12.732    0.035 0.023 0.024 0.028 0.031  A 187562
   3854.51516 13.067 13.106 13.095 13.127 13.086    0.037 0.025 0.024 0.028 0.031  A 187929
   3858.49085 12.696 12.630 12.578 12.469 12.392    0.046 0.032 0.032 0.035 0.040  A 188478
   3861.49229 12.802 12.802 12.803 12.811 12.801    0.034 0.025 0.023 0.027 0.031  A 188965
   3863.50649 12.788 12.699 12.657 12.595 12.512    0.037 0.028 0.027 0.032 0.035  A 189314
   3866.47078 12.742 12.803 12.815 12.743 12.620    0.042 0.031 0.032 0.038 0.044  A 189831
   3869.47892 12.631 12.485 12.387 12.253 12.197    0.036 0.028 0.031 0.038 0.046  A 190314
   3872.46831 12.815 12.826 12.788 12.737 12.705    0.036 0.025 0.025 0.028 0.031  A 190871
   3876.46940 12.665 12.695 12.770 12.841 12.866    0.043 0.027 0.025 0.028 0.031  A 191284
   3880.46296 12.794 12.910 12.942 12.956 12.914    0.034 0.028 0.029 0.033 0.038  A 191750
   3886.45336 12.796 12.766 12.747 12.659 12.593    0.032 0.026 0.025 0.029 0.032  A 192408
   4250.45439 29.999 29.999 29.999 29.999 29.999    0.045 0.039 0.037 0.044 0.051  C 226614
#ndata= 492
#dataset= 3 ; 1 F0640-40_132
#desig= 062137-3735.0
#cra=    6.360346  06:21:37.2
#cdec= -37.583788 -37:35:01.6
#class= 0
#cmag_0= 12.840
#cmer_0=  0.167
#nskip_0= 1
#cmag_1= 12.840
#cmer_1=  0.171
#nskip_1= 2
#cmag_2= 12.823
#cmer_2=  0.179
#nskip_2= 1
#cmag_3= 12.768
#cmer_3=  0.188
#nskip_3= 3
#cmag_4= 12.701
#cmer_4=  0.190
#nskip_4= 4
#ra=    6.360346  06:21:37.2
#dec= -37.583788 -37:35:01.6
#     HJD      MAG_0  MAG_1  MAG_2  MAG_3  MAG_4    MER_0 MER_1 MER_2 MER_3 MER_4 GRADE FRAME
   1868.75128 12.650 12.708 12.725 12.681 12.629    0.050 0.027 0.026 0.029 0.032  A 129
   1869.74820 12.660 12.737 12.730 12.644 12.559    0.057 0.026 0.025 0.030 0.031  A 291
   1870.74252 12.797 12.722 12.718 12.695 12.578    0.059 0.029 0.027 0.029 0.032  A 436
   1871.77942 12.762 12.766 12.769 12.713 12.598    0.049 0.025 0.024 0.027 0.029  A 582
   1873.77240 12.673 12.728 12.728 12.635 12.562    0.060 0.031 0.028 0.031 0.033  A 902
   1874.75432 12.753 12.672 12.645 12.561 12.437    0.070 0.034 0.029 0.032 0.035  A 1056
   1875.73345 12.731 12.646 12.629 12.590 12.486    0.041 0.025 0.024 0.026 0.029  A 1207
   1876.74839 12.639 12.702 12.674 12.580 12.549    0.048 0.026 0.023 0.026 0.029  A 1375
   1877.74757 12.712 12.758 12.778 12.725 12.640    0.032 0.023 0.022 0.024 0.028  A 1532
   1878.73886 12.666 12.686 12.696 12.619 12.541    0.042 0.031 0.027 0.030 0.032  A 1688
   1879.73960 12.558 12.578 12.560 12.497 12.393    0.039 0.030 0.024 0.027 0.030  A 1844
   1881.71656 12.675 12.679 12.619 12.506 12.446    0.035 0.025 0.021 0.024 0.028  A 2148
   1884.70926 12.649 12.671 12.653 12.618 12.569    0.037 0.026 0.023 0.026 0.029  A 2294
   1885.71062 12.623 12.647 12.636 12.596 12.533    0.033 0.028 0.024 0.027 0.029  A 2454
   1886.71198 12.678 12.618 12.627 12.634 12.647    0.037 0.029 0.024 0.026 0.030  A 2616
   1887.71186 12.582 12.629 12.611 12.551 12.518    0.035 0.028 0.024 0.028 0.032  A 2774
   1888.70233 12.649 12.605 12.533 12.461 12.387    0.046 0.032 0.027 0.030 0.033  A 2930
   1889.70133 12.550 12.583 12.592 12.566 12.451    0.044 0.031 0.028 0.033 0.037  A 3091
   1899.67864 12.740 12.711 12.697 12.631 12.549    0.032 0.028 0.024 0.025 0.028  A 3211
   1902.67455 12.745 12.704 12.688 12.666 12.590    0.031 0.025 0.020 0.024 0.026  A 3524
   1903.68663 12.724 12.738 12.705 12.651 12.630    0.036 0.026 0.022 0.025 0.027  A 3689
   1904.66727 12.788 12.783 12.762 12.720 12.612    0.036 0.024 0.022 0.025 0.029  A 3840
   1905.68298 12.784 12.807 12.819 12.781 12.700    0.036 0.026 0.022 0.025 0.027  A 4009
   1906.67412 12.788 12.738 12.696 12.601 12.543    0.037 0.027 0.022 0.025 0.027  A 4167
   1907.67666 12.729 12.741 12.735 12.687 12.588    0.035 0.028 0.022 0.024 0.027  A 4328
   1908.66884 12.813 12.784 12.768 12.699 12.681    0.037 0.029 0.023 0.025 0.027  A 4486
   1913.65005 12.882 12.852 12.836 12.767 12.667    0.025 0.023 0.021 0.025 0.027  A 4615
   1914.66165 12.922 12.943 12.911 12.800 12.726    0.027 0.024 0.021 0.024 0.027  A 4779
   1915.65883 12.889 12.956 12.918 12.825 12.721    0.039 0.026 0.023 0.026 0.029  A 4936
   1918.64051 12.846 12.818 12.780 12.714 12.651    0.031 0.030 0.026 0.029 0.033  A 5143
   1919.64700 12.892 12.900 12.877 12.768 12.639    0.036 0.030 0.025 0.029 0.032  A 5306
   1920.65349 12.708 12.670 12.599 12.508 12.456    0.036 0.027 0.024 0.028 0.031  A 5469
   1921.64412 12.905 12.920 12.919 12.861 12.813    0.035 0.030 0.025 0.027 0.030  A 5625
   1922.64383 12.884 12.898 12.841 12.719 12.550    0.032 0.029 0.023 0.026 0.028  A 5775
   1923.64371 12.997 13.014 12.995 12.975 12.876    0.035 0.027 0.024 0.027 0.030  A 5940
   1924.64102 12.850 12.852 12.894 12.875 12.838    0.041 0.031 0.030 0.035 0.039  A 6108
   1925.63960 12.933 12.950 12.916 12.878 12.903    0.040 0.034 0.031 0.035 0.037  A 6276
   1926.63141 12.883 12.906 12.897 12.831 12.764    0.034 0.027 0.023 0.026 0.029  A 6443
   1929.63059 12.761 12.787 12.764 12.742 12.699    0.031 0.026 0.021 0.023 0.026  A 6922
   1930.62864 12.792 12.759 12.712 12.662 12.615    0.033 0.028 0.022 0.025 0.028  A 7088
   1931.62595 12.781 12.726 12.737 12.791 12.818    0.039 0.036 0.034 0.040 0.047  A 7256
   1932.62063 12.715 12.797 12.818 12.743 12.663    0.034 0.032 0.024 0.025 0.028  A 7419
   1933.62014 12.822 12.807 12.821 12.818 12.771    0.034 0.030 0.022 0.024 0.026  A 7583
   1934.61956 12.797 12.842 12.859 12.849 12.800    0.034 0.028 0.022 0.024 0.027  A 7746
   1935.57268 12.726 12.707 12.689 12.672 12.669    0.028 0.025 0.020 0.023 0.025  A 7883
   1937.60450 12.811 12.741 12.737 12.710 12.699    0.028 0.029 0.022 0.023 0.026  A 8131
   1938.64080 12.710 12.711 12.728 12.756 12.671    0.032 0.031 0.023 0.024 0.027  A 8261
   1940.59842 12.757 12.706 12.671 12.634 12.650    0.036 0.033 0.024 0.024 0.027  A 8494
   1945.59332 12.704 12.665 12.655 12.645 12.597    0.034 0.032 0.023 0.026 0.029  A 8666
   1947.58784 12.487 12.526 12.490 12.430 12.387    0.035 0.031 0.028 0.031 0.035  A 8908
   1949.58320 12.521 12.568 12.570 12.525 12.452    0.035 0.030 0.025 0.028 0.032  A 9168
   1950.58760 12.657 12.644 12.627 12.552 12.506    0.036 0.031 0.024 0.027 0.030  A 9343
   1952.57357 12.472 12.423 12.419 12.432 12.432    0.040 0.036 0.028 0.029 0.032  A 9558
   1958.55067 12.662 12.578 12.558 12.534 12.547    0.038 0.034 0.026 0.030 0.029  A 10164
   1961.54967 12.616 12.647 12.664 12.698 12.694    0.039 0.036 0.029 0.031 0.030  A 10440
   1967.53444 12.715 12.731 12.691 12.657 12.623    0.046 0.042 0.034 0.035 0.032  A 11484
   1977.50481 12.808 12.841 12.860 12.876 12.887    0.062 0.051 0.042 0.049 0.046  A 11910
   1980.56918 12.806 12.818 12.779 12.730 12.623    0.054 0.047 0.039 0.046 0.041  A 12345
   1985.51884 12.684 12.738 12.774 12.777 12.772    0.066 0.054 0.042 0.047 0.045  A 13108
   1994.50347 12.485 12.557 12.642 12.641 12.662    0.057 0.050 0.040 0.044 0.042  A 13391
   1996.52879 12.464 12.510 12.554 12.591 12.629    0.079 0.061 0.048 0.051 0.050  B 13797
   1998.53257 12.610 12.570 12.576 12.600 12.658    0.085 0.065 0.048 0.051 0.051  D 14201
   2016.49300 12.313 12.394 12.444 12.435 12.444    0.085 0.066 0.049 0.054 0.053  D 15900
   2026.51993 12.860 12.888 12.842 12.729 12.704    0.043 0.024 0.024 0.028 0.030  A 17358
   2031.52168 13.020 13.006 13.005 12.902 12.812    0.037 0.027 0.024 0.026 0.028  A 17974
   2055.44812 12.794 12.792 12.759 12.736 12.667    0.073 0.056 0.049 0.054 0.057  B 20392
   2115.93014 12.911 12.910 12.877 12.793 12.716    0.050 0.032 0.029 0.033 0.035  A 26991
   2117.93553 12.743 12.727 12.708 12.684 12.709    0.060 0.031 0.029 0.032 0.035  A 27435
   2129.89245 12.624 12.685 12.663 12.557 12.481    0.054 0.032 0.030 0.035 0.039  A 28267
   2131.90115 12.663 12.718 12.686 12.645 12.587    0.061 0.030 0.027 0.030 0.033  A 28687
   2133.90193 12.755 12.790 12.734 12.713 12.659    0.047 0.029 0.027 0.031 0.033  A 29116
   2135.90064 12.576 12.599 12.575 12.461 12.273    0.064 0.043 0.045 0.053 0.062  A 29542
   2143.89142 12.750 12.724 12.733 12.708 12.647    0.062 0.036 0.033 0.037 0.041  A 30911
   2492.91659 29.999 29.999 29.999 29.999 29.999    0.076 0.068 0.059 0.064 0.070  D 14389
   2496.90170 12.869 12.800 12.776 12.776 12.807    0.041 0.039 0.033 0.038 0.034  A 15128
   2498.90430 12.830 12.846 12.781 12.731 12.744    0.047 0.046 0.042 0.047 0.048  A 15555
   2502.89536 12.800 12.810 12.776 12.805 12.720    0.041 0.036 0.030 0.034 0.031  A 16336
   2539.80772 12.291 12.402 12.613 12.767 12.775    0.078 0.065 0.056 0.061 0.061  D 19594
   2545.79190 12.799 12.730 12.716 12.648 12.589    0.043 0.028 0.023 0.025 0.027  A 20239
   2553.81914 12.836 12.803 12.825 12.830 12.814    0.079 0.061 0.048 0.051 0.052  B 21402
   2556.83897 12.606 12.650 12.678 12.664 12.626    0.058 0.049 0.040 0.046 0.046  A 21778
   2558.81217 12.769 12.740 12.706 12.691 12.690    0.032 0.033 0.025 0.027 0.026  A 22122
   2560.80018 12.865 12.897 12.787 12.724 12.727    0.029 0.027 0.024 0.027 0.030  A 22476
   2562.79480 12.903 12.915 12.880 12.813 12.755    0.053 0.028 0.025 0.027 0.030  A 22802
   2564.79154 12.865 12.763 12.784 12.820 12.832    0.030 0.030 0.027 0.030 0.033  A 23159
   2566.79765 12.763 12.802 12.861 12.874 12.813    0.044 0.044 0.040 0.043 0.046  A 23519
   2578.78169 12.484 12.625 12.738 12.774 12.709    0.034 0.035 0.030 0.033 0.034  A 25008
   2621.74353 12.779 12.874 12.856 12.794 12.717    0.029 0.032 0.026 0.025 0.027  A 29845
   2623.69132 12.888 12.814 12.784 12.700 12.653    0.028 0.034 0.027 0.029 0.031  A 30154
   2625.69500 12.897 12.911 12.878 12.811 12.727    0.027 0.027 0.027 0.029 0.030  A 30438
   2631.80177 12.830 12.835 12.817 12.776 12.711    0.039 0.026 0.025 0.028 0.031  A 31649
   2635.66035 12.936 12.940 12.918 12.889 12.858    0.029 0.032 0.024 0.031 0.030  A 32236
   2637.67351 12.908 12.925 12.905 12.869 12.903    0.027 0.034 0.027 0.033 0.032  A 32533
   2639.67572 12.827 12.860 12.826 12.793 12.779    0.024 0.037 0.028 0.032 0.031  A 32842
   2641.67385 12.773 12.784 12.755 12.702 12.601    0.023 0.031 0.022 0.024 0.026  A 33124
   2643.68577 12.806 12.842 12.792 12.710 12.681    0.027 0.024 0.022 0.023 0.025  A 33440
   2645.66984 12.762 12.738 12.744 12.710 12.654    0.023 0.029 0.024 0.023 0.024  A 33731
   2647.65946 12.720 12.725 12.688 12.648 12.642    0.023 0.025 0.021 0.024 0.026  A 34023
   2650.63595 12.627 12.635 12.605 12.572 12.482    0.034 0.052 0.032 0.029 0.027  A 34279
   2652.64679 12.683 12.618 12.606 12.544 12.522    0.031 0.035 0.025 0.026 0.029  A 34589
   2654.64562 12.678 12.707 12.744 12.786 12.722    0.028 0.034 0.029 0.031 0.030  A 34898
   2657.67894 12.617 12.649 12.598 12.546 12.530    0.029 0.034 0.029 0.031 0.034  A 35443
   2659.69070 12.702 12.707 12.725 12.732 12.699    0.026 0.024 0.022 0.025 0.028  A 35790
   2661.68785 12.637 12.622 12.609 12.572 12.522    0.029 0.039 0.026 0.027 0.028  A 36131
   2665.67709 12.737 12.758 12.672 12.642 12.618    0.027 0.032 0.023 0.024 0.025  A 36816
   2669.66596 12.820 12.799 12.792 12.757 12.710    0.026 0.029 0.024 0.025 0.027  A 37442
   2671.66505 12.811 12.777 99.999 99.999 99.999    0.025 0.025 0.022 0.023 0.025  C 37771
   2673.65953 12.787 12.796 12.748 12.656 12.571    0.024 0.028 0.023 0.024 0.026  A 38106
   2675.64730 12.846 12.826 12.804 12.731 12.702    0.030 0.033 0.024 0.026 0.028  A 38460
   2677.62904 12.926 12.994 12.966 12.912 12.824    0.030 0.029 0.026 0.025 0.027  A 38799
   2681.61097 12.874 13.029 13.050 13.000 12.998    0.028 0.035 0.027 0.030 0.032  A 39446
   2683.61442 13.000 13.131 13.158 13.130 13.154    0.029 0.027 0.025 0.026 0.029  A 39804
   2684.75696 12.881 12.904 12.927 12.894 12.840    0.030 0.029 0.030 0.035 0.038  A 40044
   2686.68005 12.935 12.977 12.956 12.925 12.908    0.049 0.051 0.041 0.044 0.042  A 40378
   2688.66545 13.072 13.128 13.104 12.994 12.935    0.038 0.035 0.029 0.032 0.034  A 40736
   2690.66428 12.973 13.004 13.001 12.929 12.799    0.044 0.034 0.031 0.033 0.033  A 41104
   2692.66132 12.968 13.093 13.064 13.000 12.934    0.057 0.045 0.035 0.036 0.034  A 41453
   2694.66564 13.009 13.009 13.123 13.159 13.118    0.036 0.043 0.033 0.035 0.031  A 41778
   2696.67800 12.965 12.983 12.980 12.941 12.836    0.032 0.033 0.022 0.023 0.025  A 42108
   2698.65922 12.934 12.896 12.925 12.911 12.804    0.031 0.033 0.023 0.025 0.028  A 42517
   2700.65175 13.020 12.918 12.928 12.871 12.761    0.043 0.037 0.027 0.026 0.028  A 42901
   2702.64111 13.022 12.936 12.829 12.757 12.716    0.037 0.037 0.026 0.030 0.030  A 43277
   2704.62838 13.015 12.930 12.941 12.907 12.818    0.039 0.029 0.024 0.024 0.025  A 43657
   2706.61029 12.963 12.952 12.987 12.989 12.876    0.041 0.044 0.034 0.035 0.031  A 44019
   2710.58412 12.814 12.817 12.833 12.757 12.670    0.035 0.032 0.027 0.028 0.028  A 44727
   2711.67568 12.867 12.770 12.705 12.603 12.529    0.034 0.029 0.033 0.035 0.036  A 44961
   2713.64510 12.728 12.744 12.725 12.667 12.589    0.027 0.031 0.026 0.030 0.033  A 45322
   2719.56604 12.777 12.805 12.748 12.717 12.638    0.032 0.028 0.025 0.028 0.031  A 46068
   2721.58768 12.900 12.888 12.847 12.812 12.790    0.048 0.039 0.029 0.030 0.030  A 46463
   2723.58963 12.800 12.824 12.849 12.815 12.788    0.040 0.033 0.027 0.027 0.028  A 46852
   2725.58630 12.910 12.957 12.942 12.890 12.781    0.036 0.034 0.028 0.028 0.028  A 47242
   2733.56575 12.879 12.846 12.833 12.794 12.712    0.033 0.032 0.027 0.027 0.029  A 48590
   2735.56123 13.007 13.040 13.041 13.010 12.953    0.034 0.031 0.025 0.025 0.025  A 48994
   2739.57560 12.951 13.038 12.972 12.835 12.803    0.039 0.040 0.025 0.027 0.030  A 49732
   2741.55073 12.989 13.024 12.959 12.850 12.765    0.036 0.031 0.027 0.026 0.028  A 50115
   2743.55812 13.014 13.053 12.926 12.766 12.691    0.035 0.032 0.027 0.031 0.035  A 50520
   2745.56573 12.908 12.961 12.980 12.943 12.971    0.033 0.034 0.033 0.040 0.046  A 50900
   2750.49262 13.094 13.176 13.099 13.022 12.970    0.044 0.044 0.029 0.030 0.027  A 51575
   2752.50457 13.039 13.051 13.048 13.036 12.991    0.027 0.028 0.022 0.023 0.024  A 51968
   2755.50468 13.040 13.067 13.015 12.981 12.931    0.029 0.034 0.022 0.025 0.026  A 52403
   2757.50153 12.963 12.985 12.951 12.850 12.768    0.032 0.029 0.022 0.024 0.026  A 52818
   2759.54604 12.991 12.861 12.804 12.820 12.880    0.043 0.044 0.047 0.055 0.061  A 53181
   2761.52515 13.101 13.109 13.049 12.931 12.800    0.028 0.024 0.022 0.025 0.028  A 53583
   2763.51869 13.053 13.051 13.006 12.872 12.808    0.034 0.024 0.022 0.024 0.027  A 53976
   2766.51671 13.046 13.093 13.074 12.949 12.808    0.032 0.026 0.024 0.026 0.028  A 54474
   2770.51786 99.999 99.999 99.999 99.999 99.999    0.027 0.023 0.022 0.026 0.029  C 54806
   2775.47938 13.000 13.040 12.976 12.913 12.851    0.031 0.037 0.030 0.034 0.037  A 55017
   2783.45693 12.849 12.960 12.972 12.905 12.840    0.031 0.031 0.023 0.024 0.026  A 55859
   2785.46327 12.843 12.828 12.806 12.768 12.708    0.032 0.032 0.022 0.025 0.026  A 56283
   2787.46774 12.842 12.889 12.860 12.784 12.680    0.021 0.021 0.020 0.022 0.024  A 56723
   2791.46272 12.849 12.799 12.773 12.709 12.567    0.025 0.024 0.024 0.027 0.031  A 57478
   2794.45693 12.711 12.689 12.660 12.609 12.500    0.023 0.022 0.021 0.024 0.026  A 57991
   2841.93979 12.984 13.112 13.097 13.062 13.057    0.035 0.035 0.033 0.038 0.041  A 64655
   2854.93513 13.077 13.122 13.085 13.011 12.967    0.031 0.033 0.029 0.033 0.033  A 66009
   2862.92251 13.167 13.134 13.078 13.020 12.956    0.031 0.032 0.028 0.033 0.037  A 67287
   2867.92407 13.063 13.018 13.022 12.976 12.876    0.029 0.029 0.026 0.029 0.032  A 67885
   2884.87510 12.884 12.862 12.879 12.877 12.766    0.026 0.027 0.026 0.030 0.034  A 69919
   2893.84412 12.675 12.681 12.660 12.592 12.545    0.033 0.034 0.033 0.039 0.044  A 70964
   2896.83159 12.568 12.520 12.589 12.560 12.566    0.033 0.047 0.033 0.037 0.036  A 71555
   2899.86170 12.652 12.672 12.632 12.588 12.548    0.026 0.024 0.021 0.024 0.027  A 72121
   2903.88708 12.793 12.858 12.853 12.745 12.761    0.029 0.034 0.028 0.031 0.034  A 72771
   2912.85513 12.602 12.589 12.561 12.509 12.507    0.029 0.034 0.028 0.030 0.030  A 74192
   2921.85257 29.999 29.999 29.999 29.999 29.999    0.044 0.056 0.051 0.059 0.061  C 75171
   2923.82503 12.735 12.763 12.717 12.597 12.537    0.024 0.025 0.024 0.028 0.032  A 75539
   2928.85898 29.999 29.999 29.999 29.999 29.999    0.073 0.079 0.089 0.108 0.126  D 76286
   2931.81477 12.827 12.770 12.788 12.780 12.652    0.026 0.035 0.026 0.029 0.030  A 76793
   2934.80394 12.742 12.750 12.729 12.696 12.635    0.022 0.023 0.019 0.022 0.025  A 77320
   2939.86730 12.635 12.545 12.484 12.439 12.412    0.035 0.029 0.026 0.030 0.033  A 77914
   2943.80432 12.749 12.705 12.711 12.707 12.701    0.032 0.022 0.020 0.023 0.025  A 78435
   2946.75283 12.672 12.621 12.608 12.572 12.505    0.031 0.033 0.027 0.031 0.032  A 78877
   2948.79952 12.635 12.609 12.618 12.582 12.485    0.033 0.040 0.026 0.028 0.031  A 79179
   2951.75962 12.545 12.547 12.522 12.479 12.418    0.025 0.024 0.024 0.028 0.032  A 79612
   2954.77231 12.715 12.680 12.654 12.674 12.635    0.025 0.025 0.024 0.029 0.033  A 79995
   2957.76310 12.512 12.488 12.443 12.389 12.326    0.027 0.026 0.027 0.032 0.036  A 80426
   2963.74655 12.584 12.593 12.556 12.498 12.442    0.025 0.023 0.022 0.026 0.028  A 81242
   2965.80338 12.649 12.665 12.639 12.603 12.543    0.036 0.041 0.044 0.048 0.051  A 81551
   2968.73964 12.718 12.756 12.755 12.744 12.733    0.028 0.027 0.027 0.032 0.037  A 81946
   2971.72511 12.663 12.652 12.671 12.654 12.602    0.023 0.023 0.020 0.024 0.027  A 82280
   2974.72315 12.698 12.712 12.725 12.728 12.689    0.028 0.027 0.026 0.030 0.035  A 82607
   2976.74169 12.805 12.763 12.745 12.688 12.625    0.032 0.028 0.026 0.030 0.033  A 82894
   2978.74775 12.727 12.743 12.690 12.601 12.519    0.025 0.023 0.021 0.024 0.027  A 83171
   2980.75520 12.788 12.751 12.754 12.799 12.871    0.032 0.029 0.025 0.028 0.033  A 83423
   2982.76011 12.721 12.745 12.822 12.860 12.815    0.039 0.036 0.039 0.048 0.058  A 83696
   2987.74459 12.744 12.728 12.743 12.759 12.724    0.024 0.022 0.021 0.024 0.028  A 84346
   2989.78623 12.825 12.853 12.816 12.789 12.795    0.024 0.022 0.021 0.025 0.028  A 84579
   2992.66435 12.712 12.697 12.672 12.660 12.606    0.024 0.024 0.021 0.025 0.027  A 84929
   2994.73249 12.698 12.717 12.693 12.663 12.648    0.026 0.030 0.025 0.028 0.031  A 85219
   2996.71952 12.731 12.719 12.663 12.582 12.593    0.029 0.024 0.022 0.025 0.028  A 85476
   2998.72429 12.675 12.709 12.662 12.655 12.660    0.032 0.033 0.030 0.032 0.035  A 85753
   3001.71011 12.671 12.746 12.693 12.648 12.543    0.024 0.023 0.021 0.024 0.027  A 86015
   3005.69732 12.817 12.766 12.794 12.753 12.687    0.027 0.026 0.022 0.024 0.028  A 86483
   3007.70563 12.596 12.513 12.463 12.397 12.333    0.031 0.030 0.030 0.034 0.039  A 86748
   3009.73097 12.800 12.748 12.789 12.851 12.897    0.032 0.033 0.035 0.040 0.043  A 87008
   3011.73886 12.652 12.648 12.579 12.490 12.399    0.031 0.033 0.036 0.042 0.048  A 87286
   3013.79010 12.585 12.596 12.561 12.476 12.444    0.034 0.042 0.045 0.051 0.055  A 87572
   3016.78245 12.584 12.602 12.586 12.596 12.605    0.025 0.026 0.025 0.029 0.032  A 87799
   3018.78985 12.548 12.569 12.547 12.504 12.524    0.028 0.027 0.028 0.034 0.040  A 88072
   3023.64399 12.566 12.571 12.512 12.452 12.401    0.024 0.026 0.022 0.025 0.028  A 88298
   3025.76846 12.691 12.587 12.513 12.457 12.399    0.028 0.028 0.027 0.031 0.034  A 88474
   3029.76916 12.773 12.802 12.826 12.810 12.710    0.027 0.026 0.027 0.033 0.037  A 88665
   3034.63199 13.020 13.040 13.059 13.023 12.959    0.028 0.023 0.022 0.026 0.029  A 89132
   3036.69851 12.751 12.822 12.794 12.756 12.705    0.026 0.024 0.025 0.029 0.033  A 89381
   3040.69923 13.030 13.117 13.140 13.071 13.015    0.031 0.032 0.036 0.043 0.050  A 89599
   3043.62894 12.871 12.959 12.931 12.868 12.761    0.026 0.030 0.027 0.032 0.036  A 89925
   3045.65830 12.871 12.843 12.887 12.932 12.947    0.028 0.024 0.025 0.029 0.033  A 90201
   3048.63470 99.999 99.999 99.999 99.999 99.999    0.028 0.027 0.028 0.034 0.039  C 90596
   3050.72242 13.163 13.126 13.089 13.048 12.959    0.027 0.024 0.023 0.026 0.030  A 90890
   3053.61595 13.193 13.127 13.072 12.965 12.842    0.025 0.026 0.023 0.027 0.031  A 91259
   3055.68063 13.232 13.152 13.078 12.941 12.901    0.032 0.035 0.037 0.041 0.047  A 91560
   3057.72497 13.231 13.297 13.282 13.153 12.962    0.028 0.026 0.026 0.030 0.033  A 91849
   3060.58033 13.168 13.260 13.314 13.377 13.432    0.035 0.033 0.036 0.039 0.042  A 92197
   3064.63482 13.419 13.503 13.691 13.869 13.860    0.066 0.053 0.056 0.063 0.072  B 92746
   3067.64356 12.968 12.956 12.900 12.758 12.651    0.024 0.024 0.024 0.028 0.032  A 93049
   3074.60558 13.073 13.051 13.012 12.921 12.876    0.026 0.024 0.024 0.029 0.033  A 93979
   3078.63847 13.146 13.179 13.168 13.144 13.090    0.027 0.028 0.029 0.035 0.040  A 94570
   3080.64589 12.863 12.912 12.918 12.946 12.922    0.041 0.043 0.046 0.052 0.058  A 94861
   3086.66950 29.999 29.999 29.999 29.999 29.999    0.049 0.045 0.046 0.053 0.061  C 95464
   3089.53369 12.749 12.699 12.666 12.601 12.437    0.033 0.034 0.037 0.044 0.052  A 95877
   3091.54073 12.890 12.902 12.740 12.543 12.419    0.047 0.047 0.050 0.056 0.064  A 96193
   3097.56756 12.937 12.896 12.822 12.755 12.697    0.027 0.025 0.025 0.030 0.034  A 96785
   3099.58047 12.792 12.809 12.884 12.809 12.654    0.031 0.031 0.032 0.039 0.045  A 97106
   3101.58752 12.756 12.746 12.731 12.727 12.766    0.030 0.030 0.030 0.035 0.040  A 97412
   3103.59427 12.952 13.007 12.991 12.937 12.848    0.029 0.030 0.031 0.039 0.045  A 97730
   3105.58910 13.036 13.043 13.073 13.064 12.984    0.031 0.031 0.034 0.042 0.050  A 98047
   3107.59150 13.046 12.985 12.924 12.801 12.735    0.024 0.025 0.024 0.028 0.032  A 98364
   3114.50619 13.007 13.083 13.116 13.093 13.103    0.027 0.023 0.022 0.026 0.029  A 99445
   3121.49028 13.030 13.031 13.013 12.935 12.781    0.028 0.023 0.023 0.027 0.030  A 100039
   3125.54904 13.019 13.054 12.955 12.838 12.753    0.029 0.026 0.027 0.032 0.035  A 100683
   3268.85418 12.980 12.942 12.916 12.851 12.739    0.032 0.034 0.030 0.033 0.038  A 115563
   3271.87633 12.937 12.971 12.975 12.945 12.873    0.031 0.031 0.026 0.030 0.034  A 116018
   3279.84005 12.864 12.787 12.795 12.789 12.744    0.046 0.037 0.034 0.040 0.047  A 117037
   3295.84419 12.794 12.805 12.765 12.639 12.546    0.036 0.034 0.025 0.026 0.029  A 118593
   3357.67049 12.512 12.500 12.472 12.448 12.375    0.056 0.038 0.035 0.037 0.040  A 124597
   3382.65796 13.093 13.058 13.069 13.050 12.855    0.093 0.056 0.052 0.056 0.062  B 125634
   3388.74577 13.214 13.114 13.114 13.130 12.953    0.053 0.029 0.027 0.030 0.033  A 126470
   3396.57952 12.975 13.066 13.099 13.042 12.966    0.033 0.030 0.033 0.038 0.045  A 127356
   3398.62494 12.813 12.890 12.931 12.852 12.798    0.033 0.029 0.030 0.035 0.041  A 127629
   3403.68212 13.029 12.990 12.970 12.949 12.907    0.052 0.036 0.030 0.032 0.035  A 128266
   3405.69293 12.904 12.895 12.815 12.690 12.588    0.061 0.034 0.030 0.032 0.035  A 128583
   3407.74153 12.977 12.996 12.977 12.927 12.858    0.057 0.036 0.034 0.037 0.041  A 128915
   3409.74178 12.992 12.915 12.819 12.743 12.648    0.080 0.042 0.038 0.040 0.044  B 129225
   3412.60002 12.962 12.971 13.020 13.030 12.960    0.073 0.040 0.038 0.044 0.048  A 129614
   3414.60887 12.800 12.817 12.794 12.766 12.712    0.037 0.032 0.031 0.032 0.035  A 129933
   3416.61251 12.739 12.729 12.717 12.675 12.650    0.034 0.030 0.031 0.035 0.039  A 130258
   3418.62808 12.765 12.815 12.735 12.557 12.564    0.102 0.057 0.052 0.057 0.062  D 130573
   3422.64869 12.561 12.633 12.674 12.733 12.761    0.082 0.054 0.054 0.062 0.073  B 131213
   3424.66980 12.618 12.609 12.538 12.413 12.310    0.072 0.047 0.042 0.048 0.053  A 131519
   3426.66727 12.853 12.783 12.750 12.673 12.638    0.087 0.045 0.041 0.044 0.047  B 131852
   3430.67614 12.874 12.798 12.707 12.576 12.493    0.060 0.035 0.032 0.035 0.038  A 132206
   3434.66818 12.765 12.764 12.707 12.586 12.468    0.068 0.041 0.039 0.043 0.046  A 132847
   3438.53920 12.779 12.741 12.719 12.669 12.628    0.030 0.023 0.024 0.027 0.030  A 133154
   3440.64590 12.709 12.820 12.853 12.821 12.768    0.049 0.045 0.043 0.048 0.053  A 133488
   3443.68266 12.776 12.752 12.713 12.636 12.508    0.053 0.032 0.028 0.031 0.034  A 133762
   3445.67114 12.828 12.788 12.768 12.679 12.593    0.080 0.040 0.034 0.036 0.038  B 134115
   3447.67020 12.708 12.733 99.999 99.999 99.999    0.079 0.042 0.036 0.039 0.041  C 134752
   3455.51976 12.819 12.663 12.615 12.581 12.655    0.071 0.044 0.041 0.047 0.052  A 135962
   3457.53932 12.711 12.757 12.650 12.562 12.470    0.047 0.044 0.033 0.036 0.039  A 136325
   3459.54471 12.841 12.803 12.798 12.754 12.643    0.039 0.026 0.026 0.030 0.033  A 136682
   3461.54681 12.754 12.756 12.690 12.618 12.620    0.039 0.034 0.036 0.040 0.046  A 137012
   3463.55931 12.902 12.803 12.724 12.647 12.589    0.037 0.027 0.030 0.034 0.040  A 137293
   3465.59580 12.953 12.948 12.888 12.720 12.576    0.049 0.034 0.031 0.034 0.037  A 137644
   3468.59259 12.825 12.822 12.764 12.656 12.604    0.027 0.024 0.023 0.027 0.030  A 138083
   3471.50937 12.881 12.883 12.876 12.841 12.766    0.035 0.027 0.025 0.027 0.031  A 138529
   3473.52085 12.946 12.991 12.953 12.895 12.847    0.041 0.034 0.035 0.038 0.040  A 138838
   3475.56248 12.771 12.740 12.687 12.595 12.504    0.032 0.029 0.028 0.032 0.035  A 139186
   3477.58343 12.953 12.896 12.867 12.790 12.682    0.031 0.027 0.027 0.032 0.035  A 139528
   3480.52274 12.924 12.926 12.898 12.877 12.894    0.052 0.034 0.035 0.041 0.045  A 139963
   3482.53563 12.767 12.864 12.844 12.817 13.404    0.070 0.059 0.065 0.080 0.093  D 140293
   3491.54187 12.773 12.799 12.801 12.694 12.525    0.046 0.033 0.034 0.039 0.043  A 141277
   3495.53690 12.701 12.829 99.999 99.999 99.999    0.035 0.030 0.027 0.031 0.034  C 141603
   3499.51499 12.719 12.723 12.699 12.639 12.613    0.052 0.031 0.029 0.032 0.035  A 142078
   3501.51947 12.854 12.793 12.793 12.798 12.722    0.037 0.027 0.026 0.030 0.034  A 142413
   3504.47984 12.945 12.949 12.923 12.893 12.876    0.036 0.031 0.034 0.038 0.042  A 142932
   3509.48141 12.902 12.827 12.771 12.647 12.524    0.034 0.029 0.025 0.029 0.033  A 143373
   3512.50566 12.949 12.932 12.905 12.789 12.584    0.039 0.031 0.032 0.037 0.044  A 143816
   3517.45183 13.051 13.006 13.053 12.970 12.808    0.083 0.071 0.077 0.091 0.105  D 144276
   3521.45597 12.893 12.784 12.748 12.669 12.675    0.044 0.030 0.030 0.034 0.038  A 144780
   3526.45568 12.694 12.923 12.877 12.679 12.376    0.080 0.047 0.048 0.054 0.061  B 145617
   3529.45650 12.655 12.659 12.605 12.523 12.502    0.039 0.030 0.030 0.034 0.037  A 146133
   3573.93860 12.930 12.999 13.032 13.057 99.999    0.046 0.047 0.046 0.054 0.063  C 151214
   3579.93651 12.983 12.979 12.944 12.850 12.918    0.036 0.029 0.030 0.035 0.040  A 152257
   3588.93190 12.935 13.045 13.081 12.987 12.966    0.054 0.038 0.038 0.043 0.048  A 153764
   3600.92156 12.859 12.922 12.955 12.943 12.539    0.050 0.037 0.036 0.041 0.047  A 155485
   3619.87692 12.738 12.776 12.773 12.774 12.710    0.057 0.039 0.034 0.036 0.037  A 157510
   3624.89975 12.649 12.635 12.608 12.540 12.512    0.042 0.034 0.028 0.030 0.033  A 158135
   3628.89535 12.760 12.768 12.763 12.755 12.710    0.035 0.031 0.026 0.029 0.033  A 158537
   3631.87394 12.650 12.647 12.635 12.595 12.523    0.035 0.030 0.031 0.036 0.042  A 159034
   3636.85105 12.632 12.689 12.681 12.620 12.576    0.034 0.035 0.034 0.041 0.048  A 159656
   3640.83993 12.684 12.684 12.618 12.536 12.507    0.034 0.028 0.025 0.028 0.032  A 160084
   3644.84206 12.867 12.896 12.872 12.860 12.826    0.075 0.047 0.044 0.047 0.053  B 160677
   3651.84693 12.774 12.871 12.987 13.048 12.987    0.044 0.033 0.036 0.044 0.049  A 161520
   3655.78867 12.834 12.835 12.780 12.710 12.629    0.059 0.038 0.033 0.036 0.039  A 162072
   3658.78616 12.851 12.891 12.823 12.688 12.546    0.050 0.034 0.031 0.036 0.039  A 162526
   3661.83577 12.868 12.867 12.712 12.528 12.431    0.050 0.038 0.036 0.041 0.046  A 163001
   3665.79015 13.078 13.153 13.171 13.112 12.881    0.034 0.028 0.029 0.034 0.038  A 163555
   3669.83435 13.012 12.998 12.946 12.835 12.719    0.033 0.032 0.027 0.031 0.035  A 164040
   3672.83884 13.136 13.105 13.073 12.975 12.912    0.040 0.031 0.028 0.031 0.034  A 164466
   3675.80370 13.108 13.120 13.059 12.927 12.897    0.060 0.036 0.031 0.033 0.036  A 164885
   3680.82944 13.108 13.057 12.988 12.840 12.746    0.042 0.029 0.026 0.029 0.033  A 165413
   3701.73278 13.249 13.257 13.147 12.971 12.844    0.053 0.045 0.047 0.054 0.063  A 168209
   3704.72646 13.013 13.049 12.993 12.912 12.783    0.059 0.036 0.031 0.034 0.037  A 168600
   3707.71633 12.967 12.955 12.945 12.903 12.778    0.039 0.029 0.027 0.031 0.033  A 169009
   3711.75435 12.896 12.888 12.851 12.773 12.777    0.043 0.031 0.028 0.031 0.033  A 169303
   3713.74852 12.934 12.983 12.977 12.897 12.874    0.045 0.033 0.030 0.034 0.038  A 169587
   3716.69821 12.929 12.906 12.940 12.915 12.781    0.055 0.034 0.033 0.038 0.044  A 169965
   3719.71229 12.999 13.026 13.119 13.227 13.320    0.048 0.037 0.039 0.046 0.054  A 170327
   3722.66456 12.935 12.887 12.912 12.922 12.917    0.053 0.037 0.035 0.041 0.046  A 170703
   3725.72426 13.058 13.061 12.986 12.837 12.651    0.056 0.037 0.036 0.044 0.052  A 171031
   3727.79450 12.989 13.039 13.058 12.991 12.935    0.040 0.031 0.033 0.038 0.041  A 171329
   3731.71183 13.077 13.074 13.090 13.063 13.000    0.057 0.038 0.038 0.042 0.048  A 171710
   3734.69598 13.109 13.187 13.288 13.406 13.703    0.053 0.040 0.041 0.049 0.057  A 172092
   3737.67543 12.913 12.851 12.786 12.682 12.587    0.038 0.028 0.025 0.028 0.031  A 172500
   3739.72288 12.823 12.813 12.799 12.730 12.670    0.076 0.041 0.037 0.040 0.041  B 172797
   3742.62612 12.746 12.779 12.771 12.744 12.643    0.051 0.032 0.030 0.033 0.035  A 173140
   3744.70897 12.743 12.716 12.690 12.590 12.487    0.061 0.037 0.036 0.041 0.045  A 173437
   3747.62854 12.737 12.726 12.690 12.654 12.526    0.041 0.034 0.035 0.042 0.048  A 173810
   3752.68298 12.825 12.889 12.955 13.000 12.978    0.048 0.034 0.034 0.039 0.044  A 174532
   3754.74697 12.867 12.808 12.791 12.786 12.696    0.061 0.041 0.039 0.047 0.053  A 174823
   3756.79780 12.894 12.929 13.014 12.989 13.020    0.054 0.038 0.039 0.045 0.052  A 175112
   3759.61768 12.901 12.796 12.771 12.757 12.652    0.050 0.036 0.036 0.042 0.047  A 175476
   3761.73136 12.877 12.850 12.748 12.637 12.570    0.050 0.039 0.042 0.049 0.055  A 175766
   3764.63641 13.104 13.221 13.328 13.283 13.167    0.043 0.036 0.035 0.039 0.042  A 176151
   3766.73988 12.991 12.975 12.972 12.954 12.922    0.056 0.039 0.037 0.041 0.046  A 176470
   3769.62195 13.003 13.015 13.054 12.939 12.855    0.060 0.041 0.040 0.045 0.050  A 176824
   3771.68952 13.057 13.114 13.121 13.065 13.060    0.059 0.041 0.042 0.047 0.052  A 177136
   3773.78885 13.383 13.292 13.348 13.529 13.583    0.063 0.040 0.040 0.047 0.052  A 177409
   3776.56690 13.328 13.323 13.271 13.178 13.238    0.046 0.035 0.038 0.046 0.054  A 177771
   3778.59282 13.628 13.491 13.328 13.131 12.989    0.058 0.038 0.039 0.046 0.053  A 178087
   3780.64872 13.200 13.135 13.087 12.985 12.949    0.044 0.035 0.039 0.046 0.054  A 178378
   3783.66988 13.279 13.270 13.231 13.147 12.695    0.057 0.042 0.046 0.056 0.064  A 178681
   3787.67182 13.066 13.005 12.916 12.778 12.651    0.037 0.032 0.032 0.036 0.041  A 178851
   3789.71964 13.291 13.217 13.237 13.262 13.315    0.042 0.029 0.033 0.038 0.043  A 179140
   3792.58939 12.964 12.940 12.974 12.987 12.804    0.059 0.038 0.037 0.041 0.046  A 179537
   3794.64949 13.151 13.071 13.079 13.090 13.039    0.041 0.032 0.033 0.038 0.044  A 179843
   3796.66558 13.015 12.962 12.900 12.812 12.684    0.033 0.027 0.026 0.030 0.034  A 180131
   3798.71800 13.039 13.036 13.057 13.072 13.013    0.049 0.034 0.036 0.039 0.041  A 180423
   3801.55889 13.099 13.117 13.233 13.331 13.117    0.098 0.056 0.048 0.050 0.054  D 180785
   3803.63588 13.055 13.088 13.051 12.930 12.873    0.049 0.041 0.043 0.050 0.056  A 181026
   3805.65610 12.837 12.937 12.955 12.874 12.849    0.043 0.034 0.037 0.042 0.049  A 181322
   3808.67119 13.164 13.202 13.266 13.237 13.070    0.043 0.036 0.039 0.048 0.053  A 181671
   3811.52392 12.958 12.906 12.876 12.849 12.937    0.076 0.043 0.041 0.048 0.053  B 182097
   3813.53738 13.000 13.083 13.080 13.008 12.909    0.065 0.040 0.038 0.043 0.049  A 182424
   3815.58975 12.750 12.753 12.668 12.521 12.495    0.048 0.033 0.031 0.037 0.042  A 182762
   3817.61618 12.823 12.953 12.892 12.717 12.536    0.070 0.041 0.038 0.044 0.049  A 183085
   3819.63591 12.735 12.742 12.820 12.829 12.742    0.039 0.032 0.033 0.038 0.043  A 183416
   3822.56442 12.671 12.752 12.761 12.688 12.626    0.079 0.042 0.040 0.046 0.052  B 183876
   3824.60261 12.595 12.646 12.619 12.532 12.501    0.074 0.039 0.037 0.042 0.045  B 184220
   3826.60293 12.930 12.921 12.777 12.559 12.475    0.046 0.034 0.035 0.043 0.051  A 184558
   3828.61323 12.713 12.698 12.674 12.580 12.432    0.038 0.030 0.030 0.035 0.039  A 184906
   3831.52252 12.814 12.854 12.861 12.788 12.709    0.079 0.043 0.040 0.044 0.047  B 185378
   3833.55352 12.743 12.781 12.675 12.460 12.376    0.073 0.047 0.048 0.058 0.066  A 185741
   3835.56890 12.574 12.490 12.361 12.239 12.144    0.037 0.034 0.039 0.047 0.055  A 186098
   3837.57957 12.645 12.632 12.612 12.584 12.672    0.039 0.034 0.036 0.044 0.052  A 186436
   3847.52877 12.839 12.767 12.736 12.688 12.720    0.062 0.042 0.043 0.051 0.060  A 186730
   3850.49903 12.865 12.796 12.779 12.754 12.660    0.045 0.033 0.032 0.035 0.038  A 187212
   3852.51305 12.820 12.800 12.785 12.740 12.664    0.032 0.027 0.028 0.031 0.035  A 187563
   3854.51843 12.793 12.855 12.880 12.850 12.742    0.033 0.026 0.026 0.030 0.033  A 187930
   3857.53591 12.929 12.918 12.999 13.132 13.287    0.067 0.067 0.077 0.089 0.103  D 188337
   3860.49307 12.760 12.751 12.767 12.715 12.695    0.044 0.032 0.036 0.043 0.052  A 188786
   3862.49731 12.866 12.901 12.865 12.788 12.707    0.039 0.030 0.028 0.031 0.035  A 189152
   3864.52578 12.915 12.835 12.760 12.652 12.572    0.039 0.028 0.030 0.035 0.039  A 189497
   3867.51398 12.684 12.705 12.624 12.530 12.448    0.051 0.040 0.046 0.058 0.066  A 189984
   3870.46906 12.747 12.681 12.646 12.632 12.609    0.029 0.027 0.027 0.032 0.037  A 190497
   3872.49386 12.804 12.811 12.842 12.868 12.763    0.057 0.034 0.030 0.034 0.036  A 190880
   3876.49349 12.804 12.724 12.710 12.702 12.633    0.038 0.029 0.026 0.029 0.033  A 191293
   3880.48210 12.726 12.736 12.714 12.589 12.470    0.067 0.065 0.074 0.086 0.102  D 191757
   3883.47270 12.756 12.720 12.740 12.709 12.594    0.042 0.028 0.029 0.034 0.037  A 192206
   3887.47395 12.954 12.995 12.936 12.783 12.880    0.059 0.046 0.050 0.059 0.069  B 192602
   3891.46419 12.801 12.845 12.824 12.759 12.723    0.037 0.030 0.029 0.032 0.038  A 193295
   3896.45334 12.787 12.852 12.881 12.828 12.689    0.045 0.040 0.038 0.044 0.051  A 193975
   4090.69918 13.034 13.098 13.142 13.125 13.035    0.061 0.037 0.033 0.036 0.040  A 209272
   4103.75873 12.868 12.819 12.811 12.854 12.889    0.055 0.037 0.037 0.040 0.046  A 210633
   4106.62633 13.079 13.124 13.127 13.092 13.037    0.040 0.030 0.029 0.033 0.038  A 210955
   4109.66891 12.982 12.916 12.859 12.786 12.714    0.038 0.029 0.030 0.034 0.038  A 211254
   4119.70018 12.972 12.899 12.849 12.771 12.762    0.057 0.041 0.040 0.046 0.051  A 211756
   4126.62700 12.843 12.827 12.850 12.867 12.825    0.042 0.035 0.033 0.037 0.041  A 211660
   4128.63964 12.740 12.746 12.742 12.682 12.585    0.038 0.033 0.032 0.035 0.038  A 211932
   4130.65502 12.786 12.733 12.676 12.614 12.523    0.046 0.033 0.031 0.035 0.038  A 212196
   4132.65416 12.913 12.917 12.988 13.068 13.030    0.051 0.035 0.033 0.037 0.040  A 212451
   4134.70226 12.676 12.691 12.686 12.657 12.542    0.048 0.034 0.034 0.039 0.043  A 212750
   4136.70322 12.830 12.860 12.831 12.737 12.616    0.042 0.033 0.034 0.041 0.049  A 213005
   4147.65945 12.874 12.834 12.781 12.694 12.639    0.032 0.027 0.028 0.032 0.036  A 214572
   4150.69975 12.858 12.832 12.872 12.822 12.682    0.047 0.040 0.046 0.058 0.063  A 214835
   4152.71091 12.853 12.866 12.841 12.758 12.654    0.042 0.031 0.029 0.032 0.035  A 215145
   4154.75158 12.950 13.042 13.059 13.020 12.926    0.053 0.038 0.036 0.040 0.044  A 215454
   4157.58031 12.960 12.989 13.032 13.041 13.035    0.076 0.045 0.043 0.047 0.051  B 215821
   4159.60889 12.884 12.907 12.925 12.893 12.811    0.054 0.035 0.032 0.036 0.039  A 216136
   4161.61699 13.113 13.010 12.925 12.776 12.643    0.077 0.044 0.037 0.040 0.043  B 216456
   4165.64954 13.192 13.247 13.211 13.106 12.981    0.057 0.037 0.037 0.042 0.049  A 217045
   4168.65305 12.870 12.809 12.776 12.715 12.660    0.032 0.028 0.027 0.031 0.034  A 217462
   4173.64741 12.877 12.895 12.821 12.667 12.506    0.054 0.037 0.034 0.039 0.043  A 218075
   4175.65972 12.855 12.850 12.875 12.916 12.973    0.054 0.043 0.040 0.045 0.052  A 218388
   4179.60027 12.748 12.739 12.726 12.674 12.527    0.037 0.032 0.031 0.036 0.040  A 218825
   4181.62465 12.729 12.750 12.861 12.953 13.100    0.045 0.044 0.049 0.057 0.066  A 219108
   4183.64760 12.682 12.621 12.557 12.493 12.440    0.056 0.039 0.034 0.038 0.042  A 219410
   4185.63037 12.683 12.686 12.653 12.566 12.457    0.034 0.032 0.033 0.038 0.045  A 219690
   4189.59929 12.628 12.572 12.504 12.440 12.302    0.032 0.031 0.027 0.030 0.035  A 220083
   4191.62163 12.647 12.606 12.468 12.307 12.236    0.039 0.033 0.031 0.037 0.042  A 220404
   4193.62168 12.796 12.838 12.826 12.760 12.590    0.040 0.035 0.034 0.040 0.046  A 220729
   4197.55606 12.713 12.675 12.624 12.541 12.511    0.035 0.030 0.029 0.034 0.039  A 221172
   4199.61876 12.672 12.564 12.490 12.478 12.423    0.049 0.050 0.060 0.077 0.092  D 221377
   4202.56290 12.700 12.718 12.656 12.572 12.549    0.057 0.041 0.039 0.044 0.047  A 221624
   4205.53535 12.685 12.712 12.654 12.507 12.442    0.037 0.035 0.035 0.038 0.043  A 222076
   4213.51945 12.978 12.923 12.939 12.903 12.827    0.059 0.038 0.033 0.037 0.040  A 222544
   4227.46937 12.903 12.886 12.851 12.768 12.677    0.032 0.029 0.025 0.028 0.032  A 223098
   4229.49836 12.923 12.966 12.983 12.983 12.930    0.053 0.038 0.035 0.038 0.041  A 223466
   4231.49573 12.924 12.893 12.846 12.783 12.755    0.035 0.029 0.027 0.031 0.035  A 223824
   4233.50957 13.013 12.998 12.924 12.761 12.674    0.033 0.030 0.026 0.029 0.032  A 224174
   4235.51250 12.969 13.031 13.046 12.990 12.881    0.054 0.034 0.029 0.033 0.037  A 224543
   4238.50788 13.088 13.023 12.958 12.853 12.745    0.046 0.043 0.043 0.050 0.056  A 224969
   4246.47980 12.899 12.852 12.764 12.674 12.580    0.037 0.033 0.029 0.034 0.039  A 226165
   4253.46646 12.987 13.018 13.057 13.088 13.107    0.041 0.037 0.032 0.035 0.040  A 226787
   4257.46815 12.977 12.931 12.921 12.914 12.890    0.038 0.038 0.041 0.049 0.057  A 227359
   4339.89092 12.829 12.879 12.836 12.749 12.674    0.042 0.037 0.032 0.037 0.041  A 236676
   4343.86073 12.769 12.783 12.831 12.860 12.775    0.063 0.051 0.052 0.065 0.073  B 237355
   4346.88956 12.831 12.848 12.795 12.648 12.574    0.065 0.045 0.041 0.047 0.052  A 237869
   4350.87611 12.697 12.700 12.733 12.707 12.619    0.060 0.042 0.038 0.042 0.045  A 238523
   4354.86987 12.689 12.726 12.712 12.642 12.567    0.040 0.034 0.029 0.033 0.036  A 239077
   4358.85866 12.788 12.777 12.733 12.652 12.575    0.042 0.039 0.035 0.038 0.040  A 239706
   4362.84897 12.609 12.681 12.649 12.572 12.487    0.037 0.033 0.030 0.034 0.037  A 240243
   4365.86121 12.685 12.640 12.574 12.489 12.462    0.039 0.034 0.028 0.031 0.034  A 240728
   4369.82354 12.688 12.602 12.564 12.565 12.558    0.041 0.039 0.038 0.043 0.049  A 241205
   4372.84698 12.808 12.900 12.919 12.925 12.918    0.051 0.039 0.039 0.045 0.050  A 241702
   4376.84126 12.739 12.732 12.674 12.601 12.540    0.041 0.037 0.035 0.041 0.046  A 242193
   4379.85842 12.795 12.875 12.852 12.754 12.615    0.044 0.036 0.033 0.038 0.044  A 242647
   4386.85135 12.806 12.702 12.681 12.653 12.675    0.037 0.033 0.029 0.033 0.036  A 243725
   4400.79578 12.802 12.638 12.504 12.310 12.090    0.069 0.052 0.058 0.071 0.082  D 245022
   4404.77828 12.734 12.753 12.760 12.777 12.787    0.034 0.033 0.030 0.035 0.039  A 245391
   4408.76688 12.483 12.500 12.483 12.431 12.357    0.057 0.040 0.037 0.042 0.048  A 245765
   4411.81137 12.650 12.560 12.528 12.433 12.316    0.048 0.038 0.039 0.043 0.048  A 246148
   4418.82548 12.497 12.502 12.443 12.362 12.291    0.041 0.036 0.033 0.037 0.042  A 246363
   4422.72436 12.551 12.503 12.479 12.435 12.372    0.043 0.032 0.029 0.033 0.037  A 246684
   4425.81080 12.940 12.923 12.862 12.722 12.601    0.069 0.042 0.038 0.041 0.045  A 246886
   4428.73313 12.596 12.557 12.476 12.379 12.327    0.047 0.040 0.039 0.045 0.052  A 247200
   4431.72490 12.724 12.806 12.848 12.835 12.763    0.036 0.035 0.034 0.039 0.043  A 247562
   4433.80090 12.807 12.890 12.970 12.992 12.938    0.035 0.030 0.027 0.032 0.035  A 247847
   4436.72840 12.844 12.894 12.906 12.832 12.741    0.039 0.029 0.028 0.032 0.034  A 248186
   4439.70471 12.868 12.921 12.929 12.923 12.841    0.066 0.042 0.035 0.037 0.039  A 248550
   4448.70065 13.087 13.053 13.000 12.883 12.780    0.043 0.034 0.031 0.034 0.038  A 249529
   4456.73763 13.084 13.229 13.296 13.264 13.216    0.071 0.048 0.048 0.057 0.066  A 250482
   4459.66107 12.852 12.841 12.881 12.914 12.841    0.035 0.035 0.035 0.042 0.048  A 250816
   4461.74093 12.853 12.864 12.797 12.669 12.601    0.044 0.035 0.032 0.036 0.040  A 251069
   4464.64486 12.894 12.863 12.877 12.902 12.969    0.044 0.036 0.034 0.037 0.041  A 251416
   4466.74415 12.805 12.795 12.818 12.805 12.720    0.052 0.039 0.039 0.042 0.045  A 251678
   4469.67956 12.812 12.797 12.856 12.911 12.788    0.056 0.049 0.037 0.040 0.046  A 251994
   4472.75678 12.685 12.651 12.562 12.403 12.241    0.069 0.049 0.050 0.059 0.069  B 252266
   4475.64198 12.729 12.737 12.714 12.644 12.625    0.047 0.034 0.030 0.036 0.041  A 252594
   4478.65648 12.809 12.824 12.793 12.733 12.671    0.043 0.033 0.030 0.035 0.040  A 252883
   4480.78996 12.664 12.728 12.668 12.561 12.496    0.068 0.044 0.039 0.045 0.049  A 253183
   4484.65069 12.707 12.670 12.630 12.570 12.548    0.042 0.033 0.031 0.036 0.041  A 253481
   4486.71155 12.670 12.753 12.764 12.739 12.706    0.051 0.037 0.037 0.044 0.050  A 253733
   4488.76583 12.652 12.593 12.564 12.477 12.545    0.056 0.046 0.049 0.057 0.067  B 253985
   4491.60704 12.769 12.811 12.788 12.701 12.590    0.048 0.033 0.028 0.033 0.037  A 254266
   4493.66180 12.771 12.772 12.824 12.870 12.826    0.058 0.040 0.033 0.036 0.039  A 254532
   4499.65321 12.916 12.836 12.753 12.674 12.581    0.056 0.042 0.039 0.041 0.043  A 255032
   4501.75981 13.055 13.053 12.994 12.909 12.764    0.039 0.034 0.045 0.036 0.038  A 255322
   4504.65162 12.921 12.883 12.795 12.719 12.627    0.049 0.042 0.046 0.056 0.065  A 255707
   4506.74216 12.918 12.938 12.973 12.961 12.946    0.073 0.052 0.046 0.048 0.049  A 256027
   4509.61271 12.905 12.859 12.811 12.729 12.553    0.046 0.039 0.039 0.045 0.052  A 256414
   4511.63760 12.818 12.817 12.812 12.796 12.830    0.041 0.032 0.029 0.032 0.036  A 256684
   4516.71986 13.138 13.265 13.472 13.524 13.234    0.081 0.064 0.067 0.082 0.098  D 257148
   4519.59405 12.980 12.951 12.874 12.747 12.566    0.045 0.035 0.036 0.041 0.048  A 257553
   4521.62866 13.037 13.035 12.982 12.890 12.813    0.035 0.030 0.029 0.032 0.036  A 257840
   4523.65004 13.023 13.001 12.933 12.801 12.690    0.041 0.033 0.030 0.032 0.036  A 258157
   4525.68211 12.986 13.030 13.147 13.271 13.338    0.058 0.046 0.043 0.050 0.056  A 258451
   4527.70110 12.921 13.076 13.058 12.959 12.813    0.061 0.039 0.035 0.039 0.041  A 258753
   4530.61285 12.718 12.698 12.678 12.643 12.572    0.035 0.032 0.032 0.037 0.042  A 259176
   4532.67092 12.879 12.967 13.031 13.080 13.119    0.039 0.041 0.043 0.047 0.051  A 259497
   4536.53996 12.872 12.876 12.824 12.761 12.643    0.035 0.033 0.031 0.036 0.040  A 259897
   4538.60445 12.779 12.794 12.823 12.798 12.744    0.034 0.031 0.029 0.032 0.036  A 260216
   4540.61241 12.737 12.624 12.572 12.549 12.497    0.052 0.042 0.043 0.051 0.058  A 260502
   4542.62367 12.821 12.690 12.590 12.512 12.392    0.039 0.041 0.043 0.053 0.063  A 260824
   4546.65372 12.599 12.599 12.536 12.445 12.361    0.068 0.048 0.045 0.053 0.060  A 261443
   4548.64959 12.738 12.856 12.884 12.834 12.722    0.056 0.041 0.041 0.048 0.056  A 261779
   4553.64550 12.617 12.624 12.583 12.513 12.507    0.060 0.059 0.061 0.072 0.083  D 262397
   4555.63444 12.866 12.841 12.816 12.703 12.555    0.037 0.033 0.032 0.036 0.041  A 262700
   4557.63982 12.778 12.736 12.698 12.675 12.738    0.034 0.031 0.032 0.038 0.043  A 263028
   4560.54895 12.831 12.816 12.796 12.743 12.631    0.038 0.035 0.033 0.038 0.043  A 263494
   4562.57643 12.954 12.960 12.886 12.749 12.695    0.036 0.034 0.036 0.043 0.049  A 263843
   4564.62532 12.808 12.746 12.734 12.671 12.569    0.036 0.032 0.029 0.033 0.037  A 264192
   4567.52235 13.190 13.226 13.134 12.961 12.832    0.035 0.034 0.034 0.040 0.045  A 264657
   4569.54595 12.968 13.032 13.012 12.931 12.858    0.040 0.039 0.038 0.045 0.052  A 264970
   4571.55995 13.114 13.096 13.103 13.062 13.033    0.039 0.034 0.033 0.039 0.044  A 265311
   4573.58823 13.280 13.340 13.248 13.070 12.938    0.044 0.036 0.038 0.045 0.052  A 265667
#dataset= 3 ; 2 F0640-40_132
#desig= 062136-3735.1
#cra=    6.359984  06:21:35.9
#cdec= -37.585114 -37:35:06.4
#class= 0
#cmag_0= 12.917
#cmer_0=  0.214
#nskip_0= 1
#cmag_1= 13.108
#cmer_1=  0.389
#nskip_1= 0
#cmag_2= 13.123
#cmer_2=  0.399
#nskip_2= 0
#cmag_3= 12.923
#cmer_3=  0.215
#nskip_3= 1
#cmag_4= 12.861
#cmer_4=  0.203
#nskip_4= 1
#ra=    6.359984  06:21:35.9
#dec= -37.585114 -37:35:06.4
#     HJD      MAG_0  MAG_1  MAG_2  MAG_3  MAG_4    MER_0 MER_1 MER_2 MER_3 MER_4 GRADE FRAME
   1965.53299 12.853 12.824 12.851 12.859 12.855    0.037 0.034 0.026 0.029 0.029  A 11131
   1982.54701 12.937 12.911 12.927 12.913 12.924    0.046 0.042 0.034 0.039 0.035  A 12708
   2059.45851 29.999 29.999 29.999 29.999 29.999    0.078 0.056 0.050 0.061 0.062  C 21277
   2715.65479 12.957 13.166 13.105 12.933 12.709    0.034 0.037 0.029 0.034 0.038  A 45701
   2727.57987 12.896 12.969 12.973 12.972 12.867    0.035 0.035 0.023 0.028 0.028  A 47629
   3062.59700 29.999 29.999 29.999 29.999 29.999    0.039 0.041 0.044 0.053 0.062  C 92467
   3648.83111 29.999 29.999 29.999 29.999 29.999    0.074 0.080 0.094 0.117 0.143  D 161091
   4163.62299 13.793 13.782 13.816 13.884 13.869    0.066 0.039 0.037 0.043 0.049  A 216753
#ndata= 39
#dataset= 4 ; 1 F0600-32_168
#desig= 062137-3735.1
#cra=    6.360255  06:21:36.9
#cdec= -37.585418 -37:35:07.5
#class= 0
#cmag_0= 12.698
#cmer_0=  0.119
#nskip_0= 0
#cmag_1= 12.705
#cmer_1=  0.111
#nskip_1= 0
#cmag_2= 12.720
#cmer_2=  0.112
#nskip_2= 0
#cmag_3= 12.697
#cmer_3=  0.132
#nskip_3= 0
#cmag_4= 12.666
#cmer_4=  0.147
#nskip_4= 0
#ra=    6.360255  06:21:36.9
#dec= -37.585418 -37:35:07.5
#     HJD      MAG_0  MAG_1  MAG_2  MAG_3  MAG_4    MER_0 MER_1 MER_2 MER_3 MER_4 GRADE FRAME
   2166.87248 12.879 12.805 12.891 12.879 12.768    0.051 0.033 0.029 0.033 0.037  A 32013
   2184.80939 12.450 12.521 12.577 12.541 12.459    0.039 0.034 0.028 0.031 0.037  A 34154
   2185.85084 12.676 12.645 12.666 12.626 12.672    0.042 0.039 0.033 0.036 0.039  A 34360
   2189.82406 12.676 12.657 12.659 12.609 12.582    0.041 0.036 0.030 0.034 0.034  A 34839
   2192.76924 12.541 12.593 12.576 12.512 12.461    0.050 0.034 0.028 0.030 0.033  A 35348
   2193.88167 12.608 12.609 12.634 12.591 12.493    0.037 0.033 0.027 0.030 0.034  A 35576
   2195.75861 12.513 12.501 12.505 12.504 12.454    0.061 0.060 0.063 0.076 0.090  D 35880
   2197.77754 12.606 12.693 12.770 12.830 12.713    0.053 0.043 0.038 0.042 0.048  A 36197
   2198.86855 12.655 12.685 12.649 12.621 12.578    0.042 0.035 0.029 0.031 0.033  A 36416
   2200.77314 12.614 12.703 12.706 12.661 12.606    0.046 0.037 0.029 0.030 0.033  A 36623
   2201.86192 12.686 12.683 12.727 12.743 12.759    0.044 0.040 0.032 0.035 0.034  A 36841
   2208.73590 12.741 12.757 12.739 12.709 12.668    0.042 0.034 0.028 0.030 0.034  A 37721
   2213.74940 12.700 12.724 12.731 12.655 12.660    0.044 0.038 0.031 0.035 0.037  A 38136
   2214.75662 12.582 12.613 12.617 12.609 12.632    0.046 0.041 0.035 0.039 0.040  A 38288
   2215.81583 12.461 12.535 12.550 12.571 12.508    0.049 0.044 0.038 0.044 0.043  A 38482
   2216.76265 12.741 12.756 12.884 12.944 13.022    0.049 0.044 0.036 0.040 0.040  A 38625
   2217.78569 12.580 12.678 12.636 12.585 12.567    0.048 0.042 0.034 0.040 0.040  A 38803
   2224.74148 12.708 12.791 12.780 12.715 12.642    0.043 0.040 0.033 0.039 0.037  A 39393
   2225.78388 12.697 12.675 12.705 12.682 12.643    0.048 0.041 0.033 0.040 0.039  A 39573
   2226.75884 12.712 12.725 12.655 12.596 12.572    0.047 0.043 0.034 0.039 0.039  A 39715
   2227.79129 12.800 12.729 12.758 12.731 12.733    0.058 0.049 0.041 0.047 0.047  A 39882
   2228.73563 12.721 12.749 12.793 12.786 12.774    0.051 0.045 0.037 0.042 0.042  A 40023
   2229.75220 12.652 12.636 12.671 12.702 12.671    0.052 0.046 0.037 0.044 0.044  A 40193
   2230.74260 12.691 12.733 12.739 12.722 12.681    0.047 0.041 0.033 0.039 0.038  A 40354
   2232.72432 12.664 12.766 12.837 12.852 12.784    0.044 0.039 0.031 0.035 0.035  A 40512
   2233.73375 12.708 12.859 12.836 12.846 12.818    0.049 0.043 0.047 0.058 0.040  A 40673
   2234.74815 12.989 12.905 12.927 12.954 12.908    0.051 0.045 0.036 0.043 0.042  A 40837
   2235.72136 12.738 12.795 12.743 12.677 12.668    0.044 0.039 0.032 0.036 0.036  A 40981
   2236.71845 12.885 12.848 12.815 12.764 12.722    0.050 0.044 0.037 0.044 0.042  A 41139
   2237.74283 12.718 12.660 12.663 12.640 12.586    0.053 0.046 0.039 0.046 0.044  A 41309
   2239.70603 12.716 12.686 12.721 12.735 12.704    0.055 0.047 0.040 0.048 0.047  A 41452
   2240.71808 12.802 12.733 12.718 12.737 12.758    0.052 0.044 0.036 0.042 0.042  A 41615
   2241.72846 12.613 12.594 12.619 12.576 12.629    0.051 0.045 0.037 0.044 0.043  A 41779
   2242.71410 12.943 12.954 12.939 12.926 12.982    0.055 0.050 0.040 0.045 0.046  A 41934
   2243.70086 12.810 12.762 12.742 12.752 12.718    0.062 0.051 0.043 0.052 0.052  A 42084
   2260.68319 12.659 12.713 12.741 12.744 12.751    0.078 0.062 0.049 0.055 0.055  B 44258
   3448.60311 12.765 12.776 12.743 12.656 12.533    0.086 0.046 0.041 0.045 0.048  B 134898
   3450.59832 12.667 12.643 12.591 12.488 12.369    0.063 0.040 0.034 0.037 0.042  A 135232
   3453.57532 12.750 12.772 12.842 12.908 12.907    0.075 0.035 0.037 0.045 0.053  B 135623
#ndata= 76
#dataset= 5 ; 1 F0636-32_169
#desig= 062137-3735.1
#cra=    6.360408  06:21:37.5
#cdec= -37.584353 -37:35:03.7
#class= 0
#cmag_0= 12.704
#cmer_0=  0.139
#nskip_0= 0
#cmag_1= 12.713
#cmer_1=  0.138
#nskip_1= 0
#cmag_2= 12.671
#cmer_2=  0.140
#nskip_2= 0
#cmag_3= 12.595
#cmer_3=  0.142
#nskip_3= 0
#cmag_4= 12.520
#cmer_4=  0.149
#nskip_4= 0
#ra=    6.360408  06:21:37.5
#dec= -37.584353 -37:35:03.7
#     HJD      MAG_0  MAG_1  MAG_2  MAG_3  MAG_4    MER_0 MER_1 MER_2 MER_3 MER_4 GRADE FRAME
   1878.74174 12.632 12.631 12.570 12.471 12.376    0.042 0.033 0.032 0.037 0.040  A 1689
   1880.72719 12.566 12.532 12.520 12.433 12.363    0.058 0.039 0.037 0.043 0.046  A 1993
   1889.70873 12.560 12.575 12.604 12.553 12.463    0.048 0.040 0.040 0.047 0.051  A 3094
   1954.56194 12.513 12.512 12.507 12.460 12.383    0.051 0.046 0.041 0.046 0.047  A 9818
   2167.81100 12.791 12.796 12.791 12.729 12.639    0.051 0.040 0.039 0.045 0.050  A 32174
   2168.89485 12.727 12.697 12.691 12.631 12.558    0.052 0.041 0.038 0.042 0.045  A 32377
   2171.84574 12.601 12.657 12.665 12.557 12.456    0.055 0.043 0.043 0.049 0.053  A 32694
   2173.82590 12.765 12.740 12.769 12.696 12.694    0.055 0.043 0.040 0.045 0.049  A 33063
   2183.82964 12.633 12.546 12.518 12.410 12.298    0.053 0.046 0.040 0.045 0.050  A 33973
   2184.83387 12.471 12.546 12.546 12.486 12.465    0.054 0.044 0.040 0.047 0.050  A 34165
   2185.88744 12.669 12.641 12.600 12.595 12.588    0.052 0.048 0.043 0.048 0.051  A 34376
   2189.84369 12.611 12.642 12.686 12.649 12.540    0.051 0.044 0.039 0.043 0.047  A 34848
   2191.79396 12.442 12.474 12.453 12.372 12.227    0.052 0.042 0.038 0.043 0.047  A 35183
   2193.77863 12.479 12.523 12.554 12.452 12.415    0.051 0.041 0.037 0.042 0.044  A 35532
   2194.87942 12.725 12.693 12.669 12.603 12.589    0.051 0.046 0.041 0.045 0.047  A 35756
   2196.83082 12.588 12.567 12.569 12.525 12.452    0.053 0.043 0.038 0.042 0.045  A 36044
   2198.77342 12.613 12.557 12.530 12.502 12.459    0.051 0.041 0.038 0.042 0.046  A 36375
   2199.89163 12.434 12.508 12.523 12.534 12.414    0.072 0.068 0.068 0.081 0.089  D 36605
   2201.79911 12.521 12.567 12.554 12.473 12.386    0.052 0.043 0.039 0.044 0.047  A 36814
   2203.77458 12.672 12.643 12.685 12.689 12.742    0.051 0.045 0.041 0.047 0.049  A 37145
   2208.76727 12.723 12.742 12.755 12.611 12.444    0.066 0.056 0.056 0.063 0.072  A 37735
   2212.73042 12.746 12.637 12.545 12.455 12.340    0.055 0.049 0.045 0.050 0.054  A 37959
   2213.77587 12.750 12.734 12.683 12.568 12.408    0.052 0.048 0.043 0.049 0.051  A 38148
   2215.72609 12.763 12.748 12.749 12.698 12.542    0.053 0.048 0.043 0.050 0.052  A 38443
   2216.77326 12.734 12.786 12.827 12.761 12.726    0.054 0.051 0.044 0.051 0.054  A 38630
   2219.74705 29.999 29.999 29.999 29.999 29.999    0.086 0.080 0.078 0.089 0.099  D 38960
   2222.71079 12.695 12.728 12.691 12.593 12.578    0.056 0.052 0.047 0.053 0.052  A 39216
   2224.76790 12.805 12.761 12.733 12.631 12.566    0.055 0.050 0.043 0.048 0.047  A 39405
   2225.82851 12.728 12.747 12.717 12.658 12.582    0.056 0.050 0.044 0.052 0.053  A 39592
   2227.70556 12.665 12.721 12.702 12.560 12.498    0.057 0.053 0.047 0.053 0.051  A 39845
   2228.75768 12.783 12.681 12.629 12.493 12.403    0.059 0.053 0.047 0.055 0.055  A 40033
   2229.79076 12.717 12.737 12.750 12.697 12.547    0.062 0.055 0.047 0.055 0.054  A 40210
   2230.76066 12.708 12.695 12.662 12.612 12.497    0.057 0.052 0.044 0.051 0.050  A 40362
   2232.76682 12.937 12.957 13.000 12.913 12.750    0.054 0.049 0.041 0.048 0.049  A 40531
   2233.80784 12.690 12.744 12.769 12.688 12.569    0.059 0.053 0.046 0.055 0.054  A 40705
   2234.77338 12.827 12.833 12.831 12.770 12.710    0.059 0.054 0.047 0.054 0.052  A 40848
   2236.78004 12.792 12.844 12.824 12.712 12.598    0.065 0.056 0.049 0.057 0.057  A 41166
   2240.74270 12.782 12.758 12.750 12.693 12.607    0.062 0.055 0.048 0.056 0.057  A 41626
   2244.76095 12.684 12.668 12.698 12.606 12.541    0.077 0.067 0.059 0.068 0.069  B 42231
   2247.73010 12.722 12.703 12.709 12.710 12.657    0.076 0.066 0.059 0.066 0.067  B 42372
   2248.72296 12.796 12.798 12.809 12.724 12.546    0.074 0.064 0.056 0.063 0.065  B 42535
   2249.72407 12.783 12.779 12.732 12.587 12.534    0.068 0.058 0.052 0.062 0.064  A 42732
   2250.72499 12.802 12.848 12.856 12.751 12.631    0.071 0.061 0.052 0.061 0.061  B 42893
   2251.72132 12.820 12.859 12.837 12.718 12.651    0.077 0.065 0.056 0.065 0.065  B 43053
   2252.71133 12.867 12.947 12.960 12.903 12.838    0.072 0.062 0.053 0.061 0.060  B 43211
   2253.71057 12.812 12.908 12.983 12.956 12.829    0.072 0.060 0.054 0.060 0.062  B 43372
   2254.71138 12.848 12.809 12.801 12.709 12.592    0.074 0.062 0.055 0.064 0.064  B 43501
   2256.70665 12.846 12.859 12.794 12.664 12.547    0.087 0.071 0.060 0.068 0.070  B 43817
   2257.71714 12.922 12.979 12.973 12.978 12.948    0.079 0.066 0.057 0.063 0.066  B 43983
   2260.69664 12.811 12.886 12.863 12.755 12.634    0.078 0.068 0.059 0.067 0.068  B 44264
   2264.69016 12.809 12.889 12.807 12.695 12.606    0.084 0.069 0.060 0.065 0.066  B 44843
   3358.68788 12.387 12.404 12.398 12.312 12.245    0.057 0.040 0.041 0.047 0.050  A 124712
   3365.72046 12.624 12.612 12.605 12.588 12.487    0.047 0.043 0.046 0.053 0.058  A 125080
   3382.65796 13.020 12.981 12.985 12.935 12.743    0.088 0.053 0.050 0.056 0.059  B 125634
   3384.68825 29.999 29.999 29.999 29.999 29.999    0.085 0.088 0.104 0.130 0.147  D 125902
   3391.59543 13.133 13.075 13.098 13.041 12.957    0.071 0.057 0.057 0.066 0.069  A 126825
   3398.80525 12.923 12.880 12.840 12.635 12.477    0.054 0.040 0.043 0.051 0.057  A 127692
   3450.62508 12.846 12.783 12.786 12.708 12.779    0.074 0.054 0.044 0.051 0.057  A 135241
   3453.58915 12.616 12.701 12.742 12.740 12.702    0.076 0.050 0.050 0.058 0.065  A 135628
   3603.91076 12.765 12.767 12.804 12.804 12.802    0.050 0.042 0.042 0.051 0.054  A 155975
   3625.90293 29.999 29.999 29.999 29.999 29.999    0.043 0.044 0.045 0.052 0.056  C 158258
   4145.73133 12.834 12.814 12.807 12.683 12.530    0.048 0.039 0.041 0.049 0.052  A 214294
   4147.75177 12.797 12.817 12.884 12.889 12.872    0.067 0.053 0.056 0.064 0.069  A 214605
   4303.93796 12.636 12.770 12.785 12.705 12.593    0.058 0.055 0.051 0.058 0.064  A 232873
   4308.93597 12.570 12.524 12.423 12.302 12.301    0.053 0.054 0.059 0.072 0.083  A 233753
   4332.89118 12.625 12.693 12.693 12.580 12.576    0.070 0.053 0.053 0.060 0.066  A 235763
   4339.89857 12.646 12.674 12.693 12.574 12.470    0.043 0.044 0.040 0.047 0.051  A 236679
   4343.87183 12.760 12.738 12.693 12.588 12.416    0.053 0.048 0.050 0.059 0.063  A 237359
   4347.88343 12.511 12.580 12.578 12.507 12.580    0.068 0.051 0.049 0.055 0.060  A 238044
   4351.87336 12.743 12.732 12.624 12.334 12.182    0.060 0.064 0.070 0.084 0.098  D 238679
   4355.86227 12.749 12.732 12.692 12.576 12.507    0.041 0.040 0.039 0.045 0.049  A 239252
   4359.85434 12.575 12.568 12.575 12.538 12.518    0.054 0.053 0.056 0.065 0.076  A 239869
   4363.83554 12.458 12.525 12.485 12.409 12.360    0.048 0.046 0.043 0.049 0.053  A 240407
   4376.85318 12.544 12.449 12.411 12.360 12.297    0.049 0.042 0.043 0.051 0.054  A 242197
   4379.88714 12.475 12.470 12.461 12.350 12.329    0.044 0.042 0.042 0.049 0.056  A 242657
   4386.85410 12.743 12.688 12.678 12.565 12.489    0.043 0.042 0.038 0.043 0.046  A 243726
