#ndata= 152
#dataset= 1 ; 1 F0136+08_381
#desig= 015113+0810.0
#cra=    1.853531  01:51:12.7
#cdec=   8.167271 08:10:02.2
#class= 0
#cmag_0= 11.454
#cmer_0=  0.097
#nskip_0= 1
#cmag_1= 11.455
#cmer_1=  0.097
#nskip_1= 0
#cmag_2= 11.458
#cmer_2=  0.094
#nskip_2= 0
#cmag_3= 11.459
#cmer_3=  0.094
#nskip_3= 0
#cmag_4= 11.460
#cmer_4=  0.096
#nskip_4= 0
#ra=    1.853531  01:51:12.7
#dec=   8.167271 08:10:02.2
#     HJD      MAG_1  MAG_0  MAG_2  MAG_3  MAG_4    MER_1 MER_0 MER_2 MER_3 MER_4 GRADE FRAME
   1900.61281 11.493 11.485 11.502 11.511 11.512    0.029 0.052 0.022 0.024 0.025  A 3341
   1915.54049 11.525 11.508 11.529 11.528 11.524    0.027 0.053 0.023 0.027 0.031  A 4887
   1920.55822 11.496 11.540 11.478 11.474 11.475    0.028 0.048 0.023 0.026 0.029  A 5428
   1924.54066 11.549 11.558 11.558 11.560 11.569    0.028 0.046 0.023 0.024 0.027  A 6065
   1928.53914 11.567 11.565 11.572 11.574 11.575    0.029 0.046 0.021 0.022 0.025  A 6735
   2439.92877 11.414 11.390 11.423 11.415 11.416    0.030 0.028 0.021 0.020 0.021  A 7971
   2445.91540 11.494 11.498 11.502 11.494 11.498    0.024 0.026 0.018 0.019 0.020  A 9218
   2453.87719 11.635 11.673 11.629 11.605 11.604    0.034 0.031 0.025 0.027 0.028  A 9737
   2453.90243 11.591 11.591 11.584 11.610 11.618    0.047 0.045 0.040 0.043 0.045  A 9748
   2466.87389 11.606 11.591 11.610 11.612 11.619    0.032 0.031 0.023 0.024 0.022  A 11382
   2468.89190 11.606 11.583 11.561 11.560 11.543    0.032 0.030 0.024 0.025 0.025  A 11825
   2471.86235 11.428 11.415 11.440 11.439 11.418    0.035 0.034 0.029 0.033 0.027  A 12574
   2474.85627 11.398 11.414 11.388 11.374 11.374    0.039 0.036 0.030 0.030 0.026  A 12893
   2526.90379 11.323 11.315 11.315 11.364 11.364    0.037 0.038 0.030 0.037 0.033  A 18956
   2578.75590 11.483 11.470 11.502 11.526 11.523    0.028 0.029 0.021 0.022 0.022  A 24995
   2625.53148 11.398 11.449 11.401 11.403 11.404    0.032 0.035 0.028 0.030 0.032  A 30368
   2628.55331 11.344 11.339 11.345 11.337 11.346    0.029 0.033 0.026 0.029 0.033  A 30684
   2635.56164 11.466 11.434 11.475 11.481 11.469    0.026 0.032 0.020 0.021 0.022  A 32194
   2637.58278 11.300 11.259 11.312 11.316 11.311    0.031 0.049 0.021 0.021 0.022  A 32495
   2639.58807 11.322 11.300 11.344 11.344 11.337    0.024 0.044 0.019 0.021 0.023  A 32805
   2641.59528 11.327 11.343 11.360 11.357 11.376    0.029 0.037 0.019 0.019 0.021  A 33091
   2643.59075 11.377 11.342 11.381 11.372 11.380    0.024 0.036 0.019 0.020 0.022  A 33401
   2645.57908 11.391 11.435 11.409 11.413 11.415    0.031 0.037 0.022 0.023 0.025  A 33693
   2652.55436 11.388 11.363 11.401 11.395 11.361    0.023 0.033 0.022 0.025 0.028  A 34550
   2654.57594 11.357 11.367 11.350 11.348 11.338    0.023 0.033 0.021 0.023 0.027  A 34869
   2658.55206 11.376 11.378 11.366 11.353 11.363    0.023 0.024 0.021 0.024 0.026  A 35563
   2660.55913 11.452 11.396 11.461 11.473 11.477    0.019 0.022 0.018 0.020 0.023  A 35906
   2662.55838 99.999 99.999 99.999 99.999 99.999    0.021 0.033 0.018 0.020 0.022  C 36247
   2664.55434 11.549 11.540 11.557 11.559 11.551    0.021 0.028 0.020 0.022 0.024  A 36589
   2667.53933 11.366 11.333 11.347 11.347 11.342    0.028 0.029 0.020 0.022 0.024  A 37063
   2672.52717 11.508 11.519 11.544 11.550 11.579    0.025 0.030 0.022 0.024 0.027  A 37878
   2830.87714 11.313 11.373 11.334 11.334 11.386    0.085 0.080 0.079 0.087 0.098  D 62607
   2833.91730 11.344 11.359 11.368 11.369 11.375    0.027 0.026 0.021 0.024 0.028  A 63231
   2838.88353 11.591 11.608 11.583 11.575 11.569    0.026 0.029 0.022 0.025 0.029  A 63999
   2844.88528 11.322 11.369 11.365 11.379 11.408    0.025 0.025 0.019 0.021 0.022  A 65107
   2851.91155 11.499 11.518 11.495 11.482 11.475    0.025 0.022 0.019 0.020 0.022  A 65558
   2854.82328 11.351 11.343 11.346 11.338 11.331    0.023 0.021 0.017 0.019 0.019  A 65961
   2858.82885 11.399 11.416 11.393 11.385 11.391    0.024 0.019 0.018 0.019 0.019  A 66403
   2860.82644 11.461 11.487 11.492 11.500 11.515    0.025 0.023 0.018 0.021 0.023  A 66831
   2862.81441 11.499 11.468 11.461 11.441 11.438    0.030 0.030 0.026 0.028 0.031  A 67241
   2875.85200 11.550 11.567 11.554 11.555 11.554    0.021 0.031 0.016 0.017 0.018  A 68641
   2877.80869 11.589 11.615 11.593 11.588 11.579    0.023 0.026 0.018 0.020 0.021  A 69021
   2884.71919 11.392 11.343 11.382 11.394 11.392    0.030 0.028 0.024 0.025 0.028  A 69853
   2893.70903 11.495 11.505 11.472 11.446 11.456    0.033 0.030 0.032 0.035 0.039  A 70908
   2897.78967 11.384 11.439 11.371 11.376 11.378    0.024 0.034 0.021 0.023 0.025  A 71733
   2899.77990 11.422 11.407 11.431 11.432 11.433    0.021 0.032 0.020 0.021 0.024  A 72092
   2902.77498 11.391 11.413 11.408 11.404 11.406    0.026 0.034 0.023 0.024 0.026  A 72569
   2905.71932 11.422 11.411 11.421 11.418 11.422    0.024 0.019 0.017 0.017 0.018  A 73014
   2910.70858 11.347 11.381 11.376 11.375 11.381    0.022 0.017 0.016 0.017 0.019  A 73752
   2912.73885 11.302 11.367 11.350 11.348 11.333    0.039 0.037 0.036 0.037 0.039  A 74142
   2915.72318 11.545 11.557 11.570 11.567 11.553    0.024 0.032 0.017 0.019 0.021  A 74420
   2917.68291 11.555 11.601 11.557 11.558 11.562    0.024 0.035 0.020 0.022 0.023  A 74782
   2926.66737 11.635 11.680 11.613 11.589 11.573    0.030 0.028 0.026 0.029 0.029  A 75827
   2930.69789 11.472 11.428 11.479 11.499 11.495    0.022 0.033 0.018 0.019 0.021  A 76563
   2932.69209 11.488 11.429 11.482 11.482 11.479    0.020 0.022 0.016 0.019 0.020  A 76916
   2934.68921 11.377 11.386 11.389 11.380 11.380    0.030 0.024 0.021 0.021 0.021  A 77269
   2936.69252 11.467 11.398 11.497 11.522 11.537    0.046 0.043 0.046 0.052 0.059  A 77621
   2939.74504 11.464 11.493 11.477 11.480 11.493    0.028 0.024 0.019 0.020 0.020  A 77859
   2942.79258 11.643 11.664 11.661 11.675 11.708    0.029 0.036 0.027 0.031 0.035  A 78264
   2944.63997 11.327 11.336 11.333 11.332 11.352    0.022 0.040 0.021 0.024 0.027  A 78525
   2945.68391 11.504 11.507 11.515 11.538 11.565    0.032 0.033 0.028 0.032 0.037  A 78723
   2952.63864 11.496 11.469 11.473 11.456 11.442    0.029 0.028 0.028 0.032 0.037  A 79685
   2954.64124 11.485 11.565 11.483 11.517 11.530    0.063 0.072 0.062 0.064 0.067  B 79941
   2955.65949 11.320 11.294 11.302 11.309 11.312    0.025 0.027 0.021 0.023 0.027  A 80095
   2958.63323 11.548 11.556 11.560 11.559 11.558    0.025 0.025 0.020 0.022 0.025  A 80520
   2962.63870 11.465 11.441 11.469 11.454 11.453    0.023 0.027 0.020 0.024 0.027  A 81061
   2964.64487 11.394 11.388 11.370 11.342 11.331    0.036 0.044 0.037 0.041 0.044  A 81346
   2966.64998 11.372 11.386 11.393 11.398 11.386    0.023 0.024 0.020 0.023 0.026  A 81634
   2968.65481 11.348 11.305 11.357 11.379 11.391    0.021 0.024 0.018 0.020 0.022  A 81911
   2970.67343 11.388 11.388 11.406 11.420 11.435    0.021 0.035 0.019 0.021 0.025  A 82138
   2972.66344 11.410 11.418 11.444 11.451 11.458    0.025 0.029 0.019 0.023 0.027  A 82395
   2975.56516 11.608 11.570 11.589 11.572 11.574    0.027 0.026 0.023 0.026 0.030  A 82685
   2979.56461 11.565 11.485 11.569 11.571 11.568    0.027 0.040 0.026 0.031 0.036  A 83226
   2981.59297 11.340 11.371 11.351 11.345 11.370    0.028 0.032 0.027 0.032 0.038  A 83491
   2983.60772 11.333 11.295 11.333 11.340 11.356    0.024 0.028 0.024 0.027 0.031  A 83765
   2985.61368 11.309 11.348 11.328 11.333 11.318    0.023 0.027 0.021 0.024 0.027  A 84031
   2987.63216 11.438 11.382 11.427 11.434 11.431    0.023 0.027 0.019 0.021 0.024  A 84303
   2989.67133 11.605 11.537 11.614 11.602 11.597    0.068 0.067 0.071 0.071 0.073  D 84535
   2992.58828 11.417 11.431 11.439 11.451 11.450    0.022 0.023 0.019 0.021 0.024  A 84899
   2994.61501 11.308 11.268 11.295 11.318 11.334    0.023 0.031 0.019 0.022 0.025  A 85173
   2996.64560 11.323 11.354 11.321 11.321 11.329    0.027 0.029 0.021 0.024 0.027  A 85447
   3001.61577 11.451 11.468 11.473 11.460 11.424    0.031 0.037 0.027 0.030 0.034  A 85979
   3007.55418 11.436 11.429 11.437 11.441 11.457    0.026 0.027 0.024 0.027 0.031  A 86688
   3010.58145 11.609 11.597 11.647 11.678 11.694    0.029 0.029 0.026 0.032 0.038  A 87088
   3012.57699 11.618 11.556 11.622 11.618 11.617    0.035 0.042 0.035 0.043 0.053  A 87351
   3016.56349 11.536 11.521 11.523 11.508 11.476    0.032 0.039 0.029 0.032 0.038  A 87714
   3018.57737 11.501 11.501 11.509 11.517 11.517    0.041 0.040 0.043 0.047 0.054  A 87991
   3025.54149 11.554 11.538 11.557 11.551 11.544    0.025 0.026 0.021 0.024 0.028  A 88390
   3035.53909 11.360 11.386 11.389 11.374 11.383    0.031 0.035 0.027 0.031 0.035  A 89217
   3180.91374 11.535 11.523 11.542 11.544 11.562    0.087 0.087 0.087 0.090 0.092  D 107438
   3185.92442 11.448 11.494 11.448 11.436 11.424    0.079 0.079 0.071 0.074 0.079  D 108031
   3190.93886 11.389 11.278 11.371 11.367 11.367    0.077 0.076 0.066 0.065 0.067  D 108710
   3268.75936 11.577 11.604 11.616 11.639 11.666    0.033 0.043 0.027 0.029 0.032  A 115530
   3270.73947 11.654 11.672 11.646 11.650 11.651    0.031 0.035 0.026 0.028 0.032  A 115828
   3272.76379 11.418 11.440 11.413 11.409 11.452    0.071 0.076 0.074 0.078 0.081  D 116104
   3280.74316 11.335 11.321 11.309 11.273 11.279    0.035 0.040 0.035 0.043 0.053  A 117131
   3326.61419 11.475 11.470 11.480 11.480 11.493    0.037 0.069 0.031 0.034 0.036  A 121099
   3383.55977 11.311 11.310 11.334 11.347 11.364    0.050 0.080 0.045 0.048 0.053  A 125730
   3394.55054 11.335 11.349 11.351 11.377 11.381    0.043 0.078 0.039 0.042 0.046  A 127110
   3397.54711 11.589 11.509 11.600 11.596 11.594    0.034 0.063 0.031 0.034 0.038  A 127470
   3401.52964 11.555 11.558 11.538 11.540 11.544    0.028 0.039 0.022 0.023 0.027  A 128027
   3405.52425 11.481 11.459 11.506 11.533 11.546    0.038 0.080 0.032 0.038 0.042  A 128527
   3544.92988 11.454 11.451 11.477 11.482 11.528    0.029 0.041 0.030 0.036 0.039  A 147800
   3560.93666 11.370 11.383 11.365 11.351 11.346    0.029 0.041 0.028 0.033 0.036  A 149662
   3564.91230 11.347 11.406 11.386 11.421 11.445    0.031 0.039 0.027 0.030 0.034  A 150341
   3569.93432 11.490 11.405 11.463 11.455 11.449    0.030 0.036 0.025 0.027 0.031  A 150676
   3573.86338 11.421 11.478 11.470 11.481 11.496    0.034 0.038 0.029 0.031 0.035  A 151187
   3581.90935 11.387 11.358 11.386 11.384 11.401    0.029 0.052 0.022 0.025 0.028  A 152543
   3584.86493 11.434 11.435 11.425 11.425 11.425    0.033 0.053 0.031 0.032 0.035  A 153081
   3590.84736 11.392 11.369 11.388 11.398 11.419    0.026 0.039 0.023 0.025 0.027  A 154082
   3597.84083 11.524 11.513 11.531 11.531 11.539    0.026 0.035 0.025 0.026 0.030  A 155198
   3601.78743 11.557 11.602 11.541 11.535 11.545    0.034 0.064 0.030 0.033 0.037  A 155606
   3617.80612 11.457 11.464 11.482 11.511 11.533    0.057 0.067 0.052 0.060 0.069  B 157190
   3620.78382 11.469 11.432 11.467 11.456 11.433    0.039 0.061 0.037 0.040 0.041  A 157636
   3622.80984 11.312 11.323 11.318 11.304 11.314    0.030 0.040 0.026 0.027 0.030  A 157962
   3625.84406 11.488 11.436 11.488 11.494 11.496    0.030 0.037 0.025 0.027 0.030  A 158236
   3629.73969 11.609 11.589 11.604 11.589 11.581    0.033 0.040 0.029 0.033 0.039  A 158651
   3634.77256 11.530 11.524 11.527 11.522 11.534    0.037 0.063 0.034 0.040 0.045  A 159420
   3637.76189 11.332 11.355 11.342 11.355 11.360    0.032 0.037 0.027 0.031 0.035  A 159752
   3640.75354 11.627 11.576 11.618 11.602 11.616    0.027 0.039 0.023 0.026 0.028  A 160053
   3643.70763 11.335 11.295 11.314 11.305 11.295    0.035 0.057 0.032 0.035 0.038  A 160476
   3646.74573 11.390 11.451 11.388 11.381 11.382    0.032 0.042 0.026 0.027 0.029  A 160799
   3651.72270 11.540 11.555 11.524 11.519 11.514    0.035 0.061 0.028 0.029 0.032  A 161475
   3653.72643 11.501 11.551 11.516 11.525 11.555    0.046 0.082 0.038 0.040 0.044  B 161778
   3655.67825 11.488 11.539 11.497 11.491 11.491    0.027 0.044 0.024 0.027 0.030  A 162032
   3657.69242 11.552 11.557 11.524 11.514 11.523    0.038 0.073 0.035 0.038 0.042  A 162336
   3662.69555 11.420 11.364 11.410 11.365 11.328    0.041 0.070 0.043 0.052 0.061  A 163084
   3664.72911 11.586 11.579 11.566 11.562 11.584    0.037 0.053 0.032 0.035 0.039  A 163385
   3668.65626 11.542 11.510 11.549 11.553 11.556    0.029 0.044 0.023 0.024 0.027  A 163835
   3670.69238 11.570 11.568 11.581 11.591 11.578    0.029 0.047 0.024 0.027 0.028  A 164131
   3672.77306 11.366 11.400 11.383 11.382 11.385    0.036 0.059 0.029 0.032 0.036  A 164443
   3675.61781 11.341 11.339 11.341 11.342 11.347    0.032 0.057 0.028 0.030 0.034  A 164824
   3677.73261 11.599 11.609 11.594 11.582 11.580    0.036 0.071 0.030 0.030 0.032  A 165146
   3700.58433 11.518 11.488 11.517 11.522 11.517    0.038 0.065 0.036 0.039 0.041  A 168022
   3702.71481 11.331 11.351 11.333 11.335 11.329    0.036 0.074 0.031 0.033 0.035  A 168325
   3705.61343 11.387 11.383 11.391 11.391 11.386    0.034 0.055 0.034 0.036 0.039  A 168698
   3707.69234 11.585 11.611 11.592 11.592 11.579    0.032 0.052 0.027 0.029 0.031  A 169000
   3717.54224 11.490 11.499 11.508 11.517 11.489    0.039 0.070 0.036 0.040 0.046  A 170051
   3720.55493 11.397 11.430 11.384 11.392 11.405    0.049 0.091 0.043 0.045 0.049  B 170408
   3722.60625 11.536 11.529 11.549 11.549 11.529    0.037 0.049 0.031 0.036 0.040  A 170685
   3725.59449 11.352 11.350 11.364 11.357 11.357    0.044 0.079 0.037 0.039 0.041  A 170986
   3727.62516 11.362 11.401 11.354 11.362 11.363    0.043 0.086 0.036 0.040 0.043  B 171270
   3731.57487 11.356 11.386 11.374 11.398 11.405    0.052 0.095 0.045 0.046 0.050  B 171663
   3734.60027 11.382 11.416 11.374 11.374 11.370    0.041 0.064 0.040 0.044 0.048  A 172061
   3737.59376 11.555 11.552 11.554 11.558 11.571    0.038 0.081 0.032 0.035 0.037  B 172472
   3744.58251 11.377 11.354 11.367 11.371 11.357    0.038 0.069 0.034 0.038 0.042  A 173394
   3747.58720 11.399 11.407 11.394 11.388 11.390    0.031 0.042 0.032 0.037 0.042  A 173797
   3752.56737 11.496 11.508 11.496 11.501 11.515    0.043 0.086 0.041 0.046 0.052  B 174493
   3755.54368 11.302 11.286 11.299 11.291 11.292    0.041 0.085 0.036 0.039 0.042  B 174888
   3758.54109 11.592 11.647 11.562 11.546 11.554    0.035 0.053 0.030 0.031 0.033  A 175310
   3764.53046 99.999 99.999 99.999 99.999 99.999    0.044 0.086 0.040 0.046 0.052  C 176118
   3909.92414 11.620 11.612 11.581 11.562 11.552    0.042 0.058 0.035 0.037 0.041  A 196472
#ndata= 144
#dataset= 2 ; 1 F0208+08_382
#desig= 015112+0810.1
#cra=    1.853453  01:51:12.4
#cdec=   8.167873 08:10:04.3
#class= 0
#cmag_0= 11.441
#cmer_0=  0.113
#nskip_0= 0
#cmag_1= 11.439
#cmer_1=  0.103
#nskip_1= 0
#cmag_2= 11.445
#cmer_2=  0.107
#nskip_2= 0
#cmag_3= 11.449
#cmer_3=  0.112
#nskip_3= 0
#cmag_4= 11.452
#cmer_4=  0.115
#nskip_4= 0
#ra=    1.853453  01:51:12.4
#dec=   8.167873 08:10:04.3
#     HJD      MAG_1  MAG_0  MAG_2  MAG_3  MAG_4    MER_1 MER_0 MER_2 MER_3 MER_4 GRADE FRAME
   2453.90243 11.585 11.586 11.583 11.614 11.622    0.050 0.052 0.044 0.048 0.050  A 9748
   2468.89190 11.584 11.567 11.558 11.560 11.542    0.038 0.039 0.028 0.029 0.030  A 11825
   2511.78741 11.495 11.435 11.550 11.571 11.539    0.049 0.051 0.043 0.049 0.050  A 17154
   2628.55331 11.342 11.332 11.345 11.335 11.350    0.029 0.034 0.026 0.030 0.034  A 30684
   2811.93042 11.381 11.347 11.371 11.355 11.352    0.034 0.028 0.025 0.027 0.030  A 60081
   2858.84282 11.382 11.397 11.313 11.246 11.237    0.025 0.022 0.019 0.020 0.021  A 66409
   2872.85051 11.344 11.385 11.376 11.378 11.388    0.026 0.025 0.018 0.020 0.022  A 68251
   2875.87206 11.556 11.587 11.560 11.557 11.550    0.023 0.043 0.018 0.018 0.020  A 68650
   2886.77906 11.420 11.401 11.422 11.424 11.427    0.035 0.038 0.026 0.028 0.030  A 70297
   2892.82227 11.538 11.530 11.551 11.540 11.519    0.024 0.038 0.021 0.025 0.029  A 70754
   2955.65949 11.312 11.288 11.300 11.311 11.316    0.031 0.037 0.028 0.033 0.040  A 80095
   3266.79290 11.559 11.544 11.583 11.576 11.582    0.033 0.037 0.030 0.035 0.041  A 115239
   3268.79492 11.562 11.570 11.573 11.567 11.579    0.032 0.036 0.029 0.032 0.037  A 115542
   3272.79035 11.409 11.433 11.417 11.417 11.448    0.029 0.037 0.028 0.034 0.041  A 116114
   3274.82102 11.292 11.280 11.314 11.359 11.357    0.049 0.054 0.052 0.057 0.063  A 116391
   3280.76445 11.282 11.275 11.278 11.259 11.226    0.032 0.045 0.031 0.040 0.046  A 117138
   3294.72256 11.573 11.544 11.565 11.569 11.564    0.037 0.043 0.027 0.027 0.028  A 118410
   3321.64998 99.999 99.999 99.999 99.999 99.999    0.026 0.038 0.026 0.030 0.033  C 120791
   3326.63672 11.564 11.706 11.543 11.518 11.528    0.046 0.086 0.044 0.048 0.051  B 121105
   3355.56366 11.303 11.278 11.313 11.315 11.326    0.032 0.056 0.029 0.032 0.034  A 124341
   3357.63022 11.334 11.269 11.356 11.376 11.389    0.049 0.099 0.042 0.044 0.046  B 124585
   3362.54160 11.574 11.515 11.592 11.630 11.638    0.052 0.086 0.043 0.047 0.052  B 124811
   3366.56010 11.386 11.468 11.379 11.391 11.396    0.059 0.102 0.052 0.056 0.060  B 125146
   3383.56305 11.377 11.373 11.385 11.386 11.400    0.039 0.067 0.037 0.043 0.050  A 125731
   3389.55362 11.415 11.395 11.402 11.385 11.359    0.046 0.088 0.041 0.044 0.047  B 126552
   3394.55456 11.350 11.355 11.355 11.361 11.349    0.039 0.080 0.034 0.038 0.043  A 127111
   3397.55035 11.582 11.595 11.598 11.616 11.632    0.028 0.043 0.028 0.031 0.037  A 127471
   3400.54568 11.292 11.253 11.302 11.297 11.274    0.029 0.050 0.026 0.029 0.032  A 127878
   3404.53499 11.400 11.447 11.393 11.387 11.389    0.034 0.071 0.027 0.029 0.031  A 128370
   3410.52694 11.586 11.545 11.598 11.594 11.605    0.036 0.057 0.034 0.038 0.041  A 129310
   3570.90908 11.452 11.454 11.462 11.465 11.464    0.029 0.040 0.026 0.029 0.034  A 150849
   3574.90915 11.549 11.548 11.549 11.550 11.547    0.033 0.038 0.029 0.033 0.038  A 151379
   3582.92832 11.477 11.441 11.509 11.540 11.551    0.030 0.046 0.031 0.037 0.042  A 152749
   3585.88445 11.457 11.432 11.455 11.461 11.477    0.040 0.073 0.035 0.038 0.041  A 153264
   3588.92083 11.273 11.239 11.294 11.311 11.331    0.030 0.043 0.028 0.031 0.034  A 153759
   3591.87192 11.608 11.573 11.641 11.675 11.695    0.029 0.045 0.027 0.030 0.034  A 154264
   3599.86522 11.443 11.450 11.435 11.436 11.435    0.025 0.034 0.024 0.029 0.034  A 155313
   3602.84973 11.506 11.512 11.536 11.545 11.586    0.039 0.047 0.043 0.053 0.062  A 155803
   3620.80860 11.293 11.321 11.291 11.279 11.277    0.038 0.076 0.036 0.039 0.042  A 157644
   3624.78485 11.343 11.340 11.341 11.335 11.322    0.033 0.038 0.027 0.029 0.032  A 158095
   3629.76906 11.540 11.511 11.530 11.504 11.489    0.032 0.038 0.030 0.035 0.040  A 158661
   3631.79038 11.389 11.438 11.369 11.369 11.386    0.034 0.046 0.032 0.038 0.044  A 159005
   3638.82907 11.477 11.458 11.475 11.472 11.479    0.031 0.035 0.025 0.027 0.031  A 159841
   3641.75524 11.316 11.284 11.325 11.311 11.328    0.053 0.071 0.037 0.038 0.042  A 160216
   3644.72610 11.582 11.521 11.597 11.616 11.619    0.035 0.048 0.034 0.039 0.045  A 160636
   3651.70378 11.446 11.401 11.470 11.477 11.459    0.027 0.044 0.025 0.029 0.033  A 161468
   3655.71957 11.619 11.660 11.637 11.674 11.695    0.028 0.043 0.025 0.028 0.034  A 162046
   3657.72022 11.508 11.472 11.551 11.572 11.581    0.039 0.062 0.036 0.040 0.045  A 162346
   3662.71899 11.431 11.488 11.432 11.432 11.399    0.046 0.072 0.045 0.056 0.066  A 163092
   3664.75510 11.720 11.813 11.739 11.742 11.769    0.036 0.067 0.034 0.038 0.042  A 163394
   3668.67105 11.511 11.476 11.537 11.540 11.541    0.032 0.056 0.025 0.027 0.030  A 163840
   3670.70383 11.565 11.551 11.590 11.615 11.628    0.028 0.037 0.024 0.026 0.028  A 164135
   3672.80203 11.318 11.304 11.324 11.323 11.328    0.031 0.047 0.027 0.031 0.036  A 164453
   3675.64250 11.311 11.268 11.330 11.352 11.377    0.042 0.090 0.036 0.037 0.039  B 164832
   3677.77416 11.522 11.470 11.563 11.583 11.588    0.042 0.082 0.035 0.037 0.038  A 165160
   3700.70153 11.370 11.307 11.389 11.409 11.426    0.047 0.086 0.039 0.041 0.043  B 168060
   3703.60787 11.423 11.539 11.418 11.406 11.421    0.040 0.081 0.033 0.035 0.038  A 168416
   3705.72431 11.598 11.568 11.625 11.621 11.584    0.041 0.072 0.039 0.045 0.053  A 168734
   3708.62360 11.318 11.288 11.335 11.332 11.333    0.034 0.055 0.030 0.031 0.034  A 169115
   3712.60273 11.299 11.260 11.322 11.332 11.323    0.031 0.061 0.027 0.031 0.034  A 169391
   3717.56631 11.516 11.531 11.536 11.542 11.552    0.034 0.058 0.035 0.043 0.051  A 170059
   3720.56616 11.307 11.313 11.302 11.297 11.279    0.042 0.079 0.036 0.039 0.044  A 170412
   3722.61927 11.503 11.547 11.511 11.499 11.516    0.043 0.082 0.039 0.042 0.048  A 170689
   3725.60300 11.287 11.321 11.272 11.258 11.254    0.049 0.090 0.043 0.045 0.049  B 170989
   3727.63171 11.316 11.355 11.322 11.342 11.375    0.046 0.091 0.040 0.043 0.048  B 171272
   3731.58055 11.429 11.496 11.436 11.452 11.469    0.046 0.089 0.040 0.044 0.048  B 171665
   3734.61304 11.343 11.288 11.337 11.298 11.299    0.047 0.073 0.047 0.055 0.063  A 172065
   3737.60371 11.520 11.512 11.530 11.528 11.518    0.035 0.056 0.030 0.032 0.034  A 172475
   3739.63093 11.545 11.502 11.562 11.570 11.561    0.043 0.088 0.037 0.039 0.043  B 172766
   3745.57248 11.538 11.534 11.526 11.489 11.481    0.037 0.067 0.034 0.040 0.048  A 173534
   3748.57202 11.389 11.342 11.354 11.315 11.281    0.040 0.075 0.039 0.047 0.054  A 173932
   3751.59212 11.280 11.279 11.290 11.283 11.274    0.039 0.064 0.040 0.047 0.053  A 174362
   3754.57754 11.618 11.666 11.636 11.663 11.676    0.040 0.073 0.037 0.043 0.050  A 174767
   3757.55488 11.319 11.248 11.318 11.309 11.308    0.042 0.069 0.041 0.046 0.051  A 175174
   3760.54766 11.469 11.502 11.481 11.487 11.498    0.039 0.073 0.036 0.040 0.046  A 175596
   3763.54455 11.475 11.478 11.497 11.524 11.534    0.037 0.048 0.038 0.043 0.048  A 175984
   3766.53301 11.420 11.409 11.456 11.464 11.446    0.039 0.067 0.037 0.041 0.044  A 176404
   3772.52878 11.382 11.466 11.345 11.338 11.354    0.043 0.086 0.038 0.041 0.046  B 177184
   3909.93391 11.654 11.644 11.659 11.670 11.676    0.031 0.046 0.031 0.037 0.041  A 196476
   3983.79610 11.263 11.245 11.257 11.264 11.272    0.045 0.055 0.048 0.059 0.070  A 203662
   4091.58838 11.435 11.437 11.436 11.445 11.424    0.039 0.068 0.032 0.034 0.038  A 209365
   4103.60152 11.438 11.438 11.410 11.400 11.407    0.041 0.060 0.041 0.047 0.057  A 210579
   4105.62428 11.439 11.458 11.436 11.435 11.441    0.039 0.054 0.036 0.041 0.047  A 210816
   4109.58383 11.516 11.492 11.523 11.508 11.506    0.057 0.095 0.057 0.060 0.064  B 211227
   4127.53379 11.371 11.409 11.367 11.351 11.340    0.035 0.050 0.031 0.033 0.038  A 211760
   4133.53665 11.379 11.383 11.401 11.417 11.425    0.052 0.104 0.046 0.050 0.057  B 212551
   4147.51595 11.431 11.403 11.481 11.542 11.584    0.037 0.052 0.036 0.043 0.052  A 214523
   4283.92819 11.573 11.600 11.562 11.541 11.545    0.048 0.061 0.048 0.055 0.060  A 229735
   4292.90147 11.748 11.677 11.763 11.735 11.725    0.071 0.068 0.067 0.068 0.071  D 230967
   4296.89410 11.592 11.624 11.568 11.545 11.538    0.043 0.050 0.040 0.045 0.052  A 231659
   4300.89166 11.556 11.552 11.576 11.601 11.620    0.046 0.058 0.040 0.042 0.047  A 232371
   4303.91069 11.550 11.607 11.543 11.564 11.571    0.045 0.052 0.042 0.048 0.051  A 232863
   4306.87781 11.303 11.324 11.308 11.315 11.323    0.042 0.050 0.042 0.047 0.050  A 233401
   4310.85315 11.327 11.311 11.313 11.289 11.281    0.036 0.042 0.031 0.035 0.038  A 233970
   4314.86380 11.359 11.384 11.360 11.359 11.362    0.035 0.042 0.030 0.035 0.039  A 234456
   4319.88305 11.243 11.253 11.261 11.284 11.298    0.050 0.055 0.047 0.050 0.054  A 235069
   4329.89193 11.552 11.537 11.551 11.553 11.573    0.041 0.046 0.037 0.039 0.044  A 235226
   4331.87031 11.566 11.540 11.546 11.516 11.504    0.060 0.069 0.063 0.067 0.071  D 235577
   4333.84197 11.494 11.516 11.494 11.499 11.523    0.036 0.043 0.031 0.033 0.037  A 235927
   4336.84086 11.336 11.369 11.347 11.354 11.351    0.034 0.039 0.027 0.032 0.033  A 236271
   4339.81544 11.558 11.587 11.552 11.528 11.504    0.054 0.052 0.053 0.057 0.063  A 236649
   4341.81657 11.509 11.494 11.544 11.592 11.596    0.034 0.041 0.031 0.034 0.039  A 236985
   4347.85568 11.513 11.525 11.547 11.575 11.585    0.081 0.087 0.082 0.085 0.087  D 238033
   4350.78747 11.477 11.530 11.479 11.474 11.458    0.039 0.057 0.034 0.038 0.041  A 238497
   4353.78774 11.342 11.358 11.342 11.343 11.337    0.032 0.039 0.025 0.028 0.031  A 238908
   4355.84934 11.429 11.480 11.412 11.397 11.395    0.032 0.040 0.027 0.030 0.034  A 239245
   4358.76845 11.527 11.542 11.540 11.550 11.549    0.038 0.043 0.032 0.034 0.036  A 239673
   4361.75590 11.398 11.443 11.425 11.442 11.450    0.033 0.038 0.026 0.028 0.030  A 240064
   4363.76679 11.470 11.498 11.468 11.467 11.485    0.036 0.041 0.028 0.029 0.033  A 240382
   4365.75609 11.510 11.495 11.510 11.502 11.500    0.034 0.041 0.027 0.029 0.032  A 240690
   4368.71998 11.338 11.374 11.343 11.344 11.380    0.053 0.057 0.049 0.054 0.060  A 241012
   4373.76964 11.436 11.395 11.439 11.453 11.460    0.034 0.046 0.032 0.038 0.045  A 241810
   4376.76219 11.498 11.496 11.519 11.530 11.540    0.033 0.040 0.030 0.034 0.039  A 242165
   4379.70864 11.420 11.421 11.429 11.439 11.458    0.033 0.042 0.027 0.030 0.034  A 242596
   4381.75179 11.375 11.375 11.385 11.399 11.413    0.040 0.046 0.038 0.042 0.047  A 242911
   4384.70059 11.529 11.520 11.537 11.538 11.527    0.039 0.047 0.033 0.037 0.042  A 243349
   4386.73428 11.565 11.557 11.542 11.529 11.515    0.032 0.038 0.027 0.031 0.037  A 243684
   4392.69968 11.384 11.400 11.392 11.395 11.396    0.040 0.067 0.034 0.036 0.040  A 244535
   4400.69849 11.345 11.344 11.317 11.252 11.210    0.054 0.065 0.060 0.074 0.090  D 244990
   4403.72782 11.414 11.346 11.433 11.447 11.391    0.042 0.070 0.035 0.039 0.042  A 245289
   4407.72397 11.372 11.281 11.412 11.435 11.435    0.043 0.062 0.038 0.041 0.047  A 245607
   4410.65570 11.356 11.337 11.361 11.346 11.356    0.041 0.070 0.035 0.039 0.044  A 245973
   4413.69255 11.339 11.380 11.348 11.361 11.367    0.035 0.042 0.028 0.030 0.033  A 246266
   4420.64319 11.513 11.579 11.476 11.443 11.428    0.042 0.056 0.042 0.048 0.054  A 246460
   4422.68567 11.212 11.326 11.186 11.187 11.211    0.033 0.054 0.028 0.031 0.035  A 246670
   4428.61806 11.348 11.380 11.357 11.357 11.384    0.040 0.056 0.037 0.044 0.053  A 247168
   4430.68305 11.371 11.354 11.397 11.421 11.422    0.038 0.054 0.035 0.041 0.048  A 247426
   4432.71288 11.519 11.476 11.533 11.547 11.557    0.031 0.044 0.026 0.030 0.033  A 247692
   4435.59324 11.480 11.452 11.502 11.514 11.499    0.043 0.081 0.035 0.038 0.041  A 248017
   4437.70168 11.296 11.253 11.318 11.321 11.339    0.041 0.065 0.033 0.035 0.039  A 248300
   4440.57962 11.425 11.383 11.432 11.442 11.451    0.042 0.069 0.034 0.035 0.037  A 248644
   4443.60281 11.337 11.317 11.353 11.362 11.358    0.036 0.041 0.034 0.036 0.039  A 248970
   4455.57171 11.511 11.431 11.514 11.488 11.505    0.050 0.077 0.051 0.061 0.071  A 250316
   4458.55420 11.420 11.478 11.396 11.371 11.383    0.046 0.071 0.041 0.048 0.056  A 250668
   4461.55873 11.549 11.509 11.588 11.618 11.661    0.033 0.047 0.027 0.030 0.034  A 251004
   4463.64109 11.353 11.287 11.378 11.393 11.397    0.038 0.059 0.031 0.032 0.036  A 251308
   4466.59463 11.490 11.475 11.506 11.527 11.511    0.039 0.057 0.034 0.036 0.040  A 251628
   4469.58532 11.324 11.355 11.337 11.354 11.363    0.038 0.066 0.038 0.043 0.049  A 251962
   4473.58626 11.357 11.390 11.379 11.399 11.402    0.040 0.063 0.038 0.044 0.049  A 252345
   4476.58118 11.480 11.515 11.467 11.456 11.463    0.052 0.077 0.053 0.058 0.061  A 252623
   4483.53335 11.550 11.593 11.560 11.572 11.571    0.037 0.052 0.036 0.044 0.054  A 253422
   4489.55450 11.509 11.479 11.531 11.556 11.541    0.042 0.072 0.036 0.039 0.045  A 254033
   4492.55025 11.424 11.451 11.417 11.418 11.411    0.041 0.062 0.035 0.039 0.043  A 254369
   4499.54403 11.304 11.287 11.320 11.319 11.313    0.047 0.079 0.041 0.043 0.046  A 254996
#ndata= 1
#dataset= 3 ; 1 F0208+16_427
#desig= 015113+0810.0
#cra=    1.853481  01:51:12.5
#cdec=   8.166716 08:10:00.2
#class= 0
#cmag_0= 11.225
#cmer_0=  0.000
#nskip_0= 0
#cmag_1= 11.228
#cmer_1=  0.000
#nskip_1= 0
#cmag_2= 11.226
#cmer_2=  0.000
#nskip_2= 0
#cmag_3= 11.210
#cmer_3=  0.000
#nskip_3= 0
#cmag_4= 11.252
#cmer_4=  0.000
#nskip_4= 0
#ra=    1.853481  01:51:12.5
#dec=   8.166716 08:10:00.2
#     HJD      MAG_1  MAG_0  MAG_2  MAG_3  MAG_4    MER_1 MER_0 MER_2 MER_3 MER_4 GRADE FRAME
   3366.62186 11.229 11.225 11.226 11.210 11.252    0.051 0.096 0.046 0.052 0.061  B 125165
